12random:0T:300 0.008396148681640625
12random:0T:300 0.004825115203857422
12random:0T:300 0.0054111480712890625
12random:0T:300 0.005233049392700195
1 0 13 86.16 0.0 -11 776.8499999999999 21 155 0.0 15724.324000000002 65.69 0.2573390007019043 0.2882293206841839 0.11470790629112322 0.0 0.0 0.3582089552238805 0.1216931216931217 232.308 0.0 0.0 0.6947435640628752 1.0666666666666667 
high [0.21703232858647195, 0.0, 0.18147674008343756, 0.13741457931146797, 0.24813761998463724, 0.1561348651913445, 0.17432102556648327, 0.1901766025662286, 0.15689842611019092, 0.1672044398585887, 0.08563777646849878, 0.10322667367675904, 0.0, 0.0, 0.0, 0.10650719225476017, 0.10802792529590999, 0.09407545188399134, 0.08735022927073079, 0.19524415600408684, 0.0]
low [0.3529395499761085, 0.3529395499761085, 0.3073288573942311, 0.3073288573942311, 0.3245144383654855, 0.4519180116597046, 0.21703232858647195, 0.2528517195872505, 0.19640752935744177, 0.19640752935744177, 0.2594936263850494, 0.2652240450325681, 0.2652240450325681, 0.3002102914621579, 0.37665592617447097, 0.37665592617447097, 0.37048746682091666, 0.47349703462054993, 0.47349703462054993, 0.4316218755697887, 0.4316218755697887, 0.4440523794306617, 0.4440523794306617, 0.41770188414591325, 0.41770188414591325, 0.0, 0.4082843054402654, 0.4300685033427886, 0.4391829105619837, 0.4391829105619837, 0.4129848618445048, 0.4129848618445048, 0.34663409475673557, 0.34663409475673557, 0.47064756876495767, 0.217565475821042, 0.18147674008343756, 0.361525604616313, 0.0, 0.30002994874597927, 0.0, 0.39709026990545554, 0.21492384034303422, 0.13741457931146797, 0.38807390666359265, 0.38807390666359265, 0.4243398313797601, 0.24813761998463724, 0.3590026873494392, 0.3590026873494392, 0.3156948018074775, 0.1561348651913445, 0.3636640487070275, 0.3636640487070275, 0.31800578589466466, 0.17432102556648327, 0.2949753375037354, 0.3198437064621503, 0.1901766025662286, 0.30123577663922957, 0.32208837245399147, 0.25333078085909716, 0.0, 0.3305636557235536, 0.0, 0.3250902024005445, 0.0, 0.4006102446760178, 0.21443627299953796, 0.15689842611019092, 0.4086591682948777, 0.21579864325687634, 0.1672044398585887, 0.4127934353665786, 0.21724790329798566, 0.31396465947254054, 0.0, 0.5512261505478038, 0.10826779463618039, 0.08563777646849878, 0.5534613448639236, 0.10904616453288973, 0.4987293509765814, 0.0, 0.4987293509765814, 0.0, 0.45485496019318206, 0.0, 0.5237496104540704, 0.11057104604879038, 0.10322667367675904, 0.389601126490114, 0.389601126490114, 0.0, 0.0, 0.3985877547382246, 0.3985877547382246, 0.0, 0.0, 0.3985877547382246, 0.3985877547382246, 0.0, 0.0, 0.5285729945221339, 0.11080027992532959, 0.10650719225476017, 0.10802792529590999, 0.45940102626830004, 0.0, 0.449867030455559, 0.0, 0.4656504922794383, 0.10928535706960839, 0.09407545188399134, 0.46333217315868386, 0.10848139934329691, 0.08735022927073079, 0.3681019441773844, 0.0, 0.3681019441773844, 0.0, 0.361525604616313, 0.361525604616313, 0.30002994874597927, 0.30002994874597927, 0.2646906804658078, 0.37189064927858095, 0.19524415600408684, 0.25900291086176974, 0.20118558774994755, 0.20118558774994755, 0.25333078085909716, 0.3305636557235536, 0.3250902024005445, 0.3075135873558039, 0.31396465947254054, 0.31396465947254054, 0.31396465947254054, 0.4850159233693513, 0.4850159233693513, 0.4987293509765814, 0.4987293509765814, 0.45485496019318206, 0.45485496019318206, 0.389601126490114, 0.3985877547382246, 0.0, 0.3985877547382246, 0.45940102626830004, 0.45940102626830004, 0.449867030455559, 0.403176675248323, 0.403176675248323, 0.3681019441773844, 0.3681019441773844]
12random:0T:600 0.005233049392700195
1 0 13 242.4 120.67 -1 3216.3599999999997 21 155 120.67 45662.10600000001 693.74 0.8080282211303711 0.41318702926691053 0.26147958864371657 0.18928922525945469 0.18928922525945469 0.4351924587588373 0.22807017543859653 1375.3919999999998 0.15789473684210525 0.10526315789473684 2.2043422476046826 1.663157894736842 
high [0.31561389724213224, 0.21748573369473517, 0.28725790386152267, 0.29287831549773885, 0.2986969819671678, 0.23723619762843814, 0.27772192714269406, 0.23918326414137453, 0.23478079724097092, 0.2401809689629919, 0.25650756763421684, 0.2425374926703056, 0.19030908082403483, 0.18928922525945469, 0.23772153405755372, 0.2747543299801835, 0.341861591437297, 0.2841665843156359, 0.28478990651874997, 0.2721395112944415, 0.27595855014640813]
low [0.3056021109874947, 0.3056021109874947, 0.2974450623778353, 0.2974450623778353, 0.31407794953114576, 0.6374366595679385, 0.31561389724213224, 0.28365401025335796, 0.2710116149298304, 0.2710116149298304, 0.2911050313577432, 0.29753352720682286, 0.29753352720682286, 0.29055543181837845, 0.32676652194526357, 0.32676652194526357, 0.32079644223081777, 0.3308110799090038, 0.3308110799090038, 0.31938152116583546, 0.31938152116583546, 0.3285795564292299, 0.3285795564292299, 0.33150169992235673, 0.6131840421243769, 0.21748573369473517, 0.32402760543399134, 0.31823209289800014, 0.32497636006089253, 0.32497636006089253, 0.32775811874439315, 0.32775811874439315, 0.3001423646204244, 0.3001423646204244, 0.605371767574519, 0.5747205734005774, 0.28725790386152267, 0.5133153154084632, 0.4138538976557242, 0.4921457652384033, 0.4168417297232616, 0.6207810245999593, 0.5940477141350649, 0.29287831549773885, 0.5803379027382835, 0.5803379027382835, 0.6778294753353671, 0.2986969819671678, 0.5627450950574482, 0.5627450950574482, 0.6252040507218318, 0.23723619762843814, 0.5798682537736609, 0.5798682537736609, 0.632215806179143, 0.27772192714269406, 0.5123030725511575, 0.617784709129387, 0.23918326414137453, 0.41565817038035086, 0.572419189805132, 0.45413023413203557, 0.330448980847576, 0.48476795716332527, 0.32799506098278874, 0.5074466342644112, 0.37798193611622005, 0.5321696460112895, 0.5541998200483506, 0.23478079724097092, 0.5388945093308934, 0.5564268341992354, 0.2401809689629919, 0.49144333094823883, 0.5341937271025717, 0.4894715467839308, 0.3733701427200627, 0.6452300177658431, 0.5227680246734954, 0.25650756763421684, 0.5754497422380755, 0.49121284504583373, 0.5906977340776679, 0.4208857557929453, 0.5834805948320683, 0.41787311781538145, 0.5568508081824907, 0.41484883801384986, 0.6648216830243943, 0.5383507474012464, 0.2425374926703056, 0.6009893722914804, 0.6009893722914804, 0.4859376846066585, 0.19030908082403483, 0.6051576207426228, 0.6051576207426228, 0.4859262216656338, 0.18928922525945469, 0.6242487579641098, 0.6242487579641098, 0.4932212460701013, 0.23772153405755372, 0.6857835872211269, 0.5459875180669919, 0.2747543299801835, 0.341861591437297, 0.5531178961426273, 0.44970610580917514, 0.55608294655332, 0.45302075610490994, 0.6275563540076059, 0.5338714768367808, 0.2841665843156359, 0.6270405861769078, 0.5335672030005084, 0.28478990651874997, 0.5319150665507972, 0.4593373320131345, 0.5077299700200311, 0.4099266491364124, 0.31303657511393806, 0.31303657511393806, 0.29038088898202413, 0.29038088898202413, 0.29693518839174365, 0.5807170266086206, 0.2721395112944415, 0.29055453707477347, 0.27760458682565536, 0.27760458682565536, 0.28419143056886226, 0.32077542392571007, 0.3146351968094362, 0.29762385136435926, 0.30386745492451955, 0.30386745492451955, 0.30386745492451955, 0.3388588093512723, 0.3388588093512723, 0.34843976438225205, 0.34843976438225205, 0.3365729990041596, 0.3365729990041596, 0.3092000314703431, 0.6394862608652069, 0.27595855014640813, 0.3163321097632393, 0.3399368912917664, 0.3399368912917664, 0.33288214671599115, 0.31997402522411084, 0.31997402522411084, 0.3187308739041134, 0.3187308739041134]
12random:0T:900 0.005233049392700195
1 0 13 371.44 205.4 -2 6068.230000000001 21 155 267.14 71957.14200000004 1212.88 1.2789032459259033 0.41983916382249975 0.32583002916066583 0.2801856719592127 0.22490341416084686 0.43566649511065364 0.27257799671592775 2480.29 0.10344827586206896 0.20689655172413793 2.6820287249011687 2.055172413793103 
high [0.3492791494288823, 0.3188996711050266, 0.33987237428931605, 0.3042991180440736, 0.3393209889962728, 0.3202149992744261, 0.30608694239153494, 0.29909051694100863, 0.2801856719592127, 0.3052596651155722, 0.29528787942220164, 0.3349470726617854, 0.2959104077766168, 0.3061205708518614, 0.3012655164710502, 0.3571367324479921, 0.43658003665686773, 0.36484990617514107, 0.31829029344849363, 0.339186951603614, 0.33034614731303324]
low [0.2370436703729886, 0.2370436703729886, 0.23527674624534145, 0.23527674624534145, 0.24843323147596819, 0.6996826277474276, 0.3492791494288823, 0.22943708674869986, 0.22490341416084686, 0.22490341416084686, 0.23546393817225733, 0.2406637072799514, 0.2406637072799514, 0.22982710170290693, 0.25355160902741786, 0.25355160902741786, 0.24882932209882913, 0.24507481479325227, 0.24507481479325227, 0.23982260110882817, 0.23982260110882817, 0.24672937747430426, 0.24672937747430426, 0.2527415403288139, 0.698718539578223, 0.3188996711050266, 0.24704318597951502, 0.23895949896073249, 0.24402374841284127, 0.24402374841284127, 0.2498873815915101, 0.2498873815915101, 0.23280875748585575, 0.23280875748585575, 0.6567552145755375, 0.6893982245101806, 0.33987237428931605, 0.4363474395900334, 0.49783630940772805, 0.4246622952856582, 0.5014304553081499, 0.6756500048231109, 0.7061586553148289, 0.3042991180440736, 0.6670277498274555, 0.6670277498274555, 0.7683908598491237, 0.3393209889962728, 0.664939282947257, 0.664939282947257, 0.73759748573229, 0.3202149992744261, 0.6567874249408389, 0.6567874249408389, 0.7344852218395238, 0.30608694239153494, 0.6222486611430851, 0.7291526150576029, 0.29909051694100863, 0.3449407202218852, 0.5787831023997053, 0.4164146224726734, 0.456600950511509, 0.4338561893622749, 0.4532102239313663, 0.44620978422030827, 0.4842378379152663, 0.6001204471289076, 0.6732344457190405, 0.2801856719592127, 0.616103224410864, 0.6794100628914663, 0.3052596651155722, 0.40069595606865, 0.55928852832674, 0.4303161170010407, 0.47832960619918624, 0.6723146534323842, 0.651458276540736, 0.29528787942220164, 0.46035641650551684, 0.5351432438408481, 0.49223798377609995, 0.5062951262103308, 0.4852637811246269, 0.5026711405940841, 0.46559465239711495, 0.49903315070552856, 0.7334608500834503, 0.680959811818019, 0.3349470726617854, 0.6890065452982038, 0.6890065452982038, 0.6455485662262249, 0.2959104077766168, 0.6959765790230011, 0.6959765790230011, 0.6471444742813064, 0.3061205708518614, 0.6936622830471602, 0.6936622830471602, 0.6461959715136142, 0.3012655164710502, 0.74218221059384, 0.6836833240374471, 0.3571367324479921, 0.43658003665686773, 0.45163682818180506, 0.5128732770664053, 0.45556953263227645, 0.516653513842252, 0.6839365556472077, 0.6674444175942055, 0.36484990617514107, 0.659881744817609, 0.6578513192471716, 0.31829029344849363, 0.4436093405643474, 0.5238573363922275, 0.4298643263269151, 0.49311211345341666, 0.24281029501472925, 0.24281029501472925, 0.22968903966788917, 0.22968903966788917, 0.24017973346093913, 0.6718689043386366, 0.339186951603614, 0.23501866400023502, 0.23037469954919249, 0.23037469954919249, 0.22987178587894916, 0.25384060911274603, 0.24887400976773802, 0.2354181669523372, 0.24035680912960872, 0.24035680912960872, 0.24035680912960872, 0.2510368152290076, 0.2510368152290076, 0.2581346753744589, 0.2581346753744589, 0.2527316288980436, 0.2527316288980436, 0.23573843585669624, 0.7059870928300898, 0.33034614731303324, 0.24117603226695444, 0.2552575652619227, 0.2552575652619227, 0.24996017927620587, 0.2439526796372201, 0.2439526796372201, 0.24722714109299104, 0.24722714109299104]
12random:0T:1200 0.005233049392700195
1 0 13 479.57 221.79 -2 8668.56 21 155 393.62 94380.87 1624.7 1.6938040256500244 0.4055621669232154 0.34978188103967 0.3145941860221084 0.1815296347824972 0.4154228855721393 0.28815628815628813 3445.5280000000002 0.07692307692307693 0.23076923076923078 2.793419685171137 2.2205128205128206 
high [0.3556004449310537, 0.34595370066604414, 0.36599170180072615, 0.32373105174130684, 0.3521537532945829, 0.32730791389772806, 0.3273487213597878, 0.3145941860221084, 0.36513412332069306, 0.34983676791829676, 0.3268674326346397, 0.3566738134762587, 0.33834884527327, 0.33367805313434984, 0.31816092102766397, 0.3626852629435244, 0.4532446896357884, 0.377885296951074, 0.32938602422206786, 0.3652097182913932, 0.35562707929071313]
low [0.18738013729933567, 0.18738013729933567, 0.18714631652802913, 0.18714631652802913, 0.19761138708285433, 0.7242912796709151, 0.3556004449310537, 0.1837688744547635, 0.1815296347824972, 0.1815296347824972, 0.1885961136701321, 0.19276089683525394, 0.19276089683525394, 0.18281150265976778, 0.2004528029779939, 0.2004528029779939, 0.196696551591585, 0.1907902644700775, 0.1907902644700775, 0.18755988386402456, 0.18755988386402456, 0.1929615189350896, 0.1929615189350896, 0.1986692342521659, 0.7291007621524324, 0.34595370066604414, 0.19419000343953463, 0.18688487100905957, 0.19084550705713962, 0.19084550705713962, 0.1964257030541026, 0.1964257030541026, 0.18403249018860265, 0.18403249018860265, 0.6827254095479783, 0.7456460577955096, 0.36599170180072615, 0.35466600926132885, 0.49504313901318414, 0.34663660175201955, 0.4986171195264434, 0.7057560756792972, 0.7618685603737604, 0.32373105174130684, 0.6998414093717034, 0.6998414093717034, 0.8082879160608689, 0.3521537532945829, 0.6953426782589059, 0.6953426782589059, 0.7843920664729545, 0.32730791389772806, 0.6941741003567815, 0.6941741003567815, 0.7840098942989661, 0.3273487213597878, 0.6655605512187397, 0.7789397768906791, 0.3145941860221084, 0.2784171294025259, 0.5425989541385392, 0.3455332911885166, 0.47176652010569325, 0.35770820200681724, 0.4682631737426344, 0.366137963654163, 0.4903863178739471, 0.6616312597950427, 0.7418264874246938, 0.36513412332069306, 0.6546647235543954, 0.7387181771781711, 0.34983676791829676, 0.3217186885947233, 0.5311596615344282, 0.3530766570489137, 0.48440306797165117, 0.6886677835753907, 0.7148075945451108, 0.3268674326346397, 0.36747696670094965, 0.5154166477324849, 0.39779308853321593, 0.5034544966083737, 0.39192912870367613, 0.4998508437985984, 0.3766325088752025, 0.4962332652891654, 0.7549732749458166, 0.7457082342042602, 0.3566738134762587, 0.7265385400138139, 0.7265385400138139, 0.7211735991218412, 0.33834884527327, 0.7271122735234509, 0.7271122735234509, 0.7206198095573019, 0.33367805313434984, 0.7204874834705517, 0.7204874834705517, 0.7180344403038915, 0.31816092102766397, 0.7560800238312965, 0.7455423277947899, 0.3626852629435244, 0.4532446896357884, 0.3627779617237357, 0.5015690373150561, 0.3663031117298864, 0.5052659538932209, 0.6993671881587253, 0.7279109868533722, 0.377885296951074, 0.6745651992618691, 0.7180484239162804, 0.32938602422206786, 0.35857922477713855, 0.5123109969924577, 0.34899270801159926, 0.49034544872755986, 0.19193858391561885, 0.19193858391561885, 0.1827016838964677, 0.1827016838964677, 0.1923732553896368, 0.7096920860355529, 0.3652097182913932, 0.1882394689158952, 0.18594575466241536, 0.18594575466241536, 0.1841170490721473, 0.2019400201947142, 0.1979619956110096, 0.18725880688169733, 0.1911871538470304, 0.1911871538470304, 0.1911871538470304, 0.1954316701602872, 0.1954316701602872, 0.20095734041516297, 0.20095734041516297, 0.1976557453122289, 0.1976557453122289, 0.1853038264882088, 0.7343229902336059, 0.35562707929071313, 0.18957808672098608, 0.1996312235568423, 0.1996312235568423, 0.19548825664851038, 0.1917606895733755, 0.1917606895733755, 0.1954300470003426, 0.1954300470003426]
12random:0T:1500 0.005233049392700195
1 0 13 577.77 228.44 -2 11178.810000000001 21 155 516.4200000000001 115042.04000000001 2006.2400000000002 2.222391128540039 0.39015735931060197 0.36147894509732703 0.3290637832333416 0.14910192610598982 0.394151690526957 0.2964042759961128 4285.218 0.061224489795918366 0.22448979591836735 2.7652079230892195 2.0122448979591834 
high [0.3795167185950206, 0.37333199486591484, 0.3566567240277637, 0.3290637832333416, 0.36720389958598804, 0.34222398628727574, 0.3294876400936924, 0.3396601233547099, 0.362936204601806, 0.35671646712168303, 0.344926991832533, 0.3550966196609313, 0.3504780367852772, 0.36748721385682037, 0.3436950673467294, 0.3677392490441626, 0.4622327153404422, 0.376308699213291, 0.33323845645167316, 0.3674916382230212, 0.38556561752179164]
low [0.15273181575276765, 0.15273181575276765, 0.15289473986633348, 0.15289473986633348, 0.16144448997548502, 0.7425532552306342, 0.3795167185950206, 0.15051837756449132, 0.14910192610598982, 0.14910192610598982, 0.15447219301321038, 0.1578834148905929, 0.1578834148905929, 0.14935328497129402, 0.16339431991845357, 0.16339431991845357, 0.16032553882111616, 0.15461814666069104, 0.15461814666069104, 0.1522651956810026, 0.1522651956810026, 0.15665036059019696, 0.15665036059019696, 0.16159302639053408, 0.7522497622410166, 0.37333199486591484, 0.1579497221535222, 0.1517172055546974, 0.15493253609584529, 0.15493253609584529, 0.15976818925628272, 0.15976818925628272, 0.1500031795745105, 0.1500031795745105, 0.6805063294737664, 0.7712007788235292, 0.3566567240277637, 0.29204540468261747, 0.46762251136218186, 0.285867789860625, 0.4709985277362322, 0.7192696403472582, 0.7929805043432342, 0.3290637832333416, 0.7222779218508393, 0.7222779218508393, 0.8330610977137682, 0.36720389958598804, 0.7163823694278945, 0.7163823694278945, 0.8131661083381722, 0.34222398628727574, 0.7101270972645911, 0.7101270972645911, 0.8107977459707262, 0.3294876400936924, 0.7002092303682587, 0.81202177642202, 0.3396601233547099, 0.22868183646464202, 0.4980239608590514, 0.2866149960554758, 0.45345032961652887, 0.2960484946196417, 0.4500829996018131, 0.30251350957074247, 0.46713193441304357, 0.6715402541758323, 0.7719843139349587, 0.362936204601806, 0.6687817090498085, 0.770499046572471, 0.35671646712168303, 0.26374177506751434, 0.49072125573581565, 0.29171610914085844, 0.4614324134454651, 0.7016729274271772, 0.754238811512783, 0.344926991832533, 0.3006125557261449, 0.47949468144782825, 0.32687757251857713, 0.4755679606627591, 0.3219912328905603, 0.4721639155519761, 0.3095995787082059, 0.46874671609133295, 0.7619047839827336, 0.7818177218396027, 0.3550966196609313, 0.7429758321849608, 0.7429758321849608, 0.7636902370811267, 0.3504780367852772, 0.7520044607392032, 0.7520044607392032, 0.7665180477707461, 0.36748721385682037, 0.7426772987557024, 0.7426772987557024, 0.7629449729331395, 0.3436950673467294, 0.7618366701677851, 0.7809275580627772, 0.3677392490441626, 0.4622327153404422, 0.29744930247055545, 0.470072016721722, 0.3004491980490347, 0.47353677810502554, 0.6997722862603047, 0.7596706025759474, 0.376308699213291, 0.6783345410755208, 0.7512410844105255, 0.33323845645167316, 0.29467957762784636, 0.4801394137766319, 0.28725441912735, 0.4631850279272143, 0.15644736340232882, 0.15644736340232882, 0.14926356527197687, 0.14926356527197687, 0.1575659119312688, 0.722969922387403, 0.3674916382230212, 0.1541800783124272, 0.15272916846121012, 0.15272916846121012, 0.15080355468533527, 0.16498918476248034, 0.16173093002251201, 0.1529866422007243, 0.15619602189096976, 0.15619602189096976, 0.15619602189096976, 0.15837958358575574, 0.15837958358575574, 0.16285763646879997, 0.16285763646879997, 0.1604612357259708, 0.1604612357259708, 0.15072190838551858, 0.7582984485275474, 0.38556561752179164, 0.1541984942252692, 0.1620649719582756, 0.1620649719582756, 0.15870162125661702, 0.15597377363203715, 0.15597377363203715, 0.15929322265000215, 0.15929322265000215]
12random:1T:300 0.021777868270874023
1 1 13 49.72 0.0 -106 0.0 23 285 0.0 15182.678000000004 0.0 0.027113914489746094 0.167303708757402 0.0 0.0 0.0 0.2188295165394402 0.0 0.0 0.0 0.0 0.0 0.0 
high [0.0, 0.0, 0.0, 0.0, 0.0, 0.0, 0.0, 0.0, 0.0, 0, 0.0, 0.0, 0.0, 0.0, 0.0, 0.0, 0.0, 0.0, 0.0, 0.0, 0.0, 0.0, 0.0]
low [0.2547810722342656, 0.2547810722342656, 0.31957980813448433, 0.0, 0.31957980813448433, 0.4529457162834376, 0.0, 0.4529457162834376, 0.44321265400552723, 0.5005758380696466, 0, 0, 0, 0, 0.20649514421028137, 0.20649514421028137, 0.20649514421028137, 0.2022522620040662, 0.4707876003791374, 0.4707876003791374, 0.3931995566652968, 0.3931995566652968, 0.4045235160933709, 0.4045235160933709, 0.2600790239052786, 0.2600790239052786, 0.0, 0.25421523738603846, 0.07442632094887841, 0.07442632094887841, 0.07288174400692375, 0.14544758567358068, 0.14544758567358068, 0.2502292711062092, 0.2502292711062092, 0.2547810722342656, 0.0, 0.2547810722342656, 0.0, 0.31957980813448433, 0.0, 0.0, 0.31957980813448433, 0.31957980813448433, 0.0, 0.0, 0.4529457162834376, 0.4529457162834376, 0.0, 0.0, 0.4529457162834376, 0.4529457162834376, 0.0, 0.0, 0.44321265400552723, 0.0, 0.0, 0.0, 0, 0, 0, 0, 0, 0, 0, 0, 0, 0, 0, 0.20649514421028137, 0.0, 0.20649514421028137, 0.0, 0.20649514421028137, 0.0, 0.2022522620040662, 0.0, 0.4707876003791374, 0.0, 0.4707876003791374, 0.0, 0.3931995566652968, 0.0, 0.3931995566652968, 0.0, 0.4045235160933709, 0.0, 0.4045235160933709, 0.0, 0.2600790239052786, 0.0, 0.2600790239052786, 0.0, 0.25421523738603846, 0.0, 0.07442632094887841, 0.0, 0.07442632094887841, 0.0, 0.0, 0.07288174400692375, 0.0, 0.14544758567358068, 0.0, 0.14544758567358068, 0.0, 0.2502292711062092, 0.0, 0.2502292711062092, 0.0, 0.26097919938561875, 0.26097919938561875, 0.31198994545391195, 0.31198994545391195, 0.3861284268926116, 0.0, 0.39460790506692045, 0.39460790506692045, 0, 0, 0.0, 0.0, 0.0, 0.21151860670193579, 0.21434165201713673, 0.21434165201713673, 0.13739366806381068, 0.4822405759979357, 0.4822405759979357, 0.46124046413610675, 0.46124046413610675, 0.41436446764629387, 0.41436446764629387, 0.3181714552974214, 0.32551047049400816, 0.32551047049400816, 0.07623690992475184, 0.07623690992475184, 0.0, 0.14199327731496647, 0.14199327731496647, 0.26572654732341666, 0.26572654732341666, 0.198227542364897, 0.0, 0.198227542364897, 0.3045803382652187, 0.3045803382652187, 0.0, 0.4130841391146176, 0.4130841391146176, 0.0, 0.4042076369036913, 0, 0, 0.0, 0.0, 0.0, 0.1436884658325414, 0.1436884658325414, 0.1436884658325414, 0.1407360805004272, 0.49397217121168335, 0.49397217121168335, 0.4502862308071871, 0.4502862308071871, 0.3462593699535993, 0.3462593699535993, 0.3106150403014868, 0.3106150403014868, 0.0, 0.3036118600424882, 0.0, 0.0, 0.0, 0.0, 0.13862100707462785, 0.13862100707462785, 0.2721909479688705, 0.2721909479688705, 0.20304987669963978, 0.0, 0.20304987669963978, 0.0, 0.0, 0.3746515484935975, 0.3746515484935975, 0.0, 0.0, 0.3746515484935975, 0.3746515484935975, 0.0, 0.0, 0.34518947669458017, 0.34518947669458017, 0.0, 0.0, 0.35276992514067923, 0.0, 0.0, 0.35276992514067923, 0.0, 0, 0, 0, 0, 0.07593515677123211, 0.0, 0.07593515677123211, 0.0, 0.07429450522958668, 0.0, 0.14718401349470872, 0.0, 0.14865830957491724, 0.0, 0.14865830957491724, 0.0, 0.0717519287349922, 0.0, 0.42750480716680156, 0.0, 0.42750480716680156, 0.0, 0.43959215511220157, 0.0, 0.43959215511220157, 0.0, 0.35468291407129776, 0.0, 0.35468291407129776, 0.0, 0.3650401643888419, 0.0, 0.3734602638955996, 0.0, 0.3734602638955996, 0.0, 0.0, 0.0, 0.0, 0.0, 0, 0, 0.2127103543239376, 0.0, 0.2127103543239376, 0.0, 0.20674346000317287, 0.0, 0.20674346000317287, 0.0, 0.20304987669963978, 0.20304987669963978, 0.3746515484935975, 0.3746515484935975, 0.0, 0.34518947669458017, 0.35276992514067923, 0.35276992514067923, 0, 0, 0.07593515677123211, 0.07593515677123211, 0.07429450522958668, 0.14718401349470872, 0.14865830957491724, 0.14865830957491724, 0.0717519287349922, 0.42750480716680156, 0.42750480716680156, 0.43959215511220157, 0.43959215511220157, 0.35468291407129776, 0.35468291407129776, 0.3650401643888419, 0.3734602638955996, 0.3734602638955996, 0.0, 0.0, 0, 0.2127103543239376, 0.2127103543239376, 0.20674346000317287, 0.20674346000317287]
12random:1T:600 0.021777868270874023
1 1 13 164.8 0.0 -8 1284.9799999999998 23 285 0.0 52012.606000000014 125.22 2.552868127822876 0.27645220716353547 0.09406222360542095 0.0 0.0 0.2529128163921254 0.07780320366132722 349.524 0.0 0.0 0.454656129503092 0.34736842105263155 
high [0.0, 0.0, 0.14136390477360541, 0.08986824529337148, 0.10100530869618518, 0.10005018301643168, 0.08974791845733625, 0.1297495501931887, 0.170283095976959, 0.17883991676372668, 0.16077976981126477, 0.0, 0.1255675663287543, 0.0, 0.12297450900526079, 0.07393290938612819, 0.10759056353014133, 0.08245091665843349, 0.12465623023818584, 0.11091136516486272, 0.11994526863109638, 0.1337139209997499, 0.0]
low [0.28581839583243224, 0.28581839583243224, 0.309302018597368, 0.0, 0.309302018597368, 0.3351602410818096, 0.0, 0.3351602410818096, 0.32795819593102304, 0.3497298218580807, 0.23006904039207787, 0.21741425320206298, 0.2222154296630861, 0.2222154296630861, 0.28493094277333103, 0.28493094277333103, 0.28493094277333103, 0.2790764301565018, 0.32891812007650484, 0.32891812007650484, 0.31205586182543976, 0.31205586182543976, 0.32104292159878534, 0.32104292159878534, 0.2917617417589082, 0.4264633602221501, 0.14136390477360541, 0.28518363121978596, 0.25726472742992923, 0.25726472742992923, 0.2519256866053873, 0.2760578389386151, 0.2760578389386151, 0.28071209619580495, 0.28071209619580495, 0.3257778678431133, 0.05194834011564352, 0.3268985205285077, 0.052328618114127166, 0.4766143639970667, 0.32780806358306214, 0.08986824529337148, 0.4827761623600611, 0.4827761623600611, 0.3303531166040033, 0.10100530869618518, 0.5163881941836844, 0.5163881941836844, 0.2876032155385146, 0.10005018301643168, 0.5112512659479848, 0.5112512659479848, 0.28554173740703453, 0.08974791845733625, 0.5391214434682642, 0.3358754555380831, 0.1297495501931887, 0.170283095976959, 0.3467178795140189, 0.3788716836577338, 0.17883991676372668, 0.33264226222668686, 0.32868163121845734, 0.33465018169404753, 0.33105124707198025, 0.3421896336440955, 0.33352803202422426, 0.34827255737725377, 0.3359561156630273, 0.4285264216661289, 0.28559030792007634, 0.43304536775328895, 0.28740473854718984, 0.43791565810008015, 0.2893348906413626, 0.439351250034184, 0.2914470800681177, 0.49210153369286064, 0.24148841799633589, 0.4965463888369246, 0.24322455121678202, 0.4765165229671199, 0.2449854211168945, 0.48117059075179663, 0.24675163280206996, 0.4525719465752632, 0.1958124156143181, 0.45630897076171084, 0.19723595638872243, 0.4192594336997553, 0.198679784902926, 0.4231632130134691, 0.20012417122527376, 0.3855708755817436, 0.1499111475344085, 0.397615188055442, 0.41753043100760007, 0.39088024290333795, 0.41467455094666666, 0.16077976981126477, 0.3816432796997201, 0.3687518937309955, 0.4216877441123189, 0.3723629000192413, 0.42830775084564776, 0.37512248859640246, 0.3185881166123094, 0.051159188283698566, 0.3196554515972119, 0.05153265826630132, 0.2927715762395557, 0.2927715762395557, 0.30195624834460544, 0.30195624834460544, 0.30644398496065195, 0.0, 0.31317357258266026, 0.31317357258266026, 0.23566599134857882, 0.23566599134857882, 0.24827846199124382, 0.24827846199124382, 0.24291416883977948, 0.2918625338730035, 0.2972206412993388, 0.2972206412993388, 0.2607715962688159, 0.33691979897965224, 0.33691979897965224, 0.34129799576204983, 0.34129799576204983, 0.3288530184464881, 0.3288530184464881, 0.30793895884104705, 0.3150419489456841, 0.3150419489456841, 0.26352327512417384, 0.2683427793240066, 0.23223055883333457, 0.26950160154154534, 0.26950160154154534, 0.2980972441164542, 0.2980972441164542, 0.3985139995826859, 0.1255675663287543, 0.2735229476977616, 0.29478493650905924, 0.29478493650905924, 0.0, 0.3278369083909214, 0.48217098172831285, 0.12297450900526079, 0.32079222967633203, 0.20395550611711147, 0.20395550611711147, 0.23202133149867085, 0.2371450772459718, 0.2371450772459718, 0.2727190497830414, 0.2727190497830414, 0.2727190497830414, 0.2671154564973705, 0.34511613686131454, 0.34511613686131454, 0.33319233684664534, 0.33319233684664534, 0.2998178991676703, 0.2998178991676703, 0.3006255605846138, 0.3743875718748345, 0.07393290938612819, 0.40191037518652617, 0.10759056353014133, 0.24292146732753525, 0.24292146732753525, 0.23788009362591653, 0.26310107154612744, 0.26310107154612744, 0.30534913534329905, 0.30534913534329905, 0.400686094579673, 0.19777739510585954, 0.39689244131268797, 0.19634012436058332, 0.08245091665843349, 0.48710806887549735, 0.48710806887549735, 0.24743394968788587, 0.12465623023818584, 0.48205992615024806, 0.48205992615024806, 0.2455277090941535, 0.11091136516486272, 0.4816991753606765, 0.4816991753606765, 0.29107699225719746, 0.11994526863109638, 0.4922468070638369, 0.2931784323463564, 0.1337139209997499, 0.30545523680525405, 0.0, 0.20891718615498375, 0.0, 0.20891718615498375, 0.0, 0.2624802242007686, 0.0, 0.2624802242007686, 0.0, 0.25680908842127986, 0.0, 0.2793535589022953, 0.0, 0.2844496643444329, 0.0, 0.2844496643444329, 0.0, 0.24802032605183683, 0.0, 0.3615514505272883, 0.05260630921772253, 0.36043293079381655, 0.05223080616681323, 0.3680672545209189, 0.05185538931948227, 0.36699303881991935, 0.0514842161137963, 0.3463407885309172, 0.0511116085727689, 0.38709806861531687, 0.10303155665214495, 0.39337784696693295, 0.10228281465290315, 0.3963928817355755, 0.10091463229627276, 0.43473450360375815, 0.15248271944134945, 0.3106551389465816, 0.10185595178586027, 0.3125046371459705, 0.10115926392746716, 0.30702296151506886, 0.15293496344135818, 0.392175682877553, 0.1514518696244101, 0.38911483443886324, 0.15033771394963558, 0.37909951678276177, 0.1492556455004678, 0.4124164387664992, 0.20060528694199486, 0.28017701345616625, 0.28017701345616625, 0.324402023270352, 0.324402023270352, 0.0, 0.29889150358941996, 0.30545523680525405, 0.30545523680525405, 0.20891718615498375, 0.20891718615498375, 0.2624802242007686, 0.2624802242007686, 0.25680908842127986, 0.2793535589022953, 0.2844496643444329, 0.2844496643444329, 0.24802032605183683, 0.31633506860234106, 0.31633506860234106, 0.3252791833290712, 0.3252791833290712, 0.30711164922922957, 0.30711164922922957, 0.31607975031419333, 0.3233705177676118, 0.3233705177676118, 0.24883108270471258, 0.25333930842298286, 0.21723142765121947, 0.293506958853472, 0.293506958853472, 0.28527357965830313, 0.28527357965830313]
12random:1T:900 0.021777868270874023
1 1 13 287.8 108.31 -1 3345.1299999999987 23 285 108.31 92017.1139999999 704.4300000000001 4.195935010910034 0.32476482319011657 0.16409884573992292 0.11245131331246322 0.11245131331246322 0.30731771518820744 0.136431784107946 1308.526 0.10344827586206896 0.06896551724137931 1.407678025367858 0.9172413793103449 
high [0.15669154538775498, 0.13719280940229342, 0.2532455800029021, 0.12717792984151105, 0.12750635473931587, 0.13634976791388487, 0.12230969982735869, 0.1652625783265634, 0.22021328075187943, 0.26029509814655255, 0.11245131331246322, 0.13504693898697714, 0.1692773188665345, 0.12284945798434437, 0.13085682363218776, 0.24330387207074178, 0.24864838149767196, 0.1466593344476073, 0.16477188465885717, 0.14075161767464658, 0.1565942419091689, 0.1745698711639706, 0.12224775147303953]
low [0.23118777704008736, 0.23118777704008736, 0.4656876922175351, 0.15669154538775498, 0.24465550700675395, 0.4815728304552582, 0.13719280940229342, 0.25167079332296616, 0.24626279978890062, 0.2590903888198742, 0.22232467144132656, 0.21009585786699547, 0.21473542161451117, 0.21473542161451117, 0.23645459566883492, 0.23645459566883492, 0.23645459566883492, 0.23159613277190855, 0.24367245311755398, 0.24367245311755398, 0.23791576092933983, 0.23791576092933983, 0.24476762120841075, 0.24476762120841075, 0.23599512657726618, 0.543844601108174, 0.2532455800029021, 0.23067433976004809, 0.22761037167010706, 0.22761037167010706, 0.2228867506802578, 0.2359731930328592, 0.2359731930328592, 0.22705748284242286, 0.22705748284242286, 0.42223473649492516, 0.32366645410948613, 0.42759259728178106, 0.3260357931696189, 0.5106420276524116, 0.4964974313186516, 0.12717792984151105, 0.5139161687806059, 0.5139161687806059, 0.49833607517655387, 0.12750635473931587, 0.5563328513280194, 0.5563328513280194, 0.4814506742576127, 0.13634976791388487, 0.5483082481263925, 0.5483082481263925, 0.47799973914024935, 0.12230969982735869, 0.5718341569450798, 0.5126876007609433, 0.1652625783265634, 0.22021328075187943, 0.4560143352700906, 0.5433560063326477, 0.26029509814655255, 0.3349199078345984, 0.45415889873555276, 0.33878643466903824, 0.45743313746460107, 0.34643181972626946, 0.4608554580918476, 0.35310908132970786, 0.46421048522661207, 0.4084288690572376, 0.43298187465404203, 0.4138408950890659, 0.4357327228185993, 0.41967370159549683, 0.4386590156546162, 0.423546087627374, 0.44186129427632914, 0.4621194764054962, 0.4115766872530581, 0.4680696238723803, 0.4145356364458597, 0.45807258372279397, 0.4175367451788794, 0.4643027956739492, 0.4205469580926234, 0.4488527273697299, 0.3890602585124052, 0.4546512268108606, 0.39188869582040303, 0.43382507323523284, 0.39475744289765696, 0.4398823158538267, 0.3976272982855362, 0.4222652933721069, 0.36850192504143225, 0.3632364863008717, 0.5022589131470673, 0.35672824657611274, 0.4988234959679617, 0.11245131331246322, 0.3556481782764353, 0.47241310413456733, 0.38502031648277424, 0.47703921377272984, 0.39179566224465495, 0.48057456051408665, 0.4081434224886812, 0.31874960836174854, 0.41324637038376083, 0.3210765297747576, 0.2368119438016418, 0.2368119438016418, 0.23884505949110343, 0.23884505949110343, 0.4596852289807158, 0.13504693898697714, 0.2387679192696686, 0.2387679192696686, 0.22773322306720686, 0.22773322306720686, 0.2287105335619943, 0.2287105335619943, 0.22376902418170166, 0.24220688973300966, 0.2467869796260069, 0.2467869796260069, 0.22290657081290569, 0.249600337926501, 0.249600337926501, 0.25627961441884534, 0.25627961441884534, 0.2507221484638304, 0.2507221484638304, 0.24357733727066397, 0.2491957475648952, 0.2491957475648952, 0.23314750993633165, 0.2375871676021943, 0.21392743693589197, 0.23036894618800866, 0.23036894618800866, 0.24111967673859322, 0.24111967673859322, 0.46364988982123273, 0.1692773188665345, 0.2269874846673747, 0.23317260723558486, 0.4600640721874856, 0.12284945798434437, 0.24994745192185894, 0.4801860060963177, 0.13085682363218776, 0.24457649017456184, 0.2087413396463305, 0.2087413396463305, 0.21373469973684978, 0.21845462032239987, 0.21845462032239987, 0.233119208734013, 0.233119208734013, 0.233119208734013, 0.22832927846012113, 0.25567243197148837, 0.25567243197148837, 0.25019310009047285, 0.25019310009047285, 0.2325570822550089, 0.2325570822550089, 0.2377924957540002, 0.5310155766331198, 0.24330387207074178, 0.5405177330969914, 0.24864838149767196, 0.22377574744321796, 0.22377574744321796, 0.2191317067965376, 0.22489779743915098, 0.22489779743915098, 0.24698545947517278, 0.24698545947517278, 0.419495639721533, 0.39296448198338507, 0.5060358420335431, 0.4354936016916257, 0.1466593344476073, 0.559885364668541, 0.559885364668541, 0.4667693816603139, 0.16477188465885717, 0.5459429619794633, 0.5459429619794633, 0.46080196972356025, 0.14075161767464658, 0.5455396430632956, 0.5455396430632956, 0.48988455894622573, 0.1565942419091689, 0.5574715409718454, 0.49342129691801245, 0.1745698711639706, 0.426000780371208, 0.27532543736958126, 0.3492595266058532, 0.2429364676623096, 0.3694260072392737, 0.27567825612401503, 0.3973728317423764, 0.2737049919482695, 0.3925770883494537, 0.2716724539295092, 0.38410754188173235, 0.2697089729576034, 0.4203069994904631, 0.3022335775037423, 0.41917570697959994, 0.3003255301196354, 0.4145428610583201, 0.29832205950601864, 0.3857453322462895, 0.29616004539454044, 0.4537153702281205, 0.3277659599976327, 0.4483677071230401, 0.3254263714617035, 0.4488216808461635, 0.3230873200210207, 0.4436858361227959, 0.32077470877921027, 0.42576978601490884, 0.3184531608469699, 0.44819387695607205, 0.3504129487552262, 0.4480927339672088, 0.3478664581426752, 0.4425233003945819, 0.34321323509529006, 0.46336620459073674, 0.3748231974329514, 0.3915193148052022, 0.3464146866581424, 0.38889613165440784, 0.3440452335046225, 0.38128802624120445, 0.37593487449855045, 0.431882667715708, 0.3722892288240888, 0.42604098060737267, 0.36955048312236555, 0.41580751319554093, 0.3668906121714518, 0.43401831391655155, 0.3985832285034167, 0.2325094697952204, 0.2325094697952204, 0.2516260310635568, 0.47771499623739966, 0.12224775147303953, 0.2318385132393166, 0.2369297457828447, 0.2369297457828447, 0.21381944593392058, 0.21381944593392058, 0.2322246892655043, 0.2322246892655043, 0.22720725319699908, 0.23879036194993056, 0.24329905020013348, 0.24329905020013348, 0.21943155269808778, 0.2375350292566279, 0.2375350292566279, 0.24425113747275232, 0.24425113747275232, 0.23821456047002676, 0.23821456047002676, 0.24517076764603932, 0.25082593236793793, 0.25082593236793793, 0.22921959978232279, 0.2335760738211144, 0.2099191864189246, 0.24357154265585396, 0.24357154265585396, 0.23673893848295233, 0.23673893848295233]
12random:1T:1200 0.021777868270874023
1 1 13 379.31 194.35000000000002 -1 5896.740000000001 23 285 194.35000000000002 123757.27199999991 1013.9100000000001 5.210238933563232 0.3206075112654517 0.21604072355700735 0.15172562657988026 0.15172562657988026 0.31092190252495594 0.1839464882943144 2072.954 0.07692307692307693 0.10256410256410256 1.688553176079825 1.3230769230769233 
high [0.20376058655667983, 0.17332319016787176, 0.34703910716435404, 0.15353152345842117, 0.15966135491156427, 0.15172562657988026, 0.17313921854048908, 0.21546102379101884, 0.28214274828925157, 0.35271345193883885, 0.17603410283759158, 0.18886485792140822, 0.21142730393941706, 0.2063033665128147, 0.16389794140826572, 0.33902271640903603, 0.33944865500063226, 0.18102276143911306, 0.19336914819537457, 0.18718125252601003, 0.1720740847901609, 0.1869576423983066, 0.21083497703466839]
low [0.1851710993039639, 0.1851710993039639, 0.5210165117223884, 0.20376058655667983, 0.19460646955252595, 0.5435254791466276, 0.17332319016787176, 0.19682608957361047, 0.19259661897952557, 0.20170136146507056, 0.1869321853118547, 0.17665011076564643, 0.18055108938666128, 0.18055108938666128, 0.19085311156596546, 0.19085311156596546, 0.19085311156596546, 0.18693162821021436, 0.18969852864559103, 0.18969852864559103, 0.1870153279071579, 0.1870153279071579, 0.19240128002676152, 0.19240128002676152, 0.18902157189353955, 0.624500585853353, 0.34703910716435404, 0.18475985894002356, 0.18707896274838073, 0.18707896274838073, 0.1831964941740651, 0.19210494526083002, 0.19210494526083002, 0.18186291784721798, 0.18186291784721798, 0.37700692694968807, 0.40019882547906566, 0.38238691133358005, 0.40312840528873617, 0.5647786090623036, 0.5997776458025975, 0.15353152345842117, 0.5672918243127578, 0.5672918243127578, 0.6005745308657913, 0.15966135491156427, 0.5855599216351575, 0.5855599216351575, 0.581493617222833, 0.15172562657988026, 0.5971583583346046, 0.5971583583346046, 0.5861304516395528, 0.17313921854048908, 0.6180788695942285, 0.6130221982570173, 0.21546102379101884, 0.28214274828925157, 0.5592550060023134, 0.647530897553615, 0.35271345193883885, 0.2843612813343907, 0.46924335788500554, 0.2880065674513309, 0.47262634736294684, 0.29450849494364595, 0.4761623371395631, 0.3002863553822236, 0.47962879833386185, 0.34224872229595343, 0.45738223045481363, 0.3470131383346522, 0.460288100521899, 0.3521479837153713, 0.46337930230804947, 0.35591260468048086, 0.4667620428435676, 0.38580691238824727, 0.4455904451519429, 0.391148591048812, 0.4487939295300359, 0.3846586651250462, 0.4520430576213785, 0.3902517685591211, 0.45530204228639815, 0.37975563441872373, 0.4329283302172931, 0.38507877700207555, 0.4360756849369907, 0.3706335603068547, 0.43926789451069526, 0.3761942344861116, 0.4424613373613999, 0.3652115395158951, 0.42288200753406496, 0.3011143769420582, 0.49944092920317357, 0.4497814554283744, 0.6024502262152207, 0.17603410283759158, 0.2963401026592289, 0.4784114427102857, 0.319127753668342, 0.48309629113375124, 0.32490192378773536, 0.486676526991332, 0.36369659479330746, 0.39411936970500294, 0.3688206137029988, 0.3969965020263936, 0.18967580606328907, 0.18967580606328907, 0.18998466196938507, 0.18998466196938507, 0.5381360290566004, 0.18886485792140822, 0.18768517285909758, 0.18768517285909758, 0.19147973448056949, 0.19147973448056949, 0.19000670936560185, 0.19000670936560185, 0.18590143304961546, 0.19549604615425217, 0.19922468120332484, 0.19922468120332484, 0.18146745413717266, 0.1943133753869882, 0.1943133753869882, 0.20043054530670834, 0.20043054530670834, 0.1970818773224369, 0.1970818773224369, 0.19374886038408382, 0.19821791569060396, 0.19821791569060396, 0.19163008261097222, 0.19531843369241328, 0.17772530063285513, 0.18754254764472333, 0.18754254764472333, 0.1931261080371035, 0.1931261080371035, 0.5196987217870694, 0.21142730393941706, 0.1832117815801461, 0.18547262003475878, 0.5544729873217937, 0.2063033665128147, 0.19647292175236694, 0.5176759782320977, 0.16389794140826572, 0.19225104015686442, 0.1778961618238353, 0.1778961618238353, 0.17756517962578122, 0.18148636578612154, 0.18148636578612154, 0.18978152669595613, 0.18978152669595613, 0.18978152669595613, 0.18588206133193463, 0.19904048873687544, 0.19904048873687544, 0.195670418799498, 0.195670418799498, 0.18383354398077217, 0.18383354398077217, 0.18914742059532916, 0.6148754164956216, 0.33902271640903603, 0.6204184967917802, 0.33944865500063226, 0.18590701855884859, 0.18590701855884859, 0.18204887146044807, 0.18308850471974245, 0.18308850471974245, 0.19782433841726027, 0.19782433841726027, 0.35932600027554545, 0.4372727702136814, 0.561095591024271, 0.5525177822540415, 0.18102276143911306, 0.5991567359517226, 0.5991567359517226, 0.5748441101908907, 0.19336914819537457, 0.5923435149129502, 0.5923435149129502, 0.571873721077574, 0.18718125252601003, 0.5790914426027339, 0.5790914426027339, 0.588304776556763, 0.1720740847901609, 0.5906391471766812, 0.5921356919644197, 0.1869576423983066, 0.39465355840090127, 0.37589248598861974, 0.3395489918252796, 0.3532304843824399, 0.35288523714129266, 0.376374177473339, 0.3719976599483388, 0.37368014678870737, 0.36673793294986, 0.3709051915356167, 0.3588278712270399, 0.3682245175275327, 0.38417441785128414, 0.39120264865946996, 0.38198361582658147, 0.38873292574980695, 0.3771399656980187, 0.38613968969366913, 0.3542379812745132, 0.3833412393896522, 0.4028438147021666, 0.40526767775167655, 0.3974740701081622, 0.4023748831098616, 0.39643859588770186, 0.3994827525618509, 0.3912815443126411, 0.39662331411522966, 0.3766353873960928, 0.3937528258580139, 0.3920178421637975, 0.4163849862889257, 0.3906699276246671, 0.41335906940269623, 0.3842506852577527, 0.4078297868186264, 0.3984578343845194, 0.4301361144394623, 0.3478852351762444, 0.4116339737638815, 0.34477685235358396, 0.4088184250738421, 0.33790686309149376, 0.4314118424541186, 0.3739600629982746, 0.4272282063404106, 0.368458016914032, 0.4240853020520822, 0.35973998163008236, 0.42103291211578137, 0.37218917003303303, 0.4435250524645912, 0.1876688234942155, 0.1876688234942155, 0.19890731600040623, 0.5702511564165246, 0.21083497703466839, 0.18326552391675777, 0.18729008129695712, 0.18729008129695712, 0.18222388923722813, 0.18222388923722813, 0.1908715919822967, 0.1908715919822967, 0.1867476290518519, 0.19439839255307875, 0.19810420224450306, 0.19810420224450306, 0.18035657589682808, 0.18577082516419585, 0.18577082516419585, 0.19102334294696688, 0.19102334294696688, 0.1883057116747249, 0.1883057116747249, 0.193804508810598, 0.19827484771638842, 0.19827484771638842, 0.1904296282223216, 0.19409258297694307, 0.1765015641394173, 0.19659751874688977, 0.19659751874688977, 0.19108261740691654, 0.19108261740691654]
12random:1T:1500 0.021777868270874023
1 1 13 453.18 225.94 -2 8429.439999999999 23 285 290.15999999999997 150346.00400000004 1323.07 5.5902488231658936 0.30594130905757555 0.2477950040254235 0.17775058770394914 0.14707580071009324 0.28329957937373423 0.20496894409937888 2867.39 0.061224489795918366 0.12244897959183673 1.839004711989938 1.3387755102040817 
high [0.20373492947745547, 0.20438062377745728, 0.3978355733682553, 0.19972445510626383, 0.2050405120626706, 0.2123555449312153, 0.2096820267391828, 0.2335755235792401, 0.3127234389778053, 0.39830966468456924, 0.20473859334359182, 0.217735215018192, 0.2206532007032628, 0.20766352332591173, 0.17775058770394914, 0.40430283977707066, 0.4016241084272111, 0.21224701707400973, 0.21845135516288694, 0.21463817194444532, 0.22272427354143337, 0.20421154164712188, 0.21518237221153957]
low [0.1516668887577413, 0.1516668887577413, 0.5280725704335731, 0.20373492947745547, 0.15898953337979624, 0.584728287940237, 0.20438062377745728, 0.1597877031411448, 0.1563541268647686, 0.16346059782079966, 0.15576746283966006, 0.14719958212869966, 0.15045020235428322, 0.15045020235428322, 0.1567598952749645, 0.1567598952749645, 0.1567598952749645, 0.15353892960599458, 0.15373339412735804, 0.15373339412735804, 0.15211400462528482, 0.15211400462528482, 0.15649481530428788, 0.15649481530428788, 0.154820670314923, 0.6703146694646946, 0.3978355733682553, 0.1513300567857712, 0.15466157710597117, 0.15466157710597117, 0.15145186980405695, 0.15827647370383802, 0.15827647370383802, 0.14895727807401857, 0.14895727807401857, 0.3204378646380754, 0.41257161103638734, 0.3251710014344368, 0.41559176348258353, 0.6099005242087718, 0.6650189791003224, 0.19972445510626383, 0.6133541200193684, 0.6133541200193684, 0.6665229617142254, 0.2050405120626706, 0.6383682432898861, 0.6383682432898861, 0.6562570517826886, 0.2123555449312153, 0.6355250116616308, 0.6355250116616308, 0.6549082393909176, 0.2096820267391828, 0.6495598067587098, 0.6754252037134831, 0.2335755235792401, 0.3127234389778053, 0.6170187167629906, 0.7079978978262501, 0.39830966468456924, 0.23774177836530053, 0.4510251283954025, 0.24089201784685688, 0.45427677434416147, 0.24633100902266147, 0.45767548040191236, 0.2511923510035573, 0.46100735730323544, 0.2848582672040118, 0.44387553614862196, 0.2888895197271675, 0.44669559462077385, 0.29323419874531037, 0.44969551188648543, 0.2965165751827048, 0.4529783586367007, 0.32070152084213005, 0.4369220363895692, 0.3252494655166278, 0.44006320095727275, 0.32038900206869503, 0.44324912129646654, 0.32515101165281834, 0.4464447064619367, 0.3171176414737403, 0.42924987247671664, 0.32168128350178804, 0.43237048509957515, 0.3105204454275531, 0.4355355714586589, 0.31528772828563467, 0.43870188061597043, 0.3072305728410881, 0.4243434007589872, 0.24968538005988886, 0.471776706281813, 0.49034687004897765, 0.6542870694223075, 0.20473859334359182, 0.24616605071395467, 0.45572491428285766, 0.2646091372653855, 0.46018760466943537, 0.26944278010756567, 0.4635980638132743, 0.30892868426397657, 0.4063041991819745, 0.313436630889124, 0.4092702826420648, 0.15535652964404023, 0.15535652964404023, 0.1552136104482288, 0.1552136104482288, 0.5792312914422599, 0.217735215018192, 0.15265884123979032, 0.15265884123979032, 0.15955685948619028, 0.15955685948619028, 0.15767358532163014, 0.15767358532163014, 0.154266897012366, 0.16057343509025207, 0.16364548097899526, 0.16364548097899526, 0.14951217780389453, 0.15747330744138283, 0.15747330744138283, 0.16271387875085858, 0.16271387875085858, 0.16030190644837272, 0.16030190644837272, 0.15828888410628358, 0.16194001153008364, 0.16194001153008364, 0.1584240705750708, 0.1614847811198586, 0.14748208337857763, 0.15451748558756798, 0.15451748558756798, 0.15818254605594328, 0.15818254605594328, 0.5361810082355356, 0.2206532007032628, 0.15048358110586343, 0.15152736382227738, 0.5837197934526669, 0.20766352332591173, 0.15980659586908058, 0.535041309071798, 0.17775058770394914, 0.15637261361889568, 0.1489194969097046, 0.1489194969097046, 0.14734920989555716, 0.15060313436316516, 0.15060313436316516, 0.15636219452228456, 0.15636219452228456, 0.15636219452228456, 0.15314940046167574, 0.16130420262486955, 0.16130420262486955, 0.15884950445527535, 0.15884950445527535, 0.14984102036170913, 0.14984102036170913, 0.15452960124908197, 0.6680139189288495, 0.40430283977707066, 0.6711896012575567, 0.4016241084272111, 0.15427153204483182, 0.15427153204483182, 0.1510699193873938, 0.1508477715834109, 0.1508477715834109, 0.16203069507651893, 0.16203069507651893, 0.30130974120353926, 0.43355739911396945, 0.6017131326617852, 0.6253743509705982, 0.21224701707400973, 0.6311474174957957, 0.6311474174957957, 0.6428532807483573, 0.21845135516288694, 0.6284095473824275, 0.6284095473824275, 0.6416083465154273, 0.21463817194444532, 0.6302693451166305, 0.6302693451166305, 0.6601408055154867, 0.22272427354143337, 0.6225176585850596, 0.6561167704489007, 0.20421154164712188, 0.33928083615910964, 0.40008775334620683, 0.3085258819060744, 0.3828890405784875, 0.31863878663326844, 0.4006004501175201, 0.32080636392835404, 0.39773301135713846, 0.3160727289753593, 0.3947794391144655, 0.3092559708972779, 0.3919262167667852, 0.32892207078529867, 0.40950345528887366, 0.3267422410678657, 0.4069181965525673, 0.32243508438078544, 0.40420364661532354, 0.30372597266154533, 0.40127428232580237, 0.34178661609417116, 0.4177971749687977, 0.3370624879347957, 0.4148149449626445, 0.3357946235606922, 0.4118333995818154, 0.3312576158616111, 0.40888555703087914, 0.31917261932484603, 0.4059263230468142, 0.3309983186553479, 0.4232718357394252, 0.32951420265350945, 0.4201958713377198, 0.3236688963813737, 0.4145751365207895, 0.3345592933357847, 0.431622576365572, 0.2952292853122262, 0.41844224327256047, 0.29238110957374774, 0.41558012647707226, 0.2865212706574428, 0.4329027130338107, 0.31470981408113907, 0.4287046191343298, 0.3099563431178532, 0.4255508536153231, 0.30265926620351313, 0.4224879152473245, 0.31221485752284883, 0.4397565576618623, 0.15414443535106218, 0.15414443535106218, 0.162127512430632, 0.5996791364566294, 0.21518237221153957, 0.14937803246442558, 0.15265841193867638, 0.15265841193867638, 0.16619244381153553, 0.16619244381153553, 0.15779701259309536, 0.15779701259309536, 0.15438765751982075, 0.16016605936520595, 0.1632297195593303, 0.1632297195593303, 0.14910405777240532, 0.15081279889229643, 0.15081279889229643, 0.15507690714153907, 0.15507690714153907, 0.15348624286017015, 0.15348624286017015, 0.1579682615155221, 0.1616119933856771, 0.1616119933856771, 0.15802453678361678, 0.16107681570322596, 0.14707580071009324, 0.1614781451411041, 0.1614781451411041, 0.15694840313473837, 0.15694840313473837]
