12random:0T:1500 12.150288820266724 12173.930999999999 36982.413 3466.1680482457045 [6638.931000000001, 1497.708, 8098.145999999999, 12173.930999999999, 8573.697] 
4 0 0 927.22 0 -3 22857.100000000002 30 327 562.92 362719.3079999999 2441.2 0.6962599754333496 0.622378069725358 0.5123712059528179 0.3829884818247364 0 0.7558012558012558 0.5108108108108109 5179.188 0.0 0.33783783783783783 3.4909725735530315 3.1837837837837837 0.0 1.5270270270270272 1.6505961749877414 0.0 0.0 
4 0 1 800.54 576.76 -2 19558.289999999997 30 327 590.62 312486.5599999998 2925.38 1.5194480419158936 0.5384516532742532 0.4413258058733303 0.38326530426533073 0.38326530426533073 0.5947310947310948 0.3936936936936938 5543.122 0.2972972972972973 0.28378378378378377 3.6972273747240822 3.0594594594594593 196.87333333333333 1.445945945945946 1.9235980657375364 0.09459459459459459 0.1277551014217769 
4 0 2 798.33 577.81 -2 19433.929999999997 30 327 585.75 311539.40199999965 2913.16 2.2398321628570557 0.5360307611752807 0.435379978870688 0.3824159848231421 0.3816281764055041 0.5952315952315952 0.39414414414414417 5493.320000000001 0.28378378378378377 0.2972972972972973 3.6441250891451444 2.981081081081081 195.25 1.4864864864864864 1.918051040300797 0.0990990990990991 0.12747199494104736 
4 0 3 894.64 283.62 -1 11826.21 30 327 283.62 329540.1019999999 2423.1 0.000782012939453125 0.5994241853150276 0.26198383407356507 0.19745330920257195 0.19745330920257195 0.7503867503867503 0.19864864864864867 4331.284 0.5 0.14864864864864866 2.909736743093462 2.735135135135135 94.54 1.445945945945946 1.6322265828973523 0.04954954954954955 0.06581776973419065 
4 0 4 793.88 578.29 -2 19364.700000000004 30 327 579.22 309855.59400000016 2894.24 1.7057161331176758 0.5338405252830646 0.435878661763865 0.3908848348413646 0.38434787412214005 0.58990808990809 0.38558558558558553 5465.878 0.28378378378378377 0.2972972972972973 3.655070148999984 2.948648648648649 193.07333333333335 1.4594594594594594 1.9413502527683737 0.0990990990990991 0.13029494494712154 
4 0 5 782.08 545.76 -1 18681.07 30 327 560.4699999999999 304368.7739999999 2792.57 1.8848330974578857 0.5254420180232663 0.4196470854365343 0.3703119032673449 0.36192445348229346 0.5831285831285831 0.3702702702702703 5306.74 0.28378378378378377 0.2972972972972973 3.5242842431421306 2.948648648648649 186.8233333333333 1.4594594594594594 1.8494843799131564 0.0990990990990991 0.12343730108911498 
4 0 6 815.03 559.4100000000001 -1 19369.040000000005 30 327 580.32 316925.4659999998 2866.4799999999996 1.9089860916137695 0.5480570130148578 0.4381411800236684 0.3839641700072395 0.3731282963057505 0.6144781144781145 0.39009009009009005 5464.842000000001 0.2972972972972973 0.3108108108108108 3.638714730970039 3.0594594594594597 193.44000000000003 1.5270270270270272 1.9067107003637822 0.1036036036036036 0.12798805666907984 
4 0 7 706.55 273.61 -1 23890.449999999997 30 327 697.3700000000001 288540.7140000001 2691.2000000000007 3.5636470317840576 0.4745158120724447 0.5349273808439577 0.4595488020531145 0.1742743112728448 0.4621439621439622 0.545045045045045 5571.616000000001 0.0945945945945946 0.3918918918918919 3.6695173013540296 3.0675675675675675 232.4566666666667 1.4054054054054053 1.7674292589674572 0.0945945945945946 0.15318293401770483 
4 0 8 674.14 227.57 -1 23587.77000000001 30 327 682.5799999999999 276727.1620000001 2602.99 4.8583948612213135 0.4531465644862368 0.5302275608084387 0.44794510889927847 0.15044878749817672 0.42164892164892165 0.5486486486486487 5413.225999999999 0.06756756756756757 0.3918918918918919 3.6331044475920002 3.121621621621622 227.52666666666664 1.3783783783783783 1.7175428203959373 0.06756756756756757 0.14931503629975948 
4 0 9 713.21 296.75 -2 24131.260000000006 30 327 711.1600000000001 291398.5420000002 2756.8000000000006 2.95522403717041 0.47944822489644845 0.5397112510277648 0.4645002838733263 0.19481860128915668 0.4681044681044681 0.5603603603603603 5654.484 0.13513513513513514 0.40540540540540543 3.721611232572495 3.310810810810811 237.05333333333337 1.4864864864864864 1.805865526450059 0.13513513513513514 0.15483342795777544 
4 0 10 678.32 228.37 -2 24177.12000000001 30 327 682.2500000000001 279244.10200000025 2601.6900000000005 4.318973779678345 0.45675656036892975 0.542938911572268 0.451675619047638 0.15626831443057015 0.4216489216489217 0.5648648648648648 5407.784000000001 0.08108108108108109 0.3783783783783784 3.5940696002090013 3.054054054054054 227.4166666666667 1.3513513513513513 1.7295727075274583 0.08108108108108109 0.15055853968254598 
4 0 11 861.16 0.0 -2 11584.769999999999 30 327 0.0 317760.06799999997 640.8499999999999 0.0033791065216064453 0.5777078714422169 0.26000136116535905 0.0 0.0 0.708936208936209 0.19594594594594594 2406.45 0.0 0.0 1.595561611563957 1.2756756756756757 0.0 0.43243243243243246 0.425401159958035 0.0 0.0 
4 0 12 857.07 0.0 -7 10286.69 30 327 0.0 314224.89999999997 586.6199999999999 0.0024230480194091797 0.5749979266846225 0.23062228139264385 0.0 0.0 0.7248612248612248 0.17522522522522524 2097.694 0.0 0.0 1.3863809376574359 0.945945945945946 0.0 0.2702702702702703 0.38702609495851215 0.0 0.0 
