12random:0T:1500 156.35105204582214
4 0 9 722.88 324.07 -1 26144.339999999997 30 327 813.3 298758.32999999996 3090.16 2.6995270252227783 0.48531687228769965 0.5830549726681146 0.5297464855189723 0.21574850794430153 0.4714714714714715 0.6337837837837839 6292.627999999999 0.13513513513513514 0.5135135135135135 4.1608206926542985 3.9594594594594597 271.09999999999997 1.8108108108108105 2.0255039989367196 0.13513513513513514 0.17658216183965744 
4 0 10 684.72 324.07 -1 26694.4 30 327 827.7400000000002 286424.2539999998 3162.750000000001 2.781867027282715 0.45978009857765073 0.5958812913034752 0.5449311747902316 0.21574850794430153 0.4087269087269087 0.6486486486486485 6409.442000000001 0.13513513513513514 0.5540540540540541 4.226472549731997 4.178378378378378 275.9133333333334 1.945945945945946 2.083913228523868 0.13513513513513514 0.1816437249300772 
12random:0T:1500 136.7303009033203
4 0 9 721.44 323.73 -1 26061.17 30 327 813.3 298091.3780000001 3089.8199999999997 2.5972208976745605 0.48468505012406404 0.5820662815026237 0.5297464855189723 0.21318462235418909 0.4706069706069706 0.6292792792792793 6291.907999999999 0.13513513513513514 0.5135135135135135 4.158808316732826 3.9594594594594597 271.09999999999997 1.8108108108108105 2.0229401133466074 0.13513513513513514 0.17658216183965744 
4 0 10 683.77 323.73 -1 26640.710000000003 30 327 827.7400000000002 285972.1819999997 3162.4100000000008 2.7231550216674805 0.45935079280939856 0.5944964582811286 0.5449311747902316 0.21318462235418909 0.40913640913640914 0.6463963963963962 6408.722000000001 0.13513513513513514 0.5540540540540541 4.224460173810524 4.178378378378378 275.9133333333334 1.945945945945946 2.081349342933756 0.13513513513513514 0.1816437249300772 
12random:1T:1500 130.26410293579102
4 1 9 665.53 228.64 -2 30127.879999999997 39 461 687.29 379819.62 2617.7 2.924268960952759 0.44658702450040844 0.516494571405322 0.457061374253815 0.15337906035185986 0.44101447418982953 0.5429660429660429 5514.088 0.06756756756756757 0.43243243243243246 3.627072818756579 3.3000000000000003 228.64 1.5135135135135136 1.7393252460730655 0.06756756756756757 0.15235379141793834 
4 1 10 621.2 285.17 -3 31385.4 39 461 735.3900000000001 360562.95400000026 2817.48 2.51706600189209 0.4166414364853067 0.5361896716974359 0.4774642995885056 0.1863628130935936 0.37466376328935574 0.5932085932085932 5794.188000000001 0.12162162162162163 0.4594594594594595 3.7959602356197903 3.500000000000001 245.13000000000002 1.6351351351351353 1.8335177748188713 0.12162162162162163 0.15915476652950186 
12random:2T:1500 54.47618794441223
4 2 9 890.59 410.28 -2 21448.209999999995 21 248 940.5499999999998 275382.9299999998 3642.209999999999 0.9001059532165527 0.5987890717157438 0.683973446403477 0.6208313045689152 0.2806551749161454 0.6576973449220145 0.823037323037323 7277.275999999999 0.16216216216216217 0.7027027027027027 4.864102383605521 5.113513513513514 313.5166666666666 2.432432432432433 2.4238042635390364 0.16216216216216217 0.20694376818963842 
4 2 10 812.35 376.18 -1 22529.570000000007 21 248 973.5099999999999 256333.21000000017 3709.8999999999996 2.004210948944092 0.545447634685728 0.7196477181604556 0.6464242377121 0.2482784348596156 0.501785926896059 0.864864864864865 7459.188 0.14864864864864866 0.7702702702702703 5.0250202027982285 5.610810810810812 324.5033333333333 2.6081081081081083 2.4660761973123604 0.14864864864864866 0.21547474590403334 
