random:0T:1200
3 -1 0 121
3 -1 1 144
3 -1 2 139
3 -1 3 219
3 -1 4 145
3 -1 5 160
3 -1 6 124
3 -1 7 127
3 -1 8 136
random:0T:1800
3 -1 0 161
3 -1 1 190
3 -1 2 173
3 -1 3 273
3 -1 4 185
3 -1 5 200
3 -1 6 155
3 -1 7 162
3 -1 8 171
random:0T:2400
3 -1 0 163
3 -1 1 216
3 -1 2 195
3 -1 3 264
3 -1 4 217
3 -1 5 257
3 -1 6 184
3 -1 7 202
3 -1 8 184
random:0T:3000
3 -1 0 186
3 -1 1 240
3 -1 2 216
3 -1 3 351
3 -1 4 250
3 -1 5 325
3 -1 6 200
3 -1 7 188
3 -1 8 243
random:1T:1200
3 -1 0 88
3 -1 1 121
3 -1 2 138
3 -1 3 209
3 -1 4 111
3 -1 5 160
3 -1 6 82
3 -1 7 82
3 -1 8 117
random:1T:1800
3 -1 0 122
3 -1 1 152
3 -1 2 199
3 -1 3 329
3 -1 4 144
3 -1 5 177
3 -1 6 112
3 -1 7 86
3 -1 8 199
random:1T:2400
3 -1 0 171
3 -1 1 199
3 -1 2 294
3 -1 3 421
3 -1 4 215
3 -1 5 302
3 -1 6 132
3 -1 7 169
3 -1 8 241
random:1T:3000
3 -1 0 207
3 -1 1 280
3 -1 2 278
3 -1 3 635
3 -1 4 221
3 -1 5 447
3 -1 6 152
3 -1 7 242
3 -1 8 353
