random:0T:1200
3 -1 0 121
3 -1 1 143
3 -1 2 162
3 -1 3 168
3 -1 4 139
3 -1 5 160
3 -1 6 130
3 -1 7 122
3 -1 8 154
random:0T:1800
3 -1 0 157
3 -1 1 175
3 -1 2 190
3 -1 3 301
3 -1 4 176
3 -1 5 191
3 -1 6 160
3 -1 7 148
3 -1 8 191
random:0T:2400
3 -1 0 174
3 -1 1 222
3 -1 2 228
3 -1 3 307
3 -1 4 215
3 -1 5 240
3 -1 6 211
3 -1 7 166
3 -1 8 192
random:0T:3000
3 -1 0 217
3 -1 1 273
3 -1 2 315
3 -1 3 399
3 -1 4 219
3 -1 5 259
3 -1 6 221
3 -1 7 178
3 -1 8 252
random:1T:1200
3 -1 0 89
3 -1 1 124
3 -1 2 97
3 -1 3 228
3 -1 4 119
3 -1 5 119
3 -1 6 91
3 -1 7 78
3 -1 8 131
random:1T:1800
3 -1 0 116
3 -1 1 141
3 -1 2 201
3 -1 3 342
3 -1 4 158
3 -1 5 186
3 -1 6 100
3 -1 7 94
3 -1 8 201
random:1T:2400
3 -1 0 186
3 -1 1 187
3 -1 2 310
3 -1 3 494
3 -1 4 224
3 -1 5 256
3 -1 6 178
3 -1 7 142
3 -1 8 224
random:1T:3000
3 -1 0 223
3 -1 1 217
3 -1 2 346
3 -1 3 419
3 -1 4 245
3 -1 5 346
3 -1 6 188
3 -1 7 234
3 -1 8 357
