random:0T:1800
sum 0 10 0 60 64 
sum 1 10 0 180 94 
sum 2 10 0 300 118 
sum 3 10 0 420 141 
sum 4 10 0 540 161 
sum 5 10 0 660 172 
sum 6 10 0 780 179 
sum 7 10 0 900 187 
sum 8 10 0 1020 200 
sum 9 10 0 1140 216 
sum 10 10 0 1260 232 
sum 11 10 0 1380 248 
sum 12 10 0 1500 248 
sum 13 10 0 1620 249 
sum 14 10 0 1740 250 
sum_state 0 10 0 60 90.0 
sum_state 1 10 0 180 138.0 
sum_state 2 10 0 300 182.5 
sum_state 3 10 0 420 227.0 
sum_state 4 10 0 540 266.0 
sum_state 5 10 0 660 293.5 
sum_state 6 10 0 780 321.0 
sum_state 7 10 0 900 354.0 
sum_state 8 10 0 1020 376.0 
sum_state 9 10 0 1140 392.0 
sum_state 10 10 0 1260 416.0 
sum_state 11 10 0 1380 433.0 
sum_state 12 10 0 1500 439.0 
sum_state 13 10 0 1620 449.0 
sum_state 14 10 0 1740 466.0 
sum_h2 0 10 0 60 14 
sum_h2 1 10 0 180 28 
sum_h2 2 10 0 300 41 
sum_h2 3 10 0 420 50 
sum_h2 4 10 0 540 58 
sum_h2 5 10 0 660 65 
sum_h2 6 10 0 780 66 
sum_h2 7 10 0 900 66 
sum_h2 8 10 0 1020 66 
sum_h2 9 10 0 1140 66 
sum_h2 10 10 0 1260 66 
sum_h2 11 10 0 1380 66 
sum_h2 12 10 0 1500 66 
sum_h2 13 10 0 1620 66 
sum_h2 14 10 0 1740 66 
miss fire 10 0 2 2 1 0 1 1 2 2 0 0 1 1 0 0 0 0 0 1 1 1 1 1 1 1 0 0 0 0 0 0 0 
miss human 10 0 19 19 9 7 8 8 6 9 9 9 4 3 1 2 2 2 3 3 3 3 3 3 3 3 0 0 0 0 0 0 0 
miss window 10 0 11 11 8 5 3 3 3 1 1 1 1 1 2 2 2 2 3 3 4 4 4 4 4 4 0 0 0 1 1 0 0 
miss f_s 10 0 2 1 0 0 1 1 3 3 3 2 3 3 3 3 3 4 2 2 0 0 2 3 0 1 3 2 1 2 3 2 
miss h_s2 10 0 7 7 7 7 7 6 5 4 4 4 4 3 1 0 0 0 0 0 0 0 0 0 0 0 0 0 0 0 0 0 
miss h_s 10 0 12 4 5 6 7 5 5 6 5 5 2 5 6 8 9 9 5 0 0 0 2 1 0 0 1 0 2 4 6 5 
acm fire 10 0 2 4 5 5 6 7 9 11 11 11 12 13 13 13 13 13 13 14 15 16 17 18 19 20 20 20 20 20 20 20 20 
acm human 10 0 19 38 47 54 62 70 76 85 94 103 107 110 111 113 115 117 120 123 126 129 132 135 138 141 141 141 141 141 141 141 141 
acm window 10 0 11 22 30 35 38 41 44 45 46 47 48 49 51 53 55 57 60 63 67 71 75 79 83 87 87 87 87 88 89 89 89 
tsim fire 10 0 2 2 2 2 3 3 4 4 4 4 5 5 5 5 5 5 5 6 6 6 6 6 6 6 6 6 6 6 6 6 6 
tsim human 10 0 19 19 19 19 17 16 14 13 13 13 13 12 10 9 9 9 8 8 8 8 8 8 8 8 8 8 8 8 8 8 8 
tsim window 10 0 11 11 11 11 11 11 11 11 11 11 11 11 12 12 12 12 13 13 14 14 14 14 14 14 14 14 14 15 15 15 15 
w_min_v -1 10 0 60 0.417
w_sample_min -1 10 0 60 0.0
w_detect_min -1 10 0 60 0.0
min_AUC -1 10 0 60 0.0
w_min_v -1 10 0 120 1.2313333333333332
w_sample_min -1 10 0 120 1.268612823374651
w_detect_min -1 10 0 120 2.0
min_AUC -1 10 0 120 0.0
w_min_v -1 10 0 180 1.6946666666666668
w_sample_min -1 10 0 180 1.5261348638512189
w_detect_min -1 10 0 180 2.0
min_AUC -1 10 0 180 0.0
w_min_v -1 10 0 240 1.5026666666666666
w_sample_min -1 10 0 240 2.0539370017847527
w_detect_min -1 10 0 240 2.5
min_AUC -1 10 0 240 0.0
w_min_v -1 10 0 300 1.3326666666666667
w_sample_min -1 10 0 300 1.821459822412264
w_detect_min -1 10 0 300 2.0
min_AUC -1 10 0 300 0.0
w_min_v -1 10 0 360 1.6753333333333333
w_sample_min -1 10 0 360 2.0995687693394753
w_detect_min -1 10 0 360 2.0
min_AUC -1 10 0 360 0.0
w_min_v -1 10 0 420 1.7806666666666668
w_sample_min -1 10 0 420 1.9631840262654463
w_detect_min -1 10 0 420 2.0
min_AUC -1 10 0 420 0.0
w_min_v -1 10 0 480 2.2001666666666666
w_sample_min -1 10 0 480 2.452534487561452
w_detect_min -1 10 0 480 2.0
min_AUC -1 10 0 480 0.1325
w_min_v -1 10 0 540 2.349166666666667
w_sample_min -1 10 0 540 3.0315351671750546
w_detect_min -1 10 0 540 2.0
min_AUC -1 10 0 540 0.257
w_min_v -1 10 0 600 2.083
w_sample_min -1 10 0 600 2.688407435301602
w_detect_min -1 10 0 600 2.0
min_AUC -1 10 0 600 0.22783333333333333
w_min_v -1 10 0 660 1.8778333333333332
w_sample_min -1 10 0 660 2.422423884447889
w_detect_min -1 10 0 660 2.0
min_AUC -1 10 0 660 0.20383333333333334
w_min_v -1 10 0 720 1.7888333333333333
w_sample_min -1 10 0 720 2.323353369228225
w_detect_min -1 10 0 720 2.0
min_AUC -1 10 0 720 0.18933333333333333
w_min_v -1 10 0 780 1.7634999999999998
w_sample_min -1 10 0 780 2.2600479676355762
w_detect_min -1 10 0 780 2.0
min_AUC -1 10 0 780 0.17583333333333334
w_min_v -1 10 0 840 1.5986666666666667
w_sample_min -1 10 0 840 2.047501368415143
w_detect_min -1 10 0 840 2.0
min_AUC -1 10 0 840 0.18516666666666665
w_min_v -1 10 0 900 1.4281666666666668
w_sample_min -1 10 0 900 1.850801771607226
w_detect_min -1 10 0 900 2.0
min_AUC -1 10 0 900 0.16416666666666666
w_min_v -1 10 0 960 1.5028333333333337
w_sample_min -1 10 0 960 1.7881984588241093
w_detect_min -1 10 0 960 0.0
min_AUC -1 10 0 960 0.14566666666666667
w_min_v -1 10 0 1020 2.0131666666666668
w_sample_min -1 10 0 1020 2.5035975070349203
w_detect_min -1 10 0 1020 2.0
min_AUC -1 10 0 1020 0.21683333333333332
w_min_v -1 10 0 1080 1.4745
w_sample_min -1 10 0 1080 2.93178538104387
w_detect_min -1 10 0 1080 0.0
min_AUC -1 10 0 1080 0.02625
w_min_v -1 10 0 1140 3.362
w_sample_min -1 10 0 1140 8.204898714224019
w_detect_min -1 10 0 1140 9.5
min_AUC -1 10 0 1140 0.10629166666666667
w_min_v -1 10 0 1200 2.735833333333333
w_sample_min -1 10 0 1200 6.607805624342641
w_detect_min -1 10 0 1200 3.0
min_AUC -1 10 0 1200 0.09483333333333333
w_min_v -1 10 0 1260 2.6533333333333333
w_sample_min -1 10 0 1260 5.787413460108617
w_detect_min -1 10 0 1260 1.5
min_AUC -1 10 0 1260 0.06277777777777778
w_min_v -1 10 0 1320 2.4459999999999997
w_sample_min -1 10 0 1320 5.41995346020404
w_detect_min -1 10 0 1320 3.5
min_AUC -1 10 0 1320 0.041166666666666664
w_min_v -1 10 0 1380 2.504
w_sample_min -1 10 0 1380 6.737019248617394
w_detect_min -1 10 0 1380 4.5
min_AUC -1 10 0 1380 0.07037500000000001
w_min_v -1 10 0 1440 3.1345
w_sample_min -1 10 0 1440 7.65437562479619
w_detect_min -1 10 0 1440 4.5
min_AUC -1 10 0 1440 0.10216666666666664
w_min_v -1 10 0 1500 3.1948333333333334
w_sample_min -1 10 0 1500 6.503113090673856
w_detect_min -1 10 0 1500 3.5
min_AUC -1 10 0 1500 0.06827777777777777
w_min_v -1 10 0 1560 2.9290000000000003
w_sample_min -1 10 0 1560 6.640281225860681
w_detect_min -1 10 0 1560 3.0
min_AUC -1 10 0 1560 0.08805555555555557
w_min_v -1 10 0 1620 2.6494999999999997
w_sample_min -1 10 0 1620 7.550087853403985
w_detect_min -1 10 0 1620 8.0
min_AUC -1 10 0 1620 0.060722222222222226
w_min_v -1 10 0 1680 2.8106666666666666
w_sample_min -1 10 0 1680 5.600748368363663
w_detect_min -1 10 0 1680 0.0
min_AUC -1 10 0 1680 0.09422222222222222
w_min_v -1 10 0 1740 2.532
w_sample_min -1 10 0 1740 5.371218704489997
w_detect_min -1 10 0 1740 0.0
min_AUC -1 10 0 1740 0.07227777777777777
w_min_v -1 10 0 1800 1.7273333333333332
w_sample_min -1 10 0 1800 3.777805918196828
w_detect_min -1 10 0 1800 0.0
min_AUC -1 10 0 1800 0.04738888888888889
task_num -1 10 0 142
runtime -1 10 0 0.30408215522766113 1.0875141620635986 0.8571240901947021 1.2182557582855225 0.24201679229736328 0.28735899925231934 0.2046811580657959 
avg_run -1 10 0 0.6001475879124233
al_time -1 10 0 0.028414011001586914 0.022417068481445312 0.024232149124145508 0.30410122871398926 0.015742778778076172 0.017634153366088867 0.011107206344604492 
avg_all -1 10 0 0.06052122797284808
AUC -1 10 0 7.45438838612368 9.84316873457832 9.057692307692307 0.45782180160829394 0.42128801431127005 0.20223717948717948
 
sum 0 8 0 60 64 
sum 1 8 0 180 97 
sum 2 8 0 300 119 
sum 3 8 0 420 136 
sum 4 8 0 540 148 
sum 5 8 0 660 159 
sum 6 8 0 780 168 
sum 7 8 0 900 177 
sum 8 8 0 1020 190 
sum 9 8 0 1140 206 
sum 10 8 0 1260 222 
sum 11 8 0 1380 238 
sum 12 8 0 1500 238 
sum 13 8 0 1620 239 
sum 14 8 0 1740 240 
sum_state 0 8 0 60 92.0 
sum_state 1 8 0 180 145.0 
sum_state 2 8 0 300 185.5 
sum_state 3 8 0 420 220.0 
sum_state 4 8 0 540 248.0 
sum_state 5 8 0 660 277.5 
sum_state 6 8 0 780 306.0 
sum_state 7 8 0 900 338.0 
sum_state 8 8 0 1020 359.0 
sum_state 9 8 0 1140 377.0 
sum_state 10 8 0 1260 400.0 
sum_state 11 8 0 1380 423.0 
sum_state 12 8 0 1500 432.0 
sum_state 13 8 0 1620 441.0 
sum_state 14 8 0 1740 451.0 
sum_h2 0 8 0 60 14 
sum_h2 1 8 0 180 28 
sum_h2 2 8 0 300 41 
sum_h2 3 8 0 420 50 
sum_h2 4 8 0 540 58 
sum_h2 5 8 0 660 65 
sum_h2 6 8 0 780 66 
sum_h2 7 8 0 900 66 
sum_h2 8 8 0 1020 66 
sum_h2 9 8 0 1140 66 
sum_h2 10 8 0 1260 66 
sum_h2 11 8 0 1380 66 
sum_h2 12 8 0 1500 66 
sum_h2 13 8 0 1620 66 
sum_h2 14 8 0 1740 66 
miss fire 8 0 2 2 0 0 1 1 2 2 0 0 1 1 1 1 1 1 1 2 2 2 2 2 2 2 0 0 0 0 0 0 0 
miss human 8 0 19 19 11 9 8 7 5 5 5 5 4 3 1 2 2 1 2 2 2 2 2 2 2 2 0 0 0 0 0 0 0 
miss window 8 0 11 11 8 5 3 2 2 1 1 1 1 1 2 2 2 2 3 3 4 4 4 4 4 4 0 0 0 1 1 0 0 
miss f_s 8 0 2 1 0 0 1 1 3 0 0 0 1 2 2 2 3 4 1 2 1 1 2 3 2 3 4 2 1 3 3 3 
miss h_s2 8 0 7 7 7 7 7 6 5 4 4 4 4 3 1 0 0 0 0 0 0 0 0 0 0 0 0 0 0 0 0 0 
miss h_s 8 0 12 6 6 7 6 4 4 6 5 7 6 6 7 8 9 7 4 1 0 0 1 1 1 1 2 1 2 2 1 2 
acm fire 8 0 2 4 4 4 5 6 8 10 10 10 11 12 13 14 15 16 17 19 21 23 25 27 29 31 31 31 31 31 31 31 31 
acm human 8 0 19 38 49 58 66 73 78 83 88 93 97 100 101 103 105 106 108 110 112 114 116 118 120 122 122 122 122 122 122 122 122 
acm window 8 0 11 22 30 35 38 40 42 43 44 45 46 47 49 51 53 55 58 61 65 69 73 77 81 85 85 85 85 86 87 87 87 
tsim fire 8 0 2 2 2 2 3 3 4 4 4 4 5 5 5 5 5 5 5 6 6 6 6 6 6 6 6 6 6 6 6 6 6 
tsim human 8 0 19 19 19 19 17 16 14 13 13 13 13 12 10 9 9 9 8 8 8 8 8 8 8 8 8 8 8 8 8 8 8 
tsim window 8 0 11 11 11 11 11 11 11 11 11 11 11 11 12 12 12 12 13 13 14 14 14 14 14 14 14 14 14 15 15 15 15 
w_min_v -1 8 0 60 0.417
w_sample_min -1 8 0 60 0.0
w_detect_min -1 8 0 60 0.0
min_AUC -1 8 0 60 0.0
w_min_v -1 8 0 120 1.2313333333333332
w_sample_min -1 8 0 120 1.268612823374651
w_detect_min -1 8 0 120 2.0
min_AUC -1 8 0 120 0.0
w_min_v -1 8 0 180 1.6946666666666668
w_sample_min -1 8 0 180 1.5261348638512189
w_detect_min -1 8 0 180 2.0
min_AUC -1 8 0 180 0.0
w_min_v -1 8 0 240 1.9711666666666665
w_sample_min -1 8 0 240 2.4871405172288066
w_detect_min -1 8 0 240 2.5
min_AUC -1 8 0 240 0.0
w_min_v -1 8 0 300 1.7481666666666666
w_sample_min -1 8 0 300 2.2494945510299296
w_detect_min -1 8 0 300 2.0
min_AUC -1 8 0 300 0.0
w_min_v -1 8 0 360 1.6753333333333333
w_sample_min -1 8 0 360 2.0995687693394753
w_detect_min -1 8 0 360 2.0
min_AUC -1 8 0 360 0.0
w_min_v -1 8 0 420 1.7806666666666668
w_sample_min -1 8 0 420 1.9631840262654463
w_detect_min -1 8 0 420 2.0
min_AUC -1 8 0 420 0.0
w_min_v -1 8 0 480 2.0676666666666668
w_sample_min -1 8 0 480 2.457942525756507
w_detect_min -1 8 0 480 2.0
min_AUC -1 8 0 480 0.0
w_min_v -1 8 0 540 2.349166666666667
w_sample_min -1 8 0 540 3.0315351671750546
w_detect_min -1 8 0 540 2.0
min_AUC -1 8 0 540 0.257
w_min_v -1 8 0 600 2.083
w_sample_min -1 8 0 600 2.688407435301602
w_detect_min -1 8 0 600 2.0
min_AUC -1 8 0 600 0.22783333333333333
w_min_v -1 8 0 660 1.8944999999999999
w_sample_min -1 8 0 660 2.4002170216768794
w_detect_min -1 8 0 660 2.0
min_AUC -1 8 0 660 0.20866666666666667
w_min_v -1 8 0 720 1.8011666666666666
w_sample_min -1 8 0 720 2.3249084123293398
w_detect_min -1 8 0 720 2.0
min_AUC -1 8 0 720 0.19533333333333333
w_min_v -1 8 0 780 1.7654999999999998
w_sample_min -1 8 0 780 2.2837396756432
w_detect_min -1 8 0 780 2.0
min_AUC -1 8 0 780 0.17583333333333334
w_min_v -1 8 0 840 1.581
w_sample_min -1 8 0 840 2.048590464174742
w_detect_min -1 8 0 840 2.0
min_AUC -1 8 0 840 0.16849999999999998
w_min_v -1 8 0 900 1.4183333333333334
w_sample_min -1 8 0 900 1.8600519866579137
w_detect_min -1 8 0 900 2.0
min_AUC -1 8 0 900 0.14933333333333335
w_min_v -1 8 0 960 1.6375000000000002
w_sample_min -1 8 0 960 1.682088077418912
w_detect_min -1 8 0 960 0.0
min_AUC -1 8 0 960 0.2145
w_min_v -1 8 0 1020 2.0178333333333334
w_sample_min -1 8 0 1020 2.4560032071784246
w_detect_min -1 8 0 1020 2.0
min_AUC -1 8 0 1020 0.21283333333333332
w_min_v -1 8 0 1080 1.3993333333333333
w_sample_min -1 8 0 1080 4.930516240594853
w_detect_min -1 8 0 1080 3.0
min_AUC -1 8 0 1080 0.02625
w_min_v -1 8 0 1140 3.2366666666666664
w_sample_min -1 8 0 1140 8.01907538553134
w_detect_min -1 8 0 1140 9.5
min_AUC -1 8 0 1140 0.10683333333333334
w_min_v -1 8 0 1200 2.963333333333334
w_sample_min -1 8 0 1200 6.906751320605579
w_detect_min -1 8 0 1200 3.5
min_AUC -1 8 0 1200 0.09566666666666666
w_min_v -1 8 0 1260 2.585166666666667
w_sample_min -1 8 0 1260 5.701585346279028
w_detect_min -1 8 0 1260 3.0
min_AUC -1 8 0 1260 0.06277777777777778
w_min_v -1 8 0 1320 2.041333333333333
w_sample_min -1 8 0 1320 4.831295489656221
w_detect_min -1 8 0 1320 3.0
min_AUC -1 8 0 1320 0.041166666666666664
w_min_v -1 8 0 1380 2.8705
w_sample_min -1 8 0 1380 6.777943493172733
w_detect_min -1 8 0 1380 6.0
min_AUC -1 8 0 1380 0.08574999999999999
w_min_v -1 8 0 1440 3.0404999999999998
w_sample_min -1 8 0 1440 6.056454439013128
w_detect_min -1 8 0 1440 2.0
min_AUC -1 8 0 1440 0.09177777777777778
w_min_v -1 8 0 1500 2.9355
w_sample_min -1 8 0 1500 5.786857832387632
w_detect_min -1 8 0 1500 3.5
min_AUC -1 8 0 1500 0.0713888888888889
w_min_v -1 8 0 1560 2.6193333333333335
w_sample_min -1 8 0 1560 7.081581977696764
w_detect_min -1 8 0 1560 4.5
min_AUC -1 8 0 1560 0.053944444444444455
w_min_v -1 8 0 1620 2.9743333333333335
w_sample_min -1 8 0 1620 6.550010966619505
w_detect_min -1 8 0 1620 3.0
min_AUC -1 8 0 1620 0.100875
w_min_v -1 8 0 1680 2.8258333333333336
w_sample_min -1 8 0 1680 6.074683037820924
w_detect_min -1 8 0 1680 0.0
min_AUC -1 8 0 1680 0.09166666666666667
w_min_v -1 8 0 1740 2.7201666666666666
w_sample_min -1 8 0 1740 6.327879827799389
w_detect_min -1 8 0 1740 3.5
min_AUC -1 8 0 1740 0.07027777777777779
w_min_v -1 8 0 1800 1.8505
w_sample_min -1 8 0 1800 4.571936143149584
w_detect_min -1 8 0 1800 1.5
min_AUC -1 8 0 1800 0.04611111111111111
task_num -1 8 0 142
runtime -1 8 0 1.3739001750946045 1.9803457260131836 0.6615521907806396 1.338683843612671 0.3627312183380127 0.2777111530303955 0.14803218841552734 
avg_run -1 8 0 0.8775652136121478
al_time -1 8 0 0.046590328216552734 0.021472930908203125 0.0246889591217041 0.3103220462799072 0.016907691955566406 0.016043901443481445 0.011924982070922852 
avg_all -1 8 0 0.06399297714233398
AUC -1 8 0 7.549690799396681 9.649544008451617 9.470437405731522 0.44881600039309844 0.4404854607316987 0.20731410256410257
 
sum 0 17 0 60 64 
sum 1 17 0 180 92 
sum 2 17 0 300 115 
sum 3 17 0 420 134 
sum 4 17 0 540 152 
sum 5 17 0 660 165 
sum 6 17 0 780 174 
sum 7 17 0 900 180 
sum 8 17 0 1020 191 
sum 9 17 0 1140 205 
sum 10 17 0 1260 212 
sum 11 17 0 1380 212 
sum 12 17 0 1500 212 
sum 13 17 0 1620 213 
sum 14 17 0 1740 214 
sum_state 0 17 0 60 91.0 
sum_state 1 17 0 180 136.0 
sum_state 2 17 0 300 180.5 
sum_state 3 17 0 420 216.0 
sum_state 4 17 0 540 250.0 
sum_state 5 17 0 660 282.5 
sum_state 6 17 0 780 295.5 
sum_state 7 17 0 900 305.5 
sum_state 8 17 0 1020 323.5 
sum_state 9 17 0 1140 342.5 
sum_state 10 17 0 1260 362.5 
sum_state 11 17 0 1380 367.5 
sum_state 12 17 0 1500 373.5 
sum_state 13 17 0 1620 379.5 
sum_state 14 17 0 1740 394.5 
sum_h2 0 17 0 60 14 
sum_h2 1 17 0 180 28 
sum_h2 2 17 0 300 41 
sum_h2 3 17 0 420 50 
sum_h2 4 17 0 540 58 
sum_h2 5 17 0 660 65 
sum_h2 6 17 0 780 65 
sum_h2 7 17 0 900 65 
sum_h2 8 17 0 1020 65 
sum_h2 9 17 0 1140 65 
sum_h2 10 17 0 1260 65 
sum_h2 11 17 0 1380 65 
sum_h2 12 17 0 1500 65 
sum_h2 13 17 0 1620 65 
sum_h2 14 17 0 1740 65 
miss fire 17 0 2 2 1 0 1 1 2 0 0 0 1 1 1 1 0 0 0 1 1 1 1 0 0 0 0 0 0 0 0 0 0 
miss human 17 0 19 19 6 5 6 5 3 6 6 6 2 3 2 3 3 3 4 4 4 4 4 0 0 0 0 0 0 0 0 0 0 
miss window 17 0 11 11 9 7 5 5 5 3 3 3 3 3 1 1 0 0 1 1 2 2 2 0 0 0 0 0 0 1 1 0 0 
miss f_s 17 0 2 1 0 0 1 1 0 1 1 1 2 2 0 0 1 1 1 1 0 1 1 1 1 0 3 0 0 0 2 3 
miss h_s2 17 0 7 7 7 7 7 6 5 4 4 4 4 3 0 0 0 0 0 0 0 0 0 0 0 0 0 0 0 0 0 0 
miss h_s 17 0 12 5 4 6 7 6 6 5 5 5 6 6 2 2 0 2 2 3 2 2 5 6 2 2 2 1 2 3 4 5 
acm fire 17 0 2 4 5 5 6 7 9 9 9 9 10 11 12 13 13 13 13 14 15 16 17 17 17 17 17 17 17 17 17 17 17 
acm human 17 0 19 38 44 49 55 60 63 69 75 81 83 86 88 91 94 97 101 105 109 113 117 117 117 117 117 117 117 117 117 117 117 
acm window 17 0 11 22 31 38 43 48 53 56 59 62 65 68 69 70 70 70 71 72 74 76 78 78 78 78 78 78 78 79 80 80 80 
tsim fire 17 0 2 2 2 2 3 3 4 4 4 4 5 5 5 5 5 5 5 6 6 6 6 6 6 6 6 6 6 6 6 6 6 
tsim human 17 0 19 19 19 19 17 16 14 13 13 13 13 12 10 9 9 9 8 8 8 8 8 8 8 8 8 8 8 8 8 8 8 
tsim window 17 0 11 11 11 11 11 11 11 11 11 11 11 11 12 12 12 12 13 13 14 14 14 14 14 14 14 14 14 15 15 15 15 
w_min_v -1 17 0 60 0.417
w_sample_min -1 17 0 60 0.0
w_detect_min -1 17 0 60 0.0
min_AUC -1 17 0 60 0.0
w_min_v -1 17 0 120 1.2313333333333332
w_sample_min -1 17 0 120 1.268612823374651
w_detect_min -1 17 0 120 2.0
min_AUC -1 17 0 120 0.0
w_min_v -1 17 0 180 1.6946666666666668
w_sample_min -1 17 0 180 1.5261348638512189
w_detect_min -1 17 0 180 2.0
min_AUC -1 17 0 180 0.0
w_min_v -1 17 0 240 1.5026666666666666
w_sample_min -1 17 0 240 2.0539370017847527
w_detect_min -1 17 0 240 2.5
min_AUC -1 17 0 240 0.0
w_min_v -1 17 0 300 1.3326666666666667
w_sample_min -1 17 0 300 1.821459822412264
w_detect_min -1 17 0 300 2.0
min_AUC -1 17 0 300 0.0
w_min_v -1 17 0 360 1.5536666666666665
w_sample_min -1 17 0 360 2.0041919761920735
w_detect_min -1 17 0 360 2.0
min_AUC -1 17 0 360 0.0
w_min_v -1 17 0 420 1.9226666666666667
w_sample_min -1 17 0 420 2.0416303368436197
w_detect_min -1 17 0 420 2.0
min_AUC -1 17 0 420 0.0
w_min_v -1 17 0 480 2.1310000000000002
w_sample_min -1 17 0 480 2.3948429545476104
w_detect_min -1 17 0 480 2.0
min_AUC -1 17 0 480 0.13166666666666668
w_min_v -1 17 0 540 2.181333333333333
w_sample_min -1 17 0 540 2.859032256559927
w_detect_min -1 17 0 540 2.0
min_AUC -1 17 0 540 0.27149999999999996
w_min_v -1 17 0 600 1.945833333333333
w_sample_min -1 17 0 600 2.5432941842093166
w_detect_min -1 17 0 600 2.0
min_AUC -1 17 0 600 0.252
w_min_v -1 17 0 660 1.851
w_sample_min -1 17 0 660 2.3674267898789103
w_detect_min -1 17 0 660 2.0
min_AUC -1 17 0 660 0.27749999999999997
w_min_v -1 17 0 720 1.962
w_sample_min -1 17 0 720 2.478073560829774
w_detect_min -1 17 0 720 2.0
min_AUC -1 17 0 720 0.26366666666666666
w_min_v -1 17 0 780 1.8116666666666668
w_sample_min -1 17 0 780 2.896554253313962
w_detect_min -1 17 0 780 0.0
min_AUC -1 17 0 780 0.0
w_min_v -1 17 0 840 2.7056666666666667
w_sample_min -1 17 0 840 8.495182915953134
w_detect_min -1 17 0 840 11.25
min_AUC -1 17 0 840 0.0205
w_min_v -1 17 0 900 3.2776666666666667
w_sample_min -1 17 0 900 6.361275160913991
w_detect_min -1 17 0 900 0.75
min_AUC -1 17 0 900 0.08312499999999999
w_min_v -1 17 0 960 3.412666666666667
w_sample_min -1 17 0 960 8.223529765376757
w_detect_min -1 17 0 960 4.5
min_AUC -1 17 0 960 0.09104166666666667
w_min_v -1 17 0 1020 3.2346666666666666
w_sample_min -1 17 0 1020 7.376420436316737
w_detect_min -1 17 0 1020 2.25
min_AUC -1 17 0 1020 0.08879166666666666
w_min_v -1 17 0 1080 2.8083333333333336
w_sample_min -1 17 0 1080 5.0925522377840355
w_detect_min -1 17 0 1080 0.0
min_AUC -1 17 0 1080 0.07154166666666667
w_min_v -1 17 0 1140 3.59
w_sample_min -1 17 0 1140 6.268351811773426
w_detect_min -1 17 0 1140 1.5
min_AUC -1 17 0 1140 0.09679166666666665
w_min_v -1 17 0 1200 3.4181666666666666
w_sample_min -1 17 0 1200 7.690560468483091
w_detect_min -1 17 0 1200 3.0
min_AUC -1 17 0 1200 0.10108333333333334
w_min_v -1 17 0 1260 3.629833333333333
w_sample_min -1 17 0 1260 7.916321497474546
w_detect_min -1 17 0 1260 5.25
min_AUC -1 17 0 1260 0.10616666666666667
w_min_v -1 17 0 1320 2.5035000000000003
w_sample_min -1 17 0 1320 6.056887855090422
w_detect_min -1 17 0 1320 0.75
min_AUC -1 17 0 1320 0.06966666666666667
w_min_v -1 17 0 1380 2.7348333333333334
w_sample_min -1 17 0 1380 5.582787961967974
w_detect_min -1 17 0 1380 0.0
min_AUC -1 17 0 1380 0.07794444444444444
w_min_v -1 17 0 1440 3.0536666666666665
w_sample_min -1 17 0 1440 7.05353437474009
w_detect_min -1 17 0 1440 1.5
min_AUC -1 17 0 1440 0.088875
w_min_v -1 17 0 1500 3.5156666666666663
w_sample_min -1 17 0 1500 7.743107469976286
w_detect_min -1 17 0 1500 6.0
min_AUC -1 17 0 1500 0.08879166666666666
w_min_v -1 17 0 1560 2.8499999999999996
w_sample_min -1 17 0 1560 7.2083932671541975
w_detect_min -1 17 0 1560 5.25
min_AUC -1 17 0 1560 0.05825
w_min_v -1 17 0 1620 2.8351666666666664
w_sample_min -1 17 0 1620 7.015420873622643
w_detect_min -1 17 0 1620 0.0
min_AUC -1 17 0 1620 0.08066666666666666
w_min_v -1 17 0 1680 2.443833333333333
w_sample_min -1 17 0 1680 5.9490396958263405
w_detect_min -1 17 0 1680 0.0
min_AUC -1 17 0 1680 0.06045833333333333
w_min_v -1 17 0 1740 2.406
w_sample_min -1 17 0 1740 5.605705354624666
w_detect_min -1 17 0 1740 0.0
min_AUC -1 17 0 1740 0.067625
w_min_v -1 17 0 1800 1.6665
w_sample_min -1 17 0 1800 5.006128604819421
w_detect_min -1 17 0 1800 0.0
min_AUC -1 17 0 1800 0.044375000000000005
task_num -1 17 0 152
runtime -1 17 0 0.28888392448425293 0.3629298210144043 1.1232199668884277 0.2328789234161377 0.30371522903442383 0.21021795272827148 0.3006019592285156 0.12610602378845215 
avg_run -1 17 0 0.3685692250728607
al_time -1 17 0 0.04370713233947754 0.02475905418395996 0.30957794189453125 0.010807991027832031 0.08354902267456055 0.014132022857666016 0.013771772384643555 0.011728286743164062 
avg_all -1 17 0 0.06400415301322937
AUC -1 17 0 6.996685185185186 11.270366815488185 11.17638888888889 0.49001594849948626 0.4859299516908213 0.1758587962962963
 
sum 0 5 0 60 64 
sum 1 5 0 180 103 
sum 2 5 0 300 125 
sum 3 5 0 420 143 
sum 4 5 0 540 158 
sum 5 5 0 660 165 
sum 6 5 0 780 179 
sum 7 5 0 900 191 
sum 8 5 0 1020 192 
sum 9 5 0 1140 194 
sum 10 5 0 1260 196 
sum 11 5 0 1380 196 
sum 12 5 0 1500 196 
sum 13 5 0 1620 197 
sum 14 5 0 1740 198 
sum_state 0 5 0 60 97.0 
sum_state 1 5 0 180 161.0 
sum_state 2 5 0 300 204.5 
sum_state 3 5 0 420 236.0 
sum_state 4 5 0 540 266.0 
sum_state 5 5 0 660 294.5 
sum_state 6 5 0 780 318.0 
sum_state 7 5 0 900 334.0 
sum_state 8 5 0 1020 338.0 
sum_state 9 5 0 1140 345.0 
sum_state 10 5 0 1260 357.0 
sum_state 11 5 0 1380 359.0 
sum_state 12 5 0 1500 366.0 
sum_state 13 5 0 1620 374.0 
sum_state 14 5 0 1740 386.0 
sum_h2 0 5 0 60 14 
sum_h2 1 5 0 180 28 
sum_h2 2 5 0 300 41 
sum_h2 3 5 0 420 50 
sum_h2 4 5 0 540 58 
sum_h2 5 5 0 660 65 
sum_h2 6 5 0 780 66 
sum_h2 7 5 0 900 66 
sum_h2 8 5 0 1020 66 
sum_h2 9 5 0 1140 66 
sum_h2 10 5 0 1260 66 
sum_h2 11 5 0 1380 66 
sum_h2 12 5 0 1500 66 
sum_h2 13 5 0 1620 66 
sum_h2 14 5 0 1740 66 
miss fire 5 0 2 2 1 0 1 1 2 0 0 0 1 1 1 0 0 0 1 0 0 0 0 0 0 0 0 0 0 0 0 0 0 
miss human 5 0 19 19 14 8 6 5 3 5 5 5 1 2 4 5 5 5 0 0 0 0 0 0 0 0 0 0 0 0 0 0 0 
miss window 5 0 11 11 9 7 5 4 4 4 3 2 1 1 2 2 2 0 0 0 1 1 1 1 0 0 0 0 0 1 1 0 0 
miss f_s 5 0 2 1 0 0 1 1 0 1 0 0 1 1 0 0 0 1 0 1 1 2 2 2 0 0 2 1 1 2 3 2 
miss h_s2 5 0 7 7 7 7 7 6 5 4 4 4 4 3 1 0 0 0 0 0 0 0 0 0 0 0 0 0 0 0 0 0 
miss h_s 5 0 12 11 9 9 8 5 4 4 4 7 8 8 7 2 2 1 0 2 1 1 3 3 1 1 3 1 1 3 3 3 
acm fire 5 0 2 4 5 5 6 7 9 9 9 9 10 11 12 12 12 12 13 13 13 13 13 13 13 13 13 13 13 13 13 13 13 
acm human 5 0 19 38 52 60 66 71 74 79 84 89 90 92 96 101 106 111 111 111 111 111 111 111 111 111 111 111 111 111 111 111 111 
acm window 5 0 11 22 31 38 43 47 51 55 58 60 61 62 64 66 68 68 68 68 69 70 71 72 72 72 72 72 72 73 74 74 74 
tsim fire 5 0 2 2 2 2 3 3 4 4 4 4 5 5 5 5 5 5 5 6 6 6 6 6 6 6 6 6 6 6 6 6 6 
tsim human 5 0 19 19 19 19 17 16 14 13 13 13 13 12 10 9 9 9 8 8 8 8 8 8 8 8 8 8 8 8 8 8 8 
tsim window 5 0 11 11 11 11 11 11 11 11 11 11 11 11 12 12 12 12 13 13 14 14 14 14 14 14 14 14 14 15 15 15 15 
w_min_v -1 5 0 60 0.8253333333333334
w_sample_min -1 5 0 60 0.6836025103076772
w_detect_min -1 5 0 60 1.0
min_AUC -1 5 0 60 0.0
w_min_v -1 5 0 120 1.2133333333333334
w_sample_min -1 5 0 120 1.2499821093836272
w_detect_min -1 5 0 120 2.0
min_AUC -1 5 0 120 0.0
w_min_v -1 5 0 180 1.7146666666666666
w_sample_min -1 5 0 180 1.529373629027115
w_detect_min -1 5 0 180 2.0
min_AUC -1 5 0 180 0.0
w_min_v -1 5 0 240 2.041166666666667
w_sample_min -1 5 0 240 2.548959985995479
w_detect_min -1 5 0 240 2.5
min_AUC -1 5 0 240 0.0
w_min_v -1 5 0 300 1.81
w_sample_min -1 5 0 300 2.3031227427674668
w_detect_min -1 5 0 300 2.0
min_AUC -1 5 0 300 0.0
w_min_v -1 5 0 360 1.6051666666666669
w_sample_min -1 5 0 360 2.042441193858246
w_detect_min -1 5 0 360 2.0
min_AUC -1 5 0 360 0.0
w_min_v -1 5 0 420 1.884
w_sample_min -1 5 0 420 1.9762502476387316
w_detect_min -1 5 0 420 2.0
min_AUC -1 5 0 420 0.0
w_min_v -1 5 0 480 2.0163333333333333
w_sample_min -1 5 0 480 2.383084503179685
w_detect_min -1 5 0 480 2.0
min_AUC -1 5 0 480 0.0
w_min_v -1 5 0 540 2.2046666666666663
w_sample_min -1 5 0 540 2.11335239210515
w_detect_min -1 5 0 540 2.0
min_AUC -1 5 0 540 0.25916666666666666
w_min_v -1 5 0 600 1.9986666666666666
w_sample_min -1 5 0 600 2.697873131276056
w_detect_min -1 5 0 600 2.0
min_AUC -1 5 0 600 0.2298333333333333
w_min_v -1 5 0 660 1.8088333333333333
w_sample_min -1 5 0 660 2.4109427479824506
w_detect_min -1 5 0 660 2.0
min_AUC -1 5 0 660 0.2353333333333333
w_min_v -1 5 0 720 2.0315
w_sample_min -1 5 0 720 2.471706923123903
w_detect_min -1 5 0 720 2.0
min_AUC -1 5 0 720 0.2821666666666667
w_min_v -1 5 0 780 1.844666666666667
w_sample_min -1 5 0 780 2.329786862559393
w_detect_min -1 5 0 780 2.0
min_AUC -1 5 0 780 0.2695
w_min_v -1 5 0 840 1.5473333333333334
w_sample_min -1 5 0 840 2.5927979501303122
w_detect_min -1 5 0 840 0.0
min_AUC -1 5 0 840 0.0
w_min_v -1 5 0 900 3.0595000000000003
w_sample_min -1 5 0 900 6.35342174353365
w_detect_min -1 5 0 900 3.0
min_AUC -1 5 0 900 0.081
w_min_v -1 5 0 960 3.0791666666666666
w_sample_min -1 5 0 960 8.512841233760478
w_detect_min -1 5 0 960 6.75
min_AUC -1 5 0 960 0.06658333333333334
w_min_v -1 5 0 1020 3.4211666666666667
w_sample_min -1 5 0 1020 6.987481209323473
w_detect_min -1 5 0 1020 3.0
min_AUC -1 5 0 1020 0.09766666666666667
w_min_v -1 5 0 1080 2.6966666666666668
w_sample_min -1 5 0 1080 6.3934253328484
w_detect_min -1 5 0 1080 2.25
min_AUC -1 5 0 1080 0.06495833333333333
w_min_v -1 5 0 1140 2.6473333333333335
w_sample_min -1 5 0 1140 5.185054987987614
w_detect_min -1 5 0 1140 0.75
min_AUC -1 5 0 1140 0.049374999999999995
w_min_v -1 5 0 1200 2.2851666666666666
w_sample_min -1 5 0 1200 4.904568579915273
w_detect_min -1 5 0 1200 0.75
min_AUC -1 5 0 1200 0.058416666666666665
w_min_v -1 5 0 1260 1.9423333333333332
w_sample_min -1 5 0 1260 4.683322737887036
w_detect_min -1 5 0 1260 1.5
min_AUC -1 5 0 1260 0.04933333333333333
w_min_v -1 5 0 1320 1.8783333333333334
w_sample_min -1 5 0 1320 5.456709131219488
w_detect_min -1 5 0 1320 1.5
min_AUC -1 5 0 1320 0.032375
w_min_v -1 5 0 1380 3.3413333333333335
w_sample_min -1 5 0 1380 5.928624928995479
w_detect_min -1 5 0 1380 0.0
min_AUC -1 5 0 1380 0.08558333333333333
w_min_v -1 5 0 1440 2.8281666666666667
w_sample_min -1 5 0 1440 7.460481925961133
w_detect_min -1 5 0 1440 1.5
min_AUC -1 5 0 1440 0.07483333333333334
w_min_v -1 5 0 1500 2.0155000000000003
w_sample_min -1 5 0 1500 5.19750789026007
w_detect_min -1 5 0 1500 0.0
min_AUC -1 5 0 1500 0.04908333333333333
w_min_v -1 5 0 1560 1.549
w_sample_min -1 5 0 1560 3.9823290617225267
w_detect_min -1 5 0 1560 0.0
min_AUC -1 5 0 1560 0.037875
w_min_v -1 5 0 1620 1.0998333333333334
w_sample_min -1 5 0 1620 3.0640107261090446
w_detect_min -1 5 0 1620 0.0
min_AUC -1 5 0 1620 0.024833333333333332
w_min_v -1 5 0 1680 2.6478333333333333
w_sample_min -1 5 0 1680 4.922167141223573
w_detect_min -1 5 0 1680 0.0
min_AUC -1 5 0 1680 0.07133333333333333
w_min_v -1 5 0 1740 2.2003333333333335
w_sample_min -1 5 0 1740 4.641486705958106
w_detect_min -1 5 0 1740 0.0
min_AUC -1 5 0 1740 0.057944444444444444
w_min_v -1 5 0 1800 1.5333333333333332
w_sample_min -1 5 0 1800 3.343481334158401
w_detect_min -1 5 0 1800 0.0
min_AUC -1 5 0 1800 0.03805555555555556
task_num -1 5 0 156
runtime -1 5 0 0.9911952018737793 2.156111240386963 0.6302402019500732 0.30540919303894043 0.23784089088439941 0.22657012939453125 0.12745285034179688 
avg_run -1 5 0 0.6678313868386405
al_time -1 5 0 0.028409957885742188 0.02607107162475586 0.3270440101623535 0.05231595039367676 0.01585698127746582 0.014320850372314453 0.010469198226928711 
avg_all -1 5 0 0.0677840028490339
AUC -1 5 0 6.847270739064856 10.320209229026219 9.6657616892911 0.4487047490880965 0.42025050823004784 0.1775906862745098
 
sum 0 3 0 60 64 
sum 1 3 0 180 98 
sum 2 3 0 300 117 
sum 3 3 0 420 136 
sum 4 3 0 540 148 
sum 5 3 0 660 155 
sum 6 3 0 780 164 
sum 7 3 0 900 170 
sum 8 3 0 1020 175 
sum 9 3 0 1140 183 
sum 10 3 0 1260 183 
sum 11 3 0 1380 183 
sum 12 3 0 1500 183 
sum 13 3 0 1620 184 
sum 14 3 0 1740 186 
sum_state 0 3 0 60 97.0 
sum_state 1 3 0 180 149.0 
sum_state 2 3 0 300 185.5 
sum_state 3 3 0 420 223.0 
sum_state 4 3 0 540 251.0 
sum_state 5 3 0 660 276.0 
sum_state 6 3 0 780 302.5 
sum_state 7 3 0 900 322.5 
sum_state 8 3 0 1020 345.5 
sum_state 9 3 0 1140 368.5 
sum_state 10 3 0 1260 384.5 
sum_state 11 3 0 1380 394.5 
sum_state 12 3 0 1500 404.5 
sum_state 13 3 0 1620 413.5 
sum_state 14 3 0 1740 424.5 
sum_h2 0 3 0 60 14 
sum_h2 1 3 0 180 22 
sum_h2 2 3 0 300 33 
sum_h2 3 3 0 420 40 
sum_h2 4 3 0 540 46 
sum_h2 5 3 0 660 50 
sum_h2 6 3 0 780 51 
sum_h2 7 3 0 900 51 
sum_h2 8 3 0 1020 51 
sum_h2 9 3 0 1140 51 
sum_h2 10 3 0 1260 51 
sum_h2 11 3 0 1380 51 
sum_h2 12 3 0 1500 51 
sum_h2 13 3 0 1620 51 
sum_h2 14 3 0 1740 51 
miss fire 3 0 2 2 0 0 1 1 2 1 0 0 1 1 0 0 0 0 0 1 1 1 0 0 0 0 0 0 0 0 0 0 0 
miss human 3 0 19 19 13 5 5 4 4 5 3 3 0 1 2 1 1 1 0 0 0 0 0 0 0 0 0 0 0 0 0 0 0 
miss window 3 0 11 11 9 7 4 4 4 3 3 3 2 2 3 3 3 1 2 2 3 3 0 0 0 0 0 0 0 1 1 1 1 
miss f_s 3 0 2 2 1 0 1 1 1 1 1 1 2 2 2 1 2 2 2 4 2 3 3 4 3 2 2 2 0 2 2 2 
miss h_s2 3 0 7 7 4 4 6 5 4 3 3 3 2 2 1 0 0 0 0 0 0 0 0 0 0 0 0 0 0 0 0 0 
miss h_s 3 0 12 10 7 6 5 5 6 7 7 4 5 7 8 6 4 6 5 7 5 5 4 5 2 3 3 3 2 4 3 2 
acm fire 3 0 2 4 4 4 5 6 8 9 9 9 10 11 11 11 11 11 11 12 13 14 14 14 14 14 14 14 14 14 14 14 14 
acm human 3 0 19 38 51 56 61 65 69 74 77 80 80 81 83 84 85 86 86 86 86 86 86 86 86 86 86 86 86 86 86 86 86 
acm window 3 0 11 22 31 38 42 46 50 53 56 59 61 63 66 69 72 73 75 77 80 83 83 83 83 83 83 83 83 84 85 86 87 
tsim fire 3 0 2 2 2 2 3 3 4 4 4 4 5 5 5 5 5 5 5 6 6 6 6 6 6 6 6 6 6 6 6 6 6 
tsim human 3 0 19 19 19 19 17 16 14 13 13 13 13 12 10 9 9 9 8 8 8 8 8 8 8 8 8 8 8 8 8 8 8 
tsim window 3 0 11 11 11 11 11 11 11 11 11 11 11 11 12 12 12 12 13 13 14 14 14 14 14 14 14 14 14 15 15 15 15 
w_min_v -1 3 0 60 0.42066666666666663
w_sample_min -1 3 0 60 0.0
w_detect_min -1 3 0 60 0.0
min_AUC -1 3 0 60 0.0
w_min_v -1 3 0 120 1.2313333333333332
w_sample_min -1 3 0 120 1.268612823374651
w_detect_min -1 3 0 120 2.0
min_AUC -1 3 0 120 0.0
w_min_v -1 3 0 180 1.9303333333333335
w_sample_min -1 3 0 180 1.7862536346884226
w_detect_min -1 3 0 180 3.0
min_AUC -1 3 0 180 0.0
w_min_v -1 3 0 240 1.9708333333333332
w_sample_min -1 3 0 240 2.5204464494587384
w_detect_min -1 3 0 240 2.5
min_AUC -1 3 0 240 0.0
w_min_v -1 3 0 300 1.7728333333333333
w_sample_min -1 3 0 300 2.2546006298574714
w_detect_min -1 3 0 300 2.0
min_AUC -1 3 0 300 0.0
w_min_v -1 3 0 360 1.5898333333333332
w_sample_min -1 3 0 360 2.0136050604223605
w_detect_min -1 3 0 360 2.0
min_AUC -1 3 0 360 0.0
w_min_v -1 3 0 420 2.0631666666666666
w_sample_min -1 3 0 420 2.3010010054367784
w_detect_min -1 3 0 420 3.0
min_AUC -1 3 0 420 0.0
w_min_v -1 3 0 480 2.21
w_sample_min -1 3 0 480 2.759332619954619
w_detect_min -1 3 0 480 2.0
min_AUC -1 3 0 480 0.0
w_min_v -1 3 0 540 1.96
w_sample_min -1 3 0 540 2.447014440828317
w_detect_min -1 3 0 540 2.0
min_AUC -1 3 0 540 0.0
w_min_v -1 3 0 600 1.747
w_sample_min -1 3 0 600 2.1792684126643116
w_detect_min -1 3 0 600 2.0
min_AUC -1 3 0 600 0.0
w_min_v -1 3 0 660 2.1018333333333334
w_sample_min -1 3 0 660 2.266576242155294
w_detect_min -1 3 0 660 3.0
min_AUC -1 3 0 660 0.0
w_min_v -1 3 0 720 1.9489999999999998
w_sample_min -1 3 0 720 2.4902643273068428
w_detect_min -1 3 0 720 2.0
min_AUC -1 3 0 720 0.0
w_min_v -1 3 0 780 1.7626666666666664
w_sample_min -1 3 0 780 2.2308327896144204
w_detect_min -1 3 0 780 2.0
min_AUC -1 3 0 780 0.0
w_min_v -1 3 0 840 1.6244999999999998
w_sample_min -1 3 0 840 1.9989772416776335
w_detect_min -1 3 0 840 2.0
min_AUC -1 3 0 840 0.0
w_min_v -1 3 0 900 2.0616666666666665
w_sample_min -1 3 0 900 2.3272475695630446
w_detect_min -1 3 0 900 3.0
min_AUC -1 3 0 900 0.0
w_min_v -1 3 0 960 2.2106666666666666
w_sample_min -1 3 0 960 2.7600869432476656
w_detect_min -1 3 0 960 2.0
min_AUC -1 3 0 960 0.0
w_min_v -1 3 0 1020 1.3178333333333334
w_sample_min -1 3 0 1020 3.4027762868187685
w_detect_min -1 3 0 1020 0.0
min_AUC -1 3 0 1020 0.0
w_min_v -1 3 0 1080 2.4951666666666665
w_sample_min -1 3 0 1080 3.2361537359116497
w_detect_min -1 3 0 1080 0.0
min_AUC -1 3 0 1080 0.0
w_min_v -1 3 0 1140 1.9793333333333334
w_sample_min -1 3 0 1140 2.954786331921296
w_detect_min -1 3 0 1140 0.0
min_AUC -1 3 0 1140 0.0
w_min_v -1 3 0 1200 1.5838333333333332
w_sample_min -1 3 0 1200 5.212266365535706
w_detect_min -1 3 0 1200 4.0
min_AUC -1 3 0 1200 0.0
w_min_v -1 3 0 1260 2.4198333333333335
w_sample_min -1 3 0 1260 5.739885039892131
w_detect_min -1 3 0 1260 2.0
min_AUC -1 3 0 1260 0.0
w_min_v -1 3 0 1320 2.1548333333333334
w_sample_min -1 3 0 1320 4.924423663759147
w_detect_min -1 3 0 1320 1.5
min_AUC -1 3 0 1320 0.0
w_min_v -1 3 0 1380 1.9676666666666667
w_sample_min -1 3 0 1380 4.684640033858285
w_detect_min -1 3 0 1380 1.5
min_AUC -1 3 0 1380 0.0
w_min_v -1 3 0 1440 2.5476666666666667
w_sample_min -1 3 0 1440 5.398418741638598
w_detect_min -1 3 0 1440 3.5
min_AUC -1 3 0 1440 0.0
w_min_v -1 3 0 1500 2.4116666666666666
w_sample_min -1 3 0 1500 5.250517203749975
w_detect_min -1 3 0 1500 0.0
min_AUC -1 3 0 1500 0.04055555555555555
w_min_v -1 3 0 1560 1.9646666666666666
w_sample_min -1 3 0 1560 3.7935952417448284
w_detect_min -1 3 0 1560 0.0
min_AUC -1 3 0 1560 0.026611111111111113
w_min_v -1 3 0 1620 2.216666666666667
w_sample_min -1 3 0 1620 4.6070950274170315
w_detect_min -1 3 0 1620 1.5
min_AUC -1 3 0 1620 0.017444444444444446
w_min_v -1 3 0 1680 2.2728333333333337
w_sample_min -1 3 0 1680 5.751620222270899
w_detect_min -1 3 0 1680 3.5
min_AUC -1 3 0 1680 0.011444444444444445
w_min_v -1 3 0 1740 2.073666666666667
w_sample_min -1 3 0 1740 5.24549144917074
w_detect_min -1 3 0 1740 0.0
min_AUC -1 3 0 1740 0.007500000000000001
w_min_v -1 3 0 1800 1.4683333333333335
w_sample_min -1 3 0 1800 3.7409941842150944
w_detect_min -1 3 0 1800 0.0
min_AUC -1 3 0 1800 0.004944444444444445
task_num -1 3 0 143
runtime -1 3 0 0.023503780364990234 0.023987293243408203 0.022179841995239258 0.02228832244873047 0.015774965286254883 0.014410972595214844 0.014491796493530273 0.014728069305419922 
avg_run -1 3 0 0.01892063021659851
al_time -1 3 0 0.027823925018310547 0.02789783477783203 0.04714393615722656 0.32002806663513184 0.1270432472229004 0.01618790626525879 0.016455888748168945 0.016489028930664062 
avg_all -1 3 0 0.07488372921943665
AUC -1 3 0 6.569450892857143 8.245356908072486 7.52772435897436 0.3835049724684877 0.3501267143709004 0.0
 
sum 0 12 0 60 64 
sum 1 12 0 180 99 
sum 2 12 0 300 120 
sum 3 12 0 420 141 
sum 4 12 0 540 153 
sum 5 12 0 660 165 
sum 6 12 0 780 172 
sum 7 12 0 900 178 
sum 8 12 0 1020 183 
sum 9 12 0 1140 191 
sum 10 12 0 1260 191 
sum 11 12 0 1380 191 
sum 12 12 0 1500 191 
sum 13 12 0 1620 192 
sum 14 12 0 1740 194 
sum_state 0 12 0 60 95.0 
sum_state 1 12 0 180 151.0 
sum_state 2 12 0 300 189.0 
sum_state 3 12 0 420 228.5 
sum_state 4 12 0 540 259.5 
sum_state 5 12 0 660 294.5 
sum_state 6 12 0 780 320.5 
sum_state 7 12 0 900 341.5 
sum_state 8 12 0 1020 361.5 
sum_state 9 12 0 1140 384.5 
sum_state 10 12 0 1260 395.5 
sum_state 11 12 0 1380 404.5 
sum_state 12 12 0 1500 413.5 
sum_state 13 12 0 1620 425.5 
sum_state 14 12 0 1740 442.5 
sum_h2 0 12 0 60 12 
sum_h2 1 12 0 180 20 
sum_h2 2 12 0 300 28 
sum_h2 3 12 0 420 33 
sum_h2 4 12 0 540 37 
sum_h2 5 12 0 660 41 
sum_h2 6 12 0 780 41 
sum_h2 7 12 0 900 41 
sum_h2 8 12 0 1020 41 
sum_h2 9 12 0 1140 41 
sum_h2 10 12 0 1260 41 
sum_h2 11 12 0 1380 41 
sum_h2 12 12 0 1500 41 
sum_h2 13 12 0 1620 41 
sum_h2 14 12 0 1740 41 
miss fire 12 0 2 2 0 0 1 1 1 0 0 0 1 0 0 0 0 0 0 1 1 1 0 0 0 0 0 0 0 0 0 0 0 
miss human 12 0 19 19 10 9 6 5 6 6 3 3 3 2 2 1 1 1 0 0 0 0 0 0 0 0 0 0 0 0 0 0 0 
miss window 12 0 11 11 9 7 4 4 4 4 3 3 3 3 2 2 2 2 2 2 3 3 0 0 0 0 0 0 0 1 1 1 1 
miss f_s 12 0 2 1 0 0 1 0 1 2 2 1 2 3 3 3 3 1 1 3 3 3 2 3 2 2 3 3 3 3 2 4 
miss h_s2 12 0 7 5 4 4 5 3 3 2 2 2 2 2 0 0 0 0 0 0 0 0 0 0 0 0 0 0 0 0 0 0 
miss h_s 12 0 12 10 10 7 7 5 6 7 7 7 7 9 7 6 5 6 5 6 5 4 3 3 3 2 1 2 2 3 4 5 
acm fire 12 0 2 4 4 4 5 6 7 7 7 7 8 8 8 8 8 8 8 9 10 11 11 11 11 11 11 11 11 11 11 11 11 
acm human 12 0 19 38 48 57 63 68 74 80 83 86 89 91 93 94 95 96 96 96 96 96 96 96 96 96 96 96 96 96 96 96 96 
acm window 12 0 11 22 31 38 42 46 50 54 57 60 63 66 68 70 72 74 76 78 81 84 84 84 84 84 84 84 84 85 86 87 88 
tsim fire 12 0 2 2 2 2 3 3 4 4 4 4 5 5 5 5 5 5 5 6 6 6 6 6 6 6 6 6 6 6 6 6 6 
tsim human 12 0 19 19 19 19 17 16 14 13 13 13 13 12 10 9 9 9 8 8 8 8 8 8 8 8 8 8 8 8 8 8 8 
tsim window 12 0 11 11 11 11 11 11 11 11 11 11 11 11 12 12 12 12 13 13 14 14 14 14 14 14 14 14 14 15 15 15 15 
w_min_v -1 12 0 60 0.42066666666666663
w_sample_min -1 12 0 60 0.0
w_detect_min -1 12 0 60 0.0
min_AUC -1 12 0 60 0.0
w_min_v -1 12 0 120 1.2313333333333332
w_sample_min -1 12 0 120 1.268612823374651
w_detect_min -1 12 0 120 2.0
min_AUC -1 12 0 120 0.0
w_min_v -1 12 0 180 1.5179999999999998
w_sample_min -1 12 0 180 1.787114654780022
w_detect_min -1 12 0 180 3.0
min_AUC -1 12 0 180 0.0
w_min_v -1 12 0 240 1.9731666666666667
w_sample_min -1 12 0 240 2.5253642783164043
w_detect_min -1 12 0 240 2.5
min_AUC -1 12 0 240 0.0
w_min_v -1 12 0 300 1.762833333333333
w_sample_min -1 12 0 300 2.2429775663547735
w_detect_min -1 12 0 300 2.0
min_AUC -1 12 0 300 0.0
w_min_v -1 12 0 360 1.9041666666666668
w_sample_min -1 12 0 360 2.272549037576133
w_detect_min -1 12 0 360 2.0
min_AUC -1 12 0 360 0.0
w_min_v -1 12 0 420 1.8148333333333335
w_sample_min -1 12 0 420 2.4134281487292006
w_detect_min -1 12 0 420 3.0
min_AUC -1 12 0 420 0.0
w_min_v -1 12 0 480 1.9859999999999998
w_sample_min -1 12 0 480 2.504462515681187
w_detect_min -1 12 0 480 2.0
min_AUC -1 12 0 480 0.0
w_min_v -1 12 0 540 1.8055
w_sample_min -1 12 0 540 2.2424949819557263
w_detect_min -1 12 0 540 2.0
min_AUC -1 12 0 540 0.0
w_min_v -1 12 0 600 1.964
w_sample_min -1 12 0 600 2.2971946002587846
w_detect_min -1 12 0 600 2.0
min_AUC -1 12 0 600 0.0
w_min_v -1 12 0 660 1.9906666666666668
w_sample_min -1 12 0 660 2.3979658102060384
w_detect_min -1 12 0 660 2.0
min_AUC -1 12 0 660 0.0
w_min_v -1 12 0 720 1.7655
w_sample_min -1 12 0 720 2.1265493415879884
w_detect_min -1 12 0 720 2.0
min_AUC -1 12 0 720 0.0
w_min_v -1 12 0 780 1.6918333333333333
w_sample_min -1 12 0 780 2.01601073582953
w_detect_min -1 12 0 780 2.0
min_AUC -1 12 0 780 0.0
w_min_v -1 12 0 840 1.5361666666666665
w_sample_min -1 12 0 840 1.8305775533959483
w_detect_min -1 12 0 840 2.0
min_AUC -1 12 0 840 0.0
w_min_v -1 12 0 900 1.8760000000000001
w_sample_min -1 12 0 900 2.2390799376980426
w_detect_min -1 12 0 900 4.0
min_AUC -1 12 0 900 0.0
w_min_v -1 12 0 960 2.2205
w_sample_min -1 12 0 960 2.630652704175266
w_detect_min -1 12 0 960 2.0
min_AUC -1 12 0 960 0.0
w_min_v -1 12 0 1020 2.012
w_sample_min -1 12 0 1020 2.5004324714268673
w_detect_min -1 12 0 1020 2.0
min_AUC -1 12 0 1020 0.0
w_min_v -1 12 0 1080 1.9933333333333332
w_sample_min -1 12 0 1080 4.128042014853779
w_detect_min -1 12 0 1080 0.0
min_AUC -1 12 0 1080 0.0
w_min_v -1 12 0 1140 1.999
w_sample_min -1 12 0 1140 3.6263891154427492
w_detect_min -1 12 0 1140 0.0
min_AUC -1 12 0 1140 0.0
w_min_v -1 12 0 1200 1.7878333333333334
w_sample_min -1 12 0 1200 3.6386159519740295
w_detect_min -1 12 0 1200 0.5
min_AUC -1 12 0 1200 0.0
w_min_v -1 12 0 1260 1.3506666666666667
w_sample_min -1 12 0 1260 5.221277004044731
w_detect_min -1 12 0 1260 4.5
min_AUC -1 12 0 1260 0.0
w_min_v -1 12 0 1320 1.5696666666666665
w_sample_min -1 12 0 1320 4.735549698378397
w_detect_min -1 12 0 1320 0.0
min_AUC -1 12 0 1320 0.0
w_min_v -1 12 0 1380 1.9718333333333333
w_sample_min -1 12 0 1380 4.171517847786799
w_detect_min -1 12 0 1380 0.0
min_AUC -1 12 0 1380 0.0
w_min_v -1 12 0 1440 1.6661666666666666
w_sample_min -1 12 0 1440 2.843358962060101
w_detect_min -1 12 0 1440 0.0
min_AUC -1 12 0 1440 0.0
w_min_v -1 12 0 1500 1.990333333333333
w_sample_min -1 12 0 1500 4.251871302184864
w_detect_min -1 12 0 1500 3.0
min_AUC -1 12 0 1500 0.059000000000000004
w_min_v -1 12 0 1560 1.8473333333333335
w_sample_min -1 12 0 1560 5.332621502798459
w_detect_min -1 12 0 1560 0.0
min_AUC -1 12 0 1560 0.05416666666666667
w_min_v -1 12 0 1620 1.2763333333333335
w_sample_min -1 12 0 1620 3.5949142214303493
w_detect_min -1 12 0 1620 0.0
min_AUC -1 12 0 1620 0.035555555555555556
w_min_v -1 12 0 1680 1.75
w_sample_min -1 12 0 1680 4.009466266401421
w_detect_min -1 12 0 1680 0.5
min_AUC -1 12 0 1680 0.023333333333333334
w_min_v -1 12 0 1740 1.7771666666666666
w_sample_min -1 12 0 1740 5.59873582746417
w_detect_min -1 12 0 1740 3.5
min_AUC -1 12 0 1740 0.0425
w_min_v -1 12 0 1800 1.2753333333333332
w_sample_min -1 12 0 1800 4.675649775802743
w_detect_min -1 12 0 1800 0.0
min_AUC -1 12 0 1800 0.027888888888888883
task_num -1 12 0 142
runtime -1 12 0 0.03468680381774902 0.025478839874267578 0.02467799186706543 0.02393031120300293 0.026081085205078125 0.014923095703125 0.015571117401123047 0.015484809875488281 
avg_run -1 12 0 0.022604256868362427
al_time -1 12 0 0.03106093406677246 0.025934934616088867 0.023654699325561523 0.02495884895324707 0.3111429214477539 0.01464700698852539 0.014426231384277344 0.014724016189575195 
avg_all -1 12 0 0.05756869912147522
AUC -1 12 0 6.15099245852187 7.748644274944058 6.883785822021116 0.36040205929972363 0.3201760847451682 0.0
 
random:1T:1800
sum 0 10 1 60 65 
sum 1 10 1 180 108 
sum 2 10 1 300 136 
sum 3 10 1 420 160 
sum 4 10 1 540 179 
sum 5 10 1 660 195 
sum 6 10 1 780 204 
sum 7 10 1 900 214 
sum 8 10 1 1020 224 
sum 9 10 1 1140 235 
sum 10 10 1 1260 247 
sum 11 10 1 1380 259 
sum 12 10 1 1500 259 
sum 13 10 1 1620 262 
sum 14 10 1 1740 264 
sum_state 0 10 1 60 89.0 
sum_state 1 10 1 180 147.0 
sum_state 2 10 1 300 184.0 
sum_state 3 10 1 420 222.0 
sum_state 4 10 1 540 258.5 
sum_state 5 10 1 660 293.5 
sum_state 6 10 1 780 324.5 
sum_state 7 10 1 900 350.5 
sum_state 8 10 1 1020 377.5 
sum_state 9 10 1 1140 401.5 
sum_state 10 10 1 1260 431.5 
sum_state 11 10 1 1380 453.5 
sum_state 12 10 1 1500 464.5 
sum_state 13 10 1 1620 483.5 
sum_state 14 10 1 1740 500.5 
sum_h2 0 10 1 60 4 
sum_h2 1 10 1 180 8 
sum_h2 2 10 1 300 12 
sum_h2 3 10 1 420 16 
sum_h2 4 10 1 540 19 
sum_h2 5 10 1 660 21 
sum_h2 6 10 1 780 23 
sum_h2 7 10 1 900 23 
sum_h2 8 10 1 1020 23 
sum_h2 9 10 1 1140 23 
sum_h2 10 10 1 1260 23 
sum_h2 11 10 1 1380 23 
sum_h2 12 10 1 1500 23 
sum_h2 13 10 1 1620 23 
sum_h2 14 10 1 1740 23 
miss fire 10 1 3 4 2 1 1 1 1 1 1 1 1 1 1 1 1 1 1 1 1 1 1 1 1 1 0 0 1 0 0 0 0 
miss human 10 1 11 11 8 5 5 4 4 3 4 3 2 2 0 1 2 1 1 1 1 1 1 1 1 1 0 0 0 0 0 0 0 
miss window 10 1 18 18 15 12 9 8 8 7 4 6 5 5 3 3 3 2 3 3 3 4 4 4 4 4 0 0 1 1 1 1 1 
miss f_s 10 1 3 3 2 1 1 1 3 3 4 5 6 6 6 6 4 4 7 5 3 4 5 5 2 4 4 4 5 4 6 3 
miss h_s2 10 1 2 2 2 2 2 2 2 2 2 1 1 1 1 1 0 0 0 0 0 0 0 0 0 0 0 0 0 0 0 0 
miss h_s 10 1 8 8 5 5 3 2 1 5 4 3 3 3 5 4 4 4 3 2 2 4 4 4 4 0 0 3 4 3 3 3 
acm fire 10 1 3 7 9 10 11 12 13 14 15 16 17 18 19 20 21 22 23 24 25 26 27 28 29 30 30 30 31 31 31 31 31 
acm human 10 1 11 22 30 35 40 44 48 51 55 58 60 62 62 63 65 66 67 68 69 70 71 72 73 74 74 74 74 74 74 74 74 
acm window 10 1 18 36 51 63 72 80 88 95 99 105 110 115 118 121 124 126 129 132 135 139 143 147 151 155 155 155 156 157 158 159 160 
tsim fire 10 1 3 4 4 4 5 5 5 5 6 7 7 7 7 7 7 8 8 8 8 8 8 8 8 8 8 8 9 9 9 9 9 
tsim human 10 1 11 11 10 10 10 10 10 10 9 8 8 8 8 7 6 6 6 6 6 6 6 6 6 6 6 6 6 6 6 6 6 
tsim window 10 1 18 18 18 18 18 18 18 18 18 20 20 20 21 21 21 21 22 22 22 23 23 23 23 23 23 23 24 24 24 24 24 
w_min_v -1 10 1 60 0.0
w_sample_min -1 10 1 60 0.0
w_detect_min -1 10 1 60 0.0
min_AUC -1 10 1 60 0.0
w_min_v -1 10 1 120 1.0533333333333335
w_sample_min -1 10 1 120 0.6905073911377937
w_detect_min -1 10 1 120 1.0
min_AUC -1 10 1 120 0.0
w_min_v -1 10 1 180 1.3631666666666664
w_sample_min -1 10 1 180 1.1246181071705539
w_detect_min -1 10 1 180 2.0
min_AUC -1 10 1 180 0.0
w_min_v -1 10 1 240 1.4315
w_sample_min -1 10 1 240 1.9556235843364684
w_detect_min -1 10 1 240 1.0
min_AUC -1 10 1 240 0.0
w_min_v -1 10 1 300 1.7329999999999999
w_sample_min -1 10 1 300 1.750139676602522
w_detect_min -1 10 1 300 0.0
min_AUC -1 10 1 300 0.0
w_min_v -1 10 1 360 1.9911666666666665
w_sample_min -1 10 1 360 2.38466703416331
w_detect_min -1 10 1 360 2.0
min_AUC -1 10 1 360 0.0
w_min_v -1 10 1 420 1.7658333333333334
w_sample_min -1 10 1 420 2.1904243615746726
w_detect_min -1 10 1 420 2.0
min_AUC -1 10 1 420 0.0
w_min_v -1 10 1 480 1.566
w_sample_min -1 10 1 480 1.942498706228293
w_detect_min -1 10 1 480 2.0
min_AUC -1 10 1 480 0.0
w_min_v -1 10 1 540 1.3885
w_sample_min -1 10 1 540 1.7474444375342941
w_detect_min -1 10 1 540 2.0
min_AUC -1 10 1 540 0.0
w_min_v -1 10 1 600 1.5866666666666667
w_sample_min -1 10 1 600 2.2706915952814404
w_detect_min -1 10 1 600 2.0
min_AUC -1 10 1 600 0.22549999999999998
w_min_v -1 10 1 660 1.4346666666666668
w_sample_min -1 10 1 660 2.0215511265894452
w_detect_min -1 10 1 660 0.0
min_AUC -1 10 1 660 0.21966666666666665
w_min_v -1 10 1 720 1.3638333333333332
w_sample_min -1 10 1 720 1.8529548142480543
w_detect_min -1 10 1 720 0.0
min_AUC -1 10 1 720 0.20433333333333334
w_min_v -1 10 1 780 1.2325
w_sample_min -1 10 1 780 1.7626242727215957
w_detect_min -1 10 1 780 0.0
min_AUC -1 10 1 780 0.18733333333333332
w_min_v -1 10 1 840 1.1091666666666666
w_sample_min -1 10 1 840 1.5879745901341027
w_detect_min -1 10 1 840 0.0
min_AUC -1 10 1 840 0.16966666666666666
w_min_v -1 10 1 900 1.8395000000000001
w_sample_min -1 10 1 900 2.0965664531287973
w_detect_min -1 10 1 900 1.0
min_AUC -1 10 1 900 0.16266666666666665
w_min_v -1 10 1 960 1.8118333333333332
w_sample_min -1 10 1 960 2.2708859632629377
w_detect_min -1 10 1 960 2.0
min_AUC -1 10 1 960 0.2395
w_min_v -1 10 1 1020 1.6433333333333335
w_sample_min -1 10 1 1020 2.0918376529740588
w_detect_min -1 10 1 1020 2.0
min_AUC -1 10 1 1020 0.23166666666666666
w_min_v -1 10 1 1080 0.8793333333333333
w_sample_min -1 10 1 1080 1.452661559044217
w_detect_min -1 10 1 1080 0.0
min_AUC -1 10 1 1080 0.009277777777777777
w_min_v -1 10 1 1140 1.538
w_sample_min -1 10 1 1140 5.9690344497839085
w_detect_min -1 10 1 1140 6.0
min_AUC -1 10 1 1140 0.032499999999999994
w_min_v -1 10 1 1200 2.3616666666666664
w_sample_min -1 10 1 1200 6.956395324645051
w_detect_min -1 10 1 1200 4.5
min_AUC -1 10 1 1200 0.06645833333333333
w_min_v -1 10 1 1260 2.9891666666666667
w_sample_min -1 10 1 1260 5.605695007082738
w_detect_min -1 10 1 1260 2.0
min_AUC -1 10 1 1260 0.07966666666666666
w_min_v -1 10 1 1320 2.185666666666666
w_sample_min -1 10 1 1320 4.4184710278608055
w_detect_min -1 10 1 1320 0.0
min_AUC -1 10 1 1320 0.05227777777777778
w_min_v -1 10 1 1380 1.8335
w_sample_min -1 10 1 1380 3.939458369190546
w_detect_min -1 10 1 1380 1.5
min_AUC -1 10 1 1380 0.0415
w_min_v -1 10 1 1440 1.8521666666666665
w_sample_min -1 10 1 1440 4.892165455346193
w_detect_min -1 10 1 1440 3.0
min_AUC -1 10 1 1440 0.05566666666666666
w_min_v -1 10 1 1500 2.5103333333333335
w_sample_min -1 10 1 1500 5.759375943434009
w_detect_min -1 10 1 1500 1.5
min_AUC -1 10 1 1500 0.09254166666666667
w_min_v -1 10 1 1560 2.653166666666667
w_sample_min -1 10 1 1560 6.307069076888385
w_detect_min -1 10 1 1560 3.5
min_AUC -1 10 1 1560 0.06522222222222222
w_min_v -1 10 1 1620 1.852
w_sample_min -1 10 1 1620 4.324110775006269
w_detect_min -1 10 1 1620 0.0
min_AUC -1 10 1 1620 0.042777777777777776
w_min_v -1 10 1 1680 1.3661666666666665
w_sample_min -1 10 1 1680 2.9877867413875916
w_detect_min -1 10 1 1680 0.0
min_AUC -1 10 1 1680 0.035555555555555556
w_min_v -1 10 1 1740 1.3838333333333332
w_sample_min -1 10 1 1740 3.520060483375908
w_detect_min -1 10 1 1740 1.5
min_AUC -1 10 1 1740 0.023277777777777776
w_min_v -1 10 1 1800 0.9413333333333334
w_sample_min -1 10 1 1800 2.6765346151745244
w_detect_min -1 10 1 1800 0.0
min_AUC -1 10 1 1800 0.015277777777777777
task_num -1 10 1 180
runtime -1 10 1 0.3067340850830078 0.7093532085418701 1.1949188709259033 2.0792088508605957 0.2651941776275635 0.40400075912475586 0.22301101684570312 
avg_run -1 10 1 0.7403458527156285
al_time -1 10 1 0.056819915771484375 0.02766108512878418 0.02687525749206543 0.6338791847229004 0.022809743881225586 0.026304006576538086 0.014979124069213867 
avg_all -1 10 1 0.11561833109174456
AUC -1 10 1 6.297341628959277 7.945184136255113 6.3330316742081445 0.36954344819791224 0.29455961275386716 0.15328205128205127
 
