random:0T:1800
sum 0 10 0 60 62 
sum 1 10 0 180 99 
sum 2 10 0 300 125 
sum 3 10 0 420 149 
sum 4 10 0 540 173 
sum 5 10 0 660 197 
sum 6 10 0 780 221 
sum 7 10 0 900 236 
sum 8 10 0 1020 240 
sum 9 10 0 1140 243 
sum 10 10 0 1260 248 
sum 11 10 0 1380 250 
sum 12 10 0 1500 253 
sum 13 10 0 1620 256 
sum 14 10 0 1740 258 
sum_state 0 10 0 60 94.0 
sum_state 1 10 0 180 153.0 
sum_state 2 10 0 300 200.0 
sum_state 3 10 0 420 235.5 
sum_state 4 10 0 540 271.0 
sum_state 5 10 0 660 303.0 
sum_state 6 10 0 780 336.0 
sum_state 7 10 0 900 361.5 
sum_state 8 10 0 1020 374.0 
sum_state 9 10 0 1140 387.5 
sum_state 10 10 0 1260 403.5 
sum_state 11 10 0 1380 414.0 
sum_state 12 10 0 1500 430.5 
sum_state 13 10 0 1620 441.0 
sum_state 14 10 0 1740 447.0 
sum_h2 0 10 0 60 16 
sum_h2 1 10 0 180 32 
sum_h2 2 10 0 300 48 
sum_h2 3 10 0 420 57 
sum_h2 4 10 0 540 64 
sum_h2 5 10 0 660 74 
sum_h2 6 10 0 780 84 
sum_h2 7 10 0 900 91 
sum_h2 8 10 0 1020 96 
sum_h2 9 10 0 1140 103 
sum_h2 10 10 0 1260 111 
sum_h2 11 10 0 1380 116 
sum_h2 12 10 0 1500 123 
sum_h2 13 10 0 1620 124 
sum_h2 14 10 0 1740 124 
miss fire 10 0 2 2 1 0 0 0 0 0 0 0 0 0 0 0 0 0 0 0 0 1 1 2 1 1 1 2 0 0 0 0 0 
miss human 10 0 20 20 12 11 8 7 7 7 7 7 7 7 7 7 8 2 2 2 2 0 2 0 0 0 0 0 2 0 1 1 1 
miss window 10 0 9 9 7 6 6 5 5 5 5 5 5 5 5 5 5 0 0 0 0 0 0 0 0 0 0 0 0 1 0 0 0 
miss f_s 10 0 2 2 0 1 1 1 0 0 0 1 0 1 0 0 1 1 1 1 1 2 2 2 1 1 2 3 2 3 2 2 
miss h_s2 10 0 8 8 8 8 8 8 8 1 4 3 4 6 5 5 4 3 3 2 2 5 5 3 2 3 3 4 1 0 0 0 
miss h_s 10 0 11 9 8 5 5 6 5 2 3 4 1 1 2 2 2 3 3 1 2 2 1 2 3 1 3 2 2 0 0 0 
acm fire 10 0 2 4 5 5 5 5 5 5 5 5 5 5 5 5 5 5 5 5 5 6 7 9 10 11 12 14 14 14 14 14 14 
acm human 10 0 20 40 52 63 71 78 85 92 99 106 113 120 127 134 142 144 146 148 150 150 152 152 152 152 152 152 154 154 155 156 157 
acm window 10 0 9 18 25 31 37 42 47 52 57 62 67 72 77 82 87 87 87 87 87 87 87 87 87 87 87 87 87 88 88 88 88 
tsim fire 10 0 2 2 2 2 2 2 2 2 2 2 2 2 2 2 2 2 2 2 2 3 3 4 4 4 4 5 5 5 5 5 5 
tsim human 10 0 20 20 20 20 20 20 20 20 20 20 20 20 20 20 19 19 19 19 19 17 16 14 13 13 13 13 12 10 9 9 9 
tsim window 10 0 9 9 9 9 11 11 11 11 11 11 11 11 11 11 11 11 11 11 11 11 11 11 11 11 11 11 11 12 12 12 12 
w_min_v -1 10 0 60 0.44966666666666666
w_sample_min -1 10 0 60 0.0
w_detect_min -1 10 0 60 0.0
min_AUC -1 10 0 60 0.0
w_min_v -1 10 0 120 1.2318333333333331
w_sample_min -1 10 0 120 1.268612823374651
w_detect_min -1 10 0 120 2.0
min_AUC -1 10 0 120 0.0
w_min_v -1 10 0 180 1.6668333333333334
w_sample_min -1 10 0 180 2.2278546274162827
w_detect_min -1 10 0 180 4.0
min_AUC -1 10 0 180 0.0
w_min_v -1 10 0 240 2.2895000000000003
w_sample_min -1 10 0 240 2.875972125377488
w_detect_min -1 10 0 240 3.0
min_AUC -1 10 0 240 0.0
w_min_v -1 10 0 300 2.0305
w_sample_min -1 10 0 300 2.5504519720910506
w_detect_min -1 10 0 300 2.0
min_AUC -1 10 0 300 0.0
w_min_v -1 10 0 360 2.1986666666666665
w_sample_min -1 10 0 360 2.4310199241258097
w_detect_min -1 10 0 360 2.5
min_AUC -1 10 0 360 0.36466666666666664
w_min_v -1 10 0 420 2.3678333333333335
w_sample_min -1 10 0 420 3.1395651326079346
w_detect_min -1 10 0 420 2.5
min_AUC -1 10 0 420 0.3266666666666667
w_min_v -1 10 0 480 2.5506666666666664
w_sample_min -1 10 0 480 3.0325239573513287
w_detect_min -1 10 0 480 1.5
min_AUC -1 10 0 480 0.03122222222222222
w_min_v -1 10 0 540 4.8213333333333335
w_sample_min -1 10 0 540 8.259468915202262
w_detect_min -1 10 0 540 9.5
min_AUC -1 10 0 540 0.14420833333333333
w_min_v -1 10 0 600 4.3901666666666666
w_sample_min -1 10 0 600 7.245190882656982
w_detect_min -1 10 0 600 5.5
min_AUC -1 10 0 600 0.13283333333333333
w_min_v -1 10 0 660 4.048666666666667
w_sample_min -1 10 0 660 6.453075754564007
w_detect_min -1 10 0 660 5.5
min_AUC -1 10 0 660 0.12372222222222222
w_min_v -1 10 0 720 3.9298333333333337
w_sample_min -1 10 0 720 7.023998908935344
w_detect_min -1 10 0 720 7.0
min_AUC -1 10 0 720 0.12355555555555557
w_min_v -1 10 0 780 3.7081666666666666
w_sample_min -1 10 0 780 5.811996933196927
w_detect_min -1 10 0 780 4.0
min_AUC -1 10 0 780 0.09949999999999998
w_min_v -1 10 0 840 3.412333333333333
w_sample_min -1 10 0 840 6.029143966953232
w_detect_min -1 10 0 840 5.5
min_AUC -1 10 0 840 0.06516666666666666
w_min_v -1 10 0 900 3.1458333333333335
w_sample_min -1 10 0 900 6.1665105793452355
w_detect_min -1 10 0 900 5.0
min_AUC -1 10 0 900 0.0535
w_min_v -1 10 0 960 3.9316666666666666
w_sample_min -1 10 0 960 6.672807332127533
w_detect_min -1 10 0 960 5.0
min_AUC -1 10 0 960 0.1375
w_min_v -1 10 0 1020 4.324
w_sample_min -1 10 0 1020 8.397188760633554
w_detect_min -1 10 0 1020 10.0
min_AUC -1 10 0 1020 0.1475
w_min_v -1 10 0 1080 4.2043333333333335
w_sample_min -1 10 0 1080 7.770121523315389
w_detect_min -1 10 0 1080 10.0
min_AUC -1 10 0 1080 0.13216666666666665
w_min_v -1 10 0 1140 3.624
w_sample_min -1 10 0 1140 6.193677713933506
w_detect_min -1 10 0 1140 5.5
min_AUC -1 10 0 1140 0.09744444444444444
w_min_v -1 10 0 1200 3.0868333333333333
w_sample_min -1 10 0 1200 5.914051537119859
w_detect_min -1 10 0 1200 5.5
min_AUC -1 10 0 1200 0.07322222222222222
w_min_v -1 10 0 1260 2.5131666666666668
w_sample_min -1 10 0 1260 5.301934076559303
w_detect_min -1 10 0 1260 1.5
min_AUC -1 10 0 1260 0.05566666666666666
w_min_v -1 10 0 1320 1.8551666666666666
w_sample_min -1 10 0 1320 4.217561636353436
w_detect_min -1 10 0 1320 0.0
min_AUC -1 10 0 1320 0.04616666666666667
w_min_v -1 10 0 1380 1.9681666666666666
w_sample_min -1 10 0 1380 5.016700790521702
w_detect_min -1 10 0 1380 1.5
min_AUC -1 10 0 1380 0.06704166666666667
w_min_v -1 10 0 1440 2.8536666666666664
w_sample_min -1 10 0 1440 7.616342414990346
w_detect_min -1 10 0 1440 3.0
min_AUC -1 10 0 1440 0.09338888888888887
w_min_v -1 10 0 1500 2.9063333333333334
w_sample_min -1 10 0 1500 6.796774361802208
w_detect_min -1 10 0 1500 1.5
min_AUC -1 10 0 1500 0.100125
w_min_v -1 10 0 1560 2.0751666666666666
w_sample_min -1 10 0 1560 5.015004102584638
w_detect_min -1 10 0 1560 0.0
min_AUC -1 10 0 1560 0.06566666666666666
w_min_v -1 10 0 1620 1.4988333333333335
w_sample_min -1 10 0 1620 2.8155582448063328
w_detect_min -1 10 0 1620 0.0
min_AUC -1 10 0 1620 0.043083333333333335
w_min_v -1 10 0 1680 1.9779999999999998
w_sample_min -1 10 0 1680 4.510290737817357
w_detect_min -1 10 0 1680 1.5
min_AUC -1 10 0 1680 0.030125000000000002
w_min_v -1 10 0 1740 2.1915
w_sample_min -1 10 0 1740 6.195242079856822
w_detect_min -1 10 0 1740 1.5
min_AUC -1 10 0 1740 0.065
w_min_v -1 10 0 1800 1.485
w_sample_min -1 10 0 1800 4.176198635539068
w_detect_min -1 10 0 1800 0.0
min_AUC -1 10 0 1800 0.042666666666666665
task_num -1 10 0 163
runtime -1 10 0 0.5994923114776611 1.2960801124572754 0.4768412113189697 0.5154328346252441 0.6189942359924316 0.46066713333129883 0.4004530906677246 0.4767029285430908 0.4128258228302002 0.27457118034362793 
avg_run -1 10 0 0.5532060861587524
al_time -1 10 0 0.053700923919677734 44.49834084510803 0.04202890396118164 0.031362056732177734 0.035859107971191406 0.02540898323059082 0.028336048126220703 0.022806167602539062 0.02200174331665039 0.021481037139892578 
avg_all -1 10 0 4.478132581710815
AUC -1 10 0 6.411583057280883 8.998444254781818 7.715424430641822 0.3912367067296443 0.33545323611486183 0.15476190476190477
 
sum 0 8 0 60 62 
sum 1 8 0 180 101 
sum 2 8 0 300 130 
sum 3 8 0 420 156 
sum 4 8 0 540 182 
sum 5 8 0 660 208 
sum 6 8 0 780 234 
sum 7 8 0 900 258 
sum 8 8 0 1020 282 
sum 9 8 0 1140 296 
sum 10 8 0 1260 298 
sum 11 8 0 1380 300 
sum 12 8 0 1500 301 
sum 13 8 0 1620 305 
sum 14 8 0 1740 306 
sum_state 0 8 0 60 96.0 
sum_state 1 8 0 180 157.0 
sum_state 2 8 0 300 209.0 
sum_state 3 8 0 420 250.5 
sum_state 4 8 0 540 286.5 
sum_state 5 8 0 660 325.0 
sum_state 6 8 0 780 366.0 
sum_state 7 8 0 900 400.0 
sum_state 8 8 0 1020 435.5 
sum_state 9 8 0 1140 459.5 
sum_state 10 8 0 1260 473.5 
sum_state 11 8 0 1380 487.0 
sum_state 12 8 0 1500 503.5 
sum_state 13 8 0 1620 519.0 
sum_state 14 8 0 1740 523.0 
sum_h2 0 8 0 60 16 
sum_h2 1 8 0 180 32 
sum_h2 2 8 0 300 48 
sum_h2 3 8 0 420 59 
sum_h2 4 8 0 540 65 
sum_h2 5 8 0 660 72 
sum_h2 6 8 0 780 76 
sum_h2 7 8 0 900 82 
sum_h2 8 8 0 1020 91 
sum_h2 9 8 0 1140 97 
sum_h2 10 8 0 1260 103 
sum_h2 11 8 0 1380 110 
sum_h2 12 8 0 1500 117 
sum_h2 13 8 0 1620 120 
sum_h2 14 8 0 1740 120 
miss fire 8 0 2 2 0 0 0 0 0 0 0 0 0 0 0 0 0 0 0 0 0 1 1 1 1 0 0 1 1 0 0 0 0 
miss human 8 0 20 20 12 11 9 7 7 7 7 7 7 7 7 7 6 6 6 6 6 1 0 0 1 0 0 0 1 1 0 0 0 
miss window 8 0 9 9 8 8 7 6 6 6 6 6 6 6 6 6 6 6 6 6 6 0 0 0 0 0 0 0 0 1 1 0 0 
miss f_s 8 0 2 2 0 1 1 1 1 0 0 1 1 1 1 1 0 0 1 0 0 1 1 2 1 0 1 2 3 1 1 1 
miss h_s2 8 0 8 8 8 8 8 8 8 3 3 3 3 4 2 2 2 4 5 4 2 4 4 2 3 4 4 3 2 1 0 0 
miss h_s 8 0 12 10 8 5 6 7 7 2 3 3 3 4 7 4 4 3 3 3 2 4 2 4 5 2 5 4 4 2 0 1 
acm fire 8 0 2 4 4 4 4 4 4 4 4 4 4 4 4 4 4 4 4 4 4 5 6 7 8 8 8 9 10 10 10 10 10 
acm human 8 0 20 40 52 63 72 79 86 93 100 107 114 121 128 135 141 147 153 159 165 166 166 166 167 167 167 167 168 169 169 169 169 
acm window 8 0 9 18 26 34 41 47 53 59 65 71 77 83 89 95 101 107 113 119 125 125 125 125 125 125 125 125 125 126 127 127 127 
tsim fire 8 0 2 2 2 2 2 2 2 2 2 2 2 2 2 2 2 2 2 2 2 3 3 4 4 4 4 5 5 5 5 5 5 
tsim human 8 0 20 20 20 20 20 20 20 20 20 20 20 20 20 20 19 19 19 19 19 17 16 14 13 13 13 13 12 10 9 9 9 
tsim window 8 0 9 9 9 9 11 11 11 11 11 11 11 11 11 11 11 11 11 11 11 11 11 11 11 11 11 11 11 12 12 12 12 
w_min_v -1 8 0 60 0.44966666666666666
w_sample_min -1 8 0 60 0.0
w_detect_min -1 8 0 60 0.0
min_AUC -1 8 0 60 0.0
w_min_v -1 8 0 120 1.2313333333333332
w_sample_min -1 8 0 120 1.268612823374651
w_detect_min -1 8 0 120 2.0
min_AUC -1 8 0 120 0.0
w_min_v -1 8 0 180 1.8644999999999998
w_sample_min -1 8 0 180 2.096952751934924
w_detect_min -1 8 0 180 3.0
min_AUC -1 8 0 180 0.0
w_min_v -1 8 0 240 2.1478333333333333
w_sample_min -1 8 0 240 2.702587924419407
w_detect_min -1 8 0 240 2.5
min_AUC -1 8 0 240 0.0
w_min_v -1 8 0 300 1.9048333333333334
w_sample_min -1 8 0 300 2.4208566551249415
w_detect_min -1 8 0 300 2.0
min_AUC -1 8 0 300 0.0
w_min_v -1 8 0 360 1.9889999999999999
w_sample_min -1 8 0 360 2.1830317342821783
w_detect_min -1 8 0 360 2.0
min_AUC -1 8 0 360 0.3
w_min_v -1 8 0 420 1.9133333333333336
w_sample_min -1 8 0 420 2.714617111523053
w_detect_min -1 8 0 420 3.0
min_AUC -1 8 0 420 0.29283333333333333
w_min_v -1 8 0 480 2.3561666666666663
w_sample_min -1 8 0 480 1.5695799189881252
w_detect_min -1 8 0 480 0.0
min_AUC -1 8 0 480 0.0
w_min_v -1 8 0 540 4.8101666666666665
w_sample_min -1 8 0 540 7.9649691694160625
w_detect_min -1 8 0 540 10.25
min_AUC -1 8 0 540 0.13920833333333332
w_min_v -1 8 0 600 4.157666666666667
w_sample_min -1 8 0 600 6.934319200203085
w_detect_min -1 8 0 600 3.5
min_AUC -1 8 0 600 0.12716666666666668
w_min_v -1 8 0 660 3.6321666666666665
w_sample_min -1 8 0 660 5.704374698527982
w_detect_min -1 8 0 660 2.0
min_AUC -1 8 0 660 0.0871111111111111
w_min_v -1 8 0 720 3.7471666666666668
w_sample_min -1 8 0 720 7.03105450886242
w_detect_min -1 8 0 720 5.0
min_AUC -1 8 0 720 0.118625
w_min_v -1 8 0 780 3.6081666666666665
w_sample_min -1 8 0 780 5.955968579121068
w_detect_min -1 8 0 780 2.0
min_AUC -1 8 0 780 0.11005555555555556
w_min_v -1 8 0 840 3.765833333333334
w_sample_min -1 8 0 840 6.071100454660814
w_detect_min -1 8 0 840 4.0
min_AUC -1 8 0 840 0.0815
w_min_v -1 8 0 900 3.6775
w_sample_min -1 8 0 900 5.265942286141513
w_detect_min -1 8 0 900 4.0
min_AUC -1 8 0 900 0.0535
w_min_v -1 8 0 960 3.7846666666666664
w_sample_min -1 8 0 960 7.070397276777718
w_detect_min -1 8 0 960 8.5
min_AUC -1 8 0 960 0.035
w_min_v -1 8 0 1020 3.710833333333334
w_sample_min -1 8 0 1020 6.747239785138245
w_detect_min -1 8 0 1020 5.5
min_AUC -1 8 0 1020 0.023
w_min_v -1 8 0 1080 3.5223333333333335
w_sample_min -1 8 0 1080 6.106086513879605
w_detect_min -1 8 0 1080 3.5
min_AUC -1 8 0 1080 0.12466666666666668
w_min_v -1 8 0 1140 3.631333333333333
w_sample_min -1 8 0 1140 7.013781909015044
w_detect_min -1 8 0 1140 8.5
min_AUC -1 8 0 1140 0.10233333333333333
w_min_v -1 8 0 1200 3.8198333333333325
w_sample_min -1 8 0 1200 6.796795978629653
w_detect_min -1 8 0 1200 5.0
min_AUC -1 8 0 1200 0.11699999999999999
w_min_v -1 8 0 1260 3.7348333333333334
w_sample_min -1 8 0 1260 6.426711049428492
w_detect_min -1 8 0 1260 4.0
min_AUC -1 8 0 1260 0.10383333333333335
w_min_v -1 8 0 1320 2.9321666666666664
w_sample_min -1 8 0 1320 6.710099592840902
w_detect_min -1 8 0 1320 3.0
min_AUC -1 8 0 1320 0.10108333333333333
w_min_v -1 8 0 1380 2.7548333333333335
w_sample_min -1 8 0 1380 7.010106342458214
w_detect_min -1 8 0 1380 1.5
min_AUC -1 8 0 1380 0.09708333333333334
w_min_v -1 8 0 1440 2.7456666666666667
w_sample_min -1 8 0 1440 5.087860290049061
w_detect_min -1 8 0 1440 0.0
min_AUC -1 8 0 1440 0.09233333333333334
w_min_v -1 8 0 1500 1.997
w_sample_min -1 8 0 1500 5.3741801050058795
w_detect_min -1 8 0 1500 0.0
min_AUC -1 8 0 1500 0.06354166666666666
w_min_v -1 8 0 1560 1.3868333333333334
w_sample_min -1 8 0 1560 4.182837169808077
w_detect_min -1 8 0 1560 0.0
min_AUC -1 8 0 1560 0.04170833333333333
w_min_v -1 8 0 1620 1.0763333333333334
w_sample_min -1 8 0 1620 3.291240726017005
w_detect_min -1 8 0 1620 0.0
min_AUC -1 8 0 1620 0.027375
w_min_v -1 8 0 1680 2.267333333333333
w_sample_min -1 8 0 1680 2.2856830048353474
w_detect_min -1 8 0 1680 0.0
min_AUC -1 8 0 1680 0.042833333333333334
w_min_v -1 8 0 1740 2.4991666666666665
w_sample_min -1 8 0 1740 5.932167263250735
w_detect_min -1 8 0 1740 3.5
min_AUC -1 8 0 1740 0.028111111111111114
w_min_v -1 8 0 1800 1.6963333333333335
w_sample_min -1 8 0 1800 4.012852863274872
w_detect_min -1 8 0 1800 0.0
min_AUC -1 8 0 1800 0.018444444444444444
task_num -1 8 0 163
runtime -1 8 0 1.721726894378662 2.863502025604248 0.6210808753967285 0.7999207973480225 0.5140540599822998 0.4790627956390381 0.47669410705566406 0.5178709030151367 0.6072399616241455 0.36254405975341797 0.12453913688659668 
avg_run -1 8 0 0.82620323788036
al_time -1 8 0 0.06333684921264648 44.25398302078247 0.04760384559631348 0.05387592315673828 0.02677011489868164 0.029392719268798828 0.03516101837158203 0.0274810791015625 0.026585102081298828 0.03762102127075195 0.019214868545532227 
avg_all -1 8 0 4.056456869298762
AUC -1 8 0 6.181174051069705 8.908573979131873 8.044202898550724 0.3873293034405162 0.34974795211090104 0.15280952380952384
 
random:0T:1800
sum 0 10 0 60 62 
sum 1 10 0 180 99 
sum 2 10 0 300 125 
sum 3 10 0 420 149 
sum 4 10 0 540 173 
sum 5 10 0 660 197 
sum 6 10 0 780 221 
sum 7 10 0 900 236 
sum 8 10 0 1020 240 
sum 9 10 0 1140 243 
sum 10 10 0 1260 248 
sum 11 10 0 1380 250 
sum 12 10 0 1500 253 
sum 13 10 0 1620 256 
sum 14 10 0 1740 258 
sum_state 0 10 0 60 94.0 
sum_state 1 10 0 180 153.0 
sum_state 2 10 0 300 200.0 
sum_state 3 10 0 420 235.5 
sum_state 4 10 0 540 271.0 
sum_state 5 10 0 660 303.0 
sum_state 6 10 0 780 336.0 
sum_state 7 10 0 900 361.5 
sum_state 8 10 0 1020 374.0 
sum_state 9 10 0 1140 387.5 
sum_state 10 10 0 1260 403.5 
sum_state 11 10 0 1380 414.0 
sum_state 12 10 0 1500 430.5 
sum_state 13 10 0 1620 441.0 
sum_state 14 10 0 1740 447.0 
sum_h2 0 10 0 60 16 
sum_h2 1 10 0 180 32 
sum_h2 2 10 0 300 48 
sum_h2 3 10 0 420 57 
sum_h2 4 10 0 540 64 
sum_h2 5 10 0 660 74 
sum_h2 6 10 0 780 84 
sum_h2 7 10 0 900 91 
sum_h2 8 10 0 1020 96 
sum_h2 9 10 0 1140 103 
sum_h2 10 10 0 1260 111 
sum_h2 11 10 0 1380 116 
sum_h2 12 10 0 1500 123 
sum_h2 13 10 0 1620 124 
sum_h2 14 10 0 1740 124 
miss fire 10 0 2 2 1 0 0 0 0 0 0 0 0 0 0 0 0 0 0 0 0 1 1 2 1 1 1 2 0 0 0 0 0 
miss human 10 0 20 20 12 11 8 7 7 7 7 7 7 7 7 7 8 2 2 2 2 0 2 0 0 0 0 0 2 0 1 1 1 
miss window 10 0 9 9 7 6 6 5 5 5 5 5 5 5 5 5 5 0 0 0 0 0 0 0 0 0 0 0 0 1 0 0 0 
miss f_s 10 0 2 2 0 1 1 1 0 0 0 1 0 1 0 0 1 1 1 1 1 2 2 2 1 1 2 3 2 3 2 2 
miss h_s2 10 0 8 8 8 8 8 8 8 1 4 3 4 6 5 5 4 3 3 2 2 5 5 3 2 3 3 4 1 0 0 0 
miss h_s 10 0 11 9 8 5 5 6 5 2 3 4 1 1 2 2 2 3 3 1 2 2 1 2 3 1 3 2 2 0 0 0 
acm fire 10 0 2 4 5 5 5 5 5 5 5 5 5 5 5 5 5 5 5 5 5 6 7 9 10 11 12 14 14 14 14 14 14 
acm human 10 0 20 40 52 63 71 78 85 92 99 106 113 120 127 134 142 144 146 148 150 150 152 152 152 152 152 152 154 154 155 156 157 
acm window 10 0 9 18 25 31 37 42 47 52 57 62 67 72 77 82 87 87 87 87 87 87 87 87 87 87 87 87 87 88 88 88 88 
tsim fire 10 0 2 2 2 2 2 2 2 2 2 2 2 2 2 2 2 2 2 2 2 3 3 4 4 4 4 5 5 5 5 5 5 
tsim human 10 0 20 20 20 20 20 20 20 20 20 20 20 20 20 20 19 19 19 19 19 17 16 14 13 13 13 13 12 10 9 9 9 
tsim window 10 0 9 9 9 9 11 11 11 11 11 11 11 11 11 11 11 11 11 11 11 11 11 11 11 11 11 11 11 12 12 12 12 
w_min_v -1 10 0 60 0.44966666666666666
w_sample_min -1 10 0 60 0.0
w_detect_min -1 10 0 60 0.0
min_AUC -1 10 0 60 0.0
w_min_v -1 10 0 120 1.2318333333333331
w_sample_min -1 10 0 120 1.268612823374651
w_detect_min -1 10 0 120 2.0
min_AUC -1 10 0 120 0.0
w_min_v -1 10 0 180 1.6668333333333334
w_sample_min -1 10 0 180 2.2278546274162827
w_detect_min -1 10 0 180 4.0
min_AUC -1 10 0 180 0.0
w_min_v -1 10 0 240 2.2895000000000003
w_sample_min -1 10 0 240 2.875972125377488
w_detect_min -1 10 0 240 3.0
min_AUC -1 10 0 240 0.0
w_min_v -1 10 0 300 2.0305
w_sample_min -1 10 0 300 2.5504519720910506
w_detect_min -1 10 0 300 2.0
min_AUC -1 10 0 300 0.0
w_min_v -1 10 0 360 2.1986666666666665
w_sample_min -1 10 0 360 2.4310199241258097
w_detect_min -1 10 0 360 2.5
min_AUC -1 10 0 360 0.36466666666666664
w_min_v -1 10 0 420 2.3678333333333335
w_sample_min -1 10 0 420 3.1395651326079346
w_detect_min -1 10 0 420 2.5
min_AUC -1 10 0 420 0.3266666666666667
w_min_v -1 10 0 480 2.5506666666666664
w_sample_min -1 10 0 480 3.0325239573513287
w_detect_min -1 10 0 480 1.5
min_AUC -1 10 0 480 0.03122222222222222
w_min_v -1 10 0 540 4.8213333333333335
w_sample_min -1 10 0 540 8.259468915202262
w_detect_min -1 10 0 540 9.5
min_AUC -1 10 0 540 0.14420833333333333
w_min_v -1 10 0 600 4.3901666666666666
w_sample_min -1 10 0 600 7.245190882656982
w_detect_min -1 10 0 600 5.5
min_AUC -1 10 0 600 0.13283333333333333
w_min_v -1 10 0 660 4.048666666666667
w_sample_min -1 10 0 660 6.453075754564007
w_detect_min -1 10 0 660 5.5
min_AUC -1 10 0 660 0.12372222222222222
w_min_v -1 10 0 720 3.9298333333333337
w_sample_min -1 10 0 720 7.023998908935344
w_detect_min -1 10 0 720 7.0
min_AUC -1 10 0 720 0.12355555555555557
w_min_v -1 10 0 780 3.7081666666666666
w_sample_min -1 10 0 780 5.811996933196927
w_detect_min -1 10 0 780 4.0
min_AUC -1 10 0 780 0.09949999999999998
w_min_v -1 10 0 840 3.412333333333333
w_sample_min -1 10 0 840 6.029143966953232
w_detect_min -1 10 0 840 5.5
min_AUC -1 10 0 840 0.06516666666666666
w_min_v -1 10 0 900 3.1458333333333335
w_sample_min -1 10 0 900 6.1665105793452355
w_detect_min -1 10 0 900 5.0
min_AUC -1 10 0 900 0.0535
w_min_v -1 10 0 960 3.9316666666666666
w_sample_min -1 10 0 960 6.672807332127533
w_detect_min -1 10 0 960 5.0
min_AUC -1 10 0 960 0.1375
w_min_v -1 10 0 1020 4.324
w_sample_min -1 10 0 1020 8.397188760633554
w_detect_min -1 10 0 1020 10.0
min_AUC -1 10 0 1020 0.1475
w_min_v -1 10 0 1080 4.2043333333333335
w_sample_min -1 10 0 1080 7.770121523315389
w_detect_min -1 10 0 1080 10.0
min_AUC -1 10 0 1080 0.13216666666666665
w_min_v -1 10 0 1140 3.624
w_sample_min -1 10 0 1140 6.193677713933506
w_detect_min -1 10 0 1140 5.5
min_AUC -1 10 0 1140 0.09744444444444444
w_min_v -1 10 0 1200 3.0868333333333333
w_sample_min -1 10 0 1200 5.914051537119859
w_detect_min -1 10 0 1200 5.5
min_AUC -1 10 0 1200 0.07322222222222222
w_min_v -1 10 0 1260 2.5131666666666668
w_sample_min -1 10 0 1260 5.301934076559303
w_detect_min -1 10 0 1260 1.5
min_AUC -1 10 0 1260 0.05566666666666666
w_min_v -1 10 0 1320 1.8551666666666666
w_sample_min -1 10 0 1320 4.217561636353436
w_detect_min -1 10 0 1320 0.0
min_AUC -1 10 0 1320 0.04616666666666667
w_min_v -1 10 0 1380 1.9681666666666666
w_sample_min -1 10 0 1380 5.016700790521702
w_detect_min -1 10 0 1380 1.5
min_AUC -1 10 0 1380 0.06704166666666667
w_min_v -1 10 0 1440 2.8536666666666664
w_sample_min -1 10 0 1440 7.616342414990346
w_detect_min -1 10 0 1440 3.0
min_AUC -1 10 0 1440 0.09338888888888887
w_min_v -1 10 0 1500 2.9063333333333334
w_sample_min -1 10 0 1500 6.796774361802208
w_detect_min -1 10 0 1500 1.5
min_AUC -1 10 0 1500 0.100125
w_min_v -1 10 0 1560 2.0751666666666666
w_sample_min -1 10 0 1560 5.015004102584638
w_detect_min -1 10 0 1560 0.0
min_AUC -1 10 0 1560 0.06566666666666666
w_min_v -1 10 0 1620 1.4988333333333335
w_sample_min -1 10 0 1620 2.8155582448063328
w_detect_min -1 10 0 1620 0.0
min_AUC -1 10 0 1620 0.043083333333333335
w_min_v -1 10 0 1680 1.9779999999999998
w_sample_min -1 10 0 1680 4.510290737817357
w_detect_min -1 10 0 1680 1.5
min_AUC -1 10 0 1680 0.030125000000000002
w_min_v -1 10 0 1740 2.1915
w_sample_min -1 10 0 1740 6.195242079856822
w_detect_min -1 10 0 1740 1.5
min_AUC -1 10 0 1740 0.065
w_min_v -1 10 0 1800 1.485
w_sample_min -1 10 0 1800 4.176198635539068
w_detect_min -1 10 0 1800 0.0
min_AUC -1 10 0 1800 0.042666666666666665
task_num -1 10 0 163
runtime -1 10 0 0.5600240230560303 1.303008794784546 0.507216215133667 0.5187740325927734 0.6215980052947998 0.4953620433807373 0.43920302391052246 0.5005488395690918 0.44762706756591797 0.299907922744751 
avg_run -1 10 0 0.5693269968032837
al_time -1 10 0 0.06025099754333496 43.33009624481201 0.05342984199523926 0.03636813163757324 0.053749799728393555 0.031262874603271484 0.03079986572265625 0.025786876678466797 0.027590036392211914 0.024966001510620117 
avg_all -1 10 0 4.367430067062378
AUC -1 10 0 6.411583057280883 8.998444254781818 7.715424430641822 0.3912367067296443 0.33545323611486183 0.15476190476190477
 
