random:0T:1800
sum 0 10 0 60 47 
sum 1 10 0 180 77 
sum 2 10 0 300 99 
sum 3 10 0 420 120 
sum 4 10 0 540 142 
sum 5 10 0 660 164 
sum 6 10 0 780 167 
sum 7 10 0 900 167 
sum 8 10 0 1020 167 
sum 9 10 0 1140 167 
sum 10 10 0 1260 169 
sum 11 10 0 1380 170 
sum 12 10 0 1500 170 
sum 13 10 0 1620 172 
sum 14 10 0 1740 173 
sum_state 0 10 0 60 67.5 
sum_state 1 10 0 180 112.0 
sum_state 2 10 0 300 146.0 
sum_state 3 10 0 420 171.5 
sum_state 4 10 0 540 194.0 
sum_state 5 10 0 660 219.0 
sum_state 6 10 0 780 223.0 
sum_state 7 10 0 900 224.0 
sum_state 8 10 0 1020 224.0 
sum_state 9 10 0 1140 227.0 
sum_state 10 10 0 1260 234.0 
sum_state 11 10 0 1380 240.0 
sum_state 12 10 0 1500 241.0 
sum_state 13 10 0 1620 245.0 
sum_state 14 10 0 1740 246.0 
sum_h2 0 10 0 60 13 
sum_h2 1 10 0 180 22 
sum_h2 2 10 0 300 30 
sum_h2 3 10 0 420 35 
sum_h2 4 10 0 540 36 
sum_h2 5 10 0 660 38 
sum_h2 6 10 0 780 40 
sum_h2 7 10 0 900 40 
sum_h2 8 10 0 1020 40 
sum_h2 9 10 0 1140 40 
sum_h2 10 10 0 1260 40 
sum_h2 11 10 0 1380 40 
sum_h2 12 10 0 1500 40 
sum_h2 13 10 0 1620 40 
sum_h2 14 10 0 1740 40 
miss fire 10 0 1 1 0 0 0 0 0 0 0 0 1 1 1 1 0 0 0 0 0 0 1 0 0 0 0 0 1 1 0 0 0 
miss human 10 0 14 13 10 5 6 5 5 6 6 6 5 5 0 1 0 0 0 0 0 0 0 0 0 0 0 0 0 0 0 0 0 
miss window 10 0 9 9 8 7 6 5 5 5 5 5 5 5 0 0 0 0 0 0 0 0 0 1 1 0 0 0 0 0 0 1 1 
miss f_s 10 0 1 1 1 1 1 1 0 0 0 0 1 1 0 0 0 1 0 0 0 0 1 0 1 1 1 0 1 0 0 0 
miss h_s2 10 0 7 6 5 4 4 4 4 1 1 0 0 2 1 1 0 0 0 0 0 0 0 0 0 0 0 0 0 0 0 0 
miss h_s 10 0 6 6 4 4 3 3 2 0 0 0 0 0 0 0 0 0 0 0 0 3 3 1 1 2 0 0 1 0 0 0 
acm fire 10 0 1 2 2 2 2 2 2 2 2 2 3 4 5 6 6 6 6 6 6 6 7 7 7 7 7 7 8 9 9 9 9 
acm human 10 0 14 27 37 42 48 53 58 64 70 76 81 86 86 87 87 87 87 87 87 87 87 87 87 87 87 87 87 87 87 87 87 
acm window 10 0 9 18 26 33 39 44 49 54 59 64 69 74 74 74 74 74 74 74 74 74 74 75 76 76 76 76 76 76 76 77 78 
tsim fire 10 0 1 1 1 1 1 1 1 1 1 1 2 2 2 2 2 2 2 2 2 2 3 3 3 3 3 3 4 4 4 4 4 
tsim human 10 0 14 13 13 12 10 10 10 9 9 9 8 8 8 7 6 6 6 6 6 6 6 6 6 6 6 6 6 6 6 6 6 
tsim window 10 0 9 9 9 9 9 9 9 9 9 9 9 9 9 9 9 9 9 9 9 9 9 10 10 10 10 10 10 10 10 11 11 
w_min_v -1 10 0 60 0.0
w_sample_min -1 10 0 60 0.0
w_detect_min -1 10 0 60 0.0
min_AUC -1 10 0 60 0.0
w_min_v -1 10 0 120 1.7303333333333333
w_sample_min -1 10 0 120 0.9409350315893833
w_detect_min -1 10 0 120 1.0
min_AUC -1 10 0 120 0.0
w_min_v -1 10 0 180 1.6700000000000002
w_sample_min -1 10 0 180 1.7205202407019868
w_detect_min -1 10 0 180 2.0
min_AUC -1 10 0 180 0.0
w_min_v -1 10 0 240 1.481
w_sample_min -1 10 0 240 2.0172984546949393
w_detect_min -1 10 0 240 2.5
min_AUC -1 10 0 240 0.0
w_min_v -1 10 0 300 1.3133333333333332
w_sample_min -1 10 0 300 1.7889682506563318
w_detect_min -1 10 0 300 2.0
min_AUC -1 10 0 300 0.0
w_min_v -1 10 0 360 1.4713333333333332
w_sample_min -1 10 0 360 1.6027649527974894
w_detect_min -1 10 0 360 2.0
min_AUC -1 10 0 360 0.0
w_min_v -1 10 0 420 1.7641666666666667
w_sample_min -1 10 0 420 2.499073423317185
w_detect_min -1 10 0 420 2.5
min_AUC -1 10 0 420 0.25816666666666666
w_min_v -1 10 0 480 2.9105000000000003
w_sample_min -1 10 0 480 4.450117468067665
w_detect_min -1 10 0 480 3.5
min_AUC -1 10 0 480 0.0365
w_min_v -1 10 0 540 4.856833333333333
w_sample_min -1 10 0 540 9.6427834004497
w_detect_min -1 10 0 540 13.0
min_AUC -1 10 0 540 0.14475000000000002
w_min_v -1 10 0 600 4.8545
w_sample_min -1 10 0 600 8.532624795928363
w_detect_min -1 10 0 600 10.75
min_AUC -1 10 0 600 0.15529166666666666
w_min_v -1 10 0 660 5.071833333333333
w_sample_min -1 10 0 660 8.523398377629146
w_detect_min -1 10 0 660 10.0
min_AUC -1 10 0 660 0.14458333333333334
w_min_v -1 10 0 720 4.074333333333334
w_sample_min -1 10 0 720 9.190559300521203
w_detect_min -1 10 0 720 11.0
min_AUC -1 10 0 720 0.12070833333333333
w_min_v -1 10 0 780 4.307833333333333
w_sample_min -1 10 0 780 7.533210825225721
w_detect_min -1 10 0 780 6.5
min_AUC -1 10 0 780 0.14529166666666665
w_min_v -1 10 0 840 4.035
w_sample_min -1 10 0 840 8.687539641801479
w_detect_min -1 10 0 840 10.0
min_AUC -1 10 0 840 0.11427777777777777
w_min_v -1 10 0 900 3.5613333333333337
w_sample_min -1 10 0 900 8.197742147763433
w_detect_min -1 10 0 900 8.0
min_AUC -1 10 0 900 0.10591666666666667
w_min_v -1 10 0 960 4.264166666666666
w_sample_min -1 10 0 960 9.590820023313713
w_detect_min -1 10 0 960 11.0
min_AUC -1 10 0 960 0.12883333333333333
w_min_v -1 10 0 1020 3.6895000000000002
w_sample_min -1 10 0 1020 10.106114096731087
w_detect_min -1 10 0 1020 9.75
min_AUC -1 10 0 1020 0.09820833333333333
w_min_v -1 10 0 1080 2.536666666666666
w_sample_min -1 10 0 1080 7.956678505108114
w_detect_min -1 10 0 1080 4.5
min_AUC -1 10 0 1080 0.06441666666666666
w_min_v -1 10 0 1140 1.747
w_sample_min -1 10 0 1140 6.158536485417482
w_detect_min -1 10 0 1140 3.0
min_AUC -1 10 0 1140 0.042291666666666665
w_min_v -1 10 0 1200 1.6791666666666667
w_sample_min -1 10 0 1200 4.539690730884992
w_detect_min -1 10 0 1200 1.5
min_AUC -1 10 0 1200 0.03808333333333334
w_min_v -1 10 0 1260 2.323
w_sample_min -1 10 0 1260 5.171267253099858
w_detect_min -1 10 0 1260 0.0
min_AUC -1 10 0 1260 0.04655555555555555
w_min_v -1 10 0 1320 3.0955
w_sample_min -1 10 0 1320 6.234048198790028
w_detect_min -1 10 0 1320 1.5
min_AUC -1 10 0 1320 0.1
w_min_v -1 10 0 1380 2.6758333333333333
w_sample_min -1 10 0 1380 7.424515081949396
w_detect_min -1 10 0 1380 4.5
min_AUC -1 10 0 1380 0.07454166666666667
w_min_v -1 10 0 1440 2.285833333333333
w_sample_min -1 10 0 1440 5.086246531442668
w_detect_min -1 10 0 1440 0.0
min_AUC -1 10 0 1440 0.07591666666666666
w_min_v -1 10 0 1500 2.7693333333333334
w_sample_min -1 10 0 1500 6.729110288265626
w_detect_min -1 10 0 1500 3.75
min_AUC -1 10 0 1500 0.06527777777777778
w_min_v -1 10 0 1560 2.4923333333333333
w_sample_min -1 10 0 1560 7.509753713775959
w_detect_min -1 10 0 1560 7.5
min_AUC -1 10 0 1560 0.042888888888888886
w_min_v -1 10 0 1620 2.3951666666666664
w_sample_min -1 10 0 1620 6.353261823139987
w_detect_min -1 10 0 1620 4.5
min_AUC -1 10 0 1620 0.028111111111111114
w_min_v -1 10 0 1680 2.378
w_sample_min -1 10 0 1680 5.241496237899542
w_detect_min -1 10 0 1680 3.0
min_AUC -1 10 0 1680 0.06095833333333334
w_min_v -1 10 0 1740 2.4106666666666667
w_sample_min -1 10 0 1740 6.066432755454627
w_detect_min -1 10 0 1740 4.5
min_AUC -1 10 0 1740 0.06972222222222223
w_min_v -1 10 0 1800 1.6565
w_sample_min -1 10 0 1800 4.7368184823856
w_detect_min -1 10 0 1800 0.0
min_AUC -1 10 0 1800 0.04777777777777778
task_num -1 10 0 102
runtime -1 10 0 0.04303717613220215 0.37290263175964355 0.14966058731079102 0.1733560562133789 0.154221773147583 0.14837861061096191 0.148576021194458 0.20361113548278809 0.0681614875793457 
avg_run -1 10 0 0.16243394215901694
al_time -1 10 0 0.013428211212158203 0.1966409683227539 0.0072896480560302734 0.005750894546508789 0.013828277587890625 0.05357551574707031 0.006999492645263672 0.0069675445556640625 0.005056858062744141 
avg_all -1 10 0 0.03439304563734266
AUC -1 10 0 5.7538913043478255 9.433128482941942 9.403674948240166 0.41013602099747576 0.40885543253218115 0.0574047619047619
 
sum 0 8 0 60 47 
sum 1 8 0 180 75 
sum 2 8 0 300 95 
sum 3 8 0 420 114 
sum 4 8 0 540 132 
sum 5 8 0 660 154 
sum 6 8 0 780 157 
sum 7 8 0 900 157 
sum 8 8 0 1020 157 
sum 9 8 0 1140 157 
sum 10 8 0 1260 160 
sum 11 8 0 1380 162 
sum 12 8 0 1500 162 
sum 13 8 0 1620 163 
sum 14 8 0 1740 164 
sum_state 0 8 0 60 68.5 
sum_state 1 8 0 180 110.0 
sum_state 2 8 0 300 142.0 
sum_state 3 8 0 420 168.5 
sum_state 4 8 0 540 187.5 
sum_state 5 8 0 660 212.0 
sum_state 6 8 0 780 217.5 
sum_state 7 8 0 900 218.5 
sum_state 8 8 0 1020 218.5 
sum_state 9 8 0 1140 220.5 
sum_state 10 8 0 1260 227.5 
sum_state 11 8 0 1380 231.5 
sum_state 12 8 0 1500 235.5 
sum_state 13 8 0 1620 241.5 
sum_state 14 8 0 1740 248.5 
sum_h2 0 8 0 60 13 
sum_h2 1 8 0 180 22 
sum_h2 2 8 0 300 30 
sum_h2 3 8 0 420 35 
sum_h2 4 8 0 540 37 
sum_h2 5 8 0 660 38 
sum_h2 6 8 0 780 39 
sum_h2 7 8 0 900 39 
sum_h2 8 8 0 1020 39 
sum_h2 9 8 0 1140 39 
sum_h2 10 8 0 1260 39 
sum_h2 11 8 0 1380 39 
sum_h2 12 8 0 1500 39 
sum_h2 13 8 0 1620 39 
sum_h2 14 8 0 1740 39 
miss fire 8 0 1 1 0 0 0 0 0 0 0 0 1 1 0 0 0 0 0 0 0 0 1 1 0 0 0 0 1 0 0 0 0 
miss human 8 0 14 13 9 3 5 5 5 4 4 4 5 5 2 1 0 0 0 0 0 0 0 0 0 0 0 0 0 0 0 0 0 
miss window 8 0 9 9 9 7 5 5 5 5 5 5 5 5 0 0 0 0 0 0 0 0 0 1 1 1 0 0 0 0 0 1 1 
miss f_s 8 0 1 1 1 1 0 1 1 0 0 0 1 0 1 1 1 0 0 0 0 0 1 2 1 1 1 1 2 3 3 3 
miss h_s2 8 0 7 6 5 4 4 4 4 1 1 1 0 1 1 0 0 0 0 0 0 0 0 0 0 0 0 0 0 0 0 0 
miss h_s 8 0 7 6 4 3 3 4 4 0 0 0 0 1 0 0 0 0 0 0 0 2 1 0 0 0 1 1 0 0 0 0 
acm fire 8 0 1 2 2 2 2 2 2 2 2 2 3 4 4 4 4 4 4 4 4 4 5 6 6 6 6 6 7 7 7 7 7 
acm human 8 0 14 27 36 39 44 49 54 58 62 66 71 76 78 79 79 79 79 79 79 79 79 79 79 79 79 79 79 79 79 79 79 
acm window 8 0 9 18 27 34 39 44 49 54 59 64 69 74 74 74 74 74 74 74 74 74 74 75 76 77 77 77 77 77 77 78 79 
tsim fire 8 0 1 1 1 1 1 1 1 1 1 1 2 2 2 2 2 2 2 2 2 2 3 3 3 3 3 3 4 4 4 4 4 
tsim human 8 0 14 13 13 12 10 10 10 9 9 9 8 8 8 7 6 6 6 6 6 6 6 6 6 6 6 6 6 6 6 6 6 
tsim window 8 0 9 9 9 9 9 9 9 9 9 9 9 9 9 9 9 9 9 9 9 9 9 10 10 10 10 10 10 10 10 11 11 
w_min_v -1 8 0 60 0.0
w_sample_min -1 8 0 60 0.0
w_detect_min -1 8 0 60 0.0
min_AUC -1 8 0 60 0.0
w_min_v -1 8 0 120 1.2313333333333332
w_sample_min -1 8 0 120 0.6647883412734239
w_detect_min -1 8 0 120 1.0
min_AUC -1 8 0 120 0.0
w_min_v -1 8 0 180 1.1796666666666666
w_sample_min -1 8 0 180 1.215579990694579
w_detect_min -1 8 0 180 2.0
min_AUC -1 8 0 180 0.0
w_min_v -1 8 0 240 1.0463333333333333
w_sample_min -1 8 0 240 1.5695104371909425
w_detect_min -1 8 0 240 2.5
min_AUC -1 8 0 240 0.0
w_min_v -1 8 0 300 1.5800000000000003
w_sample_min -1 8 0 300 1.8999423422038906
w_detect_min -1 8 0 300 1.0
min_AUC -1 8 0 300 0.0
w_min_v -1 8 0 360 2.0963333333333334
w_sample_min -1 8 0 360 2.179640085050581
w_detect_min -1 8 0 360 2.0
min_AUC -1 8 0 360 0.0
w_min_v -1 8 0 420 2.2533333333333334
w_sample_min -1 8 0 420 3.01302004348187
w_detect_min -1 8 0 420 2.5
min_AUC -1 8 0 420 0.32966666666666666
w_min_v -1 8 0 480 2.7415
w_sample_min -1 8 0 480 3.5870264109846675
w_detect_min -1 8 0 480 0.75
min_AUC -1 8 0 480 0.05525
w_min_v -1 8 0 540 4.980333333333333
w_sample_min -1 8 0 540 9.089055811229027
w_detect_min -1 8 0 540 12.5
min_AUC -1 8 0 540 0.140875
w_min_v -1 8 0 600 4.2485
w_sample_min -1 8 0 600 7.974781064852318
w_detect_min -1 8 0 600 8.5
min_AUC -1 8 0 600 0.13088888888888892
w_min_v -1 8 0 660 4.0855
w_sample_min -1 8 0 660 7.983144475639351
w_detect_min -1 8 0 660 8.5
min_AUC -1 8 0 660 0.09866666666666668
w_min_v -1 8 0 720 3.451166666666667
w_sample_min -1 8 0 720 8.006991470384028
w_detect_min -1 8 0 720 10.0
min_AUC -1 8 0 720 0.06877777777777778
w_min_v -1 8 0 780 2.5786666666666664
w_sample_min -1 8 0 780 7.911006035495106
w_detect_min -1 8 0 780 8.0
min_AUC -1 8 0 780 0.04794444444444445
w_min_v -1 8 0 840 2.0208333333333335
w_sample_min -1 8 0 840 7.161476783875327
w_detect_min -1 8 0 840 6.0
min_AUC -1 8 0 840 0.05472222222222223
w_min_v -1 8 0 900 2.07
w_sample_min -1 8 0 900 9.134189108810046
w_detect_min -1 8 0 900 10.5
min_AUC -1 8 0 900 0.04829166666666666
w_min_v -1 8 0 960 4.494000000000001
w_sample_min -1 8 0 960 10.141514446681315
w_detect_min -1 8 0 960 13.25
min_AUC -1 8 0 960 0.13579166666666667
w_min_v -1 8 0 1020 3.4245
w_sample_min -1 8 0 1020 9.612094682063796
w_detect_min -1 8 0 1020 11.0
min_AUC -1 8 0 1020 0.112
w_min_v -1 8 0 1080 2.9255
w_sample_min -1 8 0 1080 7.389572959347817
w_detect_min -1 8 0 1080 5.0
min_AUC -1 8 0 1080 0.09044444444444445
w_min_v -1 8 0 1140 2.5636666666666668
w_sample_min -1 8 0 1140 6.6930545103132335
w_detect_min -1 8 0 1140 3.75
min_AUC -1 8 0 1140 0.07258333333333335
w_min_v -1 8 0 1200 1.7106666666666666
w_sample_min -1 8 0 1200 5.789256691311647
w_detect_min -1 8 0 1200 3.0
min_AUC -1 8 0 1200 0.047625
w_min_v -1 8 0 1260 1.3263333333333334
w_sample_min -1 8 0 1260 4.416215838658909
w_detect_min -1 8 0 1260 0.0
min_AUC -1 8 0 1260 0.03361111111111111
w_min_v -1 8 0 1320 0.9043333333333332
w_sample_min -1 8 0 1320 3.954359607241172
w_detect_min -1 8 0 1320 1.5
min_AUC -1 8 0 1320 0.02211111111111111
w_min_v -1 8 0 1380 2.0636666666666668
w_sample_min -1 8 0 1380 4.436172007396325
w_detect_min -1 8 0 1380 3.0
min_AUC -1 8 0 1380 0.06588888888888889
w_min_v -1 8 0 1440 1.5091666666666668
w_sample_min -1 8 0 1440 5.037955081795337
w_detect_min -1 8 0 1440 1.5
min_AUC -1 8 0 1440 0.04588888888888889
w_min_v -1 8 0 1500 1.8296666666666668
w_sample_min -1 8 0 1500 3.8778802976373843
w_detect_min -1 8 0 1500 0.0
min_AUC -1 8 0 1500 0.050791666666666666
w_min_v -1 8 0 1560 2.664833333333333
w_sample_min -1 8 0 1560 4.228198295419012
w_detect_min -1 8 0 1560 0.0
min_AUC -1 8 0 1560 0.04733333333333333
w_min_v -1 8 0 1620 1.8783333333333332
w_sample_min -1 8 0 1620 4.973006276030122
w_detect_min -1 8 0 1620 1.5
min_AUC -1 8 0 1620 0.031055555555555555
w_min_v -1 8 0 1680 1.5051666666666665
w_sample_min -1 8 0 1680 4.904245351282346
w_detect_min -1 8 0 1680 3.0
min_AUC -1 8 0 1680 0.02816666666666667
w_min_v -1 8 0 1740 1.3570000000000002
w_sample_min -1 8 0 1740 4.606494374639449
w_detect_min -1 8 0 1740 3.0
min_AUC -1 8 0 1740 0.0185
w_min_v -1 8 0 1800 0.9411666666666667
w_sample_min -1 8 0 1800 3.106225852392519
w_detect_min -1 8 0 1800 0.0
min_AUC -1 8 0 1800 0.012111111111111112
task_num -1 8 0 102
runtime -1 8 0 0.5883119106292725 0.6564011573791504 0.18581366539001465 0.17835545539855957 0.17249178886413574 0.12095403671264648 0.08255171775817871 
avg_run -1 8 0 0.2835542474474226
al_time -1 8 0 0.013120889663696289 0.15248775482177734 0.006966352462768555 0.006829261779785156 0.055492401123046875 0.007403373718261719 0.0049097537994384766 
avg_all -1 8 0 0.03531568390982492
AUC -1 8 0 5.433154632505177 8.383074307155262 8.221143892339544 0.3644814916154462 0.3574410387973715 0.056333333333333326
 
sum 0 17 0 60 47 
sum 1 17 0 180 81 
sum 2 17 0 300 104 
sum 3 17 0 420 123 
sum 4 17 0 540 141 
sum 5 17 0 660 159 
sum 6 17 0 780 162 
sum 7 17 0 900 162 
sum 8 17 0 1020 162 
sum 9 17 0 1140 162 
sum 10 17 0 1260 164 
sum 11 17 0 1380 165 
sum 12 17 0 1500 165 
sum 13 17 0 1620 167 
sum 14 17 0 1740 169 
sum_state 0 17 0 60 67.5 
sum_state 1 17 0 180 113.0 
sum_state 2 17 0 300 148.0 
sum_state 3 17 0 420 174.0 
sum_state 4 17 0 540 192.5 
sum_state 5 17 0 660 215.5 
sum_state 6 17 0 780 221.0 
sum_state 7 17 0 900 226.0 
sum_state 8 17 0 1020 229.0 
sum_state 9 17 0 1140 231.0 
sum_state 10 17 0 1260 236.0 
sum_state 11 17 0 1380 242.0 
sum_state 12 17 0 1500 247.0 
sum_state 13 17 0 1620 254.0 
sum_state 14 17 0 1740 264.0 
sum_h2 0 17 0 60 13 
sum_h2 1 17 0 180 22 
sum_h2 2 17 0 300 30 
sum_h2 3 17 0 420 34 
sum_h2 4 17 0 540 35 
sum_h2 5 17 0 660 37 
sum_h2 6 17 0 780 38 
sum_h2 7 17 0 900 38 
sum_h2 8 17 0 1020 38 
sum_h2 9 17 0 1140 38 
sum_h2 10 17 0 1260 38 
sum_h2 11 17 0 1380 38 
sum_h2 12 17 0 1500 38 
sum_h2 13 17 0 1620 38 
sum_h2 14 17 0 1740 38 
miss fire 17 0 1 1 0 0 0 0 0 0 0 0 1 1 1 1 0 0 0 0 0 0 1 0 0 0 0 0 1 1 1 0 0 
miss human 17 0 14 13 11 6 7 6 6 5 5 5 4 4 0 1 0 0 0 0 0 0 0 0 0 0 0 0 0 0 0 0 0 
miss window 17 0 9 9 9 8 6 4 4 4 4 4 4 4 0 0 0 0 0 0 0 0 0 1 1 0 0 0 0 0 0 1 1 
miss f_s 17 0 1 0 0 0 0 1 1 0 0 0 1 1 1 1 0 2 1 0 0 0 1 0 1 1 1 0 1 1 1 1 
miss h_s2 17 0 7 6 5 4 4 4 4 0 1 0 0 2 1 0 0 0 0 0 0 0 0 0 0 0 0 0 0 0 0 0 
miss h_s 17 0 6 7 4 3 3 4 3 1 0 0 0 2 0 0 2 1 1 1 0 2 1 1 1 2 3 1 1 2 4 2 
acm fire 17 0 1 2 2 2 2 2 2 2 2 2 3 4 5 6 6 6 6 6 6 6 7 7 7 7 7 7 8 9 10 10 10 
acm human 17 0 14 27 38 44 51 57 63 68 73 78 82 86 86 87 87 87 87 87 87 87 87 87 87 87 87 87 87 87 87 87 87 
acm window 17 0 9 18 27 35 41 45 49 53 57 61 65 69 69 69 69 69 69 69 69 69 69 70 71 71 71 71 71 71 71 72 73 
tsim fire 17 0 1 1 1 1 1 1 1 1 1 1 2 2 2 2 2 2 2 2 2 2 3 3 3 3 3 3 4 4 4 4 4 
tsim human 17 0 14 13 13 12 10 10 10 9 9 9 8 8 8 7 6 6 6 6 6 6 6 6 6 6 6 6 6 6 6 6 6 
tsim window 17 0 9 9 9 9 9 9 9 9 9 9 9 9 9 9 9 9 9 9 9 9 9 10 10 10 10 10 10 10 10 11 11 
w_min_v -1 17 0 60 0.0
w_sample_min -1 17 0 60 0.0
w_detect_min -1 17 0 60 0.0
min_AUC -1 17 0 60 0.0
w_min_v -1 17 0 120 1.7303333333333333
w_sample_min -1 17 0 120 0.9409350315893833
w_detect_min -1 17 0 120 1.0
min_AUC -1 17 0 120 0.0
w_min_v -1 17 0 180 1.6700000000000002
w_sample_min -1 17 0 180 1.7205202407019868
w_detect_min -1 17 0 180 2.0
min_AUC -1 17 0 180 0.0
w_min_v -1 17 0 240 1.481
w_sample_min -1 17 0 240 2.0172984546949393
w_detect_min -1 17 0 240 2.5
min_AUC -1 17 0 240 0.0
w_min_v -1 17 0 300 1.3133333333333332
w_sample_min -1 17 0 300 1.7889682506563318
w_detect_min -1 17 0 300 2.0
min_AUC -1 17 0 300 0.0
w_min_v -1 17 0 360 1.4713333333333332
w_sample_min -1 17 0 360 1.6027649527974894
w_detect_min -1 17 0 360 2.0
min_AUC -1 17 0 360 0.0
w_min_v -1 17 0 420 1.7686666666666666
w_sample_min -1 17 0 420 2.4975113646781546
w_detect_min -1 17 0 420 2.5
min_AUC -1 17 0 420 0.25816666666666666
w_min_v -1 17 0 480 3.1903333333333332
w_sample_min -1 17 0 480 3.295312246152351
w_detect_min -1 17 0 480 1.5
min_AUC -1 17 0 480 0.0585
w_min_v -1 17 0 540 4.935
w_sample_min -1 17 0 540 9.202856680073753
w_detect_min -1 17 0 540 12.5
min_AUC -1 17 0 540 0.13895833333333332
w_min_v -1 17 0 600 4.5975
w_sample_min -1 17 0 600 8.859156343783972
w_detect_min -1 17 0 600 9.0
min_AUC -1 17 0 600 0.09949999999999999
w_min_v -1 17 0 660 4.2435
w_sample_min -1 17 0 660 8.115537030494526
w_detect_min -1 17 0 660 8.75
min_AUC -1 17 0 660 0.12529166666666666
w_min_v -1 17 0 720 3.043
w_sample_min -1 17 0 720 6.194921034592941
w_detect_min -1 17 0 720 1.5
min_AUC -1 17 0 720 0.08220833333333334
w_min_v -1 17 0 780 4.783333333333333
w_sample_min -1 17 0 780 6.388819018101326
w_detect_min -1 17 0 780 2.25
min_AUC -1 17 0 780 0.15016666666666667
w_min_v -1 17 0 840 4.866333333333333
w_sample_min -1 17 0 840 9.089388772692281
w_detect_min -1 17 0 840 12.25
min_AUC -1 17 0 840 0.14416666666666667
w_min_v -1 17 0 900 4.3915
w_sample_min -1 17 0 900 9.31055236363672
w_detect_min -1 17 0 900 9.0
min_AUC -1 17 0 900 0.111125
w_min_v -1 17 0 960 4.4745
w_sample_min -1 17 0 960 9.086802685693625
w_detect_min -1 17 0 960 8.0
min_AUC -1 17 0 960 0.13879166666666667
w_min_v -1 17 0 1020 3.660166666666667
w_sample_min -1 17 0 1020 9.827424580144033
w_detect_min -1 17 0 1020 7.5
min_AUC -1 17 0 1020 0.09625
w_min_v -1 17 0 1080 3.7510000000000003
w_sample_min -1 17 0 1080 8.78940990499171
w_detect_min -1 17 0 1080 7.5
min_AUC -1 17 0 1080 0.098
w_min_v -1 17 0 1140 3.238
w_sample_min -1 17 0 1140 8.095864943366493
w_detect_min -1 17 0 1140 3.0
min_AUC -1 17 0 1140 0.09904166666666667
w_min_v -1 17 0 1200 3.8174999999999994
w_sample_min -1 17 0 1200 7.361932325498385
w_detect_min -1 17 0 1200 2.25
min_AUC -1 17 0 1200 0.1041111111111111
w_min_v -1 17 0 1260 4.014
w_sample_min -1 17 0 1260 10.157346005242989
w_detect_min -1 17 0 1260 9.75
min_AUC -1 17 0 1260 0.08220833333333334
w_min_v -1 17 0 1320 4.232166666666667
w_sample_min -1 17 0 1320 8.442569311845036
w_detect_min -1 17 0 1320 9.5
min_AUC -1 17 0 1320 0.11525
w_min_v -1 17 0 1380 3.5
w_sample_min -1 17 0 1380 8.773209057362656
w_detect_min -1 17 0 1380 6.0
min_AUC -1 17 0 1380 0.089875
w_min_v -1 17 0 1440 3.6605
w_sample_min -1 17 0 1440 7.942907285615522
w_detect_min -1 17 0 1440 2.25
min_AUC -1 17 0 1440 0.09625
w_min_v -1 17 0 1500 2.7270000000000003
w_sample_min -1 17 0 1500 6.510793383474276
w_detect_min -1 17 0 1500 1.5
min_AUC -1 17 0 1500 0.06316666666666666
w_min_v -1 17 0 1560 3.1018333333333334
w_sample_min -1 17 0 1560 7.738066390008358
w_detect_min -1 17 0 1560 3.0
min_AUC -1 17 0 1560 0.08120833333333333
w_min_v -1 17 0 1620 2.992166666666667
w_sample_min -1 17 0 1620 6.989431365938095
w_detect_min -1 17 0 1620 1.5
min_AUC -1 17 0 1620 0.08991666666666666
w_min_v -1 17 0 1680 2.857833333333333
w_sample_min -1 17 0 1680 7.028409887442522
w_detect_min -1 17 0 1680 3.0
min_AUC -1 17 0 1680 0.06633333333333333
w_min_v -1 17 0 1740 2.3603333333333336
w_sample_min -1 17 0 1740 6.923735691248991
w_detect_min -1 17 0 1740 3.0
min_AUC -1 17 0 1740 0.068
w_min_v -1 17 0 1800 1.6161666666666665
w_sample_min -1 17 0 1800 3.5497490647488266
w_detect_min -1 17 0 1800 0.0
min_AUC -1 17 0 1800 0.04461111111111111
task_num -1 17 0 102
runtime -1 17 0 0.037471771240234375 0.2927377223968506 0.10267949104309082 0.16721296310424805 0.10370182991027832 0.10926580429077148 0.1253674030303955 0.08085370063781738 0.030750036239624023 
avg_run -1 17 0 0.11667119132147895
al_time -1 17 0 0.012428998947143555 0.1520240306854248 0.00627446174621582 0.004802703857421875 0.0063190460205078125 0.05224037170410156 0.006491422653198242 0.0053632259368896484 0.0037689208984375 
avg_all -1 17 0 0.02774590916103787
AUC -1 17 0 5.820072463768115 8.968179862203169 7.098964803312629 0.3899208635740508 0.3086506436222882 0.0574047619047619
 
sum 0 5 0 60 47 
sum 1 5 0 180 87 
sum 2 5 0 300 110 
sum 3 5 0 420 131 
sum 4 5 0 540 153 
sum 5 5 0 660 166 
sum 6 5 0 780 169 
sum 7 5 0 900 169 
sum 8 5 0 1020 169 
sum 9 5 0 1140 169 
sum 10 5 0 1260 172 
sum 11 5 0 1380 174 
sum 12 5 0 1500 174 
sum 13 5 0 1620 175 
sum 14 5 0 1740 176 
sum_state 0 5 0 60 68.5 
sum_state 1 5 0 180 125.0 
sum_state 2 5 0 300 160.0 
sum_state 3 5 0 420 191.0 
sum_state 4 5 0 540 215.5 
sum_state 5 5 0 660 231.5 
sum_state 6 5 0 780 239.0 
sum_state 7 5 0 900 246.0 
sum_state 8 5 0 1020 251.0 
sum_state 9 5 0 1140 254.0 
sum_state 10 5 0 1260 262.0 
sum_state 11 5 0 1380 267.0 
sum_state 12 5 0 1500 273.0 
sum_state 13 5 0 1620 283.0 
sum_state 14 5 0 1740 293.0 
sum_h2 0 5 0 60 13 
sum_h2 1 5 0 180 24 
sum_h2 2 5 0 300 32 
sum_h2 3 5 0 420 38 
sum_h2 4 5 0 540 39 
sum_h2 5 5 0 660 41 
sum_h2 6 5 0 780 44 
sum_h2 7 5 0 900 44 
sum_h2 8 5 0 1020 44 
sum_h2 9 5 0 1140 44 
sum_h2 10 5 0 1260 44 
sum_h2 11 5 0 1380 44 
sum_h2 12 5 0 1500 44 
sum_h2 13 5 0 1620 44 
sum_h2 14 5 0 1740 44 
miss fire 5 0 1 1 1 1 0 0 0 0 0 0 1 0 0 0 0 0 0 0 0 0 1 1 1 0 0 0 1 0 0 0 0 
miss human 5 0 14 13 12 8 5 4 4 5 5 5 4 2 2 1 0 0 0 0 0 0 0 0 0 0 0 0 0 0 0 0 0 
miss window 5 0 9 9 9 9 8 6 6 6 6 6 6 0 0 0 0 0 0 0 0 0 0 1 1 0 0 0 0 0 0 1 1 
miss f_s 5 0 1 1 1 0 0 1 1 1 0 0 1 0 1 1 1 0 0 0 0 0 1 1 1 1 0 0 0 2 2 2 
miss h_s2 5 0 7 6 6 5 4 4 4 2 1 0 0 2 2 1 0 0 0 0 0 0 0 0 0 0 0 0 0 0 0 0 
miss h_s 5 0 7 6 5 5 3 4 4 1 1 1 0 1 0 1 3 3 4 1 1 2 3 0 0 1 3 3 4 3 4 1 
acm fire 5 0 1 2 3 4 4 4 4 4 4 4 5 5 5 5 5 5 5 5 5 5 6 7 8 8 8 8 9 9 9 9 9 
acm human 5 0 14 27 39 47 52 56 60 65 70 75 79 81 83 84 84 84 84 84 84 84 84 84 84 84 84 84 84 84 84 84 84 
acm window 5 0 9 18 27 36 44 50 56 62 68 74 80 80 80 80 80 80 80 80 80 80 80 81 82 82 82 82 82 82 82 83 84 
tsim fire 5 0 1 1 1 1 1 1 1 1 1 1 2 2 2 2 2 2 2 2 2 2 3 3 3 3 3 3 4 4 4 4 4 
tsim human 5 0 14 13 13 12 10 10 10 9 9 9 8 8 8 7 6 6 6 6 6 6 6 6 6 6 6 6 6 6 6 6 6 
tsim window 5 0 9 9 9 9 9 9 9 9 9 9 9 9 9 9 9 9 9 9 9 9 9 10 10 10 10 10 10 10 10 11 11 
w_min_v -1 5 0 60 0.0
w_sample_min -1 5 0 60 0.0
w_detect_min -1 5 0 60 0.0
min_AUC -1 5 0 60 0.0
w_min_v -1 5 0 120 0.8306666666666668
w_sample_min -1 5 0 120 0.690341523345716
w_detect_min -1 5 0 120 1.0
min_AUC -1 5 0 120 0.0
w_min_v -1 5 0 180 1.225
w_sample_min -1 5 0 180 1.2623045417993013
w_detect_min -1 5 0 180 2.0
min_AUC -1 5 0 180 0.0
w_min_v -1 5 0 240 1.32
w_sample_min -1 5 0 240 1.5857799683211529
w_detect_min -1 5 0 240 2.5
min_AUC -1 5 0 240 0.0
w_min_v -1 5 0 300 1.8090000000000002
w_sample_min -1 5 0 300 2.316777703625142
w_detect_min -1 5 0 300 2.0
min_AUC -1 5 0 300 0.0
w_min_v -1 5 0 360 1.6043333333333334
w_sample_min -1 5 0 360 2.069885594637864
w_detect_min -1 5 0 360 2.0
min_AUC -1 5 0 360 0.0
w_min_v -1 5 0 420 1.6851666666666667
w_sample_min -1 5 0 420 1.8942109444057893
w_detect_min -1 5 0 420 2.0
min_AUC -1 5 0 420 0.0
w_min_v -1 5 0 480 2.2263333333333333
w_sample_min -1 5 0 480 2.6602470030330285
w_detect_min -1 5 0 480 0.5
min_AUC -1 5 0 480 0.058625000000000003
w_min_v -1 5 0 540 4.591
w_sample_min -1 5 0 540 8.357134986352959
w_detect_min -1 5 0 540 9.0
min_AUC -1 5 0 540 0.11308333333333334
w_min_v -1 5 0 600 5.357500000000001
w_sample_min -1 5 0 600 10.181439340401054
w_detect_min -1 5 0 600 14.5
min_AUC -1 5 0 600 0.13416666666666668
w_min_v -1 5 0 660 4.736
w_sample_min -1 5 0 660 9.842957412536041
w_detect_min -1 5 0 660 12.5
min_AUC -1 5 0 660 0.11683333333333333
w_min_v -1 5 0 720 3.2785
w_sample_min -1 5 0 720 8.548597203549331
w_detect_min -1 5 0 720 6.0
min_AUC -1 5 0 720 0.07666666666666666
w_min_v -1 5 0 780 2.2266666666666666
w_sample_min -1 5 0 780 7.651713632823816
w_detect_min -1 5 0 780 4.5
min_AUC -1 5 0 780 0.050291666666666665
w_min_v -1 5 0 840 1.6506666666666667
w_sample_min -1 5 0 840 6.48633898643362
w_detect_min -1 5 0 840 4.5
min_AUC -1 5 0 840 0.04066666666666666
w_min_v -1 5 0 900 1.5713333333333332
w_sample_min -1 5 0 900 5.6709452744134365
w_detect_min -1 5 0 900 4.5
min_AUC -1 5 0 900 0.035416666666666666
w_min_v -1 5 0 960 3.3081666666666667
w_sample_min -1 5 0 960 8.645627496194113
w_detect_min -1 5 0 960 5.25
min_AUC -1 5 0 960 0.09866666666666667
w_min_v -1 5 0 1020 2.4781666666666666
w_sample_min -1 5 0 1020 7.254803776900604
w_detect_min -1 5 0 1020 4.5
min_AUC -1 5 0 1020 0.06920833333333333
w_min_v -1 5 0 1080 2.2898333333333336
w_sample_min -1 5 0 1080 5.971540020915801
w_detect_min -1 5 0 1080 0.0
min_AUC -1 5 0 1080 0.06566666666666668
w_min_v -1 5 0 1140 2.554666666666667
w_sample_min -1 5 0 1140 6.497096140698241
w_detect_min -1 5 0 1140 3.75
min_AUC -1 5 0 1140 0.065375
w_min_v -1 5 0 1200 1.9143333333333332
w_sample_min -1 5 0 1200 5.561329539137364
w_detect_min -1 5 0 1200 2.25
min_AUC -1 5 0 1200 0.042874999999999996
w_min_v -1 5 0 1260 1.5575
w_sample_min -1 5 0 1260 4.918528112045963
w_detect_min -1 5 0 1260 2.25
min_AUC -1 5 0 1260 0.028125
w_min_v -1 5 0 1320 2.4346666666666668
w_sample_min -1 5 0 1320 5.844994413695391
w_detect_min -1 5 0 1320 1.5
min_AUC -1 5 0 1320 0.05545833333333334
w_min_v -1 5 0 1380 3.1056666666666666
w_sample_min -1 5 0 1380 8.929524188715035
w_detect_min -1 5 0 1380 6.0
min_AUC -1 5 0 1380 0.07458333333333332
w_min_v -1 5 0 1440 3.2146666666666666
w_sample_min -1 5 0 1440 6.1861654701809465
w_detect_min -1 5 0 1440 4.5
min_AUC -1 5 0 1440 0.09625
w_min_v -1 5 0 1500 3.23
w_sample_min -1 5 0 1500 6.615853016643746
w_detect_min -1 5 0 1500 0.0
min_AUC -1 5 0 1500 0.10355555555555557
w_min_v -1 5 0 1560 2.482666666666667
w_sample_min -1 5 0 1560 4.992289246211437
w_detect_min -1 5 0 1560 0.0
min_AUC -1 5 0 1560 0.06794444444444445
w_min_v -1 5 0 1620 2.5050000000000003
w_sample_min -1 5 0 1620 7.02169233164847
w_detect_min -1 5 0 1620 6.5
min_AUC -1 5 0 1620 0.050111111111111106
w_min_v -1 5 0 1680 2.8878333333333335
w_sample_min -1 5 0 1680 5.484126464933653
w_detect_min -1 5 0 1680 0.75
min_AUC -1 5 0 1680 0.076125
w_min_v -1 5 0 1740 1.9741666666666664
w_sample_min -1 5 0 1740 5.755623254410932
w_detect_min -1 5 0 1740 1.5
min_AUC -1 5 0 1740 0.049958333333333334
w_min_v -1 5 0 1800 1.3496666666666666
w_sample_min -1 5 0 1800 3.8890118870864896
w_detect_min -1 5 0 1800 0.0
min_AUC -1 5 0 1800 0.03275
task_num -1 5 0 102
runtime -1 5 0 0.4480760097503662 0.6043448448181152 0.11344122886657715 0.2242603302001953 0.09432721138000488 0.11813950538635254 0.1419825553894043 0.1421363353729248 
avg_run -1 5 0 0.23583850264549255
al_time -1 5 0 0.013002157211303711 0.14746856689453125 0.007442951202392578 0.007063865661621094 0.0060596466064453125 0.051772117614746094 0.006798744201660156 0.005341768264770508 
avg_all -1 5 0 0.030618727207183838
AUC -1 5 0 5.021987577639751 9.916477479036018 10.10113871635611 0.43115119474069646 0.43917994418939604 0.0
 
sum 0 3 0 60 47 
sum 1 3 0 180 81 
sum 2 3 0 300 107 
sum 3 3 0 420 130 
sum 4 3 0 540 152 
sum 5 3 0 660 168 
sum 6 3 0 780 173 
sum 7 3 0 900 174 
sum 8 3 0 1020 174 
sum 9 3 0 1140 174 
sum 10 3 0 1260 176 
sum 11 3 0 1380 178 
sum 12 3 0 1500 180 
sum 13 3 0 1620 183 
sum 14 3 0 1740 185 
sum_state 0 3 0 60 69.5 
sum_state 1 3 0 180 125.0 
sum_state 2 3 0 300 166.0 
sum_state 3 3 0 420 204.5 
sum_state 4 3 0 540 238.0 
sum_state 5 3 0 660 260.5 
sum_state 6 3 0 780 276.5 
sum_state 7 3 0 900 289.5 
sum_state 8 3 0 1020 302.5 
sum_state 9 3 0 1140 315.5 
sum_state 10 3 0 1260 335.5 
sum_state 11 3 0 1380 352.5 
sum_state 12 3 0 1500 362.5 
sum_state 13 3 0 1620 379.5 
sum_state 14 3 0 1740 395.5 
sum_h2 0 3 0 60 13 
sum_h2 1 3 0 180 24 
sum_h2 2 3 0 300 32 
sum_h2 3 3 0 420 39 
sum_h2 4 3 0 540 44 
sum_h2 5 3 0 660 47 
sum_h2 6 3 0 780 49 
sum_h2 7 3 0 900 49 
sum_h2 8 3 0 1020 49 
sum_h2 9 3 0 1140 49 
sum_h2 10 3 0 1260 49 
sum_h2 11 3 0 1380 49 
sum_h2 12 3 0 1500 49 
sum_h2 13 3 0 1620 49 
sum_h2 14 3 0 1740 49 
miss fire 3 0 1 1 0 0 0 0 0 0 0 0 1 1 1 1 1 0 0 0 0 0 1 0 0 0 0 0 1 0 0 0 0 
miss human 3 0 14 13 9 9 7 5 5 4 4 4 5 2 2 1 0 0 0 0 0 0 0 0 0 0 0 0 0 0 0 0 0 
miss window 3 0 9 9 9 7 7 7 7 7 7 7 7 0 0 0 0 0 0 0 0 0 0 1 1 1 1 1 1 1 1 1 1 
miss f_s 3 0 1 1 1 1 1 1 1 1 1 0 1 1 2 2 2 2 2 2 2 2 3 3 3 1 1 1 2 4 4 1 
miss h_s2 3 0 7 6 6 5 4 4 4 3 3 2 1 2 2 0 0 0 0 0 0 0 0 0 0 0 0 0 0 0 0 0 
miss h_s 3 0 7 7 7 7 4 5 5 5 5 3 0 3 3 3 3 5 5 4 3 6 6 6 6 5 3 3 4 4 5 4 
acm fire 3 0 1 2 2 2 2 2 2 2 2 2 3 4 5 6 7 7 7 7 7 7 8 8 8 8 8 8 9 9 9 9 9 
acm human 3 0 14 27 36 45 52 57 62 66 70 74 79 81 83 84 84 84 84 84 84 84 84 84 84 84 84 84 84 84 84 84 84 
acm window 3 0 9 18 27 34 41 48 55 62 69 76 83 83 83 83 83 83 83 83 83 83 83 84 85 86 87 88 89 90 91 92 93 
tsim fire 3 0 1 1 1 1 1 1 1 1 1 1 2 2 2 2 2 2 2 2 2 2 3 3 3 3 3 3 4 4 4 4 4 
tsim human 3 0 14 13 13 12 10 10 10 9 9 9 8 8 8 7 6 6 6 6 6 6 6 6 6 6 6 6 6 6 6 6 6 
tsim window 3 0 9 9 9 9 9 9 9 9 9 9 9 9 9 9 9 9 9 9 9 9 9 10 10 10 10 10 10 10 10 11 11 
w_min_v -1 3 0 60 0.48500000000000004
w_sample_min -1 3 0 60 0.0
w_detect_min -1 3 0 60 0.0
min_AUC -1 3 0 60 0.0
w_min_v -1 3 0 120 1.2643333333333333
w_sample_min -1 3 0 120 1.302636794581323
w_detect_min -1 3 0 120 2.0
min_AUC -1 3 0 120 0.0
w_min_v -1 3 0 180 1.6186666666666667
w_sample_min -1 3 0 180 1.8132044062085295
w_detect_min -1 3 0 180 3.0
min_AUC -1 3 0 180 0.0
w_min_v -1 3 0 240 1.2733333333333334
w_sample_min -1 3 0 240 2.072374446397591
w_detect_min -1 3 0 240 0.5
min_AUC -1 3 0 240 0.0
w_min_v -1 3 0 300 0.9751666666666665
w_sample_min -1 3 0 300 1.5004678674676528
w_detect_min -1 3 0 300 0.0
min_AUC -1 3 0 300 0.0
w_min_v -1 3 0 360 2.5776666666666666
w_sample_min -1 3 0 360 2.9828474835830385
w_detect_min -1 3 0 360 2.5
min_AUC -1 3 0 360 0.0
w_min_v -1 3 0 420 1.9985
w_sample_min -1 3 0 420 2.920260017450813
w_detect_min -1 3 0 420 0.0
min_AUC -1 3 0 420 0.0
w_min_v -1 3 0 480 1.5265
w_sample_min -1 3 0 480 2.7267137246483246
w_detect_min -1 3 0 480 0.5
min_AUC -1 3 0 480 0.0
w_min_v -1 3 0 540 1.799
w_sample_min -1 3 0 540 1.9697311289418
w_detect_min -1 3 0 540 0.0
min_AUC -1 3 0 540 0.0
w_min_v -1 3 0 600 2.5505
w_sample_min -1 3 0 600 3.438801351642059
w_detect_min -1 3 0 600 3.0
min_AUC -1 3 0 600 0.0
w_min_v -1 3 0 660 2.9295
w_sample_min -1 3 0 660 7.936028213523036
w_detect_min -1 3 0 660 10.0
min_AUC -1 3 0 660 0.0
w_min_v -1 3 0 720 2.0283333333333333
w_sample_min -1 3 0 720 5.345922025284664
w_detect_min -1 3 0 720 1.5
min_AUC -1 3 0 720 0.0
w_min_v -1 3 0 780 2.4123333333333337
w_sample_min -1 3 0 780 4.2446796505252715
w_detect_min -1 3 0 780 2.0
min_AUC -1 3 0 780 0.0
w_min_v -1 3 0 840 1.8685
w_sample_min -1 3 0 840 4.097359844612537
w_detect_min -1 3 0 840 0.5
min_AUC -1 3 0 840 0.0
w_min_v -1 3 0 900 2.0571666666666664
w_sample_min -1 3 0 900 3.4343637603041284
w_detect_min -1 3 0 900 0.75
min_AUC -1 3 0 900 0.0
w_min_v -1 3 0 960 1.5983333333333332
w_sample_min -1 3 0 960 3.5986674914164265
w_detect_min -1 3 0 960 0.75
min_AUC -1 3 0 960 0.0
w_min_v -1 3 0 1020 2.89
w_sample_min -1 3 0 1020 3.7500996223124967
w_detect_min -1 3 0 1020 2.5
min_AUC -1 3 0 1020 0.0
w_min_v -1 3 0 1080 2.0438333333333336
w_sample_min -1 3 0 1080 3.5570971323804
w_detect_min -1 3 0 1080 1.0
min_AUC -1 3 0 1080 0.0
w_min_v -1 3 0 1140 2.0501666666666667
w_sample_min -1 3 0 1140 2.957622966116922
w_detect_min -1 3 0 1140 0.75
min_AUC -1 3 0 1140 0.0
w_min_v -1 3 0 1200 1.6163333333333334
w_sample_min -1 3 0 1200 3.1813872280082878
w_detect_min -1 3 0 1200 0.75
min_AUC -1 3 0 1200 0.0
w_min_v -1 3 0 1260 2.903333333333333
w_sample_min -1 3 0 1260 3.5480670020837075
w_detect_min -1 3 0 1260 2.5
min_AUC -1 3 0 1260 0.0
w_min_v -1 3 0 1320 2.0503333333333336
w_sample_min -1 3 0 1320 3.395503362787376
w_detect_min -1 3 0 1320 1.0
min_AUC -1 3 0 1320 0.0
w_min_v -1 3 0 1380 2.1959999999999997
w_sample_min -1 3 0 1380 3.1574060476757455
w_detect_min -1 3 0 1380 0.5
min_AUC -1 3 0 1380 0.0
w_min_v -1 3 0 1440 2.3003333333333336
w_sample_min -1 3 0 1440 3.5562994448853886
w_detect_min -1 3 0 1440 3.0
min_AUC -1 3 0 1440 0.0
w_min_v -1 3 0 1500 2.988
w_sample_min -1 3 0 1500 7.507897812749379
w_detect_min -1 3 0 1500 8.0
min_AUC -1 3 0 1500 0.0
w_min_v -1 3 0 1560 2.0666666666666664
w_sample_min -1 3 0 1560 5.30124519514579
w_detect_min -1 3 0 1560 0.0
min_AUC -1 3 0 1560 0.0
w_min_v -1 3 0 1620 2.4325
w_sample_min -1 3 0 1620 4.215368203311773
w_detect_min -1 3 0 1620 2.0
min_AUC -1 3 0 1620 0.0
w_min_v -1 3 0 1680 1.885
w_sample_min -1 3 0 1680 3.979521111224518
w_detect_min -1 3 0 1680 0.5
min_AUC -1 3 0 1680 0.0
w_min_v -1 3 0 1740 1.5389999999999997
w_sample_min -1 3 0 1740 3.058420385403721
w_detect_min -1 3 0 1740 0.0
min_AUC -1 3 0 1740 0.0
w_min_v -1 3 0 1800 1.1328333333333334
w_sample_min -1 3 0 1800 2.634524960303045
w_detect_min -1 3 0 1800 0.5
min_AUC -1 3 0 1800 0.0
task_num -1 3 0 105
runtime -1 3 0 0.010630369186401367 0.008892059326171875 0.00641322135925293 0.008789300918579102 0.006910562515258789 0.007267475128173828 0.0064771175384521484 0.006710052490234375 0.00666356086730957 0.0066297054290771484 
avg_run -1 3 0 0.007538342475891113
al_time -1 3 0 0.14962983131408691 0.02278733253479004 0.022557497024536133 0.007933616638183594 0.006927967071533203 0.0066070556640625 0.05595541000366211 0.007152080535888672 0.005901813507080078 0.00616145133972168 
avg_all -1 3 0 0.029161405563354493
AUC -1 3 0 2.8795925925925925 5.177788251013554 4.305555555555555 0.22512122830493714 0.18719806763285024 0.0
 
sum 0 12 0 60 47 
sum 1 12 0 180 78 
sum 2 12 0 300 106 
sum 3 12 0 420 133 
sum 4 12 0 540 161 
sum 5 12 0 660 178 
sum 6 12 0 780 180 
sum 7 12 0 900 180 
sum 8 12 0 1020 180 
sum 9 12 0 1140 180 
sum 10 12 0 1260 182 
sum 11 12 0 1380 184 
sum 12 12 0 1500 185 
sum 13 12 0 1620 187 
sum 14 12 0 1740 189 
sum_state 0 12 0 60 69.5 
sum_state 1 12 0 180 117.5 
sum_state 2 12 0 300 161.5 
sum_state 3 12 0 420 206.0 
sum_state 4 12 0 540 249.5 
sum_state 5 12 0 660 283.5 
sum_state 6 12 0 780 295.0 
sum_state 7 12 0 900 306.0 
sum_state 8 12 0 1020 313.0 
sum_state 9 12 0 1140 318.0 
sum_state 10 12 0 1260 328.0 
sum_state 11 12 0 1380 341.0 
sum_state 12 12 0 1500 351.0 
sum_state 13 12 0 1620 366.0 
sum_state 14 12 0 1740 377.0 
sum_h2 0 12 0 60 13 
sum_h2 1 12 0 180 23 
sum_h2 2 12 0 300 31 
sum_h2 3 12 0 420 38 
sum_h2 4 12 0 540 43 
sum_h2 5 12 0 660 47 
sum_h2 6 12 0 780 50 
sum_h2 7 12 0 900 50 
sum_h2 8 12 0 1020 50 
sum_h2 9 12 0 1140 50 
sum_h2 10 12 0 1260 50 
sum_h2 11 12 0 1380 50 
sum_h2 12 12 0 1500 50 
sum_h2 13 12 0 1620 50 
sum_h2 14 12 0 1740 50 
miss fire 12 0 1 1 1 0 0 0 0 0 0 0 1 1 1 0 0 0 0 0 0 0 1 0 0 0 0 0 1 1 1 0 0 
miss human 12 0 14 13 8 5 7 5 5 6 6 6 7 0 0 1 0 0 0 0 0 0 0 0 0 0 0 0 0 0 0 0 0 
miss window 12 0 9 9 9 8 8 8 8 8 8 8 8 0 0 0 0 0 0 0 0 0 0 1 1 1 1 0 0 0 0 1 1 
miss f_s 12 0 1 1 0 0 0 1 1 1 1 1 2 2 0 0 0 1 0 0 0 0 0 1 2 1 1 1 3 4 3 0 
miss h_s2 12 0 7 6 5 5 4 4 4 3 3 2 2 2 2 1 0 0 0 0 0 0 0 0 0 0 0 0 0 0 0 0 
miss h_s 12 0 7 7 6 6 5 6 6 6 6 5 5 6 4 4 5 5 4 3 2 3 3 4 4 4 4 3 3 3 3 3 
acm fire 12 0 1 2 3 3 3 3 3 3 3 3 4 5 6 6 6 6 6 6 6 6 7 7 7 7 7 7 8 9 10 10 10 
acm human 12 0 14 27 35 40 47 52 57 63 69 75 82 82 82 83 83 83 83 83 83 83 83 83 83 83 83 83 83 83 83 83 83 
acm window 12 0 9 18 27 35 43 51 59 67 75 83 91 91 91 91 91 91 91 91 91 91 91 92 93 94 95 95 95 95 95 96 97 
tsim fire 12 0 1 1 1 1 1 1 1 1 1 1 2 2 2 2 2 2 2 2 2 2 3 3 3 3 3 3 4 4 4 4 4 
tsim human 12 0 14 13 13 12 10 10 10 9 9 9 8 8 8 7 6 6 6 6 6 6 6 6 6 6 6 6 6 6 6 6 6 
tsim window 12 0 9 9 9 9 9 9 9 9 9 9 9 9 9 9 9 9 9 9 9 9 9 10 10 10 10 10 10 10 10 11 11 
w_min_v -1 12 0 60 0.0
w_sample_min -1 12 0 60 0.0
w_detect_min -1 12 0 60 0.0
min_AUC -1 12 0 60 0.0
w_min_v -1 12 0 120 0.0
w_sample_min -1 12 0 120 0.0
w_detect_min -1 12 0 120 0.0
min_AUC -1 12 0 120 0.0
w_min_v -1 12 0 180 1.0631666666666666
w_sample_min -1 12 0 180 0.6955437727815089
w_detect_min -1 12 0 180 1.0
min_AUC -1 12 0 180 0.0
w_min_v -1 12 0 240 2.2973333333333334
w_sample_min -1 12 0 240 3.252046171514454
w_detect_min -1 12 0 240 2.5
min_AUC -1 12 0 240 0.0
w_min_v -1 12 0 300 2.011833333333333
w_sample_min -1 12 0 300 3.316176559043228
w_detect_min -1 12 0 300 0.0
min_AUC -1 12 0 300 0.0
w_min_v -1 12 0 360 1.435
w_sample_min -1 12 0 360 2.5750080383667475
w_detect_min -1 12 0 360 0.0
min_AUC -1 12 0 360 0.0
w_min_v -1 12 0 420 1.1661666666666668
w_sample_min -1 12 0 420 2.4068745803171625
w_detect_min -1 12 0 420 0.0
min_AUC -1 12 0 420 0.0
w_min_v -1 12 0 480 1.7263333333333333
w_sample_min -1 12 0 480 1.707988597632628
w_detect_min -1 12 0 480 0.0
min_AUC -1 12 0 480 0.0
w_min_v -1 12 0 540 1.4855
w_sample_min -1 12 0 540 2.16976534905783
w_detect_min -1 12 0 540 0.0
min_AUC -1 12 0 540 0.0
w_min_v -1 12 0 600 1.5871666666666666
w_sample_min -1 12 0 600 2.638635938541733
w_detect_min -1 12 0 600 0.0
min_AUC -1 12 0 600 0.0
w_min_v -1 12 0 660 1.2908333333333335
w_sample_min -1 12 0 660 2.110126152177328
w_detect_min -1 12 0 660 0.0
min_AUC -1 12 0 660 0.0
w_min_v -1 12 0 720 0.9544999999999999
w_sample_min -1 12 0 720 1.524743685976738
w_detect_min -1 12 0 720 0.0
min_AUC -1 12 0 720 0.0
w_min_v -1 12 0 780 2.3209999999999997
w_sample_min -1 12 0 780 2.512845389892658
w_detect_min -1 12 0 780 1.5
min_AUC -1 12 0 780 0.0
w_min_v -1 12 0 840 2.1388333333333334
w_sample_min -1 12 0 840 6.295749621035682
w_detect_min -1 12 0 840 8.0
min_AUC -1 12 0 840 0.0
w_min_v -1 12 0 900 2.103833333333333
w_sample_min -1 12 0 900 4.393698584577905
w_detect_min -1 12 0 900 0.0
min_AUC -1 12 0 900 0.0
w_min_v -1 12 0 960 2.4251666666666667
w_sample_min -1 12 0 960 5.131260826931458
w_detect_min -1 12 0 960 2.5
min_AUC -1 12 0 960 0.0
w_min_v -1 12 0 1020 2.2293333333333334
w_sample_min -1 12 0 1020 6.458298968415139
w_detect_min -1 12 0 1020 6.5
min_AUC -1 12 0 1020 0.0
w_min_v -1 12 0 1080 1.6341666666666668
w_sample_min -1 12 0 1080 4.79671642955019
w_detect_min -1 12 0 1080 0.0
min_AUC -1 12 0 1080 0.0
w_min_v -1 12 0 1140 1.168
w_sample_min -1 12 0 1140 3.266769450856419
w_detect_min -1 12 0 1140 0.0
min_AUC -1 12 0 1140 0.0
w_min_v -1 12 0 1200 2.2671666666666663
w_sample_min -1 12 0 1200 3.2127271659216965
w_detect_min -1 12 0 1200 2.0
min_AUC -1 12 0 1200 0.0
w_min_v -1 12 0 1260 2.2561666666666667
w_sample_min -1 12 0 1260 4.647065649458055
w_detect_min -1 12 0 1260 0.5
min_AUC -1 12 0 1260 0.033
w_min_v -1 12 0 1320 1.5895
w_sample_min -1 12 0 1320 3.253171179016298
w_detect_min -1 12 0 1320 0.0
min_AUC -1 12 0 1320 0.021666666666666667
w_min_v -1 12 0 1380 1.2208333333333332
w_sample_min -1 12 0 1380 3.0630089178258952
w_detect_min -1 12 0 1380 1.5
min_AUC -1 12 0 1380 0.014222222222222221
w_min_v -1 12 0 1440 1.959
w_sample_min -1 12 0 1440 3.448202595645021
w_detect_min -1 12 0 1440 0.5
min_AUC -1 12 0 1440 0.009333333333333334
w_min_v -1 12 0 1500 1.8106666666666666
w_sample_min -1 12 0 1500 2.555524970986223
w_detect_min -1 12 0 1500 1.0
min_AUC -1 12 0 1500 0.006111111111111111
w_min_v -1 12 0 1560 1.4035
w_sample_min -1 12 0 1560 2.3621842602041223
w_detect_min -1 12 0 1560 0.0
min_AUC -1 12 0 1560 0.004
w_min_v -1 12 0 1620 2.418
w_sample_min -1 12 0 1620 2.8251160734668375
w_detect_min -1 12 0 1620 2.0
min_AUC -1 12 0 1620 0.002611111111111111
w_min_v -1 12 0 1680 1.8691666666666666
w_sample_min -1 12 0 1680 2.3317252537316984
w_detect_min -1 12 0 1680 0.0
min_AUC -1 12 0 1680 0.0017222222222222222
w_min_v -1 12 0 1740 1.5501666666666667
w_sample_min -1 12 0 1740 2.4466389422521004
w_detect_min -1 12 0 1740 0.0
min_AUC -1 12 0 1740 0.0011111111111111111
w_min_v -1 12 0 1800 1.1248333333333331
w_sample_min -1 12 0 1800 1.805350556858142
w_detect_min -1 12 0 1800 0.0
min_AUC -1 12 0 1800 0.0007222222222222222
task_num -1 12 0 108
runtime -1 12 0 0.011727333068847656 0.008540153503417969 0.006906032562255859 0.00729060173034668 0.006995439529418945 0.006976127624511719 0.007563114166259766 0.007172107696533203 0.007229328155517578 
avg_run -1 12 0 0.007822248670789931
al_time -1 12 0 0.1617293357849121 0.005690574645996094 0.02363133430480957 0.00720667839050293 0.005254507064819336 0.00679326057434082 0.053752899169921875 0.0071756839752197266 0.006727457046508789 
avg_all -1 12 0 0.030884636773003474
AUC -1 12 0 2.2465931293612456 3.0246755224013895 1.9200483091787437 0.13150763140875607 0.08348036126864103 0.0
 
