random:0T:1800
sum 0 10 0 60 118 
sum 1 10 0 180 218 
sum 2 10 0 300 308 
sum 3 10 0 420 387 
sum 4 10 0 540 442 
sum 5 10 0 660 485 
sum 6 10 0 780 524 
sum 7 10 0 900 562 
sum 8 10 0 1020 589 
sum 9 10 0 1140 613 
sum 10 10 0 1260 637 
sum 11 10 0 1380 655 
sum 12 10 0 1500 671 
sum 13 10 0 1620 684 
sum 14 10 0 1740 698 
sum_state 0 10 0 60 164 
sum_state 1 10 0 180 308 
sum_state 2 10 0 300 433 
sum_state 3 10 0 420 540 
sum_state 4 10 0 540 623 
sum_state 5 10 0 660 704 
sum_state 6 10 0 780 782 
sum_state 7 10 0 900 863 
sum_state 8 10 0 1020 934 
sum_state 9 10 0 1140 993 
sum_state 10 10 0 1260 1050 
sum_state 11 10 0 1380 1101 
sum_state 12 10 0 1500 1155 
sum_state 13 10 0 1620 1212 
sum_state 14 10 0 1740 1275 
miss fire 10 0 3 3 2 2 2 2 2 1 0 0 0 1 1 0 0 0 0 0 0 0 0 0 1 2 3 3 3 4 4 4 5 
miss human 10 0 36 36 29 28 25 24 24 20 19 18 14 14 13 13 12 15 13 4 6 7 7 7 5 1 3 0 0 0 0 0 0 
miss window 10 0 20 20 20 19 19 18 19 13 10 8 7 7 6 6 6 5 5 5 5 6 5 5 5 4 4 3 3 3 3 3 3 
miss f_s 10 0 3 3 3 3 3 2 2 1 1 1 2 3 4 4 4 4 4 4 2 2 2 3 3 5 6 7 7 9 9 9 
miss h_s 10 0 20 20 20 18 15 15 13 12 12 14 16 17 16 15 17 18 18 18 18 13 14 14 13 12 13 12 13 15 14 17 
acm fire 10 0 3 6 8 10 12 14 16 17 17 17 17 18 19 19 19 19 19 19 19 19 19 19 20 22 25 28 31 35 39 43 48 
acm human 10 0 36 72 101 129 154 178 202 222 241 259 273 287 300 313 325 340 353 357 363 370 377 384 389 390 393 393 393 393 393 393 393 
acm window 10 0 20 40 60 79 98 116 135 148 158 166 173 180 186 192 198 203 208 213 218 224 229 234 239 243 247 250 253 256 259 262 265 
tsim fire 10 0 3 3 3 3 3 3 3 3 3 3 3 4 4 4 4 4 4 4 4 4 4 4 5 6 7 8 8 9 9 9 10 
tsim human 10 0 36 36 36 36 36 36 36 36 36 35 35 35 35 35 35 35 33 33 31 26 24 24 22 22 20 17 17 17 17 17 17 
tsim window 10 0 20 20 20 20 21 21 22 22 22 22 22 22 22 22 22 22 22 22 22 23 23 23 23 23 23 23 23 23 23 23 23 
