random:0T:1800
sum 0 10 0 60 64 
sum 1 10 0 180 85 
sum 2 10 0 300 86 
sum 3 10 0 420 92 
sum 4 10 0 540 98 
sum 5 10 0 660 107 
sum 6 10 0 780 112 
sum 7 10 0 900 126 
sum 8 10 0 1020 135 
sum 9 10 0 1140 137 
sum 10 10 0 1260 138 
sum 11 10 0 1380 138 
sum 12 10 0 1500 138 
sum 13 10 0 1620 139 
sum 14 10 0 1740 140 
sum_state 0 10 0 60 90.5 
sum_state 1 10 0 180 133.5 
sum_state 2 10 0 300 148.5 
sum_state 3 10 0 420 166.0 
sum_state 4 10 0 540 181.0 
sum_state 5 10 0 660 201.5 
sum_state 6 10 0 780 211.0 
sum_state 7 10 0 900 236.0 
sum_state 8 10 0 1020 251.0 
sum_state 9 10 0 1140 259.0 
sum_state 10 10 0 1260 266.0 
sum_state 11 10 0 1380 268.0 
sum_state 12 10 0 1500 276.0 
sum_state 13 10 0 1620 287.0 
sum_state 14 10 0 1740 298.0 
sum_h2 0 10 0 60 13 
sum_h2 1 10 0 180 27 
sum_h2 2 10 0 300 37 
sum_h2 3 10 0 420 40 
sum_h2 4 10 0 540 46 
sum_h2 5 10 0 660 53 
sum_h2 6 10 0 780 54 
sum_h2 7 10 0 900 54 
sum_h2 8 10 0 1020 54 
sum_h2 9 10 0 1140 54 
sum_h2 10 10 0 1260 54 
sum_h2 11 10 0 1380 54 
sum_h2 12 10 0 1500 54 
sum_h2 13 10 0 1620 54 
sum_h2 14 10 0 1740 54 
miss fire 10 0 2 2 1 0 0 0 1 0 0 0 1 1 0 0 0 0 0 0 0 0 0 0 0 0 0 0 0 0 0 0 0 
miss human 10 0 19 19 4 4 1 0 2 3 3 3 3 4 2 1 7 7 8 0 0 0 0 0 0 0 0 0 0 0 0 0 0 
miss window 10 0 11 11 7 5 0 0 0 0 0 0 0 0 1 1 0 0 1 0 1 1 1 0 0 0 0 0 0 1 1 0 0 
miss f_s 10 0 2 2 0 0 1 0 1 1 0 1 1 2 1 0 3 3 2 1 1 1 1 1 0 1 3 3 3 4 4 2 
miss h_s2 10 0 7 6 7 7 7 3 1 2 3 3 4 3 1 0 0 0 0 0 0 0 0 0 0 0 0 0 0 0 0 0 
miss h_s 10 0 11 5 7 8 7 1 3 5 2 3 3 2 1 2 2 3 2 1 1 3 3 1 0 1 1 1 2 1 2 2 
acm fire 10 0 2 4 5 5 5 5 6 6 6 6 7 8 8 8 8 8 8 8 8 8 8 8 8 8 8 8 8 8 8 8 8 
acm human 10 0 19 38 42 46 47 47 49 52 55 58 61 65 67 68 75 82 90 90 90 90 90 90 90 90 90 90 90 90 90 90 90 
acm window 10 0 11 22 29 34 34 34 34 34 34 34 34 34 35 36 36 36 37 37 38 39 40 40 40 40 40 40 40 41 42 42 42 
tsim fire 10 0 2 2 2 2 3 3 4 4 4 4 5 5 5 5 5 5 5 6 6 6 6 6 6 6 6 6 6 6 6 6 6 
tsim human 10 0 19 19 19 19 17 16 14 13 13 13 13 12 10 9 9 9 8 8 8 8 8 8 8 8 8 8 8 8 8 8 8 
tsim window 10 0 11 11 11 11 11 11 11 11 11 11 11 11 12 12 12 12 13 13 14 14 14 14 14 14 14 14 14 15 15 15 15 
w_min_v -1 10 0 60 0.44966666666666666
w_sample_min -1 10 0 60 0.0
w_detect_min -1 10 0 60 0.0
min_AUC -1 10 0 60 0.0
w_min_v -1 10 0 120 1.2313333333333332
w_sample_min -1 10 0 120 1.268612823374651
w_detect_min -1 10 0 120 2.0
min_AUC -1 10 0 120 0.0
w_min_v -1 10 0 180 1.3030000000000002
w_sample_min -1 10 0 180 1.6260480601211775
w_detect_min -1 10 0 180 2.5
min_AUC -1 10 0 180 0.0
w_min_v -1 10 0 240 1.677
w_sample_min -1 10 0 240 2.2448511364562584
w_detect_min -1 10 0 240 3.0
min_AUC -1 10 0 240 0.0
w_min_v -1 10 0 300 1.9028333333333332
w_sample_min -1 10 0 300 2.433332765621277
w_detect_min -1 10 0 300 2.0
min_AUC -1 10 0 300 0.0
w_min_v -1 10 0 360 1.3756666666666666
w_sample_min -1 10 0 360 3.3073073038850826
w_detect_min -1 10 0 360 0.0
min_AUC -1 10 0 360 0.0
w_min_v -1 10 0 420 4.1965
w_sample_min -1 10 0 420 7.7824443558723235
w_detect_min -1 10 0 420 8.25
min_AUC -1 10 0 420 0.11766666666666667
w_min_v -1 10 0 480 3.8518333333333334
w_sample_min -1 10 0 480 8.042689245753921
w_detect_min -1 10 0 480 5.0
min_AUC -1 10 0 480 0.12158333333333333
w_min_v -1 10 0 540 3.8564999999999996
w_sample_min -1 10 0 540 7.5797275885888284
w_detect_min -1 10 0 540 3.5
min_AUC -1 10 0 540 0.12694444444444444
w_min_v -1 10 0 600 3.8846666666666665
w_sample_min -1 10 0 600 7.628637119835836
w_detect_min -1 10 0 600 5.0
min_AUC -1 10 0 600 0.13833333333333334
w_min_v -1 10 0 660 3.3401666666666667
w_sample_min -1 10 0 660 7.429461339288781
w_detect_min -1 10 0 660 5.0
min_AUC -1 10 0 660 0.09261111111111113
w_min_v -1 10 0 720 2.839833333333333
w_sample_min -1 10 0 720 6.636232739058136
w_detect_min -1 10 0 720 2.0
min_AUC -1 10 0 720 0.06233333333333333
w_min_v -1 10 0 780 2.6071666666666666
w_sample_min -1 10 0 780 5.124099147205347
w_detect_min -1 10 0 780 0.75
min_AUC -1 10 0 780 0.07791666666666666
w_min_v -1 10 0 840 3.1940000000000004
w_sample_min -1 10 0 840 7.8090514670439966
w_detect_min -1 10 0 840 3.0
min_AUC -1 10 0 840 0.09908333333333334
w_min_v -1 10 0 900 3.359833333333333
w_sample_min -1 10 0 900 6.5288546541026555
w_detect_min -1 10 0 900 1.5
min_AUC -1 10 0 900 0.10154166666666667
w_min_v -1 10 0 960 3.2078333333333333
w_sample_min -1 10 0 960 6.54830352545136
w_detect_min -1 10 0 960 2.0
min_AUC -1 10 0 960 0.0907222222222222
w_min_v -1 10 0 1020 2.5276666666666667
w_sample_min -1 10 0 1020 6.923305893386245
w_detect_min -1 10 0 1020 1.5
min_AUC -1 10 0 1020 0.08108333333333334
w_min_v -1 10 0 1080 2.6611666666666673
w_sample_min -1 10 0 1080 5.002677429604372
w_detect_min -1 10 0 1080 1.5
min_AUC -1 10 0 1080 0.059125000000000004
w_min_v -1 10 0 1140 2.7365
w_sample_min -1 10 0 1140 6.047684722702755
w_detect_min -1 10 0 1140 0.0
min_AUC -1 10 0 1140 0.09458333333333332
w_min_v -1 10 0 1200 2.9138333333333333
w_sample_min -1 10 0 1200 5.186683363367489
w_detect_min -1 10 0 1200 2.0
min_AUC -1 10 0 1200 0.08427777777777778
w_min_v -1 10 0 1260 2.0276666666666667
w_sample_min -1 10 0 1260 4.860907550373311
w_detect_min -1 10 0 1260 0.0
min_AUC -1 10 0 1260 0.06522222222222222
w_min_v -1 10 0 1320 1.7533333333333332
w_sample_min -1 10 0 1320 4.515703875699072
w_detect_min -1 10 0 1320 0.0
min_AUC -1 10 0 1320 0.042777777777777776
w_min_v -1 10 0 1380 1.431
w_sample_min -1 10 0 1380 4.040609447725621
w_detect_min -1 10 0 1380 0.0
min_AUC -1 10 0 1380 0.02805555555555556
w_min_v -1 10 0 1440 2.2121666666666666
w_sample_min -1 10 0 1440 3.459469217943833
w_detect_min -1 10 0 1440 0.0
min_AUC -1 10 0 1440 0.07483333333333334
w_min_v -1 10 0 1500 3.2089999999999996
w_sample_min -1 10 0 1500 6.785805210232911
w_detect_min -1 10 0 1500 2.0
min_AUC -1 10 0 1500 0.09394444444444444
w_min_v -1 10 0 1560 2.8915
w_sample_min -1 10 0 1560 5.28382401713897
w_detect_min -1 10 0 1560 0.0
min_AUC -1 10 0 1560 0.08483333333333333
w_min_v -1 10 0 1620 2.3696666666666664
w_sample_min -1 10 0 1620 5.789410108625784
w_detect_min -1 10 0 1620 1.5
min_AUC -1 10 0 1620 0.08175
w_min_v -1 10 0 1680 2.253833333333333
w_sample_min -1 10 0 1680 5.139565003671
w_detect_min -1 10 0 1680 0.0
min_AUC -1 10 0 1680 0.05405555555555556
w_min_v -1 10 0 1740 2.4823333333333335
w_sample_min -1 10 0 1740 5.324820119037153
w_detect_min -1 10 0 1740 2.0
min_AUC -1 10 0 1740 0.035500000000000004
w_min_v -1 10 0 1800 1.6720000000000002
w_sample_min -1 10 0 1800 3.7546157727748066
w_detect_min -1 10 0 1800 0.0
min_AUC -1 10 0 1800 0.023277777777777783
task_num -1 10 0 160
runtime -1 10 0 0.1907031536102295 0.18239188194274902 0.2289111614227295 0.21355009078979492 0.18563199043273926 0.1977841854095459 0.17910003662109375 
avg_run -1 10 0 0.1968675000326974
al_time -1 10 0 40.78166103363037 0.00924372673034668 0.014944076538085938 0.1105499267578125 0.015007972717285156 0.014181852340698242 0.011573076248168945 
avg_all -1 10 0 5.851023094994681
AUC -1 10 0 5.307905128205128 8.713591707456294 8.039401709401709 0.37885181336766494 0.34953920475659606 0.0
 
sum 0 8 0 60 64 
sum 1 8 0 180 100 
sum 2 8 0 300 101 
sum 3 8 0 420 107 
sum 4 8 0 540 113 
sum 5 8 0 660 121 
sum 6 8 0 780 131 
sum 7 8 0 900 145 
sum 8 8 0 1020 148 
sum 9 8 0 1140 150 
sum 10 8 0 1260 150 
sum 11 8 0 1380 150 
sum 12 8 0 1500 150 
sum 13 8 0 1620 151 
sum 14 8 0 1740 152 
sum_state 0 8 0 60 97.0 
sum_state 1 8 0 180 156.0 
sum_state 2 8 0 300 174.5 
sum_state 3 8 0 420 190.5 
sum_state 4 8 0 540 200.5 
sum_state 5 8 0 660 218.0 
sum_state 6 8 0 780 236.5 
sum_state 7 8 0 900 257.5 
sum_state 8 8 0 1020 269.5 
sum_state 9 8 0 1140 275.5 
sum_state 10 8 0 1260 284.5 
sum_state 11 8 0 1380 290.5 
sum_state 12 8 0 1500 299.5 
sum_state 13 8 0 1620 311.5 
sum_state 14 8 0 1740 322.5 
sum_h2 0 8 0 60 14 
sum_h2 1 8 0 180 28 
sum_h2 2 8 0 300 39 
sum_h2 3 8 0 420 43 
sum_h2 4 8 0 540 47 
sum_h2 5 8 0 660 52 
sum_h2 6 8 0 780 53 
sum_h2 7 8 0 900 53 
sum_h2 8 8 0 1020 53 
sum_h2 9 8 0 1140 53 
sum_h2 10 8 0 1260 53 
sum_h2 11 8 0 1380 53 
sum_h2 12 8 0 1500 53 
sum_h2 13 8 0 1620 53 
sum_h2 14 8 0 1740 53 
miss fire 8 0 2 2 1 0 0 0 1 0 0 0 1 0 0 0 0 0 0 1 0 0 0 0 0 0 0 0 0 0 0 0 0 
miss human 8 0 19 19 10 8 1 0 2 3 3 3 3 4 2 7 7 7 0 0 0 0 0 0 0 0 0 0 0 0 0 0 0 
miss window 8 0 11 11 9 8 0 0 0 0 0 0 0 0 1 0 0 0 1 1 1 1 0 0 0 0 0 0 0 1 1 0 0 
miss f_s 8 0 2 2 1 1 2 1 1 1 0 0 0 1 1 1 2 2 1 2 0 1 2 2 1 1 3 2 2 3 1 2 
miss h_s2 8 0 7 7 7 7 7 4 2 2 2 2 3 2 1 0 0 0 0 0 0 0 0 0 0 0 0 0 0 0 0 0 
miss h_s 8 0 12 10 8 6 6 3 3 3 0 2 2 4 3 3 0 3 3 3 1 2 2 3 3 1 2 2 2 4 4 3 
acm fire 8 0 2 4 5 5 5 5 6 6 6 6 7 7 7 7 7 7 7 8 8 8 8 8 8 8 8 8 8 8 8 8 8 
acm human 8 0 19 38 48 56 57 57 59 62 65 68 71 75 77 84 91 98 98 98 98 98 98 98 98 98 98 98 98 98 98 98 98 
acm window 8 0 11 22 31 39 39 39 39 39 39 39 39 39 40 40 40 40 41 42 43 44 44 44 44 44 44 44 44 45 46 46 46 
tsim fire 8 0 2 2 2 2 3 3 4 4 4 4 5 5 5 5 5 5 5 6 6 6 6 6 6 6 6 6 6 6 6 6 6 
tsim human 8 0 19 19 19 19 17 16 14 13 13 13 13 12 10 9 9 9 8 8 8 8 8 8 8 8 8 8 8 8 8 8 8 
tsim window 8 0 11 11 11 11 11 11 11 11 11 11 11 11 12 12 12 12 13 13 14 14 14 14 14 14 14 14 14 15 15 15 15 
w_min_v -1 8 0 60 0.44966666666666666
w_sample_min -1 8 0 60 0.0
w_detect_min -1 8 0 60 0.0
min_AUC -1 8 0 60 0.0
w_min_v -1 8 0 120 1.2313333333333332
w_sample_min -1 8 0 120 1.268612823374651
w_detect_min -1 8 0 120 2.0
min_AUC -1 8 0 120 0.0
w_min_v -1 8 0 180 1.8644999999999998
w_sample_min -1 8 0 180 2.08920966778953
w_detect_min -1 8 0 180 3.0
min_AUC -1 8 0 180 0.0
w_min_v -1 8 0 240 2.1351666666666667
w_sample_min -1 8 0 240 2.6895434714473003
w_detect_min -1 8 0 240 2.5
min_AUC -1 8 0 240 0.0
w_min_v -1 8 0 300 1.8935000000000002
w_sample_min -1 8 0 300 2.4092886532955804
w_detect_min -1 8 0 300 2.0
min_AUC -1 8 0 300 0.0
w_min_v -1 8 0 360 1.52
w_sample_min -1 8 0 360 2.855470467863713
w_detect_min -1 8 0 360 0.0
min_AUC -1 8 0 360 0.0
w_min_v -1 8 0 420 2.7745
w_sample_min -1 8 0 420 6.307477007131171
w_detect_min -1 8 0 420 5.25
min_AUC -1 8 0 420 0.042958333333333334
w_min_v -1 8 0 480 3.9171666666666667
w_sample_min -1 8 0 480 8.381287639663825
w_detect_min -1 8 0 480 5.0
min_AUC -1 8 0 480 0.12805555555555556
w_min_v -1 8 0 540 3.6241666666666665
w_sample_min -1 8 0 540 7.830397740134493
w_detect_min -1 8 0 540 5.0
min_AUC -1 8 0 540 0.08977777777777778
w_min_v -1 8 0 600 3.6743333333333337
w_sample_min -1 8 0 600 7.823052418483447
w_detect_min -1 8 0 600 6.5
min_AUC -1 8 0 600 0.10955555555555556
w_min_v -1 8 0 660 3.556
w_sample_min -1 8 0 660 8.814592649879788
w_detect_min -1 8 0 660 6.5
min_AUC -1 8 0 660 0.10405555555555555
w_min_v -1 8 0 720 2.576666666666666
w_sample_min -1 8 0 720 5.836551778544837
w_detect_min -1 8 0 720 2.0
min_AUC -1 8 0 720 0.06827777777777777
w_min_v -1 8 0 780 1.7345
w_sample_min -1 8 0 780 4.1970804169410325
w_detect_min -1 8 0 780 0.0
min_AUC -1 8 0 780 0.04477777777777778
w_min_v -1 8 0 840 1.1776666666666666
w_sample_min -1 8 0 840 2.8963844639266823
w_detect_min -1 8 0 840 0.0
min_AUC -1 8 0 840 0.02938888888888889
w_min_v -1 8 0 900 1.0716666666666665
w_sample_min -1 8 0 900 2.1126907317747774
w_detect_min -1 8 0 900 0.0
min_AUC -1 8 0 900 0.0285
w_min_v -1 8 0 960 0.7411666666666668
w_sample_min -1 8 0 960 3.1231714612424
w_detect_min -1 8 0 960 1.5
min_AUC -1 8 0 960 0.01883333333333333
w_min_v -1 8 0 1020 2.967
w_sample_min -1 8 0 1020 4.942598157965712
w_detect_min -1 8 0 1020 0.0
min_AUC -1 8 0 1020 0.09995833333333333
w_min_v -1 8 0 1080 2.3021666666666665
w_sample_min -1 8 0 1080 5.841768301633185
w_detect_min -1 8 0 1080 0.0
min_AUC -1 8 0 1080 0.06916666666666667
w_min_v -1 8 0 1140 3.5776666666666666
w_sample_min -1 8 0 1140 7.621996704987099
w_detect_min -1 8 0 1140 5.0
min_AUC -1 8 0 1140 0.121375
w_min_v -1 8 0 1200 3.731666666666667
w_sample_min -1 8 0 1200 7.790761341136857
w_detect_min -1 8 0 1200 3.5
min_AUC -1 8 0 1200 0.116
w_min_v -1 8 0 1260 3.2795000000000005
w_sample_min -1 8 0 1260 6.5091412945288925
w_detect_min -1 8 0 1260 0.0
min_AUC -1 8 0 1260 0.09494444444444444
w_min_v -1 8 0 1320 2.6846666666666668
w_sample_min -1 8 0 1320 5.269458717037592
w_detect_min -1 8 0 1320 2.0
min_AUC -1 8 0 1320 0.08483333333333333
w_min_v -1 8 0 1380 2.0428333333333333
w_sample_min -1 8 0 1380 5.541815763863408
w_detect_min -1 8 0 1380 0.0
min_AUC -1 8 0 1380 0.0665
w_min_v -1 8 0 1440 1.464
w_sample_min -1 8 0 1440 3.7120402786386797
w_detect_min -1 8 0 1440 0.0
min_AUC -1 8 0 1440 0.049555555555555554
w_min_v -1 8 0 1500 1.3816666666666668
w_sample_min -1 8 0 1500 3.7655408353244058
w_detect_min -1 8 0 1500 0.0
min_AUC -1 8 0 1500 0.0395
w_min_v -1 8 0 1560 1.7288333333333334
w_sample_min -1 8 0 1560 2.7964930803553463
w_detect_min -1 8 0 1560 0.0
min_AUC -1 8 0 1560 0.04361111111111111
w_min_v -1 8 0 1620 2.820666666666667
w_sample_min -1 8 0 1620 5.689806874260455
w_detect_min -1 8 0 1620 2.0
min_AUC -1 8 0 1620 0.03822222222222222
w_min_v -1 8 0 1680 2.4245
w_sample_min -1 8 0 1680 5.602887908850504
w_detect_min -1 8 0 1680 2.0
min_AUC -1 8 0 1680 0.025055555555555553
w_min_v -1 8 0 1740 2.7935
w_sample_min -1 8 0 1740 5.814537227584311
w_detect_min -1 8 0 1740 1.5
min_AUC -1 8 0 1740 0.09583333333333333
w_min_v -1 8 0 1800 1.8846666666666667
w_sample_min -1 8 0 1800 4.958404509368541
w_detect_min -1 8 0 1800 1.5
min_AUC -1 8 0 1800 0.06283333333333334
task_num -1 8 0 160
runtime -1 8 0 0.6809720993041992 0.3993661403656006 0.19781184196472168 0.26715087890625 0.19049811363220215 0.2050778865814209 0.20766997337341309 0.091522216796875 
avg_run -1 8 0 0.2800086438655853
al_time -1 8 0 35.050002098083496 0.010802984237670898 0.014395952224731445 0.027006149291992188 0.10867595672607422 0.014065265655517578 0.01411890983581543 0.009373903274536133 
avg_all -1 8 0 4.406055152416229
AUC -1 8 0 5.706661111111112 9.259970480614417 8.761666666666667 0.4026074122006268 0.3809420289855073 0.0
 
sum 0 17 0 60 64 
sum 1 17 0 180 87 
sum 2 17 0 300 88 
sum 3 17 0 420 94 
sum 4 17 0 540 100 
sum 5 17 0 660 108 
sum 6 17 0 780 113 
sum 7 17 0 900 122 
sum 8 17 0 1020 125 
sum 9 17 0 1140 128 
sum 10 17 0 1260 128 
sum 11 17 0 1380 128 
sum 12 17 0 1500 128 
sum 13 17 0 1620 129 
sum 14 17 0 1740 130 
sum_state 0 17 0 60 92.0 
sum_state 1 17 0 180 134.0 
sum_state 2 17 0 300 147.5 
sum_state 3 17 0 420 161.0 
sum_state 4 17 0 540 169.5 
sum_state 5 17 0 660 180.0 
sum_state 6 17 0 780 192.0 
sum_state 7 17 0 900 212.0 
sum_state 8 17 0 1020 220.0 
sum_state 9 17 0 1140 230.0 
sum_state 10 17 0 1260 235.0 
sum_state 11 17 0 1380 237.0 
sum_state 12 17 0 1500 248.0 
sum_state 13 17 0 1620 253.0 
sum_state 14 17 0 1740 260.0 
sum_h2 0 17 0 60 14 
sum_h2 1 17 0 180 28 
sum_h2 2 17 0 300 37 
sum_h2 3 17 0 420 38 
sum_h2 4 17 0 540 39 
sum_h2 5 17 0 660 40 
sum_h2 6 17 0 780 40 
sum_h2 7 17 0 900 40 
sum_h2 8 17 0 1020 40 
sum_h2 9 17 0 1140 40 
sum_h2 10 17 0 1260 40 
sum_h2 11 17 0 1380 40 
sum_h2 12 17 0 1500 40 
sum_h2 13 17 0 1620 40 
sum_h2 14 17 0 1740 40 
miss fire 17 0 2 2 2 0 0 0 1 0 0 0 1 0 0 0 0 0 0 1 1 1 0 0 0 0 0 0 0 0 0 0 0 
miss human 17 0 19 19 6 5 1 0 2 3 3 3 3 4 2 1 1 7 0 0 0 0 0 0 0 0 0 0 0 0 0 0 0 
miss window 17 0 11 11 7 3 0 0 0 0 0 0 0 0 1 1 1 0 1 1 1 0 0 0 0 0 0 0 0 1 1 0 0 
miss f_s 17 0 2 2 0 0 1 0 1 1 0 0 0 0 1 1 3 3 0 1 1 2 2 0 0 1 5 2 0 0 1 1 
miss h_s2 17 0 7 7 7 7 7 2 0 1 0 1 1 0 0 0 0 0 0 0 0 0 0 0 0 0 0 0 0 0 0 0 
miss h_s 17 0 11 6 6 6 5 2 3 2 1 1 1 1 2 3 2 3 2 2 1 3 3 0 0 1 3 1 3 1 2 2 
acm fire 17 0 2 4 6 6 6 6 7 7 7 7 8 8 8 8 8 8 8 9 10 11 11 11 11 11 11 11 11 11 11 11 11 
acm human 17 0 19 38 44 49 50 50 52 55 58 61 64 68 70 71 72 79 79 79 79 79 79 79 79 79 79 79 79 79 79 79 79 
acm window 17 0 11 22 29 32 32 32 32 32 32 32 32 32 33 34 35 35 36 37 38 38 38 38 38 38 38 38 38 39 40 40 40 
tsim fire 17 0 2 2 2 2 3 3 4 4 4 4 5 5 5 5 5 5 5 6 6 6 6 6 6 6 6 6 6 6 6 6 6 
tsim human 17 0 19 19 19 19 17 16 14 13 13 13 13 12 10 9 9 9 8 8 8 8 8 8 8 8 8 8 8 8 8 8 8 
tsim window 17 0 11 11 11 11 11 11 11 11 11 11 11 11 12 12 12 12 13 13 14 14 14 14 14 14 14 14 14 15 15 15 15 
w_min_v -1 17 0 60 0.44966666666666666
w_sample_min -1 17 0 60 0.0
w_detect_min -1 17 0 60 0.0
min_AUC -1 17 0 60 0.0
w_min_v -1 17 0 120 1.2313333333333332
w_sample_min -1 17 0 120 1.268612823374651
w_detect_min -1 17 0 120 2.0
min_AUC -1 17 0 120 0.0
w_min_v -1 17 0 180 1.3030000000000002
w_sample_min -1 17 0 180 1.6260480601211775
w_detect_min -1 17 0 180 2.5
min_AUC -1 17 0 180 0.0
w_min_v -1 17 0 240 1.677
w_sample_min -1 17 0 240 2.2448511364562584
w_detect_min -1 17 0 240 3.0
min_AUC -1 17 0 240 0.0
w_min_v -1 17 0 300 1.9028333333333332
w_sample_min -1 17 0 300 2.433332765621277
w_detect_min -1 17 0 300 2.0
min_AUC -1 17 0 300 0.0
w_min_v -1 17 0 360 1.4915
w_sample_min -1 17 0 360 3.412896830431106
w_detect_min -1 17 0 360 0.0
min_AUC -1 17 0 360 0.0
w_min_v -1 17 0 420 4.2828333333333335
w_sample_min -1 17 0 420 7.183190543339543
w_detect_min -1 17 0 420 7.25
min_AUC -1 17 0 420 0.115
w_min_v -1 17 0 480 4.152500000000001
w_sample_min -1 17 0 480 8.451566630351998
w_detect_min -1 17 0 480 7.25
min_AUC -1 17 0 480 0.12695833333333334
w_min_v -1 17 0 540 3.94
w_sample_min -1 17 0 540 9.02821998771681
w_detect_min -1 17 0 540 8.0
min_AUC -1 17 0 540 0.11229166666666666
w_min_v -1 17 0 600 4.192833333333334
w_sample_min -1 17 0 600 8.168299074999819
w_detect_min -1 17 0 600 3.75
min_AUC -1 17 0 600 0.11541666666666667
w_min_v -1 17 0 660 3.7998333333333334
w_sample_min -1 17 0 660 8.007367470818211
w_detect_min -1 17 0 660 5.25
min_AUC -1 17 0 660 0.11858333333333333
w_min_v -1 17 0 720 3.4825
w_sample_min -1 17 0 720 6.864505321690124
w_detect_min -1 17 0 720 1.5
min_AUC -1 17 0 720 0.10879166666666666
w_min_v -1 17 0 780 3.4251666666666662
w_sample_min -1 17 0 780 6.960719795446573
w_detect_min -1 17 0 780 1.5
min_AUC -1 17 0 780 0.09566666666666666
w_min_v -1 17 0 840 2.9188333333333336
w_sample_min -1 17 0 840 6.55169443345308
w_detect_min -1 17 0 840 0.0
min_AUC -1 17 0 840 0.08183333333333334
w_min_v -1 17 0 900 2.9301666666666666
w_sample_min -1 17 0 900 6.267163662183094
w_detect_min -1 17 0 900 0.0
min_AUC -1 17 0 900 0.0725
w_min_v -1 17 0 960 2.357666666666667
w_sample_min -1 17 0 960 7.110886868588672
w_detect_min -1 17 0 960 3.0
min_AUC -1 17 0 960 0.052083333333333336
w_min_v -1 17 0 1020 3.3761666666666663
w_sample_min -1 17 0 1020 7.395748645371374
w_detect_min -1 17 0 1020 1.5
min_AUC -1 17 0 1020 0.09541666666666666
w_min_v -1 17 0 1080 2.5551666666666666
w_sample_min -1 17 0 1080 6.207723248889186
w_detect_min -1 17 0 1080 1.5
min_AUC -1 17 0 1080 0.06258333333333334
w_min_v -1 17 0 1140 3.2623333333333333
w_sample_min -1 17 0 1140 6.887026865188725
w_detect_min -1 17 0 1140 4.5
min_AUC -1 17 0 1140 0.08129166666666668
w_min_v -1 17 0 1200 3.0363333333333338
w_sample_min -1 17 0 1200 6.7053387539696505
w_detect_min -1 17 0 1200 0.75
min_AUC -1 17 0 1200 0.08716666666666667
w_min_v -1 17 0 1260 2.4311666666666665
w_sample_min -1 17 0 1260 4.74673760090493
w_detect_min -1 17 0 1260 0.0
min_AUC -1 17 0 1260 0.06172222222222221
w_min_v -1 17 0 1320 2.5408333333333335
w_sample_min -1 17 0 1320 6.044137559073442
w_detect_min -1 17 0 1320 0.0
min_AUC -1 17 0 1320 0.07183333333333333
w_min_v -1 17 0 1380 3.5451666666666664
w_sample_min -1 17 0 1380 6.975690631179305
w_detect_min -1 17 0 1380 3.75
min_AUC -1 17 0 1380 0.10708333333333334
w_min_v -1 17 0 1440 3.176333333333333
w_sample_min -1 17 0 1440 6.3245150323334975
w_detect_min -1 17 0 1440 0.0
min_AUC -1 17 0 1440 0.096125
w_min_v -1 17 0 1500 2.6005
w_sample_min -1 17 0 1500 5.749093921997308
w_detect_min -1 17 0 1500 0.0
min_AUC -1 17 0 1500 0.07312500000000001
w_min_v -1 17 0 1560 2.2296666666666667
w_sample_min -1 17 0 1560 4.692683846711443
w_detect_min -1 17 0 1560 0.0
min_AUC -1 17 0 1560 0.050458333333333334
w_min_v -1 17 0 1620 2.8721666666666668
w_sample_min -1 17 0 1620 5.049421368680521
w_detect_min -1 17 0 1620 0.0
min_AUC -1 17 0 1620 0.07275000000000001
w_min_v -1 17 0 1680 2.71
w_sample_min -1 17 0 1680 6.881665193448743
w_detect_min -1 17 0 1680 0.75
min_AUC -1 17 0 1680 0.06979166666666667
w_min_v -1 17 0 1740 2.6301666666666668
w_sample_min -1 17 0 1740 6.461626163236408
w_detect_min -1 17 0 1740 0.0
min_AUC -1 17 0 1740 0.07827777777777778
w_min_v -1 17 0 1800 1.806
w_sample_min -1 17 0 1800 4.438450212730801
w_detect_min -1 17 0 1800 0.0
min_AUC -1 17 0 1800 0.051333333333333335
task_num -1 17 0 160
runtime -1 17 0 0.12262988090515137 0.14016008377075195 0.1673569679260254 0.15301179885864258 0.32428979873657227 0.1369309425354004 0.14501094818115234 
avg_run -1 17 0 0.16991291727338517
al_time -1 17 0 33.162981033325195 0.009039878845214844 0.011980056762695312 0.01320505142211914 0.10758209228515625 0.011775970458984375 0.011789798736572266 
avg_all -1 17 0 4.761193411690848
AUC -1 17 0 5.239393333333333 9.738204408344618 8.918421052631578 0.4234001916671573 0.3877574370709382 0.0
 
sum 0 5 0 60 64 
sum 1 5 0 180 98 
sum 2 5 0 300 99 
sum 3 5 0 420 105 
sum 4 5 0 540 111 
sum 5 5 0 660 119 
sum 6 5 0 780 124 
sum 7 5 0 900 128 
sum 8 5 0 1020 131 
sum 9 5 0 1140 134 
sum 10 5 0 1260 136 
sum 11 5 0 1380 136 
sum 12 5 0 1500 136 
sum 13 5 0 1620 137 
sum 14 5 0 1740 138 
sum_state 0 5 0 60 97.0 
sum_state 1 5 0 180 152.0 
sum_state 2 5 0 300 164.0 
sum_state 3 5 0 420 174.0 
sum_state 4 5 0 540 182.5 
sum_state 5 5 0 660 198.5 
sum_state 6 5 0 780 212.5 
sum_state 7 5 0 900 232.5 
sum_state 8 5 0 1020 248.5 
sum_state 9 5 0 1140 261.5 
sum_state 10 5 0 1260 273.5 
sum_state 11 5 0 1380 279.5 
sum_state 12 5 0 1500 288.5 
sum_state 13 5 0 1620 296.5 
sum_state 14 5 0 1740 312.5 
sum_h2 0 5 0 60 14 
sum_h2 1 5 0 180 28 
sum_h2 2 5 0 300 38 
sum_h2 3 5 0 420 38 
sum_h2 4 5 0 540 39 
sum_h2 5 5 0 660 43 
sum_h2 6 5 0 780 43 
sum_h2 7 5 0 900 43 
sum_h2 8 5 0 1020 43 
sum_h2 9 5 0 1140 43 
sum_h2 10 5 0 1260 43 
sum_h2 11 5 0 1380 43 
sum_h2 12 5 0 1500 43 
sum_h2 13 5 0 1620 43 
sum_h2 14 5 0 1740 43 
miss fire 5 0 2 2 0 0 0 0 1 0 0 0 1 0 0 0 0 0 0 1 1 0 0 0 0 0 0 0 0 0 0 0 0 
miss human 5 0 19 19 8 7 1 0 2 3 3 3 3 4 2 1 1 1 0 0 0 0 0 0 0 0 0 0 0 0 0 0 0 
miss window 5 0 11 11 11 8 0 0 0 0 0 0 0 0 1 1 1 1 1 1 1 1 1 1 0 0 0 0 0 1 1 0 0 
miss f_s 5 0 2 2 0 0 1 0 1 0 0 0 1 1 0 0 3 3 2 3 1 3 2 1 1 0 2 2 1 3 4 6 
miss h_s2 5 0 7 7 7 7 7 3 0 0 0 1 2 2 0 0 0 0 0 0 0 0 0 0 0 0 0 0 0 0 0 0 
miss h_s 5 0 12 10 8 6 5 0 1 2 2 0 1 3 4 5 4 6 5 3 2 4 5 2 2 3 3 2 1 2 2 3 
acm fire 5 0 2 4 4 4 4 4 5 5 5 5 6 6 6 6 6 6 6 7 8 8 8 8 8 8 8 8 8 8 8 8 8 
acm human 5 0 19 38 46 53 54 54 56 59 62 65 68 72 74 75 76 77 77 77 77 77 77 77 77 77 77 77 77 77 77 77 77 
acm window 5 0 11 22 33 41 41 41 41 41 41 41 41 41 42 43 44 45 46 47 48 49 50 51 51 51 51 51 51 52 53 53 53 
tsim fire 5 0 2 2 2 2 3 3 4 4 4 4 5 5 5 5 5 5 5 6 6 6 6 6 6 6 6 6 6 6 6 6 6 
tsim human 5 0 19 19 19 19 17 16 14 13 13 13 13 12 10 9 9 9 8 8 8 8 8 8 8 8 8 8 8 8 8 8 8 
tsim window 5 0 11 11 11 11 11 11 11 11 11 11 11 11 12 12 12 12 13 13 14 14 14 14 14 14 14 14 14 15 15 15 15 
w_min_v -1 5 0 60 0.44966666666666666
w_sample_min -1 5 0 60 0.0
w_detect_min -1 5 0 60 0.0
min_AUC -1 5 0 60 0.0
w_min_v -1 5 0 120 1.2133333333333334
w_sample_min -1 5 0 120 1.2499821093836272
w_detect_min -1 5 0 120 2.0
min_AUC -1 5 0 120 0.0
w_min_v -1 5 0 180 2.0309999999999997
w_sample_min -1 5 0 180 2.0388549014388913
w_detect_min -1 5 0 180 3.0
min_AUC -1 5 0 180 0.0
w_min_v -1 5 0 240 2.2308333333333334
w_sample_min -1 5 0 240 2.8098480742233485
w_detect_min -1 5 0 240 2.5
min_AUC -1 5 0 240 0.0
w_min_v -1 5 0 300 1.9783333333333335
w_sample_min -1 5 0 300 2.496877415302797
w_detect_min -1 5 0 300 2.0
min_AUC -1 5 0 300 0.0
w_min_v -1 5 0 360 1.5588333333333333
w_sample_min -1 5 0 360 4.088079081856455
w_detect_min -1 5 0 360 0.0
min_AUC -1 5 0 360 0.0
w_min_v -1 5 0 420 4.267166666666666
w_sample_min -1 5 0 420 7.795965692290994
w_detect_min -1 5 0 420 8.25
min_AUC -1 5 0 420 0.11483333333333333
w_min_v -1 5 0 480 3.8758333333333335
w_sample_min -1 5 0 480 8.381838079279694
w_detect_min -1 5 0 480 7.25
min_AUC -1 5 0 480 0.11745833333333335
w_min_v -1 5 0 540 2.617166666666667
w_sample_min -1 5 0 540 7.3225395394817046
w_detect_min -1 5 0 540 3.0
min_AUC -1 5 0 540 0.07708333333333334
w_min_v -1 5 0 600 2.9765
w_sample_min -1 5 0 600 7.3645967014461515
w_detect_min -1 5 0 600 6.75
min_AUC -1 5 0 600 0.050583333333333334
w_min_v -1 5 0 660 4.263333333333333
w_sample_min -1 5 0 660 9.379201528666751
w_detect_min -1 5 0 660 10.25
min_AUC -1 5 0 660 0.126875
w_min_v -1 5 0 720 3.383666666666666
w_sample_min -1 5 0 720 7.700287905237227
w_detect_min -1 5 0 720 5.0
min_AUC -1 5 0 720 0.10283333333333332
w_min_v -1 5 0 780 2.5743333333333336
w_sample_min -1 5 0 780 6.265086860389219
w_detect_min -1 5 0 780 0.0
min_AUC -1 5 0 780 0.07516666666666666
w_min_v -1 5 0 840 1.7530000000000001
w_sample_min -1 5 0 840 4.236354493262766
w_detect_min -1 5 0 840 0.0
min_AUC -1 5 0 840 0.04933333333333333
w_min_v -1 5 0 900 1.2068333333333334
w_sample_min -1 5 0 900 2.8729117754331854
w_detect_min -1 5 0 900 0.0
min_AUC -1 5 0 900 0.032375
w_min_v -1 5 0 960 0.8843333333333333
w_sample_min -1 5 0 960 2.659530194744002
w_detect_min -1 5 0 960 0.0
min_AUC -1 5 0 960 0.021249999999999998
w_min_v -1 5 0 1020 1.2890000000000001
w_sample_min -1 5 0 1020 3.2057702751313633
w_detect_min -1 5 0 1020 1.5
min_AUC -1 5 0 1020 0.02275
w_min_v -1 5 0 1080 3.037
w_sample_min -1 5 0 1080 7.442859028812421
w_detect_min -1 5 0 1080 2.25
min_AUC -1 5 0 1080 0.07704166666666666
w_min_v -1 5 0 1140 2.0765
w_sample_min -1 5 0 1140 5.4484448001317025
w_detect_min -1 5 0 1140 0.0
min_AUC -1 5 0 1140 0.05054166666666667
w_min_v -1 5 0 1200 1.8963333333333334
w_sample_min -1 5 0 1200 3.699757869545426
w_detect_min -1 5 0 1200 0.0
min_AUC -1 5 0 1200 0.05305555555555556
w_min_v -1 5 0 1260 1.9471666666666667
w_sample_min -1 5 0 1260 4.202181827196482
w_detect_min -1 5 0 1260 0.0
min_AUC -1 5 0 1260 0.049
w_min_v -1 5 0 1320 2.271333333333333
w_sample_min -1 5 0 1320 4.483659398082056
w_detect_min -1 5 0 1320 0.75
min_AUC -1 5 0 1320 0.049666666666666665
w_min_v -1 5 0 1380 1.9333333333333333
w_sample_min -1 5 0 1380 5.457140998723387
w_detect_min -1 5 0 1380 3.75
min_AUC -1 5 0 1380 0.048625
w_min_v -1 5 0 1440 1.5006666666666666
w_sample_min -1 5 0 1440 4.1720657844672795
w_detect_min -1 5 0 1440 2.25
min_AUC -1 5 0 1440 0.03191666666666667
w_min_v -1 5 0 1500 2.3775
w_sample_min -1 5 0 1500 5.380707250155839
w_detect_min -1 5 0 1500 0.0
min_AUC -1 5 0 1500 0.07041666666666666
w_min_v -1 5 0 1560 3.062333333333333
w_sample_min -1 5 0 1560 6.213489153547453
w_detect_min -1 5 0 1560 0.0
min_AUC -1 5 0 1560 0.08083333333333333
w_min_v -1 5 0 1620 2.146666666666667
w_sample_min -1 5 0 1620 6.411892213038319
w_detect_min -1 5 0 1620 1.5
min_AUC -1 5 0 1620 0.05304166666666667
w_min_v -1 5 0 1680 1.5305
w_sample_min -1 5 0 1680 5.235495849278531
w_detect_min -1 5 0 1680 3.0
min_AUC -1 5 0 1680 0.034791666666666665
w_min_v -1 5 0 1740 1.6376666666666666
w_sample_min -1 5 0 1740 5.702286340139882
w_detect_min -1 5 0 1740 1.5
min_AUC -1 5 0 1740 0.022833333333333334
w_min_v -1 5 0 1800 1.1423333333333334
w_sample_min -1 5 0 1800 3.888261302439696
w_detect_min -1 5 0 1800 0.0
min_AUC -1 5 0 1800 0.014958333333333332
task_num -1 5 0 160
runtime -1 5 0 0.5432260036468506 0.2285749912261963 0.25428295135498047 0.5129928588867188 0.21884894371032715 0.2627248764038086 0.17642903327941895 
avg_run -1 5 0 0.31386852264404297
al_time -1 5 0 36.77693796157837 0.00982809066772461 0.015249967575073242 0.024718046188354492 0.1259310245513916 0.020671844482421875 0.03509688377380371 
avg_all -1 5 0 5.286919116973877
AUC -1 5 0 5.537693333333333 10.560694157152097 11.12 0.4591606155283521 0.4834782608695652 0.0
 
sum 0 3 0 60 64 
sum 1 3 0 180 106 
sum 2 3 0 300 143 
sum 3 3 0 420 182 
sum 4 3 0 540 188 
sum 5 3 0 660 195 
sum 6 3 0 780 204 
sum 7 3 0 900 211 
sum 8 3 0 1020 216 
sum 9 3 0 1140 222 
sum 10 3 0 1260 226 
sum 11 3 0 1380 229 
sum 12 3 0 1500 231 
sum 13 3 0 1620 232 
sum 14 3 0 1740 233 
sum_state 0 3 0 60 99.0 
sum_state 1 3 0 180 174.5 
sum_state 2 3 0 300 241.0 
sum_state 3 3 0 420 300.5 
sum_state 4 3 0 540 324.0 
sum_state 5 3 0 660 347.0 
sum_state 6 3 0 780 369.0 
sum_state 7 3 0 900 392.0 
sum_state 8 3 0 1020 411.0 
sum_state 9 3 0 1140 428.0 
sum_state 10 3 0 1260 442.0 
sum_state 11 3 0 1380 451.0 
sum_state 12 3 0 1500 462.0 
sum_state 13 3 0 1620 473.0 
sum_state 14 3 0 1740 487.0 
sum_h2 0 3 0 60 14 
sum_h2 1 3 0 180 27 
sum_h2 2 3 0 300 38 
sum_h2 3 3 0 420 45 
sum_h2 4 3 0 540 50 
sum_h2 5 3 0 660 54 
sum_h2 6 3 0 780 54 
sum_h2 7 3 0 900 54 
sum_h2 8 3 0 1020 54 
sum_h2 9 3 0 1140 54 
sum_h2 10 3 0 1260 54 
sum_h2 11 3 0 1380 54 
sum_h2 12 3 0 1500 54 
sum_h2 13 3 0 1620 54 
sum_h2 14 3 0 1740 54 
miss fire 3 0 2 2 1 1 1 1 2 2 0 0 1 0 0 0 0 0 0 1 1 0 0 0 0 0 0 0 0 0 0 0 0 
miss human 3 0 19 19 9 9 8 7 7 8 3 3 3 3 1 7 7 0 1 1 1 0 0 1 1 0 0 0 0 0 0 0 0 
miss window 3 0 11 11 11 11 10 10 10 10 0 0 0 0 1 0 0 0 1 1 2 2 2 1 1 1 1 1 0 1 1 0 0 
miss f_s 3 0 2 2 2 1 2 2 2 2 2 2 3 3 2 2 4 4 4 4 2 3 1 2 2 3 4 2 1 3 2 3 
miss h_s2 3 0 7 7 7 6 6 5 5 2 2 3 2 2 0 0 0 0 0 0 0 0 0 0 0 0 0 0 0 0 0 0 
miss h_s 3 0 12 12 12 12 10 10 8 5 5 6 3 5 5 4 3 5 4 2 2 4 5 2 0 1 2 1 2 4 5 3 
acm fire 3 0 2 4 5 6 7 8 10 12 12 12 13 13 13 13 13 13 13 14 15 15 15 15 15 15 15 15 15 15 15 15 15 
acm human 3 0 19 38 47 56 64 71 78 86 89 92 95 98 99 106 113 113 114 115 116 116 116 117 118 118 118 118 118 118 118 118 118 
acm window 3 0 11 22 33 44 54 64 74 84 84 84 84 84 85 85 85 85 86 87 89 91 93 94 95 96 97 98 98 99 100 100 100 
tsim fire 3 0 2 2 2 2 3 3 4 4 4 4 5 5 5 5 5 5 5 6 6 6 6 6 6 6 6 6 6 6 6 6 6 
tsim human 3 0 19 19 19 19 17 16 14 13 13 13 13 12 10 9 9 9 8 8 8 8 8 8 8 8 8 8 8 8 8 8 8 
tsim window 3 0 11 11 11 11 11 11 11 11 11 11 11 11 12 12 12 12 13 13 14 14 14 14 14 14 14 14 14 15 15 15 15 
w_min_v -1 3 0 60 0.174
w_sample_min -1 3 0 60 0.0
w_detect_min -1 3 0 60 0.0
min_AUC -1 3 0 60 0.0
w_min_v -1 3 0 120 1.2443333333333333
w_sample_min -1 3 0 120 1.2819399190643523
w_detect_min -1 3 0 120 2.0
min_AUC -1 3 0 120 0.0
w_min_v -1 3 0 180 1.8150000000000002
w_sample_min -1 3 0 180 2.624728604356786
w_detect_min -1 3 0 180 0.5
min_AUC -1 3 0 180 0.0
w_min_v -1 3 0 240 2.559166666666667
w_sample_min -1 3 0 240 3.6529289073727726
w_detect_min -1 3 0 240 3.0
min_AUC -1 3 0 240 0.0
w_min_v -1 3 0 300 2.0551666666666666
w_sample_min -1 3 0 300 3.1771234115903706
w_detect_min -1 3 0 300 1.0
min_AUC -1 3 0 300 0.0
w_min_v -1 3 0 360 2.369
w_sample_min -1 3 0 360 3.110860739168163
w_detect_min -1 3 0 360 2.0
min_AUC -1 3 0 360 0.0
w_min_v -1 3 0 420 2.2031666666666667
w_sample_min -1 3 0 420 3.6820774039640964
w_detect_min -1 3 0 420 0.5
min_AUC -1 3 0 420 0.0
w_min_v -1 3 0 480 1.5844999999999998
w_sample_min -1 3 0 480 2.6551849194860755
w_detect_min -1 3 0 480 1.0
min_AUC -1 3 0 480 0.0
w_min_v -1 3 0 540 1.8464999999999998
w_sample_min -1 3 0 540 2.205943961562087
w_detect_min -1 3 0 540 0.5
min_AUC -1 3 0 540 0.0
w_min_v -1 3 0 600 2.1646666666666667
w_sample_min -1 3 0 600 2.9148671115826925
w_detect_min -1 3 0 600 0.0
min_AUC -1 3 0 600 0.0
w_min_v -1 3 0 660 1.573
w_sample_min -1 3 0 660 2.6743719546727895
w_detect_min -1 3 0 660 1.0
min_AUC -1 3 0 660 0.0
w_min_v -1 3 0 720 1.8766666666666667
w_sample_min -1 3 0 720 2.1844393513816827
w_detect_min -1 3 0 720 0.0
min_AUC -1 3 0 720 0.0
w_min_v -1 3 0 780 2.2095000000000002
w_sample_min -1 3 0 780 3.7853101850868764
w_detect_min -1 3 0 780 2.5
min_AUC -1 3 0 780 0.0
w_min_v -1 3 0 840 1.7914999999999999
w_sample_min -1 3 0 840 2.741273988700609
w_detect_min -1 3 0 840 1.0
min_AUC -1 3 0 840 0.0
w_min_v -1 3 0 900 3.002
w_sample_min -1 3 0 900 5.386878349390027
w_detect_min -1 3 0 900 0.5
min_AUC -1 3 0 900 0.010444444444444444
w_min_v -1 3 0 960 2.6671666666666667
w_sample_min -1 3 0 960 5.588388557531046
w_detect_min -1 3 0 960 0.0
min_AUC -1 3 0 960 0.006833333333333334
w_min_v -1 3 0 1020 2.3201666666666667
w_sample_min -1 3 0 1020 5.119574226042136
w_detect_min -1 3 0 1020 2.5
min_AUC -1 3 0 1020 0.0045000000000000005
w_min_v -1 3 0 1080 2.139
w_sample_min -1 3 0 1080 3.7357410484869837
w_detect_min -1 3 0 1080 1.0
min_AUC -1 3 0 1080 0.0029444444444444444
w_min_v -1 3 0 1140 2.7221666666666664
w_sample_min -1 3 0 1140 6.596573054773673
w_detect_min -1 3 0 1140 6.5
min_AUC -1 3 0 1140 0.0019444444444444442
w_min_v -1 3 0 1200 2.4331666666666663
w_sample_min -1 3 0 1200 5.8375902504761585
w_detect_min -1 3 0 1200 0.0
min_AUC -1 3 0 1200 0.0012777777777777779
w_min_v -1 3 0 1260 2.5223333333333335
w_sample_min -1 3 0 1260 5.385215252696651
w_detect_min -1 3 0 1260 1.0
min_AUC -1 3 0 1260 0.0008333333333333334
w_min_v -1 3 0 1320 2.0701666666666667
w_sample_min -1 3 0 1320 4.185283043777
w_detect_min -1 3 0 1320 1.0
min_AUC -1 3 0 1320 0.0005555555555555556
w_min_v -1 3 0 1380 2.8858333333333337
w_sample_min -1 3 0 1380 6.274937702230041
w_detect_min -1 3 0 1380 2.0
min_AUC -1 3 0 1380 0.0003333333333333333
w_min_v -1 3 0 1440 2.5086666666666666
w_sample_min -1 3 0 1440 5.190981309301227
w_detect_min -1 3 0 1440 0.0
min_AUC -1 3 0 1440 0.0002222222222222222
w_min_v -1 3 0 1500 2.478666666666667
w_sample_min -1 3 0 1500 5.307796058882916
w_detect_min -1 3 0 1500 4.5
min_AUC -1 3 0 1500 0.00016666666666666666
w_min_v -1 3 0 1560 2.1546666666666665
w_sample_min -1 3 0 1560 4.203674469084525
w_detect_min -1 3 0 1560 1.0
min_AUC -1 3 0 1560 0.0001111111111111111
w_min_v -1 3 0 1620 3.1178333333333335
w_sample_min -1 3 0 1620 6.669265630859957
w_detect_min -1 3 0 1620 6.5
min_AUC -1 3 0 1620 5.555555555555555e-05
w_min_v -1 3 0 1680 2.5621666666666667
w_sample_min -1 3 0 1680 5.648666884720693
w_detect_min -1 3 0 1680 0.0
min_AUC -1 3 0 1680 5.555555555555555e-05
w_min_v -1 3 0 1740 2.6453333333333333
w_sample_min -1 3 0 1740 5.682069824532218
w_detect_min -1 3 0 1740 4.5
min_AUC -1 3 0 1740 5.555555555555555e-05
w_min_v -1 3 0 1800 1.8728333333333333
w_sample_min -1 3 0 1800 3.928054688106116
w_detect_min -1 3 0 1800 1.0
min_AUC -1 3 0 1800 0.0
task_num -1 3 0 166
runtime -1 3 0 0.01434016227722168 0.010756969451904297 0.01102304458618164 0.010585784912109375 0.011067867279052734 0.010601997375488281 0.014852046966552734 0.011317014694213867 0.011062145233154297 0.011116981506347656 
avg_run -1 3 0 0.011672401428222656
al_time -1 3 0 0.5677011013031006 0.28775930404663086 33.37928032875061 0.012581825256347656 0.012404918670654297 0.03551506996154785 0.109130859375 0.014939069747924805 0.014838933944702148 0.012377738952636719 
avg_all -1 3 0 3.4446529150009155
AUC -1 3 0 3.171870421245421 6.491119493348487 6.1421703296703285 0.2822225866673255 0.26705088389870996 0.0
 
sum 0 12 0 60 64 
sum 1 12 0 180 108 
sum 2 12 0 300 155 
sum 3 12 0 420 206 
sum 4 12 0 540 212 
sum 5 12 0 660 221 
sum 6 12 0 780 226 
sum 7 12 0 900 240 
sum 8 12 0 1020 243 
sum 9 12 0 1140 248 
sum 10 12 0 1260 250 
sum 11 12 0 1380 252 
sum 12 12 0 1500 254 
sum 13 12 0 1620 257 
sum 14 12 0 1740 258 
sum_state 0 12 0 60 99.0 
sum_state 1 12 0 180 170.0 
sum_state 2 12 0 300 239.0 
sum_state 3 12 0 420 307.0 
sum_state 4 12 0 540 328.0 
sum_state 5 12 0 660 352.0 
sum_state 6 12 0 780 367.0 
sum_state 7 12 0 900 392.0 
sum_state 8 12 0 1020 407.0 
sum_state 9 12 0 1140 421.0 
sum_state 10 12 0 1260 439.0 
sum_state 11 12 0 1380 450.0 
sum_state 12 12 0 1500 463.0 
sum_state 13 12 0 1620 480.0 
sum_state 14 12 0 1740 499.0 
sum_h2 0 12 0 60 14 
sum_h2 1 12 0 180 20 
sum_h2 2 12 0 300 28 
sum_h2 3 12 0 420 32 
sum_h2 4 12 0 540 34 
sum_h2 5 12 0 660 38 
sum_h2 6 12 0 780 38 
sum_h2 7 12 0 900 38 
sum_h2 8 12 0 1020 38 
sum_h2 9 12 0 1140 38 
sum_h2 10 12 0 1260 38 
sum_h2 11 12 0 1380 38 
sum_h2 12 12 0 1500 38 
sum_h2 13 12 0 1620 38 
sum_h2 14 12 0 1740 38 
miss fire 12 0 2 2 0 0 1 1 2 2 0 0 1 1 0 0 0 0 0 1 1 1 0 0 0 0 0 0 0 0 0 0 0 
miss human 12 0 19 19 13 9 11 12 12 13 3 3 3 4 2 1 7 7 0 0 0 0 0 0 0 0 0 0 0 0 0 0 0 
miss window 12 0 11 11 11 11 11 11 11 11 0 0 0 0 1 1 0 0 1 1 2 1 1 1 1 1 1 1 1 2 1 0 0 
miss f_s 12 0 2 2 2 2 2 2 2 1 1 2 2 2 3 1 3 2 2 4 3 2 4 3 3 3 4 3 3 4 5 4 
miss h_s2 12 0 7 7 3 3 4 4 4 0 1 1 2 2 0 0 0 0 0 0 0 0 0 0 0 0 0 0 0 0 0 0 
miss h_s 12 0 12 12 10 10 7 7 7 5 5 6 6 3 4 2 3 3 2 4 2 2 5 4 3 0 2 2 3 4 5 4 
acm fire 12 0 2 4 4 4 5 6 8 10 10 10 11 12 12 12 12 12 12 13 14 15 15 15 15 15 15 15 15 15 15 15 15 
acm human 12 0 19 38 51 60 71 83 95 108 111 114 117 121 123 124 131 138 138 138 138 138 138 138 138 138 138 138 138 138 138 138 138 
acm window 12 0 11 22 33 44 55 66 77 88 88 88 88 88 89 90 90 90 91 92 94 95 96 97 98 99 100 101 102 104 105 105 105 
tsim fire 12 0 2 2 2 2 3 3 4 4 4 4 5 5 5 5 5 5 5 6 6 6 6 6 6 6 6 6 6 6 6 6 6 
tsim human 12 0 19 19 19 19 17 16 14 13 13 13 13 12 10 9 9 9 8 8 8 8 8 8 8 8 8 8 8 8 8 8 8 
tsim window 12 0 11 11 11 11 11 11 11 11 11 11 11 11 12 12 12 12 13 13 14 14 14 14 14 14 14 14 14 15 15 15 15 
w_min_v -1 12 0 60 0.0
w_sample_min -1 12 0 60 0.0
w_detect_min -1 12 0 60 0.0
min_AUC -1 12 0 60 0.0
w_min_v -1 12 0 120 0.61
w_sample_min -1 12 0 120 0.0
w_detect_min -1 12 0 120 0.0
min_AUC -1 12 0 120 0.0
w_min_v -1 12 0 180 1.6776666666666666
w_sample_min -1 12 0 180 1.8429444480792823
w_detect_min -1 12 0 180 3.0
min_AUC -1 12 0 180 0.0
w_min_v -1 12 0 240 1.3126666666666666
w_sample_min -1 12 0 240 2.263072732662148
w_detect_min -1 12 0 240 0.5
min_AUC -1 12 0 240 0.0
w_min_v -1 12 0 300 1.0651666666666666
w_sample_min -1 12 0 300 2.478646803930167
w_detect_min -1 12 0 300 1.5
min_AUC -1 12 0 300 0.0
w_min_v -1 12 0 360 0.8031666666666666
w_sample_min -1 12 0 360 2.0456160155152796
w_detect_min -1 12 0 360 0.0
min_AUC -1 12 0 360 0.0
w_min_v -1 12 0 420 2.3673333333333333
w_sample_min -1 12 0 420 3.3707905771385587
w_detect_min -1 12 0 420 0.5
min_AUC -1 12 0 420 0.0
w_min_v -1 12 0 480 1.813
w_sample_min -1 12 0 480 3.0372173661437545
w_detect_min -1 12 0 480 1.0
min_AUC -1 12 0 480 0.0
w_min_v -1 12 0 540 1.325
w_sample_min -1 12 0 540 2.188153090526558
w_detect_min -1 12 0 540 0.0
min_AUC -1 12 0 540 0.0
w_min_v -1 12 0 600 2.1548333333333334
w_sample_min -1 12 0 600 2.575330766360906
w_detect_min -1 12 0 600 2.0
min_AUC -1 12 0 600 0.0
w_min_v -1 12 0 660 1.7488333333333335
w_sample_min -1 12 0 660 2.9345857846641823
w_detect_min -1 12 0 660 0.0
min_AUC -1 12 0 660 0.0
w_min_v -1 12 0 720 1.7231666666666667
w_sample_min -1 12 0 720 3.1944859399945567
w_detect_min -1 12 0 720 0.5
min_AUC -1 12 0 720 0.0
w_min_v -1 12 0 780 1.2546666666666666
w_sample_min -1 12 0 780 2.4489817333684534
w_detect_min -1 12 0 780 0.0
min_AUC -1 12 0 780 0.0
w_min_v -1 12 0 840 2.4218333333333333
w_sample_min -1 12 0 840 3.5834659999539262
w_detect_min -1 12 0 840 2.0
min_AUC -1 12 0 840 0.017055555555555556
w_min_v -1 12 0 900 2.698
w_sample_min -1 12 0 900 3.9212231590742626
w_detect_min -1 12 0 900 3.0
min_AUC -1 12 0 900 0.011166666666666667
w_min_v -1 12 0 960 1.8913333333333333
w_sample_min -1 12 0 960 2.925498767916202
w_detect_min -1 12 0 960 0.0
min_AUC -1 12 0 960 0.007333333333333334
w_min_v -1 12 0 1020 1.843
w_sample_min -1 12 0 1020 2.058029689526464
w_detect_min -1 12 0 1020 0.0
min_AUC -1 12 0 1020 0.004833333333333334
w_min_v -1 12 0 1080 2.2195
w_sample_min -1 12 0 1080 2.895541653662782
w_detect_min -1 12 0 1080 0.0
min_AUC -1 12 0 1080 0.0031666666666666666
w_min_v -1 12 0 1140 1.8088333333333333
w_sample_min -1 12 0 1140 2.843856095499286
w_detect_min -1 12 0 1140 1.0
min_AUC -1 12 0 1140 0.0020555555555555557
w_min_v -1 12 0 1200 1.9
w_sample_min -1 12 0 1200 2.7560447061223226
w_detect_min -1 12 0 1200 0.75
min_AUC -1 12 0 1200 0.0013333333333333333
w_min_v -1 12 0 1260 1.355
w_sample_min -1 12 0 1260 2.1235883368224524
w_detect_min -1 12 0 1260 0.0
min_AUC -1 12 0 1260 0.0008888888888888888
w_min_v -1 12 0 1320 2.2591666666666668
w_sample_min -1 12 0 1320 3.090308460098889
w_detect_min -1 12 0 1320 0.0
min_AUC -1 12 0 1320 0.0006111111111111111
w_min_v -1 12 0 1380 1.7633333333333332
w_sample_min -1 12 0 1380 3.051121755815739
w_detect_min -1 12 0 1380 1.0
min_AUC -1 12 0 1380 0.0003888888888888889
w_min_v -1 12 0 1440 1.65
w_sample_min -1 12 0 1440 3.0009634897326567
w_detect_min -1 12 0 1440 0.75
min_AUC -1 12 0 1440 0.0002777777777777778
w_min_v -1 12 0 1500 1.2583333333333333
w_sample_min -1 12 0 1500 2.2998054343342753
w_detect_min -1 12 0 1500 0.0
min_AUC -1 12 0 1500 0.00016666666666666666
w_min_v -1 12 0 1560 2.7175000000000002
w_sample_min -1 12 0 1560 4.312452366433823
w_detect_min -1 12 0 1560 0.75
min_AUC -1 12 0 1560 0.013
w_min_v -1 12 0 1620 1.9538333333333333
w_sample_min -1 12 0 1620 3.2602995544941304
w_detect_min -1 12 0 1620 0.0
min_AUC -1 12 0 1620 0.0085
w_min_v -1 12 0 1680 1.6556666666666666
w_sample_min -1 12 0 1680 3.1352727291054396
w_detect_min -1 12 0 1680 0.5
min_AUC -1 12 0 1680 0.02
w_min_v -1 12 0 1740 1.2333333333333334
w_sample_min -1 12 0 1740 2.5362776405229766
w_detect_min -1 12 0 1740 0.0
min_AUC -1 12 0 1740 0.01311111111111111
w_min_v -1 12 0 1800 0.9091666666666667
w_sample_min -1 12 0 1800 1.7994731855122867
w_detect_min -1 12 0 1800 0.0
min_AUC -1 12 0 1800 0.008611111111111111
task_num -1 12 0 168
runtime -1 12 0 0.03559136390686035 0.011099100112915039 0.012629985809326172 0.01314687728881836 0.011480093002319336 0.011820077896118164 0.011712789535522461 0.012066841125488281 0.01211404800415039 
avg_run -1 12 0 0.01462901963127984
al_time -1 12 0 0.7149412631988525 41.3121440410614 0.013071775436401367 0.016588926315307617 0.014140844345092773 0.13693690299987793 0.013309001922607422 0.013821840286254883 0.010313987731933594 
avg_all -1 12 0 4.693918731477526
AUC -1 12 0 3.0325061728395064 5.9903726635448225 5.449629629629629 0.260450985371514 0.2369404186795491 0.0
 
random:1T:1800
sum 0 10 1 60 65 
sum 1 10 1 180 109 
sum 2 10 1 300 109 
sum 3 10 1 420 109 
sum 4 10 1 540 116 
sum 5 10 1 660 123 
sum 6 10 1 780 130 
sum 7 10 1 900 139 
sum 8 10 1 1020 141 
sum 9 10 1 1140 144 
sum 10 10 1 1260 150 
sum 11 10 1 1380 152 
sum 12 10 1 1500 152 
sum 13 10 1 1620 154 
sum 14 10 1 1740 156 
sum_state 0 10 1 60 91.0 
sum_state 1 10 1 180 155.0 
sum_state 2 10 1 300 164.0 
sum_state 3 10 1 420 172.0 
sum_state 4 10 1 540 189.5 
sum_state 5 10 1 660 202.0 
sum_state 6 10 1 780 220.0 
sum_state 7 10 1 900 238.0 
sum_state 8 10 1 1020 250.0 
sum_state 9 10 1 1140 270.0 
sum_state 10 10 1 1260 287.0 
sum_state 11 10 1 1380 294.0 
sum_state 12 10 1 1500 305.0 
sum_state 13 10 1 1620 320.0 
sum_state 14 10 1 1740 333.0 
sum_h2 0 10 1 60 4 
sum_h2 1 10 1 180 8 
sum_h2 2 10 1 300 10 
sum_h2 3 10 1 420 12 
sum_h2 4 10 1 540 13 
sum_h2 5 10 1 660 14 
sum_h2 6 10 1 780 16 
sum_h2 7 10 1 900 16 
sum_h2 8 10 1 1020 16 
sum_h2 9 10 1 1140 16 
sum_h2 10 10 1 1260 16 
sum_h2 11 10 1 1380 16 
sum_h2 12 10 1 1500 16 
sum_h2 13 10 1 1620 16 
sum_h2 14 10 1 1740 16 
miss fire 10 1 3 4 1 1 0 0 0 0 1 1 1 0 0 0 0 1 0 0 0 0 0 0 0 0 0 0 0 0 0 0 0 
miss human 10 1 11 11 7 6 0 0 0 0 1 2 2 2 2 3 4 4 0 0 0 0 4 0 0 0 0 0 0 0 0 0 0 
miss window 10 1 18 18 16 13 0 0 0 0 0 2 2 0 1 1 0 0 1 1 1 2 1 1 1 1 0 0 1 1 1 1 1 
miss f_s 10 1 3 3 3 3 4 1 2 2 4 3 3 0 2 0 2 3 4 4 6 6 4 4 1 1 3 3 4 4 5 4 
miss h_s2 10 1 2 2 2 2 2 0 1 1 1 0 0 1 1 1 0 0 0 0 0 0 0 0 0 0 0 0 0 0 0 0 
miss h_s 10 1 9 9 7 5 3 0 0 3 3 0 1 1 4 4 3 1 1 1 2 3 2 1 2 1 1 4 3 2 1 1 
acm fire 10 1 3 7 8 9 9 9 9 9 10 11 12 12 12 12 12 13 13 13 13 13 13 13 13 13 13 13 13 13 13 13 13 
acm human 10 1 11 22 29 35 35 35 35 35 36 38 40 42 44 47 51 55 55 55 55 55 59 59 59 59 59 59 59 59 59 59 59 
acm window 10 1 18 36 52 65 65 65 65 65 65 67 69 69 70 71 71 71 72 73 74 76 77 78 79 80 80 80 81 82 83 84 85 
tsim fire 10 1 3 4 4 4 5 5 5 5 6 7 7 7 7 7 7 8 8 8 8 8 8 8 8 8 8 8 9 9 9 9 9 
tsim human 10 1 11 11 10 10 10 10 10 10 9 8 8 8 8 7 6 6 6 6 6 6 6 6 6 6 6 6 6 6 6 6 6 
tsim window 10 1 18 18 18 18 18 18 18 18 18 20 20 20 21 21 21 21 22 22 22 23 23 23 23 23 23 23 24 24 24 24 24 
w_min_v -1 10 1 60 0.0
w_sample_min -1 10 1 60 0.0
w_detect_min -1 10 1 60 0.0
min_AUC -1 10 1 60 0.0
w_min_v -1 10 1 120 1.2349999999999999
w_sample_min -1 10 1 120 0.6662139392426198
w_detect_min -1 10 1 120 1.0
min_AUC -1 10 1 120 0.0
w_min_v -1 10 1 180 1.0953333333333333
w_sample_min -1 10 1 180 1.1284521582549916
w_detect_min -1 10 1 180 2.0
min_AUC -1 10 1 180 0.0
w_min_v -1 10 1 240 0.9713333333333334
w_sample_min -1 10 1 240 1.00072702618913
w_detect_min -1 10 1 240 1.0
min_AUC -1 10 1 240 0.0
w_min_v -1 10 1 300 0.8613333333333333
w_sample_min -1 10 1 300 0.8874586074556874
w_detect_min -1 10 1 300 0.0
min_AUC -1 10 1 300 0.0
w_min_v -1 10 1 360 1.3353333333333333
w_sample_min -1 10 1 360 1.2918778936446549
w_detect_min -1 10 1 360 0.0
min_AUC -1 10 1 360 0.021
w_min_v -1 10 1 420 4.636333333333334
w_sample_min -1 10 1 420 9.804071913019245
w_detect_min -1 10 1 420 12.5
min_AUC -1 10 1 420 0.14183333333333334
w_min_v -1 10 1 480 4.197166666666666
w_sample_min -1 10 1 480 8.295023545661941
w_detect_min -1 10 1 480 4.0
min_AUC -1 10 1 480 0.11083333333333333
w_min_v -1 10 1 540 3.654
w_sample_min -1 10 1 540 8.121302882752783
w_detect_min -1 10 1 540 7.0
min_AUC -1 10 1 540 0.07272222222222223
w_min_v -1 10 1 600 4.336333333333334
w_sample_min -1 10 1 600 6.637396303663099
w_detect_min -1 10 1 600 4.75
min_AUC -1 10 1 600 0.1175
w_min_v -1 10 1 660 4.362833333333333
w_sample_min -1 10 1 660 9.295163330314612
w_detect_min -1 10 1 660 8.5
min_AUC -1 10 1 660 0.14812499999999998
w_min_v -1 10 1 720 3.263666666666667
w_sample_min -1 10 1 720 6.675529113976841
w_detect_min -1 10 1 720 2.0
min_AUC -1 10 1 720 0.108625
w_min_v -1 10 1 780 3.296
w_sample_min -1 10 1 780 8.482121374258162
w_detect_min -1 10 1 780 6.5
min_AUC -1 10 1 780 0.10641666666666666
w_min_v -1 10 1 840 3.3405
w_sample_min -1 10 1 840 6.888934419223624
w_detect_min -1 10 1 840 3.5
min_AUC -1 10 1 840 0.10188888888888888
w_min_v -1 10 1 900 2.5220000000000002
w_sample_min -1 10 1 900 5.454750674288329
w_detect_min -1 10 1 900 2.0
min_AUC -1 10 1 900 0.06688888888888889
w_min_v -1 10 1 960 2.6051666666666664
w_sample_min -1 10 1 960 5.128484380403782
w_detect_min -1 10 1 960 2.0
min_AUC -1 10 1 960 0.05877777777777778
w_min_v -1 10 1 1020 2.8368333333333333
w_sample_min -1 10 1 1020 4.33375737856504
w_detect_min -1 10 1 1020 0.0
min_AUC -1 10 1 1020 0.08483333333333333
w_min_v -1 10 1 1080 3.246
w_sample_min -1 10 1 1080 7.171654681356892
w_detect_min -1 10 1 1080 3.0
min_AUC -1 10 1 1080 0.10294444444444445
w_min_v -1 10 1 1140 3.301
w_sample_min -1 10 1 1140 7.619361488561745
w_detect_min -1 10 1 1140 3.5
min_AUC -1 10 1 1140 0.09961111111111111
w_min_v -1 10 1 1200 2.3335000000000004
w_sample_min -1 10 1 1200 5.3833715643876765
w_detect_min -1 10 1 1200 0.0
min_AUC -1 10 1 1200 0.06538888888888889
w_min_v -1 10 1 1260 1.6841666666666666
w_sample_min -1 10 1 1260 4.047973699505365
w_detect_min -1 10 1 1260 0.0
min_AUC -1 10 1 1260 0.042888888888888886
w_min_v -1 10 1 1320 1.1308333333333334
w_sample_min -1 10 1 1320 3.6048256842136928
w_detect_min -1 10 1 1320 0.0
min_AUC -1 10 1 1320 0.028277777777777777
w_min_v -1 10 1 1380 1.0541666666666665
w_sample_min -1 10 1 1380 3.085121245439011
w_detect_min -1 10 1 1380 0.0
min_AUC -1 10 1 1380 0.028208333333333332
w_min_v -1 10 1 1440 0.9671666666666666
w_sample_min -1 10 1 1440 3.988854892403075
w_detect_min -1 10 1 1440 1.5
min_AUC -1 10 1 1440 0.018500000000000003
w_min_v -1 10 1 1500 2.549166666666667
w_sample_min -1 10 1 1500 4.913499591738439
w_detect_min -1 10 1 1500 0.0
min_AUC -1 10 1 1500 0.02733333333333333
w_min_v -1 10 1 1560 2.4204999999999997
w_sample_min -1 10 1 1560 5.110176583205167
w_detect_min -1 10 1 1560 0.0
min_AUC -1 10 1 1560 0.06805555555555555
w_min_v -1 10 1 1620 2.6165000000000003
w_sample_min -1 10 1 1620 5.471118752613337
w_detect_min -1 10 1 1620 2.25
min_AUC -1 10 1 1620 0.07029166666666667
w_min_v -1 10 1 1680 3.3936666666666664
w_sample_min -1 10 1 1680 7.074085217461412
w_detect_min -1 10 1 1680 5.0
min_AUC -1 10 1 1680 0.10638888888888888
w_min_v -1 10 1 1740 2.6741666666666672
w_sample_min -1 10 1 1740 6.8246598330243735
w_detect_min -1 10 1 1740 1.5
min_AUC -1 10 1 1740 0.09129166666666667
w_min_v -1 10 1 1800 1.7845000000000002
w_sample_min -1 10 1 1800 4.567685481620716
w_detect_min -1 10 1 1800 0.0
min_AUC -1 10 1 1800 0.059875
task_num -1 10 1 192
runtime -1 10 1 0.07735967636108398 0.4351198673248291 0.5331270694732666 0.43131399154663086 0.29905104637145996 0.4067208766937256 0.22330307960510254 
avg_run -1 10 1 0.3437136581965855
al_time -1 10 1 42.43582272529602 0.02483367919921875 0.018735170364379883 0.02873516082763672 0.04409193992614746 0.029670000076293945 0.01769399642944336 
avg_all -1 10 1 6.085654667445591
AUC -1 10 1 4.351111904761904 8.211103971670541 6.977142857142858 0.3570045205074148 0.30335403726708077 0.0
 
sum 0 8 1 60 65 
sum 1 8 1 180 119 
sum 2 8 1 300 175 
sum 3 8 1 420 231 
sum 4 8 1 540 291 
sum 5 8 1 660 297 
sum 6 8 1 780 304 
sum 7 8 1 900 309 
sum 8 8 1 1020 312 
sum 9 8 1 1140 314 
sum 10 8 1 1260 316 
sum 11 8 1 1380 316 
sum 12 8 1 1500 316 
sum 13 8 1 1620 319 
sum 14 8 1 1740 321 
sum_state 0 8 1 60 91.0 
sum_state 1 8 1 180 164.0 
sum_state 2 8 1 300 232.0 
sum_state 3 8 1 420 298.5 
sum_state 4 8 1 540 372.0 
sum_state 5 8 1 660 390.5 
sum_state 6 8 1 780 409.5 
sum_state 7 8 1 900 420.5 
sum_state 8 8 1 1020 429.5 
sum_state 9 8 1 1140 446.5 
sum_state 10 8 1 1260 462.5 
sum_state 11 8 1 1380 471.5 
sum_state 12 8 1 1500 481.5 
sum_state 13 8 1 1620 496.5 
sum_state 14 8 1 1740 504.5 
sum_h2 0 8 1 60 4 
sum_h2 1 8 1 180 6 
sum_h2 2 8 1 300 8 
sum_h2 3 8 1 420 11 
sum_h2 4 8 1 540 12 
sum_h2 5 8 1 660 13 
sum_h2 6 8 1 780 15 
sum_h2 7 8 1 900 15 
sum_h2 8 8 1 1020 15 
sum_h2 9 8 1 1140 15 
sum_h2 10 8 1 1260 15 
sum_h2 11 8 1 1380 15 
sum_h2 12 8 1 1500 15 
sum_h2 13 8 1 1620 15 
sum_h2 14 8 1 1740 15 
miss fire 8 1 3 4 3 3 4 4 4 4 5 6 0 0 0 0 0 1 1 0 0 0 0 0 0 0 0 0 1 0 0 0 0 
miss human 8 1 11 11 8 8 8 8 8 8 7 8 2 2 2 1 4 0 0 0 0 0 0 0 0 0 0 0 0 0 0 0 0 
miss window 8 1 18 18 16 16 16 16 16 16 16 18 1 1 2 2 0 0 1 1 1 1 1 1 0 0 0 0 1 1 1 1 1 
miss f_s 8 1 3 3 3 3 4 1 2 2 3 4 4 4 4 1 1 2 2 2 5 5 5 4 2 2 3 4 5 4 2 1 
miss h_s2 8 1 2 2 1 1 1 1 2 1 1 0 0 1 1 1 0 0 0 0 0 0 0 0 0 0 0 0 0 0 0 0 
miss h_s 8 1 9 9 6 6 6 0 0 5 3 3 2 2 3 3 2 1 1 1 2 3 3 2 4 1 1 2 2 1 1 2 
acm fire 8 1 3 7 10 13 17 21 25 29 34 40 40 40 40 40 40 41 42 42 42 42 42 42 42 42 42 42 43 43 43 43 43 
acm human 8 1 11 22 30 38 46 54 62 70 77 85 87 89 91 92 96 96 96 96 96 96 96 96 96 96 96 96 96 96 96 96 96 
acm window 8 1 18 36 52 68 84 100 116 132 148 166 167 168 170 172 172 172 173 174 175 176 177 178 178 178 178 178 179 180 181 182 183 
tsim fire 8 1 3 4 4 4 5 5 5 5 6 7 7 7 7 7 7 8 8 8 8 8 8 8 8 8 8 8 9 9 9 9 9 
tsim human 8 1 11 11 10 10 10 10 10 10 9 8 8 8 8 7 6 6 6 6 6 6 6 6 6 6 6 6 6 6 6 6 6 
tsim window 8 1 18 18 18 18 18 18 18 18 18 20 20 20 21 21 21 21 22 22 22 23 23 23 23 23 23 23 24 24 24 24 24 
w_min_v -1 8 1 60 0.0
w_sample_min -1 8 1 60 0.0
w_detect_min -1 8 1 60 0.0
min_AUC -1 8 1 60 0.0
w_min_v -1 8 1 120 1.209
w_sample_min -1 8 1 120 0.6623837570174458
w_detect_min -1 8 1 120 1.0
min_AUC -1 8 1 120 0.0
w_min_v -1 8 1 180 4.878500000000001
w_sample_min -1 8 1 180 6.509476714151516
w_detect_min -1 8 1 180 7.0
min_AUC -1 8 1 180 0.15633333333333335
w_min_v -1 8 1 240 5.476666666666667
w_sample_min -1 8 1 240 10.96756635214454
w_detect_min -1 8 1 240 14.5
min_AUC -1 8 1 240 0.16341666666666665
w_min_v -1 8 1 300 5.567333333333333
w_sample_min -1 8 1 300 11.179359708065386
w_detect_min -1 8 1 300 13.0
min_AUC -1 8 1 300 0.1595
w_min_v -1 8 1 360 1.4001666666666666
w_sample_min -1 8 1 360 2.1949855863038557
w_detect_min -1 8 1 360 1.5
min_AUC -1 8 1 360 0.0035
w_min_v -1 8 1 420 3.828333333333333
w_sample_min -1 8 1 420 8.308471105687499
w_detect_min -1 8 1 420 3.75
min_AUC -1 8 1 420 0.11977777777777777
w_min_v -1 8 1 480 3.682833333333333
w_sample_min -1 8 1 480 7.731583967556228
w_detect_min -1 8 1 480 5.5
min_AUC -1 8 1 480 0.07861111111111112
w_min_v -1 8 1 540 3.2098333333333335
w_sample_min -1 8 1 540 6.070439625096334
w_detect_min -1 8 1 540 3.5
min_AUC -1 8 1 540 0.05155555555555555
w_min_v -1 8 1 600 3.136
w_sample_min -1 8 1 600 5.2005008496428875
w_detect_min -1 8 1 600 4.0
min_AUC -1 8 1 600 0.03383333333333333
w_min_v -1 8 1 660 1.7691666666666663
w_sample_min -1 8 1 660 1.916206945607299
w_detect_min -1 8 1 660 0.0
min_AUC -1 8 1 660 0.023722222222222217
w_min_v -1 8 1 720 2.2718333333333334
w_sample_min -1 8 1 720 3.9250064217739964
w_detect_min -1 8 1 720 0.0
min_AUC -1 8 1 720 0.04772222222222222
w_min_v -1 8 1 780 1.8996666666666666
w_sample_min -1 8 1 780 3.7062963499633272
w_detect_min -1 8 1 780 1.5
min_AUC -1 8 1 780 0.03133333333333333
w_min_v -1 8 1 840 1.5723333333333334
w_sample_min -1 8 1 840 4.169555777826296
w_detect_min -1 8 1 840 1.5
min_AUC -1 8 1 840 0.031166666666666665
w_min_v -1 8 1 900 1.0938333333333332
w_sample_min -1 8 1 900 3.030106484784069
w_detect_min -1 8 1 900 0.0
min_AUC -1 8 1 900 0.020444444444444446
w_min_v -1 8 1 960 2.5564999999999998
w_sample_min -1 8 1 960 4.251073685915401
w_detect_min -1 8 1 960 2.0
min_AUC -1 8 1 960 0.049055555555555554
w_min_v -1 8 1 1020 2.438333333333333
w_sample_min -1 8 1 1020 4.7697941326727005
w_detect_min -1 8 1 1020 2.0
min_AUC -1 8 1 1020 0.059666666666666666
w_min_v -1 8 1 1080 2.628666666666667
w_sample_min -1 8 1 1080 4.4349757778753816
w_detect_min -1 8 1 1080 0.75
min_AUC -1 8 1 1080 0.06925
w_min_v -1 8 1 1140 2.709833333333333
w_sample_min -1 8 1 1140 6.29641726573849
w_detect_min -1 8 1 1140 1.5
min_AUC -1 8 1 1140 0.083
w_min_v -1 8 1 1200 2.3834999999999997
w_sample_min -1 8 1 1200 5.017147381014086
w_detect_min -1 8 1 1200 0.0
min_AUC -1 8 1 1200 0.06283333333333332
w_min_v -1 8 1 1260 1.6676666666666666
w_sample_min -1 8 1 1260 4.017749477751961
w_detect_min -1 8 1 1260 0.0
min_AUC -1 8 1 1260 0.04527777777777778
w_min_v -1 8 1 1320 1.5868333333333333
w_sample_min -1 8 1 1320 2.9624280946212984
w_detect_min -1 8 1 1320 0.0
min_AUC -1 8 1 1320 0.02972222222222222
w_min_v -1 8 1 1380 3.002166666666667
w_sample_min -1 8 1 1380 4.509454100512301
w_detect_min -1 8 1 1380 0.75
min_AUC -1 8 1 1380 0.029833333333333333
w_min_v -1 8 1 1440 2.0901666666666667
w_sample_min -1 8 1 1440 4.128233513365898
w_detect_min -1 8 1 1440 0.75
min_AUC -1 8 1 1440 0.01961111111111111
w_min_v -1 8 1 1500 2.3658333333333332
w_sample_min -1 8 1 1500 6.49539170464612
w_detect_min -1 8 1 1500 1.5
min_AUC -1 8 1 1500 0.04841666666666666
w_min_v -1 8 1 1560 1.9494999999999996
w_sample_min -1 8 1 1560 5.354925314657485
w_detect_min -1 8 1 1560 1.5
min_AUC -1 8 1 1560 0.03175
w_min_v -1 8 1 1620 1.3223333333333334
w_sample_min -1 8 1 1620 3.6873714829670794
w_detect_min -1 8 1 1620 0.75
min_AUC -1 8 1 1620 0.020833333333333332
w_min_v -1 8 1 1680 2.1853333333333333
w_sample_min -1 8 1 1680 3.1671806990957236
w_detect_min -1 8 1 1680 0.0
min_AUC -1 8 1 1680 0.02838888888888889
w_min_v -1 8 1 1740 1.7595
w_sample_min -1 8 1 1740 3.6571032789928526
w_detect_min -1 8 1 1740 0.0
min_AUC -1 8 1 1740 0.04288888888888889
w_min_v -1 8 1 1800 1.2013333333333334
w_sample_min -1 8 1 1800 2.475223841481761
w_detect_min -1 8 1 1800 0.0
min_AUC -1 8 1 1800 0.02811111111111111
task_num -1 8 1 194
runtime -1 8 1 1.1749622821807861 0.8041510581970215 0.6836690902709961 0.36524391174316406 0.7179617881774902 0.3204469680786133 0.2880098819732666 0.2840151786804199 
avg_run -1 8 1 0.5798075199127197
al_time -1 8 1 0.7045888900756836 42.17578983306885 0.023650169372558594 0.018444061279296875 0.01268911361694336 0.020832061767578125 0.02796316146850586 0.016688108444213867 
avg_all -1 8 1 5.3750806748867035
AUC -1 8 1 3.5322564102564105 6.779980853560934 5.51279304029304 0.29478177624177976 0.23968665392578437 0.0
 
sum 0 17 1 60 65 
sum 1 17 1 180 113 
sum 2 17 1 300 113 
sum 3 17 1 420 113 
sum 4 17 1 540 120 
sum 5 17 1 660 127 
sum 6 17 1 780 132 
sum 7 17 1 900 138 
sum 8 17 1 1020 142 
sum 9 17 1 1140 143 
sum 10 17 1 1260 143 
sum 11 17 1 1380 143 
sum 12 17 1 1500 143 
sum 13 17 1 1620 146 
sum 14 17 1 1740 147 
sum_state 0 17 1 60 89.0 
sum_state 1 17 1 180 155.0 
sum_state 2 17 1 300 164.0 
sum_state 3 17 1 420 167.0 
sum_state 4 17 1 540 179.0 
sum_state 5 17 1 660 195.0 
sum_state 6 17 1 780 207.0 
sum_state 7 17 1 900 220.0 
sum_state 8 17 1 1020 234.0 
sum_state 9 17 1 1140 242.0 
sum_state 10 17 1 1260 248.0 
sum_state 11 17 1 1380 255.0 
sum_state 12 17 1 1500 260.0 
sum_state 13 17 1 1620 270.0 
sum_state 14 17 1 1740 279.0 
sum_h2 0 17 1 60 4 
sum_h2 1 17 1 180 8 
sum_h2 2 17 1 300 12 
sum_h2 3 17 1 420 12 
sum_h2 4 17 1 540 12 
sum_h2 5 17 1 660 12 
sum_h2 6 17 1 780 12 
sum_h2 7 17 1 900 12 
sum_h2 8 17 1 1020 12 
sum_h2 9 17 1 1140 12 
sum_h2 10 17 1 1260 12 
sum_h2 11 17 1 1380 12 
sum_h2 12 17 1 1500 12 
sum_h2 13 17 1 1620 12 
sum_h2 14 17 1 1740 12 
miss fire 17 1 3 4 2 2 0 0 0 0 1 1 1 0 0 0 0 1 1 1 0 0 0 0 0 0 0 0 1 1 1 0 0 
miss human 17 1 11 11 7 6 0 0 0 0 1 2 2 2 2 1 0 4 0 0 0 0 0 0 0 0 0 0 0 0 0 0 0 
miss window 17 1 18 18 16 15 0 0 0 0 0 2 2 0 1 1 1 0 1 1 0 1 0 0 0 0 0 0 1 0 0 0 0 
miss f_s 17 1 2 2 2 2 3 0 1 1 2 2 4 3 1 1 1 3 2 2 2 2 4 1 2 4 2 0 3 2 4 2 
miss h_s2 17 1 2 2 2 2 2 2 0 0 0 0 0 0 0 0 0 0 0 0 0 0 0 0 0 0 0 0 0 0 0 0 
miss h_s 17 1 9 9 7 5 4 0 0 1 1 0 1 1 2 3 1 2 3 3 2 1 1 0 1 0 0 3 2 0 0 2 
acm fire 17 1 3 7 9 11 11 11 11 11 12 13 14 14 14 14 14 15 16 17 17 17 17 17 17 17 17 17 18 19 20 20 20 
acm human 17 1 11 22 29 35 35 35 35 35 36 38 40 42 44 45 45 49 49 49 49 49 49 49 49 49 49 49 49 49 49 49 49 
acm window 17 1 18 36 52 67 67 67 67 67 67 69 71 71 72 73 74 74 75 76 76 77 77 77 77 77 77 77 78 78 78 78 78 
tsim fire 17 1 3 4 4 4 5 5 5 5 6 7 7 7 7 7 7 8 8 8 8 8 8 8 8 8 8 8 9 9 9 9 9 
tsim human 17 1 11 11 10 10 10 10 10 10 9 8 8 8 8 7 6 6 6 6 6 6 6 6 6 6 6 6 6 6 6 6 6 
tsim window 17 1 18 18 18 18 18 18 18 18 18 20 20 20 21 21 21 21 22 22 22 23 23 23 23 23 23 23 24 24 24 24 24 
w_min_v -1 17 1 60 0.0
w_sample_min -1 17 1 60 0.0
w_detect_min -1 17 1 60 0.0
min_AUC -1 17 1 60 0.0
w_min_v -1 17 1 120 1.2349999999999999
w_sample_min -1 17 1 120 0.6662139392426198
w_detect_min -1 17 1 120 1.0
min_AUC -1 17 1 120 0.0
random:0T:1800
random:0T:1800
sum 0 10 0 60 64 
sum 1 10 0 180 98 
sum 2 10 0 300 99 
sum 3 10 0 420 105 
sum 4 10 0 540 111 
sum 5 10 0 660 120 
sum 6 10 0 780 125 
sum 7 10 0 900 134 
sum 8 10 0 1020 145 
sum 9 10 0 1140 149 
sum 10 10 0 1260 151 
sum 11 10 0 1380 153 
sum 12 10 0 1500 153 
sum 13 10 0 1620 154 
sum 14 10 0 1740 156 
sum_state 0 10 0 60 93.0 
sum_state 1 10 0 180 148.0 
sum_state 2 10 0 300 162.0 
sum_state 3 10 0 420 180.5 
sum_state 4 10 0 540 191.0 
sum_state 5 10 0 660 211.5 
sum_state 6 10 0 780 217.5 
sum_state 7 10 0 900 234.5 
sum_state 8 10 0 1020 254.5 
sum_state 9 10 0 1140 264.5 
sum_state 10 10 0 1260 275.5 
sum_state 11 10 0 1380 282.5 
sum_state 12 10 0 1500 291.5 
sum_state 13 10 0 1620 298.5 
sum_state 14 10 0 1740 308.5 
sum_h2 0 10 0 60 14 
sum_h2 1 10 0 180 28 
sum_h2 2 10 0 300 36 
sum_h2 3 10 0 420 39 
sum_h2 4 10 0 540 42 
sum_h2 5 10 0 660 47 
sum_h2 6 10 0 780 47 
sum_h2 7 10 0 900 47 
sum_h2 8 10 0 1020 47 
sum_h2 9 10 0 1140 47 
sum_h2 10 10 0 1260 47 
sum_h2 11 10 0 1380 47 
sum_h2 12 10 0 1500 47 
sum_h2 13 10 0 1620 47 
sum_h2 14 10 0 1740 47 
miss fire 10 0 2 2 1 0 0 0 1 0 0 0 1 1 0 0 0 0 0 1 1 0 0 0 0 0 0 0 0 0 0 0 0 
miss human 10 0 19 19 9 8 1 0 2 3 3 3 3 4 2 1 1 7 8 0 0 0 0 0 0 0 0 0 0 0 0 0 0 
miss window 10 0 11 11 9 7 0 0 0 0 0 0 0 0 1 1 1 0 1 1 2 1 1 1 1 1 0 0 0 1 1 1 1 
miss f_s 10 0 2 2 1 1 2 1 3 2 1 1 2 3 1 0 2 3 3 4 3 2 2 2 2 2 4 2 0 1 1 3 
miss h_s2 10 0 7 7 7 7 6 2 1 2 1 2 3 2 0 0 0 0 0 0 0 0 0 0 0 0 0 0 0 0 0 0 
miss h_s 10 0 10 8 7 5 5 1 4 2 0 1 1 3 0 0 0 3 1 1 0 1 3 2 1 0 2 1 2 3 2 2 
acm fire 10 0 2 4 5 5 5 5 6 6 6 6 7 8 8 8 8 8 8 9 10 10 10 10 10 10 10 10 10 10 10 10 10 
acm human 10 0 19 38 47 55 56 56 58 61 64 67 70 74 76 77 78 85 93 93 93 93 93 93 93 93 93 93 93 93 93 93 93 
acm window 10 0 11 22 31 38 38 38 38 38 38 38 38 38 39 40 41 41 42 43 45 46 47 48 49 50 50 50 50 51 52 53 54 
tsim fire 10 0 2 2 2 2 3 3 4 4 4 4 5 5 5 5 5 5 5 6 6 6 6 6 6 6 6 6 6 6 6 6 6 
tsim human 10 0 19 19 19 19 17 16 14 13 13 13 13 12 10 9 9 9 8 8 8 8 8 8 8 8 8 8 8 8 8 8 8 
tsim window 10 0 11 11 11 11 11 11 11 11 11 11 11 11 12 12 12 12 13 13 14 14 14 14 14 14 14 14 14 15 15 15 15 
w_min_v -1 10 0 60 0.44966666666666666
w_sample_min -1 10 0 60 0.0
w_detect_min -1 10 0 60 0.0
min_AUC -1 10 0 60 0.0
w_min_v -1 10 0 120 1.2313333333333332
w_sample_min -1 10 0 120 1.268612823374651
w_detect_min -1 10 0 120 2.0
min_AUC -1 10 0 120 0.0
w_min_v -1 10 0 180 1.1386666666666667
w_sample_min -1 10 0 180 1.686646216867357
w_detect_min -1 10 0 180 3.0
min_AUC -1 10 0 180 0.0
w_min_v -1 10 0 240 1.8210000000000002
w_sample_min -1 10 0 240 2.3933063227399085
w_detect_min -1 10 0 240 3.0
min_AUC -1 10 0 240 0.0
w_min_v -1 10 0 300 1.8775
w_sample_min -1 10 0 300 2.122417243473385
w_detect_min -1 10 0 300 2.0
min_AUC -1 10 0 300 0.0
w_min_v -1 10 0 360 1.5208333333333335
w_sample_min -1 10 0 360 4.40393907745567
w_detect_min -1 10 0 360 2.5
min_AUC -1 10 0 360 0.0
w_min_v -1 10 0 420 4.787333333333333
w_sample_min -1 10 0 420 8.95230993794086
w_detect_min -1 10 0 420 10.0
min_AUC -1 10 0 420 0.144625
w_min_v -1 10 0 480 3.939
w_sample_min -1 10 0 480 7.984296338159788
w_detect_min -1 10 0 480 6.5
min_AUC -1 10 0 480 0.113375
w_min_v -1 10 0 540 4.372166666666667
w_sample_min -1 10 0 540 8.642325735414083
w_detect_min -1 10 0 540 5.0
min_AUC -1 10 0 540 0.14475000000000002
w_min_v -1 10 0 600 3.998333333333333
w_sample_min -1 10 0 600 7.970116637101666
w_detect_min -1 10 0 600 2.0
min_AUC -1 10 0 600 0.12516666666666668
w_min_v -1 10 0 660 4.009
w_sample_min -1 10 0 660 7.804793652833219
w_detect_min -1 10 0 660 5.0
min_AUC -1 10 0 660 0.12122222222222223
w_min_v -1 10 0 720 3.234
w_sample_min -1 10 0 720 7.527750487467632
w_detect_min -1 10 0 720 3.5
min_AUC -1 10 0 720 0.08499999999999999
w_min_v -1 10 0 780 2.5529999999999995
w_sample_min -1 10 0 780 5.7698602548719435
w_detect_min -1 10 0 780 0.0
min_AUC -1 10 0 780 0.0725
w_min_v -1 10 0 840 2.8561666666666667
w_sample_min -1 10 0 840 5.204727821291343
w_detect_min -1 10 0 840 0.0
min_AUC -1 10 0 840 0.08825
w_min_v -1 10 0 900 3.5468333333333337
w_sample_min -1 10 0 900 9.056638269328115
w_detect_min -1 10 0 900 8.0
min_AUC -1 10 0 900 0.11391666666666667
w_min_v -1 10 0 960 3.579833333333333
w_sample_min -1 10 0 960 7.535766927872899
w_detect_min -1 10 0 960 3.5
min_AUC -1 10 0 960 0.10033333333333334
w_min_v -1 10 0 1020 3.176333333333333
w_sample_min -1 10 0 1020 6.987842061547042
w_detect_min -1 10 0 1020 5.0
min_AUC -1 10 0 1020 0.08922222222222222
w_min_v -1 10 0 1080 2.9275
w_sample_min -1 10 0 1080 6.5303298151365725
w_detect_min -1 10 0 1080 3.0
min_AUC -1 10 0 1080 0.09483333333333334
w_min_v -1 10 0 1140 3.0813333333333333
w_sample_min -1 10 0 1140 6.3803256427856425
w_detect_min -1 10 0 1140 4.0
min_AUC -1 10 0 1140 0.06233333333333334
w_min_v -1 10 0 1200 3.199
w_sample_min -1 10 0 1200 5.470542528087776
w_detect_min -1 10 0 1200 1.5
min_AUC -1 10 0 1200 0.10608333333333334
w_min_v -1 10 0 1260 2.8865
w_sample_min -1 10 0 1260 7.192742270686107
w_detect_min -1 10 0 1260 3.0
min_AUC -1 10 0 1260 0.09974999999999999
w_min_v -1 10 0 1320 3.1478333333333333
w_sample_min -1 10 0 1320 6.948405802342982
w_detect_min -1 10 0 1320 1.5
min_AUC -1 10 0 1320 0.10027777777777779
w_min_v -1 10 0 1380 3.423833333333333
w_sample_min -1 10 0 1380 5.889148485844991
w_detect_min -1 10 0 1380 0.0
min_AUC -1 10 0 1380 0.06577777777777778
w_min_v -1 10 0 1440 3.4855
w_sample_min -1 10 0 1440 5.8140768499374325
w_detect_min -1 10 0 1440 4.0
min_AUC -1 10 0 1440 0.07688888888888888
w_min_v -1 10 0 1500 2.9534999999999996
w_sample_min -1 10 0 1500 6.679857661629183
w_detect_min -1 10 0 1500 1.5
min_AUC -1 10 0 1500 0.09766666666666665
w_min_v -1 10 0 1560 2.507166666666667
w_sample_min -1 10 0 1560 6.279875085011196
w_detect_min -1 10 0 1560 0.0
min_AUC -1 10 0 1560 0.064
w_min_v -1 10 0 1620 2.946333333333333
w_sample_min -1 10 0 1620 7.2946526572554795
w_detect_min -1 10 0 1620 6.0
min_AUC -1 10 0 1620 0.042
w_min_v -1 10 0 1680 3.040166666666667
w_sample_min -1 10 0 1680 7.234242534407338
w_detect_min -1 10 0 1680 1.5
min_AUC -1 10 0 1680 0.09754166666666667
w_min_v -1 10 0 1740 2.3006666666666664
w_sample_min -1 10 0 1740 5.448339818498864
w_detect_min -1 10 0 1740 0.0
min_AUC -1 10 0 1740 0.07266666666666666
w_min_v -1 10 0 1800 1.5534999999999999
w_sample_min -1 10 0 1800 3.6606415900178
w_detect_min -1 10 0 1800 0.0
min_AUC -1 10 0 1800 0.04766666666666666
task_num -1 10 0 160
runtime -1 10 0 0.16634416580200195 0.28394627571105957 0.2707393169403076 0.2736518383026123 0.2744719982147217 0.2161719799041748 0.24663400650024414 
avg_run -1 10 0 0.24742279733930314
al_time -1 10 0 47.537923097610474 0.028631925582885742 0.01628708839416504 0.01571488380432129 11.314815044403076 0.016279220581054688 0.016546010971069336 
avg_all -1 10 0 8.42088532447815
AUC -1 10 0 5.730920289855072 9.54609599219947 8.891313131313131 0.41504765183475956 0.3865788317962231 0.0
 
sum 0 8 0 60 64 
sum 1 8 0 180 93 
sum 2 8 0 300 94 
sum 3 8 0 420 100 
sum 4 8 0 540 106 
sum 5 8 0 660 115 
sum 6 8 0 780 120 
sum 7 8 0 900 124 
sum 8 8 0 1020 128 
sum 9 8 0 1140 133 
sum 10 8 0 1260 136 
sum 11 8 0 1380 138 
sum 12 8 0 1500 138 
sum 13 8 0 1620 139 
sum 14 8 0 1740 141 
sum_state 0 8 0 60 97.0 
sum_state 1 8 0 180 146.0 
sum_state 2 8 0 300 160.0 
sum_state 3 8 0 420 179.5 
sum_state 4 8 0 540 191.0 
sum_state 5 8 0 660 204.5 
sum_state 6 8 0 780 209.5 
sum_state 7 8 0 900 220.5 
sum_state 8 8 0 1020 235.5 
sum_state 9 8 0 1140 252.5 
sum_state 10 8 0 1260 265.5 
sum_state 11 8 0 1380 271.5 
sum_state 12 8 0 1500 283.5 
sum_state 13 8 0 1620 294.5 
sum_state 14 8 0 1740 308.5 
sum_h2 0 8 0 60 14 
sum_h2 1 8 0 180 28 
sum_h2 2 8 0 300 36 
sum_h2 3 8 0 420 39 
sum_h2 4 8 0 540 42 
sum_h2 5 8 0 660 47 
sum_h2 6 8 0 780 47 
sum_h2 7 8 0 900 47 
sum_h2 8 8 0 1020 47 
sum_h2 9 8 0 1140 47 
sum_h2 10 8 0 1260 47 
sum_h2 11 8 0 1380 47 
sum_h2 12 8 0 1500 47 
sum_h2 13 8 0 1620 47 
sum_h2 14 8 0 1740 47 
miss fire 8 0 2 2 1 0 0 0 1 0 0 0 1 1 0 0 0 0 0 0 0 0 0 0 0 0 0 0 0 0 0 0 0 
miss human 8 0 19 19 5 5 1 0 2 3 3 3 3 4 2 1 1 1 0 0 0 0 0 0 0 0 0 0 0 0 0 0 0 
miss window 8 0 11 11 10 8 0 0 0 0 0 0 0 0 1 1 1 1 2 2 3 2 2 1 1 1 0 0 0 1 1 1 1 
miss f_s 8 0 2 2 0 0 1 1 3 3 1 0 0 1 0 0 2 3 3 4 3 4 2 2 1 1 5 5 4 3 2 2 
miss h_s2 8 0 7 7 7 7 7 1 1 2 1 2 3 2 0 0 0 0 0 0 0 0 0 0 0 0 0 0 0 0 0 0 
miss h_s 8 0 12 10 7 6 7 0 3 3 2 1 0 1 0 0 0 2 1 3 2 3 4 2 1 1 1 1 1 2 4 4 
acm fire 8 0 2 4 5 5 5 5 6 6 6 6 7 8 8 8 8 8 8 8 8 8 8 8 8 8 8 8 8 8 8 8 8 
acm human 8 0 19 38 43 48 49 49 51 54 57 60 63 67 69 70 71 72 72 72 72 72 72 72 72 72 72 72 72 72 72 72 72 
acm window 8 0 11 22 32 40 40 40 40 40 40 40 40 40 41 42 43 44 46 48 51 53 55 56 57 58 58 58 58 59 60 61 62 
tsim fire 8 0 2 2 2 2 3 3 4 4 4 4 5 5 5 5 5 5 5 6 6 6 6 6 6 6 6 6 6 6 6 6 6 
tsim human 8 0 19 19 19 19 17 16 14 13 13 13 13 12 10 9 9 9 8 8 8 8 8 8 8 8 8 8 8 8 8 8 8 
tsim window 8 0 11 11 11 11 11 11 11 11 11 11 11 11 12 12 12 12 13 13 14 14 14 14 14 14 14 14 14 15 15 15 15 
w_min_v -1 8 0 60 0.44966666666666666
w_sample_min -1 8 0 60 0.0
w_detect_min -1 8 0 60 0.0
min_AUC -1 8 0 60 0.0
w_min_v -1 8 0 120 1.2313333333333332
w_sample_min -1 8 0 120 1.268612823374651
w_detect_min -1 8 0 120 2.0
min_AUC -1 8 0 120 0.0
w_min_v -1 8 0 180 1.3363333333333332
w_sample_min -1 8 0 180 1.7110137721200247
w_detect_min -1 8 0 180 3.0
min_AUC -1 8 0 180 0.0
w_min_v -1 8 0 240 1.6793333333333333
w_sample_min -1 8 0 240 2.2199221217818277
w_detect_min -1 8 0 240 2.5
min_AUC -1 8 0 240 0.0
w_min_v -1 8 0 300 1.4893333333333334
w_sample_min -1 8 0 300 2.0069857236370456
w_detect_min -1 8 0 300 2.0
min_AUC -1 8 0 300 0.0
w_min_v -1 8 0 360 1.8811666666666667
w_sample_min -1 8 0 360 4.264455949468548
w_detect_min -1 8 0 360 1.5
min_AUC -1 8 0 360 0.0
w_min_v -1 8 0 420 4.7825
w_sample_min -1 8 0 420 10.86466848833025
w_detect_min -1 8 0 420 13.25
min_AUC -1 8 0 420 0.15187499999999998
w_min_v -1 8 0 480 3.8303333333333334
w_sample_min -1 8 0 480 8.231860113179767
w_detect_min -1 8 0 480 5.75
min_AUC -1 8 0 480 0.11812500000000001
w_min_v -1 8 0 540 2.586666666666667
w_sample_min -1 8 0 540 6.498383696490307
w_detect_min -1 8 0 540 1.5
min_AUC -1 8 0 540 0.0775
w_min_v -1 8 0 600 1.9208333333333334
w_sample_min -1 8 0 600 5.268056146025338
w_detect_min -1 8 0 600 3.0
min_AUC -1 8 0 600 0.05605555555555555
w_min_v -1 8 0 660 2.5166666666666666
w_sample_min -1 8 0 660 7.083740070615824
w_detect_min -1 8 0 660 3.0
min_AUC -1 8 0 660 0.06077777777777777
w_min_v -1 8 0 720 2.4238333333333335
w_sample_min -1 8 0 720 5.8264116941207185
w_detect_min -1 8 0 720 2.0
min_AUC -1 8 0 720 0.042333333333333334
w_min_v -1 8 0 780 2.346
w_sample_min -1 8 0 780 4.683910773017852
w_detect_min -1 8 0 780 2.0
min_AUC -1 8 0 780 0.05811111111111111
w_min_v -1 8 0 840 1.9736666666666667
w_sample_min -1 8 0 840 4.55593877202175
w_detect_min -1 8 0 840 1.5
min_AUC -1 8 0 840 0.047
w_min_v -1 8 0 900 1.545
w_sample_min -1 8 0 900 4.657809899002063
w_detect_min -1 8 0 900 1.5
min_AUC -1 8 0 900 0.030833333333333334
w_min_v -1 8 0 960 1.06
w_sample_min -1 8 0 960 3.2456549259570786
w_detect_min -1 8 0 960 0.0
min_AUC -1 8 0 960 0.020166666666666666
w_min_v -1 8 0 1020 0.7334999999999999
w_sample_min -1 8 0 1020 2.16917987333771
w_detect_min -1 8 0 1020 0.0
min_AUC -1 8 0 1020 0.013333333333333334
w_min_v -1 8 0 1080 0.7076666666666667
w_sample_min -1 8 0 1080 1.4563966392702896
w_detect_min -1 8 0 1080 0.0
min_AUC -1 8 0 1080 0.01825
w_min_v -1 8 0 1140 1.8681666666666668
w_sample_min -1 8 0 1140 3.929121423381489
w_detect_min -1 8 0 1140 0.0
min_AUC -1 8 0 1140 0.043000000000000003
w_min_v -1 8 0 1200 1.4838333333333336
w_sample_min -1 8 0 1200 3.29748773395672
w_detect_min -1 8 0 1200 0.0
min_AUC -1 8 0 1200 0.02822222222222222
w_min_v -1 8 0 1260 1.3023333333333336
w_sample_min -1 8 0 1260 2.2241722652877924
w_detect_min -1 8 0 1260 0.0
min_AUC -1 8 0 1260 0.029875
w_min_v -1 8 0 1320 0.9198333333333334
w_sample_min -1 8 0 1320 2.794551645310543
w_detect_min -1 8 0 1320 0.0
min_AUC -1 8 0 1320 0.019583333333333335
w_min_v -1 8 0 1380 2.1053333333333333
w_sample_min -1 8 0 1380 4.6458664726515515
w_detect_min -1 8 0 1380 0.0
min_AUC -1 8 0 1380 0.07120833333333333
w_min_v -1 8 0 1440 1.5821666666666667
w_sample_min -1 8 0 1440 4.04383162215464
w_detect_min -1 8 0 1440 0.0
min_AUC -1 8 0 1440 0.04670833333333334
w_min_v -1 8 0 1500 1.088
w_sample_min -1 8 0 1500 3.9185671214365154
w_detect_min -1 8 0 1500 0.0
min_AUC -1 8 0 1500 0.03066666666666667
w_min_v -1 8 0 1560 1.7423333333333335
w_sample_min -1 8 0 1560 2.771376936613786
w_detect_min -1 8 0 1560 0.0
min_AUC -1 8 0 1560 0.03133333333333333
w_min_v -1 8 0 1620 1.8908333333333331
w_sample_min -1 8 0 1620 3.81087885283004
w_detect_min -1 8 0 1620 0.0
min_AUC -1 8 0 1620 0.03916666666666666
w_min_v -1 8 0 1680 1.8331666666666666
w_sample_min -1 8 0 1680 3.719862433233196
w_detect_min -1 8 0 1680 0.0
min_AUC -1 8 0 1680 0.03761111111111111
w_min_v -1 8 0 1740 1.2625000000000002
w_sample_min -1 8 0 1740 3.553411624475643
w_detect_min -1 8 0 1740 0.0
min_AUC -1 8 0 1740 0.024722222222222225
w_min_v -1 8 0 1800 0.8708333333333333
w_sample_min -1 8 0 1800 2.4166704705550837
w_detect_min -1 8 0 1800 0.0
min_AUC -1 8 0 1800 0.01622222222222222
task_num -1 8 0 160
runtime -1 8 0 0.6087601184844971 0.4367401599884033 0.4378030300140381 0.27916812896728516 0.23407673835754395 0.2126479148864746 0.16545486450195312 
avg_run -1 8 0 0.33923585074288504
al_time -1 8 0 41.99441599845886 0.010917901992797852 0.03468894958496094 14.121214866638184 0.014319181442260742 0.017377853393554688 0.01081991195678711 
avg_all -1 8 0 8.029107809066772
AUC -1 8 0 5.248962051282051 8.391802458620557 8.170769230769231 0.36486097646176335 0.35525083612040137 0.0
 
sum 0 17 0 60 64 
sum 1 17 0 180 102 
sum 2 17 0 300 103 
sum 3 17 0 420 109 
sum 4 17 0 540 115 
sum 5 17 0 660 123 
sum 6 17 0 780 128 
sum 7 17 0 900 142 
sum 8 17 0 1020 145 
sum 9 17 0 1140 149 
sum 10 17 0 1260 150 
sum 11 17 0 1380 150 
sum 12 17 0 1500 150 
sum 13 17 0 1620 151 
sum 14 17 0 1740 153 
sum_state 0 17 0 60 94.0 
sum_state 1 17 0 180 152.0 
sum_state 2 17 0 300 163.5 
sum_state 3 17 0 420 177.0 
sum_state 4 17 0 540 185.5 
sum_state 5 17 0 660 198.5 
sum_state 6 17 0 780 210.5 
sum_state 7 17 0 900 235.5 
sum_state 8 17 0 1020 244.5 
sum_state 9 17 0 1140 253.5 
sum_state 10 17 0 1260 266.5 
sum_state 11 17 0 1380 272.5 
sum_state 12 17 0 1500 274.5 
sum_state 13 17 0 1620 282.5 
sum_state 14 17 0 1740 295.5 
sum_h2 0 17 0 60 14 
sum_h2 1 17 0 180 28 
sum_h2 2 17 0 300 35 
sum_h2 3 17 0 420 36 
sum_h2 4 17 0 540 37 
sum_h2 5 17 0 660 39 
sum_h2 6 17 0 780 39 
sum_h2 7 17 0 900 39 
sum_h2 8 17 0 1020 39 
sum_h2 9 17 0 1140 39 
sum_h2 10 17 0 1260 39 
sum_h2 11 17 0 1380 39 
sum_h2 12 17 0 1500 39 
sum_h2 13 17 0 1620 39 
sum_h2 14 17 0 1740 39 
miss fire 17 0 2 2 1 0 0 0 1 0 0 0 1 0 0 0 0 0 0 1 1 0 0 0 0 0 0 0 0 0 0 0 0 
miss human 17 0 19 19 12 10 1 0 2 3 3 3 3 4 2 1 7 7 0 0 0 0 0 0 0 0 0 0 0 0 0 0 0 
miss window 17 0 11 11 9 6 0 0 0 0 0 0 0 0 1 1 0 0 1 1 2 1 1 0 0 0 0 0 0 1 1 1 1 
miss f_s 17 0 2 2 0 0 1 0 1 1 0 0 0 0 1 0 3 2 1 1 1 2 3 2 0 1 0 0 0 1 0 2 
miss h_s2 17 0 7 7 7 7 5 2 0 1 0 1 1 1 0 0 0 0 0 0 0 0 0 0 0 0 0 0 0 0 0 0 
miss h_s 17 0 10 9 7 6 4 2 3 2 0 2 2 2 3 3 2 4 3 1 0 2 4 3 3 2 1 1 2 4 4 5 
acm fire 17 0 2 4 5 5 5 5 6 6 6 6 7 7 7 7 7 7 7 8 9 9 9 9 9 9 9 9 9 9 9 9 9 
acm human 17 0 19 38 50 60 61 61 63 66 69 72 75 79 81 82 89 96 96 96 96 96 96 96 96 96 96 96 96 96 96 96 96 
acm window 17 0 11 22 31 37 37 37 37 37 37 37 37 37 38 39 39 39 40 41 43 44 45 45 45 45 45 45 45 46 47 48 49 
tsim fire 17 0 2 2 2 2 3 3 4 4 4 4 5 5 5 5 5 5 5 6 6 6 6 6 6 6 6 6 6 6 6 6 6 
tsim human 17 0 19 19 19 19 17 16 14 13 13 13 13 12 10 9 9 9 8 8 8 8 8 8 8 8 8 8 8 8 8 8 8 
tsim window 17 0 11 11 11 11 11 11 11 11 11 11 11 11 12 12 12 12 13 13 14 14 14 14 14 14 14 14 14 15 15 15 15 
w_min_v -1 17 0 60 0.44966666666666666
w_sample_min -1 17 0 60 0.0
w_detect_min -1 17 0 60 0.0
min_AUC -1 17 0 60 0.0
w_min_v -1 17 0 120 1.2313333333333332
w_sample_min -1 17 0 120 1.268612823374651
w_detect_min -1 17 0 120 2.0
min_AUC -1 17 0 120 0.0
w_min_v -1 17 0 180 1.1386666666666667
w_sample_min -1 17 0 180 1.686646216867357
w_detect_min -1 17 0 180 3.0
min_AUC -1 17 0 180 0.0
w_min_v -1 17 0 240 1.8210000000000002
w_sample_min -1 17 0 240 2.3933063227399085
w_detect_min -1 17 0 240 3.0
min_AUC -1 17 0 240 0.0
w_min_v -1 17 0 300 1.8775
w_sample_min -1 17 0 300 2.122417243473385
w_detect_min -1 17 0 300 2.0
min_AUC -1 17 0 300 0.0
w_min_v -1 17 0 360 1.5283333333333333
w_sample_min -1 17 0 360 3.458427613417117
w_detect_min -1 17 0 360 1.0
min_AUC -1 17 0 360 0.0
w_min_v -1 17 0 420 4.8245
w_sample_min -1 17 0 420 10.463700715887127
w_detect_min -1 17 0 420 13.75
min_AUC -1 17 0 420 0.14395833333333333
w_min_v -1 17 0 480 3.857333333333333
w_sample_min -1 17 0 480 8.276676110412863
w_detect_min -1 17 0 480 6.5
min_AUC -1 17 0 480 0.11454166666666667
w_min_v -1 17 0 540 4.780333333333334
w_sample_min -1 17 0 540 9.074207464418961
w_detect_min -1 17 0 540 5.75
min_AUC -1 17 0 540 0.13991666666666666
w_min_v -1 17 0 600 4.249833333333333
w_sample_min -1 17 0 600 10.308973603326647
w_detect_min -1 17 0 600 13.25
min_AUC -1 17 0 600 0.11854166666666667
w_min_v -1 17 0 660 2.8749999999999996
w_sample_min -1 17 0 660 6.979507722297756
w_detect_min -1 17 0 660 0.0
min_AUC -1 17 0 660 0.07775
w_min_v -1 17 0 720 2.9418333333333333
w_sample_min -1 17 0 720 4.299115135882252
w_detect_min -1 17 0 720 0.0
min_AUC -1 17 0 720 0.08191666666666667
w_min_v -1 17 0 780 3.1221666666666668
w_sample_min -1 17 0 780 7.186815741152394
w_detect_min -1 17 0 780 0.0
min_AUC -1 17 0 780 0.08825
w_min_v -1 17 0 840 2.6991666666666667
w_sample_min -1 17 0 840 5.952823043943891
w_detect_min -1 17 0 840 0.0
min_AUC -1 17 0 840 0.058625000000000003
w_min_v -1 17 0 900 2.2976666666666667
w_sample_min -1 17 0 900 5.958014095720004
w_detect_min -1 17 0 900 0.0
min_AUC -1 17 0 900 0.04758333333333333
w_min_v -1 17 0 960 1.7891666666666668
w_sample_min -1 17 0 960 5.530962412834327
w_detect_min -1 17 0 960 0.0
min_AUC -1 17 0 960 0.031208333333333334
w_min_v -1 17 0 1020 2.586666666666667
w_sample_min -1 17 0 1020 4.618879152122443
w_detect_min -1 17 0 1020 0.0
min_AUC -1 17 0 1020 0.08091666666666668
w_min_v -1 17 0 1080 3.4079999999999995
w_sample_min -1 17 0 1080 6.50833315477205
w_detect_min -1 17 0 1080 3.0
min_AUC -1 17 0 1080 0.0985
w_min_v -1 17 0 1140 3.2479999999999998
w_sample_min -1 17 0 1140 7.970823679851625
w_detect_min -1 17 0 1140 5.0
min_AUC -1 17 0 1140 0.08872222222222222
w_min_v -1 17 0 1200 3.9455
w_sample_min -1 17 0 1200 7.8994060401689055
w_detect_min -1 17 0 1200 3.75
min_AUC -1 17 0 1200 0.11216666666666666
w_min_v -1 17 0 1260 3.321833333333333
w_sample_min -1 17 0 1260 7.61590653055132
w_detect_min -1 17 0 1260 1.5
min_AUC -1 17 0 1260 0.09079166666666666
w_min_v -1 17 0 1320 2.8938333333333333
w_sample_min -1 17 0 1320 7.491378179261909
w_detect_min -1 17 0 1320 3.0
min_AUC -1 17 0 1320 0.06804166666666665
w_min_v -1 17 0 1380 2.6091666666666664
w_sample_min -1 17 0 1380 5.456703787929871
w_detect_min -1 17 0 1380 0.0
min_AUC -1 17 0 1380 0.061375
w_min_v -1 17 0 1440 2.547
w_sample_min -1 17 0 1440 5.124653800058439
w_detect_min -1 17 0 1440 0.0
min_AUC -1 17 0 1440 0.06872222222222223
w_min_v -1 17 0 1500 2.5805
w_sample_min -1 17 0 1500 5.713607493627245
w_detect_min -1 17 0 1500 2.25
min_AUC -1 17 0 1500 0.07283333333333333
w_min_v -1 17 0 1560 2.9306666666666663
w_sample_min -1 17 0 1560 7.168793145266183
w_detect_min -1 17 0 1560 3.0
min_AUC -1 17 0 1560 0.07945833333333334
w_min_v -1 17 0 1620 2.808
w_sample_min -1 17 0 1620 7.207609769968556
w_detect_min -1 17 0 1620 1.5
min_AUC -1 17 0 1620 0.07054166666666667
w_min_v -1 17 0 1680 2.694
w_sample_min -1 17 0 1680 6.647311114957234
w_detect_min -1 17 0 1680 1.5
min_AUC -1 17 0 1680 0.07416666666666667
w_min_v -1 17 0 1740 2.1035
w_sample_min -1 17 0 1740 6.261840600524504
w_detect_min -1 17 0 1740 3.0
min_AUC -1 17 0 1740 0.05120833333333333
w_min_v -1 17 0 1800 1.4568333333333334
w_sample_min -1 17 0 1800 5.012094379793558
w_detect_min -1 17 0 1800 1.5
min_AUC -1 17 0 1800 0.03358333333333333
task_num -1 17 0 160
runtime -1 17 0 0.17740297317504883 0.1412677764892578 0.19662785530090332 0.22702813148498535 0.21388816833496094 0.1741161346435547 0.21783113479614258 
avg_run -1 17 0 0.1925945963178362
al_time -1 17 0 41.36558389663696 0.009900093078613281 0.01216888427734375 0.014973163604736328 11.808276891708374 0.014029741287231445 0.013353824615478516 
avg_all -1 17 0 7.605469499315534
AUC -1 17 0 5.322333333333334 10.824993049944235 11.076798418972333 0.47065187173670586 0.48159993125966666 0.0
 
sum 0 5 0 60 64 
sum 1 5 0 180 109 
sum 2 5 0 300 110 
sum 3 5 0 420 116 
sum 4 5 0 540 122 
sum 5 5 0 660 131 
sum 6 5 0 780 136 
sum 7 5 0 900 140 
sum 8 5 0 1020 145 
sum 9 5 0 1140 152 
sum 10 5 0 1260 154 
sum 11 5 0 1380 154 
sum 12 5 0 1500 154 
sum 13 5 0 1620 155 
sum 14 5 0 1740 157 
sum_state 0 5 0 60 96.0 
sum_state 1 5 0 180 159.5 
sum_state 2 5 0 300 174.0 
sum_state 3 5 0 420 185.5 
sum_state 4 5 0 540 194.0 
sum_state 5 5 0 660 207.0 
sum_state 6 5 0 780 216.0 
sum_state 7 5 0 900 227.0 
sum_state 8 5 0 1020 240.0 
sum_state 9 5 0 1140 257.0 
sum_state 10 5 0 1260 272.0 
sum_state 11 5 0 1380 279.0 
sum_state 12 5 0 1500 285.0 
sum_state 13 5 0 1620 289.0 
sum_state 14 5 0 1740 305.0 
sum_h2 0 5 0 60 14 
sum_h2 1 5 0 180 27 
sum_h2 2 5 0 300 36 
sum_h2 3 5 0 420 37 
sum_h2 4 5 0 540 38 
sum_h2 5 5 0 660 38 
sum_h2 6 5 0 780 38 
sum_h2 7 5 0 900 38 
sum_h2 8 5 0 1020 38 
sum_h2 9 5 0 1140 38 
sum_h2 10 5 0 1260 38 
sum_h2 11 5 0 1380 38 
sum_h2 12 5 0 1500 38 
sum_h2 13 5 0 1620 38 
sum_h2 14 5 0 1740 38 
miss fire 5 0 2 2 2 0 0 0 1 0 0 0 1 1 0 0 0 0 0 1 1 1 0 0 0 0 0 0 0 0 0 0 0 
miss human 5 0 19 19 13 10 1 0 2 3 3 3 3 4 2 1 1 1 0 0 0 0 0 0 0 0 0 0 0 0 0 0 0 
miss window 5 0 11 11 11 9 0 0 0 0 0 0 0 0 1 1 1 1 2 2 3 2 1 1 0 0 0 0 0 1 1 1 1 
miss f_s 5 0 2 2 1 1 2 1 2 0 0 1 1 1 1 0 1 2 1 3 2 4 4 3 2 1 2 1 0 2 3 5 
miss h_s2 5 0 7 7 6 7 6 3 1 0 1 0 0 0 0 0 0 0 0 0 0 0 0 0 0 0 0 0 0 0 0 0 
miss h_s 5 0 12 9 5 5 5 1 2 1 0 1 1 1 1 2 2 2 2 2 1 3 4 2 2 2 2 1 0 1 3 3 
acm fire 5 0 2 4 6 6 6 6 7 7 7 7 8 9 9 9 9 9 9 10 11 12 12 12 12 12 12 12 12 12 12 12 12 
acm human 5 0 19 38 51 61 62 62 64 67 70 73 76 80 82 83 84 85 85 85 85 85 85 85 85 85 85 85 85 85 85 85 85 
acm window 5 0 11 22 33 42 42 42 42 42 42 42 42 42 43 44 45 46 48 50 53 55 56 57 57 57 57 57 57 58 59 60 61 
tsim fire 5 0 2 2 2 2 3 3 4 4 4 4 5 5 5 5 5 5 5 6 6 6 6 6 6 6 6 6 6 6 6 6 6 
tsim human 5 0 19 19 19 19 17 16 14 13 13 13 13 12 10 9 9 9 8 8 8 8 8 8 8 8 8 8 8 8 8 8 8 
tsim window 5 0 11 11 11 11 11 11 11 11 11 11 11 11 12 12 12 12 13 13 14 14 14 14 14 14 14 14 14 15 15 15 15 
w_min_v -1 5 0 60 0.44966666666666666
w_sample_min -1 5 0 60 0.0
w_detect_min -1 5 0 60 0.0
min_AUC -1 5 0 60 0.0
w_min_v -1 5 0 120 1.2133333333333334
w_sample_min -1 5 0 120 1.2499821093836272
w_detect_min -1 5 0 120 2.0
min_AUC -1 5 0 120 0.0
w_min_v -1 5 0 180 2.0065
w_sample_min -1 5 0 180 1.769612529221789
w_detect_min -1 5 0 180 3.0
min_AUC -1 5 0 180 0.0
w_min_v -1 5 0 240 2.229166666666667
w_sample_min -1 5 0 240 2.792066708084726
w_detect_min -1 5 0 240 2.5
min_AUC -1 5 0 240 0.0
w_min_v -1 5 0 300 1.9766666666666666
w_sample_min -1 5 0 300 2.4900788706414874
w_detect_min -1 5 0 300 2.0
min_AUC -1 5 0 300 0.0
w_min_v -1 5 0 360 2.5445
w_sample_min -1 5 0 360 4.848295129733752
w_detect_min -1 5 0 360 1.5
min_AUC -1 5 0 360 0.0
w_min_v -1 5 0 420 4.668166666666667
w_sample_min -1 5 0 420 9.499641991663292
w_detect_min -1 5 0 420 13.0
min_AUC -1 5 0 420 0.142125
w_min_v -1 5 0 480 3.7183333333333333
w_sample_min -1 5 0 480 8.52545566286189
w_detect_min -1 5 0 480 8.75
min_AUC -1 5 0 480 0.10820833333333332
w_min_v -1 5 0 540 2.6109999999999998
w_sample_min -1 5 0 540 7.040416678950404
w_detect_min -1 5 0 540 1.5
min_AUC -1 5 0 540 0.071
w_min_v -1 5 0 600 2.288333333333333
w_sample_min -1 5 0 600 6.719144747999356
w_detect_min -1 5 0 600 4.5
min_AUC -1 5 0 600 0.0615
w_min_v -1 5 0 660 3.5568333333333335
w_sample_min -1 5 0 660 8.524661795048301
w_detect_min -1 5 0 660 8.25
min_AUC -1 5 0 660 0.08020833333333334
w_min_v -1 5 0 720 3.1036666666666664
w_sample_min -1 5 0 720 7.864562776403166
w_detect_min -1 5 0 720 3.75
min_AUC -1 5 0 720 0.09241666666666666
w_min_v -1 5 0 780 3.518166666666667
w_sample_min -1 5 0 780 6.127774686204081
w_detect_min -1 5 0 780 1.5
min_AUC -1 5 0 780 0.10920833333333334
w_min_v -1 5 0 840 2.535
