random:0T:300
random:0T:300
0 -1 0 91.43 0 -20 0 0 95 0.1531822681427002 0
1 -1 0 91.93 0 -26 0 0 82 0.1552879810333252 0
0 -1 1 91.73 0 -15 0 0 95 0.14310288429260254 0
1 -1 1 80.37 0.0 -18 0 0 82 0.1343390941619873 0
0 -1 2 86.83 0 -21 0 0 95 2.6891441345214844 0
1 -1 2 72.51 0.0 -17 0 0 82 2.2946839332580566 0
0 -1 3 66.31 0.0 -23 0 0 95 0.0054399967193603516 0
1 -1 3 71.76 0.0 -17 0 0 82 0.0047948360443115234 0
0 -1 4 91.73 0 -15 0 0 95 0.14299225807189941 0
1 -1 4 80.37 0.0 -18 0 0 82 0.13381004333496094 0
0 -1 5 58.77 0 -28 0 0 95 1.8577227592468262 0
1 -1 5 62.64 0.0 -26 0 0 82 1.5708730220794678 0
random:0T:600
0 -1 0 270.05 0 -10 0 0 95 0.31732606887817383 0
1 -1 0 282.49 0 -1 0 0 82 0.31883716583251953 0
0 -1 1 234.78 105.34000000000009 -2 0 0 95 3.82367205619812 0
1 -1 1 237.42 159.24 -1 0 0 82 1.996769905090332 0
0 -1 2 226.81 121.96000000000018 -2 0 0 95 8.615971088409424 0
1 -1 2 213.83 133.77 -1 0 0 82 4.55443811416626 0
0 -1 3 241.4 35.29 -1 0 0 95 0.007238864898681641 0
1 -1 3 237.48 0.0 -1 0 0 82 0.006392002105712891 0
0 -1 4 234.78 105.34000000000009 -2 0 0 95 3.9627270698547363 0
1 -1 4 237.42 159.24 -1 0 0 82 1.9359831809997559 0
0 -1 5 199.47 50.710000000000015 -1 0 0 95 6.602962255477905 0
1 -1 5 180.67 10.8 -1 0 0 82 4.435363054275513 0
random:0T:900
0 -1 0 453.48 0 -1 0 0 95 0.4753262996673584 0
1 -1 0 490.56 193.04 -1 0 0 82 0.47031688690185547 0
0 -1 1 384.49 257.11999999999983 -2 0 0 95 4.743383884429932 0
1 -1 1 390.0 317.01 -2 0 0 82 2.728158950805664 0
0 -1 2 370.39 246.12 -2 0 0 95 7.029541969299316 0
1 -1 2 362.0 265.56 -2 0 0 82 6.4372570514678955 0
0 -1 3 404.53 178.38 -1 0 0 95 0.007597923278808594 0
1 -1 3 414.52 170.25 -1 0 0 82 0.006461143493652344 0
0 -1 4 384.49 257.11999999999983 -2 0 0 95 4.433872699737549 0
1 -1 4 391.07 311.55 -4 0 0 82 2.539808988571167 0
0 -1 5 350.58 239.03 -4 0 0 95 6.000499963760376 0
1 -1 5 318.28 231.41 -1 0 0 82 4.96167516708374 0
random:0T:1200
0 -1 0 643.48 0 -1 0 0 95 0.6208832263946533 0
1 -1 0 692.25 340.36 -1 0 0 82 0.5760760307312012 0
0 -1 1 519.0 395.03000000000003 -4 0 0 95 4.195556879043579 0
1 -1 1 501.56 398.92999999999995 -1 0 0 82 3.4994277954101562 0
0 -1 2 514.42 388.43 -1 0 0 95 8.55787992477417 0
1 -1 2 495.44 398.82000000000005 -2 0 0 82 7.778651714324951 0
0 -1 3 602.29 310.94 -1 0 0 95 0.0092010498046875 0
1 -1 3 580.23 213.88000000000002 -1 0 0 82 0.007632255554199219 0
0 -1 4 517.22 395.46000000000004 -4 0 0 95 4.376452684402466 0
1 -1 4 506.43 392.90999999999997 -1 0 0 82 3.536726951599121 0
0 -1 5 482.27 364.78 -2 0 0 95 7.411659002304077 0
1 -1 5 448.08 354.58000000000004 -4 0 0 82 6.147986173629761 0
random:0T:1500
0 -1 0 816.83 0 -1 0 0 95 0.7493879795074463 0
1 -1 0 895.05 430.15 -1 0 0 82 0.6911840438842773 0
0 -1 1 647.58 454.51 -2 0 0 95 5.552072286605835 0
1 -1 1 624.51 448.4 -1 0 0 82 5.476274251937866 0
0 -1 2 632.15 442.8 -1 0 0 95 9.514711856842041 0
1 -1 2 613.66 533.67 -4 0 0 82 8.779474973678589 0
0 -1 3 762.33 369.78999999999996 -1 0 0 95 0.010640859603881836 0
1 -1 3 771.39 352.17 -1 0 0 82 0.00897526741027832 0
0 -1 4 648.49 454.51 -2 0 0 95 5.934776782989502 0
1 -1 4 629.62 463.2 -1 0 0 82 6.1183388233184814 0
0 -1 5 620.93 487.58000000000004 -4 0 0 95 9.222262144088745 0
1 -1 5 569.06 460.87 -2 0 0 82 7.614748239517212 0
random:1T:300
0 -1 0 90.57 0 -26 0 0 88 0.12426614761352539 1
1 -1 0 97.21 0 -14 0 0 87 0.16713380813598633 1
0 -1 1 94.72 0 -20 0 0 88 0.11789393424987793 1
1 -1 1 86.59 0.0 -10 0 0 87 0.1491069793701172 1
0 -1 2 71.83 0.0 -20 0 0 88 2.225269079208374 1
1 -1 2 76.35 0 -14 0 0 87 3.205820322036743 1
0 -1 3 63.42 0.0 -22 0 0 88 0.00446629524230957 1
1 -1 3 67.02 0.0 -17 0 0 87 0.004915952682495117 1
0 -1 4 94.72 0.0 -20 0 0 88 0.11563229560852051 1
1 -1 4 86.59 0 -10 0 0 87 0.14789199829101562 1
0 -1 5 62.27 0.0 -19 0 0 88 1.7163608074188232 1
1 -1 5 74.19 0 -16 0 0 87 2.781925678253174 1
random:1T:600
0 -1 0 283.39 0 -3 0 0 88 0.2583129405975342 1
1 -1 0 290.99 0 -2 0 0 87 0.3178539276123047 1
0 -1 1 257.91 141.00999999999996 -2 0 0 88 1.4324190616607666 1
1 -1 1 245.13 121.49000000000018 -2 0 0 87 8.072506189346313 1
0 -1 2 220.49 139.73000000000002 -4 0 0 88 5.281738996505737 1
1 -1 2 227.88 162.14000000000001 -1 0 0 87 5.236733913421631 1
0 -1 3 239.21 46.06999999999999 -1 0 0 88 0.005519866943359375 1
1 -1 3 230.96 0.0 -2 0 0 87 0.006153106689453125 1
0 -1 4 257.91 141.00999999999996 -2 0 0 88 1.4571168422698975 1
1 -1 4 245.13 121.49000000000018 -2 0 0 87 8.573452949523926 1
0 -1 5 201.53 112.19 -1 0 0 88 6.998284816741943 1
1 -1 5 230.75 98.51999999999997 -1 0 0 87 6.725336074829102 1
random:1T:900
0 -1 0 479.51 0 -2 0 0 88 0.3859992027282715 1
1 -1 0 493.21 73.05 -1 0 0 87 0.47389793395996094 1
0 -1 1 408.35 301.3500000000001 -2 0 0 88 2.6372671127319336 1
1 -1 1 379.3 283.0800000000001 -2 0 0 87 8.192997217178345 1
0 -1 2 372.27 262.09999999999997 -4 0 0 88 6.742464065551758 1
1 -1 2 376.57 295.9600000000002 -2 0 0 87 10.244885921478271 1
0 -1 3 408.7 174.46 -2 0 0 88 0.0076313018798828125 1
1 -1 3 406.22 184.67 -1 0 0 87 0.007319211959838867 1
0 -1 4 408.35 301.3500000000001 -2 0 0 88 2.6673660278320312 1
1 -1 4 379.3 283.0800000000001 -2 0 0 87 8.00688910484314 1
0 -1 5 357.52 282.19 -2 0 0 88 6.069257974624634 1
1 -1 5 384.54 311.23 -1 0 0 87 7.695907115936279 1
random:1T:1200
0 -1 0 680.95 163.41 -1 0 0 88 0.5479917526245117 1
1 -1 0 698.08 265.6 -1 0 0 87 0.6649260520935059 1
0 -1 1 525.06 398.03 -1 0 0 88 3.590333938598633 1
1 -1 1 506.61 413.04 -1 0 0 87 8.479980945587158 1
0 -1 2 507.62 390.29999999999995 -2 0 0 88 6.698927164077759 1
1 -1 2 531.09 449.84 -1 0 0 87 10.994079351425171 1
0 -1 3 609.16 306.10999999999996 -2 0 0 88 0.008570194244384766 1
1 -1 3 559.73 276.43 -1 0 0 87 0.008153676986694336 1
0 -1 4 527.61 399.62 -1 0 0 88 3.8384928703308105 1
1 -1 4 508.52 421.54 -1 0 0 87 8.892215013504028 1
0 -1 5 508.67 400.87 -1 0 0 88 8.549081802368164 1
1 -1 5 508.39 396.24 -1 0 0 87 11.14091682434082 1
random:1T:1500
0 -1 0 878.77 315.16 -1 0 0 88 0.7700498104095459 1
1 -1 0 900.72 423.37 -1 0 0 87 0.8969211578369141 1
0 -1 1 624.84 456.76 -1 0 0 88 6.130928993225098 1
1 -1 1 605.99 452.08000000000004 -1 0 0 87 8.625885963439941 1
0 -1 2 629.41 443.31 -1 0 0 88 8.466562986373901 1
1 -1 2 648.83 506.17999999999995 -1 0 0 87 13.155706882476807 1
0 -1 3 776.1 367.38 -2 0 0 88 0.01090097427368164 1
1 -1 3 754.1 367.38 -1 0 0 87 0.010154962539672852 1
0 -1 4 624.84 456.76 -1 0 0 88 6.410195827484131 1
1 -1 4 608.52 454.82 -2 0 0 87 9.487283945083618 1
0 -1 5 643.8 530.72 -2 0 0 88 9.134860038757324 1
1 -1 5 644.15 476.58000000000004 -1 0 0 87 12.026799201965332 1
