random:0T:300
0 -1 3 254.89 0 -89 279 0.605165958404541 0
random:0T:600
0 -1 3 389.93 0 -48 279 1.2330560684204102 0
random:0T:900
0 -1 3 494.68 0 -38 279 1.828861951828003 0
random:0T:1200
0 -1 3 586.93 0 -15 279 2.2201480865478516 0
random:0T:1500
0 -1 3 627.7 0 -11 279 2.850270986557007 0
random:0T:300
0 -1 3 254.89 0 -89 279 0.5558457374572754 0
random:0T:600
0 -1 3 389.93 0 -48 279 1.294651985168457 0
random:0T:900
0 -1 3 494.68 0 -38 279 1.8270080089569092 0
random:0T:1200
0 -1 3 586.93 0 -15 279 2.270987033843994 0
random:0T:1500
0 -1 3 627.7 0 -11 279 2.9528541564941406 0
random:0T:300
0 -1 3 254.89 0 -89 279 0.551414966583252 0
random:0T:600
0 -1 3 389.93 0 -48 279 1.2864749431610107 0
random:0T:900
0 -1 3 494.68 0 -38 279 1.868886947631836 0
random:0T:1200
0 -1 3 586.93 0 -15 279 2.238267183303833 0
random:0T:1500
0 -1 3 627.7 0 -11 279 2.966235876083374 0
random:0T:300
0 -1 3 254.89 0 -89 279 0.6177029609680176 0
random:0T:600
0 -1 3 389.93 0 -48 279 1.2792320251464844 0
random:0T:900
0 -1 3 494.68 0 -38 279 1.8534648418426514 0
random:0T:1200
0 -1 3 586.93 0 -15 279 2.3729171752929688 0
random:0T:1500
0 -1 3 627.7 0 -11 279 2.9543168544769287 0
random:0T:300
0 -1 3 254.89 0 -89 279 0.6299381256103516 0
random:0T:600
0 -1 3 389.93 0 -48 279 1.2698769569396973 0
random:0T:900
0 -1 3 494.68 0 -38 279 1.8937902450561523 0
random:0T:1200
0 -1 3 586.93 0 -15 279 2.3138389587402344 0
random:0T:1500
0 -1 3 627.7 0 -11 279 3.0651581287384033 0
random:0T:300
0 -1 3 254.89 0 -89 279 0.608720064163208 0
random:0T:600
0 -1 3 389.93 0 -48 279 1.2794358730316162 0
random:0T:900
0 -1 3 494.68 0 -38 279 1.845918893814087 0
random:0T:1200
0 -1 3 586.93 0 -15 279 2.38407301902771 0
random:0T:1500
0 -1 3 627.7 0 -11 279 2.9830639362335205 0
random:0T:300
0 -1 3 254.89 0 -89 279 0.5979878902435303 0
random:0T:600
0 -1 3 389.93 0 -48 279 1.2901909351348877 0
random:0T:900
0 -1 3 494.68 0 -38 279 1.8423547744750977 0
random:0T:1200
0 -1 3 586.93 0 -15 279 2.3675649166107178 0
random:0T:1500
0 -1 3 627.7 0 -11 279 2.992161989212036 0
random:0T:300
0 -1 3 254.89 0 -89 279 0.6228930950164795 0
random:0T:600
0 -1 3 389.93 0 -48 279 1.3452589511871338 0
random:0T:900
0 -1 3 494.68 0 -38 279 1.8792147636413574 0
random:0T:1200
0 -1 3 586.93 0 -15 279 2.387779951095581 0
random:0T:1500
0 -1 3 627.7 0 -11 279 3.1054980754852295 0
random:1T:300
0 -1 3 237.64 0 -99 276 0.5376708507537842 1
random:1T:600
0 -1 3 384.07 0.0 -26 276 1.1769731044769287 1
random:1T:900
0 -1 3 500.74 0 -13 276 1.7343831062316895 1
random:1T:1200
0 -1 3 590.03 0.0 -8 276 2.391634941101074 1
random:1T:1500
0 -1 3 626.36 0.0 -6 276 2.8562047481536865 1
random:1T:300
0 -1 3 237.64 0 -99 276 0.5845358371734619 1
random:1T:600
0 -1 3 384.07 0.0 -26 276 1.0543701648712158 1
random:1T:900
0 -1 3 500.74 0 -13 276 1.6873629093170166 1
random:1T:1200
0 -1 3 590.03 0.0 -8 276 2.4187839031219482 1
random:1T:1500
0 -1 3 626.36 0.0 -6 276 2.905216932296753 1
random:1T:300
0 -1 3 237.64 0 -99 276 0.5657792091369629 1
random:1T:600
0 -1 3 384.07 0.0 -26 276 1.1412160396575928 1
random:1T:900
0 -1 3 500.74 0 -13 276 1.7681879997253418 1
random:1T:1200
0 -1 3 590.03 0.0 -8 276 2.395174026489258 1
random:1T:1500
0 -1 3 626.36 0.0 -6 276 2.9096930027008057 1
random:1T:300
0 -1 3 237.64 0 -99 276 0.5759379863739014 1
random:1T:600
0 -1 3 384.07 0.0 -26 276 1.1269731521606445 1
random:1T:900
0 -1 3 500.74 0 -13 276 1.8087742328643799 1
random:1T:1200
0 -1 3 590.03 0.0 -8 276 2.338716745376587 1
random:1T:1500
0 -1 3 626.36 0.0 -6 276 2.9547948837280273 1
random:1T:300
0 -1 3 237.64 0 -99 276 0.5583622455596924 1
random:1T:600
0 -1 3 384.07 0.0 -26 276 1.113210916519165 1
random:1T:900
0 -1 3 500.74 0 -13 276 1.8414230346679688 1
random:1T:1200
0 -1 3 590.03 0.0 -8 276 2.3945388793945312 1
random:1T:1500
0 -1 3 626.36 0.0 -6 276 3.006197929382324 1
random:1T:300
0 -1 3 237.64 0 -99 276 0.5999429225921631 1
random:1T:600
0 -1 3 384.07 0.0 -26 276 1.165038824081421 1
random:1T:900
0 -1 3 500.74 0 -13 276 1.7560949325561523 1
random:1T:1200
0 -1 3 590.03 0.0 -8 276 2.4142870903015137 1
random:1T:1500
0 -1 3 626.36 0.0 -6 276 2.9763619899749756 1
random:1T:300
0 -1 3 237.64 0 -99 276 0.5690577030181885 1
random:1T:600
0 -1 3 384.07 0.0 -26 276 1.2221059799194336 1
random:1T:900
0 -1 3 500.74 0 -13 276 1.8734767436981201 1
random:1T:1200
0 -1 3 590.03 0.0 -8 276 2.4557111263275146 1
random:1T:1500
0 -1 3 626.36 0.0 -6 276 3.0369207859039307 1
random:1T:300
0 -1 3 237.64 0 -99 276 0.6159548759460449 1
random:1T:600
0 -1 3 384.07 0.0 -26 276 1.1855509281158447 1
random:1T:900
0 -1 3 500.74 0 -13 276 1.8950679302215576 1
random:1T:1200
0 -1 3 590.03 0.0 -8 276 2.4255759716033936 1
random:1T:1500
0 -1 3 626.36 0.0 -6 276 3.0787811279296875 1
random:2T:300
0 -1 3 309.23 0.0 -34 209 0.44164204597473145 2
random:2T:600
0 -1 3 472.87 0.0 -12 209 0.7997450828552246 2
random:2T:900
0 -1 3 610.22 0.0 -11 209 1.3260462284088135 2
random:2T:1200
0 -1 3 717.0 0.0 -5 209 1.6922428607940674 2
random:2T:1500
0 -1 3 756.28 0.0 -5 209 2.220900058746338 2
random:2T:300
0 -1 3 309.23 0.0 -34 209 0.42115306854248047 2
random:2T:600
0 -1 3 472.87 0.0 -12 209 0.8869740962982178 2
random:2T:900
0 -1 3 610.22 0.0 -11 209 1.3038020133972168 2
random:2T:1200
0 -1 3 717.0 0.0 -5 209 1.7439746856689453 2
random:2T:1500
0 -1 3 756.28 0.0 -5 209 2.2248339653015137 2
random:2T:300
0 -1 3 309.23 0.0 -34 209 0.4370701313018799 2
random:2T:600
0 -1 3 472.87 0.0 -12 209 0.8178160190582275 2
random:2T:900
0 -1 3 610.22 0.0 -11 209 1.331861972808838 2
random:2T:1200
0 -1 3 717.0 0.0 -5 209 1.7785367965698242 2
random:2T:1500
0 -1 3 756.28 0.0 -5 209 2.2360851764678955 2
random:2T:300
0 -1 3 309.23 0.0 -34 209 0.44178104400634766 2
random:2T:600
0 -1 3 472.87 0.0 -12 209 0.8077452182769775 2
random:2T:900
0 -1 3 610.22 0.0 -11 209 1.3400940895080566 2
random:2T:1200
0 -1 3 717.0 0.0 -5 209 1.781454086303711 2
random:2T:1500
0 -1 3 756.28 0.0 -5 209 2.2892961502075195 2
random:2T:300
0 -1 3 309.23 0.0 -34 209 0.4336080551147461 2
random:2T:600
0 -1 3 472.87 0.0 -12 209 0.8312530517578125 2
random:2T:900
0 -1 3 610.22 0.0 -11 209 1.348038911819458 2
random:2T:1200
0 -1 3 717.0 0.0 -5 209 1.8336760997772217 2
random:2T:1500
0 -1 3 756.28 0.0 -5 209 2.2358479499816895 2
random:2T:300
0 -1 3 309.23 0.0 -34 209 0.4424769878387451 2
random:2T:600
0 -1 3 472.87 0.0 -12 209 0.9074349403381348 2
random:2T:900
0 -1 3 610.22 0.0 -11 209 1.383847951889038 2
random:2T:1200
0 -1 3 717.0 0.0 -5 209 1.8224830627441406 2
random:2T:1500
0 -1 3 756.28 0.0 -5 209 2.270801067352295 2
random:2T:300
0 -1 3 309.23 0.0 -34 209 0.4298250675201416 2
random:2T:600
0 -1 3 472.87 0.0 -12 209 0.8506028652191162 2
random:2T:900
0 -1 3 610.22 0.0 -11 209 1.3100330829620361 2
random:2T:1200
0 -1 3 717.0 0.0 -5 209 1.8110320568084717 2
random:2T:1500
0 -1 3 756.28 0.0 -5 209 2.2615339756011963 2
random:2T:300
0 -1 3 309.23 0.0 -34 209 0.4793243408203125 2
random:2T:600
0 -1 3 472.87 0.0 -12 209 0.9431359767913818 2
random:2T:900
0 -1 3 610.22 0.0 -11 209 1.3410310745239258 2
random:2T:1200
0 -1 3 717.0 0.0 -5 209 1.9093868732452393 2
random:2T:1500
0 -1 3 756.28 0.0 -5 209 2.281999111175537 2
random:3T:300
0 -1 3 231.09 0 -112 277 0.6544501781463623 3
random:3T:600
0 -1 3 390.93 0 -53 277 1.3450798988342285 3
random:3T:900
0 -1 3 502.42 0 -12 277 2.0279979705810547 3
random:3T:1200
0 -1 3 590.02 0.0 -8 277 2.6622698307037354 3
random:3T:1500
0 -1 3 629.67 26.95 -1 277 3.264364004135132 3
random:3T:300
0 -1 3 231.09 0 -112 277 0.6345231533050537 3
random:3T:600
0 -1 3 390.93 0 -53 277 1.3407459259033203 3
random:3T:900
0 -1 3 502.42 0 -12 277 2.0543882846832275 3
random:3T:1200
0 -1 3 590.02 0.0 -8 277 2.6442208290100098 3
random:3T:1500
0 -1 3 629.67 26.95 -1 277 3.284282922744751 3
random:3T:300
0 -1 3 231.09 0 -112 277 0.6375200748443604 3
random:3T:600
0 -1 3 390.93 0 -53 277 1.3729310035705566 3
random:3T:900
0 -1 3 502.42 0 -12 277 2.0161538124084473 3
random:3T:1200
0 -1 3 590.02 0.0 -8 277 2.632011890411377 3
random:3T:1500
0 -1 3 629.67 26.95 -1 277 3.314620018005371 3
random:3T:300
0 -1 3 231.09 0 -112 277 0.6452357769012451 3
random:3T:600
0 -1 3 390.93 0 -53 277 1.3657281398773193 3
random:3T:900
0 -1 3 502.42 0 -12 277 2.093585968017578 3
random:3T:1200
0 -1 3 590.02 0.0 -8 277 2.6412129402160645 3
random:3T:1500
0 -1 3 629.67 26.95 -1 277 3.171725273132324 3
random:3T:300
0 -1 3 231.09 0 -112 277 0.659538984298706 3
random:3T:600
0 -1 3 390.93 0 -53 277 1.3655810356140137 3
random:3T:900
0 -1 3 502.42 0 -12 277 2.111633777618408 3
random:3T:1200
0 -1 3 590.02 0.0 -8 277 2.681588888168335 3
random:3T:1500
0 -1 3 629.67 26.95 -1 277 3.3392062187194824 3
random:3T:300
0 -1 3 231.09 0 -112 277 0.6649291515350342 3
random:3T:600
0 -1 3 390.93 0 -53 277 1.3928146362304688 3
random:3T:900
0 -1 3 502.42 0 -12 277 2.1145238876342773 3
random:3T:1200
0 -1 3 590.02 0.0 -8 277 2.729743242263794 3
random:3T:1500
0 -1 3 629.67 26.95 -1 277 3.2633280754089355 3
random:3T:300
0 -1 3 231.09 0 -112 277 0.629457950592041 3
random:3T:600
0 -1 3 390.93 0 -53 277 1.4710850715637207 3
random:3T:900
0 -1 3 502.42 0 -12 277 2.1204371452331543 3
random:3T:1200
0 -1 3 590.02 0.0 -8 277 2.713792085647583 3
random:3T:1500
0 -1 3 629.67 26.95 -1 277 3.302828073501587 3
random:3T:300
0 -1 3 231.09 0 -112 277 0.6753311157226562 3
random:3T:600
0 -1 3 390.93 0 -53 277 1.4281799793243408 3
random:3T:900
0 -1 3 502.42 0 -12 277 2.2119059562683105 3
random:3T:1200
0 -1 3 590.02 0.0 -8 277 2.767129898071289 3
random:3T:1500
0 -1 3 629.67 26.95 -1 277 3.5889720916748047 3
random:4T:300
0 -1 3 238.2 0 -98 275 0.5600759983062744 4
random:4T:600
0 -1 3 384.54 0 -57 275 1.3421380519866943 4
random:4T:900
0 -1 3 497.91 0 -28 275 2.0704190731048584 4
random:4T:1200
0 -1 3 586.77 0 -23 275 2.596679925918579 4
random:4T:1500
0 -1 3 620.54 0.0 -8 275 3.2918379306793213 4
random:4T:300
0 -1 3 238.2 0 -98 275 0.5639102458953857 4
random:4T:600
0 -1 3 384.54 0 -57 275 1.417938232421875 4
random:4T:900
0 -1 3 497.91 0 -28 275 1.972442865371704 4
random:4T:1200
0 -1 3 586.77 0 -23 275 2.597832202911377 4
random:4T:1500
0 -1 3 620.54 0.0 -8 275 3.2634708881378174 4
random:4T:300
0 -1 3 238.2 0 -98 275 0.583759069442749 4
random:4T:600
0 -1 3 384.54 0 -57 275 1.4646549224853516 4
random:4T:900
0 -1 3 497.91 0 -28 275 2.049208879470825 4
random:4T:1200
0 -1 3 586.77 0 -23 275 2.5668182373046875 4
random:4T:1500
0 -1 3 620.54 0.0 -8 275 3.3454787731170654 4
random:4T:300
0 -1 3 238.2 0 -98 275 0.5400125980377197 4
random:4T:600
0 -1 3 384.54 0 -57 275 1.4579839706420898 4
random:4T:900
0 -1 3 497.91 0 -28 275 2.0124869346618652 4
random:4T:1200
0 -1 3 586.77 0 -23 275 2.6068999767303467 4
random:4T:1500
0 -1 3 620.54 0.0 -8 275 3.2764999866485596 4
random:4T:300
0 -1 3 238.2 0 -98 275 0.6316020488739014 4
random:4T:600
0 -1 3 384.54 0 -57 275 1.375568151473999 4
random:4T:900
0 -1 3 497.91 0 -28 275 2.033639907836914 4
random:4T:1200
0 -1 3 586.77 0 -23 275 2.565307855606079 4
random:4T:1500
0 -1 3 620.54 0.0 -8 275 3.3588809967041016 4
random:4T:300
0 -1 3 238.2 0 -98 275 0.6665289402008057 4
random:4T:600
0 -1 3 384.54 0 -57 275 1.3743419647216797 4
random:4T:900
0 -1 3 497.91 0 -28 275 2.0101771354675293 4
random:4T:1200
0 -1 3 586.77 0 -23 275 2.6107609272003174 4
random:4T:1500
0 -1 3 620.54 0.0 -8 275 3.2987420558929443 4
random:4T:300
0 -1 3 238.2 0 -98 275 0.6821300983428955 4
random:4T:600
0 -1 3 384.54 0 -57 275 1.3942439556121826 4
random:4T:900
0 -1 3 497.91 0 -28 275 2.0068042278289795 4
random:4T:1200
0 -1 3 586.77 0 -23 275 2.6420748233795166 4
random:4T:1500
0 -1 3 620.54 0.0 -8 275 3.401442766189575 4
random:4T:300
0 -1 3 238.2 0 -98 275 0.6610620021820068 4
random:4T:600
0 -1 3 384.54 0 -57 275 1.392765998840332 4
random:4T:900
0 -1 3 497.91 0 -28 275 2.0908870697021484 4
random:4T:1200
0 -1 3 586.77 0 -23 275 2.7172598838806152 4
random:4T:1500
0 -1 3 620.54 0.0 -8 275 3.3590941429138184 4
random:5T:300
0 -1 3 240.5 0 -91 246 0.5130531787872314 5
random:5T:600
0 -1 3 399.66 0 -38 246 1.2787811756134033 5
random:5T:900
0 -1 3 510.61 0 -16 246 1.79945969581604 5
random:5T:1200
0 -1 3 600.93 0 -11 246 2.4309210777282715 5
random:5T:1500
0 -1 3 639.56 72.64 -1 246 2.802215099334717 5
random:5T:300
0 -1 3 240.5 0 -91 246 0.5747940540313721 5
random:5T:600
0 -1 3 399.66 0 -38 246 1.283107042312622 5
random:5T:900
0 -1 3 510.61 0 -16 246 1.8077340126037598 5
random:5T:1200
0 -1 3 600.93 0 -11 246 2.442779779434204 5
random:5T:1500
0 -1 3 639.56 72.64 -1 246 2.9156911373138428 5
random:5T:300
0 -1 3 240.5 0 -91 246 0.5843520164489746 5
random:5T:600
0 -1 3 399.66 0 -38 246 1.2910850048065186 5
random:5T:900
0 -1 3 510.61 0 -16 246 1.8132672309875488 5
random:5T:1200
0 -1 3 600.93 0 -11 246 2.4282679557800293 5
random:5T:1500
0 -1 3 639.56 72.64 -1 246 2.894634246826172 5
random:5T:300
0 -1 3 240.5 0 -91 246 0.5813360214233398 5
random:5T:600
0 -1 3 399.66 0 -38 246 1.2373769283294678 5
random:5T:900
0 -1 3 510.61 0 -16 246 1.8710529804229736 5
random:5T:1200
0 -1 3 600.93 0 -11 246 2.3919310569763184 5
random:5T:1500
0 -1 3 639.56 72.64 -1 246 2.8901031017303467 5
random:5T:300
0 -1 3 240.5 0 -91 246 0.5626430511474609 5
random:5T:600
0 -1 3 399.66 0 -38 246 1.3342597484588623 5
random:5T:900
0 -1 3 510.61 0 -16 246 1.8182179927825928 5
random:5T:1200
0 -1 3 600.93 0 -11 246 2.410032033920288 5
random:5T:1500
0 -1 3 639.56 72.64 -1 246 2.943145275115967 5
random:5T:300
0 -1 3 240.5 0 -91 246 0.5633761882781982 5
random:5T:600
0 -1 3 399.66 0 -38 246 1.2716989517211914 5
random:5T:900
0 -1 3 510.61 0 -16 246 1.7991540431976318 5
random:5T:1200
0 -1 3 600.93 0 -11 246 2.4090211391448975 5
random:5T:1500
0 -1 3 639.56 72.64 -1 246 2.888235092163086 5
random:5T:300
0 -1 3 240.5 0 -91 246 0.564194917678833 5
random:5T:600
0 -1 3 399.66 0 -38 246 1.307870864868164 5
random:5T:900
0 -1 3 510.61 0 -16 246 1.8047192096710205 5
random:5T:1200
0 -1 3 600.93 0 -11 246 2.395029067993164 5
random:5T:1500
0 -1 3 639.56 72.64 -1 246 2.996150016784668 5
random:5T:300
0 -1 3 240.5 0 -91 246 0.5841329097747803 5
random:5T:600
0 -1 3 399.66 0 -38 246 1.2992968559265137 5
random:5T:900
0 -1 3 510.61 0 -16 246 1.9257020950317383 5
random:5T:1200
0 -1 3 600.93 0 -11 246 2.449761152267456 5
random:5T:1500
0 -1 3 639.56 72.64 -1 246 3.082688093185425 5
random:6T:300
0 -1 3 209.84 0 -133 244 0.5394880771636963 6
random:6T:600
0 -1 3 403.05 0 -34 244 1.1642088890075684 6
random:6T:900
0 -1 3 507.53 0 -29 244 1.7794780731201172 6
random:6T:1200
0 -1 3 603.59 0.0 -11 244 2.219897985458374 6
random:6T:1500
0 -1 3 640.31 0.0 -6 244 2.825605869293213 6
random:6T:300
0 -1 3 209.84 0 -133 244 0.5610160827636719 6
random:6T:600
0 -1 3 403.05 0 -34 244 1.150947093963623 6
random:6T:900
0 -1 3 507.53 0 -29 244 1.7661409378051758 6
random:6T:1200
0 -1 3 603.59 0.0 -11 244 2.2290170192718506 6
random:6T:1500
0 -1 3 640.31 0.0 -6 244 2.831928253173828 6
random:6T:300
0 -1 3 209.84 0 -133 244 0.5520920753479004 6
random:6T:600
0 -1 3 403.05 0 -34 244 1.1515100002288818 6
random:6T:900
0 -1 3 507.53 0 -29 244 1.7187819480895996 6
random:6T:1200
0 -1 3 603.59 0.0 -11 244 2.1816840171813965 6
random:6T:1500
0 -1 3 640.31 0.0 -6 244 2.8698480129241943 6
random:6T:300
0 -1 3 209.84 0 -133 244 0.5497310161590576 6
random:6T:600
0 -1 3 403.05 0 -34 244 1.141935110092163 6
random:6T:900
0 -1 3 507.53 0 -29 244 1.7488939762115479 6
random:6T:1200
0 -1 3 603.59 0.0 -11 244 2.235527992248535 6
random:6T:1500
0 -1 3 640.31 0.0 -6 244 2.832811117172241 6
random:6T:300
0 -1 3 209.84 0 -133 244 0.5330550670623779 6
random:6T:600
0 -1 3 403.05 0 -34 244 1.160325288772583 6
random:6T:900
0 -1 3 507.53 0 -29 244 1.7540578842163086 6
random:6T:1200
0 -1 3 603.59 0.0 -11 244 2.263012170791626 6
random:6T:1500
0 -1 3 640.31 0.0 -6 244 2.8711400032043457 6
random:6T:300
0 -1 3 209.84 0 -133 244 0.5484328269958496 6
random:6T:600
0 -1 3 403.05 0 -34 244 1.1665468215942383 6
random:6T:900
0 -1 3 507.53 0 -29 244 1.745208740234375 6
random:6T:1200
0 -1 3 603.59 0.0 -11 244 2.3146281242370605 6
random:6T:1500
0 -1 3 640.31 0.0 -6 244 2.8844757080078125 6
random:6T:300
0 -1 3 209.84 0 -133 244 0.5760147571563721 6
random:6T:600
0 -1 3 403.05 0 -34 244 1.1521449089050293 6
random:6T:900
0 -1 3 507.53 0 -29 244 1.7448251247406006 6
random:6T:1200
0 -1 3 603.59 0.0 -11 244 2.359569787979126 6
random:6T:1500
0 -1 3 640.31 0.0 -6 244 2.770404815673828 6
random:6T:300
0 -1 3 209.84 0 -133 244 0.5749289989471436 6
random:6T:600
0 -1 3 403.05 0 -34 244 1.1731090545654297 6
random:6T:900
0 -1 3 507.53 0 -29 244 1.8412108421325684 6
random:6T:1200
0 -1 3 603.59 0.0 -11 244 2.4166617393493652 6
random:6T:1500
0 -1 3 640.31 0.0 -6 244 2.9404358863830566 6
random:7T:300
0 -1 3 222.19 0.0 -113 278 0.6488711833953857 7
random:7T:600
0 -1 3 373.57 0.0 -29 278 1.3286762237548828 7
random:7T:900
0 -1 3 505.83 0.0 -15 278 2.058603048324585 7
random:7T:1200
0 -1 3 579.42 0.0 -6 278 2.741791248321533 7
random:7T:1500
0 -1 3 619.6 0.0 -5 278 3.3333098888397217 7
random:7T:300
0 -1 3 222.19 0.0 -113 278 0.6385889053344727 7
random:7T:600
0 -1 3 373.57 0.0 -29 278 1.2986550331115723 7
random:7T:900
0 -1 3 505.83 0.0 -15 278 2.071868896484375 7
random:7T:1200
0 -1 3 579.42 0.0 -6 278 2.7512431144714355 7
random:7T:1500
0 -1 3 619.6 0.0 -5 278 3.3841919898986816 7
random:7T:300
0 -1 3 222.19 0.0 -113 278 0.6816518306732178 7
random:7T:600
0 -1 3 373.57 0.0 -29 278 1.2752652168273926 7
random:7T:900
0 -1 3 505.83 0.0 -15 278 2.070007085800171 7
random:7T:1200
0 -1 3 579.42 0.0 -6 278 2.661613702774048 7
random:7T:1500
0 -1 3 619.6 0.0 -5 278 3.411125898361206 7
random:7T:300
0 -1 3 222.19 0.0 -113 278 0.6713159084320068 7
random:7T:600
0 -1 3 373.57 0.0 -29 278 1.3391001224517822 7
random:7T:900
0 -1 3 505.83 0.0 -15 278 2.04140305519104 7
random:7T:1200
0 -1 3 579.42 0.0 -6 278 2.7081711292266846 7
random:7T:1500
0 -1 3 619.6 0.0 -5 278 3.5075571537017822 7
random:7T:300
0 -1 3 222.19 0.0 -113 278 0.6254189014434814 7
random:7T:600
0 -1 3 373.57 0.0 -29 278 1.3875410556793213 7
random:7T:900
0 -1 3 505.83 0.0 -15 278 2.0692532062530518 7
random:7T:1200
0 -1 3 579.42 0.0 -6 278 2.7283477783203125 7
random:7T:1500
0 -1 3 619.6 0.0 -5 278 3.420813798904419 7
random:7T:300
0 -1 3 222.19 0.0 -113 278 0.6372981071472168 7
random:7T:600
0 -1 3 373.57 0.0 -29 278 1.365596055984497 7
random:7T:900
0 -1 3 505.83 0.0 -15 278 2.0570781230926514 7
random:7T:1200
0 -1 3 579.42 0.0 -6 278 2.8203048706054688 7
random:7T:1500
0 -1 3 619.6 0.0 -5 278 3.4794459342956543 7
random:7T:300
0 -1 3 222.19 0.0 -113 278 0.6823086738586426 7
random:7T:600
0 -1 3 373.57 0.0 -29 278 1.3245677947998047 7
random:7T:900
0 -1 3 505.83 0.0 -15 278 2.1261680126190186 7
random:7T:1200
0 -1 3 579.42 0.0 -6 278 2.712740182876587 7
random:7T:1500
0 -1 3 619.6 0.0 -5 278 3.5338029861450195 7
random:7T:300
0 -1 3 222.19 0.0 -113 278 0.6912450790405273 7
random:7T:600
0 -1 3 373.57 0.0 -29 278 1.394758939743042 7
random:7T:900
0 -1 3 505.83 0.0 -15 278 2.153008222579956 7
random:7T:1200
0 -1 3 579.42 0.0 -6 278 2.89530611038208 7
random:7T:1500
0 -1 3 619.6 0.0 -5 278 3.657623052597046 7
random:8T:300
0 -1 3 252.68 0 -88 276 0.582144021987915 8
random:8T:600
0 -1 3 373.4 0 -51 276 1.348128080368042 8
random:8T:900
0 -1 3 507.45 0 -20 276 2.017925977706909 8
random:8T:1200
0 -1 3 594.69 0 -11 276 2.659930944442749 8
random:8T:1500
0 -1 3 621.01 0 -8 276 3.3168318271636963 8
random:8T:300
0 -1 3 252.68 0 -88 276 0.5760881900787354 8
random:8T:600
0 -1 3 373.4 0 -51 276 1.3713269233703613 8
random:8T:900
0 -1 3 507.45 0 -20 276 2.081446886062622 8
random:8T:1200
0 -1 3 594.69 0 -11 276 2.7206661701202393 8
random:8T:1500
0 -1 3 621.01 0 -8 276 3.318006992340088 8
random:8T:300
0 -1 3 252.68 0 -88 276 0.619636058807373 8
random:8T:600
0 -1 3 373.4 0 -51 276 1.3221697807312012 8
random:8T:900
0 -1 3 507.45 0 -20 276 2.0248162746429443 8
random:8T:1200
0 -1 3 594.69 0 -11 276 2.785583972930908 8
random:8T:1500
0 -1 3 621.01 0 -8 276 3.3161489963531494 8
random:8T:300
0 -1 3 252.68 0 -88 276 0.6159553527832031 8
random:8T:600
0 -1 3 373.4 0 -51 276 1.3611729145050049 8
random:8T:900
0 -1 3 507.45 0 -20 276 2.042623996734619 8
random:8T:1200
0 -1 3 594.69 0 -11 276 2.710739850997925 8
random:8T:1500
0 -1 3 621.01 0 -8 276 3.356144666671753 8
random:8T:300
0 -1 3 252.68 0 -88 276 0.6083588600158691 8
random:8T:600
0 -1 3 373.4 0 -51 276 1.3343992233276367 8
random:8T:900
0 -1 3 507.45 0 -20 276 2.089259147644043 8
random:8T:1200
0 -1 3 594.69 0 -11 276 2.788886070251465 8
random:8T:1500
0 -1 3 621.01 0 -8 276 3.3301990032196045 8
random:8T:300
0 -1 3 252.68 0 -88 276 0.6205530166625977 8
random:8T:600
0 -1 3 373.4 0 -51 276 1.3667569160461426 8
random:8T:900
0 -1 3 507.45 0 -20 276 2.129802942276001 8
random:8T:1200
0 -1 3 594.69 0 -11 276 2.777554988861084 8
random:8T:1500
0 -1 3 621.01 0 -8 276 3.434291124343872 8
random:8T:300
0 -1 3 252.68 0 -88 276 0.6226439476013184 8
random:8T:600
0 -1 3 373.4 0 -51 276 1.3430280685424805 8
random:8T:900
0 -1 3 507.45 0 -20 276 2.0977699756622314 8
random:8T:1200
0 -1 3 594.69 0 -11 276 2.7958450317382812 8
random:8T:1500
0 -1 3 621.01 0 -8 276 3.4123260974884033 8
random:8T:300
0 -1 3 252.68 0 -88 276 0.636268138885498 8
random:8T:600
0 -1 3 373.4 0 -51 276 1.4117860794067383 8
random:8T:900
0 -1 3 507.45 0 -20 276 2.1543710231781006 8
random:8T:1200
0 -1 3 594.69 0 -11 276 2.8885319232940674 8
random:8T:1500
0 -1 3 621.01 0 -8 276 3.4781363010406494 8
random:9T:300
0 -1 3 296.3 0 -74 282 0.5844089984893799 9
random:9T:600
0 -1 3 426.83 0.0 -56 282 1.2068850994110107 9
random:9T:900
0 -1 3 563.0 0.0 -48 282 1.86586594581604 9
random:9T:1200
0 -1 3 661.25 0.0 -43 282 2.60335111618042 9
random:9T:1500
0 -1 3 695.3 0.0 -43 282 3.054459810256958 9
random:9T:300
0 -1 3 296.3 0 -74 282 0.5846459865570068 9
random:9T:600
0 -1 3 426.83 0.0 -56 282 1.2672288417816162 9
random:9T:900
0 -1 3 563.0 0.0 -48 282 1.8839237689971924 9
random:9T:1200
0 -1 3 661.25 0.0 -43 282 2.5626039505004883 9
random:9T:1500
0 -1 3 695.3 0.0 -43 282 3.0158770084381104 9
random:9T:300
0 -1 3 296.3 0 -74 282 0.592581033706665 9
random:9T:600
0 -1 3 426.83 0.0 -56 282 1.2608768939971924 9
random:9T:900
0 -1 3 563.0 0.0 -48 282 1.8999571800231934 9
random:9T:1200
0 -1 3 661.25 0.0 -43 282 2.5514121055603027 9
random:9T:1500
0 -1 3 695.3 0.0 -43 282 3.0942132472991943 9
random:9T:300
0 -1 3 296.3 0 -74 282 0.6362619400024414 9
random:9T:600
0 -1 3 426.83 0.0 -56 282 1.2036781311035156 9
random:9T:900
0 -1 3 563.0 0.0 -48 282 1.932102918624878 9
random:9T:1200
0 -1 3 661.25 0.0 -43 282 2.530268907546997 9
random:9T:1500
0 -1 3 695.3 0.0 -43 282 2.995958089828491 9
random:9T:300
0 -1 3 296.3 0 -74 282 0.5981519222259521 9
random:9T:600
0 -1 3 426.83 0.0 -56 282 1.235257863998413 9
random:9T:900
0 -1 3 563.0 0.0 -48 282 1.9269752502441406 9
random:9T:1200
0 -1 3 661.25 0.0 -43 282 2.534637689590454 9
random:9T:1500
0 -1 3 695.3 0.0 -43 282 2.860980987548828 9
random:9T:300
0 -1 3 296.3 0 -74 282 0.6316738128662109 9
random:9T:600
0 -1 3 426.83 0.0 -56 282 1.271270990371704 9
random:9T:900
0 -1 3 563.0 0.0 -48 282 1.9141628742218018 9
random:9T:1200
0 -1 3 661.25 0.0 -43 282 2.6317050457000732 9
random:9T:1500
0 -1 3 695.3 0.0 -43 282 2.673579692840576 9
random:9T:300
0 -1 3 296.3 0 -74 282 0.59464430809021 9
random:9T:600
0 -1 3 426.83 0.0 -56 282 1.2646000385284424 9
random:9T:900
0 -1 3 563.0 0.0 -48 282 1.9104619026184082 9
random:9T:1200
0 -1 3 661.25 0.0 -43 282 2.6329598426818848 9
random:9T:1500
0 -1 3 695.3 0.0 -43 282 2.552051067352295 9
random:9T:300
0 -1 3 296.3 0 -74 282 0.6257567405700684 9
random:9T:600
0 -1 3 426.83 0.0 -56 282 1.2678751945495605 9
random:9T:900
0 -1 3 563.0 0.0 -48 282 2.0364818572998047 9
random:9T:1200
0 -1 3 661.25 0.0 -43 282 2.250504970550537 9
random:9T:1500
0 -1 3 695.3 0.0 -43 282 1.8529448509216309 9
random:0T:600
random:0T:1200
random:0T:1200
random:0T:600
random:0T:600
random:0T:1200
random:0T:300
random:0T:300
random:0T:300
random:0T:600
random:0T:1200
random:0T:600
random:0T:600
random:0T:600
random:0T:600
random:0T:600
random:0T:600
random:0T:600
random:0T:600
random:0T:600
