random:4T:1200
0 -1 8 0.01 0 -250 0 0 256 0 3.5283499999999965 0 6.359917163848877 4
random:4T:1200
random:4T:1200
0 -1 8 0.01 0 -250 0 0 256 0 3.5283499999999965 0 5.993160963058472 4
random:5T:1200
0 -1 8 0.02 0 -244 0 0 256 0 6.272183333333331 0 5.918285846710205 5
random:4T:1200
0 -1 8 0.01 0 -250 0 0 256 0 3.5283499999999965 0 6.992905139923096 4
random:5T:1200
0 -1 8 0.02 0 -244 0 0 256 0 6.272183333333331 0 5.960445880889893 5
random:4T:1200
0 -1 8 0.01 0 -250 0 0 256 0 3.5283499999999965 0 6.566640853881836 4
random:5T:1200
0 -1 8 0.02 0 -244 0 0 256 0 6.272183333333331 0 7.948900938034058 5
random:4T:1200
0 -1 8 0.01 0 -250 0 0 256 0 3.5283499999999965 0 7.1243321895599365 4
random:5T:1200
0 -1 8 0.02 0 -244 0 0 256 0 6.272183333333331 0 7.734679937362671 5
random:4T:1200
0 -1 8 0.01 0 -250 0 0 256 0 3.5283499999999965 0 7.306774854660034 4
random:5T:1200
0 -1 8 0.02 0 -244 0 0 256 0 6.272183333333331 0 7.658368110656738 5
random:4T:1200
0 -1 8 0.01 0 -250 0 0 256 0 3.5283499999999965 0 6.983173847198486 4
random:5T:1200
0 -1 8 0.02 0 -244 0 0 256 0 6.272183333333331 0 7.863545179367065 5
random:4T:1200
0 -1 8 0.01 0 -250 0 0 256 0 3.5283499999999965 0 9.328040838241577 4
random:5T:1200
0 -1 8 0.02 0 -244 0 0 256 0 6.272183333333331 0 9.471437931060791 5
random:4T:600
0 -1 8 0.01 0 -250 0 0 256 0 3.478700000000002 0 7.654048204421997 4
random:4T:600
0 -1 8 0.01 0 -250 0 0 256 0 3.478700000000002 0 6.353272199630737 4
random:5T:600
0 -1 8 0.02 0 -244 0 0 256 0 6.3655 0 6.680974960327148 5
random:4T:600
0 -1 8 0.01 0 -250 0 0 256 0 3.478700000000002 0 6.419379234313965 4
random:5T:600
0 -1 8 0.02 0 -244 0 0 256 0 6.3655 0 6.413609027862549 5
random:4T:600
0 -1 8 0.01 0 -250 0 0 256 0 3.478700000000002 0 6.553752183914185 4
random:5T:600
0 -1 8 0.02 0 -244 0 0 256 0 6.3655 0 5.737372159957886 5
random:4T:600
0 -1 8 0.01 0 -250 0 0 256 0 3.478700000000002 0 6.267201662063599 4
random:5T:600
0 -1 8 0.02 0 -244 0 0 256 0 6.3655 0 6.920013904571533 5
random:4T:600
0 -1 8 0.22 0 -55 3.4121111111111113 12 268 0.20233333333333334 65.5910833333334 0.607 4.5484631061553955 4
random:5T:600
0 -1 8 0.22 0 -74 4.684861111111112 14 270 0.0 68.29313333333332 0.0 3.5093510150909424 5
random:4T:600
0 -1 8 0.22 0 -55 3.4121111111111113 12 268 0.20233333333333334 65.5910833333334 0.607 4.600367784500122 4
random:5T:600
0 -1 8 0.22 0 -74 4.684861111111112 14 270 0.0 68.29313333333332 0.0 3.6809849739074707 5
random:4T:600
0 -1 8 0.22 0 -55 3.4121111111111113 12 268 0.20233333333333334 65.5910833333334 0.607 4.757476091384888 4
random:5T:600
0 -1 8 0.22 0 -74 4.684861111111112 14 270 0.0 68.29313333333332 0.0 3.4751007556915283 5
random:4T:1200
0 -1 8 0.33 0.133825 -1 2.991989583333333 12 268 0.20535416666666664 93.86681875 0.7498874999999999 4.449047803878784 4
random:5T:1200
0 -1 8 0.31 0.0 -3 3.157 14 270 0.14901041666666667 89.63441666666665 0.44703125 1.1743378639221191 5
random:4T:1200
0 -1 8 0.33 0.133825 -1 2.991989583333333 12 268 0.20535416666666664 93.86681875 0.7498874999999999 4.6465232372283936 4
random:5T:1200
0 -1 8 0.31 0.0 -3 3.157 14 270 0.14901041666666667 89.63441666666665 0.44703125 1.2148308753967285 5
random:4T:1800
0 -1 8 0.32 0.15643888888888888 -1 2.9542884615384613 12 268 0.19949358974358974 92.2621209401709 0.7549196581196581 1.9386508464813232 4
random:5T:1800
0 -1 8 0.32 0.12960555555555556 -1 3.905326923076924 14 270 0.24444230769230768 95.0554807692307 0.8629324786324786 0.8496911525726318 5
random:4T:3000
0 -1 3 0.25 0.0 -122 11.001421721389658 54 499 0.0 145.16624183083573 0.0 0.07360005378723145 4
0 -1 7 0.31 0.09392666666666666 -1 14.973082593551794 48 493 0.11328472222222224 184.81001626550375 0.4337808333333334 2.3722429275512695 4
