random:0T:1200
random:0T:1200
1 -1 0 0.62 0 -35 12.59595833333333 22 371 0 253.75389999999985 0 0.3192179203033447 0
1 -1 1 0.62 0 -35 12.59595833333333 22 371 0 253.75389999999985 0 0.040033817291259766 0
1 -1 2 0.62 0 -35 12.59595833333333 22 371 0 253.75389999999985 0 0.6259117126464844 0
random:0T:1200
1 -1 0 0.62 0 -35 12.59595833333333 22 371 0 253.75389999999985 0 0.3125929832458496 0
1 -1 1 0.62 0 -35 12.59595833333333 22 371 0 253.75389999999985 0 0.044599056243896484 0
1 -1 2 0.62 0 -35 12.59595833333333 22 371 0 253.75389999999985 0 0.6590831279754639 0
random:0T:1200
1 -1 0 0.62 0 -35 12.59595833333333 22 371 0 253.75389999999985 0 0.2819688320159912 0
1 -1 1 0.62 0 -35 12.59595833333333 22 371 0 253.75389999999985 0 0.05427670478820801 0
1 -1 2 0.62 0 -35 12.59595833333333 22 371 0 253.75389999999985 0 0.6414339542388916 0
random:0T:1200
1 -1 0 0.62 0 -35 12.59595833333333 22 371 0 253.75389999999985 0 0.25917792320251465 0
1 -1 1 0.62 0 -35 12.59595833333333 22 371 0 253.75389999999985 0 0.04315805435180664 0
1 -1 2 0.62 0 -35 12.59595833333333 22 371 0 253.75389999999985 0 0.6226539611816406 0
1 -1 3 0.62 0 -35 12.59595833333333 22 371 0 253.75389999999985 0 0.027565956115722656 0
1 -1 4 0.62 0 -35 12.59595833333333 22 371 0 253.75389999999985 0 0.05467987060546875 0
1 -1 5 0.62 0 -35 12.59595833333333 22 371 0 253.75389999999985 0 0.5880181789398193 0
1 -1 6 0.62 0 -35 12.59595833333333 22 371 0 253.75389999999985 0 0.8287978172302246 0
1 -1 7 0.62 0 -35 12.59595833333333 22 371 0 253.75389999999985 0 0.10141992568969727 0
1 -1 8 0.62 0 -23 12.59595833333333 22 371 0 254.5510333333332 0 0.15001296997070312 0
random:0T:1800
1 -1 0 0.53 0 -21 9.863413105413105 22 371 0 217.10955598290616 0 0.4889872074127197 0
1 -1 1 0.53 0 -21 9.863413105413105 22 371 0 217.10955598290616 0 0.04571413993835449 0
1 -1 2 0.53 0 -21 9.863413105413105 22 371 0 217.10955598290616 0 0.8764450550079346 0
1 -1 3 0.53 0 -21 9.863413105413105 22 371 0 217.10955598290616 0 0.027203083038330078 0
1 -1 4 0.53 0 -21 9.863413105413105 22 371 0 217.10955598290616 0 0.04272890090942383 0
1 -1 5 0.53 0 -21 9.863413105413105 22 371 0 217.10955598290616 0 0.8611609935760498 0
1 -1 6 0.53 0 -21 9.863413105413105 22 371 0 217.10955598290616 0 0.8842720985412598 0
1 -1 7 0.53 0 -21 9.863413105413105 22 371 0 217.10955598290616 0 0.08243107795715332 0
1 -1 8 0.53 0 -21 9.863413105413105 22 371 0 217.10955598290616 0 0.08011507987976074 0
random:0T:2400
1 -1 0 0.53 0.0 -51 16.517694692460317 26 468 0.04996354166666667 282.1913684523809 0.14989062500000003 0.3192870616912842 0
1 -1 1 0.53 0.0 -51 16.517694692460317 26 468 0.04996354166666667 282.1913684523809 0.14989062500000003 0.052230119705200195 0
1 -1 2 0.53 0.0 -51 16.517694692460317 26 468 0.04996354166666667 282.1913684523809 0.14989062500000003 1.0636839866638184 0
1 -1 3 0.53 0.0 -51 16.517694692460317 26 468 0.04996354166666667 282.1913684523809 0.14989062500000003 0.05084800720214844 0
1 -1 4 0.53 0.0 -51 16.517694692460317 26 468 0.04996354166666667 282.1913684523809 0.14989062500000003 0.08084416389465332 0
1 -1 5 0.53 0.0 -51 16.517694692460317 26 468 0.04996354166666667 282.1913684523809 0.14989062500000003 1.1583888530731201 0
1 -1 6 0.53 0.0 -51 16.517694692460317 26 468 0.04996354166666667 282.1913684523809 0.14989062500000003 1.416571855545044 0
1 -1 7 0.53 0.0 -51 16.517694692460317 26 468 0.04996354166666667 282.1913684523809 0.14989062500000003 0.11836624145507812 0
1 -1 8 0.53 0.0 -51 16.517694692460317 26 468 0.04996354166666667 282.1913684523809 0.14989062500000003 0.22653794288635254 0
random:0T:2700
1 -1 0 0.62 0.0 -20 61.87437735740177 30 472 0 415.0914670071407 0.0 0.10134291648864746 0
1 -1 1 0.62 0.0 -20 61.87437735740177 30 472 0 415.0914670071407 0.0 0.06066083908081055 0
1 -1 2 0.62 0.0 -20 61.87437735740177 30 472 0 415.0914670071407 0.0 1.2414720058441162 0
1 -1 3 0.62 0.0 -20 61.87437735740177 30 472 0 415.0914670071407 0.0 0.037197113037109375 0
1 -1 4 0.62 0.0 -20 61.87437735740177 30 472 0 415.0914670071407 0.0 0.08542990684509277 0
1 -1 5 0.62 0.0 -20 61.87437735740177 30 472 0 415.0914670071407 0.0 0.8036007881164551 0
1 -1 6 0.62 0.0 -20 61.87437735740177 30 472 0 415.0914670071407 0.0 0.7577519416809082 0
1 -1 7 0.62 0.0 -20 61.87437735740177 30 472 0 415.0914670071407 0.0 0.09513020515441895 0
1 -1 8 0.62 0.0 -20 61.87437735740177 30 472 0 415.0914670071407 0.0 0.16106796264648438 0
random:0T:1200
1 -1 0 0.62 0 -35 12.59595833333333 22 371 0 253.75389999999985 0 0.25446200370788574 0
1 -1 1 0.62 0 -35 12.59595833333333 22 371 0 253.75389999999985 0 0.040901899337768555 0
1 -1 2 0.62 0 -35 12.59595833333333 22 371 0 253.75389999999985 0 0.5860140323638916 0
1 -1 3 0.62 0 -35 12.59595833333333 22 371 0 253.75389999999985 0 0.027205228805541992 0
1 -1 4 0.62 0 -35 12.59595833333333 22 371 0 253.75389999999985 0 0.03892803192138672 0
1 -1 5 0.62 0 -35 12.59595833333333 22 371 0 253.75389999999985 0 0.5687620639801025 0
1 -1 6 0.62 0 -35 12.59595833333333 22 371 0 253.75389999999985 0 0.7799999713897705 0
1 -1 7 0.62 0 -35 12.59595833333333 22 371 0 253.75389999999985 0 0.07363414764404297 0
1 -1 8 0.62 0 -23 12.59595833333333 22 371 0 254.5510333333332 0 0.11783099174499512 0
random:0T:1800
1 -1 0 0.53 0 -21 9.863413105413105 22 371 0 217.10955598290616 0 0.4646899700164795 0
1 -1 1 0.53 0 -21 9.863413105413105 22 371 0 217.10955598290616 0 0.04161572456359863 0
1 -1 2 0.53 0 -21 9.863413105413105 22 371 0 217.10955598290616 0 0.8001198768615723 0
1 -1 3 0.53 0 -21 9.863413105413105 22 371 0 217.10955598290616 0 0.025368213653564453 0
1 -1 4 0.53 0 -21 9.863413105413105 22 371 0 217.10955598290616 0 0.04120588302612305 0
1 -1 5 0.53 0 -21 9.863413105413105 22 371 0 217.10955598290616 0 0.816098690032959 0
1 -1 6 0.53 0 -21 9.863413105413105 22 371 0 217.10955598290616 0 0.8144369125366211 0
1 -1 7 0.53 0 -21 9.863413105413105 22 371 0 217.10955598290616 0 0.06614017486572266 0
1 -1 8 0.53 0 -21 9.863413105413105 22 371 0 217.10955598290616 0 0.08323407173156738 0
random:0T:2400
1 -1 0 0.53 0.0 -51 16.517694692460317 26 468 0.04996354166666667 282.1913684523809 0.14989062500000003 0.28370213508605957 0
1 -1 1 0.53 0.0 -51 16.517694692460317 26 468 0.04996354166666667 282.1913684523809 0.14989062500000003 0.04334092140197754 0
1 -1 2 0.53 0.0 -51 16.517694692460317 26 468 0.04996354166666667 282.1913684523809 0.14989062500000003 0.9759268760681152 0
1 -1 3 0.53 0.0 -51 16.517694692460317 26 468 0.04996354166666667 282.1913684523809 0.14989062500000003 0.03204989433288574 0
1 -1 4 0.53 0.0 -51 16.517694692460317 26 468 0.04996354166666667 282.1913684523809 0.14989062500000003 0.06873893737792969 0
1 -1 5 0.53 0.0 -51 16.517694692460317 26 468 0.04996354166666667 282.1913684523809 0.14989062500000003 0.8995370864868164 0
1 -1 6 0.53 0.0 -51 16.517694692460317 26 468 0.04996354166666667 282.1913684523809 0.14989062500000003 1.1509158611297607 0
1 -1 7 0.53 0.0 -51 16.517694692460317 26 468 0.04996354166666667 282.1913684523809 0.14989062500000003 0.08590483665466309 0
1 -1 8 0.53 0.0 -51 16.517694692460317 26 468 0.04996354166666667 282.1913684523809 0.14989062500000003 0.16985201835632324 0
random:0T:2700
1 -1 0 0.62 0.0 -20 61.87437735740177 30 472 0 415.0914670071407 0.0 0.09344100952148438 0
1 -1 1 0.62 0.0 -20 61.87437735740177 30 472 0 415.0914670071407 0.0 0.05422806739807129 0
1 -1 2 0.62 0.0 -20 61.87437735740177 30 472 0 415.0914670071407 0.0 1.1107020378112793 0
1 -1 3 0.62 0.0 -20 61.87437735740177 30 472 0 415.0914670071407 0.0 0.03374505043029785 0
1 -1 4 0.62 0.0 -20 61.87437735740177 30 472 0 415.0914670071407 0.0 0.0800478458404541 0
1 -1 5 0.62 0.0 -20 61.87437735740177 30 472 0 415.0914670071407 0.0 0.7422950267791748 0
1 -1 6 0.62 0.0 -20 61.87437735740177 30 472 0 415.0914670071407 0.0 0.7260682582855225 0
1 -1 7 0.62 0.0 -20 61.87437735740177 30 472 0 415.0914670071407 0.0 0.07295608520507812 0
1 -1 8 0.62 0.0 -20 61.87437735740177 30 472 0 415.0914670071407 0.0 0.166517972946167 0
random:0T:1200
1 -1 0 0.62 0 -35 12.59595833333333 22 371 0 253.75389999999985 0 0.2559499740600586 0
1 -1 1 0.62 0 -35 12.59595833333333 22 371 0 253.75389999999985 0 0.04032778739929199 0
1 -1 2 0.62 0 -35 12.59595833333333 22 371 0 253.75389999999985 0 0.5762801170349121 0
1 -1 3 0.62 0 -35 12.59595833333333 22 371 0 253.75389999999985 0 0.027306079864501953 0
1 -1 4 0.62 0 -35 12.59595833333333 22 371 0 253.75389999999985 0 0.0402989387512207 0
1 -1 5 0.62 0 -35 12.59595833333333 22 371 0 253.75389999999985 0 0.5464208126068115 0
1 -1 6 0.62 0 -35 12.59595833333333 22 371 0 253.75389999999985 0 0.8247230052947998 0
1 -1 7 0.62 0 -35 12.59595833333333 22 371 0 253.75389999999985 0 0.07328414916992188 0
1 -1 8 0.62 0 -23 12.59595833333333 22 371 0 254.5510333333332 0 0.12262201309204102 0
random:0T:1800
1 -1 0 0.53 0 -21 9.863413105413105 22 371 0 217.10955598290616 0 0.4694240093231201 0
1 -1 1 0.53 0 -21 9.863413105413105 22 371 0 217.10955598290616 0 0.046807050704956055 0
1 -1 2 0.53 0 -21 9.863413105413105 22 371 0 217.10955598290616 0 0.797644853591919 0
1 -1 3 0.53 0 -21 9.863413105413105 22 371 0 217.10955598290616 0 0.02508068084716797 0
1 -1 4 0.53 0 -21 9.863413105413105 22 371 0 217.10955598290616 0 0.04115700721740723 0
1 -1 5 0.53 0 -21 9.863413105413105 22 371 0 217.10955598290616 0 0.8397507667541504 0
1 -1 6 0.53 0 -21 9.863413105413105 22 371 0 217.10955598290616 0 0.8318181037902832 0
1 -1 7 0.53 0 -21 9.863413105413105 22 371 0 217.10955598290616 0 0.06650114059448242 0
1 -1 8 0.53 0 -21 9.863413105413105 22 371 0 217.10955598290616 0 0.06577801704406738 0
random:0T:2400
1 -1 0 0.53 0.0 -51 16.517694692460317 26 468 0.04996354166666667 282.1913684523809 0.14989062500000003 0.27852892875671387 0
1 -1 1 0.53 0.0 -51 16.517694692460317 26 468 0.04996354166666667 282.1913684523809 0.14989062500000003 0.04473710060119629 0
1 -1 2 0.53 0.0 -51 16.517694692460317 26 468 0.04996354166666667 282.1913684523809 0.14989062500000003 0.9239122867584229 0
1 -1 3 0.53 0.0 -51 16.517694692460317 26 468 0.04996354166666667 282.1913684523809 0.14989062500000003 0.033936262130737305 0
1 -1 4 0.53 0.0 -51 16.517694692460317 26 468 0.04996354166666667 282.1913684523809 0.14989062500000003 0.07327699661254883 0
1 -1 5 0.53 0.0 -51 16.517694692460317 26 468 0.04996354166666667 282.1913684523809 0.14989062500000003 0.9016859531402588 0
1 -1 6 0.53 0.0 -51 16.517694692460317 26 468 0.04996354166666667 282.1913684523809 0.14989062500000003 1.19281005859375 0
1 -1 7 0.53 0.0 -51 16.517694692460317 26 468 0.04996354166666667 282.1913684523809 0.14989062500000003 0.09119415283203125 0
1 -1 8 0.53 0.0 -51 16.517694692460317 26 468 0.04996354166666667 282.1913684523809 0.14989062500000003 0.16065192222595215 0
random:0T:2700
1 -1 0 0.62 0.0 -20 61.87437735740177 30 472 0 415.0914670071407 0.0 0.10529685020446777 0
1 -1 1 0.62 0.0 -20 61.87437735740177 30 472 0 415.0914670071407 0.0 0.055623769760131836 0
1 -1 2 0.62 0.0 -20 61.87437735740177 30 472 0 415.0914670071407 0.0 1.1173059940338135 0
1 -1 3 0.62 0.0 -20 61.87437735740177 30 472 0 415.0914670071407 0.0 0.03211402893066406 0
1 -1 4 0.62 0.0 -20 61.87437735740177 30 472 0 415.0914670071407 0.0 0.0829319953918457 0
1 -1 5 0.62 0.0 -20 61.87437735740177 30 472 0 415.0914670071407 0.0 0.717799186706543 0
1 -1 6 0.62 0.0 -20 61.87437735740177 30 472 0 415.0914670071407 0.0 0.7125740051269531 0
1 -1 7 0.62 0.0 -20 61.87437735740177 30 472 0 415.0914670071407 0.0 0.07651090621948242 0
1 -1 8 0.62 0.0 -20 61.87437735740177 30 472 0 415.0914670071407 0.0 0.14156579971313477 0
random:1T:1200
1 -1 0 0.51 0 -6 8.342885416666665 16 272 0.23896875000000004 155.50169791666656 0.7169062500000001 0.11402392387390137 1
1 -1 1 0.51 0 -6 8.342885416666665 16 272 0.23896875000000004 155.50169791666656 0.7169062500000001 0.0707859992980957 1
1 -1 2 0.51 0 -6 8.342885416666665 16 272 0.23896875000000004 155.50169791666656 0.7169062500000001 0.49253082275390625 1
1 -1 3 0.51 0 -6 8.342885416666665 16 272 0.23896875000000004 155.50169791666656 0.7169062500000001 0.024540185928344727 1
1 -1 4 0.51 0 -6 8.342885416666665 16 272 0.23896875000000004 155.50169791666656 0.7169062500000001 0.06204414367675781 1
1 -1 5 0.51 0 -6 8.342885416666665 16 272 0.23896875000000004 155.50169791666656 0.7169062500000001 0.5021989345550537 1
1 -1 6 0.51 0 -6 8.342885416666665 16 272 0.23896875000000004 155.50169791666656 0.7169062500000001 0.5360829830169678 1
1 -1 7 0.51 0 -6 8.342885416666665 16 272 0.23896875000000004 155.50169791666656 0.7169062500000001 0.04741406440734863 1
1 -1 8 0.51 0 -6 8.342885416666665 16 272 0.23896875000000004 155.50169791666656 0.7169062500000001 0.047241926193237305 1
random:1T:1800
1 -1 0 0.54 0 -5 7.362980769230768 16 272 0.21548076923076923 160.80347008547002 0.6464423076923077 0.10846781730651855 1
1 -1 1 0.54 0 -5 7.362980769230768 16 272 0.21548076923076923 160.80347008547002 0.6464423076923077 0.04033017158508301 1
1 -1 2 0.54 0 -5 7.362980769230768 16 272 0.21548076923076923 160.80347008547002 0.6464423076923077 0.474653959274292 1
1 -1 3 0.54 0 -5 7.362980769230768 16 272 0.21548076923076923 160.80347008547002 0.6464423076923077 0.02490997314453125 1
1 -1 4 0.54 0 -5 7.362980769230768 16 272 0.21548076923076923 160.80347008547002 0.6464423076923077 0.03914690017700195 1
1 -1 5 0.54 0 -5 7.362980769230768 16 272 0.21548076923076923 160.80347008547002 0.6464423076923077 0.4740009307861328 1
1 -1 6 0.54 0 -5 7.362980769230768 16 272 0.21548076923076923 160.80347008547002 0.6464423076923077 0.5579161643981934 1
1 -1 7 0.54 0 -5 7.362980769230768 16 272 0.21548076923076923 160.80347008547002 0.6464423076923077 0.055190086364746094 1
1 -1 8 0.54 0 -5 7.362980769230768 16 272 0.21548076923076923 160.80347008547002 0.6464423076923077 0.06603813171386719 1
random:1T:2400
1 -1 0 0.56 0 -5 7.3469999999999995 16 272 0.18715277777777778 166.3289708333333 0.5614583333333334 0.11400103569030762 1
1 -1 1 0.56 0 -5 7.3469999999999995 16 272 0.18715277777777778 166.3289708333333 0.5614583333333334 0.03763413429260254 1
1 -1 2 0.56 0 -5 7.3469999999999995 16 272 0.18715277777777778 166.3289708333333 0.5614583333333334 0.4011549949645996 1
1 -1 3 0.56 0 -5 7.3469999999999995 16 272 0.18715277777777778 166.3289708333333 0.5614583333333334 0.025439023971557617 1
1 -1 4 0.56 0 -5 7.3469999999999995 16 272 0.18715277777777778 166.3289708333333 0.5614583333333334 0.03696393966674805 1
1 -1 5 0.56 0 -5 7.3469999999999995 16 272 0.18715277777777778 166.3289708333333 0.5614583333333334 0.4031951427459717 1
1 -1 6 0.56 0 -5 7.3469999999999995 16 272 0.18715277777777778 166.3289708333333 0.5614583333333334 0.6283621788024902 1
1 -1 7 0.56 0 -5 7.3469999999999995 16 272 0.18715277777777778 166.3289708333333 0.5614583333333334 0.056793928146362305 1
1 -1 8 0.56 0 -5 7.3469999999999995 16 272 0.18715277777777778 166.3289708333333 0.5614583333333334 0.04890799522399902 1
random:1T:2700
1 -1 0 0.71 0 -3 50.696089430894304 20 276 0.17755284552845527 297.7561201445348 0.5326585365853658 0.2908329963684082 1
1 -1 1 0.71 0 -3 50.696089430894304 20 276 0.17755284552845527 297.7561201445348 0.5326585365853658 0.1337740421295166 1
1 -1 2 0.71 0 -3 50.696089430894304 20 276 0.17755284552845527 297.7561201445348 0.5326585365853658 0.6682140827178955 1
1 -1 3 0.84 0 -3 88.96525609756095 24 280 0.17755284552845527 412.563620144535 0.5326585365853658 0.022836923599243164 1
1 -1 4 0.84 0 -3 88.96525609756095 24 280 0.17755284552845527 412.563620144535 0.5326585365853658 0.08591008186340332 1
1 -1 5 0.96 0 -3 125.82375609756095 28 284 0.17755284552845527 523.1391201445349 0.5326585365853658 0.5048058032989502 1
1 -1 6 0.96 0 -3 125.82375609756095 28 284 0.17755284552845527 523.1391201445349 0.5326585365853658 0.7672719955444336 1
1 -1 7 0.96 0 -3 125.82375609756095 28 284 0.17755284552845527 523.1391201445349 0.5326585365853658 0.08325695991516113 1
1 -1 8 0.96 0 -3 125.82375609756095 28 284 0.17755284552845527 523.1391201445349 0.5326585365853658 0.16452479362487793 1
random:2T:1200
1 -1 0 0.58 0.15224166666666666 -1 4.975333333333333 10 234 0.3579166666666667 145.6607333333333 1.2259916666666668 0.24736785888671875 2
1 -1 1 0.58 0.15224166666666666 -1 4.975333333333333 10 234 0.3579166666666667 145.6607333333333 1.2259916666666668 0.33110928535461426 2
1 -1 2 0.58 0.15224166666666666 -1 4.975333333333333 10 234 0.3579166666666667 145.6607333333333 1.2259916666666668 0.33480191230773926 2
1 -1 3 0.58 0.15224166666666666 -1 4.975333333333333 10 234 0.3579166666666667 145.6607333333333 1.2259916666666668 0.018787860870361328 2
1 -1 4 0.58 0.15224166666666666 -1 4.975333333333333 10 234 0.3579166666666667 145.6607333333333 1.2259916666666668 0.33594202995300293 2
1 -1 5 0.58 0.15224166666666666 -1 4.975333333333333 10 234 0.3579166666666667 145.6607333333333 1.2259916666666668 0.3271207809448242 2
1 -1 6 0.58 0.15224166666666666 -1 4.975333333333333 10 234 0.3579166666666667 145.6607333333333 1.2259916666666668 0.34802722930908203 2
1 -1 7 0.58 0.15224166666666666 -1 4.975333333333333 10 234 0.3579166666666667 145.6607333333333 1.2259916666666668 0.03958868980407715 2
1 -1 8 0.58 0.15224166666666666 -1 4.975333333333333 10 234 0.3579166666666667 145.6607333333333 1.2259916666666668 0.06718707084655762 2
random:2T:1800
1 -1 0 1.49 0.0 -42 11.731474358974358 14 331 0 517.5800952991456 0.0 0.11232519149780273 2
1 -1 1 1.49 0.0 -42 11.731474358974358 14 331 0 517.5800952991456 0.0 0.03326582908630371 2
1 -1 2 1.49 0.0 -42 11.731474358974358 14 331 0 517.5800952991456 0.0 0.5606229305267334 2
1 -1 3 1.49 0.0 -42 11.731474358974358 14 331 0 517.5800952991456 0.0 0.02031111717224121 2
1 -1 4 1.49 0.0 -42 11.731474358974358 14 331 0 517.5800952991456 0.0 0.03278303146362305 2
1 -1 5 1.49 0.0 -42 11.731474358974358 14 331 0 517.5800952991456 0.0 0.483867883682251 2
1 -1 6 1.49 0.0 -42 11.731474358974358 14 331 0 517.5800952991456 0.0 0.46219706535339355 2
1 -1 7 1.49 0.0 -42 11.731474358974358 14 331 0 517.5800952991456 0.0 0.07396912574768066 2
1 -1 8 1.49 0.0 -42 11.731474358974358 14 331 0 517.5800952991456 0.0 0.16611790657043457 2
random:2T:2400
1 -1 0 0.72 0 -22 6.565870370370371 14 331 0.14981944444444445 249.8175458333331 0.44945833333333335 0.2850329875946045 2
1 -1 1 0.72 0 -22 6.565870370370371 14 331 0.14981944444444445 249.8175458333331 0.44945833333333335 0.05613517761230469 2
1 -1 2 0.72 0 -22 6.565870370370371 14 331 0.14981944444444445 249.8175458333331 0.44945833333333335 0.37122488021850586 2
1 -1 3 0.72 0 -22 6.565870370370371 14 331 0.14981944444444445 249.8175458333331 0.44945833333333335 0.04552602767944336 2
1 -1 4 0.72 0 -22 6.565870370370371 14 331 0.14981944444444445 249.8175458333331 0.44945833333333335 0.06551909446716309 2
1 -1 5 0.72 0 -22 6.565870370370371 14 331 0.14981944444444445 249.8175458333331 0.44945833333333335 0.3721792697906494 2
1 -1 6 0.72 0 -22 6.565870370370371 14 331 0.14981944444444445 249.8175458333331 0.44945833333333335 0.35840320587158203 2
1 -1 7 0.72 0 -22 6.565870370370371 14 331 0.14981944444444445 249.8175458333331 0.44945833333333335 0.04063701629638672 2
1 -1 8 0.72 0 -22 6.565870370370371 14 331 0.14981944444444445 249.8175458333331 0.44945833333333335 0.04161524772644043 2
random:2T:2700
1 -1 0 0.68 0 -22 5.945906743185077 14 331 0.13065686274509802 236.84863439077523 0.39197058823529407 0.1875748634338379 2
1 -1 1 0.68 0 -22 5.945906743185077 14 331 0.13065686274509802 236.84863439077523 0.39197058823529407 0.05748295783996582 2
1 -1 2 0.68 0 -22 5.945906743185077 14 331 0.13065686274509802 236.84863439077523 0.39197058823529407 0.3596358299255371 2
1 -1 3 0.68 0 -22 5.945906743185077 14 331 0.13065686274509802 236.84863439077523 0.39197058823529407 0.02999281883239746 2
1 -1 4 0.68 0 -22 5.945906743185077 14 331 0.13065686274509802 236.84863439077523 0.39197058823529407 0.05765509605407715 2
1 -1 5 0.68 0 -22 5.945906743185077 14 331 0.13065686274509802 236.84863439077523 0.39197058823529407 0.345944881439209 2
1 -1 6 0.68 0 -22 5.945906743185077 14 331 0.13065686274509802 236.84863439077523 0.39197058823529407 0.34864211082458496 2
1 -1 7 0.68 0 -22 5.945906743185077 14 331 0.13065686274509802 236.84863439077523 0.39197058823529407 0.04043102264404297 2
1 -1 8 0.68 0 -22 5.945906743185077 14 331 0.13065686274509802 236.84863439077523 0.39197058823529407 0.0400090217590332 2
random:3T:1200
1 -1 0 0.5 0 -7 6.052350694444446 12 268 0.26659375 147.3912520833334 0.7997812500000001 0.10744190216064453 3
1 -1 1 0.5 0 -7 6.052350694444446 12 268 0.26659375 147.3912520833334 0.7997812500000001 0.12240886688232422 3
1 -1 2 0.5 0 -7 6.052350694444446 12 268 0.26659375 147.3912520833334 0.7997812500000001 0.3087286949157715 3
1 -1 3 0.5 0 -7 6.052350694444446 12 268 0.26659375 147.3912520833334 0.7997812500000001 0.026112079620361328 3
1 -1 4 0.5 0 -7 6.052350694444446 12 268 0.26659375 147.3912520833334 0.7997812500000001 0.15975475311279297 3
1 -1 5 0.5 0 -7 6.052350694444446 12 268 0.26659375 147.3912520833334 0.7997812500000001 0.30448484420776367 3
1 -1 6 0.5 0 -7 6.052350694444446 12 268 0.26659375 147.3912520833334 0.7997812500000001 0.34279704093933105 3
1 -1 7 0.5 0 -7 6.052350694444446 12 268 0.26659375 147.3912520833334 0.7997812500000001 0.04465985298156738 3
1 -1 8 0.5 0 -7 6.052350694444446 12 268 0.26659375 147.3912520833334 0.7997812500000001 0.0410611629486084 3
random:3T:1800
1 -1 0 0.75 0 -8 10.045205128205126 16 365 0.33160256410256406 295.3144542735041 0.9948076923076922 0.3501617908477783 3
1 -1 1 0.75 0 -8 10.045205128205126 16 365 0.33160256410256406 295.3144542735041 0.9948076923076922 0.08781218528747559 3
1 -1 2 0.75 0 -8 10.045205128205126 16 365 0.33160256410256406 295.3144542735041 0.9948076923076922 0.4131190776824951 3
1 -1 3 0.75 0 -8 10.045205128205126 16 365 0.33160256410256406 295.3144542735041 0.9948076923076922 0.032965898513793945 3
1 -1 4 0.75 0 -8 10.045205128205126 16 365 0.33160256410256406 295.3144542735041 0.9948076923076922 0.09801483154296875 3
1 -1 5 0.75 0 -8 10.045205128205126 16 365 0.33160256410256406 295.3144542735041 0.9948076923076922 0.4178588390350342 3
1 -1 6 0.75 0 -8 10.045205128205126 16 365 0.33160256410256406 295.3144542735041 0.9948076923076922 0.46032190322875977 3
1 -1 7 0.75 0 -8 10.045205128205126 16 365 0.33160256410256406 295.3144542735041 0.9948076923076922 0.05562114715576172 3
1 -1 8 0.75 0 -8 10.045205128205126 16 365 0.33160256410256406 295.3144542735041 0.9948076923076922 0.09974789619445801 3
random:3T:2400
1 -1 0 0.59 0 -8 8.211881944444446 16 365 0.2903888888888889 233.08826527777794 0.8711666666666668 0.5263872146606445 3
1 -1 1 0.59 0 -8 8.211881944444446 16 365 0.2903888888888889 233.08826527777794 0.8711666666666668 0.03503012657165527 3
1 -1 2 0.59 0 -8 8.211881944444446 16 365 0.2903888888888889 233.08826527777794 0.8711666666666668 0.461745023727417 3
1 -1 3 0.59 0 -8 8.211881944444446 16 365 0.2903888888888889 233.08826527777794 0.8711666666666668 0.02489185333251953 3
1 -1 4 0.59 0 -8 8.211881944444446 16 365 0.2903888888888889 233.08826527777794 0.8711666666666668 0.0356900691986084 3
1 -1 5 0.59 0 -8 8.211881944444446 16 365 0.2903888888888889 233.08826527777794 0.8711666666666668 0.46074581146240234 3
1 -1 6 0.59 0 -8 8.211881944444446 16 365 0.2903888888888889 233.08826527777794 0.8711666666666668 0.4665379524230957 3
1 -1 7 0.59 0 -8 8.211881944444446 16 365 0.2903888888888889 233.08826527777794 0.8711666666666668 0.046875 3
1 -1 8 0.59 0 -8 8.211881944444446 16 365 0.2903888888888889 233.08826527777794 0.8711666666666668 0.07142496109008789 3
random:3T:2700
1 -1 0 0.73 0 -7 62.30387711253141 20 369 0.1358913043478261 393.3967965549854 0.4076739130434783 0.19350409507751465 3
1 -1 1 0.73 0 -7 62.30387711253141 20 369 0.1358913043478261 393.3967965549854 0.4076739130434783 0.15967798233032227 3
1 -1 2 0.73 0 -7 62.30387711253141 20 369 0.1358913043478261 393.3967965549854 0.4076739130434783 0.7742221355438232 3
1 -1 3 0.73 0 -7 62.30387711253141 20 369 0.1358913043478261 393.3967965549854 0.4076739130434783 0.02516484260559082 3
1 -1 4 0.73 0 -7 62.30387711253141 20 369 0.1358913043478261 393.3967965549854 0.4076739130434783 0.16464877128601074 3
1 -1 5 0.73 0 -7 62.30387711253141 20 369 0.1358913043478261 393.3967965549854 0.4076739130434783 0.7422699928283691 3
1 -1 6 0.73 0 -7 62.30387711253141 20 369 0.1358913043478261 393.3967965549854 0.4076739130434783 0.7874910831451416 3
1 -1 7 0.73 0 -7 62.30387711253141 20 369 0.1358913043478261 393.3967965549854 0.4076739130434783 0.06553483009338379 3
1 -1 8 0.73 0 -7 62.30387711253141 20 369 0.1358913043478261 393.3967965549854 0.4076739130434783 0.05637311935424805 3
random:4T:1200
1 -1 0 0.52 0 -3 6.13403125 12 268 0.30909375 151.8050604166668 0.9272812500000001 0.29802608489990234 4
1 -1 1 0.52 0 -3 6.13403125 12 268 0.30909375 151.8050604166668 0.9272812500000001 0.12003111839294434 4
1 -1 2 0.52 0 -3 6.13403125 12 268 0.30909375 151.8050604166668 0.9272812500000001 0.2915010452270508 4
1 -1 3 0.52 0 -3 6.13403125 12 268 0.30909375 151.8050604166668 0.9272812500000001 0.024845123291015625 4
1 -1 4 0.52 0 -3 6.13403125 12 268 0.30909375 151.8050604166668 0.9272812500000001 0.11944389343261719 4
1 -1 5 0.52 0 -3 6.13403125 12 268 0.30909375 151.8050604166668 0.9272812500000001 0.31501007080078125 4
1 -1 6 0.52 0 -3 6.13403125 12 268 0.30909375 151.8050604166668 0.9272812500000001 0.30187511444091797 4
1 -1 7 0.52 0 -3 6.13403125 12 268 0.30909375 151.8050604166668 0.9272812500000001 0.03836798667907715 4
1 -1 8 0.52 0 -3 6.13403125 12 268 0.30909375 151.8050604166668 0.9272812500000001 0.03813314437866211 4
random:4T:1800
1 -1 0 2.17 0 -26 26.328467948717954 16 365 0.3634679487179487 846.0787816239316 1.0904038461538461 0.2999439239501953 4
1 -1 1 2.17 0 -26 26.328467948717954 16 365 0.3634679487179487 846.0787816239316 1.0904038461538461 0.039376258850097656 4
1 -1 2 2.17 0 -26 26.328467948717954 16 365 0.3634679487179487 846.0787816239316 1.0904038461538461 0.6201231479644775 4
1 -1 3 2.17 0 -26 26.328467948717954 16 365 0.3634679487179487 846.0787816239316 1.0904038461538461 0.02634406089782715 4
1 -1 4 2.17 0 -26 26.328467948717954 16 365 0.3634679487179487 846.0787816239316 1.0904038461538461 0.03920698165893555 4
1 -1 5 2.17 0 -26 26.328467948717954 16 365 0.3634679487179487 846.0787816239316 1.0904038461538461 0.6169247627258301 4
1 -1 6 2.17 0 -26 26.328467948717954 16 365 0.3634679487179487 846.0787816239316 1.0904038461538461 0.7184429168701172 4
1 -1 7 2.17 0 -26 26.328467948717954 16 365 0.3634679487179487 846.0787816239316 1.0904038461538461 0.0728762149810791 4
1 -1 8 2.17 0 -26 26.328467948717954 16 365 0.3634679487179487 846.0787816239316 1.0904038461538461 0.1804358959197998 4
random:4T:2400
1 -1 0 0.95 0 -24 11.711724074074068 16 365 0.25906481481481486 368.7050888888889 0.7771944444444445 0.2746586799621582 4
1 -1 1 0.95 0 -24 11.711724074074068 16 365 0.25906481481481486 368.7050888888889 0.7771944444444445 0.04149603843688965 4
1 -1 2 0.95 0 -24 11.711724074074068 16 365 0.25906481481481486 368.7050888888889 0.7771944444444445 0.6551008224487305 4
1 -1 3 0.95 0 -24 11.711724074074068 16 365 0.25906481481481486 368.7050888888889 0.7771944444444445 0.037816762924194336 4
1 -1 4 0.95 0 -24 11.711724074074068 16 365 0.25906481481481486 368.7050888888889 0.7771944444444445 0.04339003562927246 4
1 -1 5 0.95 0 -24 11.711724074074068 16 365 0.25906481481481486 368.7050888888889 0.7771944444444445 0.6752619743347168 4
1 -1 6 0.95 0 -24 11.711724074074068 16 365 0.25906481481481486 368.7050888888889 0.7771944444444445 0.731050968170166 4
1 -1 7 0.95 0 -24 11.711724074074068 16 365 0.25906481481481486 368.7050888888889 0.7771944444444445 0.07072710990905762 4
1 -1 8 0.95 0 -24 11.711724074074068 16 365 0.25906481481481486 368.7050888888889 0.7771944444444445 0.14447021484375 4
random:4T:2700
1 -1 0 0.78 0 -12 45.80910662914321 20 369 0.20105128205128203 381.1588589187691 0.6031538461538462 0.5500180721282959 4
1 -1 1 0.78 0 -12 45.80910662914321 20 369 0.20105128205128203 381.1588589187691 0.6031538461538462 0.0712740421295166 4
1 -1 2 0.78 0 -12 45.80910662914321 20 369 0.20105128205128203 381.1588589187691 0.6031538461538462 0.5024251937866211 4
1 -1 3 0.78 0 -12 45.80910662914321 20 369 0.20105128205128203 381.1588589187691 0.6031538461538462 0.02722477912902832 4
1 -1 4 0.78 0 -12 45.80910662914321 20 369 0.20105128205128203 381.1588589187691 0.6031538461538462 0.07087302207946777 4
1 -1 5 0.78 0 -12 45.80910662914321 20 369 0.20105128205128203 381.1588589187691 0.6031538461538462 0.5222408771514893 4
1 -1 6 0.78 0 -12 45.80910662914321 20 369 0.20105128205128203 381.1588589187691 0.6031538461538462 0.7076890468597412 4
1 -1 7 0.78 0 -12 45.80910662914321 20 369 0.20105128205128203 381.1588589187691 0.6031538461538462 0.0863649845123291 4
1 -1 8 0.78 0 -12 45.80910662914321 20 369 0.20105128205128203 381.1588589187691 0.6031538461538462 0.16439199447631836 4
random:0T:1200
1 -1 0 0.62 0 -35 12.59595833333333 22 371 0 253.75389999999985 0 0.2552330493927002 0
random:0T:1800
1 -1 0 0.53 0 -21 9.863413105413105 22 371 0 217.10955598290616 0 0.4634249210357666 0
random:0T:2400
1 -1 0 0.53 0.0 -51 16.517694692460317 26 468 0.04996354166666667 282.1913684523809 0.14989062500000003 0.3051471710205078 0
random:0T:2700
1 -1 0 0.62 0.0 -20 61.87437735740177 30 472 0 415.0914670071407 0.0 0.10736894607543945 0
random:0T:1200
1 -1 0 0.62 0 -35 12.59595833333333 22 371 0 253.75389999999985 0 0.2654240131378174 0
1 -1 1 0.62 0 -35 12.59595833333333 22 371 0 253.75389999999985 0 0.042994022369384766 0
1 -1 2 0.62 0 -35 12.59595833333333 22 371 0 253.75389999999985 0 0.5797598361968994 0
1 -1 3 0.62 0 -35 12.59595833333333 22 371 0 253.75389999999985 0 0.030415773391723633 0
1 -1 4 0.62 0 -35 12.59595833333333 22 371 0 253.75389999999985 0 0.04839968681335449 0
1 -1 5 0.62 0 -35 12.59595833333333 22 371 0 253.75389999999985 0 0.570357084274292 0
1 -1 6 0.62 0 -35 12.59595833333333 22 371 0 253.75389999999985 0 0.7830348014831543 0
1 -1 7 0.62 0 -35 12.59595833333333 22 371 0 253.75389999999985 0 0.09923815727233887 0
random:0T:1800
1 -1 0 0.53 0 -21 9.863413105413105 22 371 0 217.10955598290616 0 0.5231046676635742 0
1 -1 1 0.53 0 -21 9.863413105413105 22 371 0 217.10955598290616 0 0.04741072654724121 0
1 -1 2 0.53 0 -21 9.863413105413105 22 371 0 217.10955598290616 0 0.8584749698638916 0
1 -1 3 0.53 0 -21 9.863413105413105 22 371 0 217.10955598290616 0 0.02821803092956543 0
1 -1 4 0.53 0 -21 9.863413105413105 22 371 0 217.10955598290616 0 0.0452570915222168 0
1 -1 5 0.53 0 -21 9.863413105413105 22 371 0 217.10955598290616 0 0.8349637985229492 0
1 -1 6 0.53 0 -21 9.863413105413105 22 371 0 217.10955598290616 0 0.8264410495758057 0
1 -1 7 0.53 0 -21 9.863413105413105 22 371 0 217.10955598290616 0 0.07134413719177246 0
random:0T:2400
1 -1 0 0.53 0.0 -51 16.517694692460317 26 468 0.04996354166666667 282.1913684523809 0.14989062500000003 0.2903609275817871 0
1 -1 1 0.53 0.0 -51 16.517694692460317 26 468 0.04996354166666667 282.1913684523809 0.14989062500000003 0.044336795806884766 0
1 -1 2 0.53 0.0 -51 16.517694692460317 26 468 0.04996354166666667 282.1913684523809 0.14989062500000003 0.9421157836914062 0
1 -1 3 0.53 0.0 -51 16.517694692460317 26 468 0.04996354166666667 282.1913684523809 0.14989062500000003 0.035841941833496094 0
1 -1 4 0.53 0.0 -51 16.517694692460317 26 468 0.04996354166666667 282.1913684523809 0.14989062500000003 0.04630780220031738 0
1 -1 5 0.53 0.0 -51 16.517694692460317 26 468 0.04996354166666667 282.1913684523809 0.14989062500000003 0.9816939830780029 0
1 -1 6 0.53 0.0 -51 16.517694692460317 26 468 0.04996354166666667 282.1913684523809 0.14989062500000003 1.2037379741668701 0
1 -1 7 0.53 0.0 -51 16.517694692460317 26 468 0.04996354166666667 282.1913684523809 0.14989062500000003 0.09481382369995117 0
random:0T:2700
1 -1 0 0.62 0.0 -20 61.87437735740177 30 472 0 415.0914670071407 0.0 0.10003805160522461 0
1 -1 1 0.62 0.0 -20 61.87437735740177 30 472 0 415.0914670071407 0.0 0.08121705055236816 0
1 -1 2 0.62 0.0 -20 61.87437735740177 30 472 0 415.0914670071407 0.0 1.1746881008148193 0
1 -1 3 0.62 0.0 -20 61.87437735740177 30 472 0 415.0914670071407 0.0 0.034101009368896484 0
1 -1 4 0.62 0.0 -20 61.87437735740177 30 472 0 415.0914670071407 0.0 0.05575394630432129 0
1 -1 5 0.62 0.0 -20 61.87437735740177 30 472 0 415.0914670071407 0.0 0.7355191707611084 0
1 -1 6 0.62 0.0 -20 61.87437735740177 30 472 0 415.0914670071407 0.0 0.7334468364715576 0
1 -1 7 0.62 0.0 -20 61.87437735740177 30 472 0 415.0914670071407 0.0 0.07408690452575684 0
random:0T:1200
1 -1 0 0.62 0 -35 12.59595833333333 22 371 0 253.75389999999985 0 0.26202917098999023 0
1 -1 1 0.62 0 -35 12.59595833333333 22 371 0 253.75389999999985 0 0.04232931137084961 0
1 -1 2 0.62 0 -35 12.59595833333333 22 371 0 253.75389999999985 0 0.575861930847168 0
1 -1 3 0.62 0 -35 12.59595833333333 22 371 0 253.75389999999985 0 0.025613784790039062 0
1 -1 4 0.62 0 -35 12.59595833333333 22 371 0 253.75389999999985 0 0.04873204231262207 0
1 -1 5 0.62 0 -35 12.59595833333333 22 371 0 253.75389999999985 0 0.5487289428710938 0
1 -1 6 0.62 0 -35 12.59595833333333 22 371 0 253.75389999999985 0 0.7758388519287109 0
1 -1 7 0.62 0 -35 12.59595833333333 22 371 0 253.75389999999985 0 0.08030200004577637 0
random:0T:1800
1 -1 0 0.53 0 -21 9.863413105413105 22 371 0 217.10955598290616 0 0.4833648204803467 0
1 -1 1 0.53 0 -21 9.863413105413105 22 371 0 217.10955598290616 0 0.053678035736083984 0
1 -1 2 0.53 0 -21 9.863413105413105 22 371 0 217.10955598290616 0 0.8741319179534912 0
1 -1 3 0.53 0 -21 9.863413105413105 22 371 0 217.10955598290616 0 0.02724909782409668 0
1 -1 4 0.53 0 -21 9.863413105413105 22 371 0 217.10955598290616 0 0.04532623291015625 0
1 -1 5 0.53 0 -21 9.863413105413105 22 371 0 217.10955598290616 0 0.8399147987365723 0
1 -1 6 0.53 0 -21 9.863413105413105 22 371 0 217.10955598290616 0 0.8354029655456543 0
1 -1 7 0.53 0 -21 9.863413105413105 22 371 0 217.10955598290616 0 0.0852048397064209 0
random:0T:2400
1 -1 0 0.53 0.0 -51 16.517694692460317 26 468 0.04996354166666667 282.1913684523809 0.14989062500000003 0.30280017852783203 0
1 -1 1 0.53 0.0 -51 16.517694692460317 26 468 0.04996354166666667 282.1913684523809 0.14989062500000003 0.04078507423400879 0
1 -1 2 0.53 0.0 -51 16.517694692460317 26 468 0.04996354166666667 282.1913684523809 0.14989062500000003 0.9463510513305664 0
1 -1 3 0.53 0.0 -51 16.517694692460317 26 468 0.04996354166666667 282.1913684523809 0.14989062500000003 0.032608985900878906 0
1 -1 4 0.53 0.0 -51 16.517694692460317 26 468 0.04996354166666667 282.1913684523809 0.14989062500000003 0.04218101501464844 0
1 -1 5 0.53 0.0 -51 16.517694692460317 26 468 0.04996354166666667 282.1913684523809 0.14989062500000003 0.9791140556335449 0
1 -1 6 0.53 0.0 -51 16.517694692460317 26 468 0.04996354166666667 282.1913684523809 0.14989062500000003 1.1615118980407715 0
1 -1 7 0.53 0.0 -51 16.517694692460317 26 468 0.04996354166666667 282.1913684523809 0.14989062500000003 0.09454178810119629 0
random:0T:2700
1 -1 0 0.62 0.0 -20 61.87437735740177 30 472 0 415.0914670071407 0.0 0.09798002243041992 0
1 -1 1 0.62 0.0 -20 61.87437735740177 30 472 0 415.0914670071407 0.0 0.053977251052856445 0
1 -1 2 0.62 0.0 -20 61.87437735740177 30 472 0 415.0914670071407 0.0 1.1407687664031982 0
1 -1 3 0.62 0.0 -20 61.87437735740177 30 472 0 415.0914670071407 0.0 0.031810760498046875 0
1 -1 4 0.62 0.0 -20 61.87437735740177 30 472 0 415.0914670071407 0.0 0.06351280212402344 0
1 -1 5 0.62 0.0 -20 61.87437735740177 30 472 0 415.0914670071407 0.0 1.002614974975586 0
1 -1 6 0.62 0.0 -20 61.87437735740177 30 472 0 415.0914670071407 0.0 0.8147480487823486 0
1 -1 7 0.62 0.0 -20 61.87437735740177 30 472 0 415.0914670071407 0.0 0.07323312759399414 0
random:0T:1200
1 -1 0 0.62 0 -35 12.59595833333333 22 371 0 253.75389999999985 0 0.26284193992614746 0
1 -1 1 0.62 0 -35 12.59595833333333 22 371 0 253.75389999999985 0 0.04175686836242676 0
1 -1 2 0.62 0 -35 12.59595833333333 22 371 0 253.75389999999985 0 0.6286630630493164 0
1 -1 3 0.62 0 -35 12.59595833333333 22 371 0 253.75389999999985 0 0.02995014190673828 0
1 -1 4 0.62 0 -35 12.59595833333333 22 371 0 253.75389999999985 0 0.041373252868652344 0
1 -1 5 0.62 0 -35 12.59595833333333 22 371 0 253.75389999999985 0 0.582392692565918 0
1 -1 6 0.62 0 -35 12.59595833333333 22 371 0 253.75389999999985 0 0.7915351390838623 0
1 -1 7 0.62 0 -35 12.59595833333333 22 371 0 253.75389999999985 0 0.07387804985046387 0
random:0T:1800
1 -1 0 0.53 0 -21 9.863413105413105 22 371 0 217.10955598290616 0 0.47736692428588867 0
1 -1 1 0.53 0 -21 9.863413105413105 22 371 0 217.10955598290616 0 0.04275393486022949 0
1 -1 2 0.53 0 -21 9.863413105413105 22 371 0 217.10955598290616 0 0.7924437522888184 0
1 -1 3 0.53 0 -21 9.863413105413105 22 371 0 217.10955598290616 0 0.027402162551879883 0
1 -1 4 0.53 0 -21 9.863413105413105 22 371 0 217.10955598290616 0 0.06028485298156738 0
1 -1 5 0.53 0 -21 9.863413105413105 22 371 0 217.10955598290616 0 0.8148548603057861 0
1 -1 6 0.53 0 -21 9.863413105413105 22 371 0 217.10955598290616 0 0.8613827228546143 0
1 -1 7 0.53 0 -21 9.863413105413105 22 371 0 217.10955598290616 0 0.07035589218139648 0
random:0T:2400
1 -1 0 0.53 0.0 -51 16.517694692460317 26 468 0.04996354166666667 282.1913684523809 0.14989062500000003 0.28136301040649414 0
1 -1 1 0.53 0.0 -51 16.517694692460317 26 468 0.04996354166666667 282.1913684523809 0.14989062500000003 0.04329109191894531 0
1 -1 2 0.53 0.0 -51 16.517694692460317 26 468 0.04996354166666667 282.1913684523809 0.14989062500000003 0.9568331241607666 0
1 -1 3 0.53 0.0 -51 16.517694692460317 26 468 0.04996354166666667 282.1913684523809 0.14989062500000003 0.03403782844543457 0
1 -1 4 0.53 0.0 -51 16.517694692460317 26 468 0.04996354166666667 282.1913684523809 0.14989062500000003 0.04294300079345703 0
1 -1 5 0.53 0.0 -51 16.517694692460317 26 468 0.04996354166666667 282.1913684523809 0.14989062500000003 0.946829080581665 0
1 -1 6 0.53 0.0 -51 16.517694692460317 26 468 0.04996354166666667 282.1913684523809 0.14989062500000003 1.2116658687591553 0
1 -1 7 0.53 0.0 -51 16.517694692460317 26 468 0.04996354166666667 282.1913684523809 0.14989062500000003 0.12595772743225098 0
random:0T:2700
1 -1 0 0.62 0.0 -20 61.87437735740177 30 472 0 415.0914670071407 0.0 0.09866905212402344 0
1 -1 1 0.62 0.0 -20 61.87437735740177 30 472 0 415.0914670071407 0.0 0.0556790828704834 0
1 -1 2 0.62 0.0 -20 61.87437735740177 30 472 0 415.0914670071407 0.0 1.2228729724884033 0
1 -1 3 0.62 0.0 -20 61.87437735740177 30 472 0 415.0914670071407 0.0 0.03348398208618164 0
1 -1 4 0.62 0.0 -20 61.87437735740177 30 472 0 415.0914670071407 0.0 0.05548214912414551 0
1 -1 5 0.62 0.0 -20 61.87437735740177 30 472 0 415.0914670071407 0.0 0.7478930950164795 0
1 -1 6 0.62 0.0 -20 61.87437735740177 30 472 0 415.0914670071407 0.0 0.7775638103485107 0
1 -1 7 0.62 0.0 -20 61.87437735740177 30 472 0 415.0914670071407 0.0 0.08362984657287598 0
random:0T:1200
1 -1 0 0.62 0 -35 12.59595833333333 22 371 0 253.75389999999985 0 0.29335498809814453 0
1 -1 1 0.62 0 -35 12.59595833333333 22 371 0 253.75389999999985 0 0.03986310958862305 0
1 -1 2 0.62 0 -35 12.59595833333333 22 371 0 253.75389999999985 0 0.6162862777709961 0
1 -1 3 0.62 0 -35 12.59595833333333 22 371 0 253.75389999999985 0 0.028995037078857422 0
1 -1 4 0.62 0 -35 12.59595833333333 22 371 0 253.75389999999985 0 0.05469393730163574 0
1 -1 5 0.62 0 -35 12.59595833333333 22 371 0 253.75389999999985 0 0.6403629779815674 0
1 -1 6 0.62 0 -35 12.59595833333333 22 371 0 253.75389999999985 0 0.8165717124938965 0
1 -1 7 0.62 0 -35 12.59595833333333 22 371 0 253.75389999999985 0 0.07303690910339355 0
random:0T:1800
1 -1 0 0.53 0 -21 9.863413105413105 22 371 0 217.10955598290616 0 0.49375200271606445 0
1 -1 1 0.53 0 -21 9.863413105413105 22 371 0 217.10955598290616 0 0.043565988540649414 0
1 -1 2 0.53 0 -21 9.863413105413105 22 371 0 217.10955598290616 0 0.8037798404693604 0
1 -1 3 0.53 0 -21 9.863413105413105 22 371 0 217.10955598290616 0 0.03281402587890625 0
1 -1 4 0.53 0 -21 9.863413105413105 22 371 0 217.10955598290616 0 0.042647600173950195 0
1 -1 5 0.53 0 -21 9.863413105413105 22 371 0 217.10955598290616 0 0.8383440971374512 0
1 -1 6 0.53 0 -21 9.863413105413105 22 371 0 217.10955598290616 0 0.8468320369720459 0
1 -1 7 0.53 0 -21 9.863413105413105 22 371 0 217.10955598290616 0 0.06549501419067383 0
random:0T:2400
1 -1 0 0.53 0.0 -51 16.517694692460317 26 468 0.04996354166666667 282.1913684523809 0.14989062500000003 0.3143894672393799 0
1 -1 1 0.53 0.0 -51 16.517694692460317 26 468 0.04996354166666667 282.1913684523809 0.14989062500000003 0.04176592826843262 0
1 -1 2 0.53 0.0 -51 16.517694692460317 26 468 0.04996354166666667 282.1913684523809 0.14989062500000003 0.9619550704956055 0
1 -1 3 0.53 0.0 -51 16.517694692460317 26 468 0.04996354166666667 282.1913684523809 0.14989062500000003 0.03576803207397461 0
1 -1 4 0.53 0.0 -51 16.517694692460317 26 468 0.04996354166666667 282.1913684523809 0.14989062500000003 0.04748702049255371 0
1 -1 5 0.53 0.0 -51 16.517694692460317 26 468 0.04996354166666667 282.1913684523809 0.14989062500000003 1.0023181438446045 0
1 -1 6 0.53 0.0 -51 16.517694692460317 26 468 0.04996354166666667 282.1913684523809 0.14989062500000003 1.2396552562713623 0
1 -1 7 0.53 0.0 -51 16.517694692460317 26 468 0.04996354166666667 282.1913684523809 0.14989062500000003 0.09273600578308105 0
random:0T:2700
1 -1 0 0.62 0.0 -20 61.87437735740177 30 472 0 415.0914670071407 0.0 0.11194300651550293 0
1 -1 1 0.62 0.0 -20 61.87437735740177 30 472 0 415.0914670071407 0.0 0.06376409530639648 0
1 -1 2 0.62 0.0 -20 61.87437735740177 30 472 0 415.0914670071407 0.0 1.2154858112335205 0
1 -1 3 0.62 0.0 -20 61.87437735740177 30 472 0 415.0914670071407 0.0 0.03291606903076172 0
1 -1 4 0.62 0.0 -20 61.87437735740177 30 472 0 415.0914670071407 0.0 0.05802416801452637 0
1 -1 5 0.62 0.0 -20 61.87437735740177 30 472 0 415.0914670071407 0.0 0.8190889358520508 0
1 -1 6 0.62 0.0 -20 61.87437735740177 30 472 0 415.0914670071407 0.0 0.7774033546447754 0
1 -1 7 0.62 0.0 -20 61.87437735740177 30 472 0 415.0914670071407 0.0 0.07265090942382812 0
