random:4T:1200
1 -1 0 0.52 0 -3 6.13403125 12 268 0.30909375 151.8050604166668 0.9272812500000001 0.33182692527770996 4
1 -1 1 0.43 0.2729916666666667 -2 4.272520833333333 12 268 0.3078333333333333 124.79529583333338 1.1964916666666665 4.840658903121948 4
1 -1 2 0.43 0.21109999999999998 -1 4.414635416666667 12 268 0.31399999999999995 124.97313958333348 1.1530999999999998 2.138197898864746 4
1 -1 3 0.4 0.0 -6 3.4337604166666664 12 268 0.19994791666666664 113.20078124999996 0.5998437499999999 0.02536606788635254 4
1 -1 4 0.43 0.27350833333333335 -2 4.359104166666667 12 268 0.307 123.82362083333342 1.1945083333333333 5.60794997215271 4
1 -1 5 0.42 0.17961666666666665 -1 3.7468333333333335 12 268 0.19563541666666667 119.19227499999995 0.7665229166666666 0.933265209197998 4
1 -1 6 0.44 0.20388333333333336 -1 5.044562499999999 12 268 0.3275104166666667 127.47145416666669 1.1864145833333335 4.476178169250488 4
1 -1 7 0.44 0.16723333333333334 -2 7.288385416666667 12 268 0.4764583333333333 131.53295625000004 1.5966083333333332 0.28992295265197754 4
1 -1 8 0.03 0 -244 0 0 256 0 6.923199999999995 0 3.0593888759613037 4
random:4T:1800
1 -1 0 2.17 0 -26 26.328467948717954 16 365 0.3634679487179487 846.0787816239316 1.0904038461538461 0.3163108825683594 4
1 -1 1 0.42 0.25440555555555555 -1 4.020307692307692 12 268 0.27872435897435893 120.64256196581199 1.0905786324786324 4.388762712478638 4
1 -1 2 0.41 0.2589944444444444 -1 4.048897435897436 12 268 0.2852051282051283 118.85999786324783 1.1146098290598294 1.530473232269287 4
1 -1 3 0.45 0.18576111111111113 -1 3.1651538461538458 12 268 0.2315448717948718 127.76933376068374 0.8803957264957265 0.026517391204833984 4
1 -1 4 2.42 0.0 -18 26.54805128205128 16 365 0.2828076923076923 934.7263316239319 0.848423076923077 0.040300846099853516 4
1 -1 5 0.4 0.20565555555555556 -1 3.726602564102563 12 268 0.23532051282051283 115.9234465811965 0.9116170940170941 1.042518138885498 4
1 -1 6 2.43 0.0 -17 29.410628205128205 16 365 0.3191410256410257 947.5560123931623 0.9574230769230772 4.715044021606445 4
1 -1 7 0.39 0.14993888888888887 -2 6.5951153846153865 12 268 0.43539102564102566 118.63119059829049 1.456111965811966 0.11301898956298828 4
1 -1 8 0.03 0 -244 0 0 256 0 7.000399999999951 0 3.168928861618042 4
random:4T:2400
1 -1 0 0.95 0 -24 11.711724074074068 16 365 0.25906481481481486 368.7050888888889 0.7771944444444445 0.29790210723876953 4
1 -1 1 0.72 0.20291666666666666 -1 7.460324074074075 16 365 0.22841203703703702 276.92780972222226 0.8881527777777777 0.44356513023376465 4
random:4T:2400
1 -1 2 0.7 0.16891666666666666 -1 8.866703703703704 16 365 0.27011111111111114 271.5426444444446 0.97925 0.7474491596221924 4
1 -1 8 0.03 0 -244 0 0 256 0 7.038999999999928 0 3.1426732540130615 4
random:4T:2400
1 -1 8 0.03 0 -244 0 0 256 0 7.038999999999928 0 3.3148438930511475 4
random:4T:2400
1 -1 8 0.03 0 -244 0 0 256 0 7.038999999999928 0 3.2578160762786865 4
random:5T:2400
1 -1 8 0.05 0 -231 1.274629629629617 2 258 0.6373148148148085 16.099180555555403 1.9119444444444254 1.8132388591766357 5
random:4T:2400
random:4T:2400
1 -1 8 0.03 0 -244 0 0 256 0 7.038999999999928 0 4.5342559814453125 4
random:4T:2400
1 -1 8 0.03 0 -244 0 0 256 0 7.038999999999928 0 4.41032075881958 4
random:4T:2400
1 -1 8 0.03 0 -244 0 0 256 0 7.038999999999928 0 6.187862873077393 4
random:4T:2400
1 -1 8 0.03 0 -244 0 0 256 0 7.038999999999928 0 4.323704957962036 4
random:5T:2400
1 -1 8 0.05 0 -231 1.274629629629617 2 258 0.6373148148148085 16.099180555555403 1.9119444444444254 2.6053740978240967 5
random:4T:2400
1 -1 8 0.03 0 -244 0 0 256 0 7.038999999999928 0 3.6979479789733887 4
random:5T:2400
1 -1 8 0.05 0 -231 1.274629629629617 2 258 0.6373148148148085 16.099180555555403 1.9119444444444254 2.353955030441284 5
random:4T:2400
1 -1 8 0.03 0 -244 0 0 256 0 7.038999999999928 0 3.5603878498077393 4
random:5T:2400
1 -1 8 0.05 0 -231 1.274629629629617 2 258 0.6373148148148085 16.099180555555403 1.9119444444444254 2.6725618839263916 5
random:4T:2400
1 -1 8 0.03 0 -244 0 0 256 0 7.038999999999928 0 3.655097007751465 4
random:5T:2400
1 -1 8 0.05 0 -231 1.274629629629617 2 258 0.6373148148148085 16.099180555555403 1.9119444444444254 2.1522159576416016 5
random:4T:2400
random:4T:2400
1 -1 8 0.03 0 -244 0 0 256 0 7.038999999999928 0 4.519481658935547 4
random:5T:2400
1 -1 8 0.05 0 -231 1.274629629629617 2 258 0.6373148148148085 16.099180555555403 1.9119444444444254 2.6242659091949463 5
random:4T:2400
1 -1 8 0.03 0 -244 0 0 256 0 7.038999999999928 0 3.968050956726074 4
random:5T:2400
1 -1 8 0.05 0 -231 1.274629629629617 2 258 0.6373148148148085 16.099180555555403 1.9119444444444254 2.201338768005371 5
random:4T:2400
1 -1 8 0.03 0 -244 0 0 256 0 7.038999999999928 0 3.7962377071380615 4
random:4T:2400
1 -1 8 0.03 0 -244 0 0 256 0 7.038999999999928 0 4.225683927536011 4
random:4T:2400
1 -1 8 0.03 0 -244 0 0 256 0 7.038999999999928 0 3.090198040008545 4
random:5T:2400
1 -1 8 0.05 0 -231 1.274629629629617 2 258 0.6373148148148085 16.099180555555403 1.9119444444444254 1.779444932937622 5
random:4T:2400
1 -1 7 0.83 0.18704166666666666 -1 12.989203703703705 16 365 0.3739629629629629 327.21580277777787 1.3089305555555555 0.062307119369506836 4
random:5T:2400
1 -1 7 0.42 0.20224999999999999 -1 6.382021990740741 14 270 0.4239814814814815 125.98364930555559 1.4741944444444446 0.05693793296813965 5
random:4T:2400
1 -1 8 0.03 0 -244 0 0 256 0 7.038999999999928 0 4.159408092498779 4
random:4T:2400
1 -1 8 0.03 0 -244 0 0 256 0 7.038999999999928 0 4.176295757293701 4
random:4T:2400
1 -1 8 0.03 0 -244 0 0 256 0 7.038999999999928 0 3.2994697093963623 4
random:4T:2400
1 -1 8 0.03 0 -244 0 0 256 0 7.038999999999928 0 3.295217990875244 4
random:4T:2400
1 -1 8 0.03 0 -244 0 0 256 0 7.038999999999928 0 3.394998073577881 4
random:4T:1800
1 -1 8 1.93 0.0 -27 35.77027564102563 16 365 0.34349358974358973 775.2190824786325 1.0304807692307691 0.3859221935272217 4
random:5T:1800
1 -1 8 0.41 0.20882777777777778 -1 5.94299358974359 14 270 0.38571794871794873 122.94459188034186 1.365981623931624 0.958050012588501 5
random:4T:1800
1 -1 8 1.93 0.0 -27 35.77027564102563 16 365 0.34349358974358973 775.2190824786325 1.0304807692307691 0.3368089199066162 4
random:5T:1800
1 -1 8 0.41 0.20882777777777778 -1 5.94299358974359 14 270 0.38571794871794873 122.94459188034186 1.365981623931624 0.8967921733856201 5
random:4T:1800
1 -1 8 1.92 0.0 -27 30.23563186813187 16 365 0.29335714285714276 762.1284011599512 0.8800714285714283 0.29363107681274414 4
random:5T:1800
1 -1 8 0.41 0.15283888888888889 -1 5.653361721611722 14 270 0.36719642857142865 120.89576849816854 1.254428174603175 1.161402940750122 5
random:6T:1800
random:6T:1800
random:6T:1800
random:6T:1800
random:6T:1800
random:6T:1800
random:6T:1800
random:6T:1800
1 -1 8 0.4 0.15244444444444444 -2 6.702291666666659 16 272 0.36344047619047615 121.79213055555546 1.2427658730158728 0.7695119380950928 6
random:6T:1800
1 -1 8 0.4 0.15244444444444444 -2 6.702291666666659 16 272 0.36344047619047615 121.79213055555546 1.2427658730158728 0.8529019355773926 6
random:6T:1800
1 -1 8 0.4 0.15244444444444444 -2 6.702291666666659 16 272 0.36344047619047615 121.79213055555546 1.2427658730158728 0.766575813293457 6
random:6T:1800
1 -1 8 0.4 0.15244444444444444 -2 6.702291666666659 16 272 0.36344047619047615 121.79213055555546 1.2427658730158728 0.7276279926300049 6
random:6T:1800
1 -1 8 0.4 0.15244444444444444 -2 6.702291666666659 16 272 0.36344047619047615 121.79213055555546 1.2427658730158728 0.7195360660552979 6
random:6T:1800
1 -1 8 0.4 0.15244444444444444 -2 6.702291666666659 16 272 0.36344047619047615 121.79213055555546 1.2427658730158728 1.0106532573699951 6
random:6T:1800
1 -1 8 0.4 0.15244444444444444 -2 6.702291666666659 16 272 0.36344047619047615 121.79213055555546 1.2427658730158728 0.7535040378570557 6
random:6T:1800
1 -1 8 0.4 0.15244444444444444 -2 6.702291666666659 16 272 0.36344047619047615 121.79213055555546 1.2427658730158728 0.7386329174041748 6
random:6T:1800
1 -1 8 0.4 0.15244444444444444 -2 6.702291666666659 16 272 0.36344047619047615 121.79213055555546 1.2427658730158728 0.707545280456543 6
random:6T:1800
1 -1 8 0.4 0.15244444444444444 -2 6.702291666666659 16 272 0.36344047619047615 121.79213055555546 1.2427658730158728 0.7103040218353271 6
random:6T:1800
1 -1 8 0.4 0.15244444444444444 -2 6.702291666666659 16 272 0.36344047619047615 121.79213055555546 1.2427658730158728 0.6847920417785645 6
random:6T:1800
1 -1 8 0.42 0.15244444444444444 -2 13.465855158730143 20 276 0.35301785714285716 142.58933214285702 1.211498015873016 0.8513932228088379 6
random:6T:1800
1 -1 8 0.4 0.15199444444444443 -2 7.399741071428569 16 272 0.3170357142857143 122.541956547619 1.1031015873015875 1.0378880500793457 6
random:6T:1800
1 -1 8 0.4 0.15199444444444443 -2 7.044956845238089 16 272 0.314672619047619 121.81259831349205 1.0960123015873013 0.9670290946960449 6
random:6T:1800
1 -1 8 0.4 0.15199444444444443 -2 7.399741071428569 16 272 0.3170357142857143 122.541956547619 1.1031015873015875 1.0623769760131836 6
random:6T:1800
1 -1 8 0.4 0.15199444444444443 -2 7.044956845238089 16 272 0.314672619047619 121.81259831349205 1.0960123015873013 0.9901690483093262 6
random:6T:1800
1 -1 8 0.4 0.15199444444444443 -2 7.399741071428569 16 272 0.3170357142857143 122.541956547619 1.1031015873015875 1.0223097801208496 6
random:6T:1800
1 -1 8 0.4 0.15199444444444443 -2 7.044956845238089 16 272 0.314672619047619 121.81259831349205 1.0960123015873013 0.971081018447876 6
random:6T:1800
1 -1 8 0.4 0.15199444444444443 -2 7.044956845238089 16 272 0.314672619047619 121.81259831349205 1.0960123015873013 0.9505071640014648 6
random:6T:1800
1 -1 8 0.4 0.15199444444444443 -2 7.399741071428569 16 272 0.3170357142857143 122.541956547619 1.1031015873015875 1.0094709396362305 6
random:6T:1800
1 -1 8 0.4 0.15199444444444443 -2 7.044956845238089 16 272 0.314672619047619 121.81259831349205 1.0960123015873013 0.9747021198272705 6
random:6T:1800
1 -1 8 0.4 0.15199444444444443 -2 7.044956845238089 16 272 0.314672619047619 121.81259831349205 1.0960123015873013 1.0488388538360596 6
random:6T:1800
1 -1 8 0.4 0.15199444444444443 -2 7.044956845238089 16 272 0.314672619047619 121.81259831349205 1.0960123015873013 0.9731221199035645 6
random:6T:1800
1 -1 8 0.4 0.15199444444444443 -2 7.044956845238089 16 272 0.314672619047619 121.81259831349205 1.0960123015873013 0.980571985244751 6
random:6T:1800
random:6T:1800
1 -1 8 0.4 0.15199444444444443 -2 7.399741071428569 16 272 0.3170357142857143 122.541956547619 1.1031015873015875 1.079979658126831 6
random:6T:1800
1 -1 8 0.4 0.15199444444444443 -2 7.399741071428569 16 272 0.3170357142857143 122.541956547619 1.1031015873015875 1.045485019683838 6
random:6T:1800
1 -1 8 0.4 0.15199444444444443 -2 7.044956845238089 16 272 0.314672619047619 121.81259831349205 1.0960123015873013 0.9452381134033203 6
random:6T:1800
1 -1 8 0.4 0.15199444444444443 -2 7.044956845238089 16 272 0.314672619047619 121.81259831349205 1.0960123015873013 1.023664951324463 6
random:6T:1800
1 -1 8 0.4 0.15199444444444443 -2 7.044956845238089 16 272 0.314672619047619 121.81259831349205 1.0960123015873013 0.942594051361084 6
random:6T:1800
1 -1 8 0.4 0.15199444444444443 -2 7.399741071428569 16 272 0.3170357142857143 122.541956547619 1.1031015873015875 0.9713308811187744 6
random:6T:1800
1 -1 8 0.4 0.15199444444444443 -2 7.044956845238089 16 272 0.314672619047619 121.81259831349205 1.0960123015873013 0.9176199436187744 6
random:6T:1800
1 -1 8 0.4 0.15199444444444443 -2 7.399741071428569 16 272 0.3170357142857143 122.541956547619 1.1031015873015875 1.00589919090271 6
random:6T:1800
1 -1 8 0.4 0.15199444444444443 -2 7.399741071428569 16 272 0.3170357142857143 122.541956547619 1.1031015873015875 0.9908878803253174 6
random:6T:1800
1 -1 8 0.4 0.15199444444444443 -2 7.399741071428569 16 272 0.3170357142857143 122.541956547619 1.1031015873015875 0.9919261932373047 6
random:6T:1800
random:6T:1800
random:6T:1800
random:6T:1800
1 -1 8 0.4 0.15199444444444443 -2 7.044956845238089 16 272 0.314672619047619 121.81259831349205 1.0960123015873013 0.9694597721099854 6
random:6T:1800
1 -1 8 0.4 0.15199444444444443 -2 7.044956845238089 16 272 0.314672619047619 121.81259831349205 1.0960123015873013 0.9485890865325928 6
random:6T:1800
1 -1 8 0.4 0.15199444444444443 -2 7.399741071428569 16 272 0.3170357142857143 122.541956547619 1.1031015873015875 0.9953668117523193 6
random:6T:1800
1 -1 8 0.4 0.15199444444444443 -2 7.044956845238089 16 272 0.314672619047619 121.81259831349205 1.0960123015873013 0.9539718627929688 6
random:6T:1800
random:6T:1800
1 -1 8 0.4 0.15199444444444443 -2 7.399741071428569 16 272 0.3170357142857143 122.541956547619 1.1031015873015875 1.05035400390625 6
random:6T:1800
1 -1 8 0.4 0.15199444444444443 -2 7.044956845238089 16 272 0.314672619047619 121.81259831349205 1.0960123015873013 0.9694900512695312 6
random:6T:1800
1 -1 8 0.4 0.15199444444444443 -2 7.044956845238089 16 272 0.314672619047619 121.81259831349205 1.0960123015873013 0.9233047962188721 6
random:6T:1800
1 -1 8 0.4 0.15199444444444443 -2 7.399741071428569 16 272 0.3170357142857143 122.541956547619 1.1031015873015875 1.1110918521881104 6
random:6T:1800
1 -1 8 0.4 0.15199444444444443 -2 7.044956845238089 16 272 0.314672619047619 121.81259831349205 1.0960123015873013 0.9658141136169434 6
random:6T:1800
1 -1 8 0.4 0.15199444444444443 -2 7.399741071428569 16 272 0.3170357142857143 122.541956547619 1.1031015873015875 0.21865320205688477 6
random:6T:1800
1 -1 8 0.4 0.15199444444444443 -2 7.399741071428569 16 272 0.3170357142857143 122.541956547619 1.1031015873015875 0.2146470546722412 6
random:6T:1800
1 -1 8 0.4 0.15199444444444443 -2 7.399741071428569 16 272 0.3170357142857143 122.541956547619 1.1031015873015875 0.22167611122131348 6
random:6T:1800
1 -1 8 0.4 0.15199444444444443 -2 7.044956845238089 16 272 0.314672619047619 121.81259831349205 1.0960123015873013 0.2487800121307373 6
random:6T:1800
1 -1 8 0.4 0.15199444444444443 -2 7.399741071428569 16 272 0.3170357142857143 122.541956547619 1.1031015873015875 0.21877408027648926 6
random:6T:1800
random:6T:1800
1 -1 8 0.4 0.15199444444444443 -2 7.044956845238089 16 272 0.314672619047619 121.81259831349205 1.0960123015873013 0.25396299362182617 6
random:6T:1800
1 -1 8 0.4 0.15199444444444443 -2 7.399741071428569 16 272 0.3170357142857143 122.541956547619 1.1031015873015875 0.21720600128173828 6
random:6T:1800
1 -1 8 0.4 0.15199444444444443 -2 7.399741071428569 16 272 0.3170357142857143 122.541956547619 1.1031015873015875 0.22161507606506348 6
random:6T:1800
1 -1 8 0.4 0.15199444444444443 -2 7.044956845238089 16 272 0.314672619047619 121.81259831349205 1.0960123015873013 0.3076920509338379 6
random:6T:1800
1 -1 8 0.4 0.15199444444444443 -2 7.399741071428569 16 272 0.3170357142857143 122.541956547619 1.1031015873015875 0.2513558864593506 6
random:6T:1800
1 -1 8 0.4 0.15199444444444443 -2 7.044956845238089 16 272 0.314672619047619 121.81259831349205 1.0960123015873013 0.2548098564147949 6
random:6T:1800
1 -1 8 0.4 0.15199444444444443 -2 7.399741071428569 16 272 0.3170357142857143 122.541956547619 1.1031015873015875 0.22556185722351074 6
random:6T:1800
1 -1 8 0.4 0.15199444444444443 -2 7.399741071428569 16 272 0.3170357142857143 122.541956547619 1.1031015873015875 0.21734404563903809 6
random:6T:1800
1 -1 8 0.4 0.15199444444444443 -2 7.044956845238089 16 272 0.314672619047619 121.81259831349205 1.0960123015873013 0.24560308456420898 6
random:6T:1800
1 -1 8 0.4 0.19011111111111115 -2 6.547117380952379 16 272 0.35623214285714266 123.04373547619048 1.2588075396825391 0.745553731918335 6
random:6T:1800
1 -1 8 0.4 0.2022277777777778 -2 6.735016941391939 16 272 0.3703630952380951 121.51566193528683 1.3133170634920632 1.4103271961212158 6
random:6T:1800
1 -1 8 0.4 0.19011111111111115 -2 6.547117380952379 16 272 0.35623214285714266 123.04373547619048 1.2588075396825391 0.7514498233795166 6
random:6T:1800
1 -1 8 0.4 0.19011111111111115 -2 6.547117380952379 16 272 0.35623214285714266 123.04373547619048 1.2588075396825391 0.7924470901489258 6
random:6T:1800
1 -1 8 0.4 0.2022277777777778 -2 6.735016941391939 16 272 0.3703630952380951 121.51566193528683 1.3133170634920632 1.4084751605987549 6
random:6T:1800
1 -1 8 0.4 0.19011111111111115 -2 6.547117380952379 16 272 0.35623214285714266 123.04373547619048 1.2588075396825391 0.7985000610351562 6
random:6T:1800
1 -1 8 0.4 0.19011111111111115 -2 6.547117380952379 16 272 0.35623214285714266 123.04373547619048 1.2588075396825391 0.7724716663360596 6
random:6T:1800
1 -1 8 0.4 0.2022277777777778 -2 6.735016941391939 16 272 0.3703630952380951 121.51566193528683 1.3133170634920632 1.3663051128387451 6
random:6T:1800
1 -1 8 0.4 0.2022277777777778 -2 6.735016941391939 16 272 0.3703630952380951 121.51566193528683 1.3133170634920632 1.635545015335083 6
random:6T:1800
1 -1 8 0.4 0.1537888888888889 -2 6.587284761904751 16 272 0.3507440476190463 121.2275765079364 1.206021031746028 0.9702839851379395 6
random:6T:1800
1 -1 8 0.4 0.1537888888888889 -2 6.587284761904751 16 272 0.3507440476190463 121.2275765079364 1.206021031746028 0.989332914352417 6
random:6T:1800
1 -1 8 0.4 0.15261111111111111 -2 7.335607142857138 16 272 0.3670238095238094 123.48728809523807 1.2536825396825393 2.0445897579193115 6
random:4T:1800
1 -1 8 0.41 0.18511666666666668 -1 6.073351465201468 16 365 0.3104523809523809 163.13050995116004 1.1164738095238094 2.3834922313690186 4
random:5T:1800
1 -1 8 0.4 0.17761666666666664 -1 6.848815476190477 16 272 0.3478869047619048 122.729801984127 1.221277380952381 0.49297404289245605 5
random:6T:1800
1 -1 8 0.4 0.15261111111111111 -2 7.335607142857138 16 272 0.3670238095238094 123.48728809523807 1.2536825396825393 2.0480639934539795 6
random:4T:1800
1 -1 8 0.41 0.18511666666666668 -1 6.073351465201468 16 365 0.3104523809523809 163.13050995116004 1.1164738095238094 2.330378770828247 4
random:5T:1800
1 -1 8 0.41 0.20271666666666666 -1 9.062522486772487 16 272 0.3482797619047619 128.58091190476188 1.2475559523809523 0.5760338306427002 5
random:6T:1800
1 -1 8 0.4 0.15261111111111111 -2 7.335607142857138 16 272 0.3670238095238094 123.48728809523807 1.2536825396825393 2.148279905319214 6
random:4T:1800
1 -1 3 0.45 0.13707222222222223 -1 4.326720421245421 16 365 0.22105952380952382 174.5533307081806 0.8002507936507937 0.025463104248046875 4
random:5T:1800
1 -1 3 0.47 0.22694642857142855 -1 9.252911630036628 16 272 0.22694642857142855 147.5150126678877 0.981922619047619 0.023822784423828125 5
random:6T:1800
1 -1 3 0.46 0.17442592592592593 -1 4.613796296296296 16 272 0.17442592592592593 134.18996111111107 0.84015 0.025551795959472656 6
random:4T:1800
1 -1 7 0.4 0.14473888888888886 -1 7.142867965367968 16 365 0.3553630952380953 159.9726180375181 1.2108281746031748 0.3349778652191162 4
random:5T:1800
1 -1 7 0.42 0.20486666666666667 -2 9.537016534391533 16 272 0.38211904761904764 134.55666626984126 1.3512238095238096 0.7174680233001709 5
random:6T:1800
1 -1 7 0.41 0.1482111111111111 -2 8.267174565018314 16 272 0.37553205128205125 128.51927925061048 1.2748072649572648 0.726038932800293 6
random:4T:1800
1 -1 7 0.38 0.15084999999999998 -2 5.80416208791209 12 268 0.38808333333333334 114.4404084859585 1.3151 0.6245241165161133 4
random:5T:1800
1 -1 7 0.42 0.20308333333333334 -2 5.970103021978023 14 270 0.3996369047619048 125.58978684371183 1.4019940476190476 1.3663511276245117 5
random:6T:1800
random:4T:1800
1 -1 7 0.38 0.15084999999999998 -2 5.80416208791209 12 268 0.38808333333333334 114.4404084859585 1.3151 0.6538779735565186 4
random:5T:1800
1 -1 7 0.42 0.20308333333333334 -2 5.970103021978023 14 270 0.3996369047619048 125.58978684371183 1.4019940476190476 1.3020448684692383 5
random:6T:1800
random:4T:1800
1 -1 7 0.38 0.15084999999999998 -2 5.80416208791209 12 268 0.38808333333333334 114.4404084859585 1.3151 0.6324591636657715 4
random:5T:1800
1 -1 7 0.42 0.20308333333333334 -2 5.970103021978023 14 270 0.3996369047619048 125.58978684371183 1.4019940476190476 1.3263850212097168 5
random:6T:1800
1 -1 7 0.41 0.14504999999999998 -2 6.969005036630037 16 272 0.3682371794871795 126.52471510989012 1.2497615384615384 0.7741861343383789 6
random:4T:1800
1 -1 7 0.42 0.14480555555555555 -1 25.843389194139192 26 378 0.21751923076923077 210.46658980463963 0.7973632478632479 0.3226602077484131 4
random:5T:1800
1 -1 7 0.33 0.11868888888888889 -1 7.878128732378734 30 542 0.17830952380952378 192.21395286380272 0.6536174603174602 2.237718105316162 5
random:6T:1800
1 -1 7 0.35 0.10505555555555555 -2 11.65807219169719 40 520 0.2009652777777778 203.35522768620277 0.707951388888889 1.1675219535827637 6
random:4T:1800
1 -1 3 0.42 0.1157797619047619 -1 4.92416514041514 22 374 0.1157797619047619 166.70080653235638 0.5971337301587301 0.03213000297546387 4
random:5T:1800
1 -1 3 0.28 0.0 -80 6.1648464202464215 30 542 0.0 163.26400592740572 0.0 0.053379058837890625 5
random:6T:1800
1 -1 3 0.34 0.06330555555555556 -1 8.817466699966703 40 520 0.12656410256410255 192.49926121101117 0.4429978632478632 0.04749321937561035 6
random:4T:1800
1 -1 3 0.4 0.0 -5 5.481052503052504 22 374 0.11058333333333331 160.04726306471304 0.33174999999999993 0.03157973289489746 4
random:5T:1800
1 -1 3 0.28 0.0 -99 6.2567488011988015 30 542 0.0 162.1735352924851 0.0 0.05732893943786621 5
random:6T:1800
1 -1 3 0.31 0.0 -56 9.021342157842152 40 520 0.0 177.85933758463744 0.0 0.04986715316772461 6
random:4T:1800
1 -1 3 0.38 0.0 -40 6.918973581973582 26 378 0.0 157.72749296814314 0.0 0.03129220008850098 4
random:5T:1800
1 -1 3 0.37 0.0 -136 10.044901393927717 32 608 0.0 244.55061529289452 0.0 0.0526127815246582 5
random:6T:1800
1 -1 3 0.31 0.0 -56 9.021342157842152 40 520 0.0 177.48052647352634 0.0 0.045021772384643555 6
random:4T:1800
1 -1 7 0.41 0.14480555555555555 -1 9.920873168498169 26 378 0.23635897435897435 173.3578472832725 0.8538824786324786 2.2889158725738525 4
random:4T:1800
1 -1 7 0.41 0.14480555555555555 -1 9.920873168498169 26 378 0.23635897435897435 173.3578472832725 0.8538824786324786 2.1814017295837402 4
random:5T:1800
1 -1 7 0.44 0.12047777777777778 -1 12.161712393162391 32 608 0.18654487179487178 292.2987038461537 0.6801123931623931 3.790602922439575 5
random:6T:1800
1 -1 7 0.36 0.10246111111111111 -2 12.404175213675217 40 520 0.20101388888888888 210.6673645299148 0.7055027777777778 0.39475202560424805 6
random:4T:1800
1 -1 7 0.41 0.14480555555555555 -1 9.920873168498169 26 378 0.23635897435897435 173.3578472832725 0.8538824786324786 2.338620185852051 4
random:4T:2400
1 -1 7 0.39 0.11941249999999999 -1 9.404101753566927 26 378 0.25692156862745097 164.34886776070095 0.8901772058823529 1.9768171310424805 4
random:4T:2400
1 -1 7 0.41 0.11941249999999999 -1 21.67327563598539 30 382 0.25692156862745097 201.69754774128953 0.8901772058823529 0.5551490783691406 4
random:4T:3000
1 -1 7 0.58 0 -18 24.086084426433384 38 483 0.17950000000000002 329.90498439041136 0.5385000000000001 2.250792980194092 4
random:4T:3000
1 -1 7 0.58 0 -18 24.086084426433384 38 483 0.17950000000000002 329.90498439041136 0.5385000000000001 2.159273386001587 4
random:4T:3000
1 -1 7 0.5 0.12179999999999999 -1 16.5688274924634 34 479 0.12179999999999999 273.04963247739 0.4944033333333333 0.14510416984558105 4
random:4T:3000
1 -1 7 0.67 0.0 -30 21.202498067476203 38 483 0 363.90376586909525 0.0 1.599278211593628 4
random:4T:3000
1 -1 3 3.12 0.0 -55 10.27254343345647 34 479 0.0 1516.27923030037 0.0 0.03144693374633789 4
random:4T:3000
1 -1 3 0.48 0.0 -8 9.38885826388749 34 479 0.1129375 247.72235637061002 0.33881249999999996 0.03691220283508301 4
random:4T:3000
1 -1 3 0.48 0.0 -8 9.38885826388749 34 479 0.1129375 247.72235637061002 0.33881249999999996 0.03176593780517578 4
1 -1 7 0.42 0.10445098039215686 -1 14.547626498682474 38 483 0.10445098039215686 232.66921831957697 0.46124627450980393 0.32462000846862793 4
random:4T:3000
1 -1 3 0.48 0.0 -8 9.38885826388749 34 479 0.1129375 247.72235637061002 0.33881249999999996 0.03395986557006836 4
1 -1 7 0.42 0.10445098039215686 -1 14.547626498682474 38 483 0.10445098039215686 232.66921831957697 0.46124627450980393 0.33383774757385254 4
random:4T:3000
1 -1 3 0.48 0.0 -13 18.14829747475777 56 501 0.05798611111111111 278.9520474242732 0.17395833333333333 0.03243112564086914 4
1 -1 7 0.4 0.11570634920634923 -1 18.43581842806951 52 497 0.11570634920634923 235.74008417309767 0.505992380952381 0.9442479610443115 4
random:4T:3000
1 -1 3 0.48 0.0 -13 18.14829747475777 56 501 0.05798611111111111 278.9520474242732 0.17395833333333333 0.03170204162597656 4
1 -1 7 0.4 0.11570634920634923 -1 18.43581842806951 52 497 0.11570634920634923 235.74008417309767 0.505992380952381 0.9523200988769531 4
random:4T:3000
1 -1 3 0.43 0.0 -14 16.77173018851914 54 499 0.06690277777777778 248.88630056555743 0.20070833333333335 0.03319978713989258 4
1 -1 7 0.4 0.13951000000000002 -1 18.838185547085764 52 497 0.16519841269841273 236.0212837841142 0.6351052380952382 0.3636298179626465 4
random:4T:3000
random:4T:3000
random:4T:3000
random:4T:3000
random:4T:3000
random:4T:3000
