random:0T:300
random:0T:300
0 (3, 107.92) 0 125.17 0 -12 1874.2800000000002 11 69 107.92 12385.610000000008 323.76 0.2633700370788574 0
random:0T:300
0 -1 0 125.17 0 -12 1874.2800000000002 11 69 107.92 12385.610000000008 323.76 0.09282207489013672 0
random:0T:300
0 -1 0 125.17 0 -12 1874.2800000000002 11 69 107.92 12385.610000000008 323.76 0.08528375625610352 0
1 -1 0 109.52 0 -12 151.64000000000001 2 67 15.78 7640.85 47.339999999999996 0.09604096412658691 0
2 -1 0 131.03 0 -1 130.22 1 41 130.22 5632.66 47.339999999999996 0.05612897872924805 0
0 -1 0 125.17 0 -12 1874.2800000000002 11 69 107.92 12385.610000000008 323.76 0.09991979598999023 0
1 -1 0 109.52 0 -12 151.64000000000001 2 67 15.78 7640.85 47.339999999999996 0.11266613006591797 0
2 -1 0 131.03 0 -1 130.22 1 41 130.22 5632.66 47.339999999999996 0.052703857421875 0
0 -1 0 125.17 0 -12 1874.2800000000002 11 69 107.92 12385.610000000008 323.76 0.08837413787841797 0
1 -1 0 109.52 0 -12 151.64000000000001 2 67 15.78 7640.85 47.339999999999996 0.09969472885131836 0
2 -1 0 131.03 0 -1 130.22 1 41 130.22 5632.66 47.339999999999996 0.05338597297668457 0
0 -1 0 125.17 0 -12 1874.2800000000002 11 69 107.92 12385.610000000008 323.76 0.08709287643432617 0
1 -1 0 109.52 0 -12 151.64000000000001 2 67 15.78 7640.85 47.339999999999996 0.10015320777893066 0
2 -1 0 131.03 0 -1 130.22 1 41 130.22 5632.66 47.339999999999996 0.052451133728027344 0
0 -1 1 122.1 0.78 -1 1417.3599999999997 11 69 110.32 11259.300000000003 331.73999999999995 0.05696606636047363 0
1 -1 1 107.77 0 -3 210.20999999999998 2 67 85.57 7640.7599999999975 256.71 0.07830405235290527 0
2 -1 1 120.37 79.02 -1 81.73 1 41 81.73 5098.459999999998 245.19 0.5898580551147461 0
0 -1 1 122.1 0.78 -1 1417.3599999999997 11 69 110.32 11259.300000000003 331.73999999999995 0.05371212959289551 0
1 -1 1 107.77 0 -3 210.20999999999998 2 67 85.57 7640.7599999999975 256.71 0.07858991622924805 0
2 -1 1 120.37 79.02 -1 81.73 1 41 81.73 5098.459999999998 245.19 0.5731089115142822 0
0 -1 1 122.1 0.78 -1 1417.3599999999997 11 69 110.32 11259.300000000003 331.73999999999995 0.07458972930908203 0
1 -1 1 107.77 0 -3 210.20999999999998 2 67 85.57 7640.7599999999975 256.71 0.08168601989746094 0
2 -1 1 120.37 79.02 -1 81.73 1 41 81.73 5098.459999999998 245.19 0.6418576240539551 0
0 -1 1 122.1 0.78 -1 1417.3599999999997 11 69 110.32 11259.300000000003 331.73999999999995 0.06008791923522949 0
1 -1 1 107.77 0 -3 210.20999999999998 2 67 85.57 7640.7599999999975 256.71 0.08236432075500488 0
2 -1 1 120.37 79.02 -1 81.73 1 41 81.73 5098.459999999998 245.19 0.6102237701416016 0
0 -1 2 114.82 0 -2 1303.13 11 69 80.63 10528.599999999995 241.89 1.1702077388763428 0
1 -1 2 95.13 0.0 -5 121.18 2 67 0.0 6616.119999999998 0.0 1.6169731616973877 0
2 -1 2 118.22 72.48 -1 91.76 1 41 91.76 5030.539999999998 0.0 0.9135417938232422 0
0 -1 2 114.82 0 -2 1303.13 11 69 80.63 10528.599999999995 241.89 1.10969877243042 0
1 -1 2 95.13 0.0 -5 121.18 2 67 0.0 6616.119999999998 0.0 1.5751032829284668 0
2 -1 2 118.22 72.48 -1 91.76 1 41 91.76 5030.539999999998 0.0 0.9539310932159424 0
0 -1 2 114.82 0 -2 1303.13 11 69 80.63 10528.599999999995 241.89 1.1535251140594482 0
1 -1 2 95.13 0.0 -5 121.18 2 67 0.0 6616.119999999998 0.0 1.584183931350708 0
2 -1 2 118.22 72.48 -1 91.76 1 41 91.76 5030.539999999998 0.0 1.002565860748291 0
0 -1 2 114.82 0 -2 1303.13 11 69 80.63 10528.599999999995 241.89 1.1862680912017822 0
1 -1 2 95.13 0.0 -5 121.18 2 67 0.0 6616.119999999998 0.0 1.6379311084747314 0
2 -1 2 118.22 72.48 -1 91.76 1 41 91.76 5030.539999999998 0.0 0.9774599075317383 0
0 -1 3 108.21 0.0 -4 965.7200000000001 11 69 46.28 9397.750000000007 138.84 0.003317117691040039 0
1 -1 3 84.37 0.0 -12 0.0 2 67 0.0 5652.970000000003 0.0 0.003498077392578125 0
2 -1 3 123.74 0.0 -1 90.18 1 41 90.18 5253.720000000001 0.0 0.0021250247955322266 0
0 -1 3 108.21 0.0 -4 965.7200000000001 11 69 46.28 9397.750000000007 138.84 0.0033447742462158203 0
1 -1 3 84.37 0.0 -12 0.0 2 67 0.0 5652.970000000003 0.0 0.003579854965209961 0
2 -1 3 123.74 0.0 -1 90.18 1 41 90.18 5253.720000000001 0.0 0.0021512508392333984 0
0 -1 3 108.21 0.0 -4 965.7200000000001 11 69 46.28 9397.750000000007 138.84 0.003361225128173828 0
1 -1 3 84.37 0.0 -12 0.0 2 67 0.0 5652.970000000003 0.0 0.0032439231872558594 0
2 -1 3 123.74 0.0 -1 90.18 1 41 90.18 5253.720000000001 0.0 0.002251148223876953 0
0 -1 3 108.21 0.0 -4 965.7200000000001 11 69 46.28 9397.750000000007 138.84 0.003387928009033203 0
1 -1 3 84.37 0.0 -12 0.0 2 67 0.0 5652.970000000003 0.0 0.0031571388244628906 0
2 -1 3 123.74 0.0 -1 90.18 1 41 90.18 5253.720000000001 0.0 0.0021991729736328125 0
0 -1 4 122.1 0.78 -1 1417.3599999999997 11 69 110.32 11259.300000000003 331.73999999999995 0.05600261688232422 0
1 -1 4 107.77 0.0 -3 210.20999999999998 2 67 85.57 7640.7599999999975 256.71 0.08166909217834473 0
2 -1 4 120.37 79.02 -1 81.73 1 41 81.73 5098.459999999998 245.19 0.6029660701751709 0
0 -1 4 122.1 0.78 -1 1417.3599999999997 11 69 110.32 11259.300000000003 331.73999999999995 0.058825016021728516 0
1 -1 4 107.77 0.0 -3 210.20999999999998 2 67 85.57 7640.7599999999975 256.71 0.07826685905456543 0
2 -1 4 120.37 79.02 -1 81.73 1 41 81.73 5098.459999999998 245.19 0.6144800186157227 0
0 -1 4 122.1 0.78 -1 1417.3599999999997 11 69 110.32 11259.300000000003 331.73999999999995 0.06023597717285156 0
1 -1 4 107.77 0.0 -3 210.20999999999998 2 67 85.57 7640.7599999999975 256.71 0.08284687995910645 0
2 -1 4 120.37 79.02 -1 81.73 1 41 81.73 5098.459999999998 245.19 0.6422789096832275 0
0 -1 4 122.1 0.78 -1 1417.3599999999997 11 69 110.32 11259.300000000003 331.73999999999995 0.0568690299987793 0
1 -1 4 107.77 0.0 -3 210.20999999999998 2 67 85.57 7640.7599999999975 256.71 0.08340096473693848 0
2 -1 4 120.37 79.02 -1 81.73 1 41 81.73 5098.459999999998 245.19 0.641995906829834 0
0 -1 5 91.51 0 -8 1070.9699999999998 11 69 43.75 8456.34 131.25 0.8960649967193604 0
1 -1 5 78.76 0.0 -12 57.08 2 67 0.0 5391.190000000001 0.0 1.1726670265197754 0
2 -1 5 118.21 72.56 -1 95.09 1 41 95.09 5036.649999999999 0.0 0.9748971462249756 0
0 -1 5 91.51 0 -8 1070.9699999999998 11 69 43.75 8456.34 131.25 0.8835349082946777 0
1 -1 5 78.76 0.0 -12 57.08 2 67 0.0 5391.190000000001 0.0 1.228187084197998 0
2 -1 5 118.21 72.56 -1 95.09 1 41 95.09 5036.649999999999 0.0 0.9246010780334473 0
0 -1 5 91.51 0 -8 1070.9699999999998 11 69 43.75 8456.34 131.25 0.9115562438964844 0
1 -1 5 78.76 0.0 -12 57.08 2 67 0.0 5391.190000000001 0.0 1.1634349822998047 0
2 -1 5 118.21 72.56 -1 95.09 1 41 95.09 5036.649999999999 0.0 0.9330019950866699 0
0 -1 5 91.51 0 -8 1070.9699999999998 11 69 43.75 8456.34 131.25 0.8565759658813477 0
1 -1 5 78.76 0.0 -12 57.08 2 67 0.0 5391.190000000001 0.0 1.1614489555358887 0
2 -1 5 118.21 72.56 -1 95.09 1 41 95.09 5036.649999999999 0.0 0.935513973236084 0
0 -1 6 127.23 7.49 -1 1436.8399999999997 11 69 107.92 11652.830000000007 331.25 1.3371388912200928 0
1 -1 6 108.23 0 -5 156.79000000000002 2 67 20.93 7565.079999999998 62.79 1.8830132484436035 0
2 -1 6 125.17 57.050000000000004 -1 117.98 1 41 117.98 5368.009999999999 62.79 0.7476568222045898 0
0 -1 6 127.23 7.49 -1 1436.8399999999997 11 69 107.92 11652.830000000007 331.25 1.3574090003967285 0
1 -1 6 108.23 0 -5 156.79000000000002 2 67 20.93 7565.079999999998 62.79 1.8970832824707031 0
2 -1 6 125.17 57.050000000000004 -1 117.98 1 41 117.98 5368.009999999999 62.79 0.731593132019043 0
0 -1 6 127.23 7.49 -1 1436.8399999999997 11 69 107.92 11652.830000000007 331.25 1.3799800872802734 0
1 -1 6 108.23 0 -5 156.79000000000002 2 67 20.93 7565.079999999998 62.79 1.8918750286102295 0
2 -1 6 125.17 57.050000000000004 -1 117.98 1 41 117.98 5368.009999999999 62.79 0.7764720916748047 0
0 -1 6 127.23 7.49 -1 1436.8399999999997 11 69 107.92 11652.830000000007 331.25 1.3933300971984863 0
1 -1 6 108.23 0 -5 156.79000000000002 2 67 20.93 7565.079999999998 62.79 1.9701850414276123 0
2 -1 6 125.17 57.050000000000004 -1 117.98 1 41 117.98 5368.009999999999 62.79 0.789409875869751 0
random:0T:600
0 -1 0 333.41 0 -1 4136.75 11 69 224.85 31278.999999999996 674.55 0.1866621971130371 0
1 -1 0 319.09 84.38 -1 462.20000000000005 2 67 158.66 22303.47000000001 560.36 0.22125792503356934 0
2 -1 0 378.87 205.19 -1 372.69 1 41 372.69 16279.189999999999 475.98 0.11323714256286621 0
0 -1 0 333.41 0 -1 4136.75 11 69 224.85 31278.999999999996 674.55 0.18214893341064453 0
1 -1 0 319.09 84.38 -1 462.20000000000005 2 67 158.66 22303.47000000001 560.36 0.2042238712310791 0
random:0T:300
0 -1 0 125.17 0 -12 1874.2800000000002 11 69 107.92 12385.610000000008 323.76 0.08451199531555176 0
1 -1 0 109.52 0 -12 151.64000000000001 2 67 15.78 7640.85 47.339999999999996 0.09485602378845215 0
2 -1 0 131.03 0 -1 130.22 1 41 130.22 5632.66 47.339999999999996 0.051586151123046875 0
0 -1 0 125.17 0 -12 1874.2800000000002 11 69 107.92 12385.610000000008 323.76 0.08697915077209473 0
1 -1 0 109.52 0 -12 151.64000000000001 2 67 15.78 7640.85 47.339999999999996 0.1088709831237793 0
2 -1 0 131.03 0 -1 130.22 1 41 130.22 5632.66 47.339999999999996 0.06875205039978027 0
0 -1 0 125.17 0 -12 1874.2800000000002 11 69 107.92 12385.610000000008 323.76 0.08647441864013672 0
1 -1 0 109.52 0 -12 151.64000000000001 2 67 15.78 7640.85 47.339999999999996 0.09752392768859863 0
2 -1 0 131.03 0 -1 130.22 1 41 130.22 5632.66 47.339999999999996 0.05015707015991211 0
0 -1 0 125.17 0 -12 1874.2800000000002 11 69 107.92 12385.610000000008 323.76 0.08828902244567871 0
1 -1 0 109.52 0 -12 151.64000000000001 2 67 15.78 7640.85 47.339999999999996 0.09749770164489746 0
2 -1 0 131.03 0 -1 130.22 1 41 130.22 5632.66 47.339999999999996 0.0513758659362793 0
0 -1 1 122.1 0.78 -1 1417.3599999999997 11 69 110.32 11259.300000000003 331.73999999999995 0.058564186096191406 0
1 -1 1 107.77 0 -3 210.20999999999998 2 67 85.57 7640.7599999999975 256.71 0.07833600044250488 0
2 -1 1 120.37 79.02 -1 81.73 1 41 81.73 5098.459999999998 245.19 0.5953662395477295 0
0 -1 1 122.1 0.78 -1 1417.3599999999997 11 69 110.32 11259.300000000003 331.73999999999995 0.054483890533447266 0
1 -1 1 107.77 0 -3 210.20999999999998 2 67 85.57 7640.7599999999975 256.71 0.07821917533874512 0
2 -1 1 120.37 79.02 -1 81.73 1 41 81.73 5098.459999999998 245.19 0.5730991363525391 0
0 -1 1 122.1 0.78 -1 1417.3599999999997 11 69 110.32 11259.300000000003 331.73999999999995 0.05328106880187988 0
1 -1 1 107.77 0 -3 210.20999999999998 2 67 85.57 7640.7599999999975 256.71 0.0847940444946289 0
2 -1 1 120.37 79.02 -1 81.73 1 41 81.73 5098.459999999998 245.19 0.591285228729248 0
0 -1 1 122.1 0.78 -1 1417.3599999999997 11 69 110.32 11259.300000000003 331.73999999999995 0.05488896369934082 0
1 -1 1 107.77 0 -3 210.20999999999998 2 67 85.57 7640.7599999999975 256.71 0.07903289794921875 0
2 -1 1 120.37 79.02 -1 81.73 1 41 81.73 5098.459999999998 245.19 0.6151771545410156 0
0 -1 2 114.82 0 -2 1303.13 11 69 80.63 10528.599999999995 241.89 1.1060092449188232 0
1 -1 2 95.13 0.0 -5 121.18 2 67 0.0 6616.119999999998 0.0 1.6181519031524658 0
2 -1 2 118.22 72.48 -1 91.76 1 41 91.76 5030.539999999998 0.0 1.0245766639709473 0
0 -1 2 114.82 0 -2 1303.13 11 69 80.63 10528.599999999995 241.89 1.1845600605010986 0
1 -1 2 95.13 0.0 -5 121.18 2 67 0.0 6616.119999999998 0.0 1.713026762008667 0
2 -1 2 118.22 72.48 -1 91.76 1 41 91.76 5030.539999999998 0.0 0.9729049205780029 0
0 -1 2 114.82 0 -2 1303.13 11 69 80.63 10528.599999999995 241.89 1.1268773078918457 0
1 -1 2 95.13 0.0 -5 121.18 2 67 0.0 6616.119999999998 0.0 1.5817108154296875 0
2 -1 2 118.22 72.48 -1 91.76 1 41 91.76 5030.539999999998 0.0 0.9532370567321777 0
0 -1 2 114.82 0 -2 1303.13 11 69 80.63 10528.599999999995 241.89 1.1524500846862793 0
1 -1 2 95.13 0.0 -5 121.18 2 67 0.0 6616.119999999998 0.0 1.65256929397583 0
2 -1 2 118.22 72.48 -1 91.76 1 41 91.76 5030.539999999998 0.0 0.9766230583190918 0
0 -1 3 108.21 0.0 -4 965.7200000000001 11 69 46.28 9397.750000000007 138.84 0.003264904022216797 0
1 -1 3 84.37 0.0 -12 0.0 2 67 0.0 5652.970000000003 0.0 0.0032639503479003906 0
2 -1 3 123.74 0.0 -1 90.18 1 41 90.18 5253.720000000001 0.0 0.0022809505462646484 0
0 -1 3 108.21 0.0 -4 965.7200000000001 11 69 46.28 9397.750000000007 138.84 0.0032379627227783203 0
1 -1 3 84.37 0.0 -12 0.0 2 67 0.0 5652.970000000003 0.0 0.0035431385040283203 0
2 -1 3 123.74 0.0 -1 90.18 1 41 90.18 5253.720000000001 0.0 0.002112150192260742 0
0 -1 3 108.21 0.0 -4 965.7200000000001 11 69 46.28 9397.750000000007 138.84 0.003214120864868164 0
1 -1 3 84.37 0.0 -12 0.0 2 67 0.0 5652.970000000003 0.0 0.003297090530395508 0
2 -1 3 123.74 0.0 -1 90.18 1 41 90.18 5253.720000000001 0.0 0.0021140575408935547 0
0 -1 3 108.21 0.0 -4 965.7200000000001 11 69 46.28 9397.750000000007 138.84 0.0034360885620117188 0
1 -1 3 84.37 0.0 -12 0.0 2 67 0.0 5652.970000000003 0.0 0.003949165344238281 0
2 -1 3 123.74 0.0 -1 90.18 1 41 90.18 5253.720000000001 0.0 0.002091646194458008 0
0 -1 4 122.1 0.78 -1 1417.3599999999997 11 69 110.32 11259.300000000003 331.73999999999995 0.05527496337890625 0
1 -1 4 107.77 0.0 -3 210.20999999999998 2 67 85.57 7640.7599999999975 256.71 0.07796502113342285 0
2 -1 4 120.37 79.02 -1 81.73 1 41 81.73 5098.459999999998 245.19 0.6322410106658936 0
0 -1 4 122.1 0.78 -1 1417.3599999999997 11 69 110.32 11259.300000000003 331.73999999999995 0.05649900436401367 0
1 -1 4 107.77 0.0 -3 210.20999999999998 2 67 85.57 7640.7599999999975 256.71 0.07677698135375977 0
2 -1 4 120.37 79.02 -1 81.73 1 41 81.73 5098.459999999998 245.19 0.5810468196868896 0
0 -1 4 122.1 0.78 -1 1417.3599999999997 11 69 110.32 11259.300000000003 331.73999999999995 0.05561518669128418 0
1 -1 4 107.77 0.0 -3 210.20999999999998 2 67 85.57 7640.7599999999975 256.71 0.07854700088500977 0
2 -1 4 120.37 79.02 -1 81.73 1 41 81.73 5098.459999999998 245.19 0.6619439125061035 0
0 -1 4 122.1 0.78 -1 1417.3599999999997 11 69 110.32 11259.300000000003 331.73999999999995 0.06617903709411621 0
1 -1 4 107.77 0.0 -3 210.20999999999998 2 67 85.57 7640.7599999999975 256.71 0.09752511978149414 0
2 -1 4 120.37 79.02 -1 81.73 1 41 81.73 5098.459999999998 245.19 0.637908935546875 0
0 -1 5 91.51 0 -8 1070.9699999999998 11 69 43.75 8456.34 131.25 0.8680849075317383 0
1 -1 5 78.76 0.0 -12 57.08 2 67 0.0 5391.190000000001 0.0 1.156308889389038 0
2 -1 5 118.21 72.56 -1 95.09 1 41 95.09 5036.649999999999 0.0 0.9422738552093506 0
0 -1 5 91.51 0 -8 1070.9699999999998 11 69 43.75 8456.34 131.25 0.8666548728942871 0
1 -1 5 78.76 0.0 -12 57.08 2 67 0.0 5391.190000000001 0.0 1.176048994064331 0
2 -1 5 118.21 72.56 -1 95.09 1 41 95.09 5036.649999999999 0.0 0.9517290592193604 0
0 -1 5 91.51 0 -8 1070.9699999999998 11 69 43.75 8456.34 131.25 0.9101507663726807 0
1 -1 5 78.76 0.0 -12 57.08 2 67 0.0 5391.190000000001 0.0 1.1680541038513184 0
2 -1 5 118.21 72.56 -1 95.09 1 41 95.09 5036.649999999999 0.0 0.9311830997467041 0
0 -1 5 91.51 0 -8 1070.9699999999998 11 69 43.75 8456.34 131.25 0.9130890369415283 0
1 -1 5 78.76 0.0 -12 57.08 2 67 0.0 5391.190000000001 0.0 1.2793819904327393 0
2 -1 5 118.21 72.56 -1 95.09 1 41 95.09 5036.649999999999 0.0 1.0049800872802734 0
0 -1 6 127.23 7.49 -1 1436.8399999999997 11 69 107.92 11652.830000000007 331.25 1.4356579780578613 0
1 -1 6 108.23 0 -5 156.79000000000002 2 67 20.93 7565.079999999998 62.79 1.9047129154205322 0
2 -1 6 125.17 57.050000000000004 -1 117.98 1 41 117.98 5368.009999999999 62.79 0.7420949935913086 0
0 -1 6 127.23 7.49 -1 1436.8399999999997 11 69 107.92 11652.830000000007 331.25 1.3775098323822021 0
1 -1 6 108.23 0 -5 156.79000000000002 2 67 20.93 7565.079999999998 62.79 1.91656494140625 0
2 -1 6 125.17 57.050000000000004 -1 117.98 1 41 117.98 5368.009999999999 62.79 0.7560780048370361 0
0 -1 6 127.23 7.49 -1 1436.8399999999997 11 69 107.92 11652.830000000007 331.25 1.350285291671753 0
1 -1 6 108.23 0 -5 156.79000000000002 2 67 20.93 7565.079999999998 62.79 1.9403090476989746 0
2 -1 6 125.17 57.050000000000004 -1 117.98 1 41 117.98 5368.009999999999 62.79 0.7906570434570312 0
0 -1 6 127.23 7.49 -1 1436.8399999999997 11 69 107.92 11652.830000000007 331.25 1.3568530082702637 0
1 -1 6 108.23 0 -5 156.79000000000002 2 67 20.93 7565.079999999998 62.79 1.9419691562652588 0
2 -1 6 125.17 57.050000000000004 -1 117.98 1 41 117.98 5368.009999999999 62.79 0.7672889232635498 0
random:0T:600
0 -1 0 333.41 0 -1 4136.75 11 69 224.85 31278.999999999996 674.55 0.19762086868286133 0
1 -1 0 319.09 84.38 -1 462.20000000000005 2 67 158.66 22303.47000000001 560.36 0.19789910316467285 0
2 -1 0 378.87 205.19 -1 372.69 1 41 372.69 16279.189999999999 475.98 0.10571789741516113 0
0 -1 0 333.41 0 -1 4136.75 11 69 224.85 31278.999999999996 674.55 0.17539095878601074 0
1 -1 0 319.09 84.38 -1 462.20000000000005 2 67 158.66 22303.47000000001 560.36 0.1961071491241455 0
random:0T:300
0 -1 0 125.17 0 -12 1874.2800000000002 11 69 107.92 12385.610000000008 323.76 0.09203004837036133 0
1 -1 0 109.52 0 -12 151.64000000000001 2 67 15.78 7640.85 47.339999999999996 0.13541674613952637 0
2 -1 0 131.03 0 -1 130.22 1 41 130.22 5632.66 47.339999999999996 0.05740475654602051 0
0 -1 0 125.17 0 -12 1874.2800000000002 11 69 107.92 12385.610000000008 323.76 0.10082030296325684 0
1 -1 0 109.52 0 -12 151.64000000000001 2 67 15.78 7640.85 47.339999999999996 0.11105728149414062 0
2 -1 0 131.03 0 -1 130.22 1 41 130.22 5632.66 47.339999999999996 0.05659627914428711 0
0 -1 0 125.17 0 -12 1874.2800000000002 11 69 107.92 12385.610000000008 323.76 0.10042119026184082 0
1 -1 0 109.52 0 -12 151.64000000000001 2 67 15.78 7640.85 47.339999999999996 0.11860394477844238 0
2 -1 0 131.03 0 -1 130.22 1 41 130.22 5632.66 47.339999999999996 0.06386876106262207 0
0 -1 0 125.17 0 -12 1874.2800000000002 11 69 107.92 12385.610000000008 323.76 0.09712004661560059 0
1 -1 0 109.52 0 -12 151.64000000000001 2 67 15.78 7640.85 47.339999999999996 0.11141228675842285 0
2 -1 0 131.03 0 -1 130.22 1 41 130.22 5632.66 47.339999999999996 0.061454057693481445 0
0 -1 1 122.1 0.78 -1 1417.3599999999997 11 69 110.32 11259.300000000003 331.73999999999995 0.06209707260131836 0
1 -1 1 107.77 0 -3 210.20999999999998 2 67 85.57 7640.7599999999975 256.71 0.11267495155334473 0
2 -1 1 120.37 79.02 -1 81.73 1 41 81.73 5098.459999999998 245.19 0.6509487628936768 0
0 -1 1 122.1 0.78 -1 1417.3599999999997 11 69 110.32 11259.300000000003 331.73999999999995 0.06419086456298828 0
1 -1 1 107.77 0 -3 210.20999999999998 2 67 85.57 7640.7599999999975 256.71 0.0879359245300293 0
2 -1 1 120.37 79.02 -1 81.73 1 41 81.73 5098.459999999998 245.19 0.6700038909912109 0
0 -1 1 122.1 0.78 -1 1417.3599999999997 11 69 110.32 11259.300000000003 331.73999999999995 0.05693817138671875 0
1 -1 1 107.77 0 -3 210.20999999999998 2 67 85.57 7640.7599999999975 256.71 0.08092498779296875 0
2 -1 1 120.37 79.02 -1 81.73 1 41 81.73 5098.459999999998 245.19 0.6158790588378906 0
0 -1 1 122.1 0.78 -1 1417.3599999999997 11 69 110.32 11259.300000000003 331.73999999999995 0.05779290199279785 0
1 -1 1 107.77 0 -3 210.20999999999998 2 67 85.57 7640.7599999999975 256.71 0.08161211013793945 0
2 -1 1 120.37 79.02 -1 81.73 1 41 81.73 5098.459999999998 245.19 0.5905389785766602 0
0 -1 2 114.82 0 -2 1303.13 11 69 80.63 10528.599999999995 241.89 1.1635358333587646 0
1 -1 2 95.13 0.0 -5 121.18 2 67 0.0 6616.119999999998 0.0 1.6190950870513916 0
2 -1 2 118.22 72.48 -1 91.76 1 41 91.76 5030.539999999998 0.0 0.9503648281097412 0
0 -1 2 114.82 0 -2 1303.13 11 69 80.63 10528.599999999995 241.89 1.1463432312011719 0
1 -1 2 95.13 0.0 -5 121.18 2 67 0.0 6616.119999999998 0.0 1.636909008026123 0
2 -1 2 118.22 72.48 -1 91.76 1 41 91.76 5030.539999999998 0.0 0.9593710899353027 0
0 -1 2 114.82 0 -2 1303.13 11 69 80.63 10528.599999999995 241.89 1.1516916751861572 0
1 -1 2 95.13 0.0 -5 121.18 2 67 0.0 6616.119999999998 0.0 1.6329989433288574 0
2 -1 2 118.22 72.48 -1 91.76 1 41 91.76 5030.539999999998 0.0 0.9850301742553711 0
0 -1 2 114.82 0 -2 1303.13 11 69 80.63 10528.599999999995 241.89 1.1952719688415527 0
1 -1 2 95.13 0.0 -5 121.18 2 67 0.0 6616.119999999998 0.0 1.6934609413146973 0
2 -1 2 118.22 72.48 -1 91.76 1 41 91.76 5030.539999999998 0.0 0.9500417709350586 0
0 -1 3 108.21 0.0 -4 965.7200000000001 11 69 46.28 9397.750000000007 138.84 0.003981828689575195 0
1 -1 3 84.37 0.0 -12 0.0 2 67 0.0 5652.970000000003 0.0 0.0035037994384765625 0
2 -1 3 123.74 0.0 -1 90.18 1 41 90.18 5253.720000000001 0.0 0.002228975296020508 0
0 -1 3 108.21 0.0 -4 965.7200000000001 11 69 46.28 9397.750000000007 138.84 0.003526926040649414 0
1 -1 3 84.37 0.0 -12 0.0 2 67 0.0 5652.970000000003 0.0 0.003331899642944336 0
2 -1 3 123.74 0.0 -1 90.18 1 41 90.18 5253.720000000001 0.0 0.0024271011352539062 0
0 -1 3 108.21 0.0 -4 965.7200000000001 11 69 46.28 9397.750000000007 138.84 0.003831148147583008 0
1 -1 3 84.37 0.0 -12 0.0 2 67 0.0 5652.970000000003 0.0 0.0032939910888671875 0
2 -1 3 123.74 0.0 -1 90.18 1 41 90.18 5253.720000000001 0.0 0.002393007278442383 0
0 -1 3 108.21 0.0 -4 965.7200000000001 11 69 46.28 9397.750000000007 138.84 0.0040171146392822266 0
1 -1 3 84.37 0.0 -12 0.0 2 67 0.0 5652.970000000003 0.0 0.004221916198730469 0
2 -1 3 123.74 0.0 -1 90.18 1 41 90.18 5253.720000000001 0.0 0.0024831295013427734 0
0 -1 4 122.1 0.78 -1 1417.3599999999997 11 69 110.32 11259.300000000003 331.73999999999995 0.08068299293518066 0
1 -1 4 107.77 0.0 -3 210.20999999999998 2 67 85.57 7640.7599999999975 256.71 0.0941159725189209 0
2 -1 4 120.37 79.02 -1 81.73 1 41 81.73 5098.459999999998 245.19 0.6136379241943359 0
0 -1 4 122.1 0.78 -1 1417.3599999999997 11 69 110.32 11259.300000000003 331.73999999999995 0.05968904495239258 0
1 -1 4 107.77 0.0 -3 210.20999999999998 2 67 85.57 7640.7599999999975 256.71 0.08245015144348145 0
2 -1 4 120.37 79.02 -1 81.73 1 41 81.73 5098.459999999998 245.19 0.6333458423614502 0
0 -1 4 122.1 0.78 -1 1417.3599999999997 11 69 110.32 11259.300000000003 331.73999999999995 0.05863666534423828 0
1 -1 4 107.77 0.0 -3 210.20999999999998 2 67 85.57 7640.7599999999975 256.71 0.08329033851623535 0
2 -1 4 120.37 79.02 -1 81.73 1 41 81.73 5098.459999999998 245.19 0.6915919780731201 0
0 -1 4 122.1 0.78 -1 1417.3599999999997 11 69 110.32 11259.300000000003 331.73999999999995 0.06673097610473633 0
1 -1 4 107.77 0.0 -3 210.20999999999998 2 67 85.57 7640.7599999999975 256.71 0.08608579635620117 0
2 -1 4 120.37 79.02 -1 81.73 1 41 81.73 5098.459999999998 245.19 0.638970136642456 0
0 -1 5 91.51 0 -8 1070.9699999999998 11 69 43.75 8456.34 131.25 0.9478237628936768 0
1 -1 5 78.76 0.0 -12 57.08 2 67 0.0 5391.190000000001 0.0 1.284621238708496 0
2 -1 5 118.21 72.56 -1 95.09 1 41 95.09 5036.649999999999 0.0 0.9665770530700684 0
0 -1 5 91.51 0 -8 1070.9699999999998 11 69 43.75 8456.34 131.25 0.9760150909423828 0
1 -1 5 78.76 0.0 -12 57.08 2 67 0.0 5391.190000000001 0.0 1.2554240226745605 0
2 -1 5 118.21 72.56 -1 95.09 1 41 95.09 5036.649999999999 0.0 1.0473389625549316 0
0 -1 5 91.51 0 -8 1070.9699999999998 11 69 43.75 8456.34 131.25 0.9199070930480957 0
1 -1 5 78.76 0.0 -12 57.08 2 67 0.0 5391.190000000001 0.0 1.2494010925292969 0
2 -1 5 118.21 72.56 -1 95.09 1 41 95.09 5036.649999999999 0.0 1.0365357398986816 0
0 -1 5 91.51 0 -8 1070.9699999999998 11 69 43.75 8456.34 131.25 0.9466900825500488 0
1 -1 5 78.76 0.0 -12 57.08 2 67 0.0 5391.190000000001 0.0 1.301321029663086 0
2 -1 5 118.21 72.56 -1 95.09 1 41 95.09 5036.649999999999 0.0 1.0541660785675049 0
0 -1 6 127.23 7.49 -1 1436.8399999999997 11 69 107.92 11652.830000000007 331.25 1.426927089691162 0
1 -1 6 108.23 0 -5 156.79000000000002 2 67 20.93 7565.079999999998 62.79 1.9900727272033691 0
2 -1 6 125.17 57.050000000000004 -1 117.98 1 41 117.98 5368.009999999999 62.79 0.7489030361175537 0
0 -1 6 127.23 7.49 -1 1436.8399999999997 11 69 107.92 11652.830000000007 331.25 1.400618076324463 0
1 -1 6 108.23 0 -5 156.79000000000002 2 67 20.93 7565.079999999998 62.79 1.9483211040496826 0
2 -1 6 125.17 57.050000000000004 -1 117.98 1 41 117.98 5368.009999999999 62.79 0.7975499629974365 0
0 -1 6 127.23 7.49 -1 1436.8399999999997 11 69 107.92 11652.830000000007 331.25 1.4516379833221436 0
1 -1 6 108.23 0 -5 156.79000000000002 2 67 20.93 7565.079999999998 62.79 2.066554069519043 0
2 -1 6 125.17 57.050000000000004 -1 117.98 1 41 117.98 5368.009999999999 62.79 0.7518000602722168 0
0 -1 6 127.23 7.49 -1 1436.8399999999997 11 69 107.92 11652.830000000007 331.25 1.4403607845306396 0
1 -1 6 108.23 0 -5 156.79000000000002 2 67 20.93 7565.079999999998 62.79 1.9961230754852295 0
2 -1 6 125.17 57.050000000000004 -1 117.98 1 41 117.98 5368.009999999999 62.79 0.7703380584716797 0
random:0T:600
0 -1 0 333.41 0 -1 4136.75 11 69 224.85 31278.999999999996 674.55 0.19782400131225586 0
1 -1 0 319.09 84.38 -1 462.20000000000005 2 67 158.66 22303.47000000001 560.36 0.23722386360168457 0
2 -1 0 378.87 205.19 -1 372.69 1 41 372.69 16279.189999999999 475.98 0.11382412910461426 0
0 -1 0 333.41 0 -1 4136.75 11 69 224.85 31278.999999999996 674.55 0.19003796577453613 0
1 -1 0 319.09 84.38 -1 462.20000000000005 2 67 158.66 22303.47000000001 560.36 0.21326899528503418 0
2 -1 0 378.87 205.19 -1 372.69 1 41 372.69 16279.189999999999 475.98 0.11394572257995605 0
0 -1 0 333.41 0 -1 4136.75 11 69 224.85 31278.999999999996 674.55 0.1999499797821045 0
1 -1 0 319.09 84.38 -1 462.20000000000005 2 67 158.66 22303.47000000001 560.36 0.22794485092163086 0
2 -1 0 378.87 205.19 -1 372.69 1 41 372.69 16279.189999999999 475.98 0.11415815353393555 0
0 -1 0 333.41 0 -1 4136.75 11 69 224.85 31278.999999999996 674.55 0.19273591041564941 0
1 -1 0 319.09 84.38 -1 462.20000000000005 2 67 158.66 22303.47000000001 560.36 0.21452879905700684 0
2 -1 0 378.87 205.19 -1 372.69 1 41 372.69 16279.189999999999 475.98 0.11375308036804199 0
0 -1 1 288.3 197.0999999999999 -2 2874.79 11 69 255.61 25642.100000000006 963.93 1.8254520893096924 0
1 -1 1 297.78 241.87 -2 537.1600000000001 2 67 253.94 21025.539999999994 1003.6899999999999 1.0826969146728516 0
2 -1 1 310.91 267.5500000000001 -2 306.43 1 41 306.43 13360.179999999997 958.9199999999998 0.9027969837188721 0
0 -1 1 288.3 197.0999999999999 -2 2874.79 11 69 255.61 25642.100000000006 963.93 1.7542431354522705 0
1 -1 1 297.78 241.87 -2 537.1600000000001 2 67 253.94 21025.539999999994 1003.6899999999999 1.0791170597076416 0
2 -1 1 310.91 267.5500000000001 -2 306.43 1 41 306.43 13360.179999999997 958.9199999999998 0.865044116973877 0
0 -1 1 288.3 197.0999999999999 -2 2874.79 11 69 255.61 25642.100000000006 963.93 1.7831900119781494 0
1 -1 1 297.78 241.87 -2 537.1600000000001 2 67 253.94 21025.539999999994 1003.6899999999999 1.072030782699585 0
2 -1 1 310.91 267.5500000000001 -2 306.43 1 41 306.43 13360.179999999997 958.9199999999998 0.8742110729217529 0
0 -1 1 288.3 197.0999999999999 -2 2874.79 11 69 255.61 25642.100000000006 963.93 1.7562189102172852 0
1 -1 1 297.78 241.87 -2 537.1600000000001 2 67 253.94 21025.539999999994 1003.6899999999999 1.0812129974365234 0
2 -1 1 310.91 267.5500000000001 -2 306.43 1 41 306.43 13360.179999999997 958.9199999999998 0.8816859722137451 0
0 -1 2 294.94 218.51999999999998 -3 2966.2900000000004 11 69 252.87 26283.570000000018 977.13 2.0567739009857178 0
1 -1 2 258.64 197.71 -2 445.17 2 67 199.56 18218.940000000006 796.3900000000001 2.7723021507263184 0
2 -1 2 300.41 259.18 -2 287.18 1 41 287.18 12891.110000000006 796.3900000000001 1.2711191177368164 0
0 -1 2 294.94 218.51999999999998 -3 2966.2900000000004 11 69 252.87 26283.570000000018 977.13 2.0618090629577637 0
1 -1 2 258.64 197.71 -2 445.17 2 67 199.56 18218.940000000006 796.3900000000001 2.7985448837280273 0
2 -1 2 300.41 259.18 -2 287.18 1 41 287.18 12891.110000000006 796.3900000000001 1.2886121273040771 0
0 -1 2 294.94 218.51999999999998 -3 2966.2900000000004 11 69 252.87 26283.570000000018 977.13 2.0953760147094727 0
1 -1 2 258.64 197.71 -2 445.17 2 67 199.56 18218.940000000006 796.3900000000001 2.7983431816101074 0
2 -1 2 300.41 259.18 -2 287.18 1 41 287.18 12891.110000000006 796.3900000000001 1.3798449039459229 0
0 -1 2 294.94 218.51999999999998 -3 2966.2900000000004 11 69 252.87 26283.570000000018 977.13 2.0971639156341553 0
1 -1 2 258.64 197.71 -2 445.17 2 67 199.56 18218.940000000006 796.3900000000001 2.780661106109619 0
2 -1 2 300.41 259.18 -2 287.18 1 41 287.18 12891.110000000006 796.3900000000001 1.3337767124176025 0
0 -1 3 307.45 165.44 -1 2299.9799999999996 11 69 165.44 25814.109999999997 693.77 0.005524873733520508 0
1 -1 3 280.08 91.13 -1 221.28 2 67 102.74 19207.91 399.34999999999997 0.004420042037963867 0
2 -1 3 359.56 252.36 -1 252.36 1 41 252.36 15246.849999999995 399.34999999999997 0.0034401416778564453 0
0 -1 3 307.45 165.44 -1 2299.9799999999996 11 69 165.44 25814.109999999997 693.77 0.006055116653442383 0
1 -1 3 280.08 91.13 -1 221.28 2 67 102.74 19207.91 399.34999999999997 0.004589080810546875 0
2 -1 3 359.56 252.36 -1 252.36 1 41 252.36 15246.849999999995 399.34999999999997 0.0033750534057617188 0
0 -1 3 307.45 165.44 -1 2299.9799999999996 11 69 165.44 25814.109999999997 693.77 0.005365848541259766 0
1 -1 3 280.08 91.13 -1 221.28 2 67 102.74 19207.91 399.34999999999997 0.005006074905395508 0
2 -1 3 359.56 252.36 -1 252.36 1 41 252.36 15246.849999999995 399.34999999999997 0.003306865692138672 0
0 -1 3 307.45 165.44 -1 2299.9799999999996 11 69 165.44 25814.109999999997 693.77 0.005480766296386719 0
1 -1 3 280.08 91.13 -1 221.28 2 67 102.74 19207.91 399.34999999999997 0.005507946014404297 0
2 -1 3 359.56 252.36 -1 252.36 1 41 252.36 15246.849999999995 399.34999999999997 0.004588127136230469 0
0 -1 4 288.3 197.0999999999999 -2 2874.79 11 69 255.61 25642.100000000006 963.93 1.8596851825714111 0
1 -1 4 297.78 241.87 -2 537.1600000000001 2 67 253.94 21025.539999999994 1003.6899999999999 1.120311975479126 0
2 -1 4 309.05 267.5400000000001 -2 305.33 1 41 305.33 13281.74 958.9199999999998 0.9411251544952393 0
0 -1 4 288.3 197.0999999999999 -2 2874.79 11 69 255.61 25642.100000000006 963.93 1.778648853302002 0
1 -1 4 297.78 241.87 -2 537.1600000000001 2 67 253.94 21025.539999999994 1003.6899999999999 1.0911169052124023 0
2 -1 4 309.05 267.5400000000001 -2 305.33 1 41 305.33 13281.74 958.9199999999998 0.8929750919342041 0
0 -1 4 288.3 197.0999999999999 -2 2874.79 11 69 255.61 25642.100000000006 963.93 1.8089940547943115 0
1 -1 4 297.78 241.87 -2 537.1600000000001 2 67 253.94 21025.539999999994 1003.6899999999999 1.0924592018127441 0
2 -1 4 309.05 267.5400000000001 -2 305.33 1 41 305.33 13281.74 958.9199999999998 0.8982410430908203 0
0 -1 4 288.3 197.0999999999999 -2 2874.79 11 69 255.61 25642.100000000006 963.93 1.7763662338256836 0
1 -1 4 297.78 241.87 -2 537.1600000000001 2 67 253.94 21025.539999999994 1003.6899999999999 1.0505499839782715 0
2 -1 4 309.05 267.5400000000001 -2 305.33 1 41 305.33 13281.74 958.9199999999998 0.8816378116607666 0
0 -1 5 250.19 179.71 -2 2196.39 11 69 179.71 21656.069999999996 719.52 1.683405876159668 0
1 -1 5 235.15 168.28 -2 384.88 2 67 180.57999999999998 16524.790000000008 710.02 3.1212759017944336 0
2 -1 5 304.12 259.62 -2 293.92 1 41 293.92 13056.760000000004 707.41 1.1939029693603516 0
0 -1 5 250.19 179.71 -2 2196.39 11 69 179.71 21656.069999999996 719.52 1.715090036392212 0
1 -1 5 235.15 168.28 -2 384.88 2 67 180.57999999999998 16524.790000000008 710.02 3.113679885864258 0
2 -1 5 304.12 259.62 -2 293.92 1 41 293.92 13056.760000000004 707.41 1.22918701171875 0
0 -1 5 250.19 179.71 -2 2196.39 11 69 179.71 21656.069999999996 719.52 1.8075439929962158 0
1 -1 5 235.15 168.28 -2 384.88 2 67 180.57999999999998 16524.790000000008 710.02 3.063918113708496 0
2 -1 5 304.12 259.62 -2 293.92 1 41 293.92 13056.760000000004 707.41 1.2481746673583984 0
0 -1 5 250.19 179.71 -2 2196.39 11 69 179.71 21656.069999999996 719.52 1.7306807041168213 0
1 -1 5 235.15 168.28 -2 384.88 2 67 180.57999999999998 16524.790000000008 710.02 2.956845283508301 0
2 -1 5 304.12 259.62 -2 293.92 1 41 293.92 13056.760000000004 707.41 1.225935935974121 0
0 -1 6 318.97 255.81 -1 3109.5800000000004 11 69 271.54 28227.829999999998 1070.43 2.2592368125915527 0
1 -1 6 298.79 224.33 -1 514.9 2 67 230.96999999999997 21048.900000000005 917.2399999999999 3.4128949642181396 0
2 -1 6 346.53 325.98 -1 343.43 1 41 343.43 14894.54 917.2399999999999 1.148256540298462 0
0 -1 6 318.97 255.81 -1 3109.5800000000004 11 69 271.54 28227.829999999998 1070.43 2.427551031112671 0
1 -1 6 298.79 224.33 -1 514.9 2 67 230.96999999999997 21048.900000000005 917.2399999999999 3.5938880443573 0
2 -1 6 346.53 325.98 -1 343.43 1 41 343.43 14894.54 917.2399999999999 1.165463924407959 0
0 -1 6 318.97 255.81 -1 3109.5800000000004 11 69 271.54 28227.829999999998 1070.43 2.2551729679107666 0
1 -1 6 298.79 224.33 -1 514.9 2 67 230.96999999999997 21048.900000000005 917.2399999999999 3.3964309692382812 0
2 -1 6 346.53 325.98 -1 343.43 1 41 343.43 14894.54 917.2399999999999 1.1637699604034424 0
0 -1 6 318.97 255.81 -1 3109.5800000000004 11 69 271.54 28227.829999999998 1070.43 2.3202030658721924 0
1 -1 6 298.79 224.33 -1 514.9 2 67 230.96999999999997 21048.900000000005 917.2399999999999 3.354018211364746 0
2 -1 6 346.53 325.98 -1 343.43 1 41 343.43 14894.54 917.2399999999999 1.130972146987915 0
random:0T:900
0 -1 0 541.28 0 -1 6548.93 11 69 407.98999999999995 50445.92 1223.9699999999998 0.2875971794128418 0
1 -1 0 542.26 301.85 -1 828.07 2 67 313.1 37987.71999999999 1241.15 0.3271629810333252 0
random:0T:300
2 -1 0 627.01 417.09999999999997 -1 617.33 1 41 617.33 26942.019999999997 939.3000000000001 0.1755979061126709 0
0 -1 0 541.28 0 -1 6548.93 11 69 407.98999999999995 50445.92 1223.9699999999998 0.2867889404296875 0
1 -1 0 542.26 301.85 -1 828.07 2 67 313.1 37987.71999999999 1241.15 0.30916619300842285 0
2 -1 0 627.01 417.09999999999997 -1 617.33 1 41 617.33 26942.019999999997 939.3000000000001 0.193681001663208 0
0 -1 0 541.28 0 -1 6548.93 11 69 407.98999999999995 50445.92 1223.9699999999998 0.28837132453918457 0
1 -1 0 542.26 301.85 -1 828.07 2 67 313.1 37987.71999999999 1241.15 0.30560302734375 0
2 -1 0 627.01 417.09999999999997 -1 617.33 1 41 617.33 26942.019999999997 939.3000000000001 0.1708390712738037 0
0 -1 0 541.28 0 -1 6548.93 11 69 407.98999999999995 50445.92 1223.9699999999998 0.30864906311035156 0
1 -1 0 542.26 301.85 -1 828.07 2 67 313.1 37987.71999999999 1241.15 0.30809688568115234 0
2 -1 0 627.01 417.09999999999997 -1 617.33 1 41 617.33 26942.019999999997 939.3000000000001 0.17436695098876953 0
0 -1 1 456.71 360.33000000000015 -2 4764.69 11 69 421.57000000000005 41042.08000000001 1625.0400000000002 2.250986099243164 0
1 -1 1 452.36 365.81 -1 824.0699999999999 2 67 396.11 31956.150000000012 1554.1399999999999 1.8962748050689697 0
2 -1 1 475.38 431.09 -2 463.41999999999996 1 41 463.41999999999996 20417.59 1548.66 1.4322731494903564 0
0 -1 1 456.71 360.33000000000015 -2 4764.69 11 69 421.57000000000005 41042.08000000001 1625.0400000000002 2.2075858116149902 0
1 -1 1 452.36 365.81 -1 824.0699999999999 2 67 396.11 31956.150000000012 1554.1399999999999 1.9345881938934326 0
2 -1 1 475.38 431.09 -2 463.41999999999996 1 41 463.41999999999996 20417.59 1548.66 1.3680598735809326 0
0 -1 1 456.71 360.33000000000015 -2 4764.69 11 69 421.57000000000005 41042.08000000001 1625.0400000000002 2.379709005355835 0
1 -1 1 452.36 365.81 -1 824.0699999999999 2 67 396.11 31956.150000000012 1554.1399999999999 2.0146842002868652 0
2 -1 1 475.38 431.09 -2 463.41999999999996 1 41 463.41999999999996 20417.59 1548.66 1.4159541130065918 0
0 -1 1 456.71 360.33000000000015 -2 4764.69 11 69 421.57000000000005 41042.08000000001 1625.0400000000002 2.258388042449951 0
1 -1 1 452.36 365.81 -1 824.0699999999999 2 67 396.11 31956.150000000012 1554.1399999999999 2.096177339553833 0
2 -1 1 475.38 431.09 -2 463.41999999999996 1 41 463.41999999999996 20417.59 1548.66 1.609785795211792 0
0 -1 2 465.65 366.54999999999995 -3 4778.18 11 69 397.64 41686.39000000001 1559.47 3.002532958984375 0
1 -1 2 421.11 345.67 -1 821.78 2 67 387.22 29857.690000000013 1507.3300000000002 4.017721176147461 0
2 -1 2 468.56 422.90999999999997 -2 482.06 1 41 482.06 20174.889999999985 1507.3300000000002 1.8033430576324463 0
0 -1 2 465.65 366.54999999999995 -3 4778.18 11 69 397.64 41686.39000000001 1559.47 2.895656108856201 0
1 -1 2 421.11 345.67 -1 821.78 2 67 387.22 29857.690000000013 1507.3300000000002 4.156044960021973 0
2 -1 2 468.56 422.90999999999997 -2 482.06 1 41 482.06 20174.889999999985 1507.3300000000002 1.8289940357208252 0
0 -1 2 465.65 366.54999999999995 -3 4778.18 11 69 397.64 41686.39000000001 1559.47 2.936924934387207 0
1 -1 2 421.11 345.67 -1 821.78 2 67 387.22 29857.690000000013 1507.3300000000002 4.109789848327637 0
2 -1 2 468.56 422.90999999999997 -2 482.06 1 41 482.06 20174.889999999985 1507.3300000000002 1.7343778610229492 0
0 -1 2 465.65 366.54999999999995 -3 4778.18 11 69 397.64 41686.39000000001 1559.47 2.881777286529541 0
1 -1 2 421.11 345.67 -1 821.78 2 67 387.22 29857.690000000013 1507.3300000000002 4.171337842941284 0
2 -1 2 468.56 422.90999999999997 -2 482.06 1 41 482.06 20174.889999999985 1507.3300000000002 1.7083890438079834 0
0 -1 3 514.22 319.16999999999996 -1 3656.99 11 69 319.16999999999996 42795.189999999995 1405.57 0.007046699523925781 0
1 -1 3 450.45 177.99 -1 359.49 2 67 177.99 30899.05000000001 860.64 0.005483865737915039 0
2 -1 3 595.39 412.98 -1 412.98 1 41 412.98 25237.119999999995 860.64 0.004458904266357422 0
0 -1 3 514.22 319.16999999999996 -1 3656.99 11 69 319.16999999999996 42795.189999999995 1405.57 0.006670951843261719 0
1 -1 3 450.45 177.99 -1 359.49 2 67 177.99 30899.05000000001 860.64 0.005370140075683594 0
2 -1 3 595.39 412.98 -1 412.98 1 41 412.98 25237.119999999995 860.64 0.0045549869537353516 0
0 -1 3 514.22 319.16999999999996 -1 3656.99 11 69 319.16999999999996 42795.189999999995 1405.57 0.0069620609283447266 0
1 -1 3 450.45 177.99 -1 359.49 2 67 177.99 30899.05000000001 860.64 0.005590915679931641 0
2 -1 3 595.39 412.98 -1 412.98 1 41 412.98 25237.119999999995 860.64 0.004931926727294922 0
0 -1 3 514.22 319.16999999999996 -1 3656.99 11 69 319.16999999999996 42795.189999999995 1405.57 0.007869958877563477 0
1 -1 3 450.45 177.99 -1 359.49 2 67 177.99 30899.05000000001 860.64 0.0068628787994384766 0
2 -1 3 595.39 412.98 -1 412.98 1 41 412.98 25237.119999999995 860.64 0.006907939910888672 0
0 -1 4 456.71 360.33000000000015 -2 4764.69 11 69 421.57000000000005 41042.08000000001 1625.0400000000002 2.288627862930298 0
1 -1 4 449.81 368.03 -1 824.0699999999999 2 67 396.11 31785.199999999983 1556.36 2.0302789211273193 0
2 -1 4 471.67 393.60999999999996 -1 467.59 1 41 467.59 20273.54000000001 1548.66 1.3888037204742432 0
0 -1 4 456.71 360.33000000000015 -2 4764.69 11 69 421.57000000000005 41042.08000000001 1625.0400000000002 2.221658945083618 0
1 -1 4 449.81 368.03 -1 824.0699999999999 2 67 396.11 31785.199999999983 1556.36 1.9830458164215088 0
2 -1 4 471.67 393.60999999999996 -1 467.59 1 41 467.59 20273.54000000001 1548.66 1.3787143230438232 0
0 -1 4 456.71 360.33000000000015 -2 4764.69 11 69 421.57000000000005 41042.08000000001 1625.0400000000002 2.1794791221618652 0
1 -1 4 449.81 368.03 -1 824.0699999999999 2 67 396.11 31785.199999999983 1556.36 1.9630038738250732 0
2 -1 4 471.67 393.60999999999996 -1 467.59 1 41 467.59 20273.54000000001 1548.66 1.3535170555114746 0
0 -1 4 456.71 360.33000000000015 -2 4764.69 11 69 421.57000000000005 41042.08000000001 1625.0400000000002 2.172598123550415 0
1 -1 4 449.81 368.03 -1 824.0699999999999 2 67 396.11 31785.199999999983 1556.36 2.027292013168335 0
2 -1 4 471.67 393.60999999999996 -1 467.59 1 41 467.59 20273.54000000001 1548.66 1.3560659885406494 0
0 -1 5 430.43 335.73 -2 4015.2299999999996 11 69 335.73 37729.91999999998 1344.48 2.5319979190826416 0
1 -1 5 398.24 319.9700000000001 -2 704.6899999999999 2 67 335.16999999999996 28091.529999999988 1325.48 3.6932811737060547 0
2 -1 5 467.48 423.0200000000001 -2 478.14 1 41 478.14 20123.08000000001 1325.48 1.6951098442077637 0
0 -1 5 430.43 335.73 -2 4015.2299999999996 11 69 335.73 37729.91999999998 1344.48 2.454672336578369 0
1 -1 5 398.24 319.9700000000001 -2 704.6899999999999 2 67 335.16999999999996 28091.529999999988 1325.48 3.6851511001586914 0
2 -1 5 467.48 423.0200000000001 -2 478.14 1 41 478.14 20123.08000000001 1325.48 1.667065143585205 0
0 -1 5 430.43 335.73 -2 4015.2299999999996 11 69 335.73 37729.91999999998 1344.48 2.6106510162353516 0
1 -1 5 398.24 319.9700000000001 -2 704.6899999999999 2 67 335.16999999999996 28091.529999999988 1325.48 3.827626943588257 0
2 -1 5 467.48 423.0200000000001 -2 478.14 1 41 478.14 20123.08000000001 1325.48 1.6953537464141846 0
0 -1 5 430.43 335.73 -2 4015.2299999999996 11 69 335.73 37729.91999999998 1344.48 2.449774980545044 0
1 -1 5 398.24 319.9700000000001 -2 704.6899999999999 2 67 335.16999999999996 28091.529999999988 1325.48 3.710875988006592 0
2 -1 5 467.48 423.0200000000001 -2 478.14 1 41 478.14 20123.08000000001 1325.48 1.6551811695098877 0
0 -1 6 500.42 390.81 -1 4885.060000000001 11 69 428.41 44299.41000000001 1676.04 3.106024980545044 0
1 -1 6 474.73 418.3000000000001 -2 870.3699999999999 2 67 426.29999999999995 33547.65 1697.2 4.89446496963501 0
2 -1 6 579.39 553.0 -1 568.6999999999999 1 41 568.6999999999999 24892.53000000001 1669.7099999999998 1.6436469554901123 0
0 -1 6 500.42 390.81 -1 4885.060000000001 11 69 428.41 44299.41000000001 1676.04 3.116595983505249 0
1 -1 6 474.73 418.3000000000001 -2 870.3699999999999 2 67 426.29999999999995 33547.65 1697.2 4.914121389389038 0
2 -1 6 579.39 553.0 -1 568.6999999999999 1 41 568.6999999999999 24892.53000000001 1669.7099999999998 1.6360766887664795 0
0 -1 6 500.42 390.81 -1 4885.060000000001 11 69 428.41 44299.41000000001 1676.04 3.141395092010498 0
1 -1 6 474.73 418.3000000000001 -2 870.3699999999999 2 67 426.29999999999995 33547.65 1697.2 4.932139873504639 0
2 -1 6 579.39 553.0 -1 568.6999999999999 1 41 568.6999999999999 24892.53000000001 1669.7099999999998 1.643895149230957 0
0 -1 6 500.42 390.81 -1 4885.060000000001 11 69 428.41 44299.41000000001 1676.04 3.192878007888794 0
1 -1 6 474.73 418.3000000000001 -2 870.3699999999999 2 67 426.29999999999995 33547.65 1697.2 4.94460916519165 0
2 -1 6 579.39 553.0 -1 568.6999999999999 1 41 568.6999999999999 24892.53000000001 1669.7099999999998 1.6652860641479492 0
random:0T:1200
0 -1 0 754.09 0 -1 9268.320000000002 11 69 570.3599999999999 70568.74999999999 1711.0799999999997 0.40872979164123535 0
1 -1 0 762.1 391.09 -1 1223.9299999999998 2 67 506.0899999999999 53508.509999999995 1909.3599999999997 0.3957791328430176 0
2 -1 0 874.92 631.1499999999999 -1 862.6600000000002 1 41 862.6600000000002 37596.90000000001 1518.2699999999998 0.23166608810424805 0
0 -1 0 754.09 0 -1 9268.320000000002 11 69 570.3599999999999 70568.74999999999 1711.0799999999997 0.40201401710510254 0
1 -1 0 762.1 391.09 -1 1223.9299999999998 2 67 506.0899999999999 53508.509999999995 1909.3599999999997 0.3967599868774414 0
2 -1 0 874.92 631.1499999999999 -1 862.6600000000002 1 41 862.6600000000002 37596.90000000001 1518.2699999999998 0.22917819023132324 0
0 -1 0 754.09 0 -1 9268.320000000002 11 69 570.3599999999999 70568.74999999999 1711.0799999999997 0.41092991828918457 0
1 -1 0 762.1 391.09 -1 1223.9299999999998 2 67 506.0899999999999 53508.509999999995 1909.3599999999997 0.395550012588501 0
2 -1 0 874.92 631.1499999999999 -1 862.6600000000002 1 41 862.6600000000002 37596.90000000001 1518.2699999999998 0.22492313385009766 0
0 -1 0 754.09 0 -1 9268.320000000002 11 69 570.3599999999999 70568.74999999999 1711.0799999999997 0.40864109992980957 0
1 -1 0 762.1 391.09 -1 1223.9299999999998 2 67 506.0899999999999 53508.509999999995 1909.3599999999997 0.3981740474700928 0
2 -1 0 874.92 631.1499999999999 -1 862.6600000000002 1 41 862.6600000000002 37596.90000000001 1518.2699999999998 0.23327422142028809 0
0 -1 1 623.44 437.91 -2 6389.3099999999995 11 69 554.9300000000001 55795.64000000005 2102.7000000000003 2.600263833999634 0
1 -1 1 585.29 441.42 -1 1180.0900000000001 2 67 581.24 41574.79 2185.14 2.7112948894500732 0
2 -1 1 628.0 547.02 -1 653.0400000000001 1 41 653.0400000000001 27054.199999999997 2102.7000000000003 2.0582849979400635 0
0 -1 1 623.44 437.91 -2 6389.3099999999995 11 69 554.9300000000001 55795.64000000005 2102.7000000000003 2.801831007003784 0
1 -1 1 585.29 441.42 -1 1180.0900000000001 2 67 581.24 41574.79 2185.14 2.881119966506958 0
2 -1 1 628.0 547.02 -1 653.0400000000001 1 41 653.0400000000001 27054.199999999997 2102.7000000000003 2.100454807281494 0
0 -1 1 623.44 437.91 -2 6389.3099999999995 11 69 554.9300000000001 55795.64000000005 2102.7000000000003 2.695552110671997 0
1 -1 1 585.29 441.42 -1 1180.0900000000001 2 67 581.24 41574.79 2185.14 2.8238515853881836 0
2 -1 1 628.0 547.02 -1 653.0400000000001 1 41 653.0400000000001 27054.199999999997 2102.7000000000003 2.0311551094055176 0
0 -1 1 623.44 437.91 -2 6389.3099999999995 11 69 554.9300000000001 55795.64000000005 2102.7000000000003 2.5807878971099854 0
1 -1 1 585.29 441.42 -1 1180.0900000000001 2 67 581.24 41574.79 2185.14 2.787269115447998 0
2 -1 1 628.0 547.02 -1 653.0400000000001 1 41 653.0400000000001 27054.199999999997 2102.7000000000003 2.0494139194488525 0
0 -1 2 629.32 517.03 -2 6373.919999999999 11 69 548.48 56171.08000000004 2162.4700000000003 3.854367256164551 0
1 -1 2 556.48 486.45 -2 1029.44 2 67 487.23 39343.16000000001 1948.14 5.42514705657959 0
2 -1 2 626.54 581.83 -2 656.0100000000001 1 41 656.0100000000001 26999.98 1948.14 2.2988150119781494 0
0 -1 2 629.32 517.03 -2 6373.919999999999 11 69 548.48 56171.08000000004 2162.4700000000003 3.970127820968628 0
1 -1 2 556.48 486.45 -2 1029.44 2 67 487.23 39343.16000000001 1948.14 5.546864032745361 0
2 -1 2 626.54 581.83 -2 656.0100000000001 1 41 656.0100000000001 26999.98 1948.14 2.179859161376953 0
0 -1 2 629.32 517.03 -2 6373.919999999999 11 69 548.48 56171.08000000004 2162.4700000000003 3.7340660095214844 0
1 -1 2 556.48 486.45 -2 1029.44 2 67 487.23 39343.16000000001 1948.14 5.112614154815674 0
2 -1 2 626.54 581.83 -2 656.0100000000001 1 41 656.0100000000001 26999.98 1948.14 2.1794791221618652 0
0 -1 2 629.32 517.03 -2 6373.919999999999 11 69 548.48 56171.08000000004 2162.4700000000003 3.736859083175659 0
1 -1 2 556.48 486.45 -2 1029.44 2 67 487.23 39343.16000000001 1948.14 5.134097099304199 0
2 -1 2 626.54 581.83 -2 656.0100000000001 1 41 656.0100000000001 26999.98 1948.14 2.185119867324829 0
0 -1 3 725.81 466.3599999999999 -1 5340.079999999999 11 69 466.3599999999999 60760.809999999976 2093.2099999999996 0.007698774337768555 0
1 -1 3 660.04 313.25 -1 638.3499999999999 2 67 313.25 45499.579999999994 1500.27 0.006393909454345703 0
2 -1 3 830.3 572.23 -1 572.23 1 41 572.23 35186.829999999994 1500.27 0.005563259124755859 0
0 -1 3 725.81 466.3599999999999 -1 5340.079999999999 11 69 466.3599999999999 60760.809999999976 2093.2099999999996 0.007719755172729492 0
1 -1 3 660.04 313.25 -1 638.3499999999999 2 67 313.25 45499.579999999994 1500.27 0.00638890266418457 0
2 -1 3 830.3 572.23 -1 572.23 1 41 572.23 35186.829999999994 1500.27 0.00554203987121582 0
0 -1 3 725.81 466.3599999999999 -1 5340.079999999999 11 69 466.3599999999999 60760.809999999976 2093.2099999999996 0.007996797561645508 0
1 -1 3 660.04 313.25 -1 638.3499999999999 2 67 313.25 45499.579999999994 1500.27 0.006469249725341797 0
2 -1 3 830.3 572.23 -1 572.23 1 41 572.23 35186.829999999994 1500.27 0.005627155303955078 0
0 -1 3 725.81 466.3599999999999 -1 5340.079999999999 11 69 466.3599999999999 60760.809999999976 2093.2099999999996 0.007815837860107422 0
1 -1 3 660.04 313.25 -1 638.3499999999999 2 67 313.25 45499.579999999994 1500.27 0.006255149841308594 0
2 -1 3 830.3 572.23 -1 572.23 1 41 572.23 35186.829999999994 1500.27 0.005773067474365234 0
0 -1 4 621.52 436.91 -1 6397.449999999999 11 69 554.9300000000001 55679.820000000014 2101.7000000000003 2.932935953140259 0
1 -1 4 578.73 441.41 -1 1176.74 2 67 582.52 41128.259999999995 2188.97 2.845659017562866 0
2 -1 4 631.77 570.9899999999999 -1 668.03 1 41 668.03 27238.81000000001 2101.7000000000003 2.0469970703125 0
0 -1 4 621.52 436.91 -1 6397.449999999999 11 69 554.9300000000001 55679.820000000014 2101.7000000000003 2.9329121112823486 0
1 -1 4 578.73 441.41 -1 1176.74 2 67 582.52 41128.259999999995 2188.97 2.785768985748291 0
2 -1 4 631.77 570.9899999999999 -1 668.03 1 41 668.03 27238.81000000001 2101.7000000000003 2.083911895751953 0
0 -1 4 621.52 436.91 -1 6397.449999999999 11 69 554.9300000000001 55679.820000000014 2101.7000000000003 2.9446918964385986 0
1 -1 4 578.73 441.41 -1 1176.74 2 67 582.52 41128.259999999995 2188.97 2.7608888149261475 0
2 -1 4 631.77 570.9899999999999 -1 668.03 1 41 668.03 27238.81000000001 2101.7000000000003 2.062391996383667 0
0 -1 4 621.52 436.91 -1 6397.449999999999 11 69 554.9300000000001 55679.820000000014 2101.7000000000003 2.962486743927002 0
1 -1 4 578.73 441.41 -1 1176.74 2 67 582.52 41128.259999999995 2188.97 2.7868881225585938 0
2 -1 4 631.77 570.9899999999999 -1 668.03 1 41 668.03 27238.81000000001 2101.7000000000003 2.0266528129577637 0
0 -1 5 599.18 487.95 -3 5982.09 11 69 517.76 53307.27000000001 2041.23 3.1877591609954834 0
1 -1 5 533.16 456.02 -4 966.96 2 67 461.64 37655.94 1840.94 4.021509885787964 0
2 -1 5 642.08 584.75 -2 659.59 1 41 659.59 27644.409999999993 1840.94 2.135051965713501 0
0 -1 5 599.18 487.95 -3 5982.09 11 69 517.76 53307.27000000001 2041.23 3.1727800369262695 0
1 -1 5 533.16 456.02 -4 966.96 2 67 461.64 37655.94 1840.94 4.024159908294678 0
2 -1 5 642.08 584.75 -2 659.59 1 41 659.59 27644.409999999993 1840.94 2.1414551734924316 0
0 -1 5 599.18 487.95 -3 5982.09 11 69 517.76 53307.27000000001 2041.23 3.176331043243408 0
1 -1 5 533.16 456.02 -4 966.96 2 67 461.64 37655.94 1840.94 3.987175941467285 0
2 -1 5 642.08 584.75 -2 659.59 1 41 659.59 27644.409999999993 1840.94 2.1963188648223877 0
0 -1 5 599.18 487.95 -3 5982.09 11 69 517.76 53307.27000000001 2041.23 3.2276391983032227 0
1 -1 5 533.16 456.02 -4 966.96 2 67 461.64 37655.94 1840.94 4.002876281738281 0
2 -1 5 642.08 584.75 -2 659.59 1 41 659.59 27644.409999999993 1840.94 2.2086637020111084 0
0 -1 6 714.16 608.4499999999999 -1 7338.360000000001 11 69 660.86 63953.689999999995 2591.0299999999997 4.639333963394165 0
1 -1 6 621.56 483.60999999999996 -1 1157.49 2 67 562.85 43959.270000000004 2172.1600000000003 5.670573949813843 0
2 -1 6 804.39 757.49 -1 766.5299999999997 1 41 766.5299999999997 34512.94 2172.1600000000003 2.6130728721618652 0
0 -1 6 714.16 608.4499999999999 -1 7338.360000000001 11 69 660.86 63953.689999999995 2591.0299999999997 4.596735954284668 0
1 -1 6 621.56 483.60999999999996 -1 1157.49 2 67 562.85 43959.270000000004 2172.1600000000003 5.463943004608154 0
2 -1 6 804.39 757.49 -1 766.5299999999997 1 41 766.5299999999997 34512.94 2172.1600000000003 2.628225088119507 0
0 -1 6 714.16 608.4499999999999 -1 7338.360000000001 11 69 660.86 63953.689999999995 2591.0299999999997 4.505605936050415 0
1 -1 6 621.56 483.60999999999996 -1 1157.49 2 67 562.85 43959.270000000004 2172.1600000000003 5.455897092819214 0
2 -1 6 804.39 757.49 -1 766.5299999999997 1 41 766.5299999999997 34512.94 2172.1600000000003 2.653757095336914 0
0 -1 6 714.16 608.4499999999999 -1 7338.360000000001 11 69 660.86 63953.689999999995 2591.0299999999997 4.614150047302246 0
1 -1 6 621.56 483.60999999999996 -1 1157.49 2 67 562.85 43959.270000000004 2172.1600000000003 5.311697959899902 0
2 -1 6 804.39 757.49 -1 766.5299999999997 1 41 766.5299999999997 34512.94 2172.1600000000003 2.5868868827819824 0
random:0T:1500
0 -1 0 948.07 164.98 -1 11779.370000000003 11 69 728.6899999999999 88975.66999999995 2351.0499999999997 0.5017929077148438 0
1 -1 0 977.42 603.0799999999999 -1 1597.83 2 67 657.54 68682.98000000001 2575.7 0.4936392307281494 0
2 -1 0 1122.1 849.3399999999999 -1 1115.18 1 41 1115.18 48236.520000000004 2137.6 0.2846221923828125 0
0 -1 0 948.07 164.98 -1 11779.370000000003 11 69 728.6899999999999 88975.66999999995 2351.0499999999997 0.504431962966919 0
1 -1 0 977.42 603.0799999999999 -1 1597.83 2 67 657.54 68682.98000000001 2575.7 0.48995399475097656 0
2 -1 0 1122.1 849.3399999999999 -1 1115.18 1 41 1115.18 48236.520000000004 2137.6 0.3286590576171875 0
0 -1 0 948.07 164.98 -1 11779.370000000003 11 69 728.6899999999999 88975.66999999995 2351.0499999999997 0.4809989929199219 0
1 -1 0 977.42 603.0799999999999 -1 1597.83 2 67 657.54 68682.98000000001 2575.7 0.4989612102508545 0
2 -1 0 1122.1 849.3399999999999 -1 1115.18 1 41 1115.18 48236.520000000004 2137.6 0.2999858856201172 0
0 -1 0 948.07 164.98 -1 11779.370000000003 11 69 728.6899999999999 88975.66999999995 2351.0499999999997 0.47963905334472656 0
1 -1 0 977.42 603.0799999999999 -1 1597.83 2 67 657.54 68682.98000000001 2575.7 0.5202658176422119 0
2 -1 0 1122.1 849.3399999999999 -1 1115.18 1 41 1115.18 48236.520000000004 2137.6 0.2843971252441406 0
0 -1 1 766.93 577.13 -2 7811.070000000001 11 69 673.26 68540.31999999996 2596.91 2.807216167449951 0
1 -1 1 707.0 526.14 -1 1412.8400000000001 2 67 685.6 50194.83999999997 2582.94 3.3251891136169434 0
2 -1 1 812.06 748.0400000000001 -2 810.74 1 41 810.74 34916.07000000001 2545.92 2.636112928390503 0
0 -1 1 766.93 577.13 -2 7811.070000000001 11 69 673.26 68540.31999999996 2596.91 2.8031630516052246 0
1 -1 1 707.0 526.14 -1 1412.8400000000001 2 67 685.6 50194.83999999997 2582.94 3.364345073699951 0
2 -1 1 812.06 748.0400000000001 -2 810.74 1 41 810.74 34916.07000000001 2545.92 2.5302858352661133 0
0 -1 1 766.93 577.13 -2 7811.070000000001 11 69 673.26 68540.31999999996 2596.91 2.8280136585235596 0
1 -1 1 707.0 526.14 -1 1412.8400000000001 2 67 685.6 50194.83999999997 2582.94 3.338824987411499 0
2 -1 1 812.06 748.0400000000001 -2 810.74 1 41 810.74 34916.07000000001 2545.92 2.5483009815216064 0
0 -1 1 766.93 577.13 -2 7811.070000000001 11 69 673.26 68540.31999999996 2596.91 2.830995798110962 0
1 -1 1 707.0 526.14 -1 1412.8400000000001 2 67 685.6 50194.83999999997 2582.94 3.4075798988342285 0
2 -1 1 812.06 748.0400000000001 -2 810.74 1 41 810.74 34916.07000000001 2545.92 2.5341310501098633 0
0 -1 2 790.12 609.56 -1 8053.529999999999 11 69 670.2499999999999 70625.08999999997 2620.3099999999995 4.537168741226196 0
1 -1 2 688.22 572.75 -1 1322.8899999999999 2 67 647.59 48756.27999999998 2515.52 6.387739181518555 0
2 -1 2 783.81 725.28 -2 766.3700000000001 1 41 766.3700000000001 33668.84 2515.52 2.852215051651001 0
0 -1 2 790.12 609.56 -1 8053.529999999999 11 69 670.2499999999999 70625.08999999997 2620.3099999999995 4.5606231689453125 0
1 -1 2 688.22 572.75 -1 1322.8899999999999 2 67 647.59 48756.27999999998 2515.52 6.213911056518555 0
2 -1 2 783.81 725.28 -2 766.3700000000001 1 41 766.3700000000001 33668.84 2515.52 2.8103370666503906 0
0 -1 2 790.12 609.56 -1 8053.529999999999 11 69 670.2499999999999 70625.08999999997 2620.3099999999995 4.575178146362305 0
1 -1 2 688.22 572.75 -1 1322.8899999999999 2 67 647.59 48756.27999999998 2515.52 6.33611536026001 0
2 -1 2 783.81 725.28 -2 766.3700000000001 1 41 766.3700000000001 33668.84 2515.52 2.808120012283325 0
0 -1 2 790.12 609.56 -1 8053.529999999999 11 69 670.2499999999999 70625.08999999997 2620.3099999999995 4.58693790435791 0
1 -1 2 688.22 572.75 -1 1322.8899999999999 2 67 647.59 48756.27999999998 2515.52 6.543014049530029 0
2 -1 2 783.81 725.28 -2 766.3700000000001 1 41 766.3700000000001 33668.84 2515.52 2.7997729778289795 0
0 -1 3 930.81 604.1199999999999 -1 6947.56 11 69 604.1199999999999 78121.34000000001 2747.68 0.00905609130859375 0
1 -1 3 831.85 369.72 -1 742.07 2 67 369.72 57217.860000000015 1890.14 0.007477998733520508 0
2 -1 3 1064.33 730.28 -1 730.28 1 41 730.28 45098.22999999998 1890.14 0.006484031677246094 0
0 -1 3 930.81 604.1199999999999 -1 6947.56 11 69 604.1199999999999 78121.34000000001 2747.68 0.008797883987426758 0
1 -1 3 831.85 369.72 -1 742.07 2 67 369.72 57217.860000000015 1890.14 0.006811857223510742 0
2 -1 3 1064.33 730.28 -1 730.28 1 41 730.28 45098.22999999998 1890.14 0.006463050842285156 0
0 -1 3 930.81 604.1199999999999 -1 6947.56 11 69 604.1199999999999 78121.34000000001 2747.68 0.008945703506469727 0
1 -1 3 831.85 369.72 -1 742.07 2 67 369.72 57217.860000000015 1890.14 0.007208824157714844 0
2 -1 3 1064.33 730.28 -1 730.28 1 41 730.28 45098.22999999998 1890.14 0.006504058837890625 0
0 -1 3 930.81 604.1199999999999 -1 6947.56 11 69 604.1199999999999 78121.34000000001 2747.68 0.009176015853881836 0
1 -1 3 831.85 369.72 -1 742.07 2 67 369.72 57217.860000000015 1890.14 0.007105112075805664 0
2 -1 3 1064.33 730.28 -1 730.28 1 41 730.28 45098.22999999998 1890.14 0.006410837173461914 0
0 -1 4 769.36 578.21 -2 7913.42 11 69 683.4999999999999 68912.99999999997 2628.7099999999996 2.861496925354004 0
1 -1 4 698.82 528.67 -1 1415.1399999999999 2 67 689.85 49651.33000000003 2598.2200000000003 3.370774984359741 0
2 -1 4 799.71 724.78 -1 814.9599999999999 1 41 814.9599999999999 34417.939999999995 2579.1699999999996 2.731118679046631 0
0 -1 4 769.36 578.21 -2 7913.42 11 69 683.4999999999999 68912.99999999997 2628.7099999999996 3.118457078933716 0
1 -1 4 698.82 528.67 -1 1415.1399999999999 2 67 689.85 49651.33000000003 2598.2200000000003 3.7198991775512695 0
2 -1 4 799.71 724.78 -1 814.9599999999999 1 41 814.9599999999999 34417.939999999995 2579.1699999999996 2.716627359390259 0
0 -1 4 769.36 578.21 -2 7913.42 11 69 683.4999999999999 68912.99999999997 2628.7099999999996 2.893427848815918 0
1 -1 4 698.82 528.67 -1 1415.1399999999999 2 67 689.85 49651.33000000003 2598.2200000000003 3.422261953353882 0
2 -1 4 799.71 724.78 -1 814.9599999999999 1 41 814.9599999999999 34417.939999999995 2579.1699999999996 2.6014328002929688 0
0 -1 4 769.36 578.21 -2 7913.42 11 69 683.4999999999999 68912.99999999997 2628.7099999999996 2.8718690872192383 0
1 -1 4 698.82 528.67 -1 1415.1399999999999 2 67 689.85 49651.33000000003 2598.2200000000003 3.3313539028167725 0
2 -1 4 799.71 724.78 -1 814.9599999999999 1 41 814.9599999999999 34417.939999999995 2579.1699999999996 2.61136794090271 0
0 -1 5 762.62 553.11 -1 7811.39 11 69 667.35 68243.49 2555.1600000000003 4.008671045303345 0
1 -1 5 658.19 546.8 -1 1271.96 2 67 616.07 46642.69 2395.01 5.083287954330444 0
2 -1 5 782.45 724.8700000000001 -2 767.8799999999999 1 41 767.8799999999999 33616.380000000005 2395.01 2.774336099624634 0
0 -1 5 762.62 553.11 -1 7811.39 11 69 667.35 68243.49 2555.1600000000003 4.403486013412476 0
1 -1 5 658.19 546.8 -1 1271.96 2 67 616.07 46642.69 2395.01 5.1390180587768555 0
2 -1 5 782.45 724.8700000000001 -2 767.8799999999999 1 41 767.8799999999999 33616.380000000005 2395.01 2.8861026763916016 0
0 -1 5 762.62 553.11 -1 7811.39 11 69 667.35 68243.49 2555.1600000000003 4.313887119293213 0
1 -1 5 658.19 546.8 -1 1271.96 2 67 616.07 46642.69 2395.01 4.944874048233032 0
2 -1 5 782.45 724.8700000000001 -2 767.8799999999999 1 41 767.8799999999999 33616.380000000005 2395.01 2.711876153945923 0
0 -1 5 762.62 553.11 -1 7811.39 11 69 667.35 68243.49 2555.1600000000003 4.0135581493377686 0
1 -1 5 658.19 546.8 -1 1271.96 2 67 616.07 46642.69 2395.01 5.103786945343018 0
2 -1 5 782.45 724.8700000000001 -2 767.8799999999999 1 41 767.8799999999999 33616.380000000005 2395.01 3.124577045440674 0
0 -1 6 857.35 723.9200000000001 -2 8823.53 11 69 765.8500000000001 76804.17000000003 3021.4700000000003 5.4872472286224365 0
1 -1 6 810.39 686.97 -1 1502.8700000000001 2 67 750.0600000000001 57301.75999999998 2937.1500000000005 6.740800142288208 0
2 -1 6 1017.34 949.26 -1 958.86 1 41 958.86 43628.530000000006 2937.1500000000005 3.0715432167053223 0
0 -1 6 857.35 723.9200000000001 -2 8823.53 11 69 765.8500000000001 76804.17000000003 3021.4700000000003 4.931354284286499 0
1 -1 6 810.39 686.97 -1 1502.8700000000001 2 67 750.0600000000001 57301.75999999998 2937.1500000000005 6.843556880950928 0
2 -1 6 1017.34 949.26 -1 958.86 1 41 958.86 43628.530000000006 2937.1500000000005 3.2760918140411377 0
0 -1 6 857.35 723.9200000000001 -2 8823.53 11 69 765.8500000000001 76804.17000000003 3021.4700000000003 5.14571213722229 0
1 -1 6 810.39 686.97 -1 1502.8700000000001 2 67 750.0600000000001 57301.75999999998 2937.1500000000005 7.141008138656616 0
2 -1 6 1017.34 949.26 -1 958.86 1 41 958.86 43628.530000000006 2937.1500000000005 3.059670925140381 0
0 -1 6 857.35 723.9200000000001 -2 8823.53 11 69 765.8500000000001 76804.17000000003 3021.4700000000003 4.9998133182525635 0
1 -1 6 810.39 686.97 -1 1502.8700000000001 2 67 750.0600000000001 57301.75999999998 2937.1500000000005 6.829277038574219 0
2 -1 6 1017.34 949.26 -1 958.86 1 41 958.86 43628.530000000006 2937.1500000000005 3.0482687950134277 0
random:0T:300
0 -1 9 122.1 0.78 -1 1417.3599999999997 11 69 110.32 11259.300000000003 331.73999999999995 0.029575824737548828 0
1 -1 9 107.77 0 -3 210.20999999999998 2 67 85.57 7640.7599999999975 256.71 0.03879594802856445 0
2 -1 9 121.39 75.98 -1 99.22000000000003 1 41 99.22000000000003 5175.449999999998 256.71 0.11642575263977051 0
0 -1 9 122.1 0.78 -1 1417.3599999999997 11 69 110.32 11259.300000000003 331.73999999999995 0.030597925186157227 0
1 -1 9 107.77 0 -3 210.20999999999998 2 67 85.57 7640.7599999999975 256.71 0.03902101516723633 0
2 -1 9 121.39 75.98 -1 98.82000000000002 1 41 98.82000000000002 5174.589999999998 256.71 0.11139678955078125 0
0 -1 9 122.1 0.78 -1 1417.3599999999997 11 69 110.32 11259.300000000003 331.73999999999995 0.03147697448730469 0
1 -1 9 107.77 0 -3 210.20999999999998 2 67 85.57 7640.7599999999975 256.71 0.03951311111450195 0
2 -1 9 121.41 75.98 -1 97.58 1 41 97.58 5172.899999999998 256.71 0.11267900466918945 0
0 -1 9 122.1 0.78 -1 1417.3599999999997 11 69 110.32 11259.300000000003 331.73999999999995 0.032418251037597656 0
1 -1 9 107.77 0 -3 210.20999999999998 2 67 85.57 7640.7599999999975 256.71 0.04004693031311035 0
2 -1 9 121.4 78.21 -1 81.73 1 41 81.73 5140.849999999998 245.19 0.07636713981628418 0
0 -1 10 122.1 0.78 -1 1417.3599999999997 11 69 110.32 11259.300000000003 331.73999999999995 0.031137704849243164 0
1 -1 10 107.77 0.0 -3 210.20999999999998 2 67 85.57 7640.7599999999975 256.71 0.040995121002197266 0
2 -1 10 121.02 75.98 -1 100.60000000000002 1 41 100.60000000000002 5163.159999999998 256.71 0.19309186935424805 0
0 -1 10 122.1 0.78 -1 1417.3599999999997 11 69 110.32 11259.300000000003 331.73999999999995 0.031796932220458984 0
1 -1 10 107.77 0.0 -3 210.20999999999998 2 67 85.57 7640.7599999999975 256.71 0.040386199951171875 0
2 -1 10 121.02 75.98 -1 100.60000000000002 1 41 100.60000000000002 5163.159999999998 256.71 0.19602203369140625 0
0 -1 10 122.1 0.78 -1 1417.3599999999997 11 69 110.32 11259.300000000003 331.73999999999995 0.03268694877624512 0
1 -1 10 107.77 0.0 -3 210.20999999999998 2 67 85.57 7640.7599999999975 256.71 0.04081106185913086 0
2 -1 10 121.02 75.98 -1 100.60000000000002 1 41 100.60000000000002 5163.159999999998 256.71 0.19818592071533203 0
0 -1 10 122.1 0.78 -1 1417.3599999999997 11 69 110.32 11259.300000000003 331.73999999999995 0.03245067596435547 0
1 -1 10 107.77 0.0 -3 210.20999999999998 2 67 85.57 7640.7599999999975 256.71 0.041261911392211914 0
2 -1 10 120.37 79.02 -1 81.73 1 41 81.73 5098.459999999998 245.19 0.230316162109375 0
random:0T:600
0 -1 9 310.45 148.89 -2 3937.4500000000003 11 69 356.11 29296.170000000006 1217.2199999999998 0.41318297386169434 0
1 -1 9 281.7 191.29 -2 681.8499999999999 2 67 338.15 20237.719999999994 1205.74 0.429854154586792 0
2 -1 9 278.24 184.92 -2 389.6499999999998 1 41 389.6499999999998 12187.110000000008 1163.34 0.5566949844360352 0
0 -1 9 308.13 167.3 -3 3710.83 11 69 327.17999999999995 28682.499999999996 1148.84 0.3569328784942627 0
1 -1 9 281.72 191.29 -2 679.28 2 67 337.48999999999995 20234.070000000003 1203.7599999999998 0.4139730930328369 0
2 -1 9 278.24 184.92 -2 387.28999999999957 1 41 387.28999999999957 12182.490000000007 1148.84 0.4626650810241699 0
0 -1 9 318.94 223.97 -6 3653.7799999999997 11 69 330.22999999999996 29314.390000000014 1214.6599999999999 0.4368321895599365 0
1 -1 9 291.45 214.91 -1 632.8599999999999 2 67 311.2 20792.88000000001 1148.51 0.38335084915161133 0
2 -1 9 315.94 259.27 -2 361.8499999999999 1 41 361.8499999999999 13677.130000000001 1148.51 0.3585331439971924 0
0 -1 9 319.8 269.24 -1 3116.4199999999996 11 69 282.28 28299.020000000004 1116.08 0.451153039932251 0
1 -1 9 310.4 249.12 -1 551.13 2 67 267.90999999999997 21899.219999999994 1052.85 0.4640231132507324 0
2 -1 9 342.35 322.90999999999997 -2 330.1099999999999 1 41 330.1099999999999 14696.490000000002 1052.85 0.28757405281066895 0
0 -1 10 310.45 148.89 -2 3937.4500000000003 11 69 356.11 29296.170000000006 1217.2199999999998 0.41572093963623047 0
1 -1 10 277.78 191.29 -2 691.1800000000001 2 67 345.20000000000005 19993.819999999996 1226.89 0.7961428165435791 0
2 -1 10 273.54 184.92 -2 398.6000000000005 1 41 398.6000000000005 12012.480000000009 1184.4900000000002 0.9281609058380127 0
0 -1 10 307.16 168.39 -3 3725.63 11 69 330.30000000000007 28644.98 1159.2900000000002 0.42273521423339844 0
1 -1 10 277.78 191.29 -2 691.1800000000001 2 67 345.20000000000005 19993.819999999996 1226.89 0.7729473114013672 0
2 -1 10 274.79 188.82 -2 395.9700000000002 1 41 395.9700000000002 12058.230000000009 1159.2900000000002 0.8413858413696289 0
0 -1 10 298.06 191.34 -2 3265.2999999999997 11 69 286.46000000000004 27096.87000000001 1050.72 0.3856639862060547 0
1 -1 10 289.15 214.91 -1 638.6800000000001 2 67 314.50000000000006 20650.41 1158.4100000000003 0.45018696784973145 0
2 -1 10 299.44 245.39 -2 367.62 1 41 367.62 13012.369999999999 1050.72 0.451052188873291 0
0 -1 10 285.26 191.06999999999985 -2 2788.63 11 69 240.85 25260.260000000002 913.6199999999998 0.5697917938232422 0
1 -1 10 297.78 241.87 -2 537.1600000000001 2 67 253.94 21025.539999999994 1003.6899999999999 0.3503899574279785 0
2 -1 10 307.27 267.15 -2 306.63 1 41 306.63 13211.2 913.6199999999998 0.28917407989501953 0
random:0T:900
0 -1 9 465.74 216.99 -2 6757.249999999999 11 69 613.15 45650.55000000001 2056.4399999999996 0.8201720714569092 0
1 -1 9 404.18 240.24 -2 1221.7399999999998 2 67 609.6299999999998 29523.72000000001 2069.129999999999 0.7690539360046387 0
2 -1 9 389.77 236.74 -2 677.7099999999997 1 41 677.7099999999997 17336.110000000004 2045.8799999999994 0.9061870574951172 0
0 -1 9 487.22 305.54999999999995 -6 6400.739999999999 11 69 579.3 46419.46000000002 2043.4499999999998 0.9153552055358887 0
1 -1 9 421.2 306.33 -4 1160.2599999999998 2 67 579.55 30540.740000000016 2044.9799999999998 0.801131010055542 0
2 -1 9 446.66 324.36 -4 653.3799999999993 1 41 653.3799999999993 19619.639999999996 2043.4499999999998 0.7399122714996338 0
0 -1 9 498.41 372.01000000000005 -2 6109.0599999999995 11 69 551.34 46608.45 2026.03 0.7770099639892578 0
1 -1 9 451.51 351.48 -1 1075.0700000000002 2 67 525.02 32401.370000000003 1926.54 0.6287808418273926 0
2 -1 9 484.75 423.80999999999995 -1 646.3299999999995 1 41 646.3299999999995 21167.280000000006 1926.54 0.5712060928344727 0
0 -1 9 510.77 448.90999999999997 -1 5189.589999999999 11 69 467.82000000000005 45622.399999999994 1852.37 0.7422130107879639 0
1 -1 9 485.56 440.41 -1 957.4200000000001 2 67 469.7 34447.39000000001 1849.51 0.7418019771575928 0
2 -1 9 565.25 537.05 -1 554.6799999999998 1 41 554.6799999999998 24284.799999999992 1843.8700000000001 0.5249500274658203 0
0 -1 10 465.74 216.99 -2 6757.37 11 69 613.2099999999999 45650.97000000001 2056.62 0.8692779541015625 0
1 -1 10 391.02 240.24 -2 1243.2700000000002 2 67 619.5800000000002 28684.659999999996 2098.9800000000005 1.1318919658660889 0
2 -1 10 375.66 236.74 -2 696.6000000000023 1 41 696.6000000000023 16795.22000000002 2056.62 1.7491719722747803 0
0 -1 10 479.87 284.4 -2 6525.049999999999 11 69 591.6199999999999 46160.80000000001 2059.2599999999998 0.8191611766815186 0
1 -1 10 419.69 291.53 -4 1180.62 2 67 589.6099999999999 30480.25999999999 2060.3599999999997 0.8326301574707031 0
2 -1 10 417.47 324.1 -2 681.1400000000016 1 41 681.1400000000016 18478.710000000003 2053.2299999999996 1.5372581481933594 0
0 -1 10 469.16 335.45 -2 5656.460000000001 11 69 503.16999999999996 43685.260000000046 1844.9599999999998 0.5751087665557861 0
1 -1 10 443.12 343.4 -1 1091.2799999999997 2 67 536.31 31871.870000000003 1952.33 0.6296799182891846 0
2 -1 10 461.21 385.44 -1 608.5100000000002 1 41 608.5100000000002 20126.600000000013 1844.9599999999998 0.8417179584503174 0
0 -1 10 457.28 358.8000000000002 -2 4795.15 11 69 417.79 41142.47999999999 1612.1700000000003 0.8078358173370361 0
1 -1 10 450.78 366.40999999999997 -1 855.3499999999999 2 67 427.39 31912.699999999986 1648.58 0.6949398517608643 0
2 -1 10 470.15 385.44 -1 460.43 1 41 460.43 20197.010000000006 1612.1700000000003 0.5092418193817139 0
random:0T:1200
0 -1 9 607.99 309.19 -6 9267.38 11 69 836.44 60486.03000000003 2818.51 1.2363357543945312 0
1 -1 9 511.48 329.64 -4 1715.1599999999999 2 67 856.6799999999998 37699.27999999997 2899.6799999999994 1.177833080291748 0
2 -1 9 527.72 366.63 -4 955.2799999999997 1 41 955.2799999999997 23547.190000000002 2818.51 1.270117998123169 0
0 -1 9 638.32 402.38 -2 9216.01 11 69 832.1700000000002 62475.890000000036 2898.890000000001 1.2596218585968018 0
1 -1 9 533.45 408.03 -4 1714.6299999999997 2 67 856.2799999999999 39170.080000000016 2976.87 1.178800344467163 0
2 -1 9 578.26 436.94 -1 938.0699999999991 1 41 938.0699999999991 25584.780000000013 2898.890000000001 0.9869470596313477 0
0 -1 9 670.93 493.55 -1 8334.640000000001 11 69 750.4799999999999 62963.270000000004 2744.99 1.158905029296875 0
1 -1 9 587.84 441.40999999999997 -1 1502.71 2 67 748.68 42390.96 2687.45 1.1476037502288818 0
2 -1 9 687.74 612.1500000000003 -2 903.0599999999995 1 41 903.0599999999995 30003.630000000005 2687.45 0.8120541572570801 0
0 -1 9 725.48 631.61 -1 7354.58 11 69 663.21 64767.19999999998 2621.2400000000002 1.1369976997375488 0
1 -1 9 667.89 542.28 -1 1222.32 2 67 598.49 47193.35 2337.75 1.150524377822876 0
2 -1 9 795.89 760.6500000000001 -2 782.2499999999999 1 41 782.2499999999999 34196.10000000001 2337.75 0.7025988101959229 0
0 -1 10 606.98 313.8 -6 9307.539999999999 11 69 841.3200000000002 60496.93000000001 2837.7600000000007 1.2211978435516357 0
1 -1 10 496.8 321.65000000000003 -4 1728.7899999999997 2 67 863.0 36743.149999999994 2910.65 1.2731361389160156 0
2 -1 10 500.91 374.76 -4 979.4100000000034 1 41 979.4100000000034 22496.28000000001 2837.7600000000007 2.330552101135254 0
0 -1 10 629.07 403.25 -4 9252.990000000002 11 69 839.4900000000002 61911.74000000001 2921.7200000000007 1.3014147281646729 0
1 -1 10 530.77 407.65999999999997 -4 1713.13 2 67 856.0900000000001 38987.59 2975.9300000000003 1.5032470226287842 0
2 -1 10 554.82 436.93 -1 963.2900000000022 1 41 963.2900000000022 24674.290000000005 2921.7200000000007 1.9067928791046143 0
0 -1 10 644.09 436.91999999999996 -1 7979.599999999999 11 69 718.93 60401.680000000015 2593.71 1.1271932125091553 0
1 -1 10 561.66 422.99 -1 1499.04 2 67 738.86 40628.96999999998 2639.5699999999997 1.030184268951416 0
2 -1 10 608.02 491.15000000000003 -1 862.1600000000002 1 41 862.1600000000002 26653.15 2579.7799999999997 1.1597411632537842 0
0 -1 10 623.87 437.91 -2 6416.119999999999 11 69 548.26 55879.00999999999 2082.69 1.0122439861297607 0
1 -1 10 563.23 431.57 -1 1138.71 2 67 558.73 40013.959999999985 2107.76 0.9731848239898682 0
2 -1 10 629.87 572.58 -1 664.76 1 41 664.76 27154.12 2076.35 0.7348871231079102 0
random:0T:1500
0 -1 9 741.06 409.9 -6 11758.92 11 69 1067.4500000000003 74651.13999999998 3612.250000000001 1.4995617866516113 0
1 -1 9 607.16 435.08 -4 2240.81 2 67 1119.7099999999998 45161.23000000003 3794.209999999999 1.447317123413086 0
2 -1 9 621.8 446.53999999999996 -2 1245.0700000000004 1 41 1245.0700000000004 27984.12 3612.250000000001 1.7998063564300537 0
0 -1 9 790.76 465.72 -2 11496.810000000003 11 69 1041.5300000000002 77556.11000000004 3590.3100000000004 1.7040882110595703 0
1 -1 9 632.91 452.54 -1 1997.54 2 67 980.02 46400.02 3392.6 1.3788821697235107 0
2 -1 9 712.24 465.17999999999995 -1 1218.3999999999992 1 41 1218.3999999999992 31638.479999999996 3392.6 1.4448277950286865 0
0 -1 9 827.22 560.71 -1 10534.940000000002 11 69 950.26 78148.14999999998 3411.49 1.4660532474517822 0
1 -1 9 731.42 577.87 -1 2038.12 2 67 1017.83 53081.57 3631.36 1.624934196472168 0
2 -1 9 867.39 769.25 -1 1183.46 1 41 1183.46 37929.950000000004 3411.49 1.212005853652954 0
0 -1 9 866.8 721.81 -2 8818.77 11 69 784.6199999999999 77446.88000000003 3075.6699999999996 1.3682310581207275 0
1 -1 9 768.47 645.27 -1 1528.79 2 67 724.3699999999999 54545.08000000001 2818.3799999999997 1.3097069263458252 0
2 -1 9 1009.84 958.0400000000001 -1 986.22 1 41 986.22 43375.76000000001 2818.3799999999997 0.8948390483856201 0
0 -1 10 745.58 420.57 -2 11973.529999999999 11 69 1086.01 75392.04000000002 3678.6 1.4961011409759521 0
1 -1 10 592.75 435.92 -4 2255.9299999999994 2 67 1127.6599999999999 44225.83000000001 3818.8999999999996 1.4772238731384277 0
2 -1 10 582.86 447.54 -2 1277.4100000000053 1 41 1277.4100000000053 26451.950000000015 3678.6 3.0616090297698975 0
0 -1 10 768.55 465.72 -2 11129.890000000001 11 69 1004.4900000000001 75289.41000000002 3479.1900000000005 1.4917449951171875 0
1 -1 10 626.33 452.54 -1 2124.42 2 67 1060.1299999999999 46213.11000000001 3632.9299999999994 1.538849115371704 0
2 -1 10 684.89 465.18 -1 1238.040000000003 1 41 1238.040000000003 30556.38000000003 3466.01 2.3739657402038574 0
0 -1 10 798.05 481.65000000000003 -2 10059.21 11 69 895.4899999999999 75183.58999999998 3168.12 1.327099084854126 0
1 -1 10 676.4 484.22 -1 1906.3599999999997 2 67 951.3799999999999 49131.63000000001 3338.3599999999997 1.3780601024627686 0
2 -1 10 763.47 656.17 -1 1069.95 1 41 1069.95 33442.05000000002 3168.12 1.4663100242614746 0
0 -1 10 772.26 569.0799999999999 -2 8012.290000000001 11 69 689.0899999999999 69310.52999999998 2636.3499999999995 1.1656298637390137 0
1 -1 10 683.96 513.61 -1 1351.98 2 67 662.41 48528.99999999998 2500.84 1.1085162162780762 0
2 -1 10 796.36 725.85 -1 839.25 1 41 839.25 34329.11999999999 2500.84 0.9549551010131836 0
