random:0T:600
0 -1 7 456.61 314.52 -2 4708.619999999999 10 28 469.50999999999993 22202.240000000005 1723.0499999999997 0.14368891716003418 0
1 -1 7 291.68 204.12 -4 611.5099999999999 2 62 304.2999999999999 19307.160000000018 1117.0199999999995 0.7456140518188477 0
2 -1 7 336.01 278.48 -2 413.4299999999999 1 41 413.4299999999999 14603.440000000002 1518.7699999999998 0.3257789611816406 0
3 -1 7 343.25 296.41 -1 429.9100000000001 1 46 429.9100000000001 16649.11 1117.0199999999995 0.45029711723327637 0
random:0T:1200
random:0T:1200
random:0T:1200
random:0T:1200
random:0T:1200
random:0T:1200
