random:0T:3000
sum 0 0 0 60 58 
sum 1 0 0 180 91 
sum 2 0 0 240 100 
sum 3 0 0 360 115 
sum 4 0 0 540 137 
sum 5 0 0 600 141 
sum 6 0 0 1200 161 
sum 7 0 0 1500 162 
sum 8 0 0 1800 165 
sum 9 0 0 2100 172 
sum 10 0 0 2400 178 
sum 11 0 0 2700 187 
sum 12 0 0 3000 195 
miss fire 0 0 3 3 2 2 1 0 1 1 1 1 0 0 0 0 0 1 1 1 1 1 0 0 0 0 0 0 0 0 0 0 0 1 2 1 1 2 1 1 1 1 1 1 1 1 0 0 0 1 0 0 0 
miss human 0 0 18 18 11 9 7 7 7 7 6 6 4 4 2 2 1 1 0 0 0 0 0 0 0 0 0 0 0 0 0 0 0 0 0 0 0 0 0 0 0 0 0 0 0 0 0 0 0 0 0 0 0 
miss window 0 0 8 8 6 3 1 0 0 0 0 0 0 0 0 0 1 0 0 1 1 1 1 1 0 0 0 0 1 1 1 0 0 0 0 0 0 0 0 0 0 1 0 0 1 1 1 3 3 1 1 1 1 
acm fire 0 0 3 6 8 10 11 11 12 13 14 15 15 15 15 15 15 16 17 18 19 20 20 20 20 20 20 20 20 20 20 20 20 21 23 24 25 27 28 29 30 31 32 33 34 35 35 35 35 36 36 36 36 
acm human 0 0 18 36 47 56 63 70 77 84 90 96 100 104 106 108 109 110 110 110 110 110 110 110 110 110 110 110 110 110 110 110 110 110 110 110 110 110 110 110 110 110 110 110 110 110 110 110 110 110 110 110 110 
acm window 0 0 8 16 22 25 26 26 26 26 26 26 26 26 26 26 27 27 27 28 29 30 31 32 32 32 32 32 33 34 35 35 35 35 35 35 35 35 35 35 35 36 36 36 37 38 39 42 45 46 47 48 49 
tsim fire 0 0 3 3 3 3 3 3 4 5 5 5 5 5 5 5 5 6 6 6 6 6 6 6 6 6 6 6 6 6 6 6 6 7 8 8 8 9 10 10 10 10 10 10 10 10 10 10 10 11 11 11 11 
tsim human 0 0 18 18 18 17 16 15 15 15 14 14 13 11 10 10 9 8 8 8 8 8 8 8 8 8 8 8 8 8 8 8 8 8 8 8 8 8 8 8 8 8 8 8 8 8 8 8 8 8 8 8 8 
tsim window 0 0 8 8 8 8 8 8 8 8 8 8 8 8 8 8 9 9 9 10 10 10 10 10 10 10 10 10 11 11 11 11 11 13 13 13 13 13 13 13 13 14 14 14 15 15 15 17 17 17 17 17 17 
runtime -1 0 0 0.6326124668121338 0.6520042419433594 0.6816623210906982 0.7267496585845947 0.6720974445343018 0.729048490524292 0.7444665431976318 0.8009970188140869 0.4743614196777344 0.2043161392211914 
avg_run -1 0 0 0.6318315744400025
al_time -1 0 0 0.037894248962402344 0.02866959571838379 0.03625607490539551 0.03714299201965332 0.04595613479614258 1.080603837966919 0.042809247970581055 0.05676007270812988 0.04535031318664551 0.028264284133911133 
avg_all -1 0 0 0.14397068023681642
sum 0 1 0 60 58 
sum 1 1 0 180 86 
sum 2 1 0 240 96 
sum 3 1 0 360 112 
sum 4 1 0 540 137 
sum 5 1 0 600 144 
sum 6 1 0 1200 168 
sum 7 1 0 1500 168 
sum 8 1 0 1800 172 
sum 9 1 0 2100 179 
sum 10 1 0 2400 191 
sum 11 1 0 2700 203 
sum 12 1 0 3000 217 
miss fire 1 0 3 3 2 1 1 0 1 2 2 2 2 2 1 1 0 1 1 1 0 0 0 0 0 0 0 0 0 0 0 0 0 1 2 1 1 2 3 2 2 2 1 1 1 0 0 0 0 1 1 1 1 
miss human 1 0 18 18 8 8 7 8 7 7 6 6 5 7 2 2 1 0 0 0 0 0 0 0 0 0 0 0 0 0 0 0 0 0 0 0 0 0 0 0 0 0 0 0 0 0 0 0 0 0 0 0 0 
miss window 1 0 8 8 6 3 2 0 0 0 0 0 0 0 0 0 1 1 0 1 1 1 0 0 0 0 0 0 1 1 1 1 0 0 0 0 0 0 0 0 0 1 1 1 2 2 2 3 2 2 2 2 2 
acm fire 1 0 3 6 8 9 10 10 11 13 15 17 19 21 22 23 23 24 25 26 26 26 26 26 26 26 26 26 26 26 26 26 26 27 29 30 31 33 36 38 40 42 43 44 45 45 45 45 45 46 47 48 49 
acm human 1 0 18 36 44 52 59 67 74 81 87 93 98 105 107 109 110 110 110 110 110 110 110 110 110 110 110 110 110 110 110 110 110 110 110 110 110 110 110 110 110 110 110 110 110 110 110 110 110 110 110 110 110 
acm window 1 0 8 16 22 25 27 27 27 27 27 27 27 27 27 27 28 29 29 30 31 32 32 32 32 32 32 32 33 34 35 36 36 36 36 36 36 36 36 36 36 37 38 39 41 43 45 48 50 52 54 56 58 
tsim fire 1 0 3 3 3 3 3 3 4 5 5 5 5 5 5 5 5 6 6 6 6 6 6 6 6 6 6 6 6 6 6 6 6 7 8 8 8 9 10 10 10 10 10 10 10 10 10 10 10 11 11 11 11 
tsim human 1 0 18 18 18 17 16 15 15 15 14 14 13 11 10 10 9 8 8 8 8 8 8 8 8 8 8 8 8 8 8 8 8 8 8 8 8 8 8 8 8 8 8 8 8 8 8 8 8 8 8 8 8 
tsim window 1 0 8 8 8 8 8 8 8 8 8 8 8 8 8 8 9 9 9 10 10 10 10 10 10 10 10 10 11 11 11 11 11 13 13 13 13 13 13 13 13 14 14 14 15 15 15 17 17 17 17 17 17 
runtime -1 1 0 4.139403343200684 5.28886342048645 4.880600690841675 4.460675239562988 4.493974685668945 4.281579494476318 4.467811584472656 3.7197513580322266 4.210974454879761 1.925685167312622 
avg_run -1 1 0 4.186931943893432
al_time -1 1 0 0.04324150085449219 0.028752803802490234 0.031002044677734375 0.0355381965637207 0.045259952545166016 0.03772735595703125 0.036348581314086914 0.03358936309814453 1.1201233863830566 0.041013240814208984 
avg_all -1 1 0 0.14525964260101318
sum 0 2 0 60 58 
sum 1 2 0 180 93 
sum 2 2 0 240 106 
sum 3 2 0 360 131 
sum 4 2 0 540 157 
sum 5 2 0 600 163 
sum 6 2 0 1200 189 
sum 7 2 0 1500 190 
sum 8 2 0 1800 195 
sum 9 2 0 2100 207 
sum 10 2 0 2400 221 
sum 11 2 0 2700 229 
sum 12 2 0 3000 245 
miss fire 2 0 3 3 1 1 0 0 1 2 1 1 1 1 0 0 0 1 0 0 0 0 0 0 0 0 0 0 0 0 0 0 0 1 2 2 2 3 3 3 2 2 2 0 0 0 0 0 0 1 1 1 1 
miss human 2 0 18 18 11 11 10 11 8 8 7 7 5 7 4 4 1 0 0 0 0 0 0 0 0 0 0 0 0 0 0 0 0 0 0 0 0 0 0 0 0 0 0 0 0 0 0 0 0 0 0 0 0 
miss window 2 0 8 8 7 4 3 3 2 0 0 0 0 0 0 0 1 1 1 2 1 1 1 1 0 0 0 0 1 1 1 1 1 1 1 0 0 0 0 0 0 1 1 1 2 1 1 3 3 3 2 2 2 
acm fire 2 0 3 6 7 8 8 8 9 11 12 13 14 15 15 15 15 16 16 16 16 16 16 16 16 16 16 16 16 16 16 16 16 17 19 21 23 26 29 32 34 36 38 38 38 38 38 38 38 39 40 41 42 
acm human 2 0 18 36 47 58 68 79 87 95 102 109 114 121 125 129 130 130 130 130 130 130 130 130 130 130 130 130 130 130 130 130 130 130 130 130 130 130 130 130 130 130 130 130 130 130 130 130 130 130 130 130 130 
acm window 2 0 8 16 23 27 30 33 35 35 35 35 35 35 35 35 36 37 38 40 41 42 43 44 44 44 44 44 45 46 47 48 49 50 51 51 51 51 51 51 51 52 53 54 56 57 58 61 64 67 69 71 73 
tsim fire 2 0 3 3 3 3 3 3 4 5 5 5 5 5 5 5 5 6 6 6 6 6 6 6 6 6 6 6 6 6 6 6 6 7 8 8 8 9 10 10 10 10 10 10 10 10 10 10 10 11 11 11 11 
tsim human 2 0 18 18 18 17 16 15 15 15 14 14 13 11 10 10 9 8 8 8 8 8 8 8 8 8 8 8 8 8 8 8 8 8 8 8 8 8 8 8 8 8 8 8 8 8 8 8 8 8 8 8 8 
tsim window 2 0 8 8 8 8 8 8 8 8 8 8 8 8 8 8 9 9 9 10 10 10 10 10 10 10 10 10 11 11 11 11 11 13 13 13 13 13 13 13 13 14 14 14 15 15 15 17 17 17 17 17 17 
runtime -1 2 0 11.188730001449585 9.742993831634521 3.341998338699341 3.521209716796875 2.577425479888916 2.5219228267669678 2.4518063068389893 2.5729081630706787 3.9361307621002197 
avg_run -1 2 0 4.650569491916233
al_time -1 2 0 0.045612335205078125 0.015477418899536133 0.016920804977416992 0.017289400100708008 0.02217555046081543 0.023707151412963867 0.016713380813598633 0.6174473762512207 0.025012493133544922 
avg_all -1 2 0 0.08892843458387586
sum 0 3 0 60 58 
sum 1 3 0 180 92 
sum 2 3 0 240 105 
sum 3 3 0 360 130 
sum 4 3 0 540 154 
sum 5 3 0 600 159 
sum 6 3 0 1200 181 
sum 7 3 0 1500 183 
sum 8 3 0 1800 188 
sum 9 3 0 2100 203 
sum 10 3 0 2400 218 
sum 11 3 0 2700 230 
sum 12 3 0 3000 241 
miss fire 3 0 3 3 2 1 0 0 1 1 1 1 1 0 0 0 0 1 0 0 0 0 0 0 0 0 0 0 0 0 0 0 0 1 2 2 2 3 3 3 1 1 0 0 0 0 0 0 0 1 1 1 1 
miss human 3 0 18 18 8 8 7 8 7 7 6 5 4 4 3 3 1 0 0 0 0 0 0 0 0 0 0 0 0 0 0 0 0 0 0 0 0 0 0 0 0 0 0 0 0 0 0 0 0 0 0 0 0 
miss window 3 0 8 8 8 7 6 5 4 2 1 0 0 0 0 0 1 1 1 2 2 2 1 1 1 0 0 0 1 1 1 1 1 1 1 1 1 1 1 1 1 2 2 2 3 2 2 3 3 2 2 0 0 
acm fire 3 0 3 6 8 9 9 9 10 11 12 13 14 14 14 14 14 15 15 15 15 15 15 15 15 15 15 15 15 15 15 15 15 16 18 20 22 25 28 31 32 33 33 33 33 33 33 33 33 34 35 36 37 
acm human 3 0 18 36 44 52 59 67 74 81 87 92 96 100 103 106 107 107 107 107 107 107 107 107 107 107 107 107 107 107 107 107 107 107 107 107 107 107 107 107 107 107 107 107 107 107 107 107 107 107 107 107 107 
acm window 3 0 8 16 24 31 37 42 46 48 49 49 49 49 49 49 50 51 52 54 56 58 59 60 61 61 61 61 62 63 64 65 66 67 68 69 70 71 72 73 74 76 78 80 83 85 87 90 93 95 97 97 97 
tsim fire 3 0 3 3 3 3 3 3 4 5 5 5 5 5 5 5 5 6 6 6 6 6 6 6 6 6 6 6 6 6 6 6 6 7 8 8 8 9 10 10 10 10 10 10 10 10 10 10 10 11 11 11 11 
tsim human 3 0 18 18 18 17 16 15 15 15 14 14 13 11 10 10 9 8 8 8 8 8 8 8 8 8 8 8 8 8 8 8 8 8 8 8 8 8 8 8 8 8 8 8 8 8 8 8 8 8 8 8 8 
tsim window 3 0 8 8 8 8 8 8 8 8 8 8 8 8 8 8 9 9 9 10 10 10 10 10 10 10 10 10 11 11 11 11 11 13 13 13 13 13 13 13 13 14 14 14 15 15 15 17 17 17 17 17 17 
runtime -1 3 0 0.0387728214263916 0.013174295425415039 0.013019084930419922 0.012999534606933594 0.01315450668334961 0.01323699951171875 0.013247013092041016 0.012947320938110352 0.012976646423339844 0.016205310821533203 
avg_run -1 3 0 0.015973353385925294
al_time -1 3 0 0.025255203247070312 0.017699480056762695 0.019615650177001953 0.018059492111206055 0.024976730346679688 0.023255348205566406 0.018720388412475586 0.020087480545043945 0.581275224685669 0.028738021850585938 
avg_all -1 3 0 0.07776830196380616
sum 0 4 0 60 58 
sum 1 4 0 180 86 
sum 2 4 0 240 96 
sum 3 4 0 360 113 
sum 4 4 0 540 138 
sum 5 4 0 600 145 
sum 6 4 0 1200 169 
sum 7 4 0 1500 169 
sum 8 4 0 1800 171 
sum 9 4 0 2100 180 
sum 10 4 0 2400 189 
sum 11 4 0 2700 192 
sum 12 4 0 3000 204 
miss fire 4 0 3 3 1 0 0 0 1 2 2 2 2 2 1 1 0 1 1 1 0 0 0 0 0 0 0 0 0 0 0 0 0 1 2 2 2 2 3 3 1 1 0 0 0 0 0 0 0 1 1 1 1 
miss human 4 0 18 18 9 9 8 9 7 7 6 6 5 7 2 2 1 0 0 0 0 0 0 0 0 0 0 0 0 0 0 0 0 0 0 0 0 0 0 0 0 0 0 0 0 0 0 0 0 0 0 0 0 
miss window 4 0 8 8 6 3 2 0 0 0 0 0 0 0 0 0 1 1 0 1 1 1 0 0 0 0 0 0 1 1 0 0 0 0 0 0 0 0 0 0 0 1 0 0 1 0 0 2 2 2 2 1 1 
acm fire 4 0 3 6 7 7 7 7 8 10 12 14 16 18 19 20 20 21 22 23 23 23 23 23 23 23 23 23 23 23 23 23 23 24 26 28 30 32 35 38 39 40 40 40 40 40 40 40 40 41 42 43 44 
acm human 4 0 18 36 45 54 62 71 78 85 91 97 102 109 111 113 114 114 114 114 114 114 114 114 114 114 114 114 114 114 114 114 114 114 114 114 114 114 114 114 114 114 114 114 114 114 114 114 114 114 114 114 114 
acm window 4 0 8 16 22 25 27 27 27 27 27 27 27 27 27 27 28 29 29 30 31 32 32 32 32 32 32 32 33 34 34 34 34 34 34 34 34 34 34 34 34 35 35 35 36 36 36 38 40 42 44 45 46 
tsim fire 4 0 3 3 3 3 3 3 4 5 5 5 5 5 5 5 5 6 6 6 6 6 6 6 6 6 6 6 6 6 6 6 6 7 8 8 8 9 10 10 10 10 10 10 10 10 10 10 10 11 11 11 11 
tsim human 4 0 18 18 18 17 16 15 15 15 14 14 13 11 10 10 9 8 8 8 8 8 8 8 8 8 8 8 8 8 8 8 8 8 8 8 8 8 8 8 8 8 8 8 8 8 8 8 8 8 8 8 8 
tsim window 4 0 8 8 8 8 8 8 8 8 8 8 8 8 8 8 9 9 9 10 10 10 10 10 10 10 10 10 11 11 11 11 11 13 13 13 13 13 13 13 13 14 14 14 15 15 15 17 17 17 17 17 17 
runtime -1 4 0 2.065295457839966 2.993122100830078 3.6790037155151367 2.1305668354034424 3.243428945541382 2.405170202255249 2.8093364238739014 2.0895304679870605 2.0973451137542725 
avg_run -1 4 0 2.6125332514444985
al_time -1 4 0 0.023161649703979492 0.0153656005859375 0.01607060432434082 0.01821303367614746 0.02281022071838379 0.02176380157470703 0.578718900680542 0.020366668701171875 0.05011558532714844 
avg_all -1 4 0 0.08517622947692871
sum 0 5 0 60 58 
sum 1 5 0 180 100 
sum 2 5 0 240 112 
sum 3 5 0 360 131 
sum 4 5 0 540 157 
sum 5 5 0 600 164 
sum 6 5 0 1200 194 
sum 7 5 0 1500 195 
sum 8 5 0 1800 200 
sum 9 5 0 2100 209 
sum 10 5 0 2400 218 
sum 11 5 0 2700 228 
sum 12 5 0 3000 231 
miss fire 5 0 3 3 2 2 0 0 1 2 2 2 2 2 0 0 0 1 1 1 1 0 0 0 0 0 0 0 0 0 0 0 0 1 2 0 0 1 1 1 1 1 1 1 0 0 0 0 0 1 1 0 0 
miss human 5 0 18 18 12 10 7 7 7 7 6 6 5 5 5 4 3 0 0 0 0 0 0 0 0 0 0 0 0 0 0 0 0 0 0 0 0 0 0 0 0 0 0 0 0 0 0 0 0 0 0 0 0 
miss window 5 0 8 8 8 8 5 2 2 1 0 0 0 0 0 0 1 1 1 1 1 1 1 1 0 0 0 0 1 1 1 1 1 1 1 1 1 1 1 1 0 1 1 1 2 2 1 3 1 0 0 0 0 
acm fire 5 0 3 6 8 10 10 10 11 13 15 17 19 21 21 21 21 22 23 24 25 25 25 25 25 25 25 25 25 25 25 25 25 26 28 28 28 29 30 31 32 33 34 35 35 35 35 35 35 36 37 37 37 
acm human 5 0 18 36 48 58 65 72 79 86 92 98 103 108 113 117 120 120 120 120 120 120 120 120 120 120 120 120 120 120 120 120 120 120 120 120 120 120 120 120 120 120 120 120 120 120 120 120 120 120 120 120 120 
acm window 5 0 8 16 24 32 37 39 41 42 42 42 42 42 42 42 43 44 45 46 47 48 49 50 50 50 50 50 51 52 53 54 55 56 57 58 59 60 61 62 62 63 64 65 67 69 70 73 74 74 74 74 74 
tsim fire 5 0 3 3 3 3 3 3 4 5 5 5 5 5 5 5 5 6 6 6 6 6 6 6 6 6 6 6 6 6 6 6 6 7 8 8 8 9 10 10 10 10 10 10 10 10 10 10 10 11 11 11 11 
tsim human 5 0 18 18 18 17 16 15 15 15 14 14 13 11 10 10 9 8 8 8 8 8 8 8 8 8 8 8 8 8 8 8 8 8 8 8 8 8 8 8 8 8 8 8 8 8 8 8 8 8 8 8 8 
tsim window 5 0 8 8 8 8 8 8 8 8 8 8 8 8 8 8 9 9 9 10 10 10 10 10 10 10 10 10 11 11 11 11 11 13 13 13 13 13 13 13 13 14 14 14 15 15 15 17 17 17 17 17 17 
runtime -1 5 0 4.2351038455963135 15.376840591430664 3.230041027069092 3.009946823120117 2.136974334716797 2.837385416030884 2.5259180068969727 3.11250901222229 3.265791416168213 1.8101606369018555 
avg_run -1 5 0 4.15406711101532
al_time -1 5 0 0.021284103393554688 0.016922712326049805 0.01605701446533203 0.016064167022705078 0.016938209533691406 0.021472692489624023 0.6539173126220703 0.020624399185180664 0.023198604583740234 0.02383279800415039 
avg_all -1 5 0 0.08303120136260986
sum 0 6 0 60 58 
sum 1 6 0 180 91 
sum 2 6 0 240 100 
sum 3 6 0 360 115 
sum 4 6 0 540 138 
sum 5 6 0 600 144 
sum 6 6 0 1200 172 
sum 7 6 0 1500 172 
sum 8 6 0 1800 177 
sum 9 6 0 2100 186 
sum 10 6 0 2400 195 
sum 11 6 0 2700 211 
sum 12 6 0 3000 227 
miss fire 6 0 3 3 2 2 1 0 1 2 1 1 1 1 0 0 0 1 0 0 0 0 0 0 0 0 0 0 0 0 0 0 0 1 2 2 2 1 2 2 1 1 1 1 1 1 1 1 0 1 1 1 1 
miss human 6 0 18 18 11 9 7 7 7 7 6 6 5 7 4 4 1 0 0 0 0 0 0 0 0 0 0 0 0 0 0 0 0 0 0 0 0 0 0 0 0 0 0 0 0 0 0 0 0 0 0 0 0 
miss window 6 0 8 8 6 3 1 0 0 0 0 0 0 0 0 0 1 1 1 2 2 2 1 0 0 0 0 0 1 1 1 1 1 1 0 0 0 0 0 0 0 1 1 1 2 2 2 4 4 4 2 1 1 
acm fire 6 0 3 6 8 10 11 11 12 14 15 16 17 18 18 18 18 19 19 19 19 19 19 19 19 19 19 19 19 19 19 19 19 20 22 24 26 27 29 31 32 33 34 35 36 37 38 39 39 40 41 42 43 
acm human 6 0 18 36 47 56 63 70 77 84 90 96 101 108 112 116 117 117 117 117 117 117 117 117 117 117 117 117 117 117 117 117 117 117 117 117 117 117 117 117 117 117 117 117 117 117 117 117 117 117 117 117 117 
acm window 6 0 8 16 22 25 26 26 26 26 26 26 26 26 26 26 27 28 29 31 33 35 36 36 36 36 36 36 37 38 39 40 41 42 42 42 42 42 42 42 42 43 44 45 47 49 51 55 59 63 65 66 67 
tsim fire 6 0 3 3 3 3 3 3 4 5 5 5 5 5 5 5 5 6 6 6 6 6 6 6 6 6 6 6 6 6 6 6 6 7 8 8 8 9 10 10 10 10 10 10 10 10 10 10 10 11 11 11 11 
tsim human 6 0 18 18 18 17 16 15 15 15 14 14 13 11 10 10 9 8 8 8 8 8 8 8 8 8 8 8 8 8 8 8 8 8 8 8 8 8 8 8 8 8 8 8 8 8 8 8 8 8 8 8 8 
tsim window 6 0 8 8 8 8 8 8 8 8 8 8 8 8 8 8 9 9 9 10 10 10 10 10 10 10 10 10 11 11 11 11 11 13 13 13 13 13 13 13 13 14 14 14 15 15 15 17 17 17 17 17 17 
runtime -1 6 0 7.573067665100098 3.0762791633605957 3.352027416229248 3.1419997215270996 2.3485779762268066 2.4247682094573975 4.318145275115967 4.456300258636475 3.190082311630249 
avg_run -1 6 0 3.764583110809326
al_time -1 6 0 0.02121138572692871 0.015475273132324219 0.01654958724975586 0.016389846801757812 0.0220644474029541 0.6178512573242188 0.04897022247314453 0.024506568908691406 0.017377138137817383 
avg_all -1 6 0 0.08893285857306586
sum 0 7 0 60 58 
sum 1 7 0 180 91 
sum 2 7 0 240 100 
sum 3 7 0 360 115 
sum 4 7 0 540 138 
sum 5 7 0 600 144 
sum 6 7 0 1200 173 
sum 7 7 0 1500 173 
sum 8 7 0 1800 175 
sum 9 7 0 2100 181 
sum 10 7 0 2400 192 
sum 11 7 0 2700 198 
sum 12 7 0 3000 217 
miss fire 7 0 3 3 2 2 1 0 1 2 1 1 1 1 1 0 0 1 1 1 1 0 0 0 0 0 0 0 0 0 0 0 0 1 1 1 1 2 3 2 2 1 1 0 0 0 0 0 0 1 1 1 1 
miss human 7 0 18 18 11 9 7 7 7 7 6 6 5 7 6 3 2 0 0 0 0 0 0 0 0 0 0 0 0 0 0 0 0 0 0 0 0 0 0 0 0 0 0 0 0 0 0 0 0 0 0 0 0 
miss window 7 0 8 8 6 3 1 0 0 0 0 0 0 0 0 0 1 0 0 1 1 1 1 0 0 0 0 0 1 1 0 0 0 0 0 0 0 0 0 0 0 1 1 0 1 1 1 3 3 3 3 3 3 
acm fire 7 0 3 6 8 10 11 11 12 14 15 16 17 18 19 19 19 20 21 22 23 23 23 23 23 23 23 23 23 23 23 23 23 24 25 26 27 29 32 34 36 37 38 38 38 38 38 38 38 39 40 41 42 
acm human 7 0 18 36 47 56 63 70 77 84 90 96 101 108 114 117 119 119 119 119 119 119 119 119 119 119 119 119 119 119 119 119 119 119 119 119 119 119 119 119 119 119 119 119 119 119 119 119 119 119 119 119 119 
acm window 7 0 8 16 22 25 26 26 26 26 26 26 26 26 26 26 27 27 27 28 29 30 31 31 31 31 31 31 32 33 33 33 33 33 33 33 33 33 33 33 33 34 35 35 36 37 38 41 44 47 50 53 56 
tsim fire 7 0 3 3 3 3 3 3 4 5 5 5 5 5 5 5 5 6 6 6 6 6 6 6 6 6 6 6 6 6 6 6 6 7 8 8 8 9 10 10 10 10 10 10 10 10 10 10 10 11 11 11 11 
tsim human 7 0 18 18 18 17 16 15 15 15 14 14 13 11 10 10 9 8 8 8 8 8 8 8 8 8 8 8 8 8 8 8 8 8 8 8 8 8 8 8 8 8 8 8 8 8 8 8 8 8 8 8 8 
tsim window 7 0 8 8 8 8 8 8 8 8 8 8 8 8 8 8 9 9 9 10 10 10 10 10 10 10 10 10 11 11 11 11 11 13 13 13 13 13 13 13 13 14 14 14 15 15 15 17 17 17 17 17 17 
runtime -1 7 0 1.727745771408081 0.6192135810852051 0.8052761554718018 0.7413506507873535 0.6085867881774902 0.5179827213287354 0.5268559455871582 0.8510503768920898 0.6263024806976318 0.6267743110656738 0.6280250549316406 
avg_run -1 7 0 0.7526512579484419
al_time -1 7 0 0.021265268325805664 0.016921281814575195 0.016245126724243164 0.016152381896972656 0.05189633369445801 0.021341323852539062 0.5506196022033691 0.022582292556762695 0.0194549560546875 0.0193023681640625 0.02157282829284668 
avg_all -1 7 0 0.07066852396184747
sum 0 8 0 60 58 
sum 1 8 0 180 86 
sum 2 8 0 240 95 
sum 3 8 0 360 115 
sum 4 8 0 540 140 
sum 5 8 0 600 147 
sum 6 8 0 1200 183 
sum 7 8 0 1500 183 
sum 8 8 0 1800 188 
sum 9 8 0 2100 199 
sum 10 8 0 2400 218 
sum 11 8 0 2700 228 
sum 12 8 0 3000 247 
miss fire 8 0 3 3 1 0 0 0 1 2 2 2 2 2 1 1 1 2 2 2 0 0 0 0 0 0 0 0 0 0 0 0 0 1 2 2 2 3 4 4 3 3 3 1 1 0 0 0 0 1 1 1 1 
miss human 8 0 18 18 9 7 6 7 7 7 6 6 5 7 4 4 1 0 0 0 0 0 0 0 0 0 0 0 0 0 0 0 0 0 0 0 0 0 0 0 0 0 0 0 0 0 0 0 0 0 0 0 0 
miss window 8 0 8 8 7 4 3 3 2 0 0 0 0 0 0 0 1 1 1 2 2 2 0 0 0 0 0 0 1 1 1 1 1 1 0 0 0 0 0 0 0 1 1 1 2 1 1 3 3 3 3 3 3 
acm fire 8 0 3 6 7 7 7 7 8 10 12 14 16 18 19 20 21 23 25 27 27 27 27 27 27 27 27 27 27 27 27 27 27 28 30 32 34 37 41 45 48 51 54 55 56 56 56 56 56 57 58 59 60 
acm human 8 0 18 36 45 52 58 65 72 79 85 91 96 103 107 111 112 112 112 112 112 112 112 112 112 112 112 112 112 112 112 112 112 112 112 112 112 112 112 112 112 112 112 112 112 112 112 112 112 112 112 112 112 
acm window 8 0 8 16 23 27 30 33 35 35 35 35 35 35 35 35 36 37 38 40 42 44 44 44 44 44 44 44 45 46 47 48 49 50 50 50 50 50 50 50 50 51 52 53 55 56 57 60 63 66 69 72 75 
tsim fire 8 0 3 3 3 3 3 3 4 5 5 5 5 5 5 5 5 6 6 6 6 6 6 6 6 6 6 6 6 6 6 6 6 7 8 8 8 9 10 10 10 10 10 10 10 10 10 10 10 11 11 11 11 
tsim human 8 0 18 18 18 17 16 15 15 15 14 14 13 11 10 10 9 8 8 8 8 8 8 8 8 8 8 8 8 8 8 8 8 8 8 8 8 8 8 8 8 8 8 8 8 8 8 8 8 8 8 8 8 
tsim window 8 0 8 8 8 8 8 8 8 8 8 8 8 8 8 8 9 9 9 10 10 10 10 10 10 10 10 10 11 11 11 11 11 13 13 13 13 13 13 13 13 14 14 14 15 15 15 17 17 17 17 17 17 
runtime -1 8 0 1.3968591690063477 1.049663782119751 0.8311786651611328 0.7016885280609131 0.7476387023925781 0.6245424747467041 0.6039912700653076 0.6316847801208496 0.9773390293121338 0.571770191192627 
avg_run -1 8 0 0.8136356592178344
al_time -1 8 0 0.023526668548583984 0.015372037887573242 0.016376495361328125 0.016167163848876953 0.01687026023864746 0.02116227149963379 0.02383255958557129 0.581268310546875 0.02035379409790039 0.01850295066833496 
avg_all -1 8 0 0.07534325122833252
sum 0 9 0 60 58 
sum 1 9 0 180 89 
sum 2 9 0 240 100 
sum 3 9 0 360 117 
sum 4 9 0 540 140 
sum 5 9 0 600 145 
sum 6 9 0 1200 176 
sum 7 9 0 1500 177 
sum 8 9 0 1800 182 
sum 9 9 0 2100 192 
sum 10 9 0 2400 205 
sum 11 9 0 2700 222 
sum 12 9 0 3000 243 
miss fire 9 0 3 3 2 1 1 0 1 2 1 1 1 1 1 1 1 2 2 1 1 1 0 0 0 0 0 0 0 0 0 0 0 1 2 2 2 2 3 2 2 2 2 2 1 1 1 1 1 2 2 1 1 
miss human 9 0 18 18 10 9 8 9 7 7 6 6 4 6 2 2 1 0 0 0 0 0 0 0 0 0 0 0 0 0 0 0 0 0 0 0 0 0 0 0 0 0 0 0 0 0 0 0 0 0 0 0 0 
miss window 9 0 8 8 6 3 2 0 0 0 0 0 0 0 0 0 1 1 1 2 2 1 1 1 0 0 0 0 1 1 1 1 1 1 0 0 0 0 0 0 0 1 1 1 2 2 2 4 4 3 3 2 2 
acm fire 9 0 3 6 8 9 10 10 11 13 14 15 16 17 18 19 20 22 24 25 26 27 27 27 27 27 27 27 27 27 27 27 27 28 30 32 34 36 39 41 43 45 47 49 50 51 52 53 54 56 58 59 60 
acm human 9 0 18 36 46 55 63 72 79 86 92 98 102 108 110 112 113 113 113 113 113 113 113 113 113 113 113 113 113 113 113 113 113 113 113 113 113 113 113 113 113 113 113 113 113 113 113 113 113 113 113 113 113 
acm window 9 0 8 16 22 25 27 27 27 27 27 27 27 27 27 27 28 29 30 32 34 35 36 37 37 37 37 37 38 39 40 41 42 43 43 43 43 43 43 43 43 44 45 46 48 50 52 56 60 63 66 68 70 
tsim fire 9 0 3 3 3 3 3 3 4 5 5 5 5 5 5 5 5 6 6 6 6 6 6 6 6 6 6 6 6 6 6 6 6 7 8 8 8 9 10 10 10 10 10 10 10 10 10 10 10 11 11 11 11 
tsim human 9 0 18 18 18 17 16 15 15 15 14 14 13 11 10 10 9 8 8 8 8 8 8 8 8 8 8 8 8 8 8 8 8 8 8 8 8 8 8 8 8 8 8 8 8 8 8 8 8 8 8 8 8 
tsim window 9 0 8 8 8 8 8 8 8 8 8 8 8 8 8 8 9 9 9 10 10 10 10 10 10 10 10 10 11 11 11 11 11 13 13 13 13 13 13 13 13 14 14 14 15 15 15 17 17 17 17 17 17 
runtime -1 9 0 0.44193029403686523 0.7142384052276611 0.6559593677520752 0.5208911895751953 0.6287140846252441 0.4580206871032715 0.4872884750366211 0.49697351455688477 0.41701722145080566 0.36935925483703613 
avg_run -1 9 0 0.519039249420166
al_time -1 9 0 0.04941415786743164 0.014893054962158203 0.015465497970581055 0.01632404327392578 0.01653599739074707 0.021015644073486328 0.018521547317504883 0.016666889190673828 0.01829385757446289 0.021069049835205078 
avg_all -1 9 0 0.020819973945617676
sum 0 10 0 60 58 
sum 1 10 0 180 86 
sum 2 10 0 240 95 
sum 3 10 0 360 111 
sum 4 10 0 540 136 
sum 5 10 0 600 143 
sum 6 10 0 1200 172 
sum 7 10 0 1500 172 
sum 8 10 0 1800 177 
sum 9 10 0 2100 188 
sum 10 10 0 2400 202 
sum 11 10 0 2700 216 
sum 12 10 0 3000 229 
miss fire 10 0 3 3 1 0 0 0 1 2 2 2 2 2 2 1 1 1 1 0 0 0 0 0 0 0 0 0 0 0 0 0 0 1 2 2 2 3 3 3 2 2 2 1 1 1 1 1 0 1 1 1 1 
miss human 10 0 18 18 9 9 7 8 7 7 6 6 5 7 6 2 1 0 0 0 0 0 0 0 0 0 0 0 0 0 0 0 0 0 0 0 0 0 0 0 0 0 0 0 0 0 0 0 0 0 0 0 0 
miss window 10 0 8 8 6 3 2 0 0 0 0 0 0 0 0 0 1 1 1 1 1 0 0 0 0 0 0 0 1 1 1 1 1 1 0 0 0 0 0 0 0 1 1 1 2 2 1 3 3 3 1 1 1 
acm fire 10 0 3 6 7 7 7 7 8 10 12 14 16 18 20 21 22 23 24 24 24 24 24 24 24 24 24 24 24 24 24 24 24 25 27 29 31 34 37 40 42 44 46 47 48 49 50 51 51 52 53 54 55 
acm human 10 0 18 36 45 54 61 69 76 83 89 95 100 107 113 115 116 116 116 116 116 116 116 116 116 116 116 116 116 116 116 116 116 116 116 116 116 116 116 116 116 116 116 116 116 116 116 116 116 116 116 116 116 
acm window 10 0 8 16 22 25 27 27 27 27 27 27 27 27 27 27 28 29 30 31 32 32 32 32 32 32 32 32 33 34 35 36 37 38 38 38 38 38 38 38 38 39 40 41 43 45 46 49 52 55 56 57 58 
tsim fire 10 0 3 3 3 3 3 3 4 5 5 5 5 5 5 5 5 6 6 6 6 6 6 6 6 6 6 6 6 6 6 6 6 7 8 8 8 9 10 10 10 10 10 10 10 10 10 10 10 11 11 11 11 
tsim human 10 0 18 18 18 17 16 15 15 15 14 14 13 11 10 10 9 8 8 8 8 8 8 8 8 8 8 8 8 8 8 8 8 8 8 8 8 8 8 8 8 8 8 8 8 8 8 8 8 8 8 8 8 
tsim window 10 0 8 8 8 8 8 8 8 8 8 8 8 8 8 8 9 9 9 10 10 10 10 10 10 10 10 10 11 11 11 11 11 13 13 13 13 13 13 13 13 14 14 14 15 15 15 17 17 17 17 17 17 
runtime -1 10 0 0.4308333396911621 0.6402359008789062 0.8003740310668945 0.5543766021728516 0.6025943756103516 0.7412126064300537 0.519831657409668 0.5151703357696533 0.5602917671203613 0.2345583438873291 
avg_run -1 10 0 0.5599478960037232
al_time -1 10 0 0.022503376007080078 0.016728639602661133 0.015728235244750977 0.016283035278320312 0.02245807647705078 0.023540973663330078 0.5549676418304443 0.02067255973815918 0.022267580032348633 0.017513275146484375 
avg_all -1 10 0 0.07326633930206299
random:1T:3000
sum 0 0 1 60 61 
sum 1 0 1 180 97 
sum 2 0 1 240 105 
sum 3 0 1 360 121 
sum 4 0 1 540 146 
sum 5 0 1 600 148 
sum 6 0 1 1200 182 
sum 7 0 1 1500 198 
sum 8 0 1 1800 222 
sum 9 0 1 2100 251 
sum 10 0 1 2400 270 
sum 11 0 1 2700 287 
sum 12 0 1 3000 298 
miss fire 0 1 2 2 2 2 1 1 1 1 1 3 1 1 2 0 1 0 1 1 1 0 0 0 0 0 0 0 0 0 0 0 0 0 0 1 1 2 2 1 1 2 2 3 4 2 2 0 0 3 3 1 1 
miss human 0 1 23 22 13 9 6 7 7 6 7 7 1 1 4 4 5 3 1 1 1 1 0 0 0 0 0 0 0 0 0 0 0 0 0 0 0 0 0 0 0 0 0 0 0 0 0 0 0 0 0 0 0 
miss window 0 1 6 6 6 4 1 0 0 0 0 0 0 0 0 0 0 0 0 0 2 2 2 2 3 3 4 4 4 5 5 5 5 5 5 5 5 5 5 2 2 1 1 1 2 1 1 1 1 0 2 0 0 
acm fire 0 1 2 4 6 8 9 10 11 12 13 16 17 18 20 20 21 21 22 23 24 24 24 24 24 24 24 24 24 24 24 24 24 24 24 25 26 28 30 31 32 34 36 39 43 45 47 47 47 50 53 54 55 
acm human 0 1 23 45 58 67 73 80 87 93 100 107 108 109 113 117 122 125 126 127 128 129 129 129 129 129 129 129 129 129 129 129 129 129 129 129 129 129 129 129 129 129 129 129 129 129 129 129 129 129 129 129 129 
acm window 0 1 6 12 18 22 23 23 23 23 23 23 23 23 23 23 23 23 23 23 25 27 29 31 34 37 41 45 49 54 59 64 69 74 79 84 89 94 99 101 103 104 105 106 108 109 110 111 112 112 114 114 114 
tsim fire 0 1 2 2 2 2 2 3 3 3 3 5 5 5 6 6 7 7 8 8 8 8 8 8 8 8 8 8 8 8 8 8 8 8 8 7 7 8 8 8 8 9 9 10 11 11 11 11 11 13 13 13 13 
tsim human 0 1 23 22 22 21 21 18 18 17 15 15 14 14 14 14 16 14 13 13 13 13 13 13 13 13 13 13 13 13 13 13 13 13 13 13 13 13 13 13 13 13 13 13 13 13 13 13 13 13 13 13 13 
tsim window 0 1 6 6 6 6 6 6 6 6 6 6 6 6 6 6 9 9 12 12 14 14 14 14 15 15 16 16 16 17 17 17 17 17 17 17 17 17 17 17 17 17 17 17 18 18 18 18 18 18 20 20 20 
runtime -1 0 1 0.46581435203552246 0.4094371795654297 0.3909139633178711 0.34627318382263184 0.5078246593475342 0.46990132331848145 0.37747788429260254 0.3197288513183594 
avg_run -1 0 1 0.4109214246273041
al_time -1 0 1 0.028454065322875977 0.03379416465759277 0.0313260555267334 3.401845693588257 0.030033349990844727 0.06455302238464355 0.030653953552246094 0.03452563285827637 
avg_all -1 0 1 0.4568982422351837
sum 0 1 1 60 61 
sum 1 1 1 180 96 
sum 2 1 1 240 110 
sum 3 1 1 360 137 
sum 4 1 1 540 174 
sum 5 1 1 600 180 
sum 6 1 1 1200 239 
sum 7 1 1 1500 255 
sum 8 1 1 1800 270 
sum 9 1 1 2100 281 
sum 10 1 1 2400 285 
sum 11 1 1 2700 295 
sum 12 1 1 3000 317 
miss fire 1 1 2 2 0 0 0 1 1 1 1 2 2 2 2 2 3 3 4 4 1 1 1 1 1 1 1 1 1 1 1 1 1 1 0 1 1 2 2 0 0 1 1 1 2 1 1 1 1 3 3 3 3 
miss human 1 1 23 22 13 10 9 8 7 7 9 9 4 4 5 4 6 5 2 2 1 1 0 0 0 0 0 0 0 0 0 0 0 0 0 0 0 0 0 0 0 0 0 0 0 0 0 0 0 0 0 0 0 
miss window 1 1 6 6 6 6 5 5 5 4 4 0 0 0 0 0 0 0 0 0 2 2 2 2 2 2 3 2 2 2 2 2 2 2 2 2 0 0 0 0 0 0 0 0 1 1 1 1 1 1 3 2 2 
acm fire 1 1 2 4 4 4 4 5 6 7 8 10 12 14 16 18 21 24 28 32 33 34 35 36 37 38 39 40 41 42 43 44 45 46 46 47 48 50 52 52 52 53 54 55 57 58 59 60 61 64 67 70 73 
acm human 1 1 23 45 58 68 77 85 92 99 108 117 121 125 130 134 140 145 147 149 150 151 151 151 151 151 151 151 151 151 151 151 151 151 151 151 151 151 151 151 151 151 151 151 151 151 151 151 151 151 151 151 151 
acm window 1 1 6 12 18 24 29 34 39 43 47 47 47 47 47 47 47 47 47 47 49 51 53 55 57 59 62 64 66 68 70 72 74 76 78 80 80 80 80 80 80 80 80 80 81 82 83 84 85 86 89 91 93 
tsim fire 1 1 2 2 2 2 2 3 3 3 3 5 5 5 6 6 7 7 8 8 8 8 8 8 8 8 8 8 8 8 8 8 8 8 8 7 7 8 8 8 8 9 9 10 11 11 11 11 11 13 13 13 13 
tsim human 1 1 23 22 22 21 21 18 18 17 15 15 14 14 14 14 16 14 13 13 13 13 13 13 13 13 13 13 13 13 13 13 13 13 13 13 13 13 13 13 13 13 13 13 13 13 13 13 13 13 13 13 13 
tsim window 1 1 6 6 6 6 6 6 6 6 6 6 6 6 6 6 9 9 12 12 14 14 14 14 15 15 16 16 16 17 17 17 17 17 17 17 17 17 17 17 17 17 17 17 18 18 18 18 18 18 20 20 20 
runtime -1 1 1 1.561915636062622 6.3772478103637695 4.608609914779663 5.468974351882935 4.047413110733032 6.9029340744018555 8.925488948822021 9.728890895843506 9.677893161773682 7.9784204959869385 7.3026299476623535 
avg_run -1 1 1 6.59821984984658
al_time -1 1 1 0.031061649322509766 0.025908470153808594 1.8791990280151367 0.02683877944946289 0.028120040893554688 0.06486654281616211 0.03230142593383789 0.029143333435058594 0.02885723114013672 0.029267311096191406 0.030296802520751953 
avg_all -1 1 1 0.20053278316151013
sum 0 2 1 60 61 
sum 1 2 1 180 96 
sum 2 2 1 240 111 
sum 3 2 1 360 144 
sum 4 2 1 540 184 
sum 5 2 1 600 192 
sum 6 2 1 1200 261 
sum 7 2 1 1500 279 
sum 8 2 1 1800 284 
sum 9 2 1 2100 288 
sum 10 2 1 2400 300 
sum 11 2 1 2700 318 
sum 12 2 1 3000 333 
miss fire 2 1 2 2 0 0 0 1 1 0 0 2 1 1 2 2 1 0 1 1 0 0 0 0 0 0 0 0 0 0 0 0 0 0 0 1 1 2 2 2 2 3 3 4 4 4 1 1 1 3 3 1 1 
miss human 2 1 23 22 14 9 9 11 10 10 12 11 7 7 7 7 9 7 5 5 3 3 2 2 3 3 3 0 0 0 0 0 0 0 0 0 0 0 0 0 0 0 0 0 0 0 0 0 0 0 0 0 0 
miss window 2 1 6 6 6 6 6 5 5 2 2 1 0 0 0 0 0 0 0 0 2 2 2 2 2 1 1 1 1 2 2 0 0 0 0 0 0 0 0 0 0 0 0 0 1 1 1 1 0 0 2 2 2 
acm fire 2 1 2 4 4 4 4 5 6 6 6 8 9 10 12 14 15 15 16 17 17 17 17 17 17 17 17 17 17 17 17 17 17 17 17 18 19 21 23 25 27 30 33 37 41 45 46 47 48 51 54 55 56 
acm human 2 1 23 45 59 68 77 88 98 108 120 131 138 145 152 159 168 175 180 185 188 191 193 195 198 201 204 204 204 204 204 204 204 204 204 204 204 204 204 204 204 204 204 204 204 204 204 204 204 204 204 204 204 
acm window 2 1 6 12 18 24 30 35 40 42 44 45 45 45 45 45 45 45 45 45 47 49 51 53 55 56 57 58 59 61 63 63 63 63 63 63 63 63 63 63 63 63 63 63 64 65 66 67 67 67 69 71 73 
tsim fire 2 1 2 2 2 2 2 3 3 3 3 5 5 5 6 6 7 7 8 8 8 8 8 8 8 8 8 8 8 8 8 8 8 8 8 7 7 8 8 8 8 9 9 10 11 11 11 11 11 13 13 13 13 
tsim human 2 1 23 22 22 21 21 18 18 17 15 15 14 14 14 14 16 14 13 13 13 13 13 13 13 13 13 13 13 13 13 13 13 13 13 13 13 13 13 13 13 13 13 13 13 13 13 13 13 13 13 13 13 
tsim window 2 1 6 6 6 6 6 6 6 6 6 6 6 6 6 6 9 9 12 12 14 14 14 14 15 15 16 16 16 17 17 17 17 17 17 17 17 17 17 17 17 17 17 17 18 18 18 18 18 18 20 20 20 
runtime -1 2 1 11.728964567184448 18.583128690719604 8.897721290588379 13.030574321746826 11.234330892562866 9.05308747291565 8.850597858428955 12.009371519088745 7.572239637374878 5.3479392528533936 3.349079132080078 1.118152379989624 
avg_run -1 2 1 9.231265584627787
al_time -1 2 1 0.03136253356933594 2.3924977779388428 1.0032970905303955 0.029276371002197266 0.05993771553039551 0.028308868408203125 0.03263068199157715 0.03214097023010254 0.029571056365966797 0.0285489559173584 0.029400348663330078 0.02808856964111328 
avg_all -1 2 1 0.31042174498240155
sum 0 3 1 60 61 
sum 1 3 1 180 99 
sum 2 3 1 240 116 
sum 3 3 1 360 150 
sum 4 3 1 540 189 
sum 5 3 1 600 197 
sum 6 3 1 1200 269 
sum 7 3 1 1500 290 
sum 8 3 1 1800 302 
sum 9 3 1 2100 310 
sum 10 3 1 2400 319 
sum 11 3 1 2700 338 
sum 12 3 1 3000 362 
miss fire 3 1 2 2 2 1 1 2 2 1 1 2 2 2 2 2 3 3 4 4 1 1 0 0 0 0 0 0 0 1 1 1 1 1 1 0 0 1 1 1 0 1 1 2 3 3 2 0 0 2 2 2 2 
miss human 3 1 23 22 13 10 10 10 10 10 12 6 5 9 8 5 5 3 1 1 0 0 0 0 0 0 0 0 0 0 0 0 0 0 0 0 0 0 0 0 0 0 0 0 0 0 0 0 0 0 0 0 0 
miss window 3 1 6 6 6 6 6 5 5 3 3 1 1 1 1 1 2 2 1 1 3 3 3 3 4 4 5 5 4 1 1 1 1 1 1 1 1 1 1 1 1 1 1 1 2 2 2 2 2 2 4 4 4 
acm fire 3 1 2 4 6 7 8 10 12 13 14 16 18 20 22 24 27 30 34 38 39 40 40 40 40 40 40 40 40 41 42 43 44 45 46 46 46 47 48 49 49 50 51 53 56 59 61 61 61 63 65 67 69 
acm human 3 1 23 45 58 68 78 88 98 108 120 126 131 140 148 153 158 161 162 163 163 163 163 163 163 163 163 163 163 163 163 163 163 163 163 163 163 163 163 163 163 163 163 163 163 163 163 163 163 163 163 163 163 
acm window 3 1 6 12 18 24 30 35 40 43 46 47 48 49 50 51 53 55 56 57 60 63 66 69 73 77 82 87 91 92 93 94 95 96 97 98 99 100 101 102 103 104 105 106 108 110 112 114 116 118 122 126 130 
tsim fire 3 1 2 2 2 2 2 3 3 3 3 5 5 5 6 6 7 7 8 8 8 8 8 8 8 8 8 8 8 8 8 8 8 8 8 7 7 8 8 8 8 9 9 10 11 11 11 11 11 13 13 13 13 
tsim human 3 1 23 22 22 21 21 18 18 17 15 15 14 14 14 14 16 14 13 13 13 13 13 13 13 13 13 13 13 13 13 13 13 13 13 13 13 13 13 13 13 13 13 13 13 13 13 13 13 13 13 13 13 
tsim window 3 1 6 6 6 6 6 6 6 6 6 6 6 6 6 6 9 9 12 12 14 14 14 14 15 15 16 16 16 17 17 17 17 17 17 17 17 17 17 17 17 17 17 17 18 18 18 18 18 18 20 20 20 
runtime -1 3 1 0.01961064338684082 0.02023148536682129 0.01938009262084961 0.01996588706970215 0.01965165138244629 0.020045995712280273 
avg_run -1 3 1 0.019814292589823406
al_time -1 3 1 0.03202676773071289 0.030803680419921875 0.03016829490661621 0.028565168380737305 0.030355215072631836 0.023845195770263672 
avg_all -1 3 1 0.029294053713480633
sum 0 4 1 60 61 
sum 1 4 1 180 94 
sum 2 4 1 240 107 
sum 3 4 1 360 139 
sum 4 4 1 540 181 
sum 5 4 1 600 187 
sum 6 4 1 1200 250 
sum 7 4 1 1500 265 
sum 8 4 1 1800 272 
sum 9 4 1 2100 276 
sum 10 4 1 2400 288 
sum 11 4 1 2700 310 
sum 12 4 1 3000 330 
miss fire 4 1 2 2 1 1 1 2 2 2 2 2 2 2 2 2 3 3 4 4 1 1 1 1 1 1 1 0 0 0 0 0 0 0 0 1 1 2 2 2 2 3 3 4 5 3 3 3 3 3 3 2 2 
miss human 4 1 23 22 11 8 7 9 9 8 10 10 4 4 5 4 6 5 3 3 2 2 0 0 0 0 0 0 0 0 0 0 0 0 0 0 0 0 0 0 0 0 0 0 0 0 0 0 0 0 0 0 0 
miss window 4 1 6 6 6 6 5 5 5 4 4 0 0 0 0 0 0 0 0 0 2 2 2 2 2 2 3 2 2 2 1 1 1 0 0 0 0 0 0 0 0 0 0 0 1 1 1 1 1 1 3 1 1 
acm fire 4 1 2 4 5 6 7 9 11 13 15 17 19 21 23 25 28 31 35 39 40 41 42 43 44 45 46 46 46 46 46 46 46 46 46 47 48 50 52 54 56 59 62 66 71 74 77 80 83 86 89 91 93 
acm human 4 1 23 45 56 64 71 80 89 97 107 117 121 125 130 134 140 145 148 151 153 155 155 155 155 155 155 155 155 155 155 155 155 155 155 155 155 155 155 155 155 155 155 155 155 155 155 155 155 155 155 155 155 
acm window 4 1 6 12 18 24 29 34 39 43 47 47 47 47 47 47 47 47 47 47 49 51 53 55 57 59 62 64 66 68 69 70 71 71 71 71 71 71 71 71 71 71 71 71 72 73 74 75 76 77 80 81 82 
tsim fire 4 1 2 2 2 2 2 3 3 3 3 5 5 5 6 6 7 7 8 8 8 8 8 8 8 8 8 8 8 8 8 8 8 8 8 7 7 8 8 8 8 9 9 10 11 11 11 11 11 13 13 13 13 
tsim human 4 1 23 22 22 21 21 18 18 17 15 15 14 14 14 14 16 14 13 13 13 13 13 13 13 13 13 13 13 13 13 13 13 13 13 13 13 13 13 13 13 13 13 13 13 13 13 13 13 13 13 13 13 
tsim window 4 1 6 6 6 6 6 6 6 6 6 6 6 6 6 6 9 9 12 12 14 14 14 14 15 15 16 16 16 17 17 17 17 17 17 17 17 17 17 17 17 17 17 17 18 18 18 18 18 18 20 20 20 
runtime -1 4 1 1.563046932220459 6.0356574058532715 4.796954870223999 3.8640153408050537 4.795039176940918 6.0387022495269775 6.771135568618774 10.102447986602783 4.10034966468811 2.9746551513671875 1.9104769229888916 0.7812848091125488 
avg_run -1 4 1 4.4778138399124146
al_time -1 4 1 0.03128194808959961 0.026445388793945312 1.9302465915679932 0.02686619758605957 0.027612686157226562 0.02993464469909668 0.034299612045288086 0.03442239761352539 0.029288530349731445 0.028318405151367188 0.028853654861450195 0.02350473403930664 
avg_all -1 4 1 0.18758956591288248
sum 0 5 1 60 61 
sum 1 5 1 180 99 
sum 2 5 1 240 114 
sum 3 5 1 360 146 
sum 4 5 1 540 191 
sum 5 5 1 600 200 
sum 6 5 1 1200 265 
sum 7 5 1 1500 301 
sum 8 5 1 1800 345 
sum 9 5 1 2100 382 
sum 10 5 1 2400 399 
sum 11 5 1 2700 412 
sum 12 5 1 3000 435 
miss fire 5 1 2 2 1 1 0 1 1 1 1 3 2 2 2 2 3 2 2 2 2 2 2 2 2 2 2 2 2 2 2 2 2 2 1 2 0 1 1 1 1 2 2 1 2 2 2 2 2 3 3 2 2 
miss human 5 1 23 22 14 10 9 10 10 9 10 10 4 4 6 5 6 4 2 2 2 2 2 2 2 2 2 2 2 2 2 2 2 2 1 1 1 1 0 0 1 0 0 0 0 0 0 0 0 0 0 0 0 
miss window 5 1 6 6 6 6 6 5 5 4 4 3 3 3 0 0 0 0 0 0 2 2 2 2 3 3 4 4 4 5 5 5 5 5 5 5 5 5 4 4 1 0 0 0 1 1 1 1 1 1 3 3 3 
acm fire 5 1 2 4 5 6 6 7 8 9 10 13 15 17 19 21 24 26 28 30 32 34 36 38 40 42 44 46 48 50 52 54 56 58 59 61 61 62 63 64 65 67 69 70 72 74 76 78 80 83 86 88 90 
acm human 5 1 23 45 59 69 78 88 98 107 117 127 131 135 141 146 152 156 158 160 162 164 166 168 170 172 174 176 178 180 182 184 186 188 189 190 191 192 192 192 193 193 193 193 193 193 193 193 193 193 193 193 193 
acm window 5 1 6 12 18 24 30 35 40 44 48 51 54 57 57 57 57 57 57 57 59 61 63 65 68 71 75 79 83 88 93 98 103 108 113 118 123 128 132 136 137 137 137 137 138 139 140 141 142 143 146 149 152 
tsim fire 5 1 2 2 2 2 2 3 3 3 3 5 5 5 6 6 7 7 8 8 8 8 8 8 8 8 8 8 8 8 8 8 8 8 8 7 7 8 8 8 8 9 9 10 11 11 11 11 11 13 13 13 13 
tsim human 5 1 23 22 22 21 21 18 18 17 15 15 14 14 14 14 16 14 13 13 13 13 13 13 13 13 13 13 13 13 13 13 13 13 13 13 13 13 13 13 13 13 13 13 13 13 13 13 13 13 13 13 13 
tsim window 5 1 6 6 6 6 6 6 6 6 6 6 6 6 6 6 9 9 12 12 14 14 14 14 15 15 16 16 16 17 17 17 17 17 17 17 17 17 17 17 17 17 17 17 18 18 18 18 18 18 20 20 20 
runtime -1 5 1 9.33368444442749 11.415680885314941 4.067253112792969 4.8589513301849365 12.284909725189209 12.50228476524353 11.404213428497314 11.269302368164062 10.534860849380493 3.3430540561676025 1.3417527675628662 
avg_run -1 5 1 8.395995248447765
al_time -1 5 1 0.030818462371826172 0.028409957885742188 0.02423715591430664 3.470250368118286 0.02761387825012207 0.05697178840637207 0.028154611587524414 0.029501676559448242 0.031946659088134766 0.029345989227294922 0.02111530303955078 
avg_all -1 5 1 0.3434878045862371
sum 0 6 1 60 61 
sum 1 6 1 180 95 
sum 2 6 1 240 103 
sum 3 6 1 360 119 
sum 4 6 1 540 146 
sum 5 6 1 600 156 
sum 6 6 1 1200 256 
sum 7 6 1 1500 274 
sum 8 6 1 1800 280 
sum 9 6 1 2100 283 
sum 10 6 1 2400 290 
sum 11 6 1 2700 305 
sum 12 6 1 3000 320 
miss fire 6 1 2 2 1 1 1 1 1 1 1 3 3 3 4 4 5 5 6 5 5 3 3 2 2 1 1 0 0 0 0 0 0 0 0 1 1 1 1 1 1 2 2 3 4 2 2 1 1 2 2 2 2 
miss human 6 1 23 22 13 9 6 7 7 6 8 8 7 7 7 7 9 7 6 3 3 1 1 1 1 0 0 0 0 0 0 0 0 0 0 0 0 0 0 0 0 0 0 0 0 0 0 0 0 0 0 0 0 
miss window 6 1 6 6 6 4 1 0 0 0 0 0 0 0 0 0 0 0 0 0 2 2 2 1 2 2 3 2 2 2 2 0 0 0 0 0 0 0 0 0 0 0 0 0 1 1 1 0 0 0 2 2 2 
acm fire 6 1 2 4 5 6 7 8 9 10 11 14 17 20 24 28 33 38 44 49 54 57 60 62 64 65 66 66 66 66 66 66 66 66 66 67 68 69 70 71 72 74 76 79 83 85 87 88 89 91 93 95 97 
acm human 6 1 23 45 58 67 73 80 87 93 101 109 116 123 130 137 146 153 159 162 165 166 167 168 169 169 169 169 169 169 169 169 169 169 169 169 169 169 169 169 169 169 169 169 169 169 169 169 169 169 169 169 169 
acm window 6 1 6 12 18 22 23 23 23 23 23 23 23 23 23 23 23 23 23 23 25 27 29 30 32 34 37 39 41 43 45 45 45 45 45 45 45 45 45 45 45 45 45 45 46 47 48 48 48 48 50 52 54 
tsim fire 6 1 2 2 2 2 2 3 3 3 3 5 5 5 6 6 7 7 8 8 8 8 8 8 8 8 8 8 8 8 8 8 8 8 8 7 7 8 8 8 8 9 9 10 11 11 11 11 11 13 13 13 13 
tsim human 6 1 23 22 22 21 21 18 18 17 15 15 14 14 14 14 16 14 13 13 13 13 13 13 13 13 13 13 13 13 13 13 13 13 13 13 13 13 13 13 13 13 13 13 13 13 13 13 13 13 13 13 13 
tsim window 6 1 6 6 6 6 6 6 6 6 6 6 6 6 6 6 9 9 12 12 14 14 14 14 15 15 16 16 16 17 17 17 17 17 17 17 17 17 17 17 17 17 17 17 18 18 18 18 18 18 20 20 20 
runtime -1 6 1 11.271591901779175 6.841897964477539 7.156849145889282 12.850997686386108 7.1456639766693115 12.040210485458374 8.911101818084717 7.598178386688232 7.922959566116333 4.412469148635864 4.025309324264526 2.1379666328430176 
avg_run -1 6 1 7.692933003107707
al_time -1 6 1 0.028591394424438477 0.025383472442626953 1.0767853260040283 0.026447296142578125 0.9801311492919922 0.02842092514038086 0.0623774528503418 0.03287816047668457 0.03010869026184082 0.029204845428466797 0.030139923095703125 0.022565841674804688 
avg_all -1 6 1 0.19775287310282388
sum 0 7 1 60 61 
sum 1 7 1 180 95 
sum 2 7 1 240 103 
sum 3 7 1 360 119 
sum 4 7 1 540 146 
sum 5 7 1 600 156 
sum 6 7 1 1200 241 
sum 7 7 1 1500 248 
sum 8 7 1 1800 253 
sum 9 7 1 2100 259 
sum 10 7 1 2400 263 
sum 11 7 1 2700 273 
sum 12 7 1 3000 289 
miss fire 7 1 2 2 1 1 1 1 1 1 1 3 3 3 4 3 3 3 4 4 4 1 1 1 1 0 0 0 0 0 0 0 0 0 0 1 1 2 2 0 0 1 1 1 2 1 1 1 1 3 2 2 2 
miss human 7 1 23 22 13 9 6 7 7 6 8 8 7 7 7 7 9 7 6 3 3 1 1 1 1 0 0 0 0 0 0 0 0 0 0 0 0 0 0 0 0 0 0 0 0 0 0 0 0 0 0 0 0 
miss window 7 1 6 6 6 4 1 0 0 0 0 0 0 0 0 0 0 0 0 0 2 1 1 0 1 0 1 1 1 1 1 1 1 1 1 0 0 0 0 0 0 0 0 0 1 1 1 1 0 0 2 2 2 
acm fire 7 1 2 4 5 6 7 8 9 10 11 14 17 20 24 27 30 33 37 41 45 46 47 48 49 49 49 49 49 49 49 49 49 49 49 50 51 53 55 55 55 56 57 58 60 61 62 63 64 67 69 71 73 
acm human 7 1 23 45 58 67 73 80 87 93 101 109 116 123 130 137 146 153 159 162 165 166 167 168 169 169 169 169 169 169 169 169 169 169 169 169 169 169 169 169 169 169 169 169 169 169 169 169 169 169 169 169 169 
acm window 7 1 6 12 18 22 23 23 23 23 23 23 23 23 23 23 23 23 23 23 25 26 27 27 28 28 29 30 31 32 33 34 35 36 37 37 37 37 37 37 37 37 37 37 38 39 40 41 41 41 43 45 47 
tsim fire 7 1 2 2 2 2 2 3 3 3 3 5 5 5 6 6 7 7 8 8 8 8 8 8 8 8 8 8 8 8 8 8 8 8 8 7 7 8 8 8 8 9 9 10 11 11 11 11 11 13 13 13 13 
tsim human 7 1 23 22 22 21 21 18 18 17 15 15 14 14 14 14 16 14 13 13 13 13 13 13 13 13 13 13 13 13 13 13 13 13 13 13 13 13 13 13 13 13 13 13 13 13 13 13 13 13 13 13 13 
tsim window 7 1 6 6 6 6 6 6 6 6 6 6 6 6 6 6 9 9 12 12 14 14 14 14 15 15 16 16 16 17 17 17 17 17 17 17 17 17 17 17 17 17 17 17 18 18 18 18 18 18 20 20 20 
runtime -1 7 1 2.5427353382110596 1.2707290649414062 1.5387070178985596 1.878702163696289 1.440760850906372 2.667916774749756 2.144355535507202 2.793771743774414 2.1306514739990234 1.7200911045074463 1.4540748596191406 1.6346006393432617 0.483367919921875 
avg_run -1 7 1 1.823112652851985
al_time -1 7 1 0.02882242202758789 0.026027441024780273 1.0535731315612793 0.027129650115966797 0.989109992980957 0.028364896774291992 0.036853790283203125 0.028744935989379883 0.029982566833496094 0.05949735641479492 0.05785965919494629 0.06389188766479492 0.042669057846069336 
avg_all -1 7 1 0.19019436836242676
sum 0 8 1 60 61 
sum 1 8 1 180 89 
sum 2 8 1 240 101 
sum 3 8 1 360 131 
sum 4 8 1 540 171 
sum 5 8 1 600 178 
sum 6 8 1 1200 251 
sum 7 8 1 1500 291 
sum 8 8 1 1800 318 
sum 9 8 1 2100 326 
sum 10 8 1 2400 332 
sum 11 8 1 2700 344 
sum 12 8 1 3000 365 
miss fire 8 1 2 2 0 0 0 1 1 0 0 2 1 1 2 2 1 0 1 1 1 1 1 1 1 1 1 0 0 0 1 1 0 0 0 1 0 1 1 1 1 2 1 2 3 1 1 1 1 3 2 2 2 
miss human 8 1 23 22 10 6 6 9 9 10 12 11 6 6 6 6 8 6 5 5 5 5 4 4 5 5 5 1 1 1 1 1 1 1 1 1 0 0 0 0 0 0 0 0 0 0 0 0 0 0 0 0 0 
miss window 8 1 6 6 6 6 6 5 5 2 2 1 0 0 0 0 0 0 0 0 2 2 2 2 3 3 4 4 4 5 4 4 3 3 0 0 0 0 0 0 0 0 0 0 1 1 1 1 1 1 3 3 3 
acm fire 8 1 2 4 4 4 4 5 6 6 6 8 9 10 12 14 15 15 16 17 18 19 20 21 22 23 24 24 24 24 25 26 26 26 26 27 27 28 29 30 31 33 34 36 39 40 41 42 43 46 48 50 52 
acm human 8 1 23 45 55 61 67 76 85 95 107 118 124 130 136 142 150 156 161 166 171 176 180 184 189 194 199 200 201 202 203 204 205 206 207 208 208 208 208 208 208 208 208 208 208 208 208 208 208 208 208 208 208 
acm window 8 1 6 12 18 24 30 35 40 42 44 45 45 45 45 45 45 45 45 45 47 49 51 53 56 59 63 67 71 76 80 84 87 90 90 90 90 90 90 90 90 90 90 90 91 92 93 94 95 96 99 102 105 
tsim fire 8 1 2 2 2 2 2 3 3 3 3 5 5 5 6 6 7 7 8 8 8 8 8 8 8 8 8 8 8 8 8 8 8 8 8 7 7 8 8 8 8 9 9 10 11 11 11 11 11 13 13 13 13 
tsim human 8 1 23 22 22 21 21 18 18 17 15 15 14 14 14 14 16 14 13 13 13 13 13 13 13 13 13 13 13 13 13 13 13 13 13 13 13 13 13 13 13 13 13 13 13 13 13 13 13 13 13 13 13 
tsim window 8 1 6 6 6 6 6 6 6 6 6 6 6 6 6 6 9 9 12 12 14 14 14 14 15 15 16 16 16 17 17 17 17 17 17 17 17 17 17 17 17 17 17 17 18 18 18 18 18 18 20 20 20 
runtime -1 8 1 5.031665086746216 10.602967023849487 2.417438507080078 5.0264177322387695 3.3590476512908936 2.859482765197754 2.8235409259796143 3.061826467514038 2.7485756874084473 1.0399141311645508 
avg_run -1 8 1 3.8970875978469848
al_time -1 8 1 0.060593366622924805 0.0676572322845459 6.9176905155181885 0.06257820129394531 0.060211896896362305 0.05685758590698242 0.05585002899169922 0.05950498580932617 0.06241798400878906 0.04287099838256836 
avg_all -1 8 1 0.7446232795715332
sum 0 9 1 60 61 
sum 1 9 1 180 89 
sum 2 9 1 240 100 
sum 3 9 1 360 128 
sum 4 9 1 540 167 
sum 5 9 1 600 172 
sum 6 9 1 1200 248 
sum 7 9 1 1500 269 
sum 8 9 1 1800 277 
sum 9 9 1 2100 282 
sum 10 9 1 2400 293 
sum 11 9 1 2700 306 
sum 12 9 1 3000 322 
miss fire 9 1 2 2 0 0 0 1 1 1 1 2 2 2 2 2 3 3 4 4 3 2 2 1 1 1 1 0 0 0 0 0 0 0 0 1 1 2 2 2 2 3 2 3 2 2 2 2 1 3 2 2 2 
miss human 9 1 23 22 9 7 6 8 8 8 10 9 3 3 5 4 6 6 5 5 5 2 2 2 2 2 2 1 1 2 0 0 1 1 0 0 0 0 0 0 0 0 0 0 0 0 0 0 0 0 0 0 0 
miss window 9 1 6 6 6 6 5 5 5 4 4 0 0 0 0 0 0 0 0 0 2 2 2 1 2 2 2 1 1 1 1 1 0 0 0 0 0 0 0 0 0 0 0 0 1 1 0 0 0 0 2 2 2 
acm fire 9 1 2 4 4 4 4 5 6 7 8 10 12 14 16 18 21 24 28 32 35 37 39 40 41 42 43 43 43 43 43 43 43 43 43 44 45 47 49 51 53 56 58 61 63 65 67 69 70 73 75 77 79 
acm human 9 1 23 45 54 61 67 75 83 91 101 110 113 116 121 125 131 137 142 147 152 154 156 158 160 162 164 165 166 168 168 168 169 170 170 170 170 170 170 170 170 170 170 170 170 170 170 170 170 170 170 170 170 
acm window 9 1 6 12 18 24 29 34 39 43 47 47 47 47 47 47 47 47 47 47 49 51 53 54 56 58 60 61 62 63 64 65 65 65 65 65 65 65 65 65 65 65 65 65 66 67 67 67 67 67 69 71 73 
tsim fire 9 1 2 2 2 2 2 3 3 3 3 5 5 5 6 6 7 7 8 8 8 8 8 8 8 8 8 8 8 8 8 8 8 8 8 7 7 8 8 8 8 9 9 10 11 11 11 11 11 13 13 13 13 
tsim human 9 1 23 22 22 21 21 18 18 17 15 15 14 14 14 14 16 14 13 13 13 13 13 13 13 13 13 13 13 13 13 13 13 13 13 13 13 13 13 13 13 13 13 13 13 13 13 13 13 13 13 13 13 
tsim window 9 1 6 6 6 6 6 6 6 6 6 6 6 6 6 6 9 9 12 12 14 14 14 14 15 15 16 16 16 17 17 17 17 17 17 17 17 17 17 17 17 17 17 17 18 18 18 18 18 18 20 20 20 
runtime -1 9 1 0.6555209159851074 2.3439438343048096 1.4928269386291504 1.557804822921753 1.7644197940826416 1.5836946964263916 2.115457534790039 2.262247323989868 1.446190357208252 0.8231174945831299 1.0949244499206543 0.41672372817993164 
avg_run -1 9 1 1.463072657585144
al_time -1 9 1 0.06068706512451172 4.538223505020142 1.9593009948730469 0.05896806716918945 0.03230452537536621 0.03081655502319336 0.06763625144958496 0.03150486946105957 0.03075385093688965 0.030934572219848633 0.06154966354370117 0.047019004821777344 
avg_all -1 9 1 0.5791415770848592
sum 0 10 1 60 61 
sum 1 10 1 180 95 
sum 2 10 1 240 108 
sum 3 10 1 360 138 
sum 4 10 1 540 183 
sum 5 10 1 600 189 
sum 6 10 1 1200 249 
sum 7 10 1 1500 258 
sum 8 10 1 1800 266 
sum 9 10 1 2100 271 
sum 10 10 1 2400 281 
sum 11 10 1 2700 293 
sum 12 10 1 3000 309 
miss fire 10 1 2 2 0 0 0 1 1 1 1 2 2 2 2 2 3 3 4 4 1 1 1 0 0 0 0 0 0 0 0 0 0 0 0 1 1 2 2 2 2 2 2 1 2 2 2 1 1 2 2 2 2 
miss human 10 1 23 22 13 9 8 9 9 10 12 11 4 4 5 4 6 5 2 2 1 1 2 0 0 0 0 0 0 0 0 0 0 0 0 0 0 0 0 0 0 0 0 0 0 0 0 0 0 0 0 0 0 
miss window 10 1 6 6 6 6 5 5 5 4 4 0 0 0 0 0 0 0 0 0 2 2 1 1 2 2 3 1 1 2 2 2 1 1 0 0 0 0 0 0 0 0 0 0 1 1 1 1 1 1 3 1 1 
acm fire 10 1 2 4 4 4 4 5 6 7 8 10 12 14 16 18 21 24 28 32 33 34 35 35 35 35 35 35 35 35 35 35 35 35 35 36 37 39 41 43 45 47 49 50 52 54 56 57 58 60 62 64 66 
acm human 10 1 23 45 58 67 75 84 93 103 115 126 130 134 139 143 149 154 156 158 159 160 162 162 162 162 162 162 162 162 162 162 162 162 162 162 162 162 162 162 162 162 162 162 162 162 162 162 162 162 162 162 162 
acm window 10 1 6 12 18 24 29 34 39 43 47 47 47 47 47 47 47 47 47 47 49 51 52 53 55 57 60 61 62 64 66 68 69 70 70 70 70 70 70 70 70 70 70 70 71 72 73 74 75 76 79 80 81 
tsim fire 10 1 2 2 2 2 2 3 3 3 3 5 5 5 6 6 7 7 8 8 8 8 8 8 8 8 8 8 8 8 8 8 8 8 8 7 7 8 8 8 8 9 9 10 11 11 11 11 11 13 13 13 13 
tsim human 10 1 23 22 22 21 21 18 18 17 15 15 14 14 14 14 16 14 13 13 13 13 13 13 13 13 13 13 13 13 13 13 13 13 13 13 13 13 13 13 13 13 13 13 13 13 13 13 13 13 13 13 13 
tsim window 10 1 6 6 6 6 6 6 6 6 6 6 6 6 6 6 9 9 12 12 14 14 14 14 15 15 16 16 16 17 17 17 17 17 17 17 17 17 17 17 17 17 17 17 18 18 18 18 18 18 20 20 20 
runtime -1 10 1 0.7852499485015869 2.788715362548828 2.9777095317840576 2.5076773166656494 3.31246018409729 2.859799385070801 3.4439918994903564 3.885816812515259 3.418124198913574 2.662972927093506 2.344559669494629 1.5680603981018066 
avg_run -1 10 1 2.712928136189779
al_time -1 10 1 0.06666779518127441 0.05551314353942871 2.227285623550415 2.0819919109344482 0.0589442253112793 0.07570600509643555 0.07132816314697266 0.060996294021606445 0.06145477294921875 0.060448408126831055 0.0637364387512207 0.052947282791137695 
avg_all -1 10 1 0.411418338616689
random:2T:3000
sum 0 0 2 60 42 
sum 1 0 2 180 57 
sum 2 0 2 240 61 
sum 3 0 2 360 71 
sum 4 0 2 540 87 
sum 5 0 2 600 92 
sum 6 0 2 1200 108 
sum 7 0 2 1500 108 
sum 8 0 2 1800 112 
sum 9 0 2 2100 117 
sum 10 0 2 2400 124 
sum 11 0 2 2700 134 
sum 12 0 2 3000 141 
miss fire 0 2 3 3 1 1 1 1 1 1 1 1 1 0 0 0 0 0 0 0 0 0 0 0 0 0 0 0 0 0 1 1 2 2 2 1 0 0 0 0 1 1 2 1 2 1 2 2 2 1 1 0 0 
miss human 0 2 13 11 6 5 3 4 4 3 3 5 3 2 1 0 1 1 1 1 0 0 0 0 0 0 0 0 0 0 0 0 0 0 0 0 0 0 0 0 0 0 0 0 0 0 0 0 0 0 0 0 0 
miss window 0 2 6 6 2 0 0 0 0 0 1 1 1 1 1 0 0 0 1 2 2 2 0 0 0 0 0 0 0 0 0 0 0 0 0 0 0 0 0 0 1 1 1 1 1 0 0 0 1 1 1 0 0 
acm fire 0 2 3 6 7 8 9 10 11 12 13 14 15 15 15 15 15 15 15 15 15 15 15 15 15 15 15 15 15 15 16 17 19 21 23 24 24 24 24 24 25 26 28 29 31 32 34 36 38 39 40 40 40 
acm human 0 2 13 24 30 35 38 42 46 49 52 57 60 62 63 63 64 65 66 67 67 67 67 67 67 67 67 67 67 67 67 67 67 67 67 67 67 67 67 67 67 67 67 67 67 67 67 67 67 67 67 67 67 
acm window 0 2 6 12 14 14 14 14 14 14 15 16 17 18 19 19 19 19 20 22 24 26 26 26 26 26 26 26 26 26 26 26 26 26 26 26 26 26 26 26 27 28 29 30 31 31 31 31 32 33 34 34 34 
tsim fire 0 2 3 3 3 4 4 4 4 5 5 6 6 6 6 6 6 6 6 6 6 6 6 6 6 6 6 6 6 6 6 6 7 7 7 6 6 6 6 6 7 8 9 9 10 10 11 12 12 12 12 12 12 
tsim human 0 2 13 11 11 10 10 9 9 9 9 11 9 8 7 7 6 6 6 6 6 6 6 6 6 6 6 6 6 6 6 6 6 6 6 6 6 6 6 6 6 6 6 6 6 6 6 6 6 6 6 6 6 
tsim window 0 2 6 6 6 6 6 6 6 6 7 9 9 9 9 9 9 9 10 11 11 11 11 11 11 11 11 11 11 11 11 11 11 11 11 11 11 11 11 11 12 12 12 12 12 12 12 19 20 21 21 21 21 
runtime -1 0 2 0.5469286441802979 0.5503928661346436 0.5964727401733398 0.6379365921020508 0.7143635749816895 0.696274995803833 0.6759674549102783 0.6841495037078857 0.6226677894592285 0.49555349349975586 0.35816478729248047 0.22867941856384277 0.10922574996948242 
avg_run -1 0 2 0.5320598162137545
al_time -1 0 2 0.031122207641601562 0.027896404266357422 0.9648475646972656 0.0487360954284668 0.05203890800476074 0.08357882499694824 0.043372154235839844 0.03671145439147949 0.03733944892883301 0.038027286529541016 0.03802609443664551 1.8693795204162598 0.026881933212280273 
avg_all -1 0 2 0.2536890690143292
sum 0 1 2 60 42 
sum 1 1 2 180 64 
sum 2 1 2 240 73 
sum 3 1 2 360 84 
sum 4 1 2 540 104 
sum 5 1 2 600 106 
sum 6 1 2 1200 119 
sum 7 1 2 1500 119 
sum 8 1 2 1800 120 
sum 9 1 2 2100 122 
sum 10 1 2 2400 129 
sum 11 1 2 2700 138 
sum 12 1 2 3000 151 
miss fire 1 2 3 3 0 1 1 0 0 1 1 2 0 0 0 0 0 0 0 0 0 0 0 0 0 0 0 0 0 0 0 0 1 1 1 0 0 0 0 0 1 3 2 2 2 2 1 2 2 1 1 1 1 
miss human 1 2 13 11 6 5 5 5 5 4 4 6 2 3 2 2 1 1 0 0 1 0 0 0 0 0 0 0 0 0 0 0 0 0 0 0 0 0 0 0 0 0 0 0 0 0 0 0 0 0 0 0 0 
miss window 1 2 6 6 6 4 3 1 0 0 1 1 0 0 0 0 0 0 1 2 0 0 0 0 0 0 0 0 0 0 0 0 0 0 0 0 0 0 0 0 1 0 0 0 0 0 0 0 1 2 2 1 1 
acm fire 1 2 3 6 6 7 8 8 8 9 10 12 12 12 12 12 12 12 12 12 12 12 12 12 12 12 12 12 12 12 12 12 13 14 15 15 15 15 15 15 16 19 21 23 25 27 28 30 32 33 34 35 36 
acm human 1 2 13 24 30 35 40 45 50 54 58 64 66 69 71 73 74 75 75 75 76 76 76 76 76 76 76 76 76 76 76 76 76 76 76 76 76 76 76 76 76 76 76 76 76 76 76 76 76 76 76 76 76 
acm window 1 2 6 12 18 22 25 26 26 26 27 28 28 28 28 28 28 28 29 31 31 31 31 31 31 31 31 31 31 31 31 31 31 31 31 31 31 31 31 31 32 32 32 32 32 32 32 32 33 35 37 38 39 
tsim fire 1 2 3 3 3 4 4 4 4 5 5 6 6 6 6 6 6 6 6 6 6 6 6 6 6 6 6 6 6 6 6 6 7 7 7 6 6 6 6 6 7 8 9 9 10 10 11 12 12 12 12 12 12 
tsim human 1 2 13 11 11 10 10 9 9 9 9 11 9 8 7 7 6 6 6 6 6 6 6 6 6 6 6 6 6 6 6 6 6 6 6 6 6 6 6 6 6 6 6 6 6 6 6 6 6 6 6 6 6 
tsim window 1 2 6 6 6 6 6 6 6 6 7 9 9 9 9 9 9 9 10 11 11 11 11 11 11 11 11 11 11 11 11 11 11 11 11 11 11 11 11 11 12 12 12 12 12 12 12 19 20 21 21 21 21 
runtime -1 1 2 5.277673244476318 4.753602981567383 3.5548291206359863 5.2666175365448 7.667601823806763 6.121767520904541 4.691575050354004 5.685537338256836 4.7165093421936035 4.832441568374634 4.613794803619385 3.6322035789489746 1.6888420581817627 
avg_run -1 1 2 4.807922766758845
al_time -1 1 2 0.03880667686462402 1.0939409732818604 0.08355998992919922 0.033210039138793945 0.05899214744567871 0.03826642036437988 0.047781944274902344 0.03742647171020508 0.1103525161743164 0.03784370422363281 0.037953853607177734 0.07938027381896973 0.03217267990112305 
avg_all -1 1 2 0.1330528992872972
sum 0 2 2 60 42 
sum 1 2 2 180 62 
sum 2 2 2 240 70 
sum 3 2 2 360 88 
sum 4 2 2 540 110 
sum 5 2 2 600 117 
sum 6 2 2 1200 136 
sum 7 2 2 1500 136 
sum 8 2 2 1800 137 
sum 9 2 2 2100 139 
sum 10 2 2 2400 147 
sum 11 2 2 2700 157 
sum 12 2 2 3000 167 
miss fire 2 2 3 3 1 2 2 2 2 1 1 2 2 0 0 0 0 0 0 0 0 0 0 0 0 0 0 0 0 0 0 0 1 1 1 0 0 0 0 0 1 2 3 1 2 2 2 3 2 2 1 0 0 
miss human 2 2 13 11 4 3 3 4 4 4 4 6 4 4 3 3 1 1 0 0 1 0 0 0 0 0 0 0 0 0 0 0 0 0 0 0 0 0 0 0 0 0 0 0 0 0 0 0 0 0 0 0 0 
miss window 2 2 6 6 6 4 3 3 3 1 2 1 1 0 0 0 0 0 1 2 1 1 1 0 0 0 0 0 0 0 0 0 0 0 0 0 0 0 0 0 1 1 0 0 0 0 0 0 1 2 2 0 0 
acm fire 2 2 3 6 7 9 11 13 15 16 17 19 21 21 21 21 21 21 21 21 21 21 21 21 21 21 21 21 21 21 21 21 22 23 24 24 24 24 24 24 25 27 30 31 33 35 37 40 42 44 45 45 45 
acm human 2 2 13 24 28 31 34 38 42 46 50 56 60 64 67 70 71 72 72 72 73 73 73 73 73 73 73 73 73 73 73 73 73 73 73 73 73 73 73 73 73 73 73 73 73 73 73 73 73 73 73 73 73 
acm window 2 2 6 12 18 22 25 28 31 32 34 35 36 36 36 36 36 36 37 39 40 41 42 42 42 42 42 42 42 42 42 42 42 42 42 42 42 42 42 42 43 44 44 44 44 44 44 44 45 47 49 49 49 
tsim fire 2 2 3 3 3 4 4 4 4 5 5 6 6 6 6 6 6 6 6 6 6 6 6 6 6 6 6 6 6 6 6 6 7 7 7 6 6 6 6 6 7 8 9 9 10 10 11 12 12 12 12 12 12 
tsim human 2 2 13 11 11 10 10 9 9 9 9 11 9 8 7 7 6 6 6 6 6 6 6 6 6 6 6 6 6 6 6 6 6 6 6 6 6 6 6 6 6 6 6 6 6 6 6 6 6 6 6 6 6 
tsim window 2 2 6 6 6 6 6 6 6 6 7 9 9 9 9 9 9 9 10 11 11 11 11 11 11 11 11 11 11 11 11 11 11 11 11 11 11 11 11 11 12 12 12 12 12 12 12 19 20 21 21 21 21 
runtime -1 2 2 14.860785245895386 8.530064105987549 6.402672052383423 6.5898942947387695 6.905517339706421 6.4128501415252686 7.254496812820435 6.497851133346558 5.521860122680664 7.4776835441589355 3.385504722595215 2.330857515335083 1.6346957683563232 
avg_run -1 2 2 6.4465179076561565
al_time -1 2 2 0.04611492156982422 1.7377355098724365 0.03868508338928223 0.035883188247680664 0.039431095123291016 0.05271029472351074 0.039812564849853516 0.036344289779663086 0.043862342834472656 0.08314633369445801 0.036192893981933594 0.040282487869262695 2.437610626220703 
avg_all -1 2 2 0.35906243324279785
sum 0 3 2 60 42 
sum 1 3 2 180 62 
sum 2 3 2 240 70 
sum 3 3 2 360 84 
sum 4 3 2 540 101 
sum 5 3 2 600 105 
sum 6 3 2 1200 133 
sum 7 3 2 1500 143 
sum 8 3 2 1800 145 
sum 9 3 2 2100 147 
sum 10 3 2 2400 155 
sum 11 3 2 2700 173 
sum 12 3 2 3000 196 
miss fire 3 2 3 3 1 2 2 2 0 1 1 1 1 1 1 0 0 0 0 0 0 0 0 0 0 0 0 0 0 0 0 0 1 1 1 0 0 0 0 0 1 2 2 2 3 2 3 3 3 2 2 1 1 
miss human 3 2 13 11 4 3 3 4 4 4 4 4 2 3 2 0 1 1 0 0 0 0 0 0 0 0 0 0 0 0 0 0 0 0 0 0 0 0 0 0 0 0 0 0 0 0 0 0 0 0 0 0 0 
miss window 3 2 6 6 6 4 3 3 1 0 1 1 1 1 1 1 1 1 2 3 3 3 3 3 3 2 1 1 1 0 0 0 0 0 0 0 0 0 0 0 1 1 1 1 1 1 1 1 2 3 3 3 3 
acm fire 3 2 3 6 7 9 11 13 13 14 15 16 17 18 19 19 19 19 19 19 19 19 19 19 19 19 19 19 19 19 19 19 20 21 22 22 22 22 22 22 23 25 27 29 32 34 37 40 43 45 47 48 49 
acm human 3 2 13 24 28 31 34 38 42 46 50 54 56 59 61 61 62 63 63 63 63 63 63 63 63 63 63 63 63 63 63 63 63 63 63 63 63 63 63 63 63 63 63 63 63 63 63 63 63 63 63 63 63 
acm window 3 2 6 12 18 22 25 28 29 29 30 31 32 33 34 35 36 37 39 42 45 48 51 54 57 59 60 61 62 62 62 62 62 62 62 62 62 62 62 62 63 64 65 66 67 68 69 70 72 75 78 81 84 
tsim fire 3 2 3 3 3 4 4 4 4 5 5 6 6 6 6 6 6 6 6 6 6 6 6 6 6 6 6 6 6 6 6 6 7 7 7 6 6 6 6 6 7 8 9 9 10 10 11 12 12 12 12 12 12 
tsim human 3 2 13 11 11 10 10 9 9 9 9 11 9 8 7 7 6 6 6 6 6 6 6 6 6 6 6 6 6 6 6 6 6 6 6 6 6 6 6 6 6 6 6 6 6 6 6 6 6 6 6 6 6 
tsim window 3 2 6 6 6 6 6 6 6 6 7 9 9 9 9 9 9 9 10 11 11 11 11 11 11 11 11 11 11 11 11 11 11 11 11 11 11 11 11 11 12 12 12 12 12 12 12 19 20 21 21 21 21 
runtime -1 3 2 0.04337334632873535 0.023611068725585938 0.023622751235961914 0.024615049362182617 0.024730443954467773 0.024465084075927734 0.024558305740356445 0.024440765380859375 0.04470419883728027 0.025172710418701172 0.025131702423095703 0.025166988372802734 0.02547454833984375 0.025607585906982422 
avg_run -1 3 2 0.027476753507341658
al_time -1 3 2 0.0544734001159668 0.03677725791931152 1.303840160369873 0.047959327697753906 0.04476141929626465 0.09950590133666992 0.05410361289978027 0.07657957077026367 0.05309486389160156 0.044883012771606445 0.03880190849304199 0.04120302200317383 0.04246163368225098 0.023804903030395508 
avg_all -1 3 2 0.14016071387699672
sum 0 4 2 60 42 
sum 1 4 2 180 62 
sum 2 4 2 240 70 
sum 3 4 2 360 79 
sum 4 4 2 540 99 
sum 5 4 2 600 102 
sum 6 4 2 1200 112 
sum 7 4 2 1500 115 
sum 8 4 2 1800 116 
sum 9 4 2 2100 119 
sum 10 4 2 2400 129 
sum 11 4 2 2700 140 
sum 12 4 2 3000 152 
miss fire 4 2 3 3 1 2 2 0 0 1 1 2 0 0 0 0 0 0 0 0 0 0 0 0 0 0 0 0 0 0 0 0 1 0 0 1 1 1 1 1 2 1 2 2 3 1 2 3 3 2 2 0 0 
miss human 4 2 13 11 4 3 3 4 4 4 4 6 3 2 1 1 0 0 0 0 0 0 0 0 0 0 0 0 0 0 0 0 0 0 0 0 0 0 0 0 0 0 0 0 0 0 0 0 0 0 0 0 0 
miss window 4 2 6 6 6 4 3 1 0 0 1 1 0 0 0 0 0 0 1 2 1 1 1 1 1 1 0 0 0 0 0 0 0 0 0 0 0 0 0 0 1 1 1 0 0 0 0 0 1 2 2 0 0 
acm fire 4 2 3 6 7 9 11 11 11 12 13 15 15 15 15 15 15 15 15 15 15 15 15 15 15 15 15 15 15 15 15 15 16 16 16 17 18 19 20 21 23 24 26 28 31 32 34 37 40 42 44 44 44 
acm human 4 2 13 24 28 31 34 38 42 46 50 56 59 61 62 63 63 63 63 63 63 63 63 63 63 63 63 63 63 63 63 63 63 63 63 63 63 63 63 63 63 63 63 63 63 63 63 63 63 63 63 63 63 
acm window 4 2 6 12 18 22 25 26 26 26 27 28 28 28 28 28 28 28 29 31 32 33 34 35 36 37 37 37 37 37 37 37 37 37 37 37 37 37 37 37 38 39 40 40 40 40 40 40 41 43 45 45 45 
tsim fire 4 2 3 3 3 4 4 4 4 5 5 6 6 6 6 6 6 6 6 6 6 6 6 6 6 6 6 6 6 6 6 6 7 7 7 6 6 6 6 6 7 8 9 9 10 10 11 12 12 12 12 12 12 
tsim human 4 2 13 11 11 10 10 9 9 9 9 11 9 8 7 7 6 6 6 6 6 6 6 6 6 6 6 6 6 6 6 6 6 6 6 6 6 6 6 6 6 6 6 6 6 6 6 6 6 6 6 6 6 
tsim window 4 2 6 6 6 6 6 6 6 6 7 9 9 9 9 9 9 9 10 11 11 11 11 11 11 11 11 11 11 11 11 11 11 11 11 11 11 11 11 11 12 12 12 12 12 12 12 19 20 21 21 21 21 
runtime -1 4 2 5.997055768966675 5.967839956283569 3.977602243423462 9.123854637145996 6.576731204986572 7.315274715423584 6.0304787158966064 6.3772056102752686 5.067664623260498 4.623771667480469 2.9616539478302 1.3710782527923584 0.0601048469543457 
avg_run -1 4 2 5.034639706978431
al_time -1 4 2 0.07566666603088379 1.0745480060577393 0.0356593132019043 0.03347301483154297 0.03474283218383789 0.10527944564819336 0.09977126121520996 0.0496518611907959 0.03621959686279297 0.03684711456298828 0.042627573013305664 2.1189632415771484 0.030303239822387695 
avg_all -1 4 2 0.29028870509221005
sum 0 5 2 60 42 
sum 1 5 2 180 68 
sum 2 5 2 240 79 
sum 3 5 2 360 94 
sum 4 5 2 540 119 
sum 5 5 2 600 127 
sum 6 5 2 1200 147 
sum 7 5 2 1500 147 
sum 8 5 2 1800 148 
sum 9 5 2 2100 150 
sum 10 5 2 2400 157 
sum 11 5 2 2700 169 
sum 12 5 2 3000 187 
miss fire 5 2 3 3 1 2 2 1 0 1 1 2 2 2 0 0 0 0 0 0 0 0 0 0 0 0 0 0 0 0 0 0 1 1 1 0 0 0 0 0 1 1 2 2 1 1 2 3 3 3 1 1 1 
miss human 5 2 13 11 6 5 5 6 5 5 5 7 5 4 3 3 1 1 0 0 0 0 0 0 0 0 0 0 0 0 0 0 0 0 0 0 0 0 0 0 0 0 0 0 0 0 0 0 0 0 0 0 0 
miss window 5 2 6 6 6 6 4 2 1 1 2 1 1 1 0 0 0 0 1 2 1 1 0 0 0 0 0 0 0 0 0 0 0 0 0 0 0 0 0 0 1 1 1 1 1 1 0 0 1 2 2 2 2 
acm fire 5 2 3 6 7 9 11 12 12 13 14 16 18 20 20 20 20 20 20 20 20 20 20 20 20 20 20 20 20 20 20 20 21 22 23 23 23 23 23 23 24 25 27 29 30 31 33 36 39 42 43 44 45 
acm human 5 2 13 24 30 35 40 46 51 56 61 68 73 77 80 83 84 85 85 85 85 85 85 85 85 85 85 85 85 85 85 85 85 85 85 85 85 85 85 85 85 85 85 85 85 85 85 85 85 85 85 85 85 
acm window 5 2 6 12 18 24 28 30 31 32 34 35 36 37 37 37 37 37 38 40 41 42 42 42 42 42 42 42 42 42 42 42 42 42 42 42 42 42 42 42 43 44 45 46 47 48 48 48 49 51 53 55 57 
tsim fire 5 2 3 3 3 4 4 4 4 5 5 6 6 6 6 6 6 6 6 6 6 6 6 6 6 6 6 6 6 6 6 6 7 7 7 6 6 6 6 6 7 8 9 9 10 10 11 12 12 12 12 12 12 
tsim human 5 2 13 11 11 10 10 9 9 9 9 11 9 8 7 7 6 6 6 6 6 6 6 6 6 6 6 6 6 6 6 6 6 6 6 6 6 6 6 6 6 6 6 6 6 6 6 6 6 6 6 6 6 
tsim window 5 2 6 6 6 6 6 6 6 6 7 9 9 9 9 9 9 9 10 11 11 11 11 11 11 11 11 11 11 11 11 11 11 11 11 11 11 11 11 11 12 12 12 12 12 12 12 19 20 21 21 21 21 
runtime -1 5 2 9.742232322692871 7.6270458698272705 6.461930274963379 7.2089316844940186 6.981102705001831 7.569449186325073 4.61408257484436 5.783638954162598 9.16939926147461 3.834686517715454 1.595160961151123 
avg_run -1 5 2 6.417060028422963
al_time -1 5 2 0.04616737365722656 1.152705430984497 0.03297829627990723 0.03458666801452637 0.04879355430603027 0.05081486701965332 0.03611350059509277 0.04974865913391113 0.09425234794616699 2.2286555767059326 0.029042720794677734 
avg_all -1 5 2 0.345805363221602
sum 0 6 2 60 42 
sum 1 6 2 180 57 
sum 2 6 2 240 61 
sum 3 6 2 360 71 
sum 4 6 2 540 91 
sum 5 6 2 600 96 
sum 6 6 2 1200 109 
sum 7 6 2 1500 109 
sum 8 6 2 1800 110 
sum 9 6 2 2100 112 
sum 10 6 2 2400 120 
sum 11 6 2 2700 132 
sum 12 6 2 3000 141 
miss fire 6 2 3 3 1 1 1 1 1 2 2 1 1 0 0 0 0 0 0 0 0 0 0 0 0 0 0 0 0 0 0 0 1 1 1 0 0 0 0 0 1 2 2 2 2 2 2 3 2 2 1 0 0 
miss human 6 2 13 11 6 5 3 4 4 4 4 6 4 3 2 2 1 0 0 0 0 0 0 0 0 0 0 0 0 0 0 0 0 0 0 0 0 0 0 0 0 0 0 0 0 0 0 0 0 0 0 0 0 
miss window 6 2 6 6 2 0 0 0 0 0 1 0 0 0 0 0 0 0 1 2 2 0 0 0 0 0 0 0 0 0 0 0 0 0 0 0 0 0 0 0 1 1 1 1 0 0 0 0 1 2 1 0 0 
acm fire 6 2 3 6 7 8 9 10 11 13 15 16 17 17 17 17 17 17 17 17 17 17 17 17 17 17 17 17 17 17 17 17 18 19 20 20 20 20 20 20 21 23 25 27 29 31 33 36 38 40 41 41 41 
acm human 6 2 13 24 30 35 38 42 46 50 54 60 64 67 69 71 72 72 72 72 72 72 72 72 72 72 72 72 72 72 72 72 72 72 72 72 72 72 72 72 72 72 72 72 72 72 72 72 72 72 72 72 72 
acm window 6 2 6 12 14 14 14 14 14 14 15 15 15 15 15 15 15 15 16 18 20 20 20 20 20 20 20 20 20 20 20 20 20 20 20 20 20 20 20 20 21 22 23 24 24 24 24 24 25 27 28 28 28 
tsim fire 6 2 3 3 3 4 4 4 4 5 5 6 6 6 6 6 6 6 6 6 6 6 6 6 6 6 6 6 6 6 6 6 7 7 7 6 6 6 6 6 7 8 9 9 10 10 11 12 12 12 12 12 12 
tsim human 6 2 13 11 11 10 10 9 9 9 9 11 9 8 7 7 6 6 6 6 6 6 6 6 6 6 6 6 6 6 6 6 6 6 6 6 6 6 6 6 6 6 6 6 6 6 6 6 6 6 6 6 6 
tsim window 6 2 6 6 6 6 6 6 6 6 7 9 9 9 9 9 9 9 10 11 11 11 11 11 11 11 11 11 11 11 11 11 11 11 11 11 11 11 11 11 12 12 12 12 12 12 12 19 20 21 21 21 21 
runtime -1 6 2 9.20872950553894 8.570960521697998 8.118699789047241 8.33102536201477 7.154028654098511 8.391662359237671 6.68644905090332 7.459827661514282 6.750926494598389 5.01324987411499 4.053221702575684 2.879753351211548 2.309699296951294 1.7118349075317383 
avg_run -1 6 2 6.188576323645456
al_time -1 6 2 0.036791086196899414 0.08292818069458008 1.096027135848999 0.038300514221191406 0.03455209732055664 0.07146286964416504 0.0524134635925293 0.0464174747467041 0.034340620040893555 0.03843235969543457 0.05281805992126465 0.03561544418334961 0.03809690475463867 2.1560440063476562 
avg_all -1 6 2 0.27244572980063303
sum 0 7 2 60 42 
sum 1 7 2 180 57 
sum 2 7 2 240 61 
sum 3 7 2 360 71 
sum 4 7 2 540 91 
sum 5 7 2 600 96 
sum 6 7 2 1200 113 
sum 7 7 2 1500 113 
sum 8 7 2 1800 114 
sum 9 7 2 2100 116 
sum 10 7 2 2400 123 
sum 11 7 2 2700 129 
sum 12 7 2 3000 137 
miss fire 7 2 3 3 1 1 1 1 1 2 2 1 1 0 0 0 0 0 0 0 0 0 0 0 0 0 0 0 0 0 0 0 1 1 1 0 0 0 0 0 1 1 2 1 2 0 1 2 1 1 0 0 0 
miss human 7 2 13 11 6 5 3 4 4 4 4 6 4 4 3 1 2 1 1 0 0 0 0 0 0 0 0 0 0 0 0 0 0 0 0 0 0 0 0 0 0 0 0 0 0 0 0 0 0 0 0 0 0 
miss window 7 2 6 6 2 0 0 0 0 0 1 0 0 0 0 0 0 0 1 1 1 1 1 0 0 0 0 0 0 0 0 0 0 0 0 0 0 0 0 0 1 1 1 0 0 0 0 0 1 2 1 1 1 
acm fire 7 2 3 6 7 8 9 10 11 13 15 16 17 17 17 17 17 17 17 17 17 17 17 17 17 17 17 17 17 17 17 17 18 19 20 20 20 20 20 20 21 22 24 25 27 27 28 30 31 32 32 32 32 
acm human 7 2 13 24 30 35 38 42 46 50 54 60 64 68 71 72 74 75 76 76 76 76 76 76 76 76 76 76 76 76 76 76 76 76 76 76 76 76 76 76 76 76 76 76 76 76 76 76 76 76 76 76 76 
acm window 7 2 6 12 14 14 14 14 14 14 15 15 15 15 15 15 15 15 16 17 18 19 20 20 20 20 20 20 20 20 20 20 20 20 20 20 20 20 20 20 21 22 23 23 23 23 23 23 24 26 27 28 29 
tsim fire 7 2 3 3 3 4 4 4 4 5 5 6 6 6 6 6 6 6 6 6 6 6 6 6 6 6 6 6 6 6 6 6 7 7 7 6 6 6 6 6 7 8 9 9 10 10 11 12 12 12 12 12 12 
tsim human 7 2 13 11 11 10 10 9 9 9 9 11 9 8 7 7 6 6 6 6 6 6 6 6 6 6 6 6 6 6 6 6 6 6 6 6 6 6 6 6 6 6 6 6 6 6 6 6 6 6 6 6 6 
tsim window 7 2 6 6 6 6 6 6 6 6 7 9 9 9 9 9 9 9 10 11 11 11 11 11 11 11 11 11 11 11 11 11 11 11 11 11 11 11 11 11 12 12 12 12 12 12 12 19 20 21 21 21 21 
runtime -1 7 2 2.358905792236328 1.9695093631744385 1.6930088996887207 2.2930049896240234 2.3446221351623535 1.7097468376159668 2.3852949142456055 1.7752211093902588 1.4947059154510498 1.4826350212097168 1.8159167766571045 1.5697262287139893 1.2056396007537842 0.7220766544342041 0.7242076396942139 
avg_run -1 7 2 1.7029481252034506
al_time -1 7 2 0.03243613243103027 0.029878854751586914 0.9912774562835693 0.03649783134460449 0.05746793746948242 0.03436565399169922 0.034615516662597656 0.04854583740234375 0.03463125228881836 0.08222723007202148 0.03694319725036621 0.03796863555908203 0.04137921333312988 1.8725159168243408 0.03184866905212402 
avg_all -1 7 2 0.22683995564778645
sum 0 8 2 60 42 
sum 1 8 2 180 66 
sum 2 8 2 240 75 
sum 3 8 2 360 95 
sum 4 8 2 540 118 
sum 5 8 2 600 125 
sum 6 8 2 1200 139 
sum 7 8 2 1500 139 
sum 8 8 2 1800 140 
sum 9 8 2 2100 143 
sum 10 8 2 2400 153 
sum 11 8 2 2700 159 
sum 12 8 2 3000 167 
miss fire 8 2 3 3 1 2 2 2 2 1 1 2 2 0 0 0 0 0 0 0 0 0 0 0 0 0 0 0 0 0 0 0 1 0 0 1 1 1 1 1 2 1 2 0 1 0 1 2 1 1 0 0 0 
miss human 8 2 13 11 6 5 4 5 5 5 4 6 4 4 3 1 0 0 0 0 0 0 0 0 0 0 0 0 0 0 0 0 0 0 0 0 0 0 0 0 0 0 0 0 0 0 0 0 0 0 0 0 0 
miss window 8 2 6 6 6 4 3 3 3 1 2 1 1 0 0 0 0 0 1 2 2 1 0 0 0 0 0 0 0 0 0 0 0 0 0 0 0 0 0 0 1 1 1 1 1 0 0 0 1 2 1 1 1 
acm fire 8 2 3 6 7 9 11 13 15 16 17 19 21 21 21 21 21 21 21 21 21 21 21 21 21 21 21 21 21 21 21 21 22 22 22 23 24 25 26 27 29 30 32 32 33 33 34 36 37 38 38 38 38 
acm human 8 2 13 24 30 35 39 44 49 54 58 64 68 72 75 76 76 76 76 76 76 76 76 76 76 76 76 76 76 76 76 76 76 76 76 76 76 76 76 76 76 76 76 76 76 76 76 76 76 76 76 76 76 
acm window 8 2 6 12 18 22 25 28 31 32 34 35 36 36 36 36 36 36 37 39 41 42 42 42 42 42 42 42 42 42 42 42 42 42 42 42 42 42 42 42 43 44 45 46 47 47 47 47 48 50 51 52 53 
tsim fire 8 2 3 3 3 4 4 4 4 5 5 6 6 6 6 6 6 6 6 6 6 6 6 6 6 6 6 6 6 6 6 6 7 7 7 6 6 6 6 6 7 8 9 9 10 10 11 12 12 12 12 12 12 
tsim human 8 2 13 11 11 10 10 9 9 9 9 11 9 8 7 7 6 6 6 6 6 6 6 6 6 6 6 6 6 6 6 6 6 6 6 6 6 6 6 6 6 6 6 6 6 6 6 6 6 6 6 6 6 
tsim window 8 2 6 6 6 6 6 6 6 6 7 9 9 9 9 9 9 9 10 11 11 11 11 11 11 11 11 11 11 11 11 11 11 11 11 11 11 11 11 11 12 12 12 12 12 12 12 19 20 21 21 21 21 
runtime -1 8 2 3.0976157188415527 2.2238335609436035 1.939840316772461 2.115851402282715 2.1144423484802246 1.8938121795654297 1.8082823753356934 1.9862916469573975 1.953444242477417 1.4460320472717285 1.2864930629730225 0.7340312004089355 0.6197381019592285 
avg_run -1 8 2 1.786131400328416
al_time -1 8 2 0.04567766189575195 1.3893253803253174 0.0357513427734375 0.03664398193359375 0.040096282958984375 0.06217455863952637 0.04794812202453613 0.05728411674499512 0.0369873046875 0.038565874099731445 0.09169316291809082 2.0327260494232178 0.033493757247924805 
avg_all -1 8 2 0.30372058428250825
sum 0 9 2 60 42 
sum 1 9 2 180 71 
sum 2 9 2 240 83 
sum 3 9 2 360 94 
sum 4 9 2 540 114 
sum 5 9 2 600 117 
sum 6 9 2 1200 129 
sum 7 9 2 1500 129 
sum 8 9 2 1800 130 
sum 9 9 2 2100 133 
sum 10 9 2 2400 145 
sum 11 9 2 2700 153 
sum 12 9 2 3000 164 
miss fire 9 2 3 3 3 3 3 0 0 1 1 2 1 1 0 0 0 0 0 0 0 0 0 0 0 0 0 0 0 0 0 0 1 0 0 1 1 1 1 1 2 2 3 1 2 1 2 2 2 1 1 0 0 
miss human 9 2 13 11 7 6 6 5 5 4 4 6 2 3 2 2 0 0 0 0 0 0 0 0 0 0 0 0 0 0 0 0 0 0 0 0 0 0 0 0 0 0 0 0 0 0 0 0 0 0 0 0 0 
miss window 9 2 6 6 6 4 3 1 0 0 1 1 0 0 0 0 0 0 1 2 1 0 0 0 0 0 0 0 0 0 0 0 0 0 0 0 0 0 0 0 1 1 1 0 0 0 0 0 1 2 2 1 1 
acm fire 9 2 3 6 9 12 15 15 15 16 17 19 20 21 21 21 21 21 21 21 21 21 21 21 21 21 21 21 21 21 21 21 22 22 22 23 24 25 26 27 29 31 34 35 37 38 40 42 44 45 46 46 46 
acm human 9 2 13 24 31 37 43 48 53 57 61 67 69 72 74 76 76 76 76 76 76 76 76 76 76 76 76 76 76 76 76 76 76 76 76 76 76 76 76 76 76 76 76 76 76 76 76 76 76 76 76 76 76 
acm window 9 2 6 12 18 22 25 26 26 26 27 28 28 28 28 28 28 28 29 31 32 32 32 32 32 32 32 32 32 32 32 32 32 32 32 32 32 32 32 32 33 34 35 35 35 35 35 35 36 38 40 41 42 
tsim fire 9 2 3 3 3 4 4 4 4 5 5 6 6 6 6 6 6 6 6 6 6 6 6 6 6 6 6 6 6 6 6 6 7 7 7 6 6 6 6 6 7 8 9 9 10 10 11 12 12 12 12 12 12 
tsim human 9 2 13 11 11 10 10 9 9 9 9 11 9 8 7 7 6 6 6 6 6 6 6 6 6 6 6 6 6 6 6 6 6 6 6 6 6 6 6 6 6 6 6 6 6 6 6 6 6 6 6 6 6 
tsim window 9 2 6 6 6 6 6 6 6 6 7 9 9 9 9 9 9 9 10 11 11 11 11 11 11 11 11 11 11 11 11 11 11 11 11 11 11 11 11 11 12 12 12 12 12 12 12 19 20 21 21 21 21 
runtime -1 9 2 1.5728037357330322 1.6773161888122559 2.140214443206787 1.316572666168213 1.5259613990783691 1.777986764907837 1.42205810546875 1.2802824974060059 1.6883931159973145 1.2109920978546143 0.8333854675292969 0.5953118801116943 0.42064332962036133 0.08423137664794922 
avg_run -1 9 2 1.2532966477530343
al_time -1 9 2 0.039743900299072266 0.029824495315551758 1.0878534317016602 0.03404808044433594 0.03386378288269043 0.04757046699523926 0.041365623474121094 0.10346841812133789 0.03640031814575195 0.03568696975708008 0.03734469413757324 0.038506269454956055 2.3466691970825195 0.0520176887512207 
avg_all -1 9 2 0.28316880975450787
sum 0 10 2 60 42 
sum 1 10 2 180 64 
sum 2 10 2 240 73 
sum 3 10 2 360 82 
sum 4 10 2 540 102 
sum 5 10 2 600 104 
sum 6 10 2 1200 118 
sum 7 10 2 1500 118 
sum 8 10 2 1800 119 
sum 9 10 2 2100 121 
sum 10 10 2 2400 127 
sum 11 10 2 2700 133 
sum 12 10 2 3000 141 
miss fire 10 2 3 3 1 2 2 0 0 1 1 2 0 0 0 0 0 0 0 0 0 0 0 0 0 0 0 0 0 0 0 0 1 1 1 0 0 0 0 0 1 2 1 1 1 1 1 2 1 1 0 0 0 
miss human 10 2 13 11 5 4 4 4 4 4 4 6 2 3 2 2 1 1 0 0 0 0 0 0 0 0 0 0 0 0 0 0 0 0 0 0 0 0 0 0 0 0 0 0 0 0 0 0 0 0 0 0 0 
miss window 10 2 6 6 6 4 3 1 0 0 1 1 0 0 0 0 0 0 1 2 1 1 0 0 0 0 0 0 0 0 0 0 0 0 0 0 0 0 0 0 1 1 0 0 0 0 0 0 1 2 1 1 1 
acm fire 10 2 3 6 7 9 11 11 11 12 13 15 15 15 15 15 15 15 15 15 15 15 15 15 15 15 15 15 15 15 15 15 16 17 18 18 18 18 18 18 19 21 22 23 24 25 26 28 29 30 30 30 30 
acm human 10 2 13 24 29 33 37 41 45 49 53 59 61 64 66 68 69 70 70 70 70 70 70 70 70 70 70 70 70 70 70 70 70 70 70 70 70 70 70 70 70 70 70 70 70 70 70 70 70 70 70 70 70 
acm window 10 2 6 12 18 22 25 26 26 26 27 28 28 28 28 28 28 28 29 31 32 33 33 33 33 33 33 33 33 33 33 33 33 33 33 33 33 33 33 33 34 35 35 35 35 35 35 35 36 38 39 40 41 
tsim fire 10 2 3 3 3 4 4 4 4 5 5 6 6 6 6 6 6 6 6 6 6 6 6 6 6 6 6 6 6 6 6 6 7 7 7 6 6 6 6 6 7 8 9 9 10 10 11 12 12 12 12 12 12 
tsim human 10 2 13 11 11 10 10 9 9 9 9 11 9 8 7 7 6 6 6 6 6 6 6 6 6 6 6 6 6 6 6 6 6 6 6 6 6 6 6 6 6 6 6 6 6 6 6 6 6 6 6 6 6 
tsim window 10 2 6 6 6 6 6 6 6 6 7 9 9 9 9 9 9 9 10 11 11 11 11 11 11 11 11 11 11 11 11 11 11 11 11 11 11 11 11 11 12 12 12 12 12 12 12 19 20 21 21 21 21 
runtime -1 10 2 1.424403429031372 1.2093505859375 1.8922924995422363 2.0426676273345947 1.540773630142212 2.444763422012329 1.7900137901306152 1.6201772689819336 1.3218739032745361 1.4079482555389404 1.5951955318450928 1.094801664352417 1.1303188800811768 0.8417327404022217 0.10375046730041504 
avg_run -1 10 2 1.4306709130605062
al_time -1 10 2 0.039655447006225586 1.4303011894226074 0.03458905220031738 0.03348994255065918 0.03594374656677246 0.05434894561767578 0.06740903854370117 0.03960728645324707 0.048973798751831055 0.03716754913330078 0.037981510162353516 0.03841376304626465 0.03709888458251953 2.2208755016326904 0.0330357551574707 
avg_all -1 10 2 0.2792594273885091
random:3T:3000
sum 0 0 3 60 102 
sum 1 0 3 180 177 
sum 2 0 3 240 204 
sum 3 0 3 360 247 
sum 4 0 3 540 269 
sum 5 0 3 600 273 
sum 6 0 3 1200 326 
sum 7 0 3 1500 339 
sum 8 0 3 1800 348 
sum 9 0 3 2100 354 
sum 10 0 3 2400 363 
sum 11 0 3 2700 379 
sum 12 0 3 3000 385 
miss fire 0 3 3 4 2 2 2 2 2 1 0 0 2 2 2 2 1 1 0 0 0 0 0 0 0 1 0 0 0 1 1 0 0 0 0 1 1 2 1 1 0 0 2 2 2 0 0 0 0 0 0 0 0 
miss human 0 3 25 31 24 20 17 16 11 7 5 6 2 1 1 8 8 6 5 3 2 1 0 0 0 0 1 1 0 0 0 0 0 0 0 0 0 0 0 0 0 0 0 0 0 0 0 0 0 0 0 0 0 
miss window 0 3 17 22 17 10 8 7 5 2 1 0 0 1 1 1 1 1 1 1 0 1 2 2 2 2 2 2 2 2 1 1 1 0 0 0 1 1 1 1 1 1 1 1 2 3 3 3 3 2 1 0 0 
acm fire 0 3 3 7 9 11 13 15 17 18 18 18 20 22 24 26 27 28 28 28 28 28 28 28 28 29 29 29 29 30 31 31 31 31 31 32 33 35 36 37 37 37 39 41 43 43 43 43 43 43 43 43 43 
acm human 0 3 25 56 80 100 117 133 144 151 156 162 164 165 166 174 182 188 193 196 198 199 199 199 199 199 200 201 201 201 201 201 201 201 201 201 201 201 201 201 201 201 201 201 201 201 201 201 201 201 201 201 201 
acm window 0 3 17 39 56 66 74 81 86 88 89 89 89 90 91 92 93 94 95 96 96 97 99 101 103 105 107 109 111 113 114 115 116 116 116 116 117 118 119 120 121 122 123 124 126 129 132 135 138 140 141 141 141 
tsim fire 0 3 3 4 4 4 4 4 4 4 4 4 6 6 6 6 6 6 6 6 6 6 6 6 6 7 7 7 7 8 8 8 8 8 8 9 9 10 10 10 10 10 12 12 12 12 12 12 12 12 12 12 12 
tsim human 0 3 25 31 30 30 28 25 23 23 22 20 18 17 17 17 17 17 17 17 17 17 17 17 17 17 17 17 17 17 17 17 17 17 17 17 17 17 17 17 17 17 17 17 17 17 17 17 17 17 17 17 17 
tsim window 0 3 17 22 22 22 22 22 22 22 22 22 22 23 23 23 23 23 23 23 23 24 25 25 25 27 27 27 27 27 27 27 27 27 27 27 28 28 28 28 28 28 29 29 30 31 31 31 31 32 32 32 32 
runtime -1 0 3 1.2394423484802246 1.2258837223052979 1.2094504833221436 1.6247673034667969 1.111100435256958 1.1559219360351562 1.0567290782928467 
avg_run -1 0 3 1.2318993295942033
al_time -1 0 3 0.06235814094543457 0.07983160018920898 6.3641650676727295 0.07658600807189941 0.06441187858581543 0.11820435523986816 0.1556260585784912 
avg_all -1 0 3 0.9887404441833496
sum 0 1 3 60 102 
sum 1 1 3 180 187 
sum 2 1 3 240 222 
sum 3 1 3 360 274 
sum 4 1 3 540 327 
sum 5 1 3 600 342 
sum 6 1 3 1200 388 
sum 7 1 3 1500 391 
sum 8 1 3 1800 395 
sum 9 1 3 2100 401 
sum 10 1 3 2400 413 
sum 11 1 3 2700 428 
sum 12 1 3 3000 440 
miss fire 1 3 3 4 2 0 0 0 0 0 0 0 2 2 0 0 0 0 0 0 0 0 0 0 0 1 1 1 0 1 1 1 1 1 0 1 1 2 2 2 2 2 4 3 3 1 1 1 1 1 1 0 0 
miss human 1 3 25 31 23 19 15 11 8 8 5 6 7 8 7 6 6 1 1 0 0 0 0 0 0 0 0 0 0 0 0 0 0 0 0 0 0 0 0 0 0 0 0 0 0 0 0 0 0 0 0 0 0 
miss window 1 3 17 22 21 20 20 18 15 14 11 9 6 7 1 1 1 1 1 0 0 1 2 0 0 0 0 0 0 0 0 0 0 0 0 0 1 0 0 0 0 0 0 0 1 2 2 1 1 2 2 2 2 
acm fire 1 3 3 7 9 9 9 9 9 9 9 9 11 13 13 13 13 13 13 13 13 13 13 13 13 14 15 16 16 17 18 19 20 21 21 22 23 25 27 29 31 33 37 40 43 44 45 46 47 48 49 49 49 
acm human 1 3 25 56 79 98 113 124 132 140 145 151 158 166 173 179 185 186 187 187 187 187 187 187 187 187 187 187 187 187 187 187 187 187 187 187 187 187 187 187 187 187 187 187 187 187 187 187 187 187 187 187 187 
acm window 1 3 17 39 60 80 100 118 133 147 158 167 173 180 181 182 183 184 185 185 185 186 188 188 188 188 188 188 188 188 188 188 188 188 188 188 189 189 189 189 189 189 189 189 190 192 194 195 196 198 200 202 204 
tsim fire 1 3 3 4 4 4 4 4 4 4 4 4 6 6 6 6 6 6 6 6 6 6 6 6 6 7 7 7 7 8 8 8 8 8 8 9 9 10 10 10 10 10 12 12 12 12 12 12 12 12 12 12 12 
tsim human 1 3 25 31 30 30 28 25 23 23 22 20 18 17 17 17 17 17 17 17 17 17 17 17 17 17 17 17 17 17 17 17 17 17 17 17 17 17 17 17 17 17 17 17 17 17 17 17 17 17 17 17 17 
tsim window 1 3 17 22 22 22 22 22 22 22 22 22 22 23 23 23 23 23 23 23 23 24 25 25 25 27 27 27 27 27 27 27 27 27 27 27 28 28 28 28 28 28 29 29 30 31 31 31 31 32 32 32 32 
runtime -1 1 3 1.4833641052246094 18.411540508270264 13.52174162864685 17.708791494369507 19.15430760383606 15.002565860748291 14.349527597427368 12.527228355407715 6.663027048110962 
avg_run -1 1 3 13.20245491133796
al_time -1 1 3 0.06892848014831543 0.06264567375183105 0.053319692611694336 0.05307793617248535 2.4076240062713623 0.09092044830322266 0.0738976001739502 0.06906533241271973 0.07455801963806152 
avg_all -1 1 3 0.3282263543870714
sum 0 2 3 60 102 
sum 1 2 3 180 186 
sum 2 2 3 240 221 
sum 3 2 3 360 286 
sum 4 2 3 540 354 
sum 5 2 3 600 368 
sum 6 2 3 1200 448 
sum 7 2 3 1500 458 
sum 8 2 3 1800 472 
sum 9 2 3 2100 481 
sum 10 2 3 2400 486 
sum 11 2 3 2700 494 
sum 12 2 3 3000 503 
miss fire 2 3 3 4 4 3 3 3 3 3 3 2 2 2 1 1 1 0 0 0 0 0 0 0 0 1 1 1 1 2 2 2 2 2 2 1 1 2 1 1 1 0 2 2 0 0 0 0 0 0 0 0 0 
miss human 2 3 25 31 19 14 10 12 10 9 7 6 6 7 7 7 7 7 5 5 4 4 1 1 0 0 1 1 1 1 1 1 1 0 0 0 0 0 0 0 0 0 0 0 0 0 0 0 0 0 0 0 0 
miss window 2 3 17 22 22 22 22 20 17 15 12 11 6 7 3 2 1 1 1 1 1 2 2 2 1 1 0 0 0 0 0 0 0 0 0 0 1 0 0 0 0 0 0 0 1 2 2 1 1 2 2 2 2 
acm fire 2 3 3 7 11 14 17 20 23 26 29 31 33 35 36 37 38 38 38 38 38 38 38 38 38 39 40 41 42 44 46 48 50 52 54 55 56 58 59 60 61 61 63 65 65 65 65 65 65 65 65 65 65 
acm human 2 3 25 56 75 89 99 111 121 130 137 143 149 156 163 170 177 184 189 194 198 202 203 204 204 204 205 206 207 208 209 210 211 211 211 211 211 211 211 211 211 211 211 211 211 211 211 211 211 211 211 211 211 
acm window 2 3 17 39 61 83 105 125 142 157 169 180 186 193 196 198 199 200 201 202 203 205 207 209 210 211 211 211 211 211 211 211 211 211 211 211 212 212 212 212 212 212 212 212 213 215 217 218 219 221 223 225 227 
tsim fire 2 3 3 4 4 4 4 4 4 4 4 4 6 6 6 6 6 6 6 6 6 6 6 6 6 7 7 7 7 8 8 8 8 8 8 9 9 10 10 10 10 10 12 12 12 12 12 12 12 12 12 12 12 
tsim human 2 3 25 31 30 30 28 25 23 23 22 20 18 17 17 17 17 17 17 17 17 17 17 17 17 17 17 17 17 17 17 17 17 17 17 17 17 17 17 17 17 17 17 17 17 17 17 17 17 17 17 17 17 
tsim window 2 3 17 22 22 22 22 22 22 22 22 22 22 23 23 23 23 23 23 23 23 24 25 25 25 27 27 27 27 27 27 27 27 27 27 27 28 28 28 28 28 28 29 29 30 31 31 31 31 32 32 32 32 
runtime -1 2 3 33.648279905319214 49.29436421394348 22.567395448684692 18.017825603485107 18.84684467315674 14.555309295654297 15.102324724197388 17.932771921157837 16.01440715789795 16.21976613998413 18.852084159851074 
avg_run -1 2 3 21.913761203939263
al_time -1 2 3 0.07230281829833984 0.05968141555786133 0.06068110466003418 0.054268836975097656 0.05609774589538574 0.07166004180908203 2.416602611541748 0.06278300285339355 0.062369585037231445 0.06640863418579102 0.12572789192199707 
avg_all -1 2 3 0.2825985171578147
sum 0 3 3 60 102 
sum 1 3 3 180 190 
sum 2 3 3 240 222 
sum 3 3 3 360 287 
sum 4 3 3 540 361 
sum 5 3 3 600 379 
sum 6 3 3 1200 528 
sum 7 3 3 1500 581 
sum 8 3 3 1800 640 
sum 9 3 3 2100 697 
sum 10 3 3 2400 753 
sum 11 3 3 2700 820 
sum 12 3 3 3000 888 
miss fire 3 3 3 4 1 1 1 1 1 1 1 1 3 2 2 2 1 1 0 0 0 0 0 0 0 1 1 1 1 2 2 2 2 1 1 2 1 2 2 2 0 0 2 2 2 2 2 2 2 1 1 0 0 
miss human 3 3 25 31 22 20 10 10 12 12 12 7 5 12 8 5 5 5 5 5 0 0 2 1 1 0 0 0 0 0 0 0 0 0 0 0 0 0 0 0 0 0 0 0 0 0 0 0 0 0 0 0 0 
miss window 3 3 17 22 22 22 21 21 20 17 13 10 10 11 11 11 11 11 8 7 7 8 9 9 9 10 10 10 10 10 10 10 10 10 10 10 10 10 10 10 10 10 10 10 11 12 12 12 12 13 13 13 13 
acm fire 3 3 3 7 8 9 10 11 12 13 14 15 18 20 22 24 25 26 26 26 26 26 26 26 26 27 28 29 30 32 34 36 38 39 40 42 43 45 47 49 49 49 51 53 55 57 59 61 63 64 65 65 65 
acm human 3 3 25 56 78 98 108 118 130 142 154 161 166 178 186 191 196 201 206 211 211 211 213 214 215 215 215 215 215 215 215 215 215 215 215 215 215 215 215 215 215 215 215 215 215 215 215 215 215 215 215 215 215 
acm window 3 3 17 39 61 83 104 125 145 162 175 185 195 206 217 228 239 250 258 265 272 280 289 298 307 317 327 337 347 357 367 377 387 397 407 417 427 437 447 457 467 477 487 497 508 520 532 544 556 569 582 595 608 
tsim fire 3 3 3 4 4 4 4 4 4 4 4 4 6 6 6 6 6 6 6 6 6 6 6 6 6 7 7 7 7 8 8 8 8 8 8 9 9 10 10 10 10 10 12 12 12 12 12 12 12 12 12 12 12 
tsim human 3 3 25 31 30 30 28 25 23 23 22 20 18 17 17 17 17 17 17 17 17 17 17 17 17 17 17 17 17 17 17 17 17 17 17 17 17 17 17 17 17 17 17 17 17 17 17 17 17 17 17 17 17 
tsim window 3 3 17 22 22 22 22 22 22 22 22 22 22 23 23 23 23 23 23 23 23 24 25 25 25 27 27 27 27 27 27 27 27 27 27 27 28 28 28 28 28 28 29 29 30 31 31 31 31 32 32 32 32 
runtime -1 3 3 0.04129505157470703 0.041346073150634766 0.04136776924133301 0.04100680351257324 0.04317522048950195 0.04151129722595215 
avg_run -1 3 3 0.04161703586578369
al_time -1 3 3 0.07803726196289062 0.07700634002685547 0.0714561939239502 0.07606101036071777 0.07587909698486328 0.10365605354309082 
avg_all -1 3 3 0.08034932613372803
sum 0 4 3 60 102 
sum 1 4 3 180 187 
sum 2 4 3 240 225 
sum 3 4 3 360 281 
sum 4 4 3 540 340 
sum 5 4 3 600 356 
sum 6 4 3 1200 402 
sum 7 4 3 1500 405 
sum 8 4 3 1800 414 
sum 9 4 3 2100 425 
sum 10 4 3 2400 441 
sum 11 4 3 2700 456 
sum 12 4 3 3000 468 
miss fire 4 3 3 4 2 1 1 1 1 1 1 1 3 3 0 0 0 0 0 0 0 0 0 0 0 1 1 1 1 2 2 2 2 2 1 2 2 3 3 3 3 3 4 4 4 1 1 1 1 1 1 0 0 
miss human 4 3 25 31 22 19 17 12 9 9 6 7 7 8 6 6 6 1 1 0 0 0 0 0 0 0 0 0 0 0 0 0 0 0 0 0 0 0 0 0 0 0 0 0 0 0 0 0 0 0 0 0 0 
miss window 4 3 17 22 21 20 20 18 15 14 11 9 6 7 1 1 1 1 1 0 0 1 2 0 0 0 0 0 0 0 0 0 0 0 0 0 1 0 0 0 0 0 0 0 1 1 1 1 1 2 2 2 2 
acm fire 4 3 3 7 9 10 11 12 13 14 15 16 19 22 22 22 22 22 22 22 22 22 22 22 22 23 24 25 26 28 30 32 34 36 37 39 41 44 47 50 53 56 60 64 68 69 70 71 72 73 74 74 74 
acm human 4 3 25 56 78 97 114 126 135 144 150 157 164 172 178 184 190 191 192 192 192 192 192 192 192 192 192 192 192 192 192 192 192 192 192 192 192 192 192 192 192 192 192 192 192 192 192 192 192 192 192 192 192 
acm window 4 3 17 39 60 80 100 118 133 147 158 167 173 180 181 182 183 184 185 185 185 186 188 188 188 188 188 188 188 188 188 188 188 188 188 188 189 189 189 189 189 189 189 189 190 191 192 193 194 196 198 200 202 
tsim fire 4 3 3 4 4 4 4 4 4 4 4 4 6 6 6 6 6 6 6 6 6 6 6 6 6 7 7 7 7 8 8 8 8 8 8 9 9 10 10 10 10 10 12 12 12 12 12 12 12 12 12 12 12 
tsim human 4 3 25 31 30 30 28 25 23 23 22 20 18 17 17 17 17 17 17 17 17 17 17 17 17 17 17 17 17 17 17 17 17 17 17 17 17 17 17 17 17 17 17 17 17 17 17 17 17 17 17 17 17 
tsim window 4 3 17 22 22 22 22 22 22 22 22 22 22 23 23 23 23 23 23 23 23 24 25 25 25 27 27 27 27 27 27 27 27 27 27 27 28 28 28 28 28 28 29 29 30 31 31 31 31 32 32 32 32 
runtime -1 4 3 1.3140316009521484 16.100576877593994 13.806783676147461 16.67987895011902 17.12286376953125 16.04270625114441 11.040585994720459 17.041748523712158 7.499356746673584 
avg_run -1 4 3 12.960948043399387
al_time -1 4 3 0.07311344146728516 0.061388254165649414 0.05825924873352051 0.05541634559631348 0.0717318058013916 2.0750222206115723 0.07094120979309082 0.06526851654052734 0.07094717025756836 
avg_all -1 4 3 0.2891209125518799
sum 0 5 3 60 102 
sum 1 5 3 180 191 
sum 2 5 3 240 228 
sum 3 5 3 360 292 
sum 4 5 3 540 370 
sum 5 5 3 600 391 
sum 6 5 3 1200 461 
sum 7 5 3 1500 479 
sum 8 5 3 1800 498 
sum 9 5 3 2100 513 
sum 10 5 3 2400 531 
sum 11 5 3 2700 551 
sum 12 5 3 3000 560 
miss fire 5 3 3 4 2 2 2 2 2 2 2 2 4 4 3 2 0 0 0 0 0 0 0 0 0 1 1 1 1 2 2 2 2 2 2 2 2 3 3 2 2 2 4 4 4 1 1 1 1 1 1 0 0 
miss human 5 3 25 31 22 19 13 10 7 7 6 8 7 6 6 4 4 3 3 3 3 3 1 1 1 1 1 1 1 1 1 1 1 1 1 0 0 0 0 0 0 0 0 0 0 0 0 0 0 0 0 0 0 
miss window 5 3 17 22 22 22 22 22 21 20 18 13 10 11 6 4 1 0 0 0 0 1 2 2 2 2 2 2 2 2 1 0 0 0 0 0 1 1 1 1 1 1 1 1 2 2 2 2 2 1 1 1 1 
acm fire 5 3 3 7 9 11 13 15 17 19 21 23 27 31 34 36 36 36 36 36 36 36 36 36 36 37 38 39 40 42 44 46 48 50 52 54 56 59 62 64 66 68 72 76 80 81 82 83 84 85 86 86 86 
acm human 5 3 25 56 78 97 110 120 127 134 140 148 155 161 167 171 175 178 181 184 187 190 191 192 193 194 195 196 197 198 199 200 201 202 203 203 203 203 203 203 203 203 203 203 203 203 203 203 203 203 203 203 203 
acm window 5 3 17 39 61 83 105 127 148 168 186 199 209 220 226 230 231 231 231 231 231 232 234 236 238 240 242 244 246 248 249 249 249 249 249 249 250 251 252 253 254 255 256 257 259 261 263 265 267 268 269 270 271 
tsim fire 5 3 3 4 4 4 4 4 4 4 4 4 6 6 6 6 6 6 6 6 6 6 6 6 6 7 7 7 7 8 8 8 8 8 8 9 9 10 10 10 10 10 12 12 12 12 12 12 12 12 12 12 12 
tsim human 5 3 25 31 30 30 28 25 23 23 22 20 18 17 17 17 17 17 17 17 17 17 17 17 17 17 17 17 17 17 17 17 17 17 17 17 17 17 17 17 17 17 17 17 17 17 17 17 17 17 17 17 17 
tsim window 5 3 17 22 22 22 22 22 22 22 22 22 22 23 23 23 23 23 23 23 23 24 25 25 25 27 27 27 27 27 27 27 27 27 27 27 28 28 28 28 28 28 29 29 30 31 31 31 31 32 32 32 32 
runtime -1 5 3 25.655679941177368 70.91393733024597 13.916176319122314 14.635116338729858 17.38672709465027 15.026546001434326 20.468621969223022 
avg_run -1 5 3 25.428972142083303
al_time -1 5 3 0.06647062301635742 0.10104823112487793 0.10527276992797852 0.07108187675476074 0.060240983963012695 3.9742918014526367 0.07280111312866211 
avg_all -1 5 3 0.6358867713383266
sum 0 6 3 60 102 
sum 1 6 3 180 177 
sum 2 6 3 240 204 
sum 3 6 3 360 245 
sum 4 6 3 540 265 
sum 5 6 3 600 275 
sum 6 6 3 1200 360 
sum 7 6 3 1500 376 
sum 8 6 3 1800 387 
sum 9 6 3 2100 391 
sum 10 6 3 2400 398 
sum 11 6 3 2700 411 
sum 12 6 3 3000 425 
miss fire 6 3 3 4 2 2 2 2 2 1 0 0 2 2 2 2 2 1 1 1 1 0 0 0 0 1 1 1 0 1 1 1 0 0 0 1 0 1 1 1 1 1 3 3 1 1 1 1 1 1 1 1 1 
miss human 6 3 25 31 24 20 17 15 10 6 4 6 8 9 9 9 9 9 9 2 2 1 1 2 2 2 1 1 1 1 1 1 0 0 0 0 0 0 0 0 0 0 0 0 0 0 0 0 0 0 0 0 0 
miss window 6 3 17 22 17 10 8 7 5 2 1 0 0 1 1 1 1 1 1 1 1 2 3 1 1 1 1 1 1 1 1 1 0 0 0 0 1 1 0 0 0 0 0 0 1 2 2 1 1 2 2 2 2 
acm fire 6 3 3 7 9 11 13 15 17 18 18 18 20 22 24 26 28 29 30 31 32 32 32 32 32 33 34 35 35 36 37 38 38 38 38 39 39 40 41 42 43 44 47 50 51 52 53 54 55 56 57 58 59 
acm human 6 3 25 56 80 100 117 132 142 148 152 158 166 175 184 193 202 211 220 222 224 225 226 228 230 232 233 234 235 236 237 238 238 238 238 238 238 238 238 238 238 238 238 238 238 238 238 238 238 238 238 238 238 
acm window 6 3 17 39 56 66 74 81 86 88 89 89 89 90 91 92 93 94 95 96 97 99 102 103 104 105 106 107 108 109 110 111 111 111 111 111 112 113 113 113 113 113 113 113 114 116 118 119 120 122 124 126 128 
tsim fire 6 3 3 4 4 4 4 4 4 4 4 4 6 6 6 6 6 6 6 6 6 6 6 6 6 7 7 7 7 8 8 8 8 8 8 9 9 10 10 10 10 10 12 12 12 12 12 12 12 12 12 12 12 
tsim human 6 3 25 31 30 30 28 25 23 23 22 20 18 17 17 17 17 17 17 17 17 17 17 17 17 17 17 17 17 17 17 17 17 17 17 17 17 17 17 17 17 17 17 17 17 17 17 17 17 17 17 17 17 
tsim window 6 3 17 22 22 22 22 22 22 22 22 22 22 23 23 23 23 23 23 23 23 24 25 25 25 27 27 27 27 27 27 27 27 27 27 27 28 28 28 28 28 28 29 29 30 31 31 31 31 32 32 32 32 
runtime -1 6 3 34.676668882369995 19.07500982284546 19.294474840164185 17.727652072906494 16.038487195968628 18.614859104156494 14.771332263946533 17.050459384918213 15.662565469741821 16.74509286880493 
avg_run -1 6 3 18.965660190582277
al_time -1 6 3 0.06146121025085449 0.10984659194946289 0.0571749210357666 0.11498355865478516 1.9450182914733887 0.06540107727050781 0.06031179428100586 0.06121683120727539 0.07231783866882324 0.06365704536437988 
avg_all -1 6 3 0.261138916015625
sum 0 7 3 60 102 
sum 1 7 3 180 177 
sum 2 7 3 240 204 
sum 3 7 3 360 247 
sum 4 7 3 540 269 
sum 5 7 3 600 279 
sum 6 7 3 1200 364 
sum 7 7 3 1500 375 
sum 8 7 3 1800 379 
sum 9 7 3 2100 385 
sum 10 7 3 2400 394 
sum 11 7 3 2700 405 
sum 12 7 3 3000 414 
miss fire 7 3 3 4 2 2 2 2 2 1 0 0 2 2 2 2 2 1 1 1 1 1 1 1 1 1 1 1 1 1 1 1 0 0 0 1 1 2 2 1 1 0 2 2 1 1 0 0 0 0 0 0 0 
miss human 7 3 25 31 24 20 17 16 11 7 5 6 8 9 9 9 9 9 9 2 2 1 1 1 1 0 0 0 0 0 0 0 0 0 0 0 0 0 0 0 0 0 0 0 0 0 0 0 0 0 0 0 0 
miss window 7 3 17 22 17 10 8 7 5 2 1 0 0 1 1 1 1 1 1 1 1 1 2 1 1 1 1 0 0 0 0 0 0 0 0 0 1 1 1 1 1 0 0 0 1 2 2 2 1 2 2 2 2 
acm fire 7 3 3 7 9 11 13 15 17 18 18 18 20 22 24 26 28 29 30 31 32 33 34 35 36 37 38 39 40 41 42 43 43 43 43 44 45 47 49 50 51 51 53 55 56 57 57 57 57 57 57 57 57 
acm human 7 3 25 56 80 100 117 133 144 151 156 162 170 179 188 197 206 215 224 226 228 229 230 231 232 232 232 232 232 232 232 232 232 232 232 232 232 232 232 232 232 232 232 232 232 232 232 232 232 232 232 232 232 
acm window 7 3 17 39 56 66 74 81 86 88 89 89 89 90 91 92 93 94 95 96 97 98 100 101 102 103 104 104 104 104 104 104 104 104 104 104 105 106 107 108 109 109 109 109 110 112 114 116 117 119 121 123 125 
tsim fire 7 3 3 4 4 4 4 4 4 4 4 4 6 6 6 6 6 6 6 6 6 6 6 6 6 7 7 7 7 8 8 8 8 8 8 9 9 10 10 10 10 10 12 12 12 12 12 12 12 12 12 12 12 
tsim human 7 3 25 31 30 30 28 25 23 23 22 20 18 17 17 17 17 17 17 17 17 17 17 17 17 17 17 17 17 17 17 17 17 17 17 17 17 17 17 17 17 17 17 17 17 17 17 17 17 17 17 17 17 
tsim window 7 3 17 22 22 22 22 22 22 22 22 22 22 23 23 23 23 23 23 23 23 24 25 25 25 27 27 27 27 27 27 27 27 27 27 27 28 28 28 28 28 28 29 29 30 31 31 31 31 32 32 32 32 
runtime -1 7 3 7.412125110626221 3.3810131549835205 4.093559503555298 3.8370771408081055 2.56669020652771 2.7628941535949707 2.8453173637390137 3.821361780166626 3.2451605796813965 3.0235509872436523 3.5421290397644043 2.8251328468322754 3.47320294380188 
avg_run -1 7 3 3.6022472931788516
al_time -1 7 3 0.05965781211853027 0.058007240295410156 0.1047964096069336 0.05238509178161621 0.05399012565612793 0.05371975898742676 2.0041394233703613 0.06283354759216309 0.0700993537902832 0.06150031089782715 0.06472253799438477 0.0627753734588623 0.062425851821899414 
avg_all -1 7 3 0.21315791056706354
sum 0 8 3 60 102 
sum 1 8 3 180 184 
sum 2 8 3 240 219 
sum 3 8 3 360 284 
sum 4 8 3 540 356 
sum 5 8 3 600 372 
sum 6 8 3 1200 461 
sum 7 8 3 1500 469 
sum 8 8 3 1800 472 
sum 9 8 3 2100 478 
sum 10 8 3 2400 489 
sum 11 8 3 2700 496 
sum 12 8 3 3000 508 
miss fire 8 3 3 4 2 0 0 0 0 0 0 0 2 2 1 1 1 0 0 0 0 0 0 0 0 1 0 0 0 1 1 1 0 0 0 1 1 2 2 1 1 0 2 0 0 0 0 0 0 0 0 0 0 
miss human 8 3 25 31 21 15 13 15 13 13 12 9 8 9 9 8 8 8 6 6 4 4 1 1 1 1 0 0 0 0 0 0 0 0 0 0 0 0 0 0 0 0 0 0 0 0 0 0 0 0 0 0 0 
miss window 8 3 17 22 22 22 22 20 17 15 12 11 6 7 3 2 1 1 1 1 1 2 2 2 1 1 0 0 0 0 0 0 0 0 0 0 1 1 1 1 1 1 1 0 1 2 2 2 2 3 3 2 2 
acm fire 8 3 3 7 9 9 9 9 9 9 9 9 11 13 14 15 16 16 16 16 16 16 16 16 16 17 17 17 17 18 19 20 20 20 20 21 22 24 26 27 28 28 30 30 30 30 30 30 30 30 30 30 30 
acm human 8 3 25 56 77 92 105 120 133 146 158 167 175 184 193 201 209 217 223 229 233 237 238 239 240 241 241 241 241 241 241 241 241 241 241 241 241 241 241 241 241 241 241 241 241 241 241 241 241 241 241 241 241 
acm window 8 3 17 39 61 83 105 125 142 157 169 180 186 193 196 198 199 200 201 202 203 205 207 209 210 211 211 211 211 211 211 211 211 211 211 211 212 213 214 215 216 217 218 218 219 221 223 225 227 230 233 235 237 
tsim fire 8 3 3 4 4 4 4 4 4 4 4 4 6 6 6 6 6 6 6 6 6 6 6 6 6 7 7 7 7 8 8 8 8 8 8 9 9 10 10 10 10 10 12 12 12 12 12 12 12 12 12 12 12 
tsim human 8 3 25 31 30 30 28 25 23 23 22 20 18 17 17 17 17 17 17 17 17 17 17 17 17 17 17 17 17 17 17 17 17 17 17 17 17 17 17 17 17 17 17 17 17 17 17 17 17 17 17 17 17 
tsim window 8 3 17 22 22 22 22 22 22 22 22 22 22 23 23 23 23 23 23 23 23 24 25 25 25 27 27 27 27 27 27 27 27 27 27 27 28 28 28 28 28 28 29 29 30 31 31 31 31 32 32 32 32 
runtime -1 8 3 6.94268536567688 8.070976495742798 4.005235195159912 3.462646484375 4.133376121520996 3.2788798809051514 3.357055187225342 3.2387402057647705 3.457561492919922 3.692941427230835 3.376918077468872 4.065731763839722 
avg_run -1 8 3 4.25689564148585
al_time -1 8 3 0.12253355979919434 0.058545589447021484 0.05579257011413574 0.05491280555725098 0.05467677116394043 2.0010008811950684 0.06228184700012207 0.059235572814941406 0.0720980167388916 0.061426639556884766 0.06158280372619629 0.06905364990234375 
avg_all -1 8 3 0.22776172558466592
sum 0 9 3 60 102 
sum 1 9 3 180 180 
sum 2 9 3 240 213 
sum 3 9 3 360 269 
sum 4 9 3 540 326 
sum 5 9 3 600 341 
sum 6 9 3 1200 394 
sum 7 9 3 1500 397 
sum 8 9 3 1800 402 
sum 9 9 3 2100 408 
sum 10 9 3 2400 419 
sum 11 9 3 2700 427 
sum 12 9 3 3000 434 
miss fire 9 3 3 4 2 0 0 0 0 0 0 0 2 2 1 1 1 1 1 0 0 0 0 0 0 1 1 1 1 2 1 1 0 0 0 1 1 2 2 1 1 1 3 1 1 1 1 0 0 0 0 0 0 
miss human 9 3 25 31 19 16 13 13 10 10 6 7 7 8 7 7 7 1 1 0 0 0 0 0 0 0 0 0 0 0 0 0 0 0 0 0 0 0 0 0 0 0 0 0 0 0 0 0 0 0 0 0 0 
miss window 9 3 17 22 21 20 20 18 15 14 11 9 6 7 1 1 1 1 1 0 0 1 2 0 0 0 0 0 0 0 0 0 0 0 0 0 1 1 1 1 1 0 0 0 1 1 1 1 1 2 2 1 1 
acm fire 9 3 3 7 9 9 9 9 9 9 9 9 11 13 14 15 16 17 18 18 18 18 18 18 18 19 20 21 22 24 25 26 26 26 26 27 28 30 32 33 34 35 38 39 40 41 42 42 42 42 42 42 42 
acm human 9 3 25 56 75 91 104 117 127 137 143 150 157 165 172 179 186 187 188 188 188 188 188 188 188 188 188 188 188 188 188 188 188 188 188 188 188 188 188 188 188 188 188 188 188 188 188 188 188 188 188 188 188 
acm window 9 3 17 39 60 80 100 118 133 147 158 167 173 180 181 182 183 184 185 185 185 186 188 188 188 188 188 188 188 188 188 188 188 188 188 188 189 190 191 192 193 193 193 193 194 195 196 197 198 200 202 203 204 
tsim fire 9 3 3 4 4 4 4 4 4 4 4 4 6 6 6 6 6 6 6 6 6 6 6 6 6 7 7 7 7 8 8 8 8 8 8 9 9 10 10 10 10 10 12 12 12 12 12 12 12 12 12 12 12 
tsim human 9 3 25 31 30 30 28 25 23 23 22 20 18 17 17 17 17 17 17 17 17 17 17 17 17 17 17 17 17 17 17 17 17 17 17 17 17 17 17 17 17 17 17 17 17 17 17 17 17 17 17 17 17 
tsim window 9 3 17 22 22 22 22 22 22 22 22 22 22 23 23 23 23 23 23 23 23 24 25 25 25 27 27 27 27 27 27 27 27 27 27 27 28 28 28 28 28 28 29 29 30 31 31 31 31 32 32 32 32 
runtime -1 9 3 0.3390028476715088 3.7019197940826416 2.470392942428589 2.880221128463745 3.929576873779297 2.7762391567230225 2.5972800254821777 2.9402668476104736 2.374268054962158 1.1476798057556152 
avg_run -1 9 3 2.5156847476959228
al_time -1 9 3 0.06800985336303711 0.05389738082885742 0.05359840393066406 0.05219626426696777 0.0709829330444336 1.967376708984375 0.0700373649597168 0.06511712074279785 0.06760525703430176 0.09889578819274902 
avg_all -1 9 3 0.25677170753479006
