random:0T:3000
sum 0 0 0 60 81 
sum 1 0 0 180 141 
sum 2 0 0 240 164 
sum 3 0 0 360 193 
sum 4 0 0 540 221 
sum 5 0 0 600 230 
sum 6 0 0 1200 290 
sum 7 0 0 1500 310 
sum 8 0 0 1800 330 
sum 9 0 0 2100 352 
sum 10 0 0 2400 379 
sum 11 0 0 2700 417 
sum 12 0 0 3000 425 
miss fire 0 0 6 6 5 4 4 2 2 2 3 3 3 3 4 3 1 1 1 1 1 1 1 1 0 0 0 0 1 1 1 1 1 1 1 0 3 2 2 1 1 0 2 3 3 2 2 0 0 0 0 0 0 
miss human 0 0 25 24 19 16 12 8 6 6 5 6 5 4 4 3 3 3 2 0 0 0 0 0 0 0 0 0 0 0 0 0 0 0 0 0 0 0 0 0 0 0 0 0 0 0 0 0 0 0 0 0 0 
miss window 0 0 10 10 9 7 7 6 5 2 1 0 1 1 1 1 1 2 3 3 4 3 5 5 4 4 3 3 3 3 3 3 3 3 3 3 3 3 3 3 5 5 5 6 5 6 6 5 5 3 0 0 0 
acm fire 0 0 6 12 17 21 25 27 29 31 34 37 40 43 47 50 51 52 53 54 55 56 57 58 58 58 58 58 59 60 61 62 63 64 65 65 68 70 72 73 74 74 76 79 82 84 86 86 86 86 86 86 86 
acm human 0 0 25 49 68 84 96 104 110 116 121 127 132 136 140 143 146 149 151 151 151 151 151 151 151 151 151 151 151 151 151 151 151 151 151 151 151 151 151 151 151 151 151 151 151 151 151 151 151 151 151 151 151 
acm window 0 0 10 20 29 36 43 49 54 56 57 57 58 59 60 61 62 64 67 70 74 77 82 87 91 95 98 101 104 107 110 113 116 119 122 125 128 131 134 137 142 147 152 158 163 169 175 180 185 188 188 188 188 
tsim fire 0 0 6 6 6 6 6 6 6 8 9 9 9 9 11 11 11 11 11 11 11 11 11 11 11 11 11 11 12 12 12 12 13 13 13 13 16 16 16 16 16 16 18 19 19 19 19 19 19 19 19 19 19 
tsim human 0 0 25 24 23 23 22 21 21 19 19 18 16 15 14 14 13 13 13 13 13 13 13 13 13 13 13 13 13 13 13 13 13 13 13 13 13 13 13 13 13 13 13 13 13 13 13 13 13 13 13 13 13 
tsim window 0 0 10 10 10 10 10 10 10 10 10 10 11 11 14 14 14 15 16 16 17 17 19 19 19 19 19 19 21 21 21 21 21 21 21 21 21 21 21 21 23 23 23 24 24 25 25 26 26 26 26 28 28 
runtime -1 0 0 0.5728952884674072 0.4356977939605713 0.48975467681884766 0.46771788597106934 0.48551368713378906 0.5283339023590088 0.5652222633361816 0.58260178565979 0.5298361778259277 0.6082601547241211 0.40737104415893555 0.32410573959350586 
avg_run -1 0 0 0.4997758666674296
al_time -1 0 0 0.029413461685180664 0.036889076232910156 0.02980184555053711 0.03202342987060547 0.8779704570770264 0.03666853904724121 0.03309273719787598 0.0604403018951416 0.035102128982543945 0.038474321365356445 0.035837650299072266 0.03321647644042969 
avg_all -1 0 0 0.10657753547032674
sum 0 1 0 60 81 
sum 1 1 0 180 127 
sum 2 1 0 240 145 
sum 3 1 0 360 174 
sum 4 1 0 540 201 
sum 5 1 0 600 210 
sum 6 1 0 1200 261 
sum 7 1 0 1500 267 
sum 8 1 0 1800 273 
sum 9 1 0 2100 287 
sum 10 1 0 2400 309 
sum 11 1 0 2700 338 
sum 12 1 0 3000 349 
miss fire 1 0 6 6 5 3 3 3 2 2 3 3 3 3 4 4 2 0 0 0 0 0 0 0 0 0 0 0 1 1 1 1 2 2 2 2 4 4 4 3 3 2 4 4 4 4 3 3 1 1 0 0 0 
miss human 1 0 25 24 11 9 8 7 7 6 5 5 4 3 2 2 3 3 1 1 0 0 0 0 0 0 0 0 0 0 0 0 0 0 0 0 0 0 0 0 0 0 0 0 0 0 0 0 0 0 0 0 0 
miss window 1 0 10 10 10 8 7 6 4 1 1 1 2 2 2 2 1 2 3 3 3 3 2 2 2 2 0 0 0 0 0 0 0 0 0 0 0 0 0 0 2 2 2 2 2 2 2 3 1 1 1 3 3 
acm fire 1 0 6 12 17 20 23 26 28 30 33 36 39 42 46 50 52 52 52 52 52 52 52 52 52 52 52 52 53 54 55 56 58 60 62 64 68 72 76 79 82 84 88 92 96 100 103 106 107 108 108 108 108 
acm human 1 0 25 49 60 69 77 84 91 97 102 107 111 114 116 118 121 124 125 126 126 126 126 126 126 126 126 126 126 126 126 126 126 126 126 126 126 126 126 126 126 126 126 126 126 126 126 126 126 126 126 126 126 
acm window 1 0 10 20 30 38 45 51 55 56 57 58 60 62 64 66 67 69 72 75 78 81 83 85 87 89 89 89 89 89 89 89 89 89 89 89 89 89 89 89 91 93 95 97 99 101 103 106 107 108 109 112 115 
tsim fire 1 0 6 6 6 6 6 6 6 8 9 9 9 9 11 11 11 11 11 11 11 11 11 11 11 11 11 11 12 12 12 12 13 13 13 13 16 16 16 16 16 16 18 19 19 19 19 19 19 19 19 19 19 
tsim human 1 0 25 24 23 23 22 21 21 19 19 18 16 15 14 14 13 13 13 13 13 13 13 13 13 13 13 13 13 13 13 13 13 13 13 13 13 13 13 13 13 13 13 13 13 13 13 13 13 13 13 13 13 
tsim window 1 0 10 10 10 10 10 10 10 10 10 10 11 11 14 14 14 15 16 16 17 17 19 19 19 19 19 19 21 21 21 21 21 21 21 21 21 21 21 21 23 23 23 24 24 25 25 26 26 26 26 28 28 
runtime -1 1 0 1.1966533660888672 7.9628586769104 5.79211688041687 10.285799026489258 11.404974222183228 8.726426124572754 11.832334041595459 11.734073877334595 10.057551622390747 5.203640699386597 5.42420768737793 4.072793960571289 2.4761807918548584 
avg_run -1 1 0 7.39766238285945
al_time -1 1 0 0.033362627029418945 0.03237032890319824 0.05677652359008789 0.054083824157714844 0.11220979690551758 0.8489327430725098 0.06223893165588379 0.05855989456176758 0.03091907501220703 0.06410098075866699 0.06287813186645508 0.06437897682189941 0.043190717697143555 
avg_all -1 1 0 0.11723096554095928
sum 0 2 0 60 81 
sum 1 2 0 180 130 
sum 2 2 0 240 152 
sum 3 2 0 360 190 
sum 4 2 0 540 237 
sum 5 2 0 600 247 
sum 6 2 0 1200 311 
sum 7 2 0 1500 315 
sum 8 2 0 1800 321 
sum 9 2 0 2100 330 
sum 10 2 0 2400 340 
sum 11 2 0 2700 366 
sum 12 2 0 3000 385 
miss fire 2 0 6 6 4 2 2 2 2 4 5 5 2 2 2 2 2 2 2 2 1 1 0 0 0 0 0 0 1 1 1 1 2 1 1 1 4 2 2 0 0 0 2 3 3 3 1 1 1 1 1 1 1 
miss human 2 0 25 24 12 11 10 9 9 9 9 7 6 5 4 4 4 4 2 2 2 2 0 0 0 0 0 0 0 0 0 0 0 0 0 0 0 0 0 0 0 0 0 0 0 0 0 0 0 0 0 0 0 
miss window 2 0 10 10 10 10 10 10 6 4 2 2 2 2 1 1 0 1 2 2 3 3 4 4 0 0 0 0 0 0 0 0 0 0 0 0 0 0 0 0 2 2 2 3 2 3 3 4 3 3 2 3 3 
acm fire 2 0 6 12 16 18 20 22 24 28 33 38 40 42 44 46 48 50 52 54 55 56 56 56 56 56 56 56 57 58 59 60 62 63 64 65 69 71 73 73 73 73 75 78 81 84 85 86 87 88 89 90 91 
acm human 2 0 25 49 61 72 82 91 100 109 118 125 131 136 140 144 148 152 154 156 158 160 160 160 160 160 160 160 160 160 160 160 160 160 160 160 160 160 160 160 160 160 160 160 160 160 160 160 160 160 160 160 160 
acm window 2 0 10 20 30 40 50 60 66 70 72 74 76 78 79 80 80 81 83 85 88 91 95 99 99 99 99 99 99 99 99 99 99 99 99 99 99 99 99 99 101 103 105 108 110 113 116 120 123 126 128 131 134 
tsim fire 2 0 6 6 6 6 6 6 6 8 9 9 9 9 11 11 11 11 11 11 11 11 11 11 11 11 11 11 12 12 12 12 13 13 13 13 16 16 16 16 16 16 18 19 19 19 19 19 19 19 19 19 19 
tsim human 2 0 25 24 23 23 22 21 21 19 19 18 16 15 14 14 13 13 13 13 13 13 13 13 13 13 13 13 13 13 13 13 13 13 13 13 13 13 13 13 13 13 13 13 13 13 13 13 13 13 13 13 13 
tsim window 2 0 10 10 10 10 10 10 10 10 10 10 11 11 14 14 14 15 16 16 17 17 19 19 19 19 19 19 21 21 21 21 21 21 21 21 21 21 21 21 23 23 23 24 24 25 25 26 26 26 26 28 28 
runtime -1 2 0 23.519975900650024 29.36278247833252 15.450611591339111 9.924596786499023 13.571125268936157 13.847426891326904 14.265427350997925 6.029177188873291 11.706695795059204 7.594910621643066 
avg_run -1 2 0 14.527272987365723
al_time -1 2 0 0.1087794303894043 0.05703473091125488 0.055419921875 0.029492855072021484 0.055718421936035156 1.7477400302886963 0.035593271255493164 0.06671667098999023 0.07723879814147949 0.056388139724731445 
avg_all -1 2 0 0.22901222705841065
sum 0 3 0 60 81 
sum 1 3 0 180 136 
sum 2 3 0 240 156 
sum 3 3 0 360 189 
sum 4 3 0 540 235 
sum 5 3 0 600 248 
sum 6 3 0 1200 329 
sum 7 3 0 1500 354 
sum 8 3 0 1800 366 
sum 9 3 0 2100 382 
sum 10 3 0 2400 404 
sum 11 3 0 2700 437 
sum 12 3 0 3000 467 
miss fire 3 0 6 6 4 3 1 1 1 3 4 3 3 0 2 2 2 2 2 0 0 0 0 0 0 0 0 0 1 1 1 1 2 1 1 1 4 4 4 4 1 0 2 3 3 3 3 1 1 0 0 0 0 
miss human 3 0 25 24 15 13 9 8 7 7 7 8 6 6 5 5 4 4 3 1 0 0 0 0 0 0 0 0 0 0 0 0 0 0 0 0 0 0 0 0 0 0 0 0 0 0 0 0 0 0 0 0 0 
miss window 3 0 10 10 10 10 10 9 7 7 4 3 4 4 5 5 3 4 4 4 4 4 6 6 6 5 4 4 2 1 1 1 1 1 1 1 1 1 1 1 3 3 3 4 3 4 4 5 5 5 5 7 7 
acm fire 3 0 6 12 16 19 20 21 22 25 29 32 35 35 37 39 41 43 45 45 45 45 45 45 45 45 45 45 46 47 48 49 51 52 53 54 58 62 66 70 71 71 73 76 79 82 85 86 87 87 87 87 87 
acm human 3 0 25 49 64 77 86 94 101 108 115 123 129 135 140 145 149 153 156 157 157 157 157 157 157 157 157 157 157 157 157 157 157 157 157 157 157 157 157 157 157 157 157 157 157 157 157 157 157 157 157 157 157 
acm window 3 0 10 20 30 40 50 59 66 73 77 80 84 88 93 98 101 105 109 113 117 121 127 133 139 144 148 152 154 155 156 157 158 159 160 161 162 163 164 165 168 171 174 178 181 185 189 194 199 204 209 216 223 
tsim fire 3 0 6 6 6 6 6 6 6 8 9 9 9 9 11 11 11 11 11 11 11 11 11 11 11 11 11 11 12 12 12 12 13 13 13 13 16 16 16 16 16 16 18 19 19 19 19 19 19 19 19 19 19 
tsim human 3 0 25 24 23 23 22 21 21 19 19 18 16 15 14 14 13 13 13 13 13 13 13 13 13 13 13 13 13 13 13 13 13 13 13 13 13 13 13 13 13 13 13 13 13 13 13 13 13 13 13 13 13 
tsim window 3 0 10 10 10 10 10 10 10 10 10 10 11 11 14 14 14 15 16 16 17 17 19 19 19 19 19 19 21 21 21 21 21 21 21 21 21 21 21 21 23 23 23 24 24 25 25 26 26 26 26 28 28 
runtime -1 3 0 0.04016423225402832 0.06699061393737793 0.04042983055114746 0.040117502212524414 0.040421485900878906 0.040130615234375 
avg_run -1 3 0 0.04470904668172201
al_time -1 3 0 0.06733441352844238 0.06475186347961426 0.0643150806427002 0.06470727920532227 0.06470060348510742 0.05414128303527832 
avg_all -1 3 0 0.06332508722941081
sum 0 4 0 60 81 
sum 1 4 0 180 129 
sum 2 4 0 240 148 
sum 3 4 0 360 179 
sum 4 4 0 540 216 
sum 5 4 0 600 225 
sum 6 4 0 1200 268 
sum 7 4 0 1500 275 
sum 8 4 0 1800 281 
sum 9 4 0 2100 289 
sum 10 4 0 2400 302 
sum 11 4 0 2700 324 
sum 12 4 0 3000 337 
miss fire 4 0 6 6 4 2 2 2 1 2 3 3 2 2 3 3 1 0 0 0 0 0 0 0 0 0 0 0 1 1 1 1 2 2 0 0 3 3 3 1 1 0 2 3 3 3 2 2 2 2 2 0 0 
miss human 4 0 25 24 13 11 10 9 9 9 8 9 5 4 4 3 3 1 1 0 0 0 0 0 0 0 0 0 0 0 0 0 0 0 0 0 0 0 0 0 0 0 0 0 0 0 0 0 0 0 0 0 0 
miss window 4 0 10 10 10 8 7 6 4 1 1 1 2 2 2 2 0 1 2 1 2 2 4 4 3 0 0 0 0 0 0 0 0 0 0 0 0 0 0 0 2 2 2 1 1 2 2 3 2 1 0 2 2 
acm fire 4 0 6 12 16 18 20 22 23 25 28 31 33 35 38 41 42 42 42 42 42 42 42 42 42 42 42 42 43 44 45 46 48 50 50 50 53 56 59 60 61 61 63 66 69 72 74 76 78 80 82 82 82 
acm human 4 0 25 49 62 73 83 92 101 110 118 127 132 136 140 143 146 147 148 148 148 148 148 148 148 148 148 148 148 148 148 148 148 148 148 148 148 148 148 148 148 148 148 148 148 148 148 148 148 148 148 148 148 
acm window 4 0 10 20 30 38 45 51 55 56 57 58 60 62 64 66 66 67 69 70 72 74 78 82 85 85 85 85 85 85 85 85 85 85 85 85 85 85 85 85 87 89 91 92 93 95 97 100 102 103 103 105 107 
tsim fire 4 0 6 6 6 6 6 6 6 8 9 9 9 9 11 11 11 11 11 11 11 11 11 11 11 11 11 11 12 12 12 12 13 13 13 13 16 16 16 16 16 16 18 19 19 19 19 19 19 19 19 19 19 
tsim human 4 0 25 24 23 23 22 21 21 19 19 18 16 15 14 14 13 13 13 13 13 13 13 13 13 13 13 13 13 13 13 13 13 13 13 13 13 13 13 13 13 13 13 13 13 13 13 13 13 13 13 13 13 
tsim window 4 0 10 10 10 10 10 10 10 10 10 10 11 11 14 14 14 15 16 16 17 17 19 19 19 19 19 19 21 21 21 21 21 21 21 21 21 21 21 21 23 23 23 24 24 25 25 26 26 26 26 28 28 
runtime -1 4 0 2.3734138011932373 10.337151527404785 7.456980466842651 8.518076419830322 10.752129316329956 5.735293626785278 8.264193296432495 9.2074716091156 8.790362119674683 6.65579891204834 1.297938346862793 
avg_run -1 4 0 7.217164494774559
al_time -1 4 0 0.06430506706237793 0.03242683410644531 0.02873706817626953 0.02829909324645996 0.03557920455932617 1.6439554691314697 0.03707313537597656 0.03314208984375 0.07103991508483887 0.07500338554382324 0.059706687927246094 
avg_all -1 4 0 0.19175163182345303
sum 0 5 0 60 81 
sum 1 5 0 180 136 
sum 2 5 0 240 158 
sum 3 5 0 360 192 
sum 4 5 0 540 244 
sum 5 5 0 600 257 
sum 6 5 0 1200 353 
sum 7 5 0 1500 389 
sum 8 5 0 1800 408 
sum 9 5 0 2100 422 
sum 10 5 0 2400 439 
sum 11 5 0 2700 466 
sum 12 5 0 3000 480 
miss fire 5 0 6 6 4 4 3 1 0 2 2 2 2 2 4 3 3 3 3 3 1 1 1 1 1 1 1 1 1 1 1 1 2 2 2 2 5 3 3 2 2 2 4 5 4 4 1 1 1 1 1 1 1 
miss human 5 0 25 24 14 13 9 7 6 6 6 6 4 3 3 3 4 4 3 3 3 3 1 1 0 0 0 0 0 0 0 0 0 0 0 0 0 0 0 0 0 0 0 0 0 0 0 0 0 0 0 0 0 
miss window 5 0 10 10 10 10 10 10 10 10 9 9 7 7 5 3 2 3 4 4 4 4 6 6 6 6 6 6 6 6 1 0 0 0 0 0 0 0 0 0 2 1 1 2 2 3 2 3 1 1 1 3 3 
acm fire 5 0 6 12 16 20 23 24 24 26 28 30 32 34 38 41 44 47 50 53 54 55 56 57 58 59 60 61 62 63 64 65 67 69 71 73 78 81 84 86 88 90 94 99 103 107 108 109 110 111 112 113 114 
acm human 5 0 25 49 63 76 85 92 98 104 110 116 120 123 126 129 133 137 140 143 146 149 150 151 151 151 151 151 151 151 151 151 151 151 151 151 151 151 151 151 151 151 151 151 151 151 151 151 151 151 151 151 151 
acm window 5 0 10 20 30 40 50 60 70 80 89 98 105 112 117 120 122 125 129 133 137 141 147 153 159 165 171 177 183 189 190 190 190 190 190 190 190 190 190 190 192 193 194 196 198 201 203 206 207 208 209 212 215 
tsim fire 5 0 6 6 6 6 6 6 6 8 9 9 9 9 11 11 11 11 11 11 11 11 11 11 11 11 11 11 12 12 12 12 13 13 13 13 16 16 16 16 16 16 18 19 19 19 19 19 19 19 19 19 19 
tsim human 5 0 25 24 23 23 22 21 21 19 19 18 16 15 14 14 13 13 13 13 13 13 13 13 13 13 13 13 13 13 13 13 13 13 13 13 13 13 13 13 13 13 13 13 13 13 13 13 13 13 13 13 13 
tsim window 5 0 10 10 10 10 10 10 10 10 10 10 11 11 14 14 14 15 16 16 17 17 19 19 19 19 19 19 21 21 21 21 21 21 21 21 21 21 21 21 23 23 23 24 24 25 25 26 26 26 26 28 28 
runtime -1 5 0 17.346314430236816 31.89911127090454 11.836670637130737 8.796942949295044 8.34431004524231 7.406309127807617 6.521829605102539 10.570904731750488 8.728567838668823 5.981805086135864 
avg_run -1 5 0 11.743276572227478
al_time -1 5 0 0.062070608139038086 0.07004141807556152 0.02604508399963379 0.05350136756896973 0.05573415756225586 1.0021865367889404 0.03129768371582031 0.07102060317993164 0.06329011917114258 0.03009510040283203 
avg_all -1 5 0 0.1465282678604126
sum 0 6 0 60 81 
sum 1 6 0 180 139 
sum 2 6 0 240 162 
sum 3 6 0 360 193 
sum 4 6 0 540 222 
sum 5 6 0 600 230 
sum 6 6 0 1200 276 
sum 7 6 0 1500 281 
sum 8 6 0 1800 284 
sum 9 6 0 2100 294 
sum 10 6 0 2400 307 
sum 11 6 0 2700 333 
sum 12 6 0 3000 341 
miss fire 6 0 6 6 5 4 4 3 3 3 3 3 1 1 3 2 2 1 1 0 0 0 0 0 0 0 0 0 1 1 0 0 1 1 1 1 4 3 3 1 1 1 3 4 3 3 1 1 1 0 0 0 0 
miss human 6 0 25 24 18 15 12 8 6 6 5 6 6 5 4 2 3 2 2 1 1 1 0 0 1 1 0 0 0 0 0 0 0 0 0 0 0 0 0 0 0 0 0 0 0 0 0 0 0 0 0 0 0 
miss window 6 0 10 10 9 7 7 6 5 2 1 0 1 1 1 1 1 1 2 1 2 2 3 3 0 0 0 0 0 0 0 0 0 0 0 0 0 0 0 0 2 1 1 2 2 3 3 4 1 1 1 2 2 
acm fire 6 0 6 12 17 21 25 28 31 34 37 40 41 42 45 47 49 50 51 51 51 51 51 51 51 51 51 51 52 53 53 53 54 55 56 57 61 64 67 68 69 70 73 77 80 83 84 85 86 86 86 86 86 
acm human 6 0 25 49 67 82 94 102 108 114 119 125 131 136 140 142 145 147 149 150 151 152 152 152 153 154 154 154 154 154 154 154 154 154 154 154 154 154 154 154 154 154 154 154 154 154 154 154 154 154 154 154 154 
acm window 6 0 10 20 29 36 43 49 54 56 57 57 58 59 60 61 62 63 65 66 68 70 73 76 76 76 76 76 76 76 76 76 76 76 76 76 76 76 76 76 78 79 80 82 84 87 90 94 95 96 97 99 101 
tsim fire 6 0 6 6 6 6 6 6 6 8 9 9 9 9 11 11 11 11 11 11 11 11 11 11 11 11 11 11 12 12 12 12 13 13 13 13 16 16 16 16 16 16 18 19 19 19 19 19 19 19 19 19 19 
tsim human 6 0 25 24 23 23 22 21 21 19 19 18 16 15 14 14 13 13 13 13 13 13 13 13 13 13 13 13 13 13 13 13 13 13 13 13 13 13 13 13 13 13 13 13 13 13 13 13 13 13 13 13 13 
tsim window 6 0 10 10 10 10 10 10 10 10 10 10 11 11 14 14 14 15 16 16 17 17 19 19 19 19 19 19 21 21 21 21 21 21 21 21 21 21 21 21 23 23 23 24 24 25 25 26 26 26 26 28 28 
runtime -1 6 0 29.123074054718018 13.979706287384033 16.559940099716187 16.257404565811157 11.407392978668213 16.257184982299805 11.609177589416504 13.59222936630249 14.766393184661865 6.985149383544922 6.353099346160889 6.021127462387085 1.703951120376587 
avg_run -1 6 0 12.662756186265211
al_time -1 6 0 0.055513858795166016 0.027873754501342773 0.02778029441833496 0.030354022979736328 0.060370683670043945 0.061730146408081055 1.5686535835266113 0.038951873779296875 0.0657646656036377 0.035620927810668945 0.06507205963134766 0.03543519973754883 0.02648472785949707 
avg_all -1 6 0 0.16150813836317796
sum 0 7 0 60 81 
sum 1 7 0 180 141 
sum 2 7 0 240 164 
sum 3 7 0 360 195 
sum 4 7 0 540 222 
sum 5 7 0 600 228 
sum 6 7 0 1200 292 
sum 7 7 0 1500 303 
sum 8 7 0 1800 310 
sum 9 7 0 2100 320 
sum 10 7 0 2400 337 
sum 11 7 0 2700 361 
sum 12 7 0 3000 376 
miss fire 7 0 6 6 5 4 4 2 2 2 3 2 0 0 2 2 2 2 2 2 1 1 1 1 1 1 1 0 1 1 1 1 2 2 1 1 3 3 3 2 2 1 3 4 2 2 1 1 1 1 1 1 1 
miss human 7 0 25 24 19 16 12 9 7 6 5 6 5 4 4 4 5 5 2 2 1 1 2 0 0 0 0 0 0 0 0 0 0 0 0 0 0 0 0 0 0 0 0 0 0 0 0 0 0 0 0 0 0 
miss window 7 0 10 10 9 7 7 6 5 2 1 0 1 1 1 1 1 2 3 3 2 2 3 2 2 1 1 1 1 0 0 0 0 0 0 0 0 0 0 0 2 2 2 2 2 3 3 4 2 1 1 3 3 
acm fire 7 0 6 12 17 21 25 27 29 31 34 36 36 36 38 40 42 44 46 48 49 50 51 52 53 54 55 55 56 57 58 59 61 63 64 65 68 71 74 76 78 79 82 86 88 90 91 92 93 94 95 96 97 
acm human 7 0 25 49 68 84 96 105 112 118 123 129 134 138 142 146 151 156 158 160 161 162 164 164 164 164 164 164 164 164 164 164 164 164 164 164 164 164 164 164 164 164 164 164 164 164 164 164 164 164 164 164 164 
acm window 7 0 10 20 29 36 43 49 54 56 57 57 58 59 60 61 62 64 67 70 72 74 77 79 81 82 83 84 85 85 85 85 85 85 85 85 85 85 85 85 87 89 91 93 95 98 101 105 107 108 109 112 115 
tsim fire 7 0 6 6 6 6 6 6 6 8 9 9 9 9 11 11 11 11 11 11 11 11 11 11 11 11 11 11 12 12 12 12 13 13 13 13 16 16 16 16 16 16 18 19 19 19 19 19 19 19 19 19 19 
tsim human 7 0 25 24 23 23 22 21 21 19 19 18 16 15 14 14 13 13 13 13 13 13 13 13 13 13 13 13 13 13 13 13 13 13 13 13 13 13 13 13 13 13 13 13 13 13 13 13 13 13 13 13 13 
tsim window 7 0 10 10 10 10 10 10 10 10 10 10 11 11 14 14 14 15 16 16 17 17 19 19 19 19 19 19 21 21 21 21 21 21 21 21 21 21 21 21 23 23 23 24 24 25 25 26 26 26 26 28 28 
runtime -1 7 0 4.309594392776489 1.3893284797668457 1.7764651775360107 2.126091480255127 2.915773391723633 1.4772846698760986 1.3981459140777588 1.429943561553955 1.8093540668487549 2.7122349739074707 2.5801970958709717 2.1746866703033447 1.631397008895874 
avg_run -1 7 0 2.1331151448763332
al_time -1 7 0 0.028626680374145508 0.0292813777923584 0.028772354125976562 0.05686640739440918 0.0288846492767334 0.028607845306396484 0.03706049919128418 0.8618423938751221 0.0981144905090332 0.06251168251037598 0.06479310989379883 0.06215476989746094 0.05800604820251465 
avg_all -1 7 0 0.11119402371920072
sum 0 8 0 60 81 
sum 1 8 0 180 130 
sum 2 8 0 240 152 
sum 3 8 0 360 189 
sum 4 8 0 540 227 
sum 5 8 0 600 237 
sum 6 8 0 1200 300 
sum 7 8 0 1500 304 
sum 8 8 0 1800 310 
sum 9 8 0 2100 324 
sum 10 8 0 2400 337 
sum 11 8 0 2700 360 
sum 12 8 0 3000 376 
miss fire 8 0 6 6 4 3 3 3 2 3 2 2 1 1 2 2 2 2 2 2 1 1 0 0 0 0 0 0 1 1 1 1 2 2 2 2 4 4 3 3 0 0 2 3 2 2 1 1 0 0 0 0 0 
miss human 8 0 25 24 12 10 9 8 8 8 7 8 7 6 4 3 4 4 2 2 2 2 0 0 0 0 0 0 0 0 0 0 0 0 0 0 0 0 0 0 0 0 0 0 0 0 0 0 0 0 0 0 0 
miss window 8 0 10 10 10 10 10 10 6 4 2 2 2 2 1 1 0 1 2 2 3 3 4 4 0 0 0 0 0 0 0 0 0 0 0 0 0 0 0 0 2 2 1 2 2 3 3 4 3 3 2 4 4 
acm fire 8 0 6 12 16 19 22 25 27 30 32 34 35 36 38 40 42 44 46 48 49 50 50 50 50 50 50 50 51 52 53 54 56 58 60 62 66 70 73 76 76 76 78 81 83 85 86 87 87 87 87 87 87 
acm human 8 0 25 49 61 71 80 88 96 104 111 119 126 132 136 139 143 147 149 151 153 155 155 155 155 155 155 155 155 155 155 155 155 155 155 155 155 155 155 155 155 155 155 155 155 155 155 155 155 155 155 155 155 
acm window 8 0 10 20 30 40 50 60 66 70 72 74 76 78 79 80 80 81 83 85 88 91 95 99 99 99 99 99 99 99 99 99 99 99 99 99 99 99 99 99 101 103 104 106 108 111 114 118 121 124 126 130 134 
tsim fire 8 0 6 6 6 6 6 6 6 8 9 9 9 9 11 11 11 11 11 11 11 11 11 11 11 11 11 11 12 12 12 12 13 13 13 13 16 16 16 16 16 16 18 19 19 19 19 19 19 19 19 19 19 
tsim human 8 0 25 24 23 23 22 21 21 19 19 18 16 15 14 14 13 13 13 13 13 13 13 13 13 13 13 13 13 13 13 13 13 13 13 13 13 13 13 13 13 13 13 13 13 13 13 13 13 13 13 13 13 
tsim window 8 0 10 10 10 10 10 10 10 10 10 10 11 11 14 14 14 15 16 16 17 17 19 19 19 19 19 19 21 21 21 21 21 21 21 21 21 21 21 21 23 23 23 24 24 25 25 26 26 26 26 28 28 
runtime -1 8 0 5.994967222213745 6.5974204540252686 3.117042303085327 3.0627763271331787 2.7974772453308105 1.46156644821167 1.592146635055542 1.428058385848999 2.22320294380188 1.885256052017212 1.2527799606323242 0.9864611625671387 0.6084253787994385 
avg_run -1 8 0 2.539044655286349
al_time -1 8 0 0.06715583801269531 0.055158376693725586 0.05540752410888672 0.030666589736938477 0.03192877769470215 0.03988766670227051 0.029385089874267578 0.029026508331298828 1.0697131156921387 0.03692936897277832 0.03309226036071777 0.03259587287902832 0.0276644229888916 
avg_all -1 8 0 0.11835472400371845
sum 0 9 0 60 81 
sum 1 9 0 180 129 
sum 2 9 0 240 147 
sum 3 9 0 360 176 
sum 4 9 0 540 206 
sum 5 9 0 600 216 
sum 6 9 0 1200 277 
sum 7 9 0 1500 286 
sum 8 9 0 1800 289 
sum 9 9 0 2100 299 
sum 10 9 0 2400 318 
sum 11 9 0 2700 353 
sum 12 9 0 3000 378 
miss fire 9 0 6 6 5 2 2 2 1 2 3 3 3 3 4 4 2 2 1 1 1 1 0 0 0 0 0 0 1 1 0 0 1 1 1 1 4 3 3 2 2 2 4 5 3 3 3 2 2 2 1 1 1 
miss human 9 0 25 24 13 10 9 8 8 6 6 7 5 4 3 3 4 3 1 1 0 0 0 0 0 0 0 0 0 0 0 0 0 0 0 0 0 0 0 0 0 0 0 0 0 0 0 0 0 0 0 0 0 
miss window 9 0 10 10 10 8 7 6 4 1 1 1 2 2 2 2 1 2 3 3 3 3 2 2 2 2 2 1 0 0 0 0 0 0 0 0 0 0 0 0 2 2 2 3 3 4 4 5 5 3 2 4 4 
acm fire 9 0 6 12 17 19 21 23 24 26 29 32 35 38 42 46 48 50 51 52 53 54 54 54 54 54 54 54 55 56 56 56 57 58 59 60 64 67 70 72 74 76 80 85 88 91 94 96 98 100 101 102 103 
acm human 9 0 25 49 62 72 81 89 97 103 109 116 121 125 128 131 135 138 139 140 140 140 140 140 140 140 140 140 140 140 140 140 140 140 140 140 140 140 140 140 140 140 140 140 140 140 140 140 140 140 140 140 140 
acm window 9 0 10 20 30 38 45 51 55 56 57 58 60 62 64 66 67 69 72 75 78 81 83 85 87 89 91 92 92 92 92 92 92 92 92 92 92 92 92 92 94 96 98 101 104 108 112 117 122 125 127 131 135 
tsim fire 9 0 6 6 6 6 6 6 6 8 9 9 9 9 11 11 11 11 11 11 11 11 11 11 11 11 11 11 12 12 12 12 13 13 13 13 16 16 16 16 16 16 18 19 19 19 19 19 19 19 19 19 19 
tsim human 9 0 25 24 23 23 22 21 21 19 19 18 16 15 14 14 13 13 13 13 13 13 13 13 13 13 13 13 13 13 13 13 13 13 13 13 13 13 13 13 13 13 13 13 13 13 13 13 13 13 13 13 13 
tsim window 9 0 10 10 10 10 10 10 10 10 10 10 11 11 14 14 14 15 16 16 17 17 19 19 19 19 19 19 21 21 21 21 21 21 21 21 21 21 21 21 23 23 23 24 24 25 25 26 26 26 26 28 28 
runtime -1 9 0 0.23497533798217773 1.100907564163208 0.9559249877929688 1.124666690826416 2.0725879669189453 1.7539396286010742 1.2761240005493164 1.5026512145996094 1.045302152633667 0.7272882461547852 0.25942111015319824 
avg_run -1 9 0 1.095798990943215
al_time -1 9 0 0.033145904541015625 0.03098297119140625 0.028971433639526367 0.0283660888671875 1.7271344661712646 0.038942813873291016 0.03248286247253418 0.0358424186706543 0.03423428535461426 0.033547401428222656 0.022647380828857422 
avg_all -1 9 0 0.1860270933671431
sum 0 10 0 60 81 
sum 1 10 0 180 124 
sum 2 10 0 240 140 
sum 3 10 0 360 165 
sum 4 10 0 540 195 
sum 5 10 0 600 204 
sum 6 10 0 1200 249 
sum 7 10 0 1500 256 
sum 8 10 0 1800 262 
sum 9 10 0 2100 277 
sum 10 10 0 2400 297 
sum 11 10 0 2700 331 
sum 12 10 0 3000 359 
miss fire 10 0 6 6 3 1 1 1 0 2 3 3 3 3 4 4 2 0 0 0 0 0 0 0 0 0 0 0 1 1 1 1 2 2 2 2 5 4 4 2 2 2 4 5 4 4 3 3 3 2 2 2 2 
miss human 10 0 25 24 12 9 8 7 7 7 6 6 4 3 3 3 3 1 1 0 0 0 0 0 0 0 0 0 0 0 0 0 0 0 0 0 0 0 0 0 0 0 0 0 0 0 0 0 0 0 0 0 0 
miss window 10 0 10 10 10 8 7 6 4 1 1 1 2 2 2 2 0 1 2 1 2 2 4 4 3 0 0 0 0 0 0 0 0 0 0 0 0 0 0 0 2 2 2 3 3 4 2 3 3 3 3 4 4 
acm fire 10 0 6 12 15 16 17 18 18 20 23 26 29 32 36 40 42 42 42 42 42 42 42 42 42 42 42 42 43 44 45 46 48 50 52 54 59 63 67 69 71 73 77 82 86 90 93 96 99 101 103 105 107 
acm human 10 0 25 49 61 70 78 85 92 99 105 111 115 118 121 124 127 128 129 129 129 129 129 129 129 129 129 129 129 129 129 129 129 129 129 129 129 129 129 129 129 129 129 129 129 129 129 129 129 129 129 129 129 
acm window 10 0 10 20 30 38 45 51 55 56 57 58 60 62 64 66 66 67 69 70 72 74 78 82 85 85 85 85 85 85 85 85 85 85 85 85 85 85 85 85 87 89 91 94 97 101 103 106 109 112 115 119 123 
tsim fire 10 0 6 6 6 6 6 6 6 8 9 9 9 9 11 11 11 11 11 11 11 11 11 11 11 11 11 11 12 12 12 12 13 13 13 13 16 16 16 16 16 16 18 19 19 19 19 19 19 19 19 19 19 
tsim human 10 0 25 24 23 23 22 21 21 19 19 18 16 15 14 14 13 13 13 13 13 13 13 13 13 13 13 13 13 13 13 13 13 13 13 13 13 13 13 13 13 13 13 13 13 13 13 13 13 13 13 13 13 
tsim window 10 0 10 10 10 10 10 10 10 10 10 10 11 11 14 14 14 15 16 16 17 17 19 19 19 19 19 19 21 21 21 21 21 21 21 21 21 21 21 21 23 23 23 24 24 25 25 26 26 26 26 28 28 
runtime -1 10 0 0.2628908157348633 3.787311553955078 1.5384986400604248 1.1653268337249756 3.3136303424835205 2.56524920463562 1.4005305767059326 2.6187965869903564 2.2350194454193115 0.7412505149841309 0.8262608051300049 
avg_run -1 10 0 1.8595241199840198
al_time -1 10 0 0.03305220603942871 0.06031489372253418 0.028996706008911133 0.05111050605773926 0.07907581329345703 0.0644371509552002 0.03014230728149414 0.06541752815246582 0.03059864044189453 0.8870267868041992 0.053226470947265625 
avg_all -1 10 0 0.12576354633678088
random:1T:3000
sum 0 0 1 60 86 
sum 1 0 1 180 139 
sum 2 0 1 240 157 
sum 3 0 1 360 177 
sum 4 0 1 540 208 
sum 5 0 1 600 212 
sum 6 0 1 1200 263 
sum 7 0 1 1500 296 
sum 8 0 1 1800 334 
sum 9 0 1 2100 368 
sum 10 0 1 2400 375 
sum 11 0 1 2700 392 
sum 12 0 1 3000 406 
miss fire 0 1 3 3 1 1 1 1 1 3 3 4 3 5 2 2 0 1 0 0 0 0 0 0 0 0 0 0 0 0 1 1 1 2 1 2 1 1 1 1 1 1 1 1 2 3 4 4 5 5 1 1 1 
miss human 0 1 27 27 17 16 11 7 5 5 6 6 1 1 5 4 3 2 2 2 1 0 0 0 0 0 0 0 0 0 0 0 0 0 0 0 0 0 0 0 0 0 0 0 0 0 0 0 0 0 0 0 0 
miss window 0 1 13 13 10 8 6 3 3 3 1 0 0 0 0 0 0 3 3 3 3 4 5 6 6 7 7 7 7 7 7 7 7 7 7 7 3 3 0 1 0 0 1 0 0 1 1 1 0 0 0 0 1 
acm fire 0 1 3 6 7 8 9 10 11 14 17 21 24 29 31 33 33 34 34 34 34 34 34 34 34 34 34 34 34 34 35 36 37 39 40 42 43 44 45 46 47 48 49 50 52 55 59 63 68 73 74 75 76 
acm human 0 1 27 54 71 87 98 105 110 115 121 127 128 129 134 138 141 143 145 147 148 148 148 148 148 148 148 148 148 148 148 148 148 148 148 148 148 148 148 148 148 148 148 148 148 148 148 148 148 148 148 148 148 
acm window 0 1 13 26 36 44 50 53 56 59 60 60 60 60 60 60 60 63 66 69 72 76 81 87 93 100 107 114 121 128 135 142 149 156 163 170 173 176 176 177 177 177 178 178 178 179 180 181 181 181 181 181 182 
tsim fire 0 1 3 3 3 3 3 4 4 6 6 7 7 9 10 10 10 11 11 11 11 11 11 11 11 11 11 11 11 11 12 12 12 13 14 13 13 13 13 13 13 13 13 13 14 15 16 16 19 19 20 20 20 
tsim human 0 1 27 27 27 26 25 23 22 22 20 20 20 20 20 20 19 19 19 19 19 19 19 19 19 19 19 19 19 19 19 19 19 19 19 19 19 19 19 19 19 19 19 19 19 19 19 19 19 19 19 19 19 
tsim window 0 1 13 13 13 13 13 13 13 13 13 13 13 16 19 19 19 22 22 22 22 23 24 25 25 26 26 26 26 26 26 26 26 26 26 26 26 26 26 27 27 27 28 28 28 29 29 29 34 34 34 34 35 
runtime -1 0 1 1.3713834285736084 0.9486753940582275 0.9458379745483398 0.9880855083465576 1.287595510482788 1.2582941055297852 0.7968628406524658 0.7446866035461426 0.38630008697509766 
avg_run -1 0 1 0.9697468280792236
al_time -1 0 1 0.05984187126159668 0.07499933242797852 0.07028770446777344 9.640611171722412 0.0661463737487793 0.0872805118560791 0.0675346851348877 0.0741429328918457 0.055431365966796875 
avg_all -1 0 1 1.1329195499420166
sum 0 1 1 60 86 
sum 1 1 1 180 136 
sum 2 1 1 240 160 
sum 3 1 1 360 205 
sum 4 1 1 540 260 
sum 5 1 1 600 269 
sum 6 1 1 1200 347 
sum 7 1 1 1500 360 
sum 8 1 1 1800 369 
sum 9 1 1 2100 378 
sum 10 1 1 2400 385 
sum 11 1 1 2700 402 
sum 12 1 1 3000 446 
miss fire 1 1 3 3 0 0 0 1 1 3 2 3 2 4 4 4 4 5 4 4 0 0 0 0 0 0 0 0 0 0 1 1 0 1 1 2 2 2 2 0 0 0 0 0 1 2 3 3 6 6 7 7 7 
miss human 1 1 27 27 12 12 13 13 13 10 12 11 6 6 7 6 5 5 2 2 0 0 0 0 0 0 0 0 0 0 0 0 0 0 0 0 0 0 0 0 0 0 0 0 0 0 0 0 0 0 0 0 0 
miss window 1 1 13 13 13 13 11 10 7 7 4 3 1 1 0 0 0 3 3 3 2 3 1 2 2 3 3 3 2 2 1 1 1 1 0 0 0 0 0 1 1 1 2 1 1 2 2 2 2 2 2 2 3 
acm fire 1 1 3 6 6 6 6 7 8 11 13 16 18 22 26 30 34 39 43 47 47 47 47 47 47 47 47 47 47 47 48 49 49 50 51 53 55 57 59 59 59 59 59 59 60 62 65 68 74 80 87 94 101 
acm human 1 1 27 54 66 78 91 104 117 127 139 150 156 162 169 175 180 185 187 189 189 189 189 189 189 189 189 189 189 189 189 189 189 189 189 189 189 189 189 189 189 189 189 189 189 189 189 189 189 189 189 189 189 
acm window 1 1 13 26 39 52 63 73 80 87 91 94 95 96 96 96 96 99 102 105 107 110 111 113 115 118 121 124 126 128 129 130 131 132 132 132 132 132 132 133 134 135 137 138 139 141 143 145 147 149 151 153 156 
tsim fire 1 1 3 3 3 3 3 4 4 6 6 7 7 9 10 10 10 11 11 11 11 11 11 11 11 11 11 11 11 11 12 12 12 13 14 13 13 13 13 13 13 13 13 13 14 15 16 16 19 19 20 20 20 
tsim human 1 1 27 27 27 26 25 23 22 22 20 20 20 20 20 20 19 19 19 19 19 19 19 19 19 19 19 19 19 19 19 19 19 19 19 19 19 19 19 19 19 19 19 19 19 19 19 19 19 19 19 19 19 
tsim window 1 1 13 13 13 13 13 13 13 13 13 13 13 16 19 19 19 22 22 22 22 23 24 25 25 26 26 26 26 26 26 26 26 26 26 26 26 26 26 27 27 27 28 28 28 29 29 29 34 34 34 34 35 
runtime -1 1 1 2.312159776687622 9.713584661483765 8.393144607543945 9.29006290435791 10.565961360931396 19.384536027908325 19.619937419891357 16.77953815460205 20.01931357383728 
avg_run -1 1 1 12.897582054138184
al_time -1 1 1 0.06686115264892578 6.471351623535156 2.780226230621338 0.06407833099365234 0.07722806930541992 0.06421995162963867 0.0693049430847168 0.06587100028991699 0.06607556343078613 
avg_all -1 1 1 1.0805796517266169
sum 0 2 1 60 86 
sum 1 2 1 180 135 
sum 2 2 1 240 159 
sum 3 2 1 360 208 
sum 4 2 1 540 268 
sum 5 2 1 600 279 
sum 6 2 1 1200 379 
sum 7 2 1 1500 390 
sum 8 2 1 1800 397 
sum 9 2 1 2100 403 
sum 10 2 1 2400 414 
sum 11 2 1 2700 437 
sum 12 2 1 3000 471 
miss fire 2 1 3 3 0 0 0 1 1 3 3 3 3 5 4 4 4 5 5 5 5 0 0 0 0 0 0 0 0 0 1 1 1 1 2 1 1 1 1 1 1 1 2 2 3 3 4 3 6 4 5 5 5 
miss human 2 1 27 27 12 11 12 14 13 11 11 11 6 6 5 5 4 4 4 4 4 2 2 1 1 0 0 0 0 0 0 0 0 0 0 0 0 0 0 0 0 0 0 0 0 0 0 0 0 0 0 0 0 
miss window 2 1 13 13 13 13 12 11 9 8 6 4 2 3 1 0 0 3 3 3 3 3 4 3 3 1 1 1 1 1 1 1 0 0 0 0 0 0 0 1 1 1 2 1 1 2 2 2 2 2 2 1 2 
acm fire 2 1 3 6 6 6 6 7 8 11 14 17 20 25 29 33 37 42 47 52 57 57 57 57 57 57 57 57 57 57 58 59 60 61 63 64 65 66 67 68 69 70 72 74 77 80 84 87 93 97 102 107 112 
acm human 2 1 27 54 66 77 89 103 116 127 138 149 155 161 166 171 175 179 183 187 191 193 195 196 197 197 197 197 197 197 197 197 197 197 197 197 197 197 197 197 197 197 197 197 197 197 197 197 197 197 197 197 197 
acm window 2 1 13 26 39 52 64 75 84 92 98 102 104 107 108 108 108 111 114 117 120 123 127 130 133 134 135 136 137 138 139 140 140 140 140 140 140 140 140 141 142 143 145 146 147 149 151 153 155 157 159 160 162 
tsim fire 2 1 3 3 3 3 3 4 4 6 6 7 7 9 10 10 10 11 11 11 11 11 11 11 11 11 11 11 11 11 12 12 12 13 14 13 13 13 13 13 13 13 13 13 14 15 16 16 19 19 20 20 20 
tsim human 2 1 27 27 27 26 25 23 22 22 20 20 20 20 20 20 19 19 19 19 19 19 19 19 19 19 19 19 19 19 19 19 19 19 19 19 19 19 19 19 19 19 19 19 19 19 19 19 19 19 19 19 19 
tsim window 2 1 13 13 13 13 13 13 13 13 13 13 13 16 19 19 19 22 22 22 22 23 24 25 25 26 26 26 26 26 26 26 26 26 26 26 26 26 26 27 27 27 28 28 28 29 29 29 34 34 34 34 35 
runtime -1 2 1 29.239741563796997 30.939202547073364 18.488338470458984 28.392263889312744 22.5615713596344 15.68609094619751 15.659979820251465 15.687002897262573 16.366323471069336 12.486980438232422 5.865501642227173 4.924407005310059 
avg_run -1 2 1 18.024783670902252
al_time -1 2 1 0.06639289855957031 0.05961775779724121 4.192922830581665 0.06392574310302734 0.09943103790283203 0.06552267074584961 0.0704493522644043 0.06407642364501953 0.09459877014160156 0.0654304027557373 0.0653691291809082 0.05294513702392578 
avg_all -1 2 1 0.4133901794751485
sum 0 3 1 60 86 
sum 1 3 1 180 130 
sum 2 3 1 240 149 
sum 3 3 1 360 189 
sum 4 3 1 540 234 
sum 5 3 1 600 243 
sum 6 3 1 1200 368 
sum 7 3 1 1500 406 
sum 8 3 1 1800 441 
sum 9 3 1 2100 482 
sum 10 3 1 2400 519 
sum 11 3 1 2700 567 
sum 12 3 1 3000 622 
miss fire 3 1 3 3 1 0 0 1 1 3 2 1 1 3 4 4 4 5 5 5 2 2 0 0 0 0 0 0 0 1 2 0 0 1 2 3 3 2 1 1 0 0 0 0 1 2 3 1 4 3 3 2 2 
miss human 3 1 27 27 12 5 6 8 9 7 9 4 4 8 8 6 4 3 2 2 0 0 0 0 0 0 0 0 0 0 0 0 0 0 0 0 0 0 0 0 0 0 0 0 0 0 0 0 0 0 0 0 0 
miss window 3 1 13 13 13 13 13 11 10 8 7 4 4 5 6 6 5 8 7 6 4 5 6 7 7 8 8 8 8 6 6 6 6 6 6 6 6 6 6 7 7 7 8 8 8 9 8 8 8 8 8 8 9 
acm fire 3 1 3 6 7 7 7 8 9 12 14 15 16 19 23 27 31 36 41 46 48 50 50 50 50 50 50 50 50 51 53 53 53 54 56 59 62 64 65 66 66 66 66 66 67 69 72 73 77 80 83 85 87 
acm human 3 1 27 54 66 71 77 85 94 101 110 114 118 126 134 140 144 147 149 151 151 151 151 151 151 151 151 151 151 151 151 151 151 151 151 151 151 151 151 151 151 151 151 151 151 151 151 151 151 151 151 151 151 
acm window 3 1 13 26 39 52 65 76 86 94 101 105 109 114 120 126 131 139 146 152 156 161 167 174 181 189 197 205 213 219 225 231 237 243 249 255 261 267 273 280 287 294 302 310 318 327 335 343 351 359 367 375 384 
tsim fire 3 1 3 3 3 3 3 4 4 6 6 7 7 9 10 10 10 11 11 11 11 11 11 11 11 11 11 11 11 11 12 12 12 13 14 13 13 13 13 13 13 13 13 13 14 15 16 16 19 19 20 20 20 
tsim human 3 1 27 27 27 26 25 23 22 22 20 20 20 20 20 20 19 19 19 19 19 19 19 19 19 19 19 19 19 19 19 19 19 19 19 19 19 19 19 19 19 19 19 19 19 19 19 19 19 19 19 19 19 
tsim window 3 1 13 13 13 13 13 13 13 13 13 13 13 16 19 19 19 22 22 22 22 23 24 25 25 26 26 26 26 26 26 26 26 26 26 26 26 26 26 27 27 27 28 28 28 29 29 29 34 34 34 34 35 
runtime -1 3 1 0.07682514190673828 0.04047536849975586 0.04052305221557617 0.04069685935974121 0.07328271865844727 0.04096651077270508 
avg_run -1 3 1 0.05212827523549398
al_time -1 3 1 0.06853389739990234 0.06487083435058594 0.06484746932983398 0.1255335807800293 0.06481218338012695 0.05570363998413086 
avg_all -1 3 1 0.07405026753743489
sum 0 4 1 60 86 
sum 1 4 1 180 132 
sum 2 4 1 240 152 
sum 3 4 1 360 188 
sum 4 4 1 540 237 
sum 5 4 1 600 244 
sum 6 4 1 1200 327 
sum 7 4 1 1500 353 
sum 8 4 1 1800 360 
sum 9 4 1 2100 376 
sum 10 4 1 2400 388 
sum 11 4 1 2700 404 
sum 12 4 1 3000 441 
miss fire 4 1 3 3 0 0 0 1 1 3 2 3 2 4 4 4 4 5 3 3 1 1 1 1 1 0 0 0 0 0 1 1 1 2 3 4 4 3 3 2 2 0 0 0 1 2 3 3 6 6 7 6 6 
miss human 4 1 27 27 11 9 9 9 8 8 10 9 4 4 6 5 4 4 3 3 3 3 3 3 3 1 1 0 0 1 0 0 0 0 0 0 0 0 0 0 0 0 0 0 0 0 0 0 0 0 0 0 0 
miss window 4 1 13 13 13 13 11 10 7 7 4 3 1 1 0 0 0 3 3 3 1 2 2 3 3 4 4 2 2 1 0 0 0 0 0 0 0 0 0 1 1 1 2 1 1 2 2 1 1 1 1 1 2 
acm fire 4 1 3 6 6 6 6 7 8 11 13 16 18 22 26 30 34 39 42 45 46 47 48 49 50 50 50 50 50 50 51 52 53 55 58 62 66 69 72 74 76 76 76 76 77 79 82 85 91 97 104 110 116 
acm human 4 1 27 54 65 74 83 92 100 108 118 127 131 135 141 146 150 154 157 160 163 166 169 172 175 176 177 177 177 178 178 178 178 178 178 178 178 178 178 178 178 178 178 178 178 178 178 178 178 178 178 178 178 
acm window 4 1 13 26 39 52 63 73 80 87 91 94 95 96 96 96 96 99 102 105 106 108 110 113 116 120 124 126 128 129 129 129 129 129 129 129 129 129 129 130 131 132 134 135 136 138 140 141 142 143 144 145 147 
tsim fire 4 1 3 3 3 3 3 4 4 6 6 7 7 9 10 10 10 11 11 11 11 11 11 11 11 11 11 11 11 11 12 12 12 13 14 13 13 13 13 13 13 13 13 13 14 15 16 16 19 19 20 20 20 
tsim human 4 1 27 27 27 26 25 23 22 22 20 20 20 20 20 20 19 19 19 19 19 19 19 19 19 19 19 19 19 19 19 19 19 19 19 19 19 19 19 19 19 19 19 19 19 19 19 19 19 19 19 19 19 
tsim window 4 1 13 13 13 13 13 13 13 13 13 13 13 16 19 19 19 22 22 22 22 23 24 25 25 26 26 26 26 26 26 26 26 26 26 26 26 26 26 27 27 27 28 28 28 29 29 29 34 34 34 34 35 
runtime -1 4 1 2.087907075881958 10.043789625167847 8.963096618652344 7.625890731811523 18.47616958618164 16.735435485839844 18.103934049606323 16.787315368652344 18.173176288604736 18.592089653015137 13.931056022644043 
avg_run -1 4 1 13.592714591459794
al_time -1 4 1 0.11499834060668945 5.873952150344849 2.1018881797790527 0.06781625747680664 0.08864736557006836 0.06552672386169434 0.13970947265625 0.06579351425170898 0.06566572189331055 0.06628799438476562 0.07448363304138184 
avg_all -1 4 1 0.793160850351507
sum 0 5 1 60 86 
sum 1 5 1 180 130 
sum 2 5 1 240 151 
sum 3 5 1 360 197 
sum 4 5 1 540 264 
sum 5 5 1 600 279 
sum 6 5 1 1200 391 
sum 7 5 1 1500 443 
sum 8 5 1 1800 478 
sum 9 5 1 2100 489 
sum 10 5 1 2400 494 
sum 11 5 1 2700 510 
sum 12 5 1 3000 545 
miss fire 5 1 3 3 2 1 1 2 2 4 4 5 4 6 5 4 3 4 3 3 3 3 3 3 3 2 2 0 0 0 1 1 1 1 2 2 2 2 0 0 0 0 1 1 2 3 3 3 6 6 7 5 5 
miss human 5 1 27 27 8 7 7 8 9 9 7 7 5 5 5 5 4 3 3 3 3 3 3 3 3 3 3 2 2 2 2 2 2 1 1 0 0 0 0 0 0 0 0 0 0 0 0 0 0 0 0 0 0 
miss window 5 1 13 13 13 13 13 13 12 12 11 8 6 9 7 5 1 3 2 2 2 3 4 5 5 6 6 6 6 6 6 2 2 0 0 0 0 0 0 1 1 1 1 1 0 1 1 1 1 1 1 1 2 
acm fire 5 1 3 6 8 9 10 12 14 18 22 27 31 37 42 46 49 53 56 59 62 65 68 71 74 76 78 78 78 78 79 80 81 82 84 86 88 90 90 90 90 90 91 92 94 97 100 103 109 115 122 127 132 
acm human 5 1 27 54 62 69 76 84 93 102 109 116 121 126 131 136 140 143 146 149 152 155 158 161 164 167 170 172 174 176 178 180 182 183 184 184 184 184 184 184 184 184 184 184 184 184 184 184 184 184 184 184 184 
acm window 5 1 13 26 39 52 65 78 90 102 113 121 127 136 143 148 149 152 154 156 158 161 165 170 175 181 187 193 199 205 211 213 215 215 215 215 215 215 215 216 217 218 219 220 220 221 222 223 224 225 226 227 229 
tsim fire 5 1 3 3 3 3 3 4 4 6 6 7 7 9 10 10 10 11 11 11 11 11 11 11 11 11 11 11 11 11 12 12 12 13 14 13 13 13 13 13 13 13 13 13 14 15 16 16 19 19 20 20 20 
tsim human 5 1 27 27 27 26 25 23 22 22 20 20 20 20 20 20 19 19 19 19 19 19 19 19 19 19 19 19 19 19 19 19 19 19 19 19 19 19 19 19 19 19 19 19 19 19 19 19 19 19 19 19 19 
tsim window 5 1 13 13 13 13 13 13 13 13 13 13 13 16 19 19 19 22 22 22 22 23 24 25 25 26 26 26 26 26 26 26 26 26 26 26 26 26 26 27 27 27 28 28 28 29 29 29 34 34 34 34 35 
runtime -1 5 1 19.60473608970642 43.77980995178223 12.63455843925476 19.712772607803345 21.179147958755493 25.38949418067932 20.25366473197937 18.783963203430176 18.26247262954712 9.098365783691406 1.1580119132995605 
avg_run -1 5 1 19.077908862720836
al_time -1 5 1 0.06233954429626465 0.057985782623291016 6.6263391971588135 2.0597317218780518 0.07342910766601562 0.06821513175964355 0.06530451774597168 0.06622600555419922 0.08012819290161133 0.07122659683227539 0.0614771842956543 
avg_all -1 5 1 0.8447639075192538
sum 0 6 1 60 86 
sum 1 6 1 180 133 
sum 2 6 1 240 149 
sum 3 6 1 360 171 
sum 4 6 1 540 208 
sum 5 6 1 600 218 
sum 6 6 1 1200 359 
sum 7 6 1 1500 410 
sum 8 6 1 1800 430 
sum 9 6 1 2100 445 
sum 10 6 1 2400 455 
sum 11 6 1 2700 469 
sum 12 6 1 3000 484 
miss fire 6 1 3 3 1 1 1 1 1 3 3 4 3 5 6 6 6 7 7 7 7 6 6 3 3 1 1 1 1 1 1 1 1 2 3 4 3 3 3 1 1 0 0 0 1 2 3 0 3 1 2 1 1 
miss human 6 1 27 27 15 12 9 7 7 7 8 8 7 7 7 7 6 6 6 6 6 3 3 3 3 1 1 1 1 1 0 0 0 0 0 0 0 0 0 0 0 0 0 0 0 0 0 0 0 0 0 0 0 
miss window 6 1 13 13 10 8 6 3 3 3 1 0 0 0 0 0 0 3 3 3 3 4 5 6 6 7 7 7 7 4 1 1 0 0 0 0 0 0 0 1 1 1 2 1 1 2 2 2 2 1 1 1 2 
acm fire 6 1 3 6 7 8 9 10 11 14 17 21 24 29 35 41 47 54 61 68 75 81 87 90 93 94 95 96 97 98 99 100 101 103 106 110 113 116 119 120 121 121 121 121 122 124 127 127 130 131 133 134 135 
acm human 6 1 27 54 69 81 90 97 104 111 119 127 134 141 148 155 161 167 173 179 185 188 191 194 197 198 199 200 201 202 202 202 202 202 202 202 202 202 202 202 202 202 202 202 202 202 202 202 202 202 202 202 202 
acm window 6 1 13 26 36 44 50 53 56 59 60 60 60 60 60 60 60 63 66 69 72 76 81 87 93 100 107 114 121 125 126 127 127 127 127 127 127 127 127 128 129 130 132 133 134 136 138 140 142 143 144 145 147 
tsim fire 6 1 3 3 3 3 3 4 4 6 6 7 7 9 10 10 10 11 11 11 11 11 11 11 11 11 11 11 11 11 12 12 12 13 14 13 13 13 13 13 13 13 13 13 14 15 16 16 19 19 20 20 20 
tsim human 6 1 27 27 27 26 25 23 22 22 20 20 20 20 20 20 19 19 19 19 19 19 19 19 19 19 19 19 19 19 19 19 19 19 19 19 19 19 19 19 19 19 19 19 19 19 19 19 19 19 19 19 19 
tsim window 6 1 13 13 13 13 13 13 13 13 13 13 13 16 19 19 19 22 22 22 22 23 24 25 25 26 26 26 26 26 26 26 26 26 26 26 26 26 26 27 27 27 28 28 28 29 29 29 34 34 34 34 35 
runtime -1 6 1 32.20367646217346 17.693004608154297 16.936644554138184 19.341549396514893 23.843275785446167 23.2405366897583 24.143677473068237 19.50623607635498 20.429710626602173 16.51618528366089 17.22671866416931 12.119608640670776 5.480623722076416 2.0172927379608154 
avg_run -1 6 1 17.907052908624923
al_time -1 6 1 0.05996108055114746 0.05808448791503906 2.0015029907226562 2.407447099685669 0.07849740982055664 0.06648445129394531 0.0642693042755127 0.0673515796661377 0.0670630931854248 0.07985663414001465 0.1540844440460205 0.0706183910369873 0.0683746337890625 0.050009727478027344 
avg_all -1 6 1 0.3781146662575858
sum 0 7 1 60 86 
sum 1 7 1 180 133 
sum 2 7 1 240 148 
sum 3 7 1 360 168 
sum 4 7 1 540 199 
sum 5 7 1 600 208 
sum 6 7 1 1200 341 
sum 7 7 1 1500 378 
sum 8 7 1 1800 402 
sum 9 7 1 2100 417 
sum 10 7 1 2400 429 
sum 11 7 1 2700 450 
sum 12 7 1 3000 482 
miss fire 7 1 3 3 1 1 1 1 1 3 3 4 3 5 6 6 6 7 7 7 7 6 6 2 2 1 1 1 1 1 2 1 1 1 2 3 3 3 3 2 2 1 1 1 2 3 4 3 6 4 5 3 3 
miss human 7 1 27 27 15 12 8 7 5 5 6 6 6 6 6 6 5 5 5 5 5 3 3 2 2 2 2 2 2 2 2 1 1 0 0 1 0 0 0 0 0 0 0 0 0 0 0 0 0 0 0 0 0 
miss window 7 1 13 13 10 8 6 3 3 3 1 0 0 0 0 0 0 3 3 3 3 4 5 6 6 3 3 2 2 2 2 2 2 1 1 0 0 0 0 1 1 0 1 1 1 2 2 2 2 2 2 2 3 
acm fire 7 1 3 6 7 8 9 10 11 14 17 21 24 29 35 41 47 54 61 68 75 81 87 89 91 92 93 94 95 96 98 99 100 101 103 106 109 112 115 117 119 120 121 122 124 127 131 134 140 144 149 152 155 
acm human 7 1 27 54 69 81 89 96 101 106 112 118 124 130 136 142 147 152 157 162 167 170 173 175 177 179 181 183 185 187 189 190 191 191 191 192 192 192 192 192 192 192 192 192 192 192 192 192 192 192 192 192 192 
acm window 7 1 13 26 36 44 50 53 56 59 60 60 60 60 60 60 60 63 66 69 72 76 81 87 93 96 99 101 103 105 107 109 111 112 113 113 113 113 113 114 115 115 116 117 118 120 122 124 126 128 130 132 135 
tsim fire 7 1 3 3 3 3 3 4 4 6 6 7 7 9 10 10 10 11 11 11 11 11 11 11 11 11 11 11 11 11 12 12 12 13 14 13 13 13 13 13 13 13 13 13 14 15 16 16 19 19 20 20 20 
tsim human 7 1 27 27 27 26 25 23 22 22 20 20 20 20 20 20 19 19 19 19 19 19 19 19 19 19 19 19 19 19 19 19 19 19 19 19 19 19 19 19 19 19 19 19 19 19 19 19 19 19 19 19 19 
tsim window 7 1 13 13 13 13 13 13 13 13 13 13 13 16 19 19 19 22 22 22 22 23 24 25 25 26 26 26 26 26 26 26 26 26 26 26 26 26 26 27 27 27 28 28 28 29 29 29 34 34 34 34 35 
runtime -1 7 1 6.784632205963135 3.3137731552124023 5.459592819213867 6.516206979751587 5.202647924423218 4.24753999710083 4.79983925819397 4.260282039642334 4.309515714645386 5.859191656112671 1.7109522819519043 1.3611268997192383 0.4685325622558594 
avg_run -1 7 1 4.176448730322031
al_time -1 7 1 0.058492183685302734 6.075215101242065 2.8098063468933105 0.06452322006225586 0.10697364807128906 0.06358909606933594 0.06287217140197754 0.06627583503723145 0.06508970260620117 0.08753013610839844 0.06522536277770996 0.06772708892822266 0.06250953674316406 
avg_all -1 7 1 0.7427561099712665
sum 0 8 1 60 86 
sum 1 8 1 180 135 
sum 2 8 1 240 159 
sum 3 8 1 360 207 
sum 4 8 1 540 261 
sum 5 8 1 600 273 
sum 6 8 1 1200 380 
sum 7 8 1 1500 403 
sum 8 8 1 1800 416 
sum 9 8 1 2100 438 
sum 10 8 1 2400 458 
sum 11 8 1 2700 478 
sum 12 8 1 3000 505 
miss fire 8 1 3 3 2 2 2 3 2 3 3 4 4 6 4 4 4 5 5 5 5 1 1 1 1 1 1 1 1 1 2 2 2 2 3 4 4 4 4 2 2 1 1 1 2 3 4 2 5 4 5 4 4 
miss human 8 1 27 27 10 9 10 12 11 8 9 9 6 6 5 5 4 4 4 4 4 3 3 1 1 3 0 0 0 0 0 0 0 0 0 0 0 0 0 0 0 0 0 0 0 0 0 0 0 0 0 0 0 
miss window 8 1 13 13 13 13 12 11 9 8 6 4 2 3 1 0 0 3 3 3 3 4 5 5 5 1 1 1 1 1 1 1 1 1 1 1 1 1 1 2 2 2 3 1 1 2 2 2 2 1 1 0 1 
acm fire 8 1 3 6 8 10 12 15 17 20 23 27 31 37 41 45 49 54 59 64 69 70 71 72 73 74 75 76 77 78 80 82 84 86 89 93 97 101 105 107 109 110 111 112 114 117 121 123 128 132 137 141 145 
acm human 8 1 27 54 64 73 83 95 106 114 123 132 138 144 149 154 158 162 166 170 174 177 180 181 182 185 185 185 185 185 185 185 185 185 185 185 185 185 185 185 185 185 185 185 185 185 185 185 185 185 185 185 185 
acm window 8 1 13 26 39 52 64 75 84 92 98 102 104 107 108 108 108 111 114 117 120 124 129 134 139 140 141 142 143 144 145 146 147 148 149 150 151 152 153 155 157 159 162 163 164 166 168 170 172 173 174 174 175 
tsim fire 8 1 3 3 3 3 3 4 4 6 6 7 7 9 10 10 10 11 11 11 11 11 11 11 11 11 11 11 11 11 12 12 12 13 14 13 13 13 13 13 13 13 13 13 14 15 16 16 19 19 20 20 20 
tsim human 8 1 27 27 27 26 25 23 22 22 20 20 20 20 20 20 19 19 19 19 19 19 19 19 19 19 19 19 19 19 19 19 19 19 19 19 19 19 19 19 19 19 19 19 19 19 19 19 19 19 19 19 19 
tsim window 8 1 13 13 13 13 13 13 13 13 13 13 13 16 19 19 19 22 22 22 22 23 24 25 25 26 26 26 26 26 26 26 26 26 26 26 26 26 26 27 27 27 28 28 28 29 29 29 34 34 34 34 35 
runtime -1 8 1 6.37573504447937 5.575949192047119 3.5950875282287598 4.397600412368774 4.869880199432373 3.5525248050689697 2.930887460708618 3.2235443592071533 3.3337502479553223 3.55173397064209 1.6523463726043701 0.754594087600708 0.36771368980407715 
avg_run -1 8 1 3.398565182319054
al_time -1 8 1 0.0661616325378418 0.059690237045288086 4.227473497390747 0.10019469261169434 0.1171867847442627 0.06101703643798828 0.06810259819030762 0.07465267181396484 0.06276893615722656 0.07506108283996582 0.10327720642089844 0.08903813362121582 0.0938117504119873 
avg_all -1 8 1 0.39987971232487607
sum 0 9 1 60 86 
sum 1 9 1 180 131 
sum 2 9 1 240 151 
sum 3 9 1 360 192 
sum 4 9 1 540 251 
sum 5 9 1 600 261 
sum 6 9 1 1200 372 
sum 7 9 1 1500 400 
sum 8 9 1 1800 409 
sum 9 9 1 2100 418 
sum 10 9 1 2400 423 
sum 11 9 1 2700 440 
sum 12 9 1 3000 464 
miss fire 9 1 3 3 0 0 0 1 1 3 2 3 2 4 4 4 4 5 3 3 3 3 3 1 1 0 0 0 0 0 1 1 1 2 3 2 2 0 0 0 0 0 0 0 1 1 2 1 4 4 5 4 4 
miss human 9 1 27 27 11 8 9 11 11 11 13 13 7 7 7 6 5 5 5 5 5 4 4 4 4 3 3 1 1 0 0 0 1 0 0 0 0 0 0 0 0 0 0 0 0 0 0 0 0 0 0 0 0 
miss window 9 1 13 13 13 13 11 10 7 7 4 3 1 1 0 0 0 3 3 3 3 4 5 2 2 3 3 1 1 1 1 1 0 0 0 0 0 0 0 1 1 1 2 2 2 3 3 2 2 0 0 0 1 
acm fire 9 1 3 6 6 6 6 7 8 11 13 16 18 22 26 30 34 39 42 45 48 51 54 55 56 56 56 56 56 56 57 58 59 61 64 66 68 68 68 68 68 68 68 68 69 70 72 73 77 81 86 90 94 
acm human 9 1 27 54 65 73 82 93 104 115 128 141 148 155 162 168 173 178 183 188 193 197 201 205 209 212 215 216 217 217 217 217 218 218 218 218 218 218 218 218 218 218 218 218 218 218 218 218 218 218 218 218 218 
acm window 9 1 13 26 39 52 63 73 80 87 91 94 95 96 96 96 96 99 102 105 108 112 117 119 121 124 127 128 129 130 131 132 132 132 132 132 132 132 132 133 134 135 137 139 141 144 147 149 151 151 151 151 152 
tsim fire 9 1 3 3 3 3 3 4 4 6 6 7 7 9 10 10 10 11 11 11 11 11 11 11 11 11 11 11 11 11 12 12 12 13 14 13 13 13 13 13 13 13 13 13 14 15 16 16 19 19 20 20 20 
tsim human 9 1 27 27 27 26 25 23 22 22 20 20 20 20 20 20 19 19 19 19 19 19 19 19 19 19 19 19 19 19 19 19 19 19 19 19 19 19 19 19 19 19 19 19 19 19 19 19 19 19 19 19 19 
tsim window 9 1 13 13 13 13 13 13 13 13 13 13 13 16 19 19 19 22 22 22 22 23 24 25 25 26 26 26 26 26 26 26 26 26 26 26 26 26 26 27 27 27 28 28 28 29 29 29 34 34 34 34 35 
runtime -1 9 1 0.4672553539276123 2.0775208473205566 1.2831580638885498 1.9798667430877686 2.630673885345459 3.5526375770568848 3.10105299949646 3.622253656387329 2.920644760131836 2.6300058364868164 2.3322126865386963 1.385453462600708 0.3264021873474121 
avg_run -1 9 1 2.177626004585853
al_time -1 9 1 0.06523489952087402 5.6799750328063965 2.4295101165771484 0.06132841110229492 0.11182379722595215 0.07292437553405762 0.06870532035827637 0.06431412696838379 0.06505799293518066 0.07832074165344238 0.08501553535461426 0.07033896446228027 0.04527997970581055 
avg_all -1 9 1 0.6844484072465163
sum 0 10 1 60 86 
sum 1 10 1 180 135 
sum 2 10 1 240 156 
sum 3 10 1 360 195 
sum 4 10 1 540 242 
sum 5 10 1 600 250 
sum 6 10 1 1200 328 
sum 7 10 1 1500 341 
sum 8 10 1 1800 345 
sum 9 10 1 2100 360 
sum 10 10 1 2400 373 
sum 11 10 1 2700 393 
sum 12 10 1 3000 415 
miss fire 10 1 3 3 2 2 2 3 2 4 2 3 2 4 4 4 4 5 3 3 0 0 0 0 0 0 0 0 0 0 1 1 1 2 3 4 4 2 2 2 2 1 1 1 2 3 3 3 5 5 2 2 2 
miss human 10 1 27 27 11 8 8 8 9 7 9 8 5 5 7 6 5 5 2 2 1 1 2 2 2 2 0 0 0 0 0 0 0 0 0 0 0 0 0 0 0 0 0 0 0 0 0 0 0 0 0 0 0 
miss window 10 1 13 13 13 13 11 10 7 7 4 3 1 1 0 0 0 3 3 3 1 2 2 3 1 1 1 1 1 0 0 0 0 0 0 0 0 0 0 1 1 1 2 1 1 2 2 2 2 2 1 0 1 
acm fire 10 1 3 6 8 10 12 15 17 21 23 26 28 32 36 40 44 49 52 55 55 55 55 55 55 55 55 55 55 55 56 57 58 60 63 67 71 73 75 77 79 80 81 82 84 87 90 93 98 103 105 107 109 
acm human 10 1 27 54 65 73 81 89 98 105 114 122 127 132 139 145 150 155 157 159 160 161 163 165 167 169 169 169 169 169 169 169 169 169 169 169 169 169 169 169 169 169 169 169 169 169 169 169 169 169 169 169 169 
acm window 10 1 13 26 39 52 63 73 80 87 91 94 95 96 96 96 96 99 102 105 106 108 110 113 114 115 116 117 118 118 118 118 118 118 118 118 118 118 118 119 120 121 123 124 125 127 129 131 133 135 136 136 137 
tsim fire 10 1 3 3 3 3 3 4 4 6 6 7 7 9 10 10 10 11 11 11 11 11 11 11 11 11 11 11 11 11 12 12 12 13 14 13 13 13 13 13 13 13 13 13 14 15 16 16 19 19 20 20 20 
tsim human 10 1 27 27 27 26 25 23 22 22 20 20 20 20 20 20 19 19 19 19 19 19 19 19 19 19 19 19 19 19 19 19 19 19 19 19 19 19 19 19 19 19 19 19 19 19 19 19 19 19 19 19 19 
tsim window 10 1 13 13 13 13 13 13 13 13 13 13 13 16 19 19 19 22 22 22 22 23 24 25 25 26 26 26 26 26 26 26 26 26 26 26 26 26 26 27 27 27 28 28 28 29 29 29 34 34 34 34 35 
runtime -1 10 1 0.5513138771057129 2.112100839614868 1.7672069072723389 1.7018134593963623 3.1240434646606445 3.596277952194214 4.226305246353149 4.379931688308716 2.490255355834961 2.764176607131958 1.4623072147369385 0.09155702590942383 
avg_run -1 10 1 2.3556074698766074
al_time -1 10 1 0.11360836029052734 6.010457992553711 2.6557185649871826 0.07138919830322266 0.0784308910369873 0.07302165031433105 0.07600879669189453 0.0760812759399414 0.07187652587890625 0.0631718635559082 0.1054389476776123 0.05211448669433594 
avg_all -1 10 1 0.78727654616038
random:2T:3000
sum 0 0 2 60 46 
sum 1 0 2 180 67 
sum 2 0 2 240 73 
sum 3 0 2 360 81 
sum 4 0 2 540 95 
sum 5 0 2 600 102 
sum 6 0 2 1200 116 
sum 7 0 2 1500 116 
sum 8 0 2 1800 116 
sum 9 0 2 2100 123 
sum 10 0 2 2400 125 
sum 11 0 2 2700 131 
sum 12 0 2 3000 136 
miss fire 0 2 4 4 2 1 1 1 0 1 3 1 3 1 1 0 0 0 0 0 0 0 0 0 0 0 0 0 0 0 0 0 0 0 1 3 3 0 0 0 0 1 1 3 0 0 1 1 4 0 0 0 0 
miss human 0 2 12 12 7 7 5 3 4 3 3 2 2 0 0 1 1 0 0 0 1 1 1 0 0 0 0 0 0 0 0 0 0 0 0 0 0 0 0 0 0 0 0 0 0 0 0 0 0 0 0 0 0 
miss window 0 2 7 7 3 1 0 0 0 0 0 1 2 1 1 0 0 0 1 1 2 1 0 0 0 0 0 0 0 0 0 0 0 0 0 0 0 0 0 0 0 0 0 1 0 0 0 0 1 0 0 0 0 
acm fire 0 2 4 8 10 11 12 13 13 14 17 18 21 22 23 23 23 23 23 23 23 23 23 23 23 23 23 23 23 23 23 23 23 23 24 27 30 30 30 30 30 31 32 35 35 35 36 37 41 41 41 41 41 
acm human 0 2 12 24 31 38 43 46 50 53 56 58 60 60 60 61 62 62 62 62 63 64 65 65 65 65 65 65 65 65 65 65 65 65 65 65 65 65 65 65 65 65 65 65 65 65 65 65 65 65 65 65 65 
acm window 0 2 7 14 17 18 18 18 18 18 18 19 21 22 23 23 23 23 24 25 27 28 28 28 28 28 28 28 28 28 28 28 28 28 28 28 28 28 28 28 28 28 28 29 29 29 29 29 30 30 30 30 30 
tsim fire 0 2 4 4 4 4 5 5 5 6 8 8 10 10 10 10 10 10 10 10 10 10 10 10 10 10 10 10 10 10 10 10 10 10 11 9 9 9 9 9 9 10 11 13 13 13 14 15 18 18 18 18 18 
tsim human 0 2 12 12 12 12 12 12 11 11 11 10 10 9 9 9 9 8 8 8 8 8 8 8 8 8 8 8 8 8 8 8 8 8 8 8 8 8 8 8 8 8 8 8 8 8 8 8 8 8 8 8 8 
tsim window 0 2 7 7 7 7 7 7 7 7 7 8 11 11 11 11 11 11 12 12 14 14 14 14 14 14 14 14 14 14 14 14 14 14 14 14 14 14 14 14 14 14 14 15 15 15 15 15 23 23 23 25 25 
runtime -1 0 2 0.6986596584320068 0.6319708824157715 0.6473371982574463 0.7651867866516113 0.6890573501586914 0.8357291221618652 0.8420376777648926 0.7734949588775635 0.7885217666625977 0.7382664680480957 0.740492582321167 0.3619990348815918 0.3116950988769531 
avg_run -1 0 2 0.6788037373469427
al_time -1 0 2 0.0351710319519043 0.03265094757080078 1.2587506771087646 0.03822064399719238 0.05832052230834961 0.05441927909851074 0.0814962387084961 0.041158199310302734 0.04399704933166504 0.04264116287231445 0.04547286033630371 2.331812620162964 0.03820466995239258 
avg_all -1 0 2 0.31556276174692005
sum 0 1 2 60 46 
sum 1 1 2 180 66 
sum 2 1 2 240 74 
sum 3 1 2 360 84 
sum 4 1 2 540 101 
sum 5 1 2 600 107 
sum 6 1 2 1200 124 
sum 7 1 2 1500 128 
sum 8 1 2 1800 128 
sum 9 1 2 2100 132 
sum 10 1 2 2400 134 
sum 11 1 2 2700 153 
sum 12 1 2 3000 184 
miss fire 1 2 4 4 0 0 1 0 0 1 3 3 2 2 0 0 0 0 0 0 0 0 0 0 0 0 0 0 0 0 0 0 0 0 1 3 0 0 0 0 0 1 1 3 2 2 3 4 7 4 4 3 3 
miss human 1 2 12 12 5 3 3 3 4 4 3 2 2 1 1 1 1 0 0 0 0 0 0 0 0 0 0 0 0 0 0 0 0 0 0 0 0 0 0 0 0 0 0 0 0 0 0 0 0 0 0 0 0 
miss window 1 2 7 7 7 5 4 3 0 0 0 1 2 2 0 0 0 0 1 1 3 2 2 1 1 1 1 0 0 0 0 0 0 0 0 0 0 0 0 0 0 0 0 1 1 1 1 1 2 1 1 3 3 
acm fire 1 2 4 8 8 8 9 9 9 10 13 16 18 20 20 20 20 20 20 20 20 20 20 20 20 20 20 20 20 20 20 20 20 20 21 24 24 24 24 24 24 25 26 29 31 33 36 40 47 51 55 58 61 
acm human 1 2 12 24 29 32 35 38 42 46 49 51 53 54 55 56 57 57 57 57 57 57 57 57 57 57 57 57 57 57 57 57 57 57 57 57 57 57 57 57 57 57 57 57 57 57 57 57 57 57 57 57 57 
acm window 1 2 7 14 21 26 30 33 33 33 33 34 36 38 38 38 38 38 39 40 43 45 47 48 49 50 51 51 51 51 51 51 51 51 51 51 51 51 51 51 51 51 51 52 53 54 55 56 58 59 60 63 66 
tsim fire 1 2 4 4 4 4 5 5 5 6 8 8 10 10 10 10 10 10 10 10 10 10 10 10 10 10 10 10 10 10 10 10 10 10 11 9 9 9 9 9 9 10 11 13 13 13 14 15 18 18 18 18 18 
tsim human 1 2 12 12 12 12 12 12 11 11 11 10 10 9 9 9 9 8 8 8 8 8 8 8 8 8 8 8 8 8 8 8 8 8 8 8 8 8 8 8 8 8 8 8 8 8 8 8 8 8 8 8 8 
tsim window 1 2 7 7 7 7 7 7 7 7 7 8 11 11 11 11 11 11 12 12 14 14 14 14 14 14 14 14 14 14 14 14 14 14 14 14 14 14 14 14 14 14 14 15 15 15 15 15 23 23 23 25 25 
runtime -1 1 2 6.0179219245910645 5.833526134490967 5.3856589794158936 5.352584600448608 5.973385572433472 5.424606800079346 5.237321853637695 5.783278703689575 5.72890043258667 5.052734613418579 3.736098527908325 1.287672519683838 0.645211935043335 
avg_run -1 1 2 4.7276078921097975
al_time -1 1 2 0.04174494743347168 0.03451085090637207 1.1284074783325195 0.039066314697265625 0.03820943832397461 0.05112314224243164 0.06299161911010742 0.07549047470092773 0.06757903099060059 0.04018902778625488 0.04523444175720215 0.040613412857055664 0.02475571632385254 
avg_all -1 1 2 0.12999353042015663
sum 0 2 2 60 46 
sum 1 2 2 180 66 
sum 2 2 2 240 74 
sum 3 2 2 360 89 
sum 4 2 2 540 108 
sum 5 2 2 600 115 
sum 6 2 2 1200 136 
sum 7 2 2 1500 139 
sum 8 2 2 1800 140 
sum 9 2 2 2100 148 
sum 10 2 2 2400 153 
sum 11 2 2 2700 173 
sum 12 2 2 3000 208 
miss fire 2 2 4 4 0 0 1 0 0 1 2 1 3 0 0 0 0 0 0 0 0 0 0 0 0 0 0 0 0 0 0 0 0 0 1 3 3 1 1 1 0 1 2 4 3 3 4 5 7 7 6 4 4 
miss human 2 2 12 12 5 3 3 3 4 4 4 2 2 1 1 1 0 1 1 1 1 1 1 1 1 1 0 0 0 0 1 0 0 0 0 0 0 0 0 0 0 0 0 0 0 0 0 0 0 0 0 0 0 
miss window 2 2 7 7 7 5 4 4 4 2 2 1 2 1 1 1 1 1 1 1 3 1 1 0 0 0 0 0 0 0 0 0 0 0 0 0 0 0 0 0 0 0 0 1 0 0 0 0 1 1 1 2 2 
acm fire 2 2 4 8 8 8 9 9 9 10 12 13 16 16 16 16 16 16 16 16 16 16 16 16 16 16 16 16 16 16 16 16 16 16 17 20 23 24 25 26 26 27 29 33 36 39 43 48 55 62 68 72 76 
acm human 2 2 12 24 29 32 35 38 42 46 50 52 54 55 56 57 57 58 59 60 61 62 63 64 65 66 66 66 66 66 67 67 67 67 67 67 67 67 67 67 67 67 67 67 67 67 67 67 67 67 67 67 67 
acm window 2 2 7 14 21 26 30 34 38 40 42 43 45 46 47 48 49 50 51 52 55 56 57 57 57 57 57 57 57 57 57 57 57 57 57 57 57 57 57 57 57 57 57 58 58 58 58 58 59 60 61 63 65 
tsim fire 2 2 4 4 4 4 5 5 5 6 8 8 10 10 10 10 10 10 10 10 10 10 10 10 10 10 10 10 10 10 10 10 10 10 11 9 9 9 9 9 9 10 11 13 13 13 14 15 18 18 18 18 18 
tsim human 2 2 12 12 12 12 12 12 11 11 11 10 10 9 9 9 9 8 8 8 8 8 8 8 8 8 8 8 8 8 8 8 8 8 8 8 8 8 8 8 8 8 8 8 8 8 8 8 8 8 8 8 8 
tsim window 2 2 7 7 7 7 7 7 7 7 7 8 11 11 11 11 11 11 12 12 14 14 14 14 14 14 14 14 14 14 14 14 14 14 14 14 14 14 14 14 14 14 14 15 15 15 15 15 23 23 23 25 25 
runtime -1 2 2 12.154211521148682 8.714264631271362 7.691675424575806 7.189125299453735 6.462780237197876 7.504376173019409 7.666957378387451 5.922893762588501 5.6749982833862305 4.472880601882935 2.567572593688965 1.3275916576385498 
avg_run -1 2 2 6.4457772970199585
al_time -1 2 2 0.04867434501647949 1.3799121379852295 0.04044342041015625 0.054477691650390625 0.04248452186584473 0.05047154426574707 0.06607460975646973 0.0388181209564209 0.03795194625854492 0.042667388916015625 0.08476448059082031 0.03625607490539551 
avg_all -1 2 2 0.16024969021479288
sum 0 3 2 60 46 
sum 1 3 2 180 68 
sum 2 3 2 240 76 
sum 3 3 2 360 90 
sum 4 3 2 540 105 
sum 5 3 2 600 112 
sum 6 3 2 1200 150 
sum 7 3 2 1500 167 
sum 8 3 2 1800 172 
sum 9 3 2 2100 180 
sum 10 3 2 2400 188 
sum 11 3 2 2700 216 
sum 12 3 2 3000 245 
miss fire 3 2 4 4 0 0 1 0 0 1 2 1 3 3 1 1 0 0 0 0 0 0 0 0 0 0 0 0 1 1 1 1 1 1 2 2 2 1 1 1 1 2 3 5 5 4 5 4 7 3 3 1 1 
miss human 3 2 12 12 6 4 3 3 4 4 4 2 2 1 0 0 1 0 0 0 0 0 0 0 0 0 0 0 0 0 0 0 0 0 0 0 0 0 0 0 0 0 0 0 0 0 0 0 0 0 0 0 0 
miss window 3 2 7 7 7 5 4 4 3 0 0 1 2 2 2 2 2 2 3 3 5 5 5 5 5 3 2 2 0 0 0 0 0 0 0 0 0 0 0 0 0 0 0 1 1 1 1 1 2 2 2 4 4 
acm fire 3 2 4 8 8 8 9 9 9 10 12 13 16 19 20 21 21 21 21 21 21 21 21 21 21 21 21 21 22 23 24 25 26 27 29 31 33 34 35 36 37 39 42 47 52 56 61 65 72 75 78 79 80 
acm human 3 2 12 24 30 34 37 40 44 48 52 54 56 57 57 57 58 58 58 58 58 58 58 58 58 58 58 58 58 58 58 58 58 58 58 58 58 58 58 58 58 58 58 58 58 58 58 58 58 58 58 58 58 
acm window 3 2 7 14 21 26 30 34 37 37 37 38 40 42 44 46 48 50 53 56 61 66 71 76 81 84 86 88 88 88 88 88 88 88 88 88 88 88 88 88 88 88 88 89 90 91 92 93 95 97 99 103 107 
tsim fire 3 2 4 4 4 4 5 5 5 6 8 8 10 10 10 10 10 10 10 10 10 10 10 10 10 10 10 10 10 10 10 10 10 10 11 9 9 9 9 9 9 10 11 13 13 13 14 15 18 18 18 18 18 
tsim human 3 2 12 12 12 12 12 12 11 11 11 10 10 9 9 9 9 8 8 8 8 8 8 8 8 8 8 8 8 8 8 8 8 8 8 8 8 8 8 8 8 8 8 8 8 8 8 8 8 8 8 8 8 
tsim window 3 2 7 7 7 7 7 7 7 7 7 8 11 11 11 11 11 11 12 12 14 14 14 14 14 14 14 14 14 14 14 14 14 14 14 14 14 14 14 14 14 14 14 15 15 15 15 15 23 23 23 25 25 
runtime -1 3 2 0.02462458610534668 0.0241241455078125 0.04919314384460449 0.025061607360839844 0.025372743606567383 0.02507925033569336 0.025054931640625 0.024929285049438477 0.024992942810058594 0.02527642250061035 0.04659771919250488 0.03153061866760254 
avg_run -1 3 2 0.029319783051808674
al_time -1 3 2 0.05071139335632324 1.1485209465026855 0.08001708984375 0.04600930213928223 0.0885770320892334 0.060251474380493164 0.04266476631164551 0.055379629135131836 0.04472184181213379 2.319662094116211 0.05532503128051758 0.029489994049072266 
avg_all -1 3 2 0.33511088291804
sum 0 4 2 60 46 
sum 1 4 2 180 68 
sum 2 4 2 240 77 
sum 3 4 2 360 87 
sum 4 4 2 540 104 
sum 5 4 2 600 111 
sum 6 4 2 1200 134 
sum 7 4 2 1500 138 
sum 8 4 2 1800 138 
sum 9 4 2 2100 139 
sum 10 4 2 2400 141 
sum 11 4 2 2700 150 
sum 12 4 2 3000 178 
miss fire 4 2 4 4 0 0 1 0 0 1 3 3 3 3 1 1 1 1 0 0 0 0 0 0 0 0 0 0 0 0 0 0 0 0 1 0 0 0 0 0 0 1 1 3 1 1 1 2 5 5 5 3 3 
miss human 4 2 12 12 6 4 4 3 4 4 3 2 2 1 1 1 0 1 0 0 0 1 1 1 1 1 0 0 0 0 0 0 0 0 0 0 0 0 0 0 0 0 0 0 0 0 0 0 0 0 0 0 0 
miss window 4 2 7 7 7 5 4 3 0 0 0 1 2 2 0 0 0 0 1 1 3 2 1 1 0 0 0 0 0 0 0 0 0 0 0 0 0 0 0 0 0 0 0 1 0 0 0 0 1 1 1 2 2 
acm fire 4 2 4 8 8 8 9 9 9 10 13 16 19 22 23 24 25 26 26 26 26 26 26 26 26 26 26 26 26 26 26 26 26 26 27 27 27 27 27 27 27 28 29 32 33 34 35 37 42 47 52 55 58 
acm human 4 2 12 24 30 34 38 41 45 49 52 54 56 57 58 59 59 60 60 60 60 61 62 63 64 65 65 65 65 65 65 65 65 65 65 65 65 65 65 65 65 65 65 65 65 65 65 65 65 65 65 65 65 
acm window 4 2 7 14 21 26 30 33 33 33 33 34 36 38 38 38 38 38 39 40 43 45 46 47 47 47 47 47 47 47 47 47 47 47 47 47 47 47 47 47 47 47 47 48 48 48 48 48 49 50 51 53 55 
tsim fire 4 2 4 4 4 4 5 5 5 6 8 8 10 10 10 10 10 10 10 10 10 10 10 10 10 10 10 10 10 10 10 10 10 10 11 9 9 9 9 9 9 10 11 13 13 13 14 15 18 18 18 18 18 
tsim human 4 2 12 12 12 12 12 12 11 11 11 10 10 9 9 9 9 8 8 8 8 8 8 8 8 8 8 8 8 8 8 8 8 8 8 8 8 8 8 8 8 8 8 8 8 8 8 8 8 8 8 8 8 
tsim window 4 2 7 7 7 7 7 7 7 7 7 8 11 11 11 11 11 11 12 12 14 14 14 14 14 14 14 14 14 14 14 14 14 14 14 14 14 14 14 14 14 14 14 15 15 15 15 15 23 23 23 25 25 
runtime -1 4 2 6.286467552185059 5.065099716186523 7.22899055480957 5.227100849151611 5.48768424987793 5.647325038909912 5.369150161743164 6.286249160766602 5.8586180210113525 4.9755918979644775 3.877149820327759 2.9447970390319824 0.43000268936157227 
avg_run -1 4 2 4.975709750102117
al_time -1 4 2 0.040827274322509766 0.03345227241516113 1.1452066898345947 0.06036829948425293 0.03696727752685547 0.05540776252746582 0.0550692081451416 0.044367074966430664 0.04243588447570801 0.05408883094787598 0.039838552474975586 0.04715418815612793 0.037125587463378906 
avg_all -1 4 2 0.13017760790311372
