random:0T:3000
sum 0 0 0 60 58 
sum 1 0 0 180 90 
sum 2 0 0 240 97 
sum 3 0 0 360 112 
sum 4 0 0 540 133 
sum 5 0 0 600 137 
sum 6 0 0 1200 152 
sum 7 0 0 1500 152 
sum 8 0 0 1800 153 
sum 9 0 0 2100 160 
sum 10 0 0 2400 167 
sum 11 0 0 2700 171 
sum 12 0 0 3000 175 
miss fire 0 0 3 3 2 1 0 0 1 2 2 2 0 0 0 0 0 1 1 0 0 0 0 0 0 0 0 0 0 0 0 0 0 1 2 1 1 2 3 1 1 0 0 0 0 0 0 0 0 1 1 1 1 
miss human 0 0 18 18 12 12 7 7 7 7 4 4 4 4 3 2 1 0 0 0 0 0 0 0 0 0 0 0 0 0 0 0 0 0 0 0 0 0 0 0 0 0 0 0 0 0 0 0 0 0 0 0 0 
miss window 0 0 8 8 3 2 0 0 0 0 0 0 0 0 0 0 1 0 0 1 1 0 0 0 0 0 0 0 1 0 0 0 0 0 0 0 0 0 0 0 0 1 1 0 1 1 0 2 0 0 0 0 0 
acm fire 0 0 3 6 8 9 9 9 10 12 14 16 16 16 16 16 16 17 18 18 18 18 18 18 18 18 18 18 18 18 18 18 18 19 21 22 23 25 28 29 30 30 30 30 30 30 30 30 30 31 32 33 34 
acm human 0 0 18 36 48 60 67 74 81 88 92 96 100 104 107 109 110 110 110 110 110 110 110 110 110 110 110 110 110 110 110 110 110 110 110 110 110 110 110 110 110 110 110 110 110 110 110 110 110 110 110 110 110 
acm window 0 0 8 16 19 21 21 21 21 21 21 21 21 21 21 21 22 22 22 23 24 24 24 24 24 24 24 24 25 25 25 25 25 25 25 25 25 25 25 25 25 26 27 27 28 29 29 31 31 31 31 31 31 
tsim fire 0 0 3 3 3 3 3 3 4 5 5 5 5 5 5 5 5 6 6 6 6 6 6 6 6 6 6 6 6 6 6 6 6 7 8 8 8 9 10 10 10 10 10 10 10 10 10 10 10 11 11 11 11 
tsim human 0 0 18 18 18 17 16 15 15 15 14 14 13 11 10 10 9 8 8 8 8 8 8 8 8 8 8 8 8 8 8 8 8 8 8 8 8 8 8 8 8 8 8 8 8 8 8 8 8 8 8 8 8 
tsim window 0 0 8 8 8 8 8 8 8 8 8 8 8 8 8 8 9 9 9 10 10 10 10 10 10 10 10 10 11 11 11 11 11 13 13 13 13 13 13 13 13 14 14 14 15 15 15 17 17 17 17 17 17 
runtime -1 0 0 0.473743200302124 0.4616234302520752 0.4846384525299072 0.48967790603637695 0.510488748550415 0.5026633739471436 0.4984567165374756 0.5269601345062256 0.5921461582183838 0.5780935287475586 
avg_run -1 0 0 0.5118491649627686
al_time -1 0 0 0.03306746482849121 0.028435945510864258 0.02919626235961914 0.027753591537475586 0.028403759002685547 0.04315614700317383 0.03980898857116699 1.084057331085205 0.08173561096191406 0.04693317413330078 
avg_all -1 0 0 0.14425482749938964
sum 0 1 0 60 58 
sum 1 1 0 180 94 
sum 2 1 0 240 107 
sum 3 1 0 360 128 
sum 4 1 0 540 148 
sum 5 1 0 600 152 
sum 6 1 0 1200 170 
sum 7 1 0 1500 170 
sum 8 1 0 1800 173 
sum 9 1 0 2100 183 
sum 10 1 0 2400 191 
sum 11 1 0 2700 198 
sum 12 1 0 3000 203 
miss fire 1 0 3 3 1 1 1 1 2 2 2 2 0 0 0 0 0 1 1 0 0 0 0 0 0 0 0 0 0 0 0 0 0 1 2 2 2 3 3 3 0 0 0 0 0 0 0 0 0 1 0 0 0 
miss human 1 0 18 18 11 10 7 7 6 6 4 4 4 4 3 3 1 0 1 0 0 0 0 0 0 0 0 0 0 0 0 0 0 0 0 0 0 0 0 0 0 0 0 0 0 0 0 0 0 0 0 0 0 
miss window 1 0 8 8 7 6 5 3 2 0 0 0 0 0 0 0 1 1 0 1 1 0 0 0 0 0 0 0 1 1 1 0 0 0 0 0 0 0 0 0 0 1 1 1 2 1 1 2 2 1 1 0 0 
acm fire 1 0 3 6 7 8 9 10 12 14 16 18 18 18 18 18 18 19 20 20 20 20 20 20 20 20 20 20 20 20 20 20 20 21 23 25 27 30 33 36 36 36 36 36 36 36 36 36 36 37 37 37 37 
acm human 1 0 18 36 47 57 64 71 77 83 87 91 95 99 102 105 106 106 107 107 107 107 107 107 107 107 107 107 107 107 107 107 107 107 107 107 107 107 107 107 107 107 107 107 107 107 107 107 107 107 107 107 107 
acm window 1 0 8 16 23 29 34 37 39 39 39 39 39 39 39 39 40 41 41 42 43 43 43 43 43 43 43 43 44 45 46 46 46 46 46 46 46 46 46 46 46 47 48 49 51 52 53 55 57 58 59 59 59 
tsim fire 1 0 3 3 3 3 3 3 4 5 5 5 5 5 5 5 5 6 6 6 6 6 6 6 6 6 6 6 6 6 6 6 6 7 8 8 8 9 10 10 10 10 10 10 10 10 10 10 10 11 11 11 11 
tsim human 1 0 18 18 18 17 16 15 15 15 14 14 13 11 10 10 9 8 8 8 8 8 8 8 8 8 8 8 8 8 8 8 8 8 8 8 8 8 8 8 8 8 8 8 8 8 8 8 8 8 8 8 8 
tsim window 1 0 8 8 8 8 8 8 8 8 8 8 8 8 8 8 9 9 9 10 10 10 10 10 10 10 10 10 11 11 11 11 11 13 13 13 13 13 13 13 13 14 14 14 15 15 15 17 17 17 17 17 17 
runtime -1 1 0 3.7833774089813232 4.7909746170043945 5.140592813491821 5.467443227767944 5.84947395324707 5.3383073806762695 5.879685878753662 7.115139484405518 2.2931106090545654 
avg_run -1 1 0 5.0731228192647295
al_time -1 1 0 0.034618377685546875 0.029214859008789062 0.03398418426513672 0.03173494338989258 0.0924074649810791 0.04534506797790527 1.3118441104888916 0.0537106990814209 0.027622699737548828 
avg_all -1 1 0 0.184498045179579
sum 0 2 0 60 58 
sum 1 2 0 180 91 
sum 2 2 0 240 100 
sum 3 2 0 360 119 
sum 4 2 0 540 137 
sum 5 2 0 600 141 
sum 6 2 0 1200 160 
sum 7 2 0 1500 160 
sum 8 2 0 1800 163 
sum 9 2 0 2100 173 
sum 10 2 0 2400 183 
sum 11 2 0 2700 188 
sum 12 2 0 3000 192 
miss fire 2 0 3 3 0 0 0 0 1 2 1 1 1 1 0 0 0 1 0 0 0 0 0 0 0 0 0 0 0 0 0 0 0 1 2 2 2 3 2 2 2 2 1 1 0 0 0 0 0 1 1 0 0 
miss human 2 0 18 18 10 9 6 7 7 6 4 4 3 5 3 3 1 0 0 0 0 0 0 0 0 0 0 0 0 0 0 0 0 0 0 0 0 0 0 0 0 0 0 0 0 0 0 0 0 0 0 0 0 
miss window 2 0 8 8 8 6 3 2 2 0 0 0 0 0 0 0 1 1 0 1 1 1 0 0 0 0 0 0 1 1 1 0 0 0 0 0 0 0 0 0 0 1 0 0 1 1 0 2 1 1 0 0 0 
acm fire 2 0 3 6 6 6 6 6 7 9 10 11 12 13 13 13 13 14 14 14 14 14 14 14 14 14 14 14 14 14 14 14 14 15 17 19 21 24 26 28 30 32 33 34 34 34 34 34 34 35 36 36 36 
acm human 2 0 18 36 46 55 61 68 75 81 85 89 92 97 100 103 104 104 104 104 104 104 104 104 104 104 104 104 104 104 104 104 104 104 104 104 104 104 104 104 104 104 104 104 104 104 104 104 104 104 104 104 104 
acm window 2 0 8 16 24 30 33 35 37 37 37 37 37 37 37 37 38 39 39 40 41 42 42 42 42 42 42 42 43 44 45 45 45 45 45 45 45 45 45 45 45 46 46 46 47 48 48 50 51 52 52 52 52 
tsim fire 2 0 3 3 3 3 3 3 4 5 5 5 5 5 5 5 5 6 6 6 6 6 6 6 6 6 6 6 6 6 6 6 6 7 8 8 8 9 10 10 10 10 10 10 10 10 10 10 10 11 11 11 11 
tsim human 2 0 18 18 18 17 16 15 15 15 14 14 13 11 10 10 9 8 8 8 8 8 8 8 8 8 8 8 8 8 8 8 8 8 8 8 8 8 8 8 8 8 8 8 8 8 8 8 8 8 8 8 8 
tsim window 2 0 8 8 8 8 8 8 8 8 8 8 8 8 8 8 9 9 9 10 10 10 10 10 10 10 10 10 11 11 11 11 11 13 13 13 13 13 13 13 13 14 14 14 15 15 15 17 17 17 17 17 17 
runtime -1 2 0 12.121668577194214 8.152770519256592 6.667152404785156 6.174161911010742 5.7365357875823975 5.965103626251221 5.712897300720215 14.293641328811646 8.031327486038208 4.9439544677734375 
avg_run -1 2 0 7.779921340942383
al_time -1 2 0 0.03853011131286621 0.029135465621948242 0.029812097549438477 0.030219316482543945 0.0297391414642334 0.044908761978149414 1.2674980163574219 0.04274559020996094 0.036650657653808594 0.04313182830810547 
avg_all -1 2 0 0.15923709869384767
sum 0 3 0 60 58 
sum 1 3 0 180 88 
sum 2 3 0 240 98 
sum 3 3 0 360 119 
sum 4 3 0 540 144 
sum 5 3 0 600 150 
sum 6 3 0 1200 171 
sum 7 3 0 1500 174 
sum 8 3 0 1800 178 
sum 9 3 0 2100 182 
sum 10 3 0 2400 186 
sum 11 3 0 2700 193 
sum 12 3 0 3000 203 
miss fire 3 0 3 3 0 0 0 0 1 2 2 2 2 0 0 0 0 1 1 1 0 0 0 0 0 0 0 0 0 0 0 0 0 1 1 1 0 1 1 1 0 0 0 0 0 0 0 0 0 1 1 1 1 
miss human 3 0 18 18 8 8 6 7 7 7 6 5 4 4 3 2 1 0 0 0 0 0 0 0 0 0 0 0 0 0 0 0 0 0 0 0 0 0 0 0 0 0 0 0 0 0 0 0 0 0 0 0 0 
miss window 3 0 8 8 8 6 4 3 3 1 0 0 0 0 0 0 1 1 1 2 1 1 1 1 1 1 0 0 1 1 1 1 0 0 0 0 0 0 0 0 0 1 1 1 2 2 0 2 2 1 1 1 1 
acm fire 3 0 3 6 6 6 6 6 7 9 11 13 15 15 15 15 15 16 17 18 18 18 18 18 18 18 18 18 18 18 18 18 18 19 20 21 21 22 23 24 24 24 24 24 24 24 24 24 24 25 26 27 28 
acm human 3 0 18 36 44 52 58 65 72 79 85 90 94 98 101 103 104 104 104 104 104 104 104 104 104 104 104 104 104 104 104 104 104 104 104 104 104 104 104 104 104 104 104 104 104 104 104 104 104 104 104 104 104 
acm window 3 0 8 16 24 30 34 37 40 41 41 41 41 41 41 41 42 43 44 46 47 48 49 50 51 52 52 52 53 54 55 56 56 56 56 56 56 56 56 56 56 57 58 59 61 63 63 65 67 68 69 70 71 
tsim fire 3 0 3 3 3 3 3 3 4 5 5 5 5 5 5 5 5 6 6 6 6 6 6 6 6 6 6 6 6 6 6 6 6 7 8 8 8 9 10 10 10 10 10 10 10 10 10 10 10 11 11 11 11 
tsim human 3 0 18 18 18 17 16 15 15 15 14 14 13 11 10 10 9 8 8 8 8 8 8 8 8 8 8 8 8 8 8 8 8 8 8 8 8 8 8 8 8 8 8 8 8 8 8 8 8 8 8 8 8 
tsim window 3 0 8 8 8 8 8 8 8 8 8 8 8 8 8 8 9 9 9 10 10 10 10 10 10 10 10 10 11 11 11 11 11 13 13 13 13 13 13 13 13 14 14 14 15 15 15 17 17 17 17 17 17 
runtime -1 3 0 0.02590632438659668 0.025516271591186523 0.07205963134765625 0.0254361629486084 0.025532245635986328 0.025508642196655273 0.025835752487182617 0.03680062294006348 0.036630868911743164 0.05590510368347168 0.03653740882873535 0.03676414489746094 
avg_run -1 3 0 0.03570276498794556
al_time -1 3 0 0.04109907150268555 0.032231807708740234 0.03228354454040527 0.03274273872375488 0.03536057472229004 0.04165029525756836 1.0816707611083984 0.037633419036865234 0.03917956352233887 0.04042792320251465 0.04770207405090332 0.03171873092651367 
avg_all -1 3 0 0.12447504202524821
sum 0 4 0 60 58 
sum 1 4 0 180 92 
sum 2 4 0 240 105 
sum 3 4 0 360 126 
sum 4 4 0 540 146 
sum 5 4 0 600 150 
sum 6 4 0 1200 167 
sum 7 4 0 1500 167 
sum 8 4 0 1800 169 
sum 9 4 0 2100 175 
sum 10 4 0 2400 179 
sum 11 4 0 2700 184 
sum 12 4 0 3000 190 
miss fire 4 0 3 3 1 1 1 1 2 2 2 2 0 0 0 0 0 1 1 1 0 0 0 0 0 0 0 0 0 0 0 0 0 1 2 1 1 1 2 0 0 0 0 0 0 0 0 0 0 1 1 0 0 
miss human 4 0 18 18 10 9 7 7 6 6 4 4 4 4 2 2 1 1 0 0 0 0 0 0 0 0 0 0 0 0 0 0 0 0 0 0 0 0 0 0 0 0 0 0 0 0 0 0 0 0 0 0 0 
miss window 4 0 8 8 7 6 5 3 2 0 0 0 0 0 0 0 1 0 0 1 1 1 0 0 0 0 0 0 1 1 0 0 0 0 0 0 0 0 0 0 0 1 1 1 2 0 0 2 2 1 1 0 0 
acm fire 4 0 3 6 7 8 9 10 12 14 16 18 18 18 18 18 18 19 20 21 21 21 21 21 21 21 21 21 21 21 21 21 21 22 24 25 26 27 29 29 29 29 29 29 29 29 29 29 29 30 31 31 31 
acm human 4 0 18 36 46 55 62 69 75 81 85 89 93 97 99 101 102 103 103 103 103 103 103 103 103 103 103 103 103 103 103 103 103 103 103 103 103 103 103 103 103 103 103 103 103 103 103 103 103 103 103 103 103 
acm window 4 0 8 16 23 29 34 37 39 39 39 39 39 39 39 39 40 40 40 41 42 43 43 43 43 43 43 43 44 45 45 45 45 45 45 45 45 45 45 45 45 46 47 48 50 50 50 52 54 55 56 56 56 
tsim fire 4 0 3 3 3 3 3 3 4 5 5 5 5 5 5 5 5 6 6 6 6 6 6 6 6 6 6 6 6 6 6 6 6 7 8 8 8 9 10 10 10 10 10 10 10 10 10 10 10 11 11 11 11 
tsim human 4 0 18 18 18 17 16 15 15 15 14 14 13 11 10 10 9 8 8 8 8 8 8 8 8 8 8 8 8 8 8 8 8 8 8 8 8 8 8 8 8 8 8 8 8 8 8 8 8 8 8 8 8 
tsim window 4 0 8 8 8 8 8 8 8 8 8 8 8 8 8 8 9 9 9 10 10 10 10 10 10 10 10 10 11 11 11 11 11 13 13 13 13 13 13 13 13 14 14 14 15 15 15 17 17 17 17 17 17 
runtime -1 4 0 4.11345648765564 4.938249111175537 5.835915803909302 7.098787069320679 6.647206544876099 6.003406286239624 6.001679420471191 6.571197509765625 6.292357921600342 9.175619840621948 2.774881601333618 0.36605095863342285 
avg_run -1 4 0 5.484900712966919
al_time -1 4 0 0.03185462951660156 0.02953338623046875 0.029320478439331055 0.03367900848388672 0.030825376510620117 0.04108476638793945 1.086317777633667 0.034836530685424805 0.08485031127929688 0.047121286392211914 0.03558683395385742 0.024831533432006836 
avg_all -1 4 0 0.12582015991210938
sum 0 5 0 60 58 
sum 1 5 0 180 92 
sum 2 5 0 240 104 
sum 3 5 0 360 126 
sum 4 5 0 540 147 
sum 5 5 0 600 151 
sum 6 5 0 1200 166 
sum 7 5 0 1500 166 
sum 8 5 0 1800 169 
sum 9 5 0 2100 177 
sum 10 5 0 2400 188 
sum 11 5 0 2700 198 
sum 12 5 0 3000 206 
miss fire 5 0 3 3 0 0 0 0 1 2 1 1 1 0 0 0 0 1 0 0 0 0 0 0 0 0 0 0 0 0 0 0 0 1 2 2 1 2 3 2 2 1 1 1 1 0 0 0 0 1 1 0 0 
miss human 5 0 18 18 13 11 10 10 9 7 6 4 3 3 2 2 1 0 0 0 0 0 0 0 0 0 0 0 0 0 0 0 0 0 0 0 0 0 0 0 0 0 0 0 0 0 0 0 0 0 0 0 0 
miss window 5 0 8 8 6 4 2 1 1 0 0 0 0 0 0 0 1 1 0 1 1 1 1 0 0 0 0 0 1 1 1 0 0 0 0 0 0 0 0 0 0 1 1 1 2 1 1 3 2 1 1 1 1 
acm fire 5 0 3 6 6 6 6 6 7 9 10 11 12 12 12 12 12 13 13 13 13 13 13 13 13 13 13 13 13 13 13 13 13 14 16 18 19 21 24 26 28 29 30 31 32 32 32 32 32 33 34 34 34 
acm human 5 0 18 36 49 60 70 80 89 96 102 106 109 112 114 116 117 117 117 117 117 117 117 117 117 117 117 117 117 117 117 117 117 117 117 117 117 117 117 117 117 117 117 117 117 117 117 117 117 117 117 117 117 
acm window 5 0 8 16 22 26 28 29 30 30 30 30 30 30 30 30 31 32 32 33 34 35 36 36 36 36 36 36 37 38 39 39 39 39 39 39 39 39 39 39 39 40 41 42 44 45 46 49 51 52 53 54 55 
tsim fire 5 0 3 3 3 3 3 3 4 5 5 5 5 5 5 5 5 6 6 6 6 6 6 6 6 6 6 6 6 6 6 6 6 7 8 8 8 9 10 10 10 10 10 10 10 10 10 10 10 11 11 11 11 
tsim human 5 0 18 18 18 17 16 15 15 15 14 14 13 11 10 10 9 8 8 8 8 8 8 8 8 8 8 8 8 8 8 8 8 8 8 8 8 8 8 8 8 8 8 8 8 8 8 8 8 8 8 8 8 
tsim window 5 0 8 8 8 8 8 8 8 8 8 8 8 8 8 8 9 9 9 10 10 10 10 10 10 10 10 10 11 11 11 11 11 13 13 13 13 13 13 13 13 14 14 14 15 15 15 17 17 17 17 17 17 
runtime -1 5 0 9.525325536727905 7.0176990032196045 5.922422885894775 5.848242998123169 6.090155124664307 5.616026401519775 7.826579570770264 8.855587482452393 8.480162382125854 5.25794792175293 
avg_run -1 5 0 7.044014930725098
al_time -1 5 0 0.03508496284484863 0.029249906539916992 0.028222084045410156 0.032721519470214844 0.0427854061126709 1.0939953327178955 0.03666853904724121 0.03526663780212402 0.0387721061706543 0.04692721366882324 
avg_all -1 5 0 0.14196937084197997
sum 0 6 0 60 58 
sum 1 6 0 180 90 
sum 2 6 0 240 97 
sum 3 6 0 360 112 
sum 4 6 0 540 130 
sum 5 6 0 600 134 
sum 6 6 0 1200 151 
sum 7 6 0 1500 151 
sum 8 6 0 1800 155 
sum 9 6 0 2100 161 
sum 10 6 0 2400 165 
sum 11 6 0 2700 174 
sum 12 6 0 3000 179 
miss fire 6 0 3 3 2 1 0 0 1 1 1 1 0 0 0 0 0 1 1 0 0 0 0 0 0 0 0 0 0 0 0 0 0 1 2 1 1 1 2 0 0 0 0 0 0 0 0 0 0 1 1 0 0 
miss human 6 0 18 18 12 12 7 7 7 7 4 4 4 4 3 2 1 0 0 0 0 0 0 0 0 0 0 0 0 0 0 0 0 0 0 0 0 0 0 0 0 0 0 0 0 0 0 0 0 0 0 0 0 
miss window 6 0 8 8 3 2 0 0 0 0 0 0 0 0 0 0 1 1 1 1 1 0 0 0 0 0 0 0 1 1 1 1 0 0 0 0 0 0 0 0 0 1 1 1 2 2 2 2 1 1 1 0 0 
acm fire 6 0 3 6 8 9 9 9 10 11 12 13 13 13 13 13 13 14 15 15 15 15 15 15 15 15 15 15 15 15 15 15 15 16 18 19 20 21 23 23 23 23 23 23 23 23 23 23 23 24 25 25 25 
acm human 6 0 18 36 48 60 67 74 81 88 92 96 100 104 107 109 110 110 110 110 110 110 110 110 110 110 110 110 110 110 110 110 110 110 110 110 110 110 110 110 110 110 110 110 110 110 110 110 110 110 110 110 110 
acm window 6 0 8 16 19 21 21 21 21 21 21 21 21 21 21 21 22 23 24 25 26 26 26 26 26 26 26 26 27 28 29 30 30 30 30 30 30 30 30 30 30 31 32 33 35 37 39 41 42 43 44 44 44 
tsim fire 6 0 3 3 3 3 3 3 4 5 5 5 5 5 5 5 5 6 6 6 6 6 6 6 6 6 6 6 6 6 6 6 6 7 8 8 8 9 10 10 10 10 10 10 10 10 10 10 10 11 11 11 11 
tsim human 6 0 18 18 18 17 16 15 15 15 14 14 13 11 10 10 9 8 8 8 8 8 8 8 8 8 8 8 8 8 8 8 8 8 8 8 8 8 8 8 8 8 8 8 8 8 8 8 8 8 8 8 8 
tsim window 6 0 8 8 8 8 8 8 8 8 8 8 8 8 8 8 9 9 9 10 10 10 10 10 10 10 10 10 11 11 11 11 11 13 13 13 13 13 13 13 13 14 14 14 15 15 15 17 17 17 17 17 17 
runtime -1 6 0 9.2627534866333 6.866735458374023 5.9694366455078125 6.266273498535156 5.780165910720825 6.7687296867370605 6.6352949142456055 9.898253679275513 9.49105954170227 7.833116292953491 2.6101222038269043 0.6879017353057861 
avg_run -1 6 0 6.505820254484813
al_time -1 6 0 0.03481602668762207 0.029628992080688477 0.03142285346984863 0.0283510684967041 0.02939748764038086 0.04440569877624512 1.0833899974822998 0.03474998474121094 0.03595256805419922 0.044966697692871094 0.03459358215332031 0.022965431213378906 
avg_all -1 6 0 0.12122003237406413
sum 0 7 0 60 58 
sum 1 7 0 180 90 
sum 2 7 0 240 97 
sum 3 7 0 360 112 
sum 4 7 0 540 131 
sum 5 7 0 600 135 
sum 6 7 0 1200 155 
sum 7 7 0 1500 155 
sum 8 7 0 1800 156 
sum 9 7 0 2100 162 
sum 10 7 0 2400 166 
sum 11 7 0 2700 175 
sum 12 7 0 3000 190 
miss fire 7 0 3 3 2 1 0 0 1 2 1 1 0 0 0 0 0 1 1 0 0 0 0 0 0 0 0 0 0 0 0 0 0 1 2 1 1 1 2 0 0 0 0 0 0 0 0 0 0 1 1 1 1 
miss human 7 0 18 18 12 12 7 7 7 7 4 4 4 4 2 2 1 0 0 0 0 0 0 0 0 0 0 0 0 0 0 0 0 0 0 0 0 0 0 0 0 0 0 0 0 0 0 0 0 0 0 0 0 
miss window 7 0 8 8 3 2 0 0 0 0 0 0 0 0 0 0 1 1 1 2 2 2 0 0 0 0 0 0 1 0 0 0 0 0 0 0 0 0 0 0 0 1 1 1 2 2 1 3 3 3 3 1 1 
acm fire 7 0 3 6 8 9 9 9 10 12 13 14 14 14 14 14 14 15 16 16 16 16 16 16 16 16 16 16 16 16 16 16 16 17 19 20 21 22 24 24 24 24 24 24 24 24 24 24 24 25 26 27 28 
acm human 7 0 18 36 48 60 67 74 81 88 92 96 100 104 106 108 109 109 109 109 109 109 109 109 109 109 109 109 109 109 109 109 109 109 109 109 109 109 109 109 109 109 109 109 109 109 109 109 109 109 109 109 109 
acm window 7 0 8 16 19 21 21 21 21 21 21 21 21 21 21 21 22 23 24 26 28 30 30 30 30 30 30 30 31 31 31 31 31 31 31 31 31 31 31 31 31 32 33 34 36 38 39 42 45 48 51 52 53 
tsim fire 7 0 3 3 3 3 3 3 4 5 5 5 5 5 5 5 5 6 6 6 6 6 6 6 6 6 6 6 6 6 6 6 6 7 8 8 8 9 10 10 10 10 10 10 10 10 10 10 10 11 11 11 11 
tsim human 7 0 18 18 18 17 16 15 15 15 14 14 13 11 10 10 9 8 8 8 8 8 8 8 8 8 8 8 8 8 8 8 8 8 8 8 8 8 8 8 8 8 8 8 8 8 8 8 8 8 8 8 8 
tsim window 7 0 8 8 8 8 8 8 8 8 8 8 8 8 8 8 9 9 9 10 10 10 10 10 10 10 10 10 11 11 11 11 11 13 13 13 13 13 13 13 13 14 14 14 15 15 15 17 17 17 17 17 17 
runtime -1 7 0 2.7696919441223145 1.4812195301055908 1.5385899543762207 1.3890068531036377 1.4077785015106201 1.2026631832122803 1.822514295578003 1.6652815341949463 1.8867864608764648 0.6247148513793945 
avg_run -1 7 0 1.5788247108459472
al_time -1 7 0 0.03949546813964844 0.029776811599731445 0.0296323299407959 0.036243438720703125 0.04366445541381836 1.093092441558838 0.034005165100097656 0.03455471992492676 0.04687094688415527 0.0707693099975586 
avg_all -1 7 0 0.14581050872802734
sum 0 8 0 60 58 
sum 1 8 0 180 89 
sum 2 8 0 240 97 
sum 3 8 0 360 114 
sum 4 8 0 540 134 
sum 5 8 0 600 139 
sum 6 8 0 1200 155 
sum 7 8 0 1500 155 
sum 8 8 0 1800 158 
sum 9 8 0 2100 162 
sum 10 8 0 2400 168 
sum 11 8 0 2700 174 
sum 12 8 0 3000 184 
miss fire 8 0 3 3 1 1 0 0 1 2 2 2 1 1 0 0 0 1 0 0 0 0 0 0 0 0 0 0 0 0 0 0 0 1 2 0 0 1 2 1 1 0 0 0 0 0 0 0 0 1 1 0 0 
miss human 8 0 18 18 9 6 5 6 6 6 4 4 4 4 2 2 1 1 0 0 0 0 0 0 0 0 0 0 0 0 0 0 0 0 0 0 0 0 0 0 0 0 0 0 0 0 0 0 0 0 0 0 0 
miss window 8 0 8 8 8 6 3 2 2 0 0 0 0 0 0 0 1 0 0 1 1 1 0 0 0 0 0 0 1 1 1 0 0 0 0 0 0 0 0 0 0 1 1 0 1 1 1 3 2 2 2 1 1 
acm fire 8 0 3 6 7 8 8 8 9 11 13 15 16 17 17 17 17 18 18 18 18 18 18 18 18 18 18 18 18 18 18 18 18 19 21 21 21 22 24 25 26 26 26 26 26 26 26 26 26 27 28 28 28 
acm human 8 0 18 36 45 51 56 62 68 74 78 82 86 90 92 94 95 96 96 96 96 96 96 96 96 96 96 96 96 96 96 96 96 96 96 96 96 96 96 96 96 96 96 96 96 96 96 96 96 96 96 96 96 
acm window 8 0 8 16 24 30 33 35 37 37 37 37 37 37 37 37 38 38 38 39 40 41 41 41 41 41 41 41 42 43 44 44 44 44 44 44 44 44 44 44 44 45 46 46 47 48 49 52 54 56 58 59 60 
tsim fire 8 0 3 3 3 3 3 3 4 5 5 5 5 5 5 5 5 6 6 6 6 6 6 6 6 6 6 6 6 6 6 6 6 7 8 8 8 9 10 10 10 10 10 10 10 10 10 10 10 11 11 11 11 
tsim human 8 0 18 18 18 17 16 15 15 15 14 14 13 11 10 10 9 8 8 8 8 8 8 8 8 8 8 8 8 8 8 8 8 8 8 8 8 8 8 8 8 8 8 8 8 8 8 8 8 8 8 8 8 
tsim window 8 0 8 8 8 8 8 8 8 8 8 8 8 8 8 8 9 9 9 10 10 10 10 10 10 10 10 10 11 11 11 11 11 13 13 13 13 13 13 13 13 14 14 14 15 15 15 17 17 17 17 17 17 
runtime -1 8 0 2.9754557609558105 2.4226126670837402 2.0826776027679443 1.9654648303985596 1.495323657989502 2.4042301177978516 2.395235300064087 3.542877674102783 2.584085464477539 0.1753842830657959 
avg_run -1 8 0 2.2043347358703613
al_time -1 8 0 0.040770530700683594 0.029149293899536133 0.03126645088195801 0.03891420364379883 0.04917430877685547 1.2741689682006836 0.03962349891662598 0.030150175094604492 0.05636262893676758 0.023042917251586914 
avg_all -1 8 0 0.16126229763031005
sum 0 9 0 60 58 
sum 1 9 0 180 90 
sum 2 9 0 240 102 
sum 3 9 0 360 121 
sum 4 9 0 540 139 
sum 5 9 0 600 143 
sum 6 9 0 1200 159 
sum 7 9 0 1500 159 
sum 8 9 0 1800 161 
sum 9 9 0 2100 167 
sum 10 9 0 2400 177 
sum 11 9 0 2700 183 
sum 12 9 0 3000 193 
miss fire 9 0 3 3 1 1 1 0 1 2 1 1 0 0 0 0 0 1 0 0 0 0 0 0 0 0 0 0 0 0 0 0 0 1 2 1 1 1 2 2 2 1 1 0 0 0 0 0 0 1 1 1 1 
miss human 9 0 18 18 9 8 6 7 6 6 4 4 4 4 3 3 1 0 0 0 0 0 0 0 0 0 0 0 0 0 0 0 0 0 0 0 0 0 0 0 0 0 0 0 0 0 0 0 0 0 0 0 0 
miss window 9 0 8 8 7 6 5 3 2 0 0 0 0 0 0 0 1 1 0 1 1 0 0 0 0 0 0 0 1 1 0 0 0 0 0 0 0 0 0 0 0 1 1 0 1 1 1 3 2 2 2 0 0 
acm fire 9 0 3 6 7 8 9 9 10 12 13 14 14 14 14 14 14 15 15 15 15 15 15 15 15 15 15 15 15 15 15 15 15 16 18 19 20 21 23 25 27 28 29 29 29 29 29 29 29 30 31 32 33 
acm human 9 0 18 36 45 53 59 66 72 78 82 86 90 94 97 100 101 101 101 101 101 101 101 101 101 101 101 101 101 101 101 101 101 101 101 101 101 101 101 101 101 101 101 101 101 101 101 101 101 101 101 101 101 
acm window 9 0 8 16 23 29 34 37 39 39 39 39 39 39 39 39 40 41 41 42 43 43 43 43 43 43 43 43 44 45 45 45 45 45 45 45 45 45 45 45 45 46 47 47 48 49 50 53 55 57 59 59 59 
tsim fire 9 0 3 3 3 3 3 3 4 5 5 5 5 5 5 5 5 6 6 6 6 6 6 6 6 6 6 6 6 6 6 6 6 7 8 8 8 9 10 10 10 10 10 10 10 10 10 10 10 11 11 11 11 
tsim human 9 0 18 18 18 17 16 15 15 15 14 14 13 11 10 10 9 8 8 8 8 8 8 8 8 8 8 8 8 8 8 8 8 8 8 8 8 8 8 8 8 8 8 8 8 8 8 8 8 8 8 8 8 
tsim window 9 0 8 8 8 8 8 8 8 8 8 8 8 8 8 8 9 9 9 10 10 10 10 10 10 10 10 10 11 11 11 11 11 13 13 13 13 13 13 13 13 14 14 14 15 15 15 17 17 17 17 17 17 
runtime -1 9 0 1.46124267578125 1.2121727466583252 1.215193748474121 1.2842764854431152 1.1967508792877197 1.3221080303192139 1.1819853782653809 1.3911354541778564 2.075669288635254 2.0114545822143555 
avg_run -1 9 0 1.435198926925659
al_time -1 9 0 0.04043889045715332 0.02872633934020996 0.033422231674194336 0.029102563858032227 0.04198408126831055 0.04124116897583008 1.1172199249267578 0.03931283950805664 0.036328792572021484 0.046183109283447266 
avg_all -1 9 0 0.14539599418640137
sum 0 10 0 60 58 
sum 1 10 0 180 90 
sum 2 10 0 240 102 
sum 3 10 0 360 121 
sum 4 10 0 540 141 
sum 5 10 0 600 146 
sum 6 10 0 1200 162 
sum 7 10 0 1500 162 
sum 8 10 0 1800 166 
sum 9 10 0 2100 170 
sum 10 10 0 2400 174 
sum 11 10 0 2700 185 
sum 12 10 0 3000 198 
miss fire 10 0 3 3 1 1 1 0 1 2 2 2 0 0 0 0 0 1 1 1 0 0 0 0 0 0 0 0 0 0 0 0 0 1 1 1 0 1 1 1 0 0 0 0 0 0 0 0 0 1 0 0 0 
miss human 10 0 18 18 9 8 6 7 6 6 4 4 5 3 2 2 1 0 0 0 0 0 0 0 0 0 0 0 0 0 0 0 0 0 0 0 0 0 0 0 0 0 0 0 0 0 0 0 0 0 0 0 0 
miss window 10 0 8 8 7 6 5 3 2 0 0 0 0 0 0 0 1 1 1 2 0 0 0 0 0 0 0 0 1 1 1 1 0 0 0 0 0 0 0 0 0 1 1 1 2 2 2 4 4 4 4 0 0 
acm fire 10 0 3 6 7 8 9 9 10 12 14 16 16 16 16 16 16 17 18 19 19 19 19 19 19 19 19 19 19 19 19 19 19 20 21 22 22 23 24 25 25 25 25 25 25 25 25 25 25 26 26 26 26 
acm human 10 0 18 36 45 53 59 66 72 78 82 86 91 94 96 98 99 99 99 99 99 99 99 99 99 99 99 99 99 99 99 99 99 99 99 99 99 99 99 99 99 99 99 99 99 99 99 99 99 99 99 99 99 
acm window 10 0 8 16 23 29 34 37 39 39 39 39 39 39 39 39 40 41 42 44 44 44 44 44 44 44 44 44 45 46 47 48 48 48 48 48 48 48 48 48 48 49 50 51 53 55 57 61 65 69 73 73 73 
tsim fire 10 0 3 3 3 3 3 3 4 5 5 5 5 5 5 5 5 6 6 6 6 6 6 6 6 6 6 6 6 6 6 6 6 7 8 8 8 9 10 10 10 10 10 10 10 10 10 10 10 11 11 11 11 
tsim human 10 0 18 18 18 17 16 15 15 15 14 14 13 11 10 10 9 8 8 8 8 8 8 8 8 8 8 8 8 8 8 8 8 8 8 8 8 8 8 8 8 8 8 8 8 8 8 8 8 8 8 8 8 
tsim window 10 0 8 8 8 8 8 8 8 8 8 8 8 8 8 8 9 9 9 10 10 10 10 10 10 10 10 10 11 11 11 11 11 13 13 13 13 13 13 13 13 14 14 14 15 15 15 17 17 17 17 17 17 
runtime -1 10 0 1.963705062866211 1.5704472064971924 1.2264299392700195 1.2180969715118408 1.9459576606750488 1.6804494857788086 2.6213324069976807 1.5374703407287598 2.4995436668395996 2.3756139278411865 0.42803215980529785 
avg_run -1 10 0 1.7333708026192405
al_time -1 10 0 0.041762590408325195 0.029317855834960938 0.08853292465209961 0.029431581497192383 0.046190738677978516 1.1006393432617188 0.03401374816894531 0.0743718147277832 0.036824703216552734 0.05591750144958496 0.026719331741333008 
avg_all -1 10 0 0.1421565576033159
random:1T:3000
sum 0 0 1 60 61 
sum 1 0 1 180 97 
sum 2 0 1 240 107 
sum 3 0 1 360 122 
sum 4 0 1 540 148 
sum 5 0 1 600 151 
sum 6 0 1 1200 188 
sum 7 0 1 1500 204 
sum 8 0 1 1800 224 
sum 9 0 1 2100 247 
sum 10 0 1 2400 258 
sum 11 0 1 2700 267 
sum 12 0 1 3000 273 
miss fire 0 1 2 2 1 0 0 1 1 1 1 2 2 2 1 1 1 1 2 1 1 0 0 0 0 0 0 0 0 0 0 0 1 1 1 0 0 1 1 0 0 1 1 2 1 1 1 0 0 2 1 0 0 
miss human 0 1 23 22 17 12 8 7 5 6 8 8 1 1 5 5 4 2 1 1 1 1 0 0 0 0 0 0 0 0 0 0 0 0 0 0 0 0 0 0 0 0 0 0 0 0 0 0 0 0 0 0 0 
miss window 0 1 6 6 4 2 2 1 0 0 0 0 0 0 0 0 0 0 0 0 2 2 2 2 3 3 4 4 3 4 4 4 4 4 4 4 4 4 4 2 2 0 0 0 1 1 1 1 1 0 2 0 0 
acm fire 0 1 2 4 5 5 5 6 7 8 9 11 13 15 16 17 18 19 21 22 23 23 23 23 23 23 23 23 23 23 23 23 24 25 26 26 26 27 28 28 28 29 30 32 33 34 35 35 35 37 38 38 38 
acm human 0 1 23 45 62 74 82 89 94 100 108 116 117 118 123 128 132 134 135 136 137 138 138 138 138 138 138 138 138 138 138 138 138 138 138 138 138 138 138 138 138 138 138 138 138 138 138 138 138 138 138 138 138 
acm window 0 1 6 12 16 18 20 21 21 21 21 21 21 21 21 21 21 21 21 21 23 25 27 29 32 35 39 43 46 50 54 58 62 66 70 74 78 82 86 88 90 90 90 90 91 92 93 94 95 95 97 97 97 
tsim fire 0 1 2 2 2 2 2 3 3 3 3 5 5 5 6 6 7 7 8 8 8 8 8 8 8 8 8 8 8 8 8 8 8 8 8 7 7 8 8 8 8 9 9 10 11 11 11 11 11 13 13 13 13 
tsim human 0 1 23 22 22 21 21 18 18 17 15 15 14 14 14 14 16 14 13 13 13 13 13 13 13 13 13 13 13 13 13 13 13 13 13 13 13 13 13 13 13 13 13 13 13 13 13 13 13 13 13 13 13 
tsim window 0 1 6 6 6 6 6 6 6 6 6 6 6 6 6 6 9 9 12 12 14 14 14 14 15 15 16 16 16 17 17 17 17 17 17 17 17 17 17 17 17 17 17 17 18 18 18 18 18 18 20 20 20 
runtime -1 0 1 0.8181705474853516 0.6419382095336914 0.6224074363708496 0.6531188488006592 0.8778913021087646 0.8271152973175049 0.6820938587188721 0.4520118236541748 0.24872469902038574 
avg_run -1 0 1 0.6470524470011393
al_time -1 0 1 0.04820871353149414 0.06183338165283203 0.06163811683654785 6.544710874557495 0.05176281929016113 0.06059622764587402 0.05579400062561035 0.05753374099731445 0.0515744686126709 
avg_all -1 0 1 0.7770724826388888
sum 0 1 1 60 61 
sum 1 1 1 180 94 
sum 2 1 1 240 106 
sum 3 1 1 360 128 
sum 4 1 1 540 150 
sum 5 1 1 600 153 
sum 6 1 1 1200 185 
sum 7 1 1 1500 196 
sum 8 1 1 1800 199 
sum 9 1 1 2100 203 
sum 10 1 1 2400 207 
sum 11 1 1 2700 219 
sum 12 1 1 3000 233 
miss fire 1 1 2 2 1 1 1 2 1 0 0 2 2 2 2 2 2 2 3 2 2 1 1 0 0 0 0 0 0 0 0 0 0 0 0 1 1 2 2 0 0 1 1 2 3 2 2 2 2 4 2 2 2 
miss human 1 1 23 22 12 7 5 5 5 5 7 7 1 1 1 1 3 1 0 0 0 0 0 0 0 0 0 0 0 0 0 0 0 0 0 0 0 0 0 0 0 0 0 0 0 0 0 0 0 0 0 0 0 
miss window 1 1 6 6 6 6 6 6 3 1 0 0 0 0 0 0 0 0 0 0 2 2 2 2 3 2 2 2 2 1 0 0 0 0 0 0 0 0 0 0 0 0 0 0 1 0 0 0 0 0 2 0 0 
acm fire 1 1 2 4 5 6 7 9 10 10 10 12 14 16 18 20 22 24 27 29 31 32 33 33 33 33 33 33 33 33 33 33 33 33 33 34 35 37 39 39 39 40 41 43 46 48 50 52 54 58 60 62 64 
acm human 1 1 23 45 57 64 69 74 79 84 91 98 99 100 101 102 105 106 106 106 106 106 106 106 106 106 106 106 106 106 106 106 106 106 106 106 106 106 106 106 106 106 106 106 106 106 106 106 106 106 106 106 106 
acm window 1 1 6 12 18 24 30 36 39 40 40 40 40 40 40 40 40 40 40 40 42 44 46 48 51 53 55 57 59 60 60 60 60 60 60 60 60 60 60 60 60 60 60 60 61 61 61 61 61 61 63 63 63 
tsim fire 1 1 2 2 2 2 2 3 3 3 3 5 5 5 6 6 7 7 8 8 8 8 8 8 8 8 8 8 8 8 8 8 8 8 8 7 7 8 8 8 8 9 9 10 11 11 11 11 11 13 13 13 13 
tsim human 1 1 23 22 22 21 21 18 18 17 15 15 14 14 14 14 16 14 13 13 13 13 13 13 13 13 13 13 13 13 13 13 13 13 13 13 13 13 13 13 13 13 13 13 13 13 13 13 13 13 13 13 13 
tsim window 1 1 6 6 6 6 6 6 6 6 6 6 6 6 6 6 9 9 12 12 14 14 14 14 15 15 16 16 16 17 17 17 17 17 17 17 17 17 17 17 17 17 17 17 18 18 18 18 18 18 20 20 20 
runtime -1 1 1 6.368332147598267 10.542179107666016 12.574448108673096 11.893237352371216 9.40664792060852 12.695340633392334 15.670542240142822 18.82699465751648 16.307154417037964 12.090855121612549 9.426921367645264 2.5786781311035156 
avg_run -1 1 1 11.531777600447336
al_time -1 1 1 0.0537874698638916 0.03946638107299805 0.04184913635253906 1.6330482959747314 1.8881340026855469 0.04715728759765625 0.09743356704711914 0.05674576759338379 0.05257225036621094 0.04976367950439453 0.05748891830444336 0.03983759880065918 
avg_all -1 1 1 0.33810702959696454
sum 0 2 1 60 61 
sum 1 2 1 180 91 
sum 2 2 1 240 105 
sum 3 2 1 360 129 
sum 4 2 1 540 157 
sum 5 2 1 600 164 
sum 6 2 1 1200 201 
sum 7 2 1 1500 214 
sum 8 2 1 1800 224 
sum 9 2 1 2100 228 
sum 10 2 1 2400 237 
sum 11 2 1 2700 258 
sum 12 2 1 3000 284 
miss fire 2 1 2 2 0 0 0 1 1 0 0 2 2 2 2 2 1 1 1 1 0 0 0 0 0 0 0 0 0 0 1 1 0 0 0 1 1 2 2 2 1 2 2 3 4 4 3 3 2 4 4 4 4 
miss human 2 1 23 22 10 8 8 7 5 6 8 8 5 5 5 5 4 2 0 0 0 0 0 0 0 0 0 0 0 0 0 0 0 0 0 0 0 0 0 0 0 0 0 0 0 0 0 0 0 0 0 0 0 
miss window 2 1 6 6 6 6 6 6 4 2 2 0 0 0 0 0 0 0 0 0 2 2 2 2 3 2 3 3 3 3 1 1 0 0 0 0 0 0 0 0 0 0 0 0 1 1 1 1 1 1 2 2 2 
acm fire 2 1 2 4 4 4 4 5 6 6 6 8 10 12 14 16 17 18 19 20 20 20 20 20 20 20 20 20 20 20 21 22 22 22 22 23 24 26 28 30 31 33 35 38 42 46 49 52 54 58 62 66 70 
acm human 2 1 23 45 55 63 71 78 83 89 97 105 110 115 120 125 129 131 131 131 131 131 131 131 131 131 131 131 131 131 131 131 131 131 131 131 131 131 131 131 131 131 131 131 131 131 131 131 131 131 131 131 131 
acm window 2 1 6 12 18 24 30 36 40 42 44 44 44 44 44 44 44 44 44 44 46 48 50 52 55 57 60 63 66 69 70 71 71 71 71 71 71 71 71 71 71 71 71 71 72 73 74 75 76 77 79 81 83 
tsim fire 2 1 2 2 2 2 2 3 3 3 3 5 5 5 6 6 7 7 8 8 8 8 8 8 8 8 8 8 8 8 8 8 8 8 8 7 7 8 8 8 8 9 9 10 11 11 11 11 11 13 13 13 13 
tsim human 2 1 23 22 22 21 21 18 18 17 15 15 14 14 14 14 16 14 13 13 13 13 13 13 13 13 13 13 13 13 13 13 13 13 13 13 13 13 13 13 13 13 13 13 13 13 13 13 13 13 13 13 13 
tsim window 2 1 6 6 6 6 6 6 6 6 6 6 6 6 6 6 9 9 12 12 14 14 14 14 15 15 16 16 16 17 17 17 17 17 17 17 17 17 17 17 17 17 17 17 18 18 18 18 18 18 20 20 20 
runtime -1 2 1 19.35531997680664 13.287052392959595 10.666580438613892 5.994849443435669 6.727181911468506 9.606056213378906 6.771912336349487 6.39774227142334 5.6227641105651855 4.152022123336792 
avg_run -1 2 1 8.858148121833802
al_time -1 2 1 0.05350136756896973 0.040026187896728516 0.021628618240356445 0.8820376396179199 0.9585294723510742 0.029109477996826172 0.03286290168762207 0.02836132049560547 0.0267333984375 0.04630637168884277 
avg_all -1 2 1 0.21190967559814453
sum 0 3 1 60 61 
sum 1 3 1 180 90 
sum 2 3 1 240 104 
sum 3 3 1 360 134 
sum 4 3 1 540 159 
sum 5 3 1 600 163 
sum 6 3 1 1200 218 
sum 7 3 1 1500 239 
sum 8 3 1 1800 254 
sum 9 3 1 2100 269 
sum 10 3 1 2400 280 
sum 11 3 1 2700 297 
sum 12 3 1 3000 318 
miss fire 3 1 2 2 1 1 1 2 2 2 0 2 2 2 3 2 3 1 2 0 0 0 0 0 0 0 0 0 0 0 0 0 0 0 0 1 1 2 1 1 1 2 1 2 2 2 1 1 1 2 2 1 1 
miss human 3 1 23 22 8 7 7 8 8 5 7 2 1 5 3 3 5 3 1 1 0 0 0 0 1 1 1 1 1 0 0 0 0 0 0 0 0 0 0 0 0 0 0 0 0 0 0 0 0 0 0 0 0 
miss window 3 1 6 6 6 6 6 6 4 4 2 1 1 1 1 1 1 1 2 2 4 4 4 4 4 3 3 3 2 3 3 3 3 3 3 2 2 1 1 1 1 1 1 1 2 2 2 2 2 2 4 3 3 
acm fire 3 1 2 4 5 6 7 9 11 13 13 15 17 19 22 24 27 28 30 30 30 30 30 30 30 30 30 30 30 30 30 30 30 30 30 31 32 34 35 36 37 39 40 42 44 46 47 48 49 51 53 54 55 
acm human 3 1 23 45 53 60 67 75 83 88 95 97 98 103 106 109 114 117 118 119 119 119 119 119 120 121 122 123 124 124 124 124 124 124 124 124 124 124 124 124 124 124 124 124 124 124 124 124 124 124 124 124 124 
acm window 3 1 6 12 18 24 30 36 40 44 46 47 48 49 50 51 52 53 55 57 61 65 69 73 77 80 83 86 88 91 94 97 100 103 106 108 110 111 112 113 114 115 116 117 119 121 123 125 127 129 133 136 139 
tsim fire 3 1 2 2 2 2 2 3 3 3 3 5 5 5 6 6 7 7 8 8 8 8 8 8 8 8 8 8 8 8 8 8 8 8 8 7 7 8 8 8 8 9 9 10 11 11 11 11 11 13 13 13 13 
tsim human 3 1 23 22 22 21 21 18 18 17 15 15 14 14 14 14 16 14 13 13 13 13 13 13 13 13 13 13 13 13 13 13 13 13 13 13 13 13 13 13 13 13 13 13 13 13 13 13 13 13 13 13 13 
tsim window 3 1 6 6 6 6 6 6 6 6 6 6 6 6 6 6 9 9 12 12 14 14 14 14 15 15 16 16 16 17 17 17 17 17 17 17 17 17 17 17 17 17 17 17 18 18 18 18 18 18 20 20 20 
runtime -1 3 1 0.035297393798828125 0.07211446762084961 0.03533315658569336 0.03555107116699219 0.035310983657836914 0.03534889221191406 
avg_run -1 3 1 0.04149266084035238
al_time -1 3 1 0.05179333686828613 0.051355600357055664 0.05031108856201172 0.050534963607788086 0.05037808418273926 0.04426002502441406 
avg_all -1 3 1 0.049772183100382485
sum 0 4 1 60 61 
sum 1 4 1 180 97 
sum 2 4 1 240 110 
sum 3 4 1 360 134 
sum 4 4 1 540 159 
sum 5 4 1 600 162 
sum 6 4 1 1200 189 
sum 7 4 1 1500 198 
sum 8 4 1 1800 211 
sum 9 4 1 2100 215 
sum 10 4 1 2400 221 
sum 11 4 1 2700 232 
sum 12 4 1 3000 248 
miss fire 4 1 2 2 1 1 1 2 1 0 0 2 2 2 3 3 1 1 2 2 0 0 0 0 0 0 0 0 0 0 1 1 0 0 0 1 1 2 2 1 1 1 1 1 2 2 2 2 2 3 3 1 1 
miss human 4 1 23 22 13 9 6 6 6 6 8 8 1 1 1 1 3 1 0 0 0 0 0 0 0 0 0 0 0 0 0 0 0 0 0 0 0 0 0 0 0 0 0 0 0 0 0 0 0 0 0 0 0 
miss window 4 1 6 6 6 6 6 6 3 1 0 0 0 0 0 0 0 0 0 0 2 2 2 2 2 1 2 2 2 3 3 3 0 0 0 0 0 0 0 0 0 0 0 0 1 1 0 0 0 0 2 2 2 
acm fire 4 1 2 4 5 6 7 9 10 10 10 12 14 16 19 22 23 24 26 28 28 28 28 28 28 28 28 28 28 28 29 30 30 30 30 31 32 34 36 37 38 39 40 41 43 45 47 49 51 54 57 58 59 
acm human 4 1 23 45 58 67 73 79 85 91 99 107 108 109 110 111 114 115 115 115 115 115 115 115 115 115 115 115 115 115 115 115 115 115 115 115 115 115 115 115 115 115 115 115 115 115 115 115 115 115 115 115 115 
acm window 4 1 6 12 18 24 30 36 39 40 40 40 40 40 40 40 40 40 40 40 42 44 46 48 50 51 53 55 57 60 63 66 66 66 66 66 66 66 66 66 66 66 66 66 67 68 68 68 68 68 70 72 74 
tsim fire 4 1 2 2 2 2 2 3 3 3 3 5 5 5 6 6 7 7 8 8 8 8 8 8 8 8 8 8 8 8 8 8 8 8 8 7 7 8 8 8 8 9 9 10 11 11 11 11 11 13 13 13 13 
tsim human 4 1 23 22 22 21 21 18 18 17 15 15 14 14 14 14 16 14 13 13 13 13 13 13 13 13 13 13 13 13 13 13 13 13 13 13 13 13 13 13 13 13 13 13 13 13 13 13 13 13 13 13 13 
tsim window 4 1 6 6 6 6 6 6 6 6 6 6 6 6 6 6 9 9 12 12 14 14 14 14 15 15 16 16 16 17 17 17 17 17 17 17 17 17 17 17 17 17 17 17 18 18 18 18 18 18 20 20 20 
runtime -1 4 1 6.3669657707214355 10.502989768981934 11.125344038009644 11.386983633041382 4.58564305305481 9.108480215072632 9.534021854400635 7.531218528747559 5.886010646820068 1.4076528549194336 0.7818784713745117 
avg_run -1 4 1 7.110653530467641
al_time -1 4 1 0.05368208885192871 0.0394129753112793 0.0420832633972168 2.355374336242676 0.029192447662353516 0.033994436264038086 0.02547907829284668 0.026440858840942383 0.02934122085571289 0.027424097061157227 0.05732369422912598 
avg_all -1 4 1 0.24724986336447977
sum 0 5 1 60 61 
sum 1 5 1 180 96 
sum 2 5 1 240 112 
sum 3 5 1 360 143 
sum 4 5 1 540 178 
sum 5 5 1 600 187 
sum 6 5 1 1200 261 
sum 7 5 1 1500 270 
sum 8 5 1 1800 275 
sum 9 5 1 2100 279 
sum 10 5 1 2400 284 
sum 11 5 1 2700 296 
sum 12 5 1 3000 309 
miss fire 5 1 2 2 2 1 1 2 2 0 0 2 1 1 2 2 3 2 3 3 3 2 2 1 1 1 1 0 0 0 0 0 0 0 0 1 1 2 2 2 0 1 0 1 2 2 2 1 1 3 2 2 2 
miss human 5 1 23 22 10 10 9 8 8 8 10 10 8 8 8 8 10 5 4 1 1 1 1 0 0 0 0 0 0 0 0 0 0 0 0 0 0 0 0 0 0 0 0 0 0 0 0 0 0 0 0 0 0 
miss window 5 1 6 6 6 6 6 6 5 2 2 1 0 0 0 0 0 0 0 0 2 1 1 1 2 0 1 1 1 1 1 1 1 0 0 0 0 0 0 0 0 0 0 0 1 1 1 1 1 0 2 0 0 
acm fire 5 1 2 4 6 7 8 10 12 12 12 14 15 16 18 20 23 25 28 31 34 36 38 39 40 41 42 42 42 42 42 42 42 42 42 43 44 46 48 50 50 51 51 52 54 56 58 59 60 63 65 67 69 
acm human 5 1 23 45 55 65 74 82 90 98 108 118 126 134 142 150 160 165 169 170 171 172 173 173 173 173 173 173 173 173 173 173 173 173 173 173 173 173 173 173 173 173 173 173 173 173 173 173 173 173 173 173 173 
acm window 5 1 6 12 18 24 30 36 41 43 45 46 46 46 46 46 46 46 46 46 48 49 50 51 53 53 54 55 56 57 58 59 60 60 60 60 60 60 60 60 60 60 60 60 61 62 63 64 65 65 67 67 67 
tsim fire 5 1 2 2 2 2 2 3 3 3 3 5 5 5 6 6 7 7 8 8 8 8 8 8 8 8 8 8 8 8 8 8 8 8 8 7 7 8 8 8 8 9 9 10 11 11 11 11 11 13 13 13 13 
tsim human 5 1 23 22 22 21 21 18 18 17 15 15 14 14 14 14 16 14 13 13 13 13 13 13 13 13 13 13 13 13 13 13 13 13 13 13 13 13 13 13 13 13 13 13 13 13 13 13 13 13 13 13 13 
tsim window 5 1 6 6 6 6 6 6 6 6 6 6 6 6 6 6 9 9 12 12 14 14 14 14 15 15 16 16 16 17 17 17 17 17 17 17 17 17 17 17 17 17 17 17 18 18 18 18 18 18 20 20 20 
runtime -1 5 1 19.535811185836792 15.14769458770752 33.57148766517639 14.222665786743164 14.904704332351685 15.488765954971313 13.564954042434692 19.941296815872192 18.186257123947144 17.724093914031982 16.703513383865356 7.870866060256958 3.243915557861328 
avg_run -1 5 1 16.162002031619732
al_time -1 5 1 0.11410808563232422 0.04487204551696777 0.04890751838684082 1.8129692077636719 0.04665398597717285 0.04710721969604492 2.5089845657348633 0.10061192512512207 0.05638408660888672 0.05318021774291992 0.05981802940368652 0.05527377128601074 0.04262971878051758 
avg_all -1 5 1 0.38396156751192534
sum 0 6 1 60 61 
sum 1 6 1 180 97 
sum 2 6 1 240 107 
sum 3 6 1 360 122 
sum 4 6 1 540 149 
sum 5 6 1 600 157 
sum 6 6 1 1200 193 
sum 7 6 1 1500 199 
sum 8 6 1 1800 202 
sum 9 6 1 2100 206 
sum 10 6 1 2400 212 
sum 11 6 1 2700 223 
sum 12 6 1 3000 238 
miss fire 6 1 2 2 1 0 0 1 1 1 1 3 3 3 3 3 1 1 1 1 0 0 0 0 0 0 0 0 0 0 0 0 0 0 0 1 1 2 2 2 0 1 1 2 3 1 1 0 0 2 2 1 1 
miss human 6 1 23 22 17 12 8 7 5 6 8 8 5 5 3 3 4 2 0 0 0 0 0 0 0 0 0 0 0 0 0 0 0 0 0 0 0 0 0 0 0 0 0 0 0 0 0 0 0 0 0 0 0 
miss window 6 1 6 6 4 2 2 1 0 0 0 0 0 0 0 0 0 0 0 0 2 2 2 2 1 1 2 0 0 1 1 1 0 0 0 0 0 0 0 0 0 0 0 0 1 1 1 1 1 1 3 2 2 
acm fire 6 1 2 4 5 5 5 6 7 8 9 12 15 18 21 24 25 26 27 28 28 28 28 28 28 28 28 28 28 28 28 28 28 28 28 29 30 32 34 36 36 37 38 40 43 44 45 45 45 47 49 50 51 
acm human 6 1 23 45 62 74 82 89 94 100 108 116 121 126 129 132 136 138 138 138 138 138 138 138 138 138 138 138 138 138 138 138 138 138 138 138 138 138 138 138 138 138 138 138 138 138 138 138 138 138 138 138 138 
acm window 6 1 6 12 16 18 20 21 21 21 21 21 21 21 21 21 21 21 21 21 23 25 27 29 30 31 33 33 33 34 35 36 36 36 36 36 36 36 36 36 36 36 36 36 37 38 39 40 41 42 45 47 49 
tsim fire 6 1 2 2 2 2 2 3 3 3 3 5 5 5 6 6 7 7 8 8 8 8 8 8 8 8 8 8 8 8 8 8 8 8 8 7 7 8 8 8 8 9 9 10 11 11 11 11 11 13 13 13 13 
tsim human 6 1 23 22 22 21 21 18 18 17 15 15 14 14 14 14 16 14 13 13 13 13 13 13 13 13 13 13 13 13 13 13 13 13 13 13 13 13 13 13 13 13 13 13 13 13 13 13 13 13 13 13 13 
tsim window 6 1 6 6 6 6 6 6 6 6 6 6 6 6 6 6 9 9 12 12 14 14 14 14 15 15 16 16 16 17 17 17 17 17 17 17 17 17 17 17 17 17 17 17 18 18 18 18 18 18 20 20 20 
runtime -1 6 1 23.39634680747986 15.939794301986694 14.88445782661438 15.817976474761963 17.291889905929565 23.106502056121826 22.905045747756958 20.51896619796753 15.396054744720459 10.266752481460571 5.9357380867004395 
avg_run -1 6 1 16.85995678468184
al_time -1 6 1 0.052490949630737305 0.0742502212524414 0.03809666633605957 2.1182332038879395 2.3238813877105713 0.06279873847961426 0.0776679515838623 0.05275559425354004 0.05268239974975586 0.05273699760437012 0.05676913261413574 
avg_all -1 6 1 0.4511239311911843
sum 0 7 1 60 61 
sum 1 7 1 180 97 
sum 2 7 1 240 107 
sum 3 7 1 360 122 
sum 4 7 1 540 149 
sum 5 7 1 600 155 
sum 6 7 1 1200 187 
sum 7 7 1 1500 196 
sum 8 7 1 1800 200 
sum 9 7 1 2100 205 
sum 10 7 1 2400 209 
sum 11 7 1 2700 220 
sum 12 7 1 3000 232 
miss fire 7 1 2 2 1 0 0 1 1 1 1 3 1 1 2 2 2 2 1 1 0 0 0 0 0 0 0 0 0 0 0 0 0 0 0 1 1 2 2 0 0 1 1 1 2 2 1 1 0 2 2 1 1 
miss human 7 1 23 22 17 12 8 7 5 6 8 8 5 5 3 3 3 1 0 0 0 0 0 0 0 0 0 0 0 0 0 0 0 0 0 0 0 0 0 0 0 0 0 0 0 0 0 0 0 0 0 0 0 
miss window 7 1 6 6 4 2 2 1 0 0 0 0 0 0 0 0 0 0 0 0 2 2 2 2 2 2 3 0 0 1 1 1 1 1 0 0 0 0 0 0 0 0 0 0 1 1 1 1 0 0 2 2 2 
acm fire 7 1 2 4 5 5 5 6 7 8 9 12 13 14 16 18 20 22 23 24 24 24 24 24 24 24 24 24 24 24 24 24 24 24 24 25 26 28 30 30 30 31 32 33 35 37 38 39 39 41 43 44 45 
acm human 7 1 23 45 62 74 82 89 94 100 108 116 121 126 129 132 135 136 136 136 136 136 136 136 136 136 136 136 136 136 136 136 136 136 136 136 136 136 136 136 136 136 136 136 136 136 136 136 136 136 136 136 136 
acm window 7 1 6 12 16 18 20 21 21 21 21 21 21 21 21 21 21 21 21 21 23 25 27 29 31 33 36 36 36 37 38 39 40 41 41 41 41 41 41 41 41 41 41 41 42 43 44 45 45 45 47 49 51 
tsim fire 7 1 2 2 2 2 2 3 3 3 3 5 5 5 6 6 7 7 8 8 8 8 8 8 8 8 8 8 8 8 8 8 8 8 8 7 7 8 8 8 8 9 9 10 11 11 11 11 11 13 13 13 13 
tsim human 7 1 23 22 22 21 21 18 18 17 15 15 14 14 14 14 16 14 13 13 13 13 13 13 13 13 13 13 13 13 13 13 13 13 13 13 13 13 13 13 13 13 13 13 13 13 13 13 13 13 13 13 13 
tsim window 7 1 6 6 6 6 6 6 6 6 6 6 6 6 6 6 9 9 12 12 14 14 14 14 15 15 16 16 16 17 17 17 17 17 17 17 17 17 17 17 17 17 17 17 18 18 18 18 18 18 20 20 20 
runtime -1 7 1 4.3729798793792725 3.1601362228393555 2.8552300930023193 3.3586087226867676 3.1695172786712646 4.763983488082886 3.4593467712402344 3.215843915939331 3.047412633895874 2.529959201812744 1.8615338802337646 1.4134037494659424 
avg_run -1 7 1 3.1006629864374795
al_time -1 7 1 0.05236387252807617 0.06688594818115234 0.04351925849914551 2.011409044265747 2.354339599609375 0.06596684455871582 0.06792068481445312 0.08110833168029785 0.05151009559631348 0.05504202842712402 0.053701162338256836 0.19855904579162598 
avg_all -1 7 1 0.4251938263575236
sum 0 8 1 60 61 
sum 1 8 1 180 97 
sum 2 8 1 240 111 
sum 3 8 1 360 133 
sum 4 8 1 540 155 
sum 5 8 1 600 161 
sum 6 8 1 1200 185 
sum 7 8 1 1500 192 
sum 8 8 1 1800 199 
sum 9 8 1 2100 201 
sum 10 8 1 2400 207 
sum 11 8 1 2700 223 
sum 12 8 1 3000 239 
miss fire 8 1 2 2 0 0 0 1 1 0 0 2 2 2 1 1 1 1 1 1 0 0 0 0 0 0 0 0 0 0 1 1 1 0 0 1 0 1 1 1 1 2 1 2 3 3 3 1 1 2 2 1 1 
miss human 8 1 23 22 14 10 8 6 4 4 6 6 4 4 1 1 3 1 0 0 0 0 0 0 0 0 0 0 0 0 0 0 0 0 0 0 0 0 0 0 0 0 0 0 0 0 0 0 0 0 0 0 0 
miss window 8 1 6 6 6 6 6 6 4 2 2 0 0 0 0 0 0 0 0 0 2 2 2 1 2 1 2 1 0 1 1 1 1 0 0 0 0 0 0 0 0 0 0 0 1 1 1 1 1 1 3 2 2 
acm fire 8 1 2 4 4 4 4 5 6 6 6 8 10 12 13 14 15 16 17 18 18 18 18 18 18 18 18 18 18 18 19 20 21 21 21 22 22 23 24 25 26 28 29 31 34 37 40 41 42 44 46 47 48 
acm human 8 1 23 45 59 69 77 83 87 91 97 103 107 111 112 113 116 117 117 117 117 117 117 117 117 117 117 117 117 117 117 117 117 117 117 117 117 117 117 117 117 117 117 117 117 117 117 117 117 117 117 117 117 
acm window 8 1 6 12 18 24 30 36 40 42 44 44 44 44 44 44 44 44 44 44 46 48 50 51 53 54 56 57 57 58 59 60 61 61 61 61 61 61 61 61 61 61 61 61 62 63 64 65 66 67 70 72 74 
tsim fire 8 1 2 2 2 2 2 3 3 3 3 5 5 5 6 6 7 7 8 8 8 8 8 8 8 8 8 8 8 8 8 8 8 8 8 7 7 8 8 8 8 9 9 10 11 11 11 11 11 13 13 13 13 
tsim human 8 1 23 22 22 21 21 18 18 17 15 15 14 14 14 14 16 14 13 13 13 13 13 13 13 13 13 13 13 13 13 13 13 13 13 13 13 13 13 13 13 13 13 13 13 13 13 13 13 13 13 13 13 
tsim window 8 1 6 6 6 6 6 6 6 6 6 6 6 6 6 6 9 9 12 12 14 14 14 14 15 15 16 16 16 17 17 17 17 17 17 17 17 17 17 17 17 17 17 17 18 18 18 18 18 18 20 20 20 
runtime -1 8 1 4.4849019050598145 3.4407958984375 2.9945809841156006 3.048858404159546 3.910702705383301 3.657914400100708 3.0701146125793457 3.9545469284057617 2.5098817348480225 1.4299521446228027 0.6917567253112793 0.2763078212738037 
avg_run -1 8 1 2.789192855358124
al_time -1 8 1 0.0574188232421875 0.042952537536621094 0.04393315315246582 1.7529609203338623 2.4012179374694824 0.11226391792297363 0.05848503112792969 0.05850958824157715 0.08314394950866699 0.05296730995178223 0.05210256576538086 0.0852057933807373 
avg_all -1 8 1 0.40009679396947223
sum 0 9 1 60 61 
sum 1 9 1 180 102 
sum 2 9 1 240 119 
sum 3 9 1 360 142 
sum 4 9 1 540 164 
sum 5 9 1 600 167 
sum 6 9 1 1200 194 
sum 7 9 1 1500 203 
sum 8 9 1 1800 204 
sum 9 9 1 2100 208 
sum 10 9 1 2400 210 
sum 11 9 1 2700 218 
sum 12 9 1 3000 232 
miss fire 9 1 2 2 2 2 2 3 1 0 0 2 2 2 3 3 1 1 2 1 1 0 0 0 0 0 0 0 0 0 0 0 0 0 0 1 1 2 0 0 0 1 1 1 2 1 1 0 0 2 2 2 2 
miss human 9 1 23 22 14 11 9 5 5 5 7 7 1 1 1 1 3 1 0 0 0 0 0 0 0 0 0 0 0 0 0 0 0 0 0 0 0 0 0 0 0 0 0 0 0 0 0 0 0 0 0 0 0 
miss window 9 1 6 6 6 6 6 6 3 1 0 0 0 0 0 0 0 0 0 0 2 2 2 2 3 2 1 1 0 1 0 0 0 0 0 0 0 0 0 0 0 0 0 0 1 1 1 0 0 0 2 2 2 
acm fire 9 1 2 4 6 8 10 13 14 14 14 16 18 20 23 26 27 28 30 31 32 32 32 32 32 32 32 32 32 32 32 32 32 32 32 33 34 36 36 36 36 37 38 39 41 42 43 43 43 45 47 49 51 
acm human 9 1 23 45 59 70 79 84 89 94 101 108 109 110 111 112 115 116 116 116 116 116 116 116 116 116 116 116 116 116 116 116 116 116 116 116 116 116 116 116 116 116 116 116 116 116 116 116 116 116 116 116 116 
acm window 9 1 6 12 18 24 30 36 39 40 40 40 40 40 40 40 40 40 40 40 42 44 46 48 51 53 54 55 55 56 56 56 56 56 56 56 56 56 56 56 56 56 56 56 57 58 59 59 59 59 61 63 65 
tsim fire 9 1 2 2 2 2 2 3 3 3 3 5 5 5 6 6 7 7 8 8 8 8 8 8 8 8 8 8 8 8 8 8 8 8 8 7 7 8 8 8 8 9 9 10 11 11 11 11 11 13 13 13 13 
tsim human 9 1 23 22 22 21 21 18 18 17 15 15 14 14 14 14 16 14 13 13 13 13 13 13 13 13 13 13 13 13 13 13 13 13 13 13 13 13 13 13 13 13 13 13 13 13 13 13 13 13 13 13 13 
tsim window 9 1 6 6 6 6 6 6 6 6 6 6 6 6 6 6 9 9 12 12 14 14 14 14 15 15 16 16 16 17 17 17 17 17 17 17 17 17 17 17 17 17 17 17 18 18 18 18 18 18 20 20 20 
runtime -1 9 1 0.7000210285186768 2.362483501434326 3.670536994934082 2.489471912384033 2.7390964031219482 2.415916681289673 3.4876840114593506 3.3572497367858887 2.210639715194702 1.4492638111114502 1.6152286529541016 
avg_run -1 9 1 2.408872040835294
al_time -1 9 1 0.05349087715148926 0.04062795639038086 0.0430300235748291 1.8059275150299072 2.5715835094451904 0.16921043395996094 0.06060910224914551 0.05946087837219238 0.04761195182800293 0.05422616004943848 0.04392838478088379 
avg_all -1 9 1 0.44997334480285645
sum 0 10 1 60 61 
sum 1 10 1 180 93 
sum 2 10 1 240 106 
sum 3 10 1 360 132 
sum 4 10 1 540 160 
sum 5 10 1 600 163 
sum 6 10 1 1200 186 
sum 7 10 1 1500 195 
sum 8 10 1 1800 206 
sum 9 10 1 2100 210 
sum 10 10 1 2400 212 
sum 11 10 1 2700 220 
sum 12 10 1 3000 232 
miss fire 10 1 2 2 0 0 0 1 1 0 0 2 2 2 2 2 1 1 1 1 0 0 0 0 0 0 0 0 0 0 0 0 0 0 0 1 1 2 0 0 0 1 1 2 1 1 1 1 0 2 2 1 1 
miss human 10 1 23 22 11 9 7 8 7 7 9 9 1 1 1 1 3 1 0 0 0 0 0 0 0 0 0 0 0 0 0 0 0 0 0 0 0 0 0 0 0 0 0 0 0 0 0 0 0 0 0 0 0 
miss window 10 1 6 6 6 6 6 6 3 1 0 0 0 0 0 0 0 0 0 0 2 2 2 1 2 2 2 2 2 3 3 3 0 0 0 0 0 0 0 0 0 0 0 0 1 1 0 0 0 0 2 2 2 
acm fire 10 1 2 4 4 4 4 5 6 6 6 8 10 12 14 16 17 18 19 20 20 20 20 20 20 20 20 20 20 20 20 20 20 20 20 21 22 24 24 24 24 25 26 28 29 30 31 32 32 34 36 37 38 
acm human 10 1 23 45 56 65 72 80 87 94 103 112 113 114 115 116 119 120 120 120 120 120 120 120 120 120 120 120 120 120 120 120 120 120 120 120 120 120 120 120 120 120 120 120 120 120 120 120 120 120 120 120 120 
acm window 10 1 6 12 18 24 30 36 39 40 40 40 40 40 40 40 40 40 40 40 42 44 46 47 49 51 53 55 57 60 63 66 66 66 66 66 66 66 66 66 66 66 66 66 67 68 68 68 68 68 70 72 74 
tsim fire 10 1 2 2 2 2 2 3 3 3 3 5 5 5 6 6 7 7 8 8 8 8 8 8 8 8 8 8 8 8 8 8 8 8 8 7 7 8 8 8 8 9 9 10 11 11 11 11 11 13 13 13 13 
tsim human 10 1 23 22 22 21 21 18 18 17 15 15 14 14 14 14 16 14 13 13 13 13 13 13 13 13 13 13 13 13 13 13 13 13 13 13 13 13 13 13 13 13 13 13 13 13 13 13 13 13 13 13 13 
tsim window 10 1 6 6 6 6 6 6 6 6 6 6 6 6 6 6 9 9 12 12 14 14 14 14 15 15 16 16 16 17 17 17 17 17 17 17 17 17 17 17 17 17 17 17 18 18 18 18 18 18 20 20 20 
runtime -1 10 1 1.1097075939178467 2.8810176849365234 3.866453170776367 4.019518613815308 2.7237513065338135 2.438892364501953 3.5790674686431885 3.0483055114746094 2.646676778793335 2.0470945835113525 0.998753547668457 0.2989504337310791 
avg_run -1 10 1 2.4715157548586526
al_time -1 10 1 0.05460834503173828 0.05818939208984375 0.04492616653442383 1.951075792312622 2.1502790451049805 0.05758380889892578 0.06842374801635742 0.05604290962219238 0.05362248420715332 0.05780935287475586 0.05620574951171875 0.0376286506652832 
avg_all -1 10 1 0.38719962040583294
random:2T:3000
sum 0 0 2 60 42 
sum 1 0 2 180 64 
sum 2 0 2 240 71 
sum 3 0 2 360 80 
sum 4 0 2 540 95 
sum 5 0 2 600 98 
sum 6 0 2 1200 105 
sum 7 0 2 1500 105 
sum 8 0 2 1800 106 
sum 9 0 2 2100 108 
sum 10 0 2 2400 113 
sum 11 0 2 2700 121 
sum 12 0 2 3000 126 
miss fire 0 2 3 3 1 2 1 0 1 1 0 1 0 0 0 0 0 0 0 0 0 0 0 0 0 0 0 0 0 0 0 0 1 1 1 0 0 0 0 0 1 1 1 1 2 2 1 2 1 1 1 0 0 
miss human 0 2 13 11 7 5 4 4 3 3 3 5 3 2 1 1 0 0 0 0 0 0 0 0 0 0 0 0 0 0 0 0 0 0 0 0 0 0 0 0 0 0 0 0 0 0 0 0 0 0 0 0 0 
miss window 0 2 6 6 4 3 2 1 0 0 1 1 0 0 0 0 0 0 0 2 1 0 0 0 0 0 0 0 0 0 0 0 0 0 0 0 0 0 0 0 1 1 0 0 0 0 0 0 1 1 0 0 0 
acm fire 0 2 3 6 7 9 10 10 11 12 12 13 13 13 13 13 13 13 13 13 13 13 13 13 13 13 13 13 13 13 13 13 14 15 16 16 16 16 16 16 17 18 19 20 22 24 25 27 28 29 30 30 30 
acm human 0 2 13 24 31 36 40 44 47 50 53 58 61 63 64 65 65 65 65 65 65 65 65 65 65 65 65 65 65 65 65 65 65 65 65 65 65 65 65 65 65 65 65 65 65 65 65 65 65 65 65 65 65 
acm window 0 2 6 12 16 19 21 22 22 22 23 24 24 24 24 24 24 24 24 26 27 27 27 27 27 27 27 27 27 27 27 27 27 27 27 27 27 27 27 27 28 29 29 29 29 29 29 29 30 31 31 31 31 
tsim fire 0 2 3 3 3 4 4 4 5 5 5 6 6 6 6 6 6 6 6 6 6 6 6 6 6 6 6 6 6 6 6 6 7 7 7 6 6 6 6 6 7 7 8 8 10 10 11 12 12 12 12 12 12 
tsim human 0 2 13 11 11 10 10 9 9 9 9 11 9 8 7 7 6 6 6 6 6 6 6 6 6 6 6 6 6 6 6 6 6 6 6 6 6 6 6 6 6 6 6 6 6 6 6 6 6 6 6 6 6 
tsim window 0 2 6 6 6 6 6 6 6 6 7 9 9 9 9 9 9 9 9 11 11 11 11 11 11 11 11 11 11 11 11 11 11 11 11 11 11 11 11 11 12 12 12 12 12 12 12 19 20 20 20 20 20 
runtime -1 0 2 0.5643911361694336 0.6726658344268799 0.9000439643859863 0.5979275703430176 0.4998302459716797 0.7193119525909424 0.6782009601593018 0.6223537921905518 0.719153881072998 0.5536603927612305 0.34636473655700684 0.3491027355194092 0.11563801765441895 
avg_run -1 0 2 0.5645111707540659
al_time -1 0 2 0.02807140350341797 0.026398181915283203 0.9628252983093262 0.031018733978271484 0.0532383918762207 0.08684682846069336 0.036042213439941406 0.04255270957946777 0.03597307205200195 0.06011033058166504 0.03548264503479004 2.1733813285827637 0.023414134979248047 
avg_all -1 0 2 0.2765657901763916
