random:0T:3000
sum 0 0 0 60 81 
sum 1 0 0 180 136 
sum 2 0 0 240 160 
sum 3 0 0 360 189 
sum 4 0 0 540 217 
sum 5 0 0 600 225 
sum 6 0 0 1200 262 
sum 7 0 0 1500 282 
sum 8 0 0 1800 297 
sum 9 0 0 2100 316 
sum 10 0 0 2400 340 
sum 11 0 0 2700 360 
sum 12 0 0 3000 370 
miss fire 0 0 6 6 2 1 1 1 0 2 3 3 2 2 4 1 0 0 0 0 0 0 0 0 0 0 0 0 1 1 1 1 1 1 1 1 4 2 2 1 1 1 3 4 2 2 1 1 0 0 0 0 0 
miss human 0 0 25 24 20 19 18 14 11 8 6 6 5 4 3 3 3 3 1 1 0 0 0 0 0 0 0 0 0 0 0 0 0 0 0 0 0 0 0 0 0 0 0 0 0 0 0 0 0 0 0 0 0 
miss window 0 0 10 10 7 6 5 2 1 0 0 0 1 1 0 0 0 1 1 1 2 2 4 4 4 4 4 4 2 2 2 2 2 2 2 2 2 2 2 2 4 4 4 2 1 2 2 3 2 2 2 2 2 
acm fire 0 0 6 12 14 15 16 17 17 19 22 25 27 29 33 34 34 34 34 34 34 34 34 34 34 34 34 34 35 36 37 38 39 40 41 42 46 48 50 51 52 53 56 60 62 64 65 66 66 66 66 66 66 
acm human 0 0 25 49 69 88 106 120 131 139 145 151 156 160 163 166 169 172 173 174 174 174 174 174 174 174 174 174 174 174 174 174 174 174 174 174 174 174 174 174 174 174 174 174 174 174 174 174 174 174 174 174 174 
acm window 0 0 10 20 27 33 38 40 41 41 41 41 42 43 43 43 43 44 45 46 48 50 54 58 62 66 70 74 76 78 80 82 84 86 88 90 92 94 96 98 102 106 110 112 113 115 117 120 122 124 126 128 130 
tsim fire 0 0 6 6 6 6 6 6 6 8 9 9 9 9 11 11 11 11 11 11 11 11 11 11 11 11 11 11 12 12 12 12 13 13 13 13 16 16 16 16 16 16 18 19 19 19 19 19 19 19 19 19 19 
tsim human 0 0 25 24 23 23 22 21 21 19 19 18 16 15 14 14 13 13 13 13 13 13 13 13 13 13 13 13 13 13 13 13 13 13 13 13 13 13 13 13 13 13 13 13 13 13 13 13 13 13 13 13 13 
tsim window 0 0 10 10 10 10 10 10 10 10 10 10 11 11 14 14 14 15 16 16 17 17 19 19 19 19 19 19 21 21 21 21 21 21 21 21 21 21 21 21 23 23 23 24 24 25 25 26 26 26 26 28 28 
runtime -1 0 0 1.3240313529968262 0.7563037872314453 0.5300729274749756 0.49939703941345215 0.5184288024902344 0.5128822326660156 0.5025174617767334 0.5028097629547119 0.5235800743103027 0.44051313400268555 0.3293905258178711 0.27510809898376465 
avg_run -1 0 0 0.5595862666765848
al_time -1 0 0 0.04860067367553711 0.05195307731628418 0.026363134384155273 0.025774478912353516 0.0331118106842041 0.8956260681152344 0.03528475761413574 0.029710769653320312 0.03668689727783203 0.030621051788330078 0.03151297569274902 0.026743650436401367 
avg_all -1 0 0 0.10599911212921143
sum 0 1 0 60 81 
sum 1 1 0 180 134 
sum 2 1 0 240 155 
sum 3 1 0 360 190 
sum 4 1 0 540 244 
sum 5 1 0 600 260 
sum 6 1 0 1200 311 
sum 7 1 0 1500 312 
sum 8 1 0 1800 318 
sum 9 1 0 2100 327 
sum 10 1 0 2400 336 
sum 11 1 0 2700 352 
sum 12 1 0 3000 361 
miss fire 1 0 6 6 2 1 1 1 1 3 4 4 2 2 3 3 3 3 0 0 0 0 0 0 0 0 0 0 1 1 1 1 2 1 1 1 4 2 2 0 0 0 2 3 1 1 1 1 1 1 1 0 0 
miss human 1 0 25 24 18 15 12 11 11 11 11 12 10 9 7 4 1 1 0 0 1 0 0 0 0 0 0 0 0 0 0 0 0 0 0 0 0 0 0 0 0 0 0 0 0 0 0 0 0 0 0 0 0 
miss window 1 0 10 10 9 8 8 6 5 3 3 3 4 4 2 0 0 1 1 1 1 1 3 1 0 0 0 0 0 0 0 0 0 0 0 0 0 0 0 0 2 2 1 1 1 2 2 3 2 1 1 1 1 
acm fire 1 0 6 12 14 15 16 17 18 21 25 29 31 33 36 39 42 45 45 45 45 45 45 45 45 45 45 45 46 47 48 49 51 52 53 54 58 60 62 62 62 62 64 67 68 69 70 71 72 73 74 74 74 
acm human 1 0 25 49 67 82 94 105 116 127 138 150 160 169 176 180 181 182 182 182 183 183 183 183 183 183 183 183 183 183 183 183 183 183 183 183 183 183 183 183 183 183 183 183 183 183 183 183 183 183 183 183 183 
acm window 1 0 10 20 29 37 45 51 56 59 62 65 69 73 75 75 75 76 77 78 79 80 83 84 84 84 84 84 84 84 84 84 84 84 84 84 84 84 84 84 86 88 89 90 91 93 95 98 100 101 102 103 104 
tsim fire 1 0 6 6 6 6 6 6 6 8 9 9 9 9 11 11 11 11 11 11 11 11 11 11 11 11 11 11 12 12 12 12 13 13 13 13 16 16 16 16 16 16 18 19 19 19 19 19 19 19 19 19 19 
tsim human 1 0 25 24 23 23 22 21 21 19 19 18 16 15 14 14 13 13 13 13 13 13 13 13 13 13 13 13 13 13 13 13 13 13 13 13 13 13 13 13 13 13 13 13 13 13 13 13 13 13 13 13 13 
tsim window 1 0 10 10 10 10 10 10 10 10 10 10 11 11 14 14 14 15 16 16 17 17 19 19 19 19 19 19 21 21 21 21 21 21 21 21 21 21 21 21 23 23 23 24 24 25 25 26 26 26 26 28 28 
runtime -1 1 0 2.8983829021453857 6.414242744445801 6.478708982467651 5.828802585601807 8.942994356155396 13.215598821640015 15.79374647140503 20.200801849365234 14.248415231704712 6.584279298782349 1.1200246810913086 
avg_run -1 1 0 9.247817993164062
al_time -1 1 0 0.027881145477294922 0.02385425567626953 0.024752378463745117 0.059836387634277344 0.05472683906555176 0.8822836875915527 0.05618572235107422 0.028879165649414062 0.06414365768432617 0.06886100769042969 0.029565095901489258 
avg_all -1 1 0 0.12008812210776589
sum 0 2 0 60 81 
sum 1 2 0 180 129 
sum 2 2 0 240 147 
sum 3 2 0 360 174 
sum 4 2 0 540 212 
sum 5 2 0 600 225 
sum 6 2 0 1200 292 
sum 7 2 0 1500 301 
sum 8 2 0 1800 304 
sum 9 2 0 2100 309 
sum 10 2 0 2400 315 
sum 11 2 0 2700 335 
sum 12 2 0 3000 343 
miss fire 2 0 6 6 2 1 1 0 0 2 3 3 3 3 3 3 3 3 3 1 1 1 1 0 0 0 0 0 1 0 0 0 1 1 1 0 3 0 0 0 0 0 2 3 3 0 0 0 0 0 0 0 0 
miss human 2 0 25 24 16 10 8 7 7 7 6 7 7 6 4 4 5 3 3 2 2 1 1 0 0 1 1 1 1 0 0 0 0 0 0 0 0 0 0 0 0 0 0 0 0 0 0 0 0 0 0 0 0 
miss window 2 0 10 10 10 9 9 7 6 4 4 2 3 3 1 0 0 1 2 1 2 1 3 3 3 0 0 0 0 0 0 0 0 0 0 0 0 0 0 0 2 1 1 2 2 3 3 4 3 2 1 1 1 
acm fire 2 0 6 12 14 15 16 16 16 18 21 24 27 30 33 36 39 42 45 46 47 48 49 49 49 49 49 49 50 50 50 50 51 52 53 53 56 56 56 56 56 56 58 61 64 64 64 64 64 64 64 64 64 
acm human 2 0 25 49 65 75 83 90 97 104 110 117 124 130 134 138 143 146 149 151 153 154 155 155 155 156 157 158 159 159 159 159 159 159 159 159 159 159 159 159 159 159 159 159 159 159 159 159 159 159 159 159 159 
acm window 2 0 10 20 30 39 48 55 61 65 69 71 74 77 78 78 78 79 81 82 84 85 88 91 94 94 94 94 94 94 94 94 94 94 94 94 94 94 94 94 96 97 98 100 102 105 108 112 115 117 118 119 120 
tsim fire 2 0 6 6 6 6 6 6 6 8 9 9 9 9 11 11 11 11 11 11 11 11 11 11 11 11 11 11 12 12 12 12 13 13 13 13 16 16 16 16 16 16 18 19 19 19 19 19 19 19 19 19 19 
tsim human 2 0 25 24 23 23 22 21 21 19 19 18 16 15 14 14 13 13 13 13 13 13 13 13 13 13 13 13 13 13 13 13 13 13 13 13 13 13 13 13 13 13 13 13 13 13 13 13 13 13 13 13 13 
tsim window 2 0 10 10 10 10 10 10 10 10 10 10 11 11 14 14 14 15 16 16 17 17 19 19 19 19 19 19 21 21 21 21 21 21 21 21 21 21 21 21 23 23 23 24 24 25 25 26 26 26 26 28 28 
runtime -1 2 0 28.974318504333496 62.9709837436676 11.405956983566284 16.74173641204834 8.037633419036865 17.64335608482361 16.904974222183228 10.375653982162476 10.45677375793457 9.255719184875488 
avg_run -1 2 0 19.276710629463196
al_time -1 2 0 0.05356645584106445 0.05162239074707031 0.025043249130249023 0.024721622467041016 0.08017873764038086 0.9142961502075195 0.032831430435180664 0.028171539306640625 0.0368959903717041 0.02657151222229004 
avg_all -1 2 0 0.12738990783691406
sum 0 3 0 60 81 
sum 1 3 0 180 128 
sum 2 3 0 240 143 
sum 3 3 0 360 170 
sum 4 3 0 540 201 
sum 5 3 0 600 209 
sum 6 3 0 1200 288 
sum 7 3 0 1500 318 
sum 8 3 0 1800 334 
sum 9 3 0 2100 355 
sum 10 3 0 2400 382 
sum 11 3 0 2700 412 
sum 12 3 0 3000 436 
miss fire 3 0 6 6 1 1 0 0 0 2 3 3 3 1 3 3 3 2 2 1 1 1 0 0 0 0 0 0 1 1 1 1 2 1 1 1 4 4 3 3 2 1 2 3 2 2 2 0 0 0 0 0 0 
miss human 3 0 25 24 15 11 6 5 5 4 4 5 3 4 3 3 3 3 2 1 0 0 0 0 0 0 0 0 0 0 0 0 0 0 0 0 0 0 0 0 0 0 0 0 0 0 0 0 0 0 0 0 0 
miss window 3 0 10 10 10 9 9 9 8 6 3 1 2 2 4 3 3 4 5 5 5 5 7 7 7 7 5 4 2 2 2 2 2 2 2 2 2 2 2 2 4 4 4 5 4 4 4 4 4 4 4 6 6 
acm fire 3 0 6 12 13 14 14 14 14 16 19 22 25 26 29 32 35 37 39 40 41 42 42 42 42 42 42 42 43 44 45 46 48 49 50 51 55 59 62 65 67 68 70 73 75 77 79 79 79 79 79 79 79 
acm human 3 0 25 49 64 75 81 86 91 95 99 104 107 111 114 117 120 123 125 126 126 126 126 126 126 126 126 126 126 126 126 126 126 126 126 126 126 126 126 126 126 126 126 126 126 126 126 126 126 126 126 126 126 
acm window 3 0 10 20 30 39 48 57 65 71 74 75 77 79 83 86 89 93 98 103 108 113 120 127 134 141 146 150 152 154 156 158 160 162 164 166 168 170 172 174 178 182 186 191 195 199 203 207 211 215 219 225 231 
tsim fire 3 0 6 6 6 6 6 6 6 8 9 9 9 9 11 11 11 11 11 11 11 11 11 11 11 11 11 11 12 12 12 12 13 13 13 13 16 16 16 16 16 16 18 19 19 19 19 19 19 19 19 19 19 
tsim human 3 0 25 24 23 23 22 21 21 19 19 18 16 15 14 14 13 13 13 13 13 13 13 13 13 13 13 13 13 13 13 13 13 13 13 13 13 13 13 13 13 13 13 13 13 13 13 13 13 13 13 13 13 
tsim window 3 0 10 10 10 10 10 10 10 10 10 10 11 11 14 14 14 15 16 16 17 17 19 19 19 19 19 19 21 21 21 21 21 21 21 21 21 21 21 21 23 23 23 24 24 25 25 26 26 26 26 28 28 
runtime -1 3 0 0.025439023971557617 0.025578737258911133 0.025609731674194336 0.025605201721191406 0.02547454833984375 0.02525043487548828 
avg_run -1 3 0 0.02549294630686442
al_time -1 3 0 0.02857375144958496 0.028053998947143555 0.027468204498291016 0.02788996696472168 0.027866125106811523 0.04750514030456543 
avg_all -1 3 0 0.031226197878519695
sum 0 4 0 60 81 
sum 1 4 0 180 124 
sum 2 4 0 240 140 
sum 3 4 0 360 164 
sum 4 4 0 540 200 
sum 5 4 0 600 211 
sum 6 4 0 1200 245 
sum 7 4 0 1500 252 
sum 8 4 0 1800 254 
sum 9 4 0 2100 258 
sum 10 4 0 2400 268 
sum 11 4 0 2700 286 
sum 12 4 0 3000 295 
miss fire 4 0 6 6 1 0 0 0 0 2 3 3 1 1 3 1 1 1 0 0 0 0 0 0 0 0 0 0 1 0 0 0 1 0 0 0 3 1 1 1 1 1 2 3 3 1 1 0 0 0 0 0 0 
miss human 4 0 25 24 15 10 8 7 6 6 6 7 6 5 3 3 1 1 0 0 1 0 0 0 0 0 0 0 0 0 0 0 0 0 0 0 0 0 0 0 0 0 0 0 0 0 0 0 0 0 0 0 0 
miss window 4 0 10 10 9 8 8 6 5 3 3 3 4 4 1 0 0 1 1 1 1 1 3 3 2 2 0 0 0 0 0 0 0 0 0 0 0 0 0 0 2 1 1 2 2 2 2 2 2 2 1 2 2 
acm fire 4 0 6 12 13 13 13 13 13 15 18 21 22 23 26 27 28 29 29 29 29 29 29 29 29 29 29 29 30 30 30 30 31 31 31 31 34 35 36 37 38 39 41 44 47 48 49 49 49 49 49 49 49 
acm human 4 0 25 49 64 74 82 89 95 101 107 114 120 125 128 131 132 133 133 133 134 134 134 134 134 134 134 134 134 134 134 134 134 134 134 134 134 134 134 134 134 134 134 134 134 134 134 134 134 134 134 134 134 
acm window 4 0 10 20 29 37 45 51 56 59 62 65 69 73 74 74 74 75 76 77 78 79 82 85 87 89 89 89 89 89 89 89 89 89 89 89 89 89 89 89 91 92 93 95 97 99 101 103 105 107 108 110 112 
tsim fire 4 0 6 6 6 6 6 6 6 8 9 9 9 9 11 11 11 11 11 11 11 11 11 11 11 11 11 11 12 12 12 12 13 13 13 13 16 16 16 16 16 16 18 19 19 19 19 19 19 19 19 19 19 
tsim human 4 0 25 24 23 23 22 21 21 19 19 18 16 15 14 14 13 13 13 13 13 13 13 13 13 13 13 13 13 13 13 13 13 13 13 13 13 13 13 13 13 13 13 13 13 13 13 13 13 13 13 13 13 
tsim window 4 0 10 10 10 10 10 10 10 10 10 10 11 11 14 14 14 15 16 16 17 17 19 19 19 19 19 19 21 21 21 21 21 21 21 21 21 21 21 21 23 23 23 24 24 25 25 26 26 26 26 28 28 
runtime -1 4 0 3.6459767818450928 11.925450563430786 10.268095254898071 7.431127071380615 8.944709062576294 18.817023515701294 14.116436004638672 8.943564653396606 11.21252703666687 9.703353881835938 8.268114566802979 
avg_run -1 4 0 10.297852581197565
al_time -1 4 0 0.05327868461608887 0.046878814697265625 0.04864072799682617 0.025767087936401367 1.693932294845581 0.057143211364746094 0.02930593490600586 0.03183126449584961 0.059830665588378906 0.029009580612182617 0.08574461936950684 
avg_all -1 4 0 0.19648753512989392
sum 0 5 0 60 81 
sum 1 5 0 180 125 
sum 2 5 0 240 142 
sum 3 5 0 360 169 
sum 4 5 0 540 204 
sum 5 5 0 600 214 
sum 6 5 0 1200 265 
sum 7 5 0 1500 271 
sum 8 5 0 1800 275 
sum 9 5 0 2100 284 
sum 10 5 0 2400 301 
sum 11 5 0 2700 317 
sum 12 5 0 3000 330 
miss fire 5 0 6 6 1 0 0 0 0 2 3 2 2 2 4 1 1 1 1 0 0 0 0 0 0 0 0 0 1 1 1 0 1 1 1 1 4 2 2 2 2 2 4 1 1 1 1 1 0 0 0 0 0 
miss human 5 0 25 24 14 12 10 9 9 7 7 8 6 5 4 2 3 3 2 1 1 2 2 2 2 0 0 0 0 0 0 0 0 0 0 0 0 0 0 0 0 0 0 0 0 0 0 0 0 0 0 0 0 
miss window 5 0 10 10 9 8 7 5 4 3 2 1 2 2 1 1 0 1 2 2 3 1 3 2 0 0 0 0 0 0 0 0 0 0 0 0 0 0 0 0 2 2 1 2 2 2 2 3 3 3 1 3 3 
acm fire 5 0 6 12 13 13 13 13 13 15 18 20 22 24 28 29 30 31 32 32 32 32 32 32 32 32 32 32 33 34 35 35 36 37 38 39 43 45 47 49 51 53 57 58 59 60 61 62 62 62 62 62 62 
acm human 5 0 25 49 63 75 85 94 103 110 117 125 131 136 140 142 145 148 150 151 152 154 156 158 160 160 160 160 160 160 160 160 160 160 160 160 160 160 160 160 160 160 160 160 160 160 160 160 160 160 160 160 160 
acm window 5 0 10 20 29 37 44 49 53 56 58 59 61 63 64 65 65 66 68 70 73 74 77 79 79 79 79 79 79 79 79 79 79 79 79 79 79 79 79 79 81 83 84 86 88 90 92 95 98 101 102 105 108 
tsim fire 5 0 6 6 6 6 6 6 6 8 9 9 9 9 11 11 11 11 11 11 11 11 11 11 11 11 11 11 12 12 12 12 13 13 13 13 16 16 16 16 16 16 18 19 19 19 19 19 19 19 19 19 19 
tsim human 5 0 25 24 23 23 22 21 21 19 19 18 16 15 14 14 13 13 13 13 13 13 13 13 13 13 13 13 13 13 13 13 13 13 13 13 13 13 13 13 13 13 13 13 13 13 13 13 13 13 13 13 13 
tsim window 5 0 10 10 10 10 10 10 10 10 10 10 11 11 14 14 14 15 16 16 17 17 19 19 19 19 19 19 21 21 21 21 21 21 21 21 21 21 21 21 23 23 23 24 24 25 25 26 26 26 26 28 28 
runtime -1 5 0 31.027136087417603 45.351495027542114 14.511025667190552 10.016738176345825 10.835069179534912 17.51238751411438 11.180789947509766 19.196934938430786 5.294443130493164 
avg_run -1 5 0 18.32511329650879
al_time -1 5 0 0.029754161834716797 0.029640674591064453 0.030525922775268555 0.026594161987304688 1.4105896949768066 0.0642087459564209 0.06488394737243652 0.03350257873535156 0.04602980613708496 
avg_all -1 5 0 0.1928588549296061
sum 0 6 0 60 81 
sum 1 6 0 180 136 
sum 2 6 0 240 160 
sum 3 6 0 360 189 
sum 4 6 0 540 217 
sum 5 6 0 600 225 
sum 6 6 0 1200 269 
sum 7 6 0 1500 276 
sum 8 6 0 1800 281 
sum 9 6 0 2100 290 
sum 10 6 0 2400 303 
sum 11 6 0 2700 325 
sum 12 6 0 3000 331 
miss fire 6 0 6 6 2 1 1 1 0 2 3 3 2 2 3 2 0 0 0 0 0 0 0 0 0 0 0 0 1 1 1 1 1 1 1 1 4 2 2 1 1 1 2 3 2 2 1 1 1 0 0 0 0 
miss human 6 0 25 24 20 19 18 14 11 8 6 6 5 4 3 3 2 2 2 4 1 1 2 0 0 1 1 0 0 0 0 0 0 0 0 0 0 0 0 0 0 0 0 0 0 0 0 0 0 0 0 0 0 
miss window 6 0 10 10 7 6 5 2 1 0 0 0 1 1 1 1 0 1 2 1 2 2 2 2 2 1 0 0 0 0 0 0 0 0 0 0 0 0 0 0 2 2 2 3 3 4 1 2 1 1 1 1 1 
acm fire 6 0 6 12 14 15 16 17 17 19 22 25 27 29 32 34 34 34 34 34 34 34 34 34 34 34 34 34 35 36 37 38 39 40 41 42 46 48 50 51 52 53 55 58 60 62 63 64 65 65 65 65 65 
acm human 6 0 25 49 69 88 106 120 131 139 145 151 156 160 163 166 168 170 172 176 177 178 180 180 180 181 182 182 182 182 182 182 182 182 182 182 182 182 182 182 182 182 182 182 182 182 182 182 182 182 182 182 182 
acm window 6 0 10 20 27 33 38 40 41 41 41 41 42 43 44 45 45 46 48 49 51 53 55 57 59 60 60 60 60 60 60 60 60 60 60 60 60 60 60 60 62 64 66 69 72 76 77 79 80 81 82 83 84 
tsim fire 6 0 6 6 6 6 6 6 6 8 9 9 9 9 11 11 11 11 11 11 11 11 11 11 11 11 11 11 12 12 12 12 13 13 13 13 16 16 16 16 16 16 18 19 19 19 19 19 19 19 19 19 19 
tsim human 6 0 25 24 23 23 22 21 21 19 19 18 16 15 14 14 13 13 13 13 13 13 13 13 13 13 13 13 13 13 13 13 13 13 13 13 13 13 13 13 13 13 13 13 13 13 13 13 13 13 13 13 13 
tsim window 6 0 10 10 10 10 10 10 10 10 10 10 11 11 14 14 14 15 16 16 17 17 19 19 19 19 19 19 21 21 21 21 21 21 21 21 21 21 21 21 23 23 23 24 24 25 25 26 26 26 26 28 28 
runtime -1 6 0 36.658039808273315 12.183187246322632 21.04246759414673 22.671685457229614 17.177592992782593 14.879859924316406 15.706929206848145 16.487468481063843 12.774639368057251 13.767457008361816 11.521993398666382 6.09568452835083 2.5761878490448 
avg_run -1 6 0 15.65716868180495
al_time -1 6 0 0.02511286735534668 0.026165246963500977 0.056604623794555664 0.05071258544921875 0.054770708084106445 1.7822153568267822 0.05820751190185547 0.029544830322265625 0.05836677551269531 0.05787062644958496 0.028743982315063477 0.03103923797607422 0.022351980209350586 
avg_all -1 6 0 0.17551587178156927
sum 0 7 0 60 81 
sum 1 7 0 180 136 
sum 2 7 0 240 160 
sum 3 7 0 360 189 
sum 4 7 0 540 215 
sum 5 7 0 600 223 
sum 6 7 0 1200 267 
sum 7 7 0 1500 271 
sum 8 7 0 1800 277 
sum 9 7 0 2100 289 
sum 10 7 0 2400 303 
sum 11 7 0 2700 320 
sum 12 7 0 3000 339 
miss fire 7 0 6 6 2 1 1 1 0 2 2 2 2 2 4 1 1 1 0 0 0 0 0 0 0 0 0 0 1 1 1 1 2 2 1 1 4 4 2 2 1 1 3 3 3 0 0 0 0 0 0 0 0 
miss human 7 0 25 24 20 19 18 14 11 8 6 6 5 4 3 3 4 4 3 3 0 0 0 0 0 0 0 0 0 0 0 0 0 0 0 0 0 0 0 0 0 0 0 0 0 0 0 0 0 0 0 0 0 
miss window 7 0 10 10 7 6 5 2 1 0 0 0 1 1 0 0 0 1 2 2 1 1 3 3 1 0 0 0 0 0 0 0 0 0 0 0 0 0 0 0 2 2 1 2 2 2 2 3 3 3 3 5 5 
acm fire 7 0 6 12 14 15 16 17 17 19 21 23 25 27 31 32 33 34 34 34 34 34 34 34 34 34 34 34 35 36 37 38 40 42 43 44 48 52 54 56 57 58 61 64 67 67 67 67 67 67 67 67 67 
acm human 7 0 25 49 69 88 106 120 131 139 145 151 156 160 163 166 170 174 177 180 180 180 180 180 180 180 180 180 180 180 180 180 180 180 180 180 180 180 180 180 180 180 180 180 180 180 180 180 180 180 180 180 180 
acm window 7 0 10 20 27 33 38 40 41 41 41 41 42 43 43 43 43 44 46 48 49 50 53 56 57 57 57 57 57 57 57 57 57 57 57 57 57 57 57 57 59 61 62 64 66 68 70 73 76 79 82 87 92 
tsim fire 7 0 6 6 6 6 6 6 6 8 9 9 9 9 11 11 11 11 11 11 11 11 11 11 11 11 11 11 12 12 12 12 13 13 13 13 16 16 16 16 16 16 18 19 19 19 19 19 19 19 19 19 19 
tsim human 7 0 25 24 23 23 22 21 21 19 19 18 16 15 14 14 13 13 13 13 13 13 13 13 13 13 13 13 13 13 13 13 13 13 13 13 13 13 13 13 13 13 13 13 13 13 13 13 13 13 13 13 13 
tsim window 7 0 10 10 10 10 10 10 10 10 10 10 11 11 14 14 14 15 16 16 17 17 19 19 19 19 19 19 21 21 21 21 21 21 21 21 21 21 21 21 23 23 23 24 24 25 25 26 26 26 26 28 28 
runtime -1 7 0 4.551204442977905 3.3377509117126465 4.327314853668213 3.868389129638672 3.9465231895446777 4.297499656677246 3.050060272216797 2.819720506668091 3.505321979522705 3.3192036151885986 3.1448349952697754 2.080592393875122 
avg_run -1 7 0 3.5207013289133706
al_time -1 7 0 0.02585768699645996 0.05234503746032715 0.05003952980041504 0.08530139923095703 0.048245906829833984 0.05917787551879883 1.7313346862792969 0.029730558395385742 0.08797621726989746 0.029654502868652344 0.058643341064453125 0.0487978458404541 
avg_all -1 7 0 0.19225871562957764
sum 0 8 0 60 81 
sum 1 8 0 180 132 
sum 2 8 0 240 151 
sum 3 8 0 360 178 
sum 4 8 0 540 212 
sum 5 8 0 600 224 
sum 6 8 0 1200 281 
sum 7 8 0 1500 293 
sum 8 8 0 1800 295 
sum 9 8 0 2100 301 
sum 10 8 0 2400 313 
sum 11 8 0 2700 336 
sum 12 8 0 3000 352 
miss fire 8 0 6 6 2 1 0 0 0 2 3 3 3 3 3 3 3 3 3 1 1 1 1 1 1 0 0 0 1 0 0 0 1 1 0 0 3 2 2 1 1 1 2 3 3 2 2 0 0 0 0 0 0 
miss human 8 0 25 24 16 13 10 8 6 5 5 6 6 5 3 3 4 2 2 1 1 1 1 1 1 0 0 0 0 0 0 0 0 0 0 0 0 0 0 0 0 0 0 0 0 0 0 0 0 0 0 0 0 
miss window 8 0 10 10 10 9 9 7 6 4 4 2 3 3 1 0 0 1 2 0 1 1 3 3 3 1 1 0 0 0 0 0 0 0 0 0 0 0 0 0 2 2 1 2 2 3 3 3 3 3 2 4 4 
acm fire 8 0 6 12 14 15 15 15 15 17 20 23 26 29 32 35 38 41 44 45 46 47 48 49 50 50 50 50 51 51 51 51 52 53 53 53 56 58 60 61 62 63 65 68 71 73 75 75 75 75 75 75 75 
acm human 8 0 25 49 65 78 88 96 102 107 112 118 124 129 132 135 139 141 143 144 145 146 147 148 149 149 149 149 149 149 149 149 149 149 149 149 149 149 149 149 149 149 149 149 149 149 149 149 149 149 149 149 149 
acm window 8 0 10 20 30 39 48 55 61 65 69 71 74 77 78 78 78 79 81 81 82 83 86 89 92 93 94 94 94 94 94 94 94 94 94 94 94 94 94 94 96 98 99 101 103 106 109 112 115 118 120 124 128 
tsim fire 8 0 6 6 6 6 6 6 6 8 9 9 9 9 11 11 11 11 11 11 11 11 11 11 11 11 11 11 12 12 12 12 13 13 13 13 16 16 16 16 16 16 18 19 19 19 19 19 19 19 19 19 19 
tsim human 8 0 25 24 23 23 22 21 21 19 19 18 16 15 14 14 13 13 13 13 13 13 13 13 13 13 13 13 13 13 13 13 13 13 13 13 13 13 13 13 13 13 13 13 13 13 13 13 13 13 13 13 13 
tsim window 8 0 10 10 10 10 10 10 10 10 10 10 11 11 14 14 14 15 16 16 17 17 19 19 19 19 19 19 21 21 21 21 21 21 21 21 21 21 21 21 23 23 23 24 24 25 25 26 26 26 26 28 28 
runtime -1 8 0 7.829609394073486 10.58895993232727 3.6963086128234863 3.5209248065948486 2.6071367263793945 1.7948808670043945 1.726689338684082 1.497218370437622 3.022908926010132 1.8551015853881836 1.9040868282318115 1.6200532913208008 1.4003794193267822 1.652329921722412 
avg_run -1 8 0 3.194042001451765
al_time -1 8 0 0.05413699150085449 0.052231788635253906 0.04619646072387695 0.025738954544067383 0.026667356491088867 0.024227380752563477 0.9110426902770996 0.05824565887451172 0.054635047912597656 0.027349472045898438 0.03011488914489746 0.02940082550048828 0.0561223030090332 0.04609107971191406 
avg_all -1 8 0 0.10301434993743896
sum 0 9 0 60 81 
sum 1 9 0 180 129 
sum 2 9 0 240 148 
sum 3 9 0 360 179 
sum 4 9 0 540 226 
sum 5 9 0 600 240 
sum 6 9 0 1200 283 
sum 7 9 0 1500 290 
sum 8 9 0 1800 296 
sum 9 9 0 2100 301 
sum 10 9 0 2400 313 
sum 11 9 0 2700 332 
sum 12 9 0 3000 348 
miss fire 9 0 6 6 1 0 0 0 0 2 3 3 1 1 3 2 1 1 0 0 0 0 0 0 0 0 0 0 1 1 1 1 2 0 0 0 3 2 2 1 1 1 2 3 3 3 0 0 0 0 0 0 0 
miss human 9 0 25 24 17 13 11 10 10 10 10 10 9 8 5 4 1 1 0 0 1 0 0 0 0 0 0 0 0 0 0 0 0 0 0 0 0 0 0 0 0 0 0 0 0 0 0 0 0 0 0 0 0 
miss window 9 0 10 10 9 8 8 6 5 3 3 3 4 4 1 0 0 1 2 2 1 1 3 3 2 1 1 0 0 0 0 0 0 0 0 0 0 0 0 0 2 2 1 2 1 2 2 3 3 3 2 4 4 
acm fire 9 0 6 12 13 13 13 13 13 15 18 21 22 23 26 28 29 30 30 30 30 30 30 30 30 30 30 30 31 32 33 34 36 36 36 36 39 41 43 44 45 46 48 51 54 57 57 57 57 57 57 57 57 
acm human 9 0 25 49 66 79 90 100 110 120 130 140 149 157 162 166 167 168 168 168 169 169 169 169 169 169 169 169 169 169 169 169 169 169 169 169 169 169 169 169 169 169 169 169 169 169 169 169 169 169 169 169 169 
acm window 9 0 10 20 29 37 45 51 56 59 62 65 69 73 74 74 74 75 77 79 80 81 84 87 89 90 91 91 91 91 91 91 91 91 91 91 91 91 91 91 93 95 96 98 99 101 103 106 109 112 114 118 122 
tsim fire 9 0 6 6 6 6 6 6 6 8 9 9 9 9 11 11 11 11 11 11 11 11 11 11 11 11 11 11 12 12 12 12 13 13 13 13 16 16 16 16 16 16 18 19 19 19 19 19 19 19 19 19 19 
tsim human 9 0 25 24 23 23 22 21 21 19 19 18 16 15 14 14 13 13 13 13 13 13 13 13 13 13 13 13 13 13 13 13 13 13 13 13 13 13 13 13 13 13 13 13 13 13 13 13 13 13 13 13 13 
tsim window 9 0 10 10 10 10 10 10 10 10 10 10 11 11 14 14 14 15 16 16 17 17 19 19 19 19 19 19 21 21 21 21 21 21 21 21 21 21 21 21 23 23 23 24 24 25 25 26 26 26 26 28 28 
runtime -1 9 0 0.8024532794952393 2.485779285430908 2.228572368621826 1.4455409049987793 3.6461358070373535 3.5873289108276367 3.152693033218384 3.578158140182495 2.924159288406372 2.521807909011841 1.9532244205474854 
avg_run -1 9 0 2.5750775770707564
al_time -1 9 0 0.050092458724975586 0.047933101654052734 0.04801034927368164 0.026311635971069336 0.0559697151184082 1.9380595684051514 0.05556201934814453 0.05437731742858887 0.05712080001831055 0.06218695640563965 0.05123114585876465 
avg_all -1 9 0 0.22244136983698065
sum 0 10 0 60 81 
sum 1 10 0 180 137 
sum 2 10 0 240 158 
sum 3 10 0 360 189 
sum 4 10 0 540 234 
sum 5 10 0 600 247 
sum 6 10 0 1200 295 
sum 7 10 0 1500 301 
sum 8 10 0 1800 307 
sum 9 10 0 2100 318 
sum 10 10 0 2400 327 
sum 11 10 0 2700 349 
sum 12 10 0 3000 368 
miss fire 10 0 6 6 4 3 2 1 1 3 4 2 1 1 3 3 3 3 1 1 1 0 0 0 0 0 0 0 1 1 1 1 2 1 1 1 4 4 1 1 0 0 2 3 3 1 1 1 1 1 1 0 0 
miss human 10 0 25 24 18 14 11 9 9 9 9 9 8 7 4 3 1 1 0 0 1 0 0 0 0 0 0 0 0 0 0 0 0 0 0 0 0 0 0 0 0 0 0 0 0 0 0 0 0 0 0 0 0 
miss window 10 0 10 10 9 8 8 6 5 3 3 3 4 4 1 0 0 1 2 2 1 1 3 3 1 1 1 0 0 0 0 0 0 0 0 0 0 0 0 0 2 2 1 2 2 3 3 3 3 3 2 4 4 
acm fire 10 0 6 12 16 19 21 22 23 26 30 32 33 34 37 40 43 46 47 48 49 49 49 49 49 49 49 49 50 51 52 53 55 56 57 58 62 66 67 68 68 68 70 73 76 77 78 79 80 81 82 82 82 
acm human 10 0 25 49 67 81 92 101 110 119 128 137 145 152 156 159 160 161 161 161 162 162 162 162 162 162 162 162 162 162 162 162 162 162 162 162 162 162 162 162 162 162 162 162 162 162 162 162 162 162 162 162 162 
acm window 10 0 10 20 29 37 45 51 56 59 62 65 69 73 74 74 74 75 77 79 80 81 84 87 88 89 90 90 90 90 90 90 90 90 90 90 90 90 90 90 92 94 95 97 99 102 105 108 111 114 116 120 124 
tsim fire 10 0 6 6 6 6 6 6 6 8 9 9 9 9 11 11 11 11 11 11 11 11 11 11 11 11 11 11 12 12 12 12 13 13 13 13 16 16 16 16 16 16 18 19 19 19 19 19 19 19 19 19 19 
tsim human 10 0 25 24 23 23 22 21 21 19 19 18 16 15 14 14 13 13 13 13 13 13 13 13 13 13 13 13 13 13 13 13 13 13 13 13 13 13 13 13 13 13 13 13 13 13 13 13 13 13 13 13 13 
tsim window 10 0 10 10 10 10 10 10 10 10 10 10 11 11 14 14 14 15 16 16 17 17 19 19 19 19 19 19 21 21 21 21 21 21 21 21 21 21 21 21 23 23 23 24 24 25 25 26 26 26 26 28 28 
runtime -1 10 0 0.8431310653686523 4.054292440414429 2.292959451675415 2.4918220043182373 1.9869585037231445 3.438303232192993 3.3368759155273438 3.162663221359253 1.6473205089569092 2.081502676010132 
avg_run -1 10 0 2.533582901954651
al_time -1 10 0 0.05562925338745117 0.05907082557678223 0.046914100646972656 0.0496976375579834 0.05314445495605469 1.7848186492919922 0.09430360794067383 0.02822709083557129 0.06237959861755371 0.033149003982543945 
avg_all -1 10 0 0.22673342227935792
random:1T:3000
sum 0 0 1 60 86 
sum 1 0 1 180 141 
sum 2 0 1 240 160 
sum 3 0 1 360 176 
sum 4 0 1 540 195 
sum 5 0 1 600 199 
sum 6 0 1 1200 242 
sum 7 0 1 1500 251 
sum 8 0 1 1800 253 
sum 9 0 1 2100 257 
sum 10 0 1 2400 264 
sum 11 0 1 2700 275 
sum 12 0 1 3000 287 
miss fire 0 1 3 3 1 1 1 2 1 2 2 2 1 4 5 3 2 3 1 1 1 1 0 0 0 0 0 0 0 0 1 1 0 1 1 2 0 0 0 1 1 0 0 0 1 2 2 2 3 3 2 0 0 
miss human 0 1 27 27 23 18 14 6 4 3 5 5 3 3 4 4 0 0 0 0 0 0 0 0 0 0 0 0 0 0 0 0 0 0 0 0 0 0 0 0 0 0 0 0 0 0 0 0 0 0 0 0 0 
miss window 0 1 13 13 7 5 4 3 0 0 0 0 0 0 0 0 0 2 2 2 0 2 3 4 1 2 1 1 0 0 0 0 0 0 0 0 0 0 0 1 1 1 2 2 1 1 0 0 1 1 1 0 1 
acm fire 0 1 3 6 7 8 9 11 12 14 16 18 19 23 28 31 33 36 37 38 39 40 40 40 40 40 40 40 40 40 41 42 42 43 44 46 46 46 46 47 48 48 48 48 49 51 53 55 58 61 63 63 63 
acm human 0 1 27 54 77 95 109 115 119 122 127 132 135 138 142 146 146 146 146 146 146 146 146 146 146 146 146 146 146 146 146 146 146 146 146 146 146 146 146 146 146 146 146 146 146 146 146 146 146 146 146 146 146 
acm window 0 1 13 26 33 38 42 45 45 45 45 45 45 45 45 45 45 47 49 51 51 53 56 60 61 63 64 65 65 65 65 65 65 65 65 65 65 65 65 66 67 68 70 72 73 74 74 74 75 76 77 77 78 
tsim fire 0 1 3 3 3 3 3 4 4 5 5 6 6 9 10 10 10 11 11 11 11 11 11 11 11 11 11 11 11 11 12 12 12 13 13 12 12 12 12 13 13 13 13 13 14 15 16 16 18 18 20 20 20 
tsim human 0 1 27 27 27 26 25 23 22 22 20 20 20 20 20 20 19 19 19 19 19 19 19 19 19 19 19 19 19 19 19 19 19 19 19 19 19 19 19 19 19 19 19 19 19 19 19 19 19 19 19 19 19 
tsim window 0 1 13 13 13 13 13 13 13 13 13 13 13 16 19 19 19 21 21 21 21 23 24 25 25 26 26 26 26 26 26 26 26 26 26 26 26 26 26 27 27 27 28 28 28 28 28 28 34 34 34 34 35 
runtime -1 0 1 0.8567550182342529 0.3883347511291504 0.8497891426086426 0.8976757526397705 1.026111364364624 0.9788093566894531 0.9766647815704346 1.012087106704712 0.6767191886901855 0.2917294502258301 0.22115802764892578 0.13515806198120117 
avg_run -1 0 1 0.6925826668739319
al_time -1 0 1 0.04822278022766113 4.6759350299835205 2.188076972961426 0.09517574310302734 0.07717561721801758 0.06299233436584473 0.05815625190734863 0.05554032325744629 0.03526759147644043 0.030750274658203125 0.03153586387634277 0.031209945678710938 
avg_all -1 0 1 0.6158365607261658
sum 0 1 1 60 86 
sum 1 1 1 180 132 
sum 2 1 1 240 152 
sum 3 1 1 360 189 
sum 4 1 1 540 227 
sum 5 1 1 600 235 
sum 6 1 1 1200 307 
sum 7 1 1 1500 323 
sum 8 1 1 1800 325 
sum 9 1 1 2100 333 
sum 10 1 1 2400 338 
sum 11 1 1 2700 348 
sum 12 1 1 3000 370 
miss fire 1 1 3 3 1 1 1 2 2 3 1 2 2 5 6 5 5 3 3 2 2 2 2 1 1 0 0 0 0 0 1 0 0 1 1 2 2 2 1 2 0 0 0 0 1 2 3 3 4 4 4 3 3 
miss human 1 1 27 27 12 7 8 9 9 7 8 7 6 6 7 3 2 1 1 0 0 0 0 0 0 0 0 0 0 0 0 0 0 0 0 0 0 0 0 0 0 0 0 0 0 0 0 0 0 0 0 0 0 
miss window 1 1 13 13 13 12 11 8 7 6 3 1 0 0 0 0 0 2 2 2 2 4 5 3 3 3 3 2 1 0 0 0 0 0 0 0 0 0 0 1 0 0 1 1 0 0 0 0 1 1 1 0 1 
acm fire 1 1 3 6 7 8 9 11 13 16 17 19 21 26 32 37 42 45 48 50 52 54 56 57 58 58 58 58 58 58 59 59 59 60 61 63 65 67 68 70 70 70 70 70 71 73 76 79 83 87 91 94 97 
acm human 1 1 27 54 66 73 81 90 99 106 114 121 127 133 140 143 145 146 147 147 147 147 147 147 147 147 147 147 147 147 147 147 147 147 147 147 147 147 147 147 147 147 147 147 147 147 147 147 147 147 147 147 147 
acm window 1 1 13 26 39 51 62 70 77 83 86 87 87 87 87 87 87 89 91 93 95 99 104 107 110 113 116 118 119 119 119 119 119 119 119 119 119 119 119 120 120 120 121 122 122 122 122 122 123 124 125 125 126 
tsim fire 1 1 3 3 3 3 3 4 4 5 5 6 6 9 10 10 10 11 11 11 11 11 11 11 11 11 11 11 11 11 12 12 12 13 13 12 12 12 12 13 13 13 13 13 14 15 16 16 18 18 20 20 20 
tsim human 1 1 27 27 27 26 25 23 22 22 20 20 20 20 20 20 19 19 19 19 19 19 19 19 19 19 19 19 19 19 19 19 19 19 19 19 19 19 19 19 19 19 19 19 19 19 19 19 19 19 19 19 19 
tsim window 1 1 13 13 13 13 13 13 13 13 13 13 13 16 19 19 19 21 21 21 21 23 24 25 25 26 26 26 26 26 26 26 26 26 26 26 26 26 26 27 27 27 28 28 28 28 28 28 34 34 34 34 35 
runtime -1 1 1 3.078925609588623 5.414719581604004 8.710457801818848 10.843819856643677 14.819937467575073 16.610928297042847 19.77563762664795 24.15347957611084 23.79941439628601 20.908222198486328 22.943363666534424 22.38363289833069 11.843501806259155 1.54447340965271 
avg_run -1 1 1 14.77360815661294
al_time -1 1 1 0.027704715728759766 0.022555828094482422 4.076223373413086 0.05129432678222656 0.05403494834899902 0.05662870407104492 0.05680418014526367 0.06584906578063965 0.0933082103729248 0.09472155570983887 0.0588836669921875 0.10654091835021973 0.06039857864379883 0.05912637710571289 
avg_all -1 1 1 0.34886246068137033
sum 0 2 1 60 86 
sum 1 2 1 180 137 
sum 2 2 1 240 161 
sum 3 2 1 360 202 
sum 4 2 1 540 248 
sum 5 2 1 600 259 
sum 6 2 1 1200 365 
sum 7 2 1 1500 382 
sum 8 2 1 1800 385 
sum 9 2 1 2100 393 
sum 10 2 1 2400 401 
sum 11 2 1 2700 415 
sum 12 2 1 3000 439 
miss fire 2 1 3 3 1 1 1 1 1 2 2 3 3 6 7 7 7 3 3 3 3 3 3 0 0 0 0 0 0 0 1 0 0 1 1 2 2 2 1 2 0 0 0 0 1 1 2 2 4 3 5 3 3 
miss human 2 1 27 27 14 10 11 11 11 8 9 9 8 8 7 6 5 4 4 5 5 2 2 0 0 0 0 0 0 0 0 0 0 0 0 0 0 0 0 0 0 0 0 0 0 0 0 0 0 0 0 0 0 
miss window 2 1 13 13 13 12 12 10 7 5 4 4 0 0 0 0 0 2 2 1 1 3 4 4 4 4 4 1 1 1 0 0 0 0 0 0 0 0 0 1 1 1 2 2 2 2 2 0 1 1 1 1 2 
acm fire 2 1 3 6 7 8 9 10 11 13 15 18 21 27 34 41 48 51 54 57 60 63 66 66 66 66 66 66 66 66 67 67 67 68 69 71 73 75 76 78 78 78 78 78 79 80 82 84 88 91 96 99 102 
acm human 2 1 27 54 68 78 89 100 111 119 128 137 145 153 160 166 171 175 179 184 189 191 193 193 193 193 193 193 193 193 193 193 193 193 193 193 193 193 193 193 193 193 193 193 193 193 193 193 193 193 193 193 193 
acm window 2 1 13 26 39 51 63 73 80 85 89 93 93 93 93 93 93 95 97 98 99 102 106 110 114 118 122 123 124 125 125 125 125 125 125 125 125 125 125 126 127 128 130 132 134 136 138 138 139 140 141 142 144 
tsim fire 2 1 3 3 3 3 3 4 4 5 5 6 6 9 10 10 10 11 11 11 11 11 11 11 11 11 11 11 11 11 12 12 12 13 13 12 12 12 12 13 13 13 13 13 14 15 16 16 18 18 20 20 20 
tsim human 2 1 27 27 27 26 25 23 22 22 20 20 20 20 20 20 19 19 19 19 19 19 19 19 19 19 19 19 19 19 19 19 19 19 19 19 19 19 19 19 19 19 19 19 19 19 19 19 19 19 19 19 19 
tsim window 2 1 13 13 13 13 13 13 13 13 13 13 13 16 19 19 19 21 21 21 21 23 24 25 25 26 26 26 26 26 26 26 26 26 26 26 26 26 26 27 27 27 28 28 28 28 28 28 34 34 34 34 35 
runtime -1 2 1 24.751505374908447 33.351844787597656 16.37014627456665 26.366522312164307 16.40773105621338 23.274012565612793 17.132224082946777 20.204795837402344 16.24902582168579 19.322792768478394 12.913727045059204 10.788491487503052 5.579896450042725 2.1976025104522705 
avg_run -1 2 1 17.4935941696167
al_time -1 2 1 0.05671501159667969 0.0911245346069336 4.707000970840454 0.06830406188964844 0.05563545227050781 0.0549006462097168 0.06724238395690918 0.06684732437133789 0.05834317207336426 0.06062602996826172 0.05799674987792969 0.06454706192016602 0.059598445892333984 0.05697298049926758 
avg_all -1 2 1 0.39470391614096506
sum 0 3 1 60 86 
sum 1 3 1 180 136 
sum 2 3 1 240 157 
sum 3 3 1 360 199 
sum 4 3 1 540 235 
sum 5 3 1 600 239 
sum 6 3 1 1200 300 
sum 7 3 1 1500 320 
sum 8 3 1 1800 329 
sum 9 3 1 2100 346 
sum 10 3 1 2400 358 
sum 11 3 1 2700 375 
sum 12 3 1 3000 413 
miss fire 3 1 3 3 1 1 1 2 1 2 1 1 1 4 5 4 4 3 1 0 0 0 0 0 0 0 0 0 0 0 1 1 1 2 2 3 3 2 0 1 1 0 0 0 1 1 2 2 4 4 5 3 3 
miss human 3 1 27 27 13 10 8 10 11 11 9 1 1 5 3 3 2 2 2 0 0 0 0 0 0 0 0 0 0 0 0 0 0 0 0 0 0 0 0 0 0 0 0 0 0 0 0 0 0 0 0 0 0 
miss window 3 1 13 13 13 12 12 10 8 5 4 2 2 2 3 3 2 3 1 1 1 3 4 5 4 5 3 3 2 1 1 1 1 1 1 1 1 1 1 2 2 2 3 3 3 2 2 1 4 4 4 3 4 
acm fire 3 1 3 6 7 8 9 11 12 14 15 16 17 21 26 30 34 37 38 38 38 38 38 38 38 38 38 38 38 38 39 40 41 43 45 48 51 53 53 54 55 55 55 55 56 57 59 61 65 69 74 77 80 
acm human 3 1 27 54 67 77 85 95 106 117 126 127 128 133 136 139 141 143 145 145 145 145 145 145 145 145 145 145 145 145 145 145 145 145 145 145 145 145 145 145 145 145 145 145 145 145 145 145 145 145 145 145 145 
acm window 3 1 13 26 39 51 63 73 81 86 90 92 94 96 99 102 104 107 108 109 110 113 117 122 126 131 134 137 139 140 141 142 143 144 145 146 147 148 149 151 153 155 158 161 164 166 168 169 173 177 181 184 188 
tsim fire 3 1 3 3 3 3 3 4 4 5 5 6 6 9 10 10 10 11 11 11 11 11 11 11 11 11 11 11 11 11 12 12 12 13 13 12 12 12 12 13 13 13 13 13 14 15 16 16 18 18 20 20 20 
tsim human 3 1 27 27 27 26 25 23 22 22 20 20 20 20 20 20 19 19 19 19 19 19 19 19 19 19 19 19 19 19 19 19 19 19 19 19 19 19 19 19 19 19 19 19 19 19 19 19 19 19 19 19 19 
tsim window 3 1 13 13 13 13 13 13 13 13 13 13 13 16 19 19 19 21 21 21 21 23 24 25 25 26 26 26 26 26 26 26 26 26 26 26 26 26 26 27 27 27 28 28 28 28 28 28 34 34 34 34 35 
runtime -1 3 1 0.07613420486450195 0.07617402076721191 0.0402679443359375 0.04028725624084473 0.040190935134887695 0.03999209403991699 
avg_run -1 3 1 0.05217440923055013
al_time -1 3 1 0.10425448417663574 0.07895278930664062 0.05535483360290527 0.055216073989868164 0.05569720268249512 0.04815864562988281 
avg_all -1 3 1 0.06627233823140462
sum 0 4 1 60 86 
sum 1 4 1 180 129 
sum 2 4 1 240 147 
sum 3 4 1 360 181 
sum 4 4 1 540 220 
sum 5 4 1 600 229 
sum 6 4 1 1200 303 
sum 7 4 1 1500 317 
sum 8 4 1 1800 320 
sum 9 4 1 2100 331 
sum 10 4 1 2400 336 
sum 11 4 1 2700 346 
sum 12 4 1 3000 364 
miss fire 4 1 3 3 1 0 0 1 1 2 1 2 2 5 6 6 6 4 4 4 2 2 1 1 0 0 0 0 0 0 1 1 1 2 2 3 2 2 0 1 0 0 0 0 1 2 2 2 3 3 4 1 1 
miss human 4 1 27 27 10 7 7 8 9 7 9 8 7 7 8 2 1 0 0 0 0 0 0 0 0 0 0 0 0 0 0 0 0 0 0 0 0 0 0 0 0 0 0 0 0 0 0 0 0 0 0 0 0 
miss window 4 1 13 13 13 12 11 8 7 6 3 1 0 0 0 0 0 2 2 2 2 4 4 5 3 4 1 0 0 0 0 0 0 0 0 0 0 0 0 1 1 1 1 1 1 1 0 0 1 1 1 1 2 
acm fire 4 1 3 6 7 7 7 8 9 11 12 14 16 21 27 33 39 43 47 51 53 55 56 57 57 57 57 57 57 57 58 59 60 62 64 67 69 71 71 72 72 72 72 72 73 75 77 79 82 85 89 90 91 
acm human 4 1 27 54 64 71 78 86 95 102 111 119 126 133 141 143 144 144 144 144 144 144 144 144 144 144 144 144 144 144 144 144 144 144 144 144 144 144 144 144 144 144 144 144 144 144 144 144 144 144 144 144 144 
acm window 4 1 13 26 39 51 62 70 77 83 86 87 87 87 87 87 87 89 91 93 95 99 103 108 111 115 116 116 116 116 116 116 116 116 116 116 116 116 116 117 118 119 120 121 122 123 123 123 124 125 126 127 129 
tsim fire 4 1 3 3 3 3 3 4 4 5 5 6 6 9 10 10 10 11 11 11 11 11 11 11 11 11 11 11 11 11 12 12 12 13 13 12 12 12 12 13 13 13 13 13 14 15 16 16 18 18 20 20 20 
tsim human 4 1 27 27 27 26 25 23 22 22 20 20 20 20 20 20 19 19 19 19 19 19 19 19 19 19 19 19 19 19 19 19 19 19 19 19 19 19 19 19 19 19 19 19 19 19 19 19 19 19 19 19 19 
tsim window 4 1 13 13 13 13 13 13 13 13 13 13 13 16 19 19 19 21 21 21 21 23 24 25 25 26 26 26 26 26 26 26 26 26 26 26 26 26 26 27 27 27 28 28 28 28 28 28 34 34 34 34 35 
runtime -1 4 1 6.008991718292236 12.981937170028687 12.38562273979187 13.396189212799072 15.448386907577515 18.338637351989746 28.202297687530518 19.06179904937744 24.66406798362732 18.89435648918152 14.380595922470093 10.160649299621582 8.83475375175476 5.640798568725586 
avg_run -1 4 1 14.885648846626282
al_time -1 4 1 0.055384159088134766 0.0433049201965332 4.275384187698364 0.053769588470458984 0.11169624328613281 0.056383609771728516 0.06639528274536133 0.05645108222961426 0.056345224380493164 0.0997006893157959 0.10183835029602051 0.05896258354187012 0.059597015380859375 0.061279296875 
avg_all -1 4 1 0.3683208738054548
sum 0 5 1 60 86 
sum 1 5 1 180 129 
sum 2 5 1 240 149 
sum 3 5 1 360 188 
sum 4 5 1 540 239 
sum 5 5 1 600 250 
sum 6 5 1 1200 350 
sum 7 5 1 1500 377 
sum 8 5 1 1800 386 
sum 9 5 1 2100 395 
sum 10 5 1 2400 406 
sum 11 5 1 2700 414 
sum 12 5 1 3000 440 
miss fire 5 1 3 3 0 0 0 1 1 2 2 2 1 4 5 5 5 6 6 1 1 1 1 1 1 0 0 0 0 0 1 1 1 2 2 2 2 1 1 2 2 2 0 0 1 2 2 2 4 4 4 4 4 
miss human 5 1 27 27 10 9 10 10 10 9 11 11 9 9 8 7 6 5 5 4 4 2 2 2 2 1 1 1 0 0 0 0 0 0 0 0 0 0 0 0 0 0 0 0 0 0 0 0 0 0 0 0 0 
miss window 5 1 13 13 12 12 10 9 8 6 5 3 1 1 1 0 0 2 2 1 1 2 3 3 3 4 4 4 3 3 0 0 0 0 0 0 0 0 0 1 1 1 1 1 0 0 0 0 1 1 1 1 2 
acm fire 5 1 3 6 6 6 6 7 8 10 12 14 15 19 24 29 34 40 46 47 48 49 50 51 52 52 52 52 52 52 53 54 55 57 59 61 63 64 65 67 69 71 71 71 72 74 76 78 82 86 90 94 98 
acm human 5 1 27 54 64 73 83 93 103 112 123 134 143 152 160 167 173 178 183 187 191 193 195 197 199 200 201 202 202 202 202 202 202 202 202 202 202 202 202 202 202 202 202 202 202 202 202 202 202 202 202 202 202 
acm window 5 1 13 26 38 50 60 69 77 83 88 91 92 93 94 94 94 96 98 99 100 102 105 108 111 115 119 123 126 129 129 129 129 129 129 129 129 129 129 130 131 132 133 134 134 134 134 134 135 136 137 138 140 
tsim fire 5 1 3 3 3 3 3 4 4 5 5 6 6 9 10 10 10 11 11 11 11 11 11 11 11 11 11 11 11 11 12 12 12 13 13 12 12 12 12 13 13 13 13 13 14 15 16 16 18 18 20 20 20 
tsim human 5 1 27 27 27 26 25 23 22 22 20 20 20 20 20 20 19 19 19 19 19 19 19 19 19 19 19 19 19 19 19 19 19 19 19 19 19 19 19 19 19 19 19 19 19 19 19 19 19 19 19 19 19 
tsim window 5 1 13 13 13 13 13 13 13 13 13 13 13 16 19 19 19 21 21 21 21 23 24 25 25 26 26 26 26 26 26 26 26 26 26 26 26 26 26 27 27 27 28 28 28 28 28 28 34 34 34 34 35 
runtime -1 5 1 20.09805655479431 49.713849782943726 14.259210348129272 17.790667057037354 17.565409183502197 16.826102256774902 22.230419158935547 21.310603857040405 24.434319257736206 18.068819284439087 13.525160074234009 14.6419038772583 17.456920623779297 12.492124557495117 5.164668083190918 
avg_run -1 5 1 19.038548930486044
al_time -1 5 1 0.05509305000305176 0.09631943702697754 2.472104787826538 0.08674168586730957 0.05010867118835449 2.0102310180664062 0.05725574493408203 0.056189775466918945 0.06629562377929688 0.05720949172973633 0.06421470642089844 0.05825400352478027 0.06008172035217285 0.06405854225158691 0.04604840278625488 
avg_all -1 5 1 0.353347110748291
sum 0 6 1 60 86 
sum 1 6 1 180 141 
sum 2 6 1 240 160 
sum 3 6 1 360 176 
sum 4 6 1 540 196 
sum 5 6 1 600 204 
sum 6 6 1 1200 260 
sum 7 6 1 1500 277 
sum 8 6 1 1800 283 
sum 9 6 1 2100 292 
sum 10 6 1 2400 301 
sum 11 6 1 2700 313 
sum 12 6 1 3000 330 
miss fire 6 1 3 3 1 1 1 2 1 2 2 3 3 6 6 6 0 1 1 1 1 1 1 0 0 0 0 0 0 0 1 1 1 2 1 2 2 2 0 1 1 1 1 0 1 2 3 1 3 1 3 2 2 
miss human 6 1 27 27 23 18 14 6 4 3 5 5 5 5 4 4 2 2 1 1 2 1 1 0 0 0 0 0 0 0 0 0 0 0 0 0 0 0 0 0 0 0 0 0 0 0 0 0 0 0 0 0 0 
miss window 6 1 13 13 7 5 4 3 0 0 0 0 0 0 0 0 0 2 1 1 0 2 3 4 4 4 4 1 1 1 1 0 0 0 0 0 0 0 0 1 1 1 2 2 2 1 0 0 1 1 1 1 2 
acm fire 6 1 3 6 7 8 9 11 12 14 16 19 22 28 34 40 40 41 42 43 44 45 46 46 46 46 46 46 46 46 47 48 49 51 52 54 56 58 58 59 60 61 62 62 63 65 68 69 72 73 76 78 80 
acm human 6 1 27 54 77 95 109 115 119 122 127 132 137 142 146 150 152 154 155 156 158 159 160 160 160 160 160 160 160 160 160 160 160 160 160 160 160 160 160 160 160 160 160 160 160 160 160 160 160 160 160 160 160 
acm window 6 1 13 26 33 38 42 45 45 45 45 45 45 45 45 45 45 47 48 49 49 51 54 58 62 66 70 71 72 73 74 74 74 74 74 74 74 74 74 75 76 77 79 81 83 84 84 84 85 86 87 88 90 
tsim fire 6 1 3 3 3 3 3 4 4 5 5 6 6 9 10 10 10 11 11 11 11 11 11 11 11 11 11 11 11 11 12 12 12 13 13 12 12 12 12 13 13 13 13 13 14 15 16 16 18 18 20 20 20 
tsim human 6 1 27 27 27 26 25 23 22 22 20 20 20 20 20 20 19 19 19 19 19 19 19 19 19 19 19 19 19 19 19 19 19 19 19 19 19 19 19 19 19 19 19 19 19 19 19 19 19 19 19 19 19 
tsim window 6 1 13 13 13 13 13 13 13 13 13 13 13 16 19 19 19 21 21 21 21 23 24 25 25 26 26 26 26 26 26 26 26 26 26 26 26 26 26 27 27 27 28 28 28 28 28 28 34 34 34 34 35 
runtime -1 6 1 24.193564414978027 18.189916610717773 14.801268577575684 25.583683490753174 21.134019136428833 18.527820825576782 20.061426877975464 21.98097801208496 22.531970739364624 20.20545983314514 16.834663152694702 13.36387825012207 11.696537733078003 14.885844945907593 4.506101846694946 
avg_run -1 6 1 17.89980896313985
al_time -1 6 1 0.04897570610046387 0.04011964797973633 4.38852858543396 0.058077096939086914 0.05422186851501465 0.056249141693115234 0.057083845138549805 0.0714869499206543 0.06480956077575684 0.05645298957824707 0.05974578857421875 0.06374645233154297 0.06231522560119629 0.06219816207885742 0.0441431999206543 
avg_all -1 6 1 0.345876948038737
sum 0 7 1 60 86 
sum 1 7 1 180 141 
sum 2 7 1 240 160 
sum 3 7 1 360 176 
sum 4 7 1 540 195 
sum 5 7 1 600 202 
sum 6 7 1 1200 270 
sum 7 7 1 1500 293 
sum 8 7 1 1800 299 
sum 9 7 1 2100 306 
sum 10 7 1 2400 316 
sum 11 7 1 2700 331 
sum 12 7 1 3000 350 
miss fire 7 1 3 3 1 1 1 2 1 2 2 2 2 5 6 5 5 2 2 0 0 0 0 0 0 0 0 0 0 0 1 1 1 2 1 2 1 1 1 2 2 0 0 0 1 2 2 2 3 3 5 2 2 
miss human 7 1 27 27 23 18 14 6 4 3 5 5 5 5 5 4 3 3 3 2 2 2 1 1 2 0 0 0 0 0 0 0 0 0 0 0 0 0 0 0 0 0 0 0 0 0 0 0 0 0 0 0 0 
miss window 7 1 13 13 7 5 4 3 0 0 0 0 0 0 0 0 0 2 2 1 1 3 4 5 4 4 4 3 3 0 0 0 0 0 0 0 0 0 0 1 1 1 2 2 2 2 1 1 1 1 1 0 1 
acm fire 7 1 3 6 7 8 9 11 12 14 16 18 20 25 31 36 41 43 45 45 45 45 45 45 45 45 45 45 45 45 46 47 48 50 51 53 54 55 56 58 60 60 60 60 61 63 65 67 70 73 78 80 82 
acm human 7 1 27 54 77 95 109 115 119 122 127 132 137 142 147 151 154 157 160 162 164 166 167 168 170 170 170 170 170 170 170 170 170 170 170 170 170 170 170 170 170 170 170 170 170 170 170 170 170 170 170 170 170 
acm window 7 1 13 26 33 38 42 45 45 45 45 45 45 45 45 45 45 47 49 50 51 54 58 63 67 71 75 78 81 81 81 81 81 81 81 81 81 81 81 82 83 84 86 88 90 92 93 94 95 96 97 97 98 
tsim fire 7 1 3 3 3 3 3 4 4 5 5 6 6 9 10 10 10 11 11 11 11 11 11 11 11 11 11 11 11 11 12 12 12 13 13 12 12 12 12 13 13 13 13 13 14 15 16 16 18 18 20 20 20 
tsim human 7 1 27 27 27 26 25 23 22 22 20 20 20 20 20 20 19 19 19 19 19 19 19 19 19 19 19 19 19 19 19 19 19 19 19 19 19 19 19 19 19 19 19 19 19 19 19 19 19 19 19 19 19 
tsim window 7 1 13 13 13 13 13 13 13 13 13 13 13 16 19 19 19 21 21 21 21 23 24 25 25 26 26 26 26 26 26 26 26 26 26 26 26 26 26 27 27 27 28 28 28 28 28 28 34 34 34 34 35 
runtime -1 7 1 5.530852317810059 3.2652783393859863 4.137879133224487 6.163073301315308 4.871065378189087 4.183865785598755 3.7449982166290283 4.150700092315674 4.014565467834473 3.972334146499634 3.5681779384613037 3.1129894256591797 2.6475670337677 1.7434437274932861 
avg_run -1 7 1 3.9361993074417114
al_time -1 7 1 0.059542179107666016 5.696830749511719 2.742447853088379 0.05580544471740723 0.0561673641204834 0.09229660034179688 0.055889129638671875 0.06310367584228516 0.0565030574798584 0.06282758712768555 0.07934856414794922 0.05710244178771973 0.05700564384460449 0.09883785247802734 
avg_all -1 7 1 0.6595505816595895
sum 0 8 1 60 86 
sum 1 8 1 180 137 
sum 2 8 1 240 159 
sum 3 8 1 360 195 
sum 4 8 1 540 232 
sum 5 8 1 600 241 
sum 6 8 1 1200 386 
sum 7 8 1 1500 458 
sum 8 8 1 1800 494 
sum 9 8 1 2100 511 
sum 10 8 1 2400 520 
sum 11 8 1 2700 531 
sum 12 8 1 3000 555 
miss fire 8 1 3 3 2 2 2 2 1 2 2 3 3 6 7 7 7 8 8 8 8 8 8 8 7 7 3 3 2 2 3 3 2 3 1 2 2 2 0 1 1 1 1 1 1 2 1 1 3 3 3 3 3 
miss human 8 1 27 27 14 8 8 9 7 5 6 6 6 6 6 6 5 5 5 5 5 5 5 5 2 2 2 2 2 2 2 2 1 1 0 0 0 0 0 0 0 0 0 0 0 0 0 0 0 0 0 0 0 
miss window 8 1 13 13 13 12 12 10 7 5 4 4 0 0 0 0 0 2 2 2 2 4 5 6 6 7 6 6 4 4 3 2 2 2 2 2 0 0 0 1 1 1 2 1 1 1 1 1 2 2 2 1 2 
acm fire 8 1 3 6 8 10 12 14 15 17 19 22 25 31 38 45 52 60 68 76 84 92 100 108 115 122 125 128 130 132 135 138 140 143 144 146 148 150 150 151 152 153 154 155 156 158 159 160 163 166 169 172 175 
acm human 8 1 27 54 68 76 84 93 100 105 111 117 123 129 135 141 146 151 156 161 166 171 176 181 183 185 187 189 191 193 195 197 198 199 199 199 199 199 199 199 199 199 199 199 199 199 199 199 199 199 199 199 199 
acm window 8 1 13 26 39 51 63 73 80 85 89 93 93 93 93 93 93 95 97 99 101 105 110 116 122 129 135 141 145 149 152 154 156 158 160 162 162 162 162 163 164 165 167 168 169 170 171 172 174 176 178 179 181 
tsim fire 8 1 3 3 3 3 3 4 4 5 5 6 6 9 10 10 10 11 11 11 11 11 11 11 11 11 11 11 11 11 12 12 12 13 13 12 12 12 12 13 13 13 13 13 14 15 16 16 18 18 20 20 20 
tsim human 8 1 27 27 27 26 25 23 22 22 20 20 20 20 20 20 19 19 19 19 19 19 19 19 19 19 19 19 19 19 19 19 19 19 19 19 19 19 19 19 19 19 19 19 19 19 19 19 19 19 19 19 19 
tsim window 8 1 13 13 13 13 13 13 13 13 13 13 13 16 19 19 19 21 21 21 21 23 24 25 25 26 26 26 26 26 26 26 26 26 26 26 26 26 26 27 27 27 28 28 28 28 28 28 34 34 34 34 35 
runtime -1 8 1 5.48158073425293 8.569608688354492 4.518676042556763 3.74704909324646 5.227722644805908 4.096730470657349 3.563356637954712 3.428999900817871 3.072129964828491 3.230227470397949 3.2301666736602783 2.4812660217285156 2.37510085105896 1.4599990844726562 
avg_run -1 8 1 3.8916153056280955
al_time -1 8 1 0.054924964904785156 0.11349201202392578 5.273322343826294 2.8099377155303955 0.05525636672973633 0.05718827247619629 0.05510830879211426 0.05555152893066406 0.05599522590637207 0.05627608299255371 0.06029844284057617 0.05814242362976074 0.06390023231506348 0.04626631736755371 
avg_all -1 8 1 0.6296900170189994
sum 0 9 1 60 86 
sum 1 9 1 180 140 
sum 2 9 1 240 164 
sum 3 9 1 360 203 
sum 4 9 1 540 244 
sum 5 9 1 600 253 
sum 6 9 1 1200 324 
sum 7 9 1 1500 351 
sum 8 9 1 1800 368 
sum 9 9 1 2100 387 
sum 10 9 1 2400 416 
sum 11 9 1 2700 438 
sum 12 9 1 3000 462 
miss fire 9 1 3 3 3 2 2 2 2 3 1 2 2 5 6 4 4 3 3 3 3 1 1 1 1 1 1 1 1 1 2 2 2 3 2 3 3 3 3 4 4 4 4 2 3 2 3 1 3 2 4 4 4 
miss human 9 1 27 27 13 11 11 10 10 8 10 7 7 7 7 5 4 1 1 0 0 0 0 0 0 0 0 0 0 0 0 0 0 0 0 0 0 0 0 0 0 0 0 0 0 0 0 0 0 0 0 0 0 
miss window 9 1 13 13 13 12 11 8 7 6 3 1 0 0 0 0 0 2 2 1 1 3 4 4 4 5 5 4 3 2 2 1 1 1 1 1 1 1 1 2 2 2 3 3 3 2 2 1 2 1 1 1 2 
acm fire 9 1 3 6 9 11 13 15 17 20 21 23 25 30 36 40 44 47 50 53 56 57 58 59 60 61 62 63 64 65 67 69 71 74 76 79 82 85 88 92 96 100 104 106 109 111 114 115 118 120 124 128 132 
acm human 9 1 27 54 67 78 89 99 109 117 127 134 141 148 155 160 164 165 166 166 166 166 166 166 166 166 166 166 166 166 166 166 166 166 166 166 166 166 166 166 166 166 166 166 166 166 166 166 166 166 166 166 166 
acm window 9 1 13 26 39 51 62 70 77 83 86 87 87 87 87 87 87 89 91 92 93 96 100 104 108 113 118 122 125 127 129 130 131 132 133 134 135 136 137 139 141 143 146 149 152 154 156 157 159 160 161 162 164 
tsim fire 9 1 3 3 3 3 3 4 4 5 5 6 6 9 10 10 10 11 11 11 11 11 11 11 11 11 11 11 11 11 12 12 12 13 13 12 12 12 12 13 13 13 13 13 14 15 16 16 18 18 20 20 20 
tsim human 9 1 27 27 27 26 25 23 22 22 20 20 20 20 20 20 19 19 19 19 19 19 19 19 19 19 19 19 19 19 19 19 19 19 19 19 19 19 19 19 19 19 19 19 19 19 19 19 19 19 19 19 19 
tsim window 9 1 13 13 13 13 13 13 13 13 13 13 13 16 19 19 19 21 21 21 21 23 24 25 25 26 26 26 26 26 26 26 26 26 26 26 26 26 26 27 27 27 28 28 28 28 28 28 34 34 34 34 35 
runtime -1 9 1 0.8386242389678955 2.4419291019439697 1.612645149230957 2.066436529159546 2.2274186611175537 2.461334466934204 2.703411102294922 3.2047007083892822 2.615581512451172 1.9942855834960938 1.4990003108978271 0.6473557949066162 
avg_run -1 9 1 2.0260602633158364
al_time -1 9 1 0.05496072769165039 5.625906467437744 0.04960799217224121 0.04867911338806152 2.2743403911590576 0.06102609634399414 0.05584430694580078 0.10460638999938965 0.05755019187927246 0.05905413627624512 0.05871295928955078 0.041177988052368164 
avg_all -1 9 1 0.707622230052948
sum 0 10 1 60 86 
sum 1 10 1 180 139 
sum 2 10 1 240 164 
sum 3 10 1 360 205 
sum 4 10 1 540 242 
sum 5 10 1 600 251 
sum 6 10 1 1200 352 
sum 7 10 1 1500 375 
sum 8 10 1 1800 379 
sum 9 10 1 2100 386 
sum 10 10 1 2400 394 
sum 11 10 1 2700 407 
sum 12 10 1 3000 437 
miss fire 10 1 3 3 0 0 0 1 1 2 1 2 2 5 6 6 6 7 6 6 1 1 1 1 1 1 1 0 0 0 1 1 1 2 2 1 1 1 1 1 1 1 1 1 1 2 2 2 4 4 6 5 5 
miss human 10 1 27 27 15 13 14 12 12 7 8 7 7 7 7 7 6 6 3 3 2 2 0 0 2 0 0 0 0 0 0 0 0 0 0 0 0 0 0 0 0 0 0 0 0 0 0 0 0 0 0 0 0 
miss window 10 1 13 13 13 12 11 8 7 6 3 1 0 0 0 0 0 2 2 2 1 3 3 4 4 4 4 1 1 0 0 0 0 0 0 0 0 0 0 1 1 0 1 1 1 1 1 1 1 1 1 1 2 
acm fire 10 1 3 6 6 6 6 7 8 10 11 13 15 20 26 32 38 45 51 57 58 59 60 61 62 63 64 64 64 64 65 66 67 69 71 72 73 74 75 76 77 78 79 80 81 83 85 87 91 95 101 106 111 
acm human 10 1 27 54 69 82 96 108 120 127 135 142 149 156 163 170 176 182 185 188 190 192 192 192 194 194 194 194 194 194 194 194 194 194 194 194 194 194 194 194 194 194 194 194 194 194 194 194 194 194 194 194 194 
acm window 10 1 13 26 39 51 62 70 77 83 86 87 87 87 87 87 87 89 91 93 94 97 100 104 108 112 116 117 118 118 118 118 118 118 118 118 118 118 118 119 120 120 121 122 123 124 125 126 127 128 129 130 132 
tsim fire 10 1 3 3 3 3 3 4 4 5 5 6 6 9 10 10 10 11 11 11 11 11 11 11 11 11 11 11 11 11 12 12 12 13 13 12 12 12 12 13 13 13 13 13 14 15 16 16 18 18 20 20 20 
tsim human 10 1 27 27 27 26 25 23 22 22 20 20 20 20 20 20 19 19 19 19 19 19 19 19 19 19 19 19 19 19 19 19 19 19 19 19 19 19 19 19 19 19 19 19 19 19 19 19 19 19 19 19 19 
tsim window 10 1 13 13 13 13 13 13 13 13 13 13 13 16 19 19 19 21 21 21 21 23 24 25 25 26 26 26 26 26 26 26 26 26 26 26 26 26 26 27 27 27 28 28 28 28 28 28 34 34 34 34 35 
runtime -1 10 1 0.8294694423675537 7.5106141567230225 2.296851634979248 2.5563530921936035 3.0695385932922363 3.268953561782837 3.0245912075042725 3.0270769596099854 3.3244171142578125 3.2525153160095215 2.371480703353882 1.780198097229004 
avg_run -1 10 1 3.026004989941915
al_time -1 10 1 0.05444169044494629 0.06357407569885254 4.336429119110107 0.054566144943237305 0.05542755126953125 0.05791354179382324 0.06499433517456055 0.09809303283691406 0.07216691970825195 0.06550836563110352 0.05937814712524414 0.06530213356018066 
avg_all -1 10 1 0.42064958810806274
random:2T:3000
sum 0 0 2 60 46 
sum 1 0 2 180 70 
sum 2 0 2 240 76 
sum 3 0 2 360 85 
sum 4 0 2 540 101 
sum 5 0 2 600 107 
sum 6 0 2 1200 123 
sum 7 0 2 1500 124 
sum 8 0 2 1800 129 
sum 9 0 2 2100 136 
sum 10 0 2 2400 141 
sum 11 0 2 2700 151 
sum 12 0 2 3000 171 
miss fire 0 2 4 4 2 2 2 1 1 2 4 1 3 2 2 1 1 0 0 0 0 0 0 0 0 0 0 1 1 1 1 1 1 1 2 2 2 0 0 0 1 2 2 4 1 1 2 1 4 3 3 1 1 
miss human 0 2 12 12 6 5 3 3 4 3 3 2 2 1 1 1 1 0 0 0 0 0 0 0 0 0 0 0 0 0 0 0 0 0 0 0 0 0 0 0 0 0 0 0 0 0 0 0 0 0 0 0 0 
miss window 0 2 7 7 5 4 1 0 0 0 0 1 1 1 1 0 0 0 1 1 2 0 0 0 0 0 0 0 0 0 0 0 0 0 0 0 0 0 0 0 0 0 0 1 0 0 0 0 1 1 1 1 4 
acm fire 0 2 4 8 10 12 14 15 16 18 22 23 26 28 30 31 32 32 32 32 32 32 32 32 32 32 32 33 34 35 36 37 38 39 41 43 45 45 45 45 46 48 50 54 55 56 58 59 63 66 69 70 71 
acm human 0 2 12 24 30 35 38 41 45 48 51 53 55 56 57 58 59 59 59 59 59 59 59 59 59 59 59 59 59 59 59 59 59 59 59 59 59 59 59 59 59 59 59 59 59 59 59 59 59 59 59 59 59 
acm window 0 2 7 14 19 23 24 24 24 24 24 25 26 27 28 28 28 28 29 30 32 32 32 32 32 32 32 32 32 32 32 32 32 32 32 32 32 32 32 32 32 32 32 33 33 33 33 33 34 35 36 37 41 
tsim fire 0 2 4 4 4 4 5 5 5 6 8 8 10 10 10 10 10 10 10 10 10 10 10 10 10 10 10 10 10 10 10 10 10 10 11 9 9 9 9 9 10 11 12 14 14 14 15 15 18 18 18 18 18 
tsim human 0 2 12 12 12 12 12 12 11 11 11 10 10 9 9 9 9 8 8 8 8 8 8 8 8 8 8 8 8 8 8 8 8 8 8 8 8 8 8 8 8 8 8 8 8 8 8 8 8 8 8 8 8 
tsim window 0 2 7 7 7 7 7 7 7 7 7 8 10 10 10 10 10 10 11 12 14 14 14 14 14 14 14 14 14 14 14 14 14 14 14 14 14 14 14 14 14 14 14 15 15 15 15 15 23 24 24 24 27 
runtime -1 0 2 0.6944694519042969 0.7584981918334961 0.7090044021606445 0.5166409015655518 0.6211526393890381 0.6341328620910645 0.6398546695709229 0.6867730617523193 0.7822375297546387 0.6297450065612793 0.5407733917236328 0.3517758846282959 0.2295694351196289 0.09688758850097656 
avg_run -1 0 2 0.5636796440396991
al_time -1 0 2 0.029316425323486328 0.028575658798217773 0.02924370765686035 0.029369592666625977 1.1607472896575928 0.047483205795288086 0.10517001152038574 0.0355687141418457 0.038980722427368164 0.03829026222229004 0.04183197021484375 2.0251128673553467 0.042861223220825195 0.02450704574584961 
avg_all -1 0 2 0.2626470497676304
sum 0 1 2 60 46 
sum 1 1 2 180 64 
sum 2 1 2 240 72 
sum 3 1 2 360 83 
sum 4 1 2 540 101 
sum 5 1 2 600 109 
sum 6 1 2 1200 133 
sum 7 1 2 1500 136 
sum 8 1 2 1800 141 
sum 9 1 2 2100 148 
sum 10 1 2 2400 153 
sum 11 1 2 2700 166 
sum 12 1 2 3000 193 
miss fire 1 2 4 4 0 0 1 0 0 1 3 3 5 2 2 1 1 0 0 0 0 0 0 0 0 0 0 1 1 1 1 1 1 1 2 2 2 0 0 0 1 2 2 4 2 2 2 2 5 3 3 3 3 
miss human 1 2 12 12 4 4 3 3 4 4 4 2 2 1 1 1 1 0 0 0 0 0 0 0 0 0 0 0 0 0 0 0 0 0 0 0 0 0 0 0 0 0 0 0 0 0 0 0 0 0 0 0 0 
miss window 1 2 7 7 5 5 4 2 2 0 0 1 1 0 0 0 0 0 1 2 4 4 3 1 1 0 0 0 0 0 0 0 0 0 0 0 0 0 0 0 0 0 0 1 0 0 0 0 1 2 2 1 4 
acm fire 1 2 4 8 8 8 9 9 9 10 13 16 21 23 25 26 27 27 27 27 27 27 27 27 27 27 27 28 29 30 31 32 33 34 36 38 40 40 40 40 41 43 45 49 51 53 55 57 62 65 68 71 74 
acm human 1 2 12 24 28 32 35 38 42 46 50 52 54 55 56 57 58 58 58 58 58 58 58 58 58 58 58 58 58 58 58 58 58 58 58 58 58 58 58 58 58 58 58 58 58 58 58 58 58 58 58 58 58 
acm window 1 2 7 14 19 24 28 30 32 32 32 33 34 34 34 34 34 34 35 37 41 45 48 49 50 50 50 50 50 50 50 50 50 50 50 50 50 50 50 50 50 50 50 51 51 51 51 51 52 54 56 57 61 
tsim fire 1 2 4 4 4 4 5 5 5 6 8 8 10 10 10 10 10 10 10 10 10 10 10 10 10 10 10 10 10 10 10 10 10 10 11 9 9 9 9 9 10 11 12 14 14 14 15 15 18 18 18 18 18 
tsim human 1 2 12 12 12 12 12 12 11 11 11 10 10 9 9 9 9 8 8 8 8 8 8 8 8 8 8 8 8 8 8 8 8 8 8 8 8 8 8 8 8 8 8 8 8 8 8 8 8 8 8 8 8 
tsim window 1 2 7 7 7 7 7 7 7 7 7 8 10 10 10 10 10 10 11 12 14 14 14 14 14 14 14 14 14 14 14 14 14 14 14 14 14 14 14 14 14 14 14 15 15 15 15 15 23 24 24 24 27 
runtime -1 1 2 4.870309591293335 5.661906719207764 6.696985244750977 6.078629016876221 7.71563720703125 6.866900205612183 6.322218418121338 5.734966039657593 6.445327043533325 4.74769139289856 3.4557621479034424 2.301220417022705 
avg_run -1 1 2 5.574796120325725
al_time -1 1 2 0.034637451171875 0.028240680694580078 0.029256820678710938 1.190779447555542 0.0427851676940918 0.04906320571899414 0.030504941940307617 0.03622865676879883 0.03538680076599121 0.036580562591552734 0.03797173500061035 0.02769947052001953 
avg_all -1 1 2 0.1315945784250895
sum 0 2 2 60 46 
sum 1 2 2 180 60 
sum 2 2 2 240 64 
sum 3 2 2 360 73 
sum 4 2 2 540 95 
sum 5 2 2 600 103 
sum 6 2 2 1200 126 
sum 7 2 2 1500 126 
sum 8 2 2 1800 126 
sum 9 2 2 2100 129 
sum 10 2 2 2400 135 
sum 11 2 2 2700 161 
sum 12 2 2 3000 184 
miss fire 2 2 4 4 1 0 1 1 1 2 4 4 5 5 1 1 0 0 0 0 0 0 0 0 0 0 0 0 0 0 0 0 0 0 1 1 1 0 0 0 1 2 3 5 4 4 4 4 5 5 3 1 1 
miss human 2 2 12 12 3 3 3 3 4 4 4 3 3 2 2 2 0 1 0 0 1 1 0 0 0 0 0 0 0 0 0 0 0 0 0 0 0 0 0 0 0 0 0 0 0 0 0 0 0 0 0 0 0 
miss window 2 2 7 7 5 2 0 0 0 0 0 1 0 0 0 0 0 0 1 2 2 2 0 0 0 0 0 0 0 0 0 0 0 0 0 0 0 0 0 0 0 0 0 1 1 1 1 1 1 2 2 0 3 
acm fire 2 2 4 8 9 9 10 11 12 14 18 22 27 32 33 34 34 34 34 34 34 34 34 34 34 34 34 34 34 34 34 34 34 34 35 36 37 37 37 37 38 40 43 48 52 56 60 64 69 74 77 78 79 
acm human 2 2 12 24 27 30 33 36 40 44 48 51 54 56 58 60 60 61 61 61 62 63 63 63 63 63 63 63 63 63 63 63 63 63 63 63 63 63 63 63 63 63 63 63 63 63 63 63 63 63 63 63 63 
acm window 2 2 7 14 19 21 21 21 21 21 21 22 22 22 22 22 22 22 23 25 27 29 29 29 29 29 29 29 29 29 29 29 29 29 29 29 29 29 29 29 29 29 29 30 31 32 33 34 35 37 39 39 42 
tsim fire 2 2 4 4 4 4 5 5 5 6 8 8 10 10 10 10 10 10 10 10 10 10 10 10 10 10 10 10 10 10 10 10 10 10 11 9 9 9 9 9 10 11 12 14 14 14 15 15 18 18 18 18 18 
tsim human 2 2 12 12 12 12 12 12 11 11 11 10 10 9 9 9 9 8 8 8 8 8 8 8 8 8 8 8 8 8 8 8 8 8 8 8 8 8 8 8 8 8 8 8 8 8 8 8 8 8 8 8 8 
tsim window 2 2 7 7 7 7 7 7 7 7 7 8 10 10 10 10 10 10 11 12 14 14 14 14 14 14 14 14 14 14 14 14 14 14 14 14 14 14 14 14 14 14 14 15 15 15 15 15 23 24 24 24 27 
runtime -1 2 2 12.534065008163452 9.421281099319458 7.629764080047607 7.28118896484375 7.3427441120147705 7.1430065631866455 7.1166300773620605 6.1929686069488525 5.833559274673462 5.599992990493774 4.347208738327026 3.4186811447143555 2.7630815505981445 1.6699960231781006 
avg_run -1 2 2 6.30672630241939
al_time -1 2 2 0.03934288024902344 1.2433452606201172 0.03127241134643555 0.032515764236450195 0.037943124771118164 0.041083574295043945 0.03621816635131836 0.03293347358703613 0.03763580322265625 0.03318190574645996 0.03507041931152344 0.03378438949584961 0.04454159736633301 0.036055564880371094 
avg_all -1 2 2 0.12249459539140974
sum 0 3 2 60 46 
sum 1 3 2 180 71 
sum 2 3 2 240 79 
sum 3 3 2 360 90 
sum 4 3 2 540 105 
sum 5 3 2 600 110 
sum 6 3 2 1200 142 
sum 7 3 2 1500 155 
sum 8 3 2 1800 162 
sum 9 3 2 2100 169 
sum 10 3 2 2400 175 
sum 11 3 2 2700 190 
sum 12 3 2 3000 215 
miss fire 3 2 4 4 2 0 1 1 1 2 4 0 2 2 2 2 2 2 0 0 0 0 0 0 0 0 0 0 0 0 0 0 0 0 1 3 3 0 0 0 1 2 3 3 3 1 2 1 4 2 2 0 0 
miss human 3 2 12 12 6 5 5 5 4 3 3 2 2 1 1 1 0 1 1 1 0 0 0 0 1 0 0 0 0 0 0 0 0 0 0 0 0 0 0 0 0 0 0 0 0 0 0 0 0 0 0 0 0 
miss window 3 2 7 7 7 5 2 0 0 0 0 1 1 1 0 0 0 0 1 2 4 4 4 4 2 2 2 2 2 2 2 1 0 0 0 0 0 0 0 0 0 0 0 1 1 1 1 1 2 3 3 3 6 
acm fire 3 2 4 8 10 10 11 12 13 15 19 19 21 23 25 27 29 31 31 31 31 31 31 31 31 31 31 31 31 31 31 31 31 31 32 35 38 38 38 38 39 41 44 47 50 51 53 54 58 60 62 62 62 
acm human 3 2 12 24 30 35 40 45 49 52 55 57 59 60 61 62 62 63 64 65 65 65 65 65 66 66 66 66 66 66 66 66 66 66 66 66 66 66 66 66 66 66 66 66 66 66 66 66 66 66 66 66 66 
acm window 3 2 7 14 21 26 28 28 28 28 28 29 30 31 31 31 31 31 32 34 38 42 46 50 52 54 56 58 60 62 64 65 65 65 65 65 65 65 65 65 65 65 65 66 67 68 69 70 72 75 78 81 87 
tsim fire 3 2 4 4 4 4 5 5 5 6 8 8 10 10 10 10 10 10 10 10 10 10 10 10 10 10 10 10 10 10 10 10 10 10 11 9 9 9 9 9 10 11 12 14 14 14 15 15 18 18 18 18 18 
tsim human 3 2 12 12 12 12 12 12 11 11 11 10 10 9 9 9 9 8 8 8 8 8 8 8 8 8 8 8 8 8 8 8 8 8 8 8 8 8 8 8 8 8 8 8 8 8 8 8 8 8 8 8 8 
tsim window 3 2 7 7 7 7 7 7 7 7 7 8 10 10 10 10 10 10 11 12 14 14 14 14 14 14 14 14 14 14 14 14 14 14 14 14 14 14 14 14 14 14 14 15 15 15 15 15 23 24 24 24 27 
runtime -1 3 2 0.026796817779541016 0.026873111724853516 0.027272701263427734 0.03741264343261719 0.027032136917114258 0.02696394920349121 0.026834726333618164 0.02710580825805664 0.0269622802734375 0.027206897735595703 0.032366275787353516 0.032143592834472656 
avg_run -1 3 2 0.028747578461964924
al_time -1 3 2 0.03623485565185547 2.6730706691741943 0.1727006435394287 0.04557681083679199 0.040616512298583984 0.04238724708557129 0.04795265197753906 0.040775299072265625 0.041420936584472656 2.145768165588379 0.05222058296203613 0.02549576759338379 
avg_all -1 3 2 0.4470183451970418
sum 0 4 2 60 46 
sum 1 4 2 180 64 
sum 2 4 2 240 73 
sum 3 4 2 360 84 
sum 4 4 2 540 102 
sum 5 4 2 600 110 
sum 6 4 2 1200 125 
sum 7 4 2 1500 125 
sum 8 4 2 1800 125 
sum 9 4 2 2100 132 
sum 10 4 2 2400 136 
sum 11 4 2 2700 146 
sum 12 4 2 3000 168 
miss fire 4 2 4 4 0 0 1 0 0 1 3 3 5 2 2 0 0 0 0 0 0 0 0 0 0 0 0 0 0 0 0 0 0 0 1 3 3 0 0 0 1 1 2 2 2 0 1 1 4 3 3 1 1 
miss human 4 2 12 12 4 4 4 3 4 4 4 2 2 1 1 1 1 0 0 0 0 0 0 0 0 0 0 0 0 0 0 0 0 0 0 0 0 0 0 0 0 0 0 0 0 0 0 0 0 0 0 0 0 
miss window 4 2 7 7 5 5 4 2 2 0 0 1 1 0 0 0 0 0 1 1 2 2 1 0 0 0 0 0 0 0 0 0 0 0 0 0 0 0 0 0 0 0 0 1 1 1 1 0 1 2 2 1 4 
acm fire 4 2 4 8 8 8 9 9 9 10 13 16 21 23 25 25 25 25 25 25 25 25 25 25 25 25 25 25 25 25 25 25 25 25 26 29 32 32 32 32 33 34 36 38 40 40 41 42 46 49 52 53 54 
acm human 4 2 12 24 28 32 36 39 43 47 51 53 55 56 57 58 59 59 59 59 59 59 59 59 59 59 59 59 59 59 59 59 59 59 59 59 59 59 59 59 59 59 59 59 59 59 59 59 59 59 59 59 59 
acm window 4 2 7 14 19 24 28 30 32 32 32 33 34 34 34 34 34 34 35 36 38 40 41 41 41 41 41 41 41 41 41 41 41 41 41 41 41 41 41 41 41 41 41 42 43 44 45 45 46 48 50 51 55 
tsim fire 4 2 4 4 4 4 5 5 5 6 8 8 10 10 10 10 10 10 10 10 10 10 10 10 10 10 10 10 10 10 10 10 10 10 11 9 9 9 9 9 10 11 12 14 14 14 15 15 18 18 18 18 18 
tsim human 4 2 12 12 12 12 12 12 11 11 11 10 10 9 9 9 9 8 8 8 8 8 8 8 8 8 8 8 8 8 8 8 8 8 8 8 8 8 8 8 8 8 8 8 8 8 8 8 8 8 8 8 8 
tsim window 4 2 7 7 7 7 7 7 7 7 7 8 10 10 10 10 10 10 11 12 14 14 14 14 14 14 14 14 14 14 14 14 14 14 14 14 14 14 14 14 14 14 14 15 15 15 15 15 23 24 24 24 27 
runtime -1 4 2 5.405682802200317 6.323833465576172 6.0746400356292725 6.901639223098755 6.677911758422852 7.847672939300537 5.9103944301605225 8.412842035293579 4.47067928314209 5.261074781417847 1.6376636028289795 0.3459606170654297 
avg_run -1 4 2 5.439166247844696
al_time -1 4 2 0.036219120025634766 0.028639793395996094 1.2117631435394287 0.0413210391998291 0.08800172805786133 0.033181190490722656 0.03932690620422363 0.03580141067504883 0.0850827693939209 0.03944063186645508 0.03883528709411621 0.02226710319519043 
avg_all -1 4 2 0.1416566769282023
sum 0 5 2 60 46 
sum 1 5 2 180 70 
sum 2 5 2 240 81 
sum 3 5 2 360 92 
sum 4 5 2 540 112 
sum 5 5 2 600 119 
sum 6 5 2 1200 145 
sum 7 5 2 1500 147 
sum 8 5 2 1800 147 
sum 9 5 2 2100 155 
sum 10 5 2 2400 160 
sum 11 5 2 2700 177 
sum 12 5 2 3000 206 
miss fire 5 2 4 4 1 1 2 0 0 1 3 3 3 3 1 1 1 1 1 1 1 1 1 0 0 0 0 0 0 0 0 0 0 0 1 3 3 1 1 0 1 1 2 4 2 2 2 2 4 4 3 2 2 
miss human 5 2 12 12 7 4 4 4 5 5 4 3 3 2 1 1 2 0 0 0 0 0 0 0 0 0 0 0 0 0 0 0 0 0 0 0 0 0 0 0 0 0 0 0 0 0 0 0 0 0 0 0 0 
miss window 5 2 7 7 6 5 5 2 0 0 0 1 1 1 0 0 0 0 1 2 2 1 1 1 1 0 0 0 0 0 0 0 0 0 0 0 0 0 0 0 0 0 0 1 1 1 1 1 2 3 2 2 5 
acm fire 5 2 4 8 9 10 12 12 12 13 16 19 22 25 26 27 28 29 30 31 32 33 34 34 34 34 34 34 34 34 34 34 34 34 35 38 41 42 43 43 44 45 47 51 53 55 57 59 63 67 70 72 74 
acm human 5 2 12 24 31 35 39 43 48 53 57 60 63 65 66 67 69 69 69 69 69 69 69 69 69 69 69 69 69 69 69 69 69 69 69 69 69 69 69 69 69 69 69 69 69 69 69 69 69 69 69 69 69 
acm window 5 2 7 14 20 25 30 32 32 32 32 33 34 35 35 35 35 35 36 38 40 41 42 43 44 44 44 44 44 44 44 44 44 44 44 44 44 44 44 44 44 44 44 45 46 47 48 49 51 54 56 58 63 
tsim fire 5 2 4 4 4 4 5 5 5 6 8 8 10 10 10 10 10 10 10 10 10 10 10 10 10 10 10 10 10 10 10 10 10 10 11 9 9 9 9 9 10 11 12 14 14 14 15 15 18 18 18 18 18 
tsim human 5 2 12 12 12 12 12 12 11 11 11 10 10 9 9 9 9 8 8 8 8 8 8 8 8 8 8 8 8 8 8 8 8 8 8 8 8 8 8 8 8 8 8 8 8 8 8 8 8 8 8 8 8 
tsim window 5 2 7 7 7 7 7 7 7 7 7 8 10 10 10 10 10 10 11 12 14 14 14 14 14 14 14 14 14 14 14 14 14 14 14 14 14 14 14 14 14 14 14 15 15 15 15 15 23 24 24 24 27 
runtime -1 5 2 13.06232476234436 8.42111587524414 7.220065116882324 6.037993431091309 7.626798152923584 5.7724339962005615 6.962043523788452 5.508820056915283 6.07409143447876 4.441625356674194 3.5073907375335693 2.558305501937866 1.2184035778045654 
avg_run -1 5 2 6.031647040293767
al_time -1 5 2 0.03712058067321777 1.160926103591919 0.034613847732543945 0.041399240493774414 0.04489850997924805 0.0367734432220459 0.03385472297668457 0.03448963165283203 0.08966732025146484 0.03562808036804199 0.036353111267089844 0.036194801330566406 0.03582620620727539 
avg_all -1 5 2 0.127518892288208
sum 0 6 2 60 46 
sum 1 6 2 180 70 
sum 2 6 2 240 76 
sum 3 6 2 360 85 
sum 4 6 2 540 105 
sum 5 6 2 600 113 
sum 6 6 2 1200 128 
sum 7 6 2 1500 129 
sum 8 6 2 1800 129 
sum 9 6 2 2100 133 
sum 10 6 2 2400 141 
sum 11 6 2 2700 157 
sum 12 6 2 3000 184 
miss fire 6 2 4 4 2 2 2 1 1 2 4 3 5 2 2 0 0 0 0 0 0 0 0 0 0 0 0 0 0 0 0 0 0 0 1 1 1 1 1 1 2 3 1 3 3 3 2 2 5 4 4 3 3 
miss human 6 2 12 12 6 5 3 3 4 4 4 2 2 1 1 1 1 0 0 0 0 0 0 0 0 0 0 0 0 0 0 0 0 0 0 0 0 0 0 0 0 0 0 0 0 0 0 0 0 0 0 0 0 
miss window 6 2 7 7 5 4 1 0 0 0 0 1 1 0 0 0 0 0 1 1 3 1 1 1 0 0 0 0 0 0 0 0 0 0 0 0 0 0 0 0 0 0 0 1 1 1 0 0 1 2 2 0 3 
acm fire 6 2 4 8 10 12 14 15 16 18 22 25 30 32 34 34 34 34 34 34 34 34 34 34 34 34 34 34 34 34 34 34 34 34 35 36 37 38 39 40 42 45 46 49 52 55 57 59 64 68 72 75 78 
acm human 6 2 12 24 30 35 38 41 45 49 53 55 57 58 59 60 61 61 61 61 61 61 61 61 61 61 61 61 61 61 61 61 61 61 61 61 61 61 61 61 61 61 61 61 61 61 61 61 61 61 61 61 61 
acm window 6 2 7 14 19 23 24 24 24 24 24 25 26 26 26 26 26 26 27 28 31 32 33 34 34 34 34 34 34 34 34 34 34 34 34 34 34 34 34 34 34 34 34 35 36 37 37 37 38 40 42 42 45 
tsim fire 6 2 4 4 4 4 5 5 5 6 8 8 10 10 10 10 10 10 10 10 10 10 10 10 10 10 10 10 10 10 10 10 10 10 11 9 9 9 9 9 10 11 12 14 14 14 15 15 18 18 18 18 18 
tsim human 6 2 12 12 12 12 12 12 11 11 11 10 10 9 9 9 9 8 8 8 8 8 8 8 8 8 8 8 8 8 8 8 8 8 8 8 8 8 8 8 8 8 8 8 8 8 8 8 8 8 8 8 8 
tsim window 6 2 7 7 7 7 7 7 7 7 7 8 10 10 10 10 10 10 11 12 14 14 14 14 14 14 14 14 14 14 14 14 14 14 14 14 14 14 14 14 14 14 14 15 15 15 15 15 23 24 24 24 27 
runtime -1 6 2 13.815953254699707 11.039225101470947 9.61593508720398 7.545245170593262 7.524623870849609 6.864977598190308 8.571770191192627 7.7455034255981445 6.565103054046631 4.038471460342407 2.2085442543029785 0.6725435256958008 
avg_run -1 6 2 7.1839913328488665
al_time -1 6 2 0.03212261199951172 0.026344776153564453 0.029033422470092773 1.1076610088348389 0.04161357879638672 0.048055171966552734 0.04405021667480469 0.034728050231933594 0.035657405853271484 0.03777265548706055 1.9676227569580078 0.024449825286865234 
avg_all -1 6 2 0.28575929005940753
sum 0 7 2 60 46 
sum 1 7 2 180 70 
sum 2 7 2 240 76 
sum 3 7 2 360 85 
sum 4 7 2 540 103 
sum 5 7 2 600 109 
sum 6 7 2 1200 130 
sum 7 7 2 1500 132 
sum 8 7 2 1800 132 
sum 9 7 2 2100 136 
sum 10 7 2 2400 142 
sum 11 7 2 2700 161 
sum 12 7 2 3000 190 
miss fire 7 2 4 4 2 2 2 1 1 2 4 1 3 3 3 0 0 0 0 0 0 0 0 0 0 0 0 0 0 0 0 0 0 0 1 1 1 1 0 0 1 2 3 4 4 3 4 2 5 3 3 3 3 
miss human 7 2 12 12 6 5 3 3 4 4 4 2 2 1 1 1 1 0 0 0 0 0 0 0 0 0 0 0 0 0 0 0 0 0 0 0 0 0 0 0 0 0 0 0 0 0 0 0 0 0 0 0 0 
miss window 7 2 7 7 5 4 1 0 0 0 0 1 1 1 1 0 0 0 1 2 2 2 2 2 0 0 0 0 0 0 0 0 0 0 0 0 0 0 0 0 0 0 0 1 1 0 0 0 1 2 2 2 5 
acm fire 7 2 4 8 10 12 14 15 16 18 22 23 26 29 32 32 32 32 32 32 32 32 32 32 32 32 32 32 32 32 32 32 32 32 33 34 35 36 36 36 37 39 42 46 50 53 57 59 64 67 70 73 76 
acm human 7 2 12 24 30 35 38 41 45 49 53 55 57 58 59 60 61 61 61 61 61 61 61 61 61 61 61 61 61 61 61 61 61 61 61 61 61 61 61 61 61 61 61 61 61 61 61 61 61 61 61 61 61 
acm window 7 2 7 14 19 23 24 24 24 24 24 25 26 27 28 28 28 28 29 31 33 35 37 39 39 39 39 39 39 39 39 39 39 39 39 39 39 39 39 39 39 39 39 40 41 41 41 41 42 44 46 48 53 
tsim fire 7 2 4 4 4 4 5 5 5 6 8 8 10 10 10 10 10 10 10 10 10 10 10 10 10 10 10 10 10 10 10 10 10 10 11 9 9 9 9 9 10 11 12 14 14 14 15 15 18 18 18 18 18 
tsim human 7 2 12 12 12 12 12 12 11 11 11 10 10 9 9 9 9 8 8 8 8 8 8 8 8 8 8 8 8 8 8 8 8 8 8 8 8 8 8 8 8 8 8 8 8 8 8 8 8 8 8 8 8 
tsim window 7 2 7 7 7 7 7 7 7 7 7 8 10 10 10 10 10 10 11 12 14 14 14 14 14 14 14 14 14 14 14 14 14 14 14 14 14 14 14 14 14 14 14 15 15 15 15 15 23 24 24 24 27 
runtime -1 7 2 2.923769474029541 2.004413366317749 1.991307258605957 1.9772264957427979 1.947150707244873 1.7054862976074219 1.4060614109039307 1.9072062969207764 1.5901784896850586 1.4860739707946777 1.0344274044036865 0.8079049587249756 0.9846000671386719 
avg_run -1 7 2 1.6742927844707782
al_time -1 7 2 0.03508281707763672 0.027660608291625977 0.028838396072387695 1.14227294921875 0.0441434383392334 0.05188107490539551 0.034819841384887695 0.03559994697570801 0.032956600189208984 0.034330129623413086 0.036843299865722656 2.036750078201294 0.03009510040283203 
avg_all -1 7 2 0.27471340619600737
sum 0 8 2 60 46 
sum 1 8 2 180 63 
sum 2 8 2 240 68 
sum 3 8 2 360 78 
sum 4 8 2 540 99 
sum 5 8 2 600 108 
sum 6 8 2 1200 132 
sum 7 8 2 1500 132 
sum 8 8 2 1800 132 
sum 9 8 2 2100 135 
sum 10 8 2 2400 139 
sum 11 8 2 2700 154 
sum 12 8 2 3000 187 
miss fire 8 2 4 4 0 0 1 1 1 2 4 3 5 5 1 1 0 0 0 0 0 0 0 0 0 0 0 0 0 0 0 0 0 0 1 1 1 0 0 0 1 2 1 3 3 1 2 1 4 3 3 3 3 
miss human 8 2 12 12 5 5 4 4 4 4 4 3 3 2 2 2 1 0 0 0 0 0 0 0 0 0 0 0 0 0 0 0 0 0 0 0 0 0 0 0 0 0 0 0 0 0 0 0 0 0 0 0 0 
miss window 8 2 7 7 5 2 0 0 0 0 0 1 1 1 1 1 0 0 1 2 2 1 1 0 0 0 0 0 0 0 0 0 0 0 0 0 0 0 0 0 0 0 0 1 1 1 1 1 2 3 3 3 6 
acm fire 8 2 4 8 8 8 9 10 11 13 17 20 25 30 31 32 32 32 32 32 32 32 32 32 32 32 32 32 32 32 32 32 32 32 33 34 35 35 35 35 36 38 39 42 45 46 48 49 53 56 59 62 65 
acm human 8 2 12 24 29 34 38 42 46 50 54 57 60 62 64 66 67 67 67 67 67 67 67 67 67 67 67 67 67 67 67 67 67 67 67 67 67 67 67 67 67 67 67 67 67 67 67 67 67 67 67 67 67 
acm window 8 2 7 14 19 21 21 21 21 21 21 22 23 24 25 26 26 26 27 29 31 32 33 33 33 33 33 33 33 33 33 33 33 33 33 33 33 33 33 33 33 33 33 34 35 36 37 38 40 43 46 49 55 
tsim fire 8 2 4 4 4 4 5 5 5 6 8 8 10 10 10 10 10 10 10 10 10 10 10 10 10 10 10 10 10 10 10 10 10 10 11 9 9 9 9 9 10 11 12 14 14 14 15 15 18 18 18 18 18 
tsim human 8 2 12 12 12 12 12 12 11 11 11 10 10 9 9 9 9 8 8 8 8 8 8 8 8 8 8 8 8 8 8 8 8 8 8 8 8 8 8 8 8 8 8 8 8 8 8 8 8 8 8 8 8 
tsim window 8 2 7 7 7 7 7 7 7 7 7 8 10 10 10 10 10 10 11 12 14 14 14 14 14 14 14 14 14 14 14 14 14 14 14 14 14 14 14 14 14 14 14 15 15 15 15 15 23 24 24 24 27 
runtime -1 8 2 2.7024896144866943 1.8517134189605713 1.8348698616027832 1.9528601169586182 1.902465581893921 1.4492974281311035 1.6028316020965576 1.5529229640960693 1.459575891494751 1.4769940376281738 1.090980052947998 0.8025827407836914 0.66359543800354 
avg_run -1 8 2 1.5648599037757287
al_time -1 8 2 0.04829549789428711 0.031281471252441406 1.0417611598968506 0.031939029693603516 0.052428245544433594 0.04323315620422363 0.036658525466918945 0.034499168395996094 0.03423738479614258 0.03670477867126465 0.03658890724182129 1.9694437980651855 0.03048253059387207 
avg_all -1 8 2 0.2636579733628493
