random:0T:3000
sum 0 0 0 60 58 
sum 1 0 0 180 104 
sum 2 0 0 240 120 
sum 3 0 0 360 151 
sum 4 0 0 540 179 
sum 5 0 0 600 185 
sum 6 0 0 1200 224 
sum 7 0 0 1500 234 
sum 8 0 0 1800 249 
sum 9 0 0 2100 270 
sum 10 0 0 2400 283 
sum 11 0 0 2700 289 
sum 12 0 0 3000 294 
miss fire 0 0 3 3 3 2 2 2 3 2 2 2 1 1 1 0 0 1 1 1 1 1 0 0 0 0 0 0 0 0 0 0 0 1 2 1 1 2 3 2 2 1 1 1 0 0 0 0 0 1 1 0 0 
miss human 0 0 18 18 14 14 9 9 8 7 6 6 5 3 2 5 4 2 2 2 1 0 0 0 0 0 0 0 0 0 0 0 0 0 0 0 0 0 0 0 0 0 0 0 0 0 0 0 0 0 0 0 0 
miss window 0 0 8 8 7 6 5 5 4 2 1 0 0 0 0 0 1 1 1 2 2 2 2 2 2 2 2 2 3 3 3 3 3 3 3 3 3 2 2 0 0 1 1 0 1 1 1 2 2 1 0 0 0 
acm fire 0 0 3 6 9 11 13 15 18 20 22 24 25 26 27 27 27 28 29 30 31 32 32 32 32 32 32 32 32 32 32 32 32 33 35 36 37 39 42 44 46 47 48 49 49 49 49 49 49 50 51 51 51 
acm human 0 0 18 36 50 64 73 82 90 97 103 109 114 117 119 124 128 130 132 134 135 135 135 135 135 135 135 135 135 135 135 135 135 135 135 135 135 135 135 135 135 135 135 135 135 135 135 135 135 135 135 135 135 
acm window 0 0 8 16 23 29 34 39 43 45 46 46 46 46 46 46 47 48 49 51 53 55 57 59 61 63 65 67 70 73 76 79 82 85 88 91 94 96 98 98 98 99 100 100 101 102 103 105 107 108 108 108 108 
tsim fire 0 0 3 3 3 3 3 3 4 5 5 5 5 5 5 5 5 6 6 6 6 6 6 6 6 6 6 6 6 6 6 6 6 7 8 8 8 9 10 10 10 10 10 10 10 10 10 10 10 11 11 11 11 
tsim human 0 0 18 18 18 17 16 15 15 15 14 14 13 11 10 10 9 8 8 8 8 8 8 8 8 8 8 8 8 8 8 8 8 8 8 8 8 8 8 8 8 8 8 8 8 8 8 8 8 8 8 8 8 
tsim window 0 0 8 8 8 8 8 8 8 8 8 8 8 8 8 8 9 9 9 10 10 10 10 10 10 10 10 10 11 11 11 11 11 13 13 13 13 13 13 13 13 14 14 14 15 15 15 17 17 17 17 17 17 
runtime -1 0 0 0.627382755279541 0.4412822723388672 0.42438626289367676 0.48358607292175293 0.6549124717712402 0.6564857959747314 0.6498043537139893 0.49396419525146484 0.12853074073791504 
avg_run -1 0 0 0.5067038800981309
al_time -1 0 0 0.015277862548828125 0.020014524459838867 0.01775956153869629 1.361795425415039 0.019495487213134766 0.017997264862060547 0.019195079803466797 0.02385568618774414 0.012218236923217773 
avg_all -1 0 0 0.16751212543911403
sum 0 1 0 60 58 
sum 1 1 0 180 93 
sum 2 1 0 240 106 
sum 3 1 0 360 134 
sum 4 1 0 540 165 
sum 5 1 0 600 174 
sum 6 1 0 1200 211 
sum 7 1 0 1500 215 
sum 8 1 0 1800 220 
sum 9 1 0 2100 235 
sum 10 1 0 2400 252 
sum 11 1 0 2700 269 
sum 12 1 0 3000 287 
miss fire 1 0 3 3 2 0 0 0 1 2 1 1 1 1 0 0 0 1 1 1 1 1 1 1 1 1 0 0 0 0 0 0 0 1 2 2 2 3 3 3 3 3 3 2 2 1 1 0 0 1 1 1 1 
miss human 1 0 18 18 10 7 6 7 7 7 6 5 6 4 4 4 3 2 0 0 0 0 0 0 0 0 0 0 0 0 0 0 0 0 0 0 0 0 0 0 0 0 0 0 0 0 0 0 0 0 0 0 0 
miss window 1 0 8 8 8 8 7 7 6 3 3 3 2 2 0 0 1 1 1 2 2 2 2 1 0 0 0 0 1 1 1 1 1 1 1 1 1 1 0 0 0 1 1 1 2 2 2 4 4 3 3 2 2 
acm fire 1 0 3 6 8 8 8 8 9 11 12 13 14 15 15 15 15 16 17 18 19 20 21 22 23 24 24 24 24 24 24 24 24 25 27 29 31 34 37 40 43 46 49 51 53 54 55 55 55 56 57 58 59 
acm human 1 0 18 36 46 53 59 66 73 80 86 91 97 101 105 109 112 114 114 114 114 114 114 114 114 114 114 114 114 114 114 114 114 114 114 114 114 114 114 114 114 114 114 114 114 114 114 114 114 114 114 114 114 
acm window 1 0 8 16 24 32 39 46 52 55 58 61 63 65 65 65 66 67 68 70 72 74 76 77 77 77 77 77 78 79 80 81 82 83 84 85 86 87 87 87 87 88 89 90 92 94 96 100 104 107 110 112 114 
tsim fire 1 0 3 3 3 3 3 3 4 5 5 5 5 5 5 5 5 6 6 6 6 6 6 6 6 6 6 6 6 6 6 6 6 7 8 8 8 9 10 10 10 10 10 10 10 10 10 10 10 11 11 11 11 
tsim human 1 0 18 18 18 17 16 15 15 15 14 14 13 11 10 10 9 8 8 8 8 8 8 8 8 8 8 8 8 8 8 8 8 8 8 8 8 8 8 8 8 8 8 8 8 8 8 8 8 8 8 8 8 
tsim window 1 0 8 8 8 8 8 8 8 8 8 8 8 8 8 8 9 9 9 10 10 10 10 10 10 10 10 10 11 11 11 11 11 13 13 13 13 13 13 13 13 14 14 14 15 15 15 17 17 17 17 17 17 
runtime -1 1 0 0.3219170570373535 5.973204135894775 5.507689714431763 8.664413928985596 7.9009058475494385 8.782947540283203 6.155339241027832 6.808520555496216 5.055144548416138 2.941457509994507 
avg_run -1 1 0 5.811154007911682
al_time -1 1 0 0.016870975494384766 0.015942096710205078 0.01465916633605957 0.01680445671081543 0.016272306442260742 0.50943922996521 0.019025564193725586 0.01731395721435547 0.017016887664794922 0.015474557876586914 
avg_all -1 1 0 0.06588191986083984
sum 0 2 0 60 58 
sum 1 2 0 180 94 
sum 2 2 0 240 109 
sum 3 2 0 360 139 
sum 4 2 0 540 173 
sum 5 2 0 600 183 
sum 6 2 0 1200 226 
sum 7 2 0 1500 227 
sum 8 2 0 1800 229 
sum 9 2 0 2100 237 
sum 10 2 0 2400 254 
sum 11 2 0 2700 275 
sum 12 2 0 3000 298 
miss fire 2 0 3 3 2 1 1 1 2 2 2 2 2 2 2 1 0 1 1 1 0 0 0 0 0 0 0 0 0 0 0 0 0 1 2 2 1 2 3 3 3 3 3 2 2 2 2 2 2 3 3 2 2 
miss human 2 0 18 18 10 7 6 7 7 6 5 5 5 5 4 4 3 2 1 1 0 0 0 0 0 0 0 0 0 0 0 0 0 0 0 0 0 0 0 0 0 0 0 0 0 0 0 0 0 0 0 0 0 
miss window 2 0 8 8 8 8 8 7 6 4 4 4 3 3 2 0 1 1 1 2 2 2 1 1 0 0 0 0 1 1 0 0 0 0 0 0 0 0 0 0 0 1 1 1 2 2 2 4 4 3 2 1 1 
acm fire 2 0 3 6 8 9 10 11 13 15 17 19 21 23 25 26 26 27 28 29 29 29 29 29 29 29 29 29 29 29 29 29 29 30 32 34 35 37 40 43 46 49 52 54 56 58 60 62 64 67 70 72 74 
acm human 2 0 18 36 46 53 59 66 73 79 84 89 94 99 103 107 110 112 113 114 114 114 114 114 114 114 114 114 114 114 114 114 114 114 114 114 114 114 114 114 114 114 114 114 114 114 114 114 114 114 114 114 114 
acm window 2 0 8 16 24 32 40 47 53 57 61 65 68 71 73 73 74 75 76 78 80 82 83 84 84 84 84 84 85 86 86 86 86 86 86 86 86 86 86 86 86 87 88 89 91 93 95 99 103 106 108 109 110 
tsim fire 2 0 3 3 3 3 3 3 4 5 5 5 5 5 5 5 5 6 6 6 6 6 6 6 6 6 6 6 6 6 6 6 6 7 8 8 8 9 10 10 10 10 10 10 10 10 10 10 10 11 11 11 11 
tsim human 2 0 18 18 18 17 16 15 15 15 14 14 13 11 10 10 9 8 8 8 8 8 8 8 8 8 8 8 8 8 8 8 8 8 8 8 8 8 8 8 8 8 8 8 8 8 8 8 8 8 8 8 8 
tsim window 2 0 8 8 8 8 8 8 8 8 8 8 8 8 8 8 9 9 9 10 10 10 10 10 10 10 10 10 11 11 11 11 11 13 13 13 13 13 13 13 13 14 14 14 15 15 15 17 17 17 17 17 17 
runtime -1 2 0 16.593676805496216 16.994518518447876 12.507540941238403 10.477493524551392 10.23250150680542 10.099520683288574 10.520378589630127 6.3034868240356445 0.7524003982543945 
avg_run -1 2 0 10.497946421305338
al_time -1 2 0 0.016992568969726562 0.01624774932861328 0.014551401138305664 0.014036178588867188 0.017557621002197266 0.5059263706207275 0.02087688446044922 0.019390344619750977 0.013386011123657227 
avg_all -1 2 0 0.07099612553914388
sum 0 3 0 60 58 
sum 1 3 0 180 102 
sum 2 3 0 240 121 
sum 3 3 0 360 156 
sum 4 3 0 540 199 
sum 5 3 0 600 210 
sum 6 3 0 1200 274 
sum 7 3 0 1500 282 
sum 8 3 0 1800 292 
sum 9 3 0 2100 313 
sum 10 3 0 2400 340 
sum 11 3 0 2700 358 
sum 12 3 0 3000 385 
miss fire 3 0 3 3 2 2 2 2 1 2 2 2 2 1 1 1 1 2 1 1 1 1 0 0 0 0 0 0 0 0 0 0 0 1 2 2 2 3 4 4 3 3 1 1 0 0 0 0 0 1 1 1 1 
miss human 3 0 18 18 12 12 9 10 10 10 9 7 6 7 6 5 4 3 2 2 0 0 2 0 0 0 0 0 0 0 0 0 0 0 0 0 0 0 0 0 0 0 0 0 0 0 0 0 0 0 0 0 0 
miss window 3 0 8 8 8 8 8 7 5 5 3 3 3 3 3 3 3 2 1 2 2 2 2 2 2 2 1 1 2 2 2 2 2 3 2 2 2 2 2 2 2 3 3 3 3 3 3 5 5 5 5 4 4 
acm fire 3 0 3 6 8 10 12 14 15 17 19 21 23 24 25 26 27 29 30 31 32 33 33 33 33 33 33 33 33 33 33 33 33 34 36 38 40 43 47 51 54 57 58 59 59 59 59 59 59 60 61 62 63 
acm human 3 0 18 36 48 60 69 79 89 99 108 115 121 128 134 139 143 146 148 150 150 150 152 152 152 152 152 152 152 152 152 152 152 152 152 152 152 152 152 152 152 152 152 152 152 152 152 152 152 152 152 152 152 
acm window 3 0 8 16 24 32 40 47 52 57 60 63 66 69 72 75 78 80 81 83 85 87 89 91 93 95 96 97 99 101 103 105 107 110 112 114 116 118 120 122 124 127 130 133 136 139 142 147 152 157 162 166 170 
tsim fire 3 0 3 3 3 3 3 3 4 5 5 5 5 5 5 5 5 6 6 6 6 6 6 6 6 6 6 6 6 6 6 6 6 7 8 8 8 9 10 10 10 10 10 10 10 10 10 10 10 11 11 11 11 
tsim human 3 0 18 18 18 17 16 15 15 15 14 14 13 11 10 10 9 8 8 8 8 8 8 8 8 8 8 8 8 8 8 8 8 8 8 8 8 8 8 8 8 8 8 8 8 8 8 8 8 8 8 8 8 
tsim window 3 0 8 8 8 8 8 8 8 8 8 8 8 8 8 8 9 9 9 10 10 10 10 10 10 10 10 10 11 11 11 11 11 13 13 13 13 13 13 13 13 14 14 14 15 15 15 17 17 17 17 17 17 
runtime -1 3 0 0.021592378616333008 0.021826505661010742 0.021536827087402344 0.02596259117126465 0.021691322326660156 0.021653175354003906 
avg_run -1 3 0 0.0223771333694458
al_time -1 3 0 0.01727008819580078 0.016750812530517578 0.01676011085510254 0.038019657135009766 0.01750040054321289 0.01427149772644043 
avg_all -1 3 0 0.020095427831013996
sum 0 4 0 60 58 
sum 1 4 0 180 98 
sum 2 4 0 240 114 
sum 3 4 0 360 148 
sum 4 4 0 540 188 
sum 5 4 0 600 198 
sum 6 4 0 1200 234 
sum 7 4 0 1500 236 
sum 8 4 0 1800 239 
sum 9 4 0 2100 249 
sum 10 4 0 2400 261 
sum 11 4 0 2700 280 
sum 12 4 0 3000 303 
miss fire 4 0 3 3 2 1 1 1 2 3 2 2 2 2 0 0 0 1 1 1 1 0 0 0 0 0 0 0 0 0 0 0 0 1 2 2 2 3 2 2 2 2 2 2 2 2 1 1 1 2 2 2 2 
miss human 4 0 18 18 12 9 8 9 9 9 8 7 6 4 4 4 3 2 0 0 0 0 0 0 0 0 0 0 0 0 0 0 0 0 0 0 0 0 0 0 0 0 0 0 0 0 0 0 0 0 0 0 0 
miss window 4 0 8 8 8 8 7 7 6 3 3 3 2 2 0 0 1 1 1 2 2 2 2 1 1 0 0 0 1 1 1 0 0 0 0 0 0 0 0 0 0 1 1 1 2 2 2 4 4 3 3 2 2 
acm fire 4 0 3 6 8 9 10 11 13 16 18 20 22 24 24 24 24 25 26 27 28 28 28 28 28 28 28 28 28 28 28 28 28 29 31 33 35 38 40 42 44 46 48 50 52 54 55 56 57 59 61 63 65 
acm human 4 0 18 36 48 57 65 74 83 92 100 107 113 117 121 125 128 130 130 130 130 130 130 130 130 130 130 130 130 130 130 130 130 130 130 130 130 130 130 130 130 130 130 130 130 130 130 130 130 130 130 130 130 
acm window 4 0 8 16 24 32 39 46 52 55 58 61 63 65 65 65 66 67 68 70 72 74 76 77 78 78 78 78 79 80 81 81 81 81 81 81 81 81 81 81 81 82 83 84 86 88 90 94 98 101 104 106 108 
tsim fire 4 0 3 3 3 3 3 3 4 5 5 5 5 5 5 5 5 6 6 6 6 6 6 6 6 6 6 6 6 6 6 6 6 7 8 8 8 9 10 10 10 10 10 10 10 10 10 10 10 11 11 11 11 
tsim human 4 0 18 18 18 17 16 15 15 15 14 14 13 11 10 10 9 8 8 8 8 8 8 8 8 8 8 8 8 8 8 8 8 8 8 8 8 8 8 8 8 8 8 8 8 8 8 8 8 8 8 8 8 
tsim window 4 0 8 8 8 8 8 8 8 8 8 8 8 8 8 8 9 9 9 10 10 10 10 10 10 10 10 10 11 11 11 11 11 13 13 13 13 13 13 13 13 14 14 14 15 15 15 17 17 17 17 17 17 
runtime -1 4 0 0.34473752975463867 6.167189121246338 5.4338743686676025 8.206769466400146 8.456342458724976 4.595097064971924 3.3398959636688232 
avg_run -1 4 0 5.220557996204922
al_time -1 4 0 0.016811847686767578 0.016124725341796875 0.014778375625610352 0.017338037490844727 0.542316198348999 0.021021366119384766 0.01529836654663086 
avg_all -1 4 0 0.0919555595942906
sum 0 5 0 60 58 
sum 1 5 0 180 101 
sum 2 5 0 240 117 
sum 3 5 0 360 150 
sum 4 5 0 540 199 
sum 5 5 0 600 207 
sum 6 5 0 1200 254 
sum 7 5 0 1500 259 
sum 8 5 0 1800 269 
sum 9 5 0 2100 288 
sum 10 5 0 2400 311 
sum 11 5 0 2700 329 
sum 12 5 0 3000 358 
miss fire 5 0 3 3 3 2 2 2 3 4 4 4 1 1 1 1 1 1 0 0 0 0 0 0 0 0 0 0 0 0 0 0 0 1 2 2 2 2 3 3 2 2 2 2 2 1 1 1 1 2 2 2 2 
miss human 5 0 18 18 13 9 6 6 6 6 5 5 4 4 5 5 3 2 1 1 1 1 0 0 0 0 0 0 0 0 0 0 0 0 0 0 0 0 0 0 0 0 0 0 0 0 0 0 0 0 0 0 0 
miss window 5 0 8 8 8 8 8 8 8 8 8 5 3 3 3 3 3 2 1 1 1 1 1 1 1 1 1 1 2 2 2 2 2 2 2 2 2 2 2 2 2 3 2 1 2 2 2 4 4 4 4 4 4 
acm fire 5 0 3 6 9 11 13 15 18 22 26 30 31 32 33 34 35 36 36 36 36 36 36 36 36 36 36 36 36 36 36 36 36 37 39 41 43 45 48 51 53 55 57 59 61 62 63 64 65 67 69 71 73 
acm human 5 0 18 36 49 58 64 70 76 82 87 92 96 100 105 110 113 115 116 117 118 119 119 119 119 119 119 119 119 119 119 119 119 119 119 119 119 119 119 119 119 119 119 119 119 119 119 119 119 119 119 119 119 
acm window 5 0 8 16 24 32 40 48 56 64 72 77 80 83 86 89 92 94 95 96 97 98 99 100 101 102 103 104 106 108 110 112 114 116 118 120 122 124 126 128 130 133 135 136 138 140 142 146 150 154 158 162 166 
tsim fire 5 0 3 3 3 3 3 3 4 5 5 5 5 5 5 5 5 6 6 6 6 6 6 6 6 6 6 6 6 6 6 6 6 7 8 8 8 9 10 10 10 10 10 10 10 10 10 10 10 11 11 11 11 
tsim human 5 0 18 18 18 17 16 15 15 15 14 14 13 11 10 10 9 8 8 8 8 8 8 8 8 8 8 8 8 8 8 8 8 8 8 8 8 8 8 8 8 8 8 8 8 8 8 8 8 8 8 8 8 
tsim window 5 0 8 8 8 8 8 8 8 8 8 8 8 8 8 8 9 9 9 10 10 10 10 10 10 10 10 10 11 11 11 11 11 13 13 13 13 13 13 13 13 14 14 14 15 15 15 17 17 17 17 17 17 
runtime -1 5 0 9.908594131469727 24.425485372543335 7.8869452476501465 8.681172370910645 8.534066915512085 8.258739948272705 7.436473846435547 4.358626365661621 
avg_run -1 5 0 9.936263024806976
al_time -1 5 0 0.015818119049072266 0.01845073699951172 0.015126705169677734 0.013710498809814453 0.014037847518920898 0.03593921661376953 0.016465187072753906 0.013660430908203125 
avg_all -1 5 0 0.017901092767715454
sum 0 6 0 60 58 
sum 1 6 0 180 104 
sum 2 6 0 240 120 
sum 3 6 0 360 151 
sum 4 6 0 540 179 
sum 5 6 0 600 185 
sum 6 6 0 1200 252 
sum 7 6 0 1500 268 
sum 8 6 0 1800 270 
sum 9 6 0 2100 280 
sum 10 6 0 2400 296 
sum 11 6 0 2700 317 
sum 12 6 0 3000 339 
miss fire 6 0 3 3 3 2 2 2 3 2 2 2 1 1 1 1 0 1 1 1 1 1 1 1 1 1 0 0 0 0 0 0 0 1 2 2 2 3 3 3 3 3 2 2 2 2 2 2 1 2 2 1 1 
miss human 6 0 18 18 14 14 9 9 8 7 6 6 5 7 6 6 5 4 4 4 4 4 3 3 0 0 0 0 0 0 0 0 0 0 0 0 0 0 0 0 0 0 0 0 0 0 0 0 0 0 0 0 0 
miss window 6 0 8 8 7 6 5 5 4 2 1 0 0 0 0 0 1 1 1 2 2 2 2 2 2 2 2 2 2 0 0 0 0 0 0 0 0 0 0 0 0 1 1 1 2 2 2 4 4 4 3 2 2 
acm fire 6 0 3 6 9 11 13 15 18 20 22 24 25 26 27 28 28 29 30 31 32 33 34 35 36 37 37 37 37 37 37 37 37 38 40 42 44 47 50 53 56 59 61 63 65 67 69 71 72 74 76 77 78 
acm human 6 0 18 36 50 64 73 82 90 97 103 109 114 121 127 133 138 142 146 150 154 158 161 164 164 164 164 164 164 164 164 164 164 164 164 164 164 164 164 164 164 164 164 164 164 164 164 164 164 164 164 164 164 
acm window 6 0 8 16 23 29 34 39 43 45 46 46 46 46 46 46 47 48 49 51 53 55 57 59 61 63 65 67 69 69 69 69 69 69 69 69 69 69 69 69 69 70 71 72 74 76 78 82 86 90 93 95 97 
tsim fire 6 0 3 3 3 3 3 3 4 5 5 5 5 5 5 5 5 6 6 6 6 6 6 6 6 6 6 6 6 6 6 6 6 7 8 8 8 9 10 10 10 10 10 10 10 10 10 10 10 11 11 11 11 
tsim human 6 0 18 18 18 17 16 15 15 15 14 14 13 11 10 10 9 8 8 8 8 8 8 8 8 8 8 8 8 8 8 8 8 8 8 8 8 8 8 8 8 8 8 8 8 8 8 8 8 8 8 8 8 
tsim window 6 0 8 8 8 8 8 8 8 8 8 8 8 8 8 8 9 9 9 10 10 10 10 10 10 10 10 10 11 11 11 11 11 13 13 13 13 13 13 13 13 14 14 14 15 15 15 17 17 17 17 17 17 
runtime -1 6 0 18.37138795852661 7.913439035415649 7.021141052246094 11.480109930038452 10.292388200759888 7.819253921508789 7.851064205169678 8.596045732498169 3.3577587604522705 1.198328971862793 
avg_run -1 6 0 8.39009177684784
al_time -1 6 0 0.015117406845092773 0.016636133193969727 0.01296544075012207 0.014638662338256836 0.0173647403717041 0.01441645622253418 0.01594400405883789 0.017107486724853516 0.5103409290313721 0.012909412384033203 
avg_all -1 6 0 0.06474406719207763
sum 0 7 0 60 58 
sum 1 7 0 180 104 
sum 2 7 0 240 120 
sum 3 7 0 360 153 
sum 4 7 0 540 183 
sum 5 7 0 600 190 
sum 6 7 0 1200 256 
sum 7 7 0 1500 272 
sum 8 7 0 1800 276 
sum 9 7 0 2100 286 
sum 10 7 0 2400 301 
sum 11 7 0 2700 314 
sum 12 7 0 3000 330 
miss fire 7 0 3 3 3 2 2 2 3 2 2 2 2 2 0 0 0 1 1 1 1 1 1 1 1 1 0 0 0 0 0 0 0 1 2 2 2 3 3 3 3 2 2 2 2 1 1 1 1 1 1 1 1 
miss human 7 0 18 18 14 14 9 10 9 8 7 6 5 7 6 6 5 4 4 4 4 4 3 3 0 0 0 0 0 0 0 0 0 0 0 0 0 0 0 0 0 0 0 0 0 0 0 0 0 0 0 0 0 
miss window 7 0 8 8 7 6 5 5 4 2 1 0 0 0 0 0 1 1 1 2 2 2 2 2 2 2 2 2 2 2 0 0 0 0 0 0 0 0 0 0 0 1 1 0 1 1 1 3 3 3 3 1 1 
acm fire 7 0 3 6 9 11 13 15 18 20 22 24 26 28 28 28 28 29 30 31 32 33 34 35 36 37 37 37 37 37 37 37 37 38 40 42 44 47 50 53 56 58 60 62 64 65 66 67 68 69 70 71 72 
acm human 7 0 18 36 50 64 73 83 92 100 107 113 118 125 131 137 142 146 150 154 158 162 165 168 168 168 168 168 168 168 168 168 168 168 168 168 168 168 168 168 168 168 168 168 168 168 168 168 168 168 168 168 168 
acm window 7 0 8 16 23 29 34 39 43 45 46 46 46 46 46 46 47 48 49 51 53 55 57 59 61 63 65 67 69 71 71 71 71 71 71 71 71 71 71 71 71 72 73 73 74 75 76 79 82 85 88 89 90 
tsim fire 7 0 3 3 3 3 3 3 4 5 5 5 5 5 5 5 5 6 6 6 6 6 6 6 6 6 6 6 6 6 6 6 6 7 8 8 8 9 10 10 10 10 10 10 10 10 10 10 10 11 11 11 11 
tsim human 7 0 18 18 18 17 16 15 15 15 14 14 13 11 10 10 9 8 8 8 8 8 8 8 8 8 8 8 8 8 8 8 8 8 8 8 8 8 8 8 8 8 8 8 8 8 8 8 8 8 8 8 8 
tsim window 7 0 8 8 8 8 8 8 8 8 8 8 8 8 8 8 9 9 9 10 10 10 10 10 10 10 10 10 11 11 11 11 11 13 13 13 13 13 13 13 13 14 14 14 15 15 15 17 17 17 17 17 17 
runtime -1 7 0 3.926116466522217 1.3930695056915283 1.2436914443969727 2.145071506500244 1.9595892429351807 1.341855525970459 1.6150741577148438 1.8076133728027344 1.0642006397247314 0.5654678344726562 
avg_run -1 7 0 1.7061749696731567
al_time -1 7 0 0.01509404182434082 0.016600608825683594 0.013116598129272461 0.014615774154663086 0.01741957664489746 0.03621411323547363 0.5111868381500244 0.01938176155090332 0.01825094223022461 0.014623403549194336 
avg_all -1 7 0 0.06765036582946778
sum 0 8 0 60 58 
sum 1 8 0 180 96 
sum 2 8 0 240 112 
sum 3 8 0 360 144 
sum 4 8 0 540 180 
sum 5 8 0 600 189 
sum 6 8 0 1200 230 
sum 7 8 0 1500 231 
sum 8 8 0 1800 234 
sum 9 8 0 2100 242 
sum 10 8 0 2400 259 
sum 11 8 0 2700 273 
sum 12 8 0 3000 292 
miss fire 8 0 3 3 2 0 0 0 1 1 1 1 1 1 1 1 0 1 1 1 0 0 0 0 0 0 0 0 0 0 0 0 0 1 2 2 1 2 3 3 3 3 3 2 2 0 0 0 0 1 1 1 1 
miss human 8 0 18 18 11 9 8 9 9 8 7 6 5 5 4 4 3 2 1 1 0 0 0 0 0 0 0 0 0 0 0 0 0 0 0 0 0 0 0 0 0 0 0 0 0 0 0 0 0 0 0 0 0 
miss window 8 0 8 8 8 8 8 7 6 4 4 4 3 3 2 0 1 1 1 2 2 2 1 1 0 0 0 0 1 1 1 0 0 0 0 0 0 0 0 0 0 1 1 1 2 2 2 3 3 3 3 3 3 
acm fire 8 0 3 6 8 8 8 8 9 10 11 12 13 14 15 16 16 17 18 19 19 19 19 19 19 19 19 19 19 19 19 19 19 20 22 24 25 27 30 33 36 39 42 44 46 46 46 46 46 47 48 49 50 
acm human 8 0 18 36 47 56 64 73 82 90 97 103 108 113 117 121 124 126 127 128 128 128 128 128 128 128 128 128 128 128 128 128 128 128 128 128 128 128 128 128 128 128 128 128 128 128 128 128 128 128 128 128 128 
acm window 8 0 8 16 24 32 40 47 53 57 61 65 68 71 73 73 74 75 76 78 80 82 83 84 84 84 84 84 85 86 87 87 87 87 87 87 87 87 87 87 87 88 89 90 92 94 96 99 102 105 108 111 114 
tsim fire 8 0 3 3 3 3 3 3 4 5 5 5 5 5 5 5 5 6 6 6 6 6 6 6 6 6 6 6 6 6 6 6 6 7 8 8 8 9 10 10 10 10 10 10 10 10 10 10 10 11 11 11 11 
tsim human 8 0 18 18 18 17 16 15 15 15 14 14 13 11 10 10 9 8 8 8 8 8 8 8 8 8 8 8 8 8 8 8 8 8 8 8 8 8 8 8 8 8 8 8 8 8 8 8 8 8 8 8 8 
tsim window 8 0 8 8 8 8 8 8 8 8 8 8 8 8 8 8 9 9 9 10 10 10 10 10 10 10 10 10 11 11 11 11 11 13 13 13 13 13 13 13 13 14 14 14 15 15 15 17 17 17 17 17 17 
runtime -1 8 0 3.530083417892456 3.0018560886383057 3.028907060623169 2.0505495071411133 1.8925447463989258 1.9080824851989746 2.23329496383667 1.3024311065673828 0.9834871292114258 
avg_run -1 8 0 2.21458183394538
al_time -1 8 0 0.017203330993652344 0.016276121139526367 0.014673948287963867 0.014397382736206055 0.017421483993530273 0.504234790802002 0.020467758178710938 0.017148494720458984 0.016031980514526367 
avg_all -1 8 0 0.07087281015184191
sum 0 9 0 60 58 
sum 1 9 0 180 95 
sum 2 9 0 240 110 
sum 3 9 0 360 142 
sum 4 9 0 540 177 
sum 5 9 0 600 188 
sum 6 9 0 1200 225 
sum 7 9 0 1500 227 
sum 8 9 0 1800 232 
sum 9 9 0 2100 242 
sum 10 9 0 2400 260 
sum 11 9 0 2700 280 
sum 12 9 0 3000 303 
miss fire 9 0 3 3 2 1 1 1 2 3 2 2 2 2 0 0 0 1 1 1 1 0 0 0 0 0 0 0 0 0 0 0 0 1 2 2 2 3 4 3 3 3 3 2 2 2 2 1 1 2 2 1 1 
miss human 9 0 18 18 10 8 7 8 8 7 6 6 7 5 4 4 3 2 0 0 0 0 0 0 0 0 0 0 0 0 0 0 0 0 0 0 0 0 0 0 0 0 0 0 0 0 0 0 0 0 0 0 0 
miss window 9 0 8 8 8 8 7 7 6 3 3 3 2 2 0 0 1 1 1 2 2 2 2 1 1 0 0 0 1 1 1 1 1 0 0 0 0 0 0 0 0 1 1 1 2 2 2 4 4 3 3 3 3 
acm fire 9 0 3 6 8 9 10 11 13 16 18 20 22 24 24 24 24 25 26 27 28 28 28 28 28 28 28 28 28 28 28 28 28 29 31 33 35 38 42 45 48 51 54 56 58 60 62 63 64 66 68 69 70 
acm human 9 0 18 36 46 54 61 69 77 84 90 96 103 108 112 116 119 121 121 121 121 121 121 121 121 121 121 121 121 121 121 121 121 121 121 121 121 121 121 121 121 121 121 121 121 121 121 121 121 121 121 121 121 
acm window 9 0 8 16 24 32 39 46 52 55 58 61 63 65 65 65 66 67 68 70 72 74 76 77 78 78 78 78 79 80 81 82 83 83 83 83 83 83 83 83 83 84 85 86 88 90 92 96 100 103 106 109 112 
tsim fire 9 0 3 3 3 3 3 3 4 5 5 5 5 5 5 5 5 6 6 6 6 6 6 6 6 6 6 6 6 6 6 6 6 7 8 8 8 9 10 10 10 10 10 10 10 10 10 10 10 11 11 11 11 
tsim human 9 0 18 18 18 17 16 15 15 15 14 14 13 11 10 10 9 8 8 8 8 8 8 8 8 8 8 8 8 8 8 8 8 8 8 8 8 8 8 8 8 8 8 8 8 8 8 8 8 8 8 8 8 
tsim window 9 0 8 8 8 8 8 8 8 8 8 8 8 8 8 8 9 9 9 10 10 10 10 10 10 10 10 10 11 11 11 11 11 13 13 13 13 13 13 13 13 14 14 14 15 15 15 17 17 17 17 17 17 
runtime -1 9 0 0.11455345153808594 0.8023133277893066 1.188032627105713 1.4229967594146729 1.668619155883789 1.4619219303131104 1.167848825454712 0.31893467903137207 
avg_run -1 9 0 1.0181525945663452
al_time -1 9 0 0.01671123504638672 0.01609039306640625 0.015373706817626953 0.017696619033813477 0.0181424617767334 0.015305519104003906 0.5065832138061523 0.019350528717041016 
avg_all -1 9 0 0.07815670967102051
sum 0 10 0 60 58 
sum 1 10 0 180 97 
sum 2 10 0 240 112 
sum 3 10 0 360 140 
sum 4 10 0 540 169 
sum 5 10 0 600 177 
sum 6 10 0 1200 207 
sum 7 10 0 1500 208 
sum 8 10 0 1800 213 
sum 9 10 0 2100 223 
sum 10 10 0 2400 235 
sum 11 10 0 2700 256 
sum 12 10 0 3000 278 
miss fire 10 0 3 3 2 0 0 0 1 2 1 1 1 1 0 0 0 1 1 1 1 0 0 0 0 0 0 0 0 0 0 0 0 1 2 2 2 3 2 2 2 2 2 2 2 2 2 2 1 2 2 2 2 
miss human 10 0 18 18 12 9 8 7 7 6 5 5 5 3 3 3 2 1 0 0 0 0 0 0 0 0 0 0 0 0 0 0 0 0 0 0 0 0 0 0 0 0 0 0 0 0 0 0 0 0 0 0 0 
miss window 10 0 8 8 8 8 7 7 6 3 3 3 2 2 0 0 1 1 1 2 2 2 2 1 0 0 0 0 1 1 1 1 1 0 0 0 0 0 0 0 0 1 1 1 2 2 2 4 4 4 3 1 1 
acm fire 10 0 3 6 8 8 8 8 9 11 12 13 14 15 15 15 15 16 17 18 19 19 19 19 19 19 19 19 19 19 19 19 19 20 22 24 26 29 31 33 35 37 39 41 43 45 47 49 50 52 54 56 58 
acm human 10 0 18 36 48 57 65 72 79 85 90 95 100 103 106 109 111 112 112 112 112 112 112 112 112 112 112 112 112 112 112 112 112 112 112 112 112 112 112 112 112 112 112 112 112 112 112 112 112 112 112 112 112 
acm window 10 0 8 16 24 32 39 46 52 55 58 61 63 65 65 65 66 67 68 70 72 74 76 77 77 77 77 77 78 79 80 81 82 82 82 82 82 82 82 82 82 83 84 85 87 89 91 95 99 103 106 107 108 
tsim fire 10 0 3 3 3 3 3 3 4 5 5 5 5 5 5 5 5 6 6 6 6 6 6 6 6 6 6 6 6 6 6 6 6 7 8 8 8 9 10 10 10 10 10 10 10 10 10 10 10 11 11 11 11 
tsim human 10 0 18 18 18 17 16 15 15 15 14 14 13 11 10 10 9 8 8 8 8 8 8 8 8 8 8 8 8 8 8 8 8 8 8 8 8 8 8 8 8 8 8 8 8 8 8 8 8 8 8 8 8 
tsim window 10 0 8 8 8 8 8 8 8 8 8 8 8 8 8 8 9 9 9 10 10 10 10 10 10 10 10 10 11 11 11 11 11 13 13 13 13 13 13 13 13 14 14 14 15 15 15 17 17 17 17 17 17 
runtime -1 10 0 0.1148524284362793 1.1310014724731445 1.2384438514709473 1.5534889698028564 2.194307327270508 0.8455486297607422 0.6239819526672363 
avg_run -1 10 0 1.1002320902688163
al_time -1 10 0 0.01657557487487793 0.03728938102722168 0.014923572540283203 0.016988515853881836 0.5358700752258301 0.021329164505004883 0.015599727630615234 
avg_all -1 10 0 0.09408228737967354
random:1T:3000
sum 0 0 1 60 61 
sum 1 0 1 180 108 
sum 2 0 1 240 126 
sum 3 0 1 360 160 
sum 4 0 1 540 195 
sum 5 0 1 600 203 
sum 6 0 1 1200 278 
sum 7 0 1 1500 302 
sum 8 0 1 1800 331 
sum 9 0 1 2100 359 
sum 10 0 1 2400 390 
sum 11 0 1 2700 431 
sum 12 0 1 3000 473 
miss fire 0 1 2 2 2 2 2 3 3 1 1 2 2 2 4 1 1 1 2 1 1 1 1 1 0 0 0 0 0 0 0 0 1 1 1 0 0 1 1 1 1 1 2 3 3 2 2 2 2 2 2 1 1 
miss human 0 1 23 22 18 13 10 9 8 8 8 7 4 4 6 6 8 5 4 4 3 3 0 0 2 2 2 2 2 2 0 0 0 0 0 0 0 0 0 0 0 0 0 0 0 0 0 0 0 0 0 0 0 
miss window 0 1 6 6 6 6 6 6 5 3 3 2 2 2 2 1 1 1 2 2 3 2 1 1 3 3 4 4 4 5 5 5 5 5 5 5 5 5 5 5 5 5 5 5 6 6 6 6 6 6 7 7 8 
acm fire 0 1 2 4 6 8 10 13 16 17 18 20 22 24 28 29 30 31 33 34 35 36 37 38 38 38 38 38 38 38 38 38 39 40 41 41 41 42 43 44 45 46 48 51 54 56 58 60 62 64 66 67 68 
acm human 0 1 23 45 63 76 86 95 103 111 119 126 130 134 140 146 154 159 163 167 170 173 173 173 175 177 179 181 183 185 185 185 185 185 185 185 185 185 185 185 185 185 185 185 185 185 185 185 185 185 185 185 185 
acm window 0 1 6 12 18 24 30 36 41 44 47 49 51 53 55 56 57 58 60 62 65 67 68 69 72 75 79 83 87 92 97 102 107 112 117 122 127 132 137 142 147 152 157 162 168 174 180 186 192 198 205 212 220 
tsim fire 0 1 2 2 2 2 2 3 3 3 3 4 4 4 6 6 7 7 8 8 8 8 8 8 8 8 8 8 8 8 8 8 8 8 8 7 7 8 8 8 8 8 9 10 11 11 11 11 11 12 12 12 12 
tsim human 0 1 23 22 22 21 21 18 18 17 15 15 14 14 14 14 16 14 13 13 13 13 13 13 13 13 13 13 13 13 13 13 13 13 13 13 13 13 13 13 13 13 13 13 13 13 13 13 13 13 13 13 13 
tsim window 0 1 6 6 6 6 6 6 6 6 6 6 6 6 6 6 9 9 12 12 13 13 13 13 15 15 16 16 16 17 17 17 17 17 17 17 17 17 17 17 17 17 17 17 18 18 18 18 18 18 19 19 20 
runtime -1 0 1 1.0497801303863525 0.8181419372558594 0.6807212829589844 0.7121584415435791 0.7366397380828857 
avg_run -1 0 1 0.7994883060455322
al_time -1 0 1 0.019536495208740234 0.02489161491394043 0.026526689529418945 0.024976730346679688 0.026160240173339844 
avg_all -1 0 1 0.024418354034423828
sum 0 1 1 60 61 
sum 1 1 1 180 99 
sum 2 1 1 240 116 
sum 3 1 1 360 154 
sum 4 1 1 540 200 
sum 5 1 1 600 209 
sum 6 1 1 1200 286 
sum 7 1 1 1500 307 
sum 8 1 1 1800 331 
sum 9 1 1 2100 354 
sum 10 1 1 2400 368 
sum 11 1 1 2700 387 
sum 12 1 1 3000 410 
miss fire 1 1 2 2 1 0 0 1 1 1 0 1 1 1 3 2 2 2 3 3 3 3 2 2 1 1 1 1 0 0 0 0 0 0 0 1 1 2 2 2 2 2 3 3 4 3 3 3 3 4 4 4 4 
miss human 1 1 23 22 13 12 11 12 12 11 10 10 5 5 8 8 9 4 0 0 0 0 0 0 0 0 0 0 0 0 0 0 0 0 0 0 0 0 0 0 0 0 0 0 0 0 0 0 0 0 0 0 0 
miss window 1 1 6 6 6 6 6 6 6 5 4 4 3 3 2 2 1 1 4 2 2 1 1 1 3 3 4 4 4 5 5 5 5 5 5 5 2 2 1 1 1 0 0 0 1 1 1 0 0 0 1 1 2 
acm fire 1 1 2 4 5 5 5 6 7 8 8 9 10 11 14 16 18 20 23 26 29 32 34 36 37 38 39 40 40 40 40 40 40 40 40 41 42 44 46 48 50 52 55 58 62 65 68 71 74 78 82 86 90 
acm human 1 1 23 45 58 70 81 93 105 116 126 136 141 146 154 162 171 175 175 175 175 175 175 175 175 175 175 175 175 175 175 175 175 175 175 175 175 175 175 175 175 175 175 175 175 175 175 175 175 175 175 175 175 
acm window 1 1 6 12 18 24 30 36 42 47 51 55 58 61 63 65 66 67 71 73 75 76 77 78 81 84 88 92 96 101 106 111 116 121 126 131 133 135 136 137 138 138 138 138 139 140 141 141 141 141 142 143 145 
tsim fire 1 1 2 2 2 2 2 3 3 3 3 4 4 4 6 6 7 7 8 8 8 8 8 8 8 8 8 8 8 8 8 8 8 8 8 7 7 8 8 8 8 8 9 10 11 11 11 11 11 12 12 12 12 
tsim human 1 1 23 22 22 21 21 18 18 17 15 15 14 14 14 14 16 14 13 13 13 13 13 13 13 13 13 13 13 13 13 13 13 13 13 13 13 13 13 13 13 13 13 13 13 13 13 13 13 13 13 13 13 
tsim window 1 1 6 6 6 6 6 6 6 6 6 6 6 6 6 6 9 9 12 12 13 13 13 13 15 15 16 16 16 17 17 17 17 17 17 17 17 17 17 17 17 17 17 17 18 18 18 18 18 18 19 19 20 
runtime -1 1 1 0.7656276226043701 7.431811332702637 17.709907293319702 7.706514596939087 26.29470419883728 24.519500255584717 16.96355414390564 
avg_run -1 1 1 14.484517063413348
al_time -1 1 1 0.024199485778808594 0.022010087966918945 4.435655355453491 0.028463363647460938 0.025220632553100586 0.026096582412719727 0.024813175201416016 
avg_all -1 1 1 0.6552083832877023
sum 0 2 1 60 61 
sum 1 2 1 180 93 
sum 2 2 1 240 106 
sum 3 2 1 360 135 
sum 4 2 1 540 173 
sum 5 2 1 600 180 
sum 6 2 1 1200 276 
sum 7 2 1 1500 304 
sum 8 2 1 1800 329 
sum 9 2 1 2100 350 
sum 10 2 1 2400 360 
sum 11 2 1 2700 383 
sum 12 2 1 3000 410 
miss fire 2 1 2 2 2 1 1 2 2 2 2 2 2 2 4 3 3 3 4 4 4 4 4 4 1 1 1 1 1 1 0 0 0 0 0 1 1 2 2 2 2 2 2 3 4 4 4 4 4 5 3 3 3 
miss human 2 1 23 22 10 7 6 7 6 7 6 6 2 2 5 5 7 5 4 4 4 3 0 0 1 1 1 1 0 0 0 0 0 0 0 0 0 0 0 0 0 0 0 0 0 0 0 0 0 0 0 0 0 
miss window 2 1 6 6 6 6 6 6 6 5 5 3 3 3 2 2 4 2 2 1 2 2 2 2 3 3 4 4 4 5 5 5 4 4 4 4 4 1 0 0 0 0 0 0 1 1 1 1 1 1 2 2 3 
acm fire 2 1 2 4 6 7 8 10 12 14 16 18 20 22 26 29 32 35 39 43 47 51 55 59 60 61 62 63 64 65 65 65 65 65 65 66 67 69 71 73 75 77 79 82 86 90 94 98 102 107 110 113 116 
acm human 2 1 23 45 55 62 68 75 81 88 94 100 102 104 109 114 121 126 130 134 138 141 141 141 142 143 144 145 145 145 145 145 145 145 145 145 145 145 145 145 145 145 145 145 145 145 145 145 145 145 145 145 145 
acm window 2 1 6 12 18 24 30 36 42 47 52 55 58 61 63 65 69 71 73 74 76 78 80 82 85 88 92 96 100 105 110 115 119 123 127 131 135 136 136 136 136 136 136 136 137 138 139 140 141 142 144 146 149 
tsim fire 2 1 2 2 2 2 2 3 3 3 3 4 4 4 6 6 7 7 8 8 8 8 8 8 8 8 8 8 8 8 8 8 8 8 8 7 7 8 8 8 8 8 9 10 11 11 11 11 11 12 12 12 12 
tsim human 2 1 23 22 22 21 21 18 18 17 15 15 14 14 14 14 16 14 13 13 13 13 13 13 13 13 13 13 13 13 13 13 13 13 13 13 13 13 13 13 13 13 13 13 13 13 13 13 13 13 13 13 13 
tsim window 2 1 6 6 6 6 6 6 6 6 6 6 6 6 6 6 9 9 12 12 13 13 13 13 15 15 16 16 16 17 17 17 17 17 17 17 17 17 17 17 17 17 17 17 18 18 18 18 18 18 19 19 20 
runtime -1 2 1 35.45171523094177 53.47081685066223 26.12060523033142 24.74481201171875 43.01721906661987 22.125835180282593 22.47821283340454 5.187456130981445 
avg_run -1 2 1 29.07458406686783
al_time -1 2 1 0.02493143081665039 0.022008419036865234 2.8888394832611084 1.219270944595337 0.05100393295288086 0.04854273796081543 0.028329133987426758 0.02550053596496582 
avg_all -1 2 1 0.5385533273220062
sum 0 3 1 60 61 
sum 1 3 1 180 96 
sum 2 3 1 240 111 
sum 3 3 1 360 147 
sum 4 3 1 540 195 
sum 5 3 1 600 205 
sum 6 3 1 1200 315 
sum 7 3 1 1500 356 
sum 8 3 1 1800 405 
sum 9 3 1 2100 459 
sum 10 3 1 2400 519 
sum 11 3 1 2700 591 
sum 12 3 1 3000 664 
miss fire 3 1 2 2 2 2 2 2 2 2 2 2 2 2 4 1 2 2 3 3 3 3 2 1 0 0 0 0 0 0 0 0 0 0 0 1 1 2 2 2 2 2 2 3 4 4 4 3 3 4 3 2 2 
miss human 3 1 23 22 10 9 7 10 10 10 12 6 5 5 8 7 7 5 3 2 0 0 0 0 0 0 0 0 0 0 0 0 0 0 0 0 0 0 0 0 0 0 0 0 0 0 0 0 0 0 0 0 0 
miss window 3 1 6 6 6 6 6 6 6 6 5 3 3 3 3 3 6 5 5 5 6 6 6 6 8 8 9 9 9 10 10 10 10 10 10 10 10 10 10 10 10 10 10 10 11 11 11 11 11 11 12 12 13 
acm fire 3 1 2 4 6 8 10 12 14 16 18 20 22 24 28 29 31 33 36 39 42 45 47 48 48 48 48 48 48 48 48 48 48 48 48 49 50 52 54 56 58 60 62 65 69 73 77 80 83 87 90 92 94 
acm human 3 1 23 45 55 64 71 81 91 101 113 119 124 129 137 144 151 156 159 161 161 161 161 161 161 161 161 161 161 161 161 161 161 161 161 161 161 161 161 161 161 161 161 161 161 161 161 161 161 161 161 161 161 
acm window 3 1 6 12 18 24 30 36 42 48 53 56 59 62 65 68 74 79 84 89 95 101 107 113 121 129 138 147 156 166 176 186 196 206 216 226 236 246 256 266 276 286 296 306 317 328 339 350 361 372 384 396 409 
tsim fire 3 1 2 2 2 2 2 3 3 3 3 4 4 4 6 6 7 7 8 8 8 8 8 8 8 8 8 8 8 8 8 8 8 8 8 7 7 8 8 8 8 8 9 10 11 11 11 11 11 12 12 12 12 
tsim human 3 1 23 22 22 21 21 18 18 17 15 15 14 14 14 14 16 14 13 13 13 13 13 13 13 13 13 13 13 13 13 13 13 13 13 13 13 13 13 13 13 13 13 13 13 13 13 13 13 13 13 13 13 
tsim window 3 1 6 6 6 6 6 6 6 6 6 6 6 6 6 6 9 9 12 12 13 13 13 13 15 15 16 16 16 17 17 17 17 17 17 17 17 17 17 17 17 17 17 17 18 18 18 18 18 18 19 19 20 
runtime -1 3 1 0.04104351997375488 0.03653573989868164 0.03585672378540039 0.03577566146850586 0.036051273345947266 0.036600351333618164 
avg_run -1 3 1 0.03697721163431803
al_time -1 3 1 0.02553248405456543 0.025013208389282227 0.0244753360748291 0.02331089973449707 0.047760963439941406 0.02141594886779785 
avg_all -1 3 1 0.027918140093485515
sum 0 4 1 60 61 
sum 1 4 1 180 94 
sum 2 4 1 240 109 
sum 3 4 1 360 143 
sum 4 4 1 540 191 
sum 5 4 1 600 199 
sum 6 4 1 1200 287 
sum 7 4 1 1500 317 
sum 8 4 1 1800 349 
sum 9 4 1 2100 373 
sum 10 4 1 2400 384 
sum 11 4 1 2700 402 
sum 12 4 1 3000 416 
miss fire 4 1 2 2 1 0 0 1 1 1 0 1 1 1 3 2 2 2 3 3 3 3 2 2 2 2 2 2 1 1 1 1 1 1 0 1 1 2 2 2 2 2 3 4 4 4 1 1 1 2 2 2 2 
miss human 4 1 23 22 10 10 9 10 10 11 11 11 4 4 9 8 10 6 2 2 2 1 1 1 1 1 1 1 1 1 1 0 0 0 0 0 0 0 0 0 0 0 0 0 0 0 0 0 0 0 0 0 0 
miss window 4 1 6 6 6 6 6 6 6 5 4 4 3 3 2 2 1 1 4 2 2 1 1 1 3 3 4 4 4 5 5 5 5 5 5 5 4 0 0 0 0 0 0 0 1 1 1 1 1 0 1 1 2 
acm fire 4 1 2 4 5 5 5 6 7 8 8 9 10 11 14 16 18 20 23 26 29 32 34 36 38 40 42 44 45 46 47 48 49 50 50 51 52 54 56 58 60 62 65 69 73 77 78 79 80 82 84 86 88 
acm human 4 1 23 45 55 65 74 84 94 105 116 127 131 135 144 152 162 168 170 172 174 175 176 177 178 179 180 181 182 183 184 184 184 184 184 184 184 184 184 184 184 184 184 184 184 184 184 184 184 184 184 184 184 
acm window 4 1 6 12 18 24 30 36 42 47 51 55 58 61 63 65 66 67 71 73 75 76 77 78 81 84 88 92 96 101 106 111 116 121 126 131 135 135 135 135 135 135 135 135 136 137 138 139 140 140 141 142 144 
tsim fire 4 1 2 2 2 2 2 3 3 3 3 4 4 4 6 6 7 7 8 8 8 8 8 8 8 8 8 8 8 8 8 8 8 8 8 7 7 8 8 8 8 8 9 10 11 11 11 11 11 12 12 12 12 
tsim human 4 1 23 22 22 21 21 18 18 17 15 15 14 14 14 14 16 14 13 13 13 13 13 13 13 13 13 13 13 13 13 13 13 13 13 13 13 13 13 13 13 13 13 13 13 13 13 13 13 13 13 13 13 
tsim window 4 1 6 6 6 6 6 6 6 6 6 6 6 6 6 6 9 9 12 12 13 13 13 13 15 15 16 16 16 17 17 17 17 17 17 17 17 17 17 17 17 17 17 17 18 18 18 18 18 18 19 19 20 
runtime -1 4 1 0.7432217597961426 12.366433382034302 20.2729754447937 5.571213245391846 3.893118143081665 19.371782541275024 11.069741010665894 
avg_run -1 4 1 10.469783646719796
al_time -1 4 1 0.024481773376464844 0.022733211517333984 2.8901314735412598 1.1877660751342773 0.028618335723876953 0.026642322540283203 0.02401280403137207 
avg_all -1 4 1 0.6006265708378383
sum 0 5 1 60 61 
sum 1 5 1 180 111 
sum 2 5 1 240 132 
sum 3 5 1 360 172 
sum 4 5 1 540 230 
sum 5 5 1 600 243 
sum 6 5 1 1200 351 
sum 7 5 1 1500 380 
sum 8 5 1 1800 406 
sum 9 5 1 2100 435 
sum 10 5 1 2400 471 
sum 11 5 1 2700 514 
sum 12 5 1 3000 554 
miss fire 5 1 2 2 1 1 0 1 1 1 1 2 2 2 3 3 4 4 5 5 4 4 4 4 2 2 2 2 2 0 0 0 0 0 0 1 1 2 2 2 2 2 3 4 3 3 2 2 2 3 3 3 3 
miss human 5 1 23 22 20 16 15 13 13 12 12 12 6 6 7 4 4 2 1 0 0 0 0 0 0 0 0 0 0 0 0 0 0 0 0 0 0 0 0 0 0 0 0 0 0 0 0 0 0 0 0 0 0 
miss window 5 1 6 6 6 6 6 6 6 6 6 6 5 5 4 4 6 4 6 4 5 5 3 3 3 3 4 4 4 5 5 5 5 5 5 5 5 5 5 5 5 5 5 5 6 6 6 6 6 6 7 3 4 
acm fire 5 1 2 4 5 6 6 7 8 9 10 12 14 16 19 22 26 30 35 40 44 48 52 56 58 60 62 64 66 66 66 66 66 66 66 67 68 70 72 74 76 78 81 85 88 91 93 95 97 100 103 106 109 
acm human 5 1 23 45 65 81 96 109 122 134 146 158 164 170 177 181 185 187 188 188 188 188 188 188 188 188 188 188 188 188 188 188 188 188 188 188 188 188 188 188 188 188 188 188 188 188 188 188 188 188 188 188 188 
acm window 5 1 6 12 18 24 30 36 42 48 54 60 65 70 74 78 84 88 94 98 103 108 111 114 117 120 124 128 132 137 142 147 152 157 162 167 172 177 182 187 192 197 202 207 213 219 225 231 237 243 250 253 257 
tsim fire 5 1 2 2 2 2 2 3 3 3 3 4 4 4 6 6 7 7 8 8 8 8 8 8 8 8 8 8 8 8 8 8 8 8 8 7 7 8 8 8 8 8 9 10 11 11 11 11 11 12 12 12 12 
tsim human 5 1 23 22 22 21 21 18 18 17 15 15 14 14 14 14 16 14 13 13 13 13 13 13 13 13 13 13 13 13 13 13 13 13 13 13 13 13 13 13 13 13 13 13 13 13 13 13 13 13 13 13 13 
tsim window 5 1 6 6 6 6 6 6 6 6 6 6 6 6 6 6 9 9 12 12 13 13 13 13 15 15 16 16 16 17 17 17 17 17 17 17 17 17 17 17 17 17 17 17 18 18 18 18 18 18 19 19 20 
runtime -1 5 1 25.221877813339233 50.98587203025818 27.83348560333252 17.48835849761963 19.68481969833374 21.41516375541687 20.59446954727173 
avg_run -1 5 1 26.174863849367416
al_time -1 5 1 0.023952484130859375 0.021106481552124023 0.02818775177001953 0.020218372344970703 5.39286208152771 0.025278806686401367 0.02544379234313965 
avg_all -1 5 1 0.7910071100507464
sum 0 6 1 60 61 
sum 1 6 1 180 106 
sum 2 6 1 240 123 
sum 3 6 1 360 154 
sum 4 6 1 540 185 
sum 5 6 1 600 193 
sum 6 6 1 1200 277 
sum 7 6 1 1500 323 
sum 8 6 1 1800 371 
sum 9 6 1 2100 414 
sum 10 6 1 2400 446 
sum 11 6 1 2700 474 
sum 12 6 1 3000 502 
miss fire 6 1 2 2 1 1 1 2 2 0 0 1 1 1 3 1 2 2 3 3 3 3 3 3 2 2 2 2 1 1 1 1 1 1 1 2 2 3 3 1 1 1 2 3 4 3 3 2 2 3 3 3 3 
miss human 6 1 23 22 18 13 10 9 7 7 8 7 5 5 6 6 8 5 4 4 4 4 4 4 4 4 4 4 4 4 4 4 3 3 3 1 1 1 1 1 1 0 0 0 0 0 0 0 0 0 0 0 0 
miss window 6 1 6 6 6 6 6 6 5 3 3 2 2 2 2 1 1 1 0 0 1 1 1 1 3 3 4 4 4 5 5 5 5 5 5 5 5 5 5 4 4 4 4 3 4 2 2 2 2 2 3 3 4 
acm fire 6 1 2 4 5 6 7 9 11 11 11 12 13 14 17 18 20 22 25 28 31 34 37 40 42 44 46 48 49 50 51 52 53 54 55 57 59 62 65 66 67 68 70 73 77 80 83 85 87 90 93 96 99 
acm human 6 1 23 45 63 76 86 95 102 109 117 124 129 134 140 146 154 159 163 167 171 175 179 183 187 191 195 199 203 207 211 215 218 221 224 225 226 227 228 229 230 230 230 230 230 230 230 230 230 230 230 230 230 
acm window 6 1 6 12 18 24 30 36 41 44 47 49 51 53 55 56 57 58 58 58 59 60 61 62 65 68 72 76 80 85 90 95 100 105 110 115 120 125 130 134 138 142 146 149 153 155 157 159 161 163 166 169 173 
tsim fire 6 1 2 2 2 2 2 3 3 3 3 4 4 4 6 6 7 7 8 8 8 8 8 8 8 8 8 8 8 8 8 8 8 8 8 7 7 8 8 8 8 8 9 10 11 11 11 11 11 12 12 12 12 
tsim human 6 1 23 22 22 21 21 18 18 17 15 15 14 14 14 14 16 14 13 13 13 13 13 13 13 13 13 13 13 13 13 13 13 13 13 13 13 13 13 13 13 13 13 13 13 13 13 13 13 13 13 13 13 
tsim window 6 1 6 6 6 6 6 6 6 6 6 6 6 6 6 6 9 9 12 12 13 13 13 13 15 15 16 16 16 17 17 17 17 17 17 17 17 17 17 17 17 17 17 17 18 18 18 18 18 18 19 19 20 
runtime -1 6 1 46.40157508850098 35.55303168296814 18.75315761566162 19.70230507850647 47.050252199172974 49.65839123725891 37.097270011901855 31.411232709884644 24.136589288711548 18.266254663467407 12.334702968597412 
avg_run -1 6 1 30.94225114042109
al_time -1 6 1 0.019948959350585938 0.02192997932434082 0.023062467575073242 5.2457451820373535 0.02488398551940918 0.02560114860534668 0.02507305145263672 0.02536296844482422 0.02489781379699707 0.049158334732055664 0.046904563903808594 
avg_all -1 6 1 0.5029607686129484
sum 0 7 1 60 61 
sum 1 7 1 180 106 
sum 2 7 1 240 123 
sum 3 7 1 360 155 
sum 4 7 1 540 186 
sum 5 7 1 600 194 
sum 6 7 1 1200 271 
sum 7 7 1 1500 312 
sum 8 7 1 1800 355 
sum 9 7 1 2100 392 
sum 10 7 1 2400 418 
sum 11 7 1 2700 434 
sum 12 7 1 3000 454 
miss fire 7 1 2 2 1 1 1 2 2 0 0 1 1 1 3 1 1 1 2 2 2 2 2 2 1 1 1 1 0 0 0 0 0 0 0 1 1 2 2 2 2 2 3 4 2 2 3 3 3 4 3 3 3 
miss human 7 1 23 22 18 13 10 9 8 7 8 7 5 5 6 6 8 5 4 4 4 4 4 4 4 4 4 4 4 4 4 4 3 3 3 1 1 0 0 0 0 0 0 0 0 0 0 0 0 0 0 0 0 
miss window 7 1 6 6 6 6 6 6 5 3 3 2 2 2 2 1 1 1 0 0 1 1 1 1 3 3 4 4 4 5 5 5 5 5 5 5 5 5 5 5 5 0 0 0 1 1 0 0 0 0 1 1 2 
acm fire 7 1 2 4 5 6 7 9 11 11 11 12 13 14 17 18 19 20 22 24 26 28 30 32 33 34 35 36 36 36 36 36 36 36 36 37 38 40 42 44 46 48 51 55 57 59 62 65 68 72 75 78 81 
acm human 7 1 23 45 63 76 86 95 103 110 118 125 130 135 141 147 155 160 164 168 172 176 180 184 188 192 196 200 204 208 212 216 219 222 225 226 227 227 227 227 227 227 227 227 227 227 227 227 227 227 227 227 227 
acm window 7 1 6 12 18 24 30 36 41 44 47 49 51 53 55 56 57 58 58 58 59 60 61 62 65 68 72 76 80 85 90 95 100 105 110 115 120 125 130 135 140 140 140 140 141 142 142 142 142 142 143 144 146 
tsim fire 7 1 2 2 2 2 2 3 3 3 3 4 4 4 6 6 7 7 8 8 8 8 8 8 8 8 8 8 8 8 8 8 8 8 8 7 7 8 8 8 8 8 9 10 11 11 11 11 11 12 12 12 12 
tsim human 7 1 23 22 22 21 21 18 18 17 15 15 14 14 14 14 16 14 13 13 13 13 13 13 13 13 13 13 13 13 13 13 13 13 13 13 13 13 13 13 13 13 13 13 13 13 13 13 13 13 13 13 13 
tsim window 7 1 6 6 6 6 6 6 6 6 6 6 6 6 6 6 9 9 12 12 13 13 13 13 15 15 16 16 16 17 17 17 17 17 17 17 17 17 17 17 17 17 17 17 18 18 18 18 18 18 19 19 20 
runtime -1 7 1 9.315706014633179 6.686320781707764 3.1581311225891113 3.1682374477386475 8.15493392944336 8.086310148239136 6.501571178436279 2.998445510864258 0.7929441928863525 
avg_run -1 7 1 5.429177814059788
al_time -1 7 1 0.019867897033691406 0.027878761291503906 0.023020505905151367 4.4882001876831055 0.025005578994750977 0.025753021240234375 0.027666330337524414 0.027584552764892578 0.019767284393310547 
avg_all -1 7 1 0.5205271244049072
sum 0 8 1 60 61 
sum 1 8 1 180 97 
sum 2 8 1 240 113 
sum 3 8 1 360 143 
sum 4 8 1 540 186 
sum 5 8 1 600 195 
sum 6 8 1 1200 300 
sum 7 8 1 1500 328 
sum 8 8 1 1800 353 
sum 9 8 1 2100 374 
sum 10 8 1 2400 385 
sum 11 8 1 2700 410 
sum 12 8 1 3000 437 
miss fire 8 1 2 2 1 0 0 1 1 1 1 2 2 2 4 3 3 3 4 4 4 4 4 4 1 1 1 1 1 1 0 0 0 0 0 1 1 2 2 2 2 2 3 4 5 4 4 4 4 5 5 2 2 
miss human 8 1 23 22 12 11 10 9 7 8 9 9 4 4 7 7 8 6 5 5 4 2 0 0 1 1 1 1 0 0 0 0 0 0 0 0 0 0 0 0 0 0 0 0 0 0 0 0 0 0 0 0 0 
miss window 8 1 6 6 6 6 6 6 6 5 5 3 3 3 2 2 4 2 2 1 2 2 2 2 3 3 4 4 4 5 5 5 4 4 4 4 4 1 0 0 0 0 0 0 1 1 1 1 1 1 2 2 3 
acm fire 8 1 2 4 5 5 5 6 7 8 9 11 13 15 19 22 25 28 32 36 40 44 48 52 53 54 55 56 57 58 58 58 58 58 58 59 60 62 64 66 68 70 73 77 82 86 90 94 98 103 108 110 112 
acm human 8 1 23 45 57 68 78 87 94 102 111 120 124 128 135 142 150 156 161 166 170 172 172 172 173 174 175 176 176 176 176 176 176 176 176 176 176 176 176 176 176 176 176 176 176 176 176 176 176 176 176 176 176 
acm window 8 1 6 12 18 24 30 36 42 47 52 55 58 61 63 65 69 71 73 74 76 78 80 82 85 88 92 96 100 105 110 115 119 123 127 131 135 136 136 136 136 136 136 136 137 138 139 140 141 142 144 146 149 
tsim fire 8 1 2 2 2 2 2 3 3 3 3 4 4 4 6 6 7 7 8 8 8 8 8 8 8 8 8 8 8 8 8 8 8 8 8 7 7 8 8 8 8 8 9 10 11 11 11 11 11 12 12 12 12 
tsim human 8 1 23 22 22 21 21 18 18 17 15 15 14 14 14 14 16 14 13 13 13 13 13 13 13 13 13 13 13 13 13 13 13 13 13 13 13 13 13 13 13 13 13 13 13 13 13 13 13 13 13 13 13 
tsim window 8 1 6 6 6 6 6 6 6 6 6 6 6 6 6 6 9 9 12 12 13 13 13 13 15 15 16 16 16 17 17 17 17 17 17 17 17 17 17 17 17 17 17 17 18 18 18 18 18 18 19 19 20 
runtime -1 8 1 7.546182155609131 9.343122243881226 5.076790809631348 4.212959051132202 7.8077552318573 3.5419669151306152 2.285015344619751 
avg_run -1 8 1 5.687684535980225
al_time -1 8 1 0.025105714797973633 0.0217287540435791 2.9681670665740967 1.2059969902038574 0.05337166786193848 0.027053117752075195 0.05005002021789551 
avg_all -1 8 1 0.6216390473502023
sum 0 9 1 60 61 
sum 1 9 1 180 98 
sum 2 9 1 240 115 
sum 3 9 1 360 149 
sum 4 9 1 540 199 
sum 5 9 1 600 209 
sum 6 9 1 1200 293 
sum 7 9 1 1500 317 
sum 8 9 1 1800 346 
sum 9 9 1 2100 373 
sum 10 9 1 2400 390 
sum 11 9 1 2700 411 
sum 12 9 1 3000 430 
miss fire 9 1 2 2 2 2 1 2 2 2 1 2 2 2 4 3 2 2 3 3 3 3 2 2 2 2 2 1 1 1 1 1 1 0 0 1 1 2 2 2 2 2 3 3 4 4 4 2 2 2 2 2 2 
miss human 9 1 23 22 10 11 10 9 9 10 11 11 5 5 9 6 7 4 2 2 2 1 0 0 0 0 0 0 0 0 0 0 0 0 0 0 0 0 0 0 0 0 0 0 0 0 0 0 0 0 0 0 0 
miss window 9 1 6 6 6 6 6 6 6 5 4 4 3 3 2 2 1 1 4 2 2 1 1 1 3 3 4 4 4 5 5 5 5 5 5 5 4 4 4 1 1 0 0 0 1 1 1 1 1 1 2 2 3 
acm fire 9 1 2 4 6 8 9 11 13 15 16 18 20 22 26 29 31 33 36 39 42 45 47 49 51 53 55 56 57 58 59 60 61 61 61 62 63 65 67 69 71 73 76 79 83 87 91 93 95 97 99 101 103 
acm human 9 1 23 45 55 66 76 85 94 104 115 126 131 136 145 151 158 162 164 166 168 169 169 169 169 169 169 169 169 169 169 169 169 169 169 169 169 169 169 169 169 169 169 169 169 169 169 169 169 169 169 169 169 
acm window 9 1 6 12 18 24 30 36 42 47 51 55 58 61 63 65 66 67 71 73 75 76 77 78 81 84 88 92 96 101 106 111 116 121 126 131 135 139 143 144 145 145 145 145 146 147 148 149 150 151 153 155 158 
tsim fire 9 1 2 2 2 2 2 3 3 3 3 4 4 4 6 6 7 7 8 8 8 8 8 8 8 8 8 8 8 8 8 8 8 8 8 7 7 8 8 8 8 8 9 10 11 11 11 11 11 12 12 12 12 
tsim human 9 1 23 22 22 21 21 18 18 17 15 15 14 14 14 14 16 14 13 13 13 13 13 13 13 13 13 13 13 13 13 13 13 13 13 13 13 13 13 13 13 13 13 13 13 13 13 13 13 13 13 13 13 
tsim window 9 1 6 6 6 6 6 6 6 6 6 6 6 6 6 6 9 9 12 12 13 13 13 13 15 15 16 16 16 17 17 17 17 17 17 17 17 17 17 17 17 17 17 17 18 18 18 18 18 18 19 19 20 
runtime -1 9 1 0.22573494911193848 1.226668357849121 3.1426029205322266 1.1727333068847656 0.7752463817596436 3.672896385192871 1.8843340873718262 0.8284549713134766 
avg_run -1 9 1 1.6160839200019836
al_time -1 9 1 0.024556398391723633 0.022097110748291016 2.8586692810058594 1.1797583103179932 0.03012704849243164 0.04963970184326172 0.02589249610900879 0.020432472229003906 
avg_all -1 9 1 0.5263966023921967
sum 0 10 1 60 61 
sum 1 10 1 180 90 
sum 2 10 1 240 104 
sum 3 10 1 360 132 
sum 4 10 1 540 168 
sum 5 10 1 600 175 
sum 6 10 1 1200 253 
sum 7 10 1 1500 283 
sum 8 10 1 1800 315 
sum 9 10 1 2100 347 
sum 10 10 1 2400 368 
sum 11 10 1 2700 396 
sum 12 10 1 3000 429 
miss fire 10 1 2 2 1 0 0 1 1 1 0 1 1 1 3 2 2 2 3 3 3 3 2 2 2 2 2 2 1 1 1 1 1 1 1 2 2 3 3 3 3 3 3 4 4 4 4 3 3 4 4 4 4 
miss human 10 1 23 22 8 8 8 7 7 7 7 7 3 3 6 6 7 5 2 2 2 1 1 1 1 1 1 1 1 1 1 0 0 0 0 0 0 0 0 0 0 0 0 0 0 0 0 0 0 0 0 0 0 
miss window 10 1 6 6 6 6 6 6 6 5 4 4 3 3 2 2 1 1 4 2 2 1 1 1 3 3 4 4 4 5 5 5 5 5 5 5 4 4 2 1 1 1 1 1 2 2 2 2 2 2 3 3 4 
acm fire 10 1 2 4 5 5 5 6 7 8 8 9 10 11 14 16 18 20 23 26 29 32 34 36 38 40 42 44 45 46 47 48 49 50 51 53 55 58 61 64 67 70 73 77 81 85 89 92 95 99 103 107 111 
acm human 10 1 23 45 53 61 69 76 83 90 97 104 107 110 116 122 129 134 136 138 140 141 142 143 144 145 146 147 148 149 150 150 150 150 150 150 150 150 150 150 150 150 150 150 150 150 150 150 150 150 150 150 150 
acm window 10 1 6 12 18 24 30 36 42 47 51 55 58 61 63 65 66 67 71 73 75 76 77 78 81 84 88 92 96 101 106 111 116 121 126 131 135 139 141 142 143 144 145 146 148 150 152 154 156 158 161 164 168 
tsim fire 10 1 2 2 2 2 2 3 3 3 3 4 4 4 6 6 7 7 8 8 8 8 8 8 8 8 8 8 8 8 8 8 8 8 8 7 7 8 8 8 8 8 9 10 11 11 11 11 11 12 12 12 12 
tsim human 10 1 23 22 22 21 21 18 18 17 15 15 14 14 14 14 16 14 13 13 13 13 13 13 13 13 13 13 13 13 13 13 13 13 13 13 13 13 13 13 13 13 13 13 13 13 13 13 13 13 13 13 13 
tsim window 10 1 6 6 6 6 6 6 6 6 6 6 6 6 6 6 9 9 12 12 13 13 13 13 15 15 16 16 16 17 17 17 17 17 17 17 17 17 17 17 17 17 17 17 18 18 18 18 18 18 19 19 20 
runtime -1 10 1 0.22378230094909668 2.128617286682129 3.447075843811035 0.8470523357391357 2.084397792816162 3.064901351928711 2.3955206871032715 0.998760461807251 
avg_run -1 10 1 1.898763507604599
al_time -1 10 1 0.024635791778564453 0.02289605140686035 2.8859920501708984 0.02358222007751465 0.03276205062866211 0.023175477981567383 0.02329397201538086 0.019099950790405273 
avg_all -1 10 1 0.3819296956062317
random:2T:3000
sum 0 0 2 60 42 
sum 1 0 2 180 70 
sum 2 0 2 240 78 
sum 3 0 2 360 94 
sum 4 0 2 540 118 
sum 5 0 2 600 125 
sum 6 0 2 1200 142 
sum 7 0 2 1500 144 
sum 8 0 2 1800 145 
sum 9 0 2 2100 147 
sum 10 0 2 2400 154 
sum 11 0 2 2700 162 
sum 12 0 2 3000 171 
miss fire 0 2 3 3 2 2 1 1 1 2 2 3 3 3 0 0 0 0 0 0 0 0 0 0 0 0 0 0 0 0 0 0 1 1 1 0 0 0 0 0 1 1 2 1 2 1 2 2 2 1 1 0 0 
miss human 0 2 13 11 8 7 4 5 5 4 4 6 3 2 1 1 0 0 0 0 0 0 0 0 0 0 0 0 0 0 0 0 0 0 0 0 0 0 0 0 0 0 0 0 0 0 0 0 0 0 0 0 0 
miss window 0 2 6 6 6 3 3 3 1 1 1 1 1 1 0 0 0 0 1 2 2 2 2 2 0 0 0 0 0 0 0 0 0 0 0 0 0 0 0 0 1 1 1 0 0 0 0 0 1 1 1 1 1 
acm fire 0 2 3 6 8 10 11 12 13 15 17 20 23 26 26 26 26 26 26 26 26 26 26 26 26 26 26 26 26 26 26 26 27 28 29 29 29 29 29 29 30 31 33 34 36 37 39 41 43 44 45 45 45 
acm human 0 2 13 24 32 39 43 48 53 57 61 67 70 72 73 74 74 74 74 74 74 74 74 74 74 74 74 74 74 74 74 74 74 74 74 74 74 74 74 74 74 74 74 74 74 74 74 74 74 74 74 74 74 
acm window 0 2 6 12 18 21 24 27 28 29 30 31 32 33 33 33 33 33 34 36 38 40 42 44 44 44 44 44 44 44 44 44 44 44 44 44 44 44 44 44 45 46 47 47 47 47 47 47 48 49 50 51 52 
tsim fire 0 2 3 3 3 4 4 4 4 5 5 6 6 6 6 6 6 6 6 6 6 6 6 6 6 6 6 6 6 6 6 6 7 7 7 6 6 6 6 6 7 8 9 9 10 10 11 12 12 12 12 12 12 
tsim human 0 2 13 11 11 10 10 9 9 9 9 11 9 8 7 7 6 6 6 6 6 6 6 6 6 6 6 6 6 6 6 6 6 6 6 6 6 6 6 6 6 6 6 6 6 6 6 6 6 6 6 6 6 
tsim window 0 2 6 6 6 6 6 6 6 6 7 9 9 9 9 9 9 9 10 11 11 11 11 11 11 11 11 11 11 11 11 11 11 11 11 11 11 11 11 11 12 12 12 12 12 12 12 19 20 21 21 21 21 
runtime -1 0 2 0.570641040802002 0.37846922874450684 0.48397111892700195 0.47733211517333984 0.49822473526000977 0.48645901679992676 0.5325617790222168 0.4613516330718994 0.3970763683319092 0.29705262184143066 0.18453121185302734 
avg_run -1 0 2 0.4334246245297519
al_time -1 0 2 0.015434026718139648 0.49915385246276855 0.022562742233276367 0.023473262786865234 0.020079612731933594 0.03963923454284668 0.01768803596496582 0.01711750030517578 0.017169713973999023 0.017277002334594727 0.9544658660888672 
avg_all -1 0 2 0.1494600772857666
