random:0T:3000
sum 0 0 0 60 58 
sum 1 0 0 180 108 
sum 2 0 0 240 121 
sum 3 0 0 360 145 
sum 4 0 0 540 167 
sum 5 0 0 600 171 
sum 6 0 0 1200 205 
sum 7 0 0 1500 205 
sum 8 0 0 1800 209 
sum 9 0 0 2100 215 
sum 10 0 0 2400 219 
sum 11 0 0 2700 229 
sum 12 0 0 3000 238 
miss fire 0 0 3 3 3 3 0 0 1 2 2 1 1 1 0 0 0 1 0 0 0 0 0 0 0 0 0 0 0 0 0 0 0 1 2 1 1 1 2 0 0 0 0 0 0 0 0 0 0 1 1 0 0 
miss human 0 0 18 18 17 15 11 12 9 7 5 5 3 5 4 4 3 2 1 1 2 2 2 0 0 0 0 0 0 0 0 0 0 0 0 0 0 0 0 0 0 0 0 0 0 0 0 0 0 0 0 0 0 
miss window 0 0 8 8 6 6 2 2 0 0 0 0 0 0 0 0 1 1 1 2 1 0 0 0 0 0 0 0 1 1 1 1 0 0 0 0 0 0 0 0 0 1 1 1 2 2 2 3 3 2 2 0 0 
acm fire 0 0 3 6 9 12 12 12 13 15 17 18 19 20 20 20 20 21 21 21 21 21 21 21 21 21 21 21 21 21 21 21 21 22 24 25 26 27 29 29 29 29 29 29 29 29 29 29 29 30 31 31 31 
acm human 0 0 18 36 53 68 79 91 100 107 112 117 120 125 129 133 136 138 139 140 142 144 146 146 146 146 146 146 146 146 146 146 146 146 146 146 146 146 146 146 146 146 146 146 146 146 146 146 146 146 146 146 146 
acm window 0 0 8 16 22 28 30 32 32 32 32 32 32 32 32 32 33 34 35 37 38 38 38 38 38 38 38 38 39 40 41 42 42 42 42 42 42 42 42 42 42 43 44 45 47 49 51 54 57 59 61 61 61 
tsim fire 0 0 3 3 3 3 3 3 4 5 5 5 5 5 5 5 5 6 6 6 6 6 6 6 6 6 6 6 6 6 6 6 6 7 8 8 8 9 10 10 10 10 10 10 10 10 10 10 10 11 11 11 11 
tsim human 0 0 18 18 18 17 16 15 15 15 14 14 13 11 10 10 9 8 8 8 8 8 8 8 8 8 8 8 8 8 8 8 8 8 8 8 8 8 8 8 8 8 8 8 8 8 8 8 8 8 8 8 8 
tsim window 0 0 8 8 8 8 8 8 8 8 8 8 8 8 8 8 9 9 9 10 10 10 10 10 10 10 10 10 11 11 11 11 11 13 13 13 13 13 13 13 13 14 14 14 15 15 15 17 17 17 17 17 17 
task_num -1 0 0 400runtime -1 0 0 0.45792436599731445 0.3042447566986084 0.35707640647888184 0.3712587356567383 0.37934350967407227 0.37334394454956055 0.48483800888061523 0.48467016220092773 0.4915926456451416 0.18523359298706055 0.0843050479888916 
avg_run -1 0 0 0.3612573797052557
al_time -1 0 0 0.01338052749633789 0.012097835540771484 0.014645814895629883 0.015926599502563477 0.01884317398071289 0.5074546337127686 0.015486955642700195 0.015939712524414062 0.020847558975219727 0.016719579696655273 0.011445760726928711 
avg_all -1 0 0 0.06025346842679111
sum 0 1 0 60 58 
sum 1 1 0 180 103 
sum 2 1 0 240 119 
sum 3 1 0 360 153 
sum 4 1 0 540 194 
sum 5 1 0 600 204 
sum 6 1 0 1200 236 
sum 7 1 0 1500 236 
sum 8 1 0 1800 238 
sum 9 1 0 2100 246 
sum 10 1 0 2400 259 
sum 11 1 0 2700 267 
sum 12 1 0 3000 284 
miss fire 1 0 3 3 1 1 1 1 2 3 3 2 2 2 0 0 0 1 1 1 1 0 0 0 0 0 0 0 0 0 0 0 0 1 2 2 1 2 3 3 3 1 1 0 0 0 0 0 0 1 1 1 1 
miss human 1 0 18 18 15 14 9 10 10 10 7 7 6 8 6 4 3 0 0 0 0 0 0 0 0 0 0 0 0 0 0 0 0 0 0 0 0 0 0 0 0 0 0 0 0 0 0 0 0 0 0 0 0 
miss window 1 0 8 8 8 6 6 6 5 4 3 2 2 2 0 0 1 0 0 1 1 0 0 0 0 0 0 0 1 1 0 0 0 0 0 0 0 0 0 0 0 1 1 1 2 1 1 3 3 3 3 2 2 
acm fire 1 0 3 6 7 8 9 10 12 15 18 20 22 24 24 24 24 25 26 27 28 28 28 28 28 28 28 28 28 28 28 28 28 29 31 33 34 36 39 42 45 46 47 47 47 47 47 47 47 48 49 50 51 
acm human 1 0 18 36 51 65 74 84 94 104 111 118 124 132 138 142 145 145 145 145 145 145 145 145 145 145 145 145 145 145 145 145 145 145 145 145 145 145 145 145 145 145 145 145 145 145 145 145 145 145 145 145 145 
acm window 1 0 8 16 24 30 36 42 47 51 54 56 58 60 60 60 61 61 61 62 63 63 63 63 63 63 63 63 64 65 65 65 65 65 65 65 65 65 65 65 65 66 67 68 70 71 72 75 78 81 84 86 88 
tsim fire 1 0 3 3 3 3 3 3 4 5 5 5 5 5 5 5 5 6 6 6 6 6 6 6 6 6 6 6 6 6 6 6 6 7 8 8 8 9 10 10 10 10 10 10 10 10 10 10 10 11 11 11 11 
tsim human 1 0 18 18 18 17 16 15 15 15 14 14 13 11 10 10 9 8 8 8 8 8 8 8 8 8 8 8 8 8 8 8 8 8 8 8 8 8 8 8 8 8 8 8 8 8 8 8 8 8 8 8 8 
tsim window 1 0 8 8 8 8 8 8 8 8 8 8 8 8 8 8 9 9 9 10 10 10 10 10 10 10 10 10 11 11 11 11 11 13 13 13 13 13 13 13 13 14 14 14 15 15 15 17 17 17 17 17 17 
task_num -1 1 0 399runtime -1 1 0 0.11629319190979004 0.6549623012542725 0.6903252601623535 0.8463375568389893 0.9255564212799072 0.7619304656982422 1.3223364353179932 1.1245832443237305 1.3858401775360107 0.85036301612854 
avg_run -1 1 0 0.8678528070449829
al_time -1 1 0 0.014254331588745117 0.011989831924438477 0.012804031372070312 0.011995315551757812 0.012888431549072266 0.01449441909790039 0.5044600963592529 0.016829252243041992 0.015292167663574219 0.01534891128540039 
avg_all -1 1 0 0.06303567886352539
sum 0 2 0 60 58 
sum 1 2 0 180 99 
sum 2 2 0 240 115 
sum 3 2 0 360 145 
sum 4 2 0 540 177 
sum 5 2 0 600 183 
sum 6 2 0 1200 209 
sum 7 2 0 1500 209 
sum 8 2 0 1800 214 
sum 9 2 0 2100 224 
sum 10 2 0 2400 239 
sum 11 2 0 2700 249 
sum 12 2 0 3000 265 
miss fire 2 0 3 3 1 1 1 1 2 1 1 1 0 0 0 0 0 1 0 0 0 0 0 0 0 0 0 0 0 0 0 0 0 1 2 2 2 3 3 3 3 2 2 0 0 0 0 0 0 1 0 0 0 
miss human 2 0 18 18 14 9 7 6 6 6 5 5 5 5 5 4 3 2 0 0 0 0 0 0 0 0 0 0 0 0 0 0 0 0 0 0 0 0 0 0 0 0 0 0 0 0 0 0 0 0 0 0 0 
miss window 2 0 8 8 8 8 8 8 7 5 5 3 1 1 0 0 1 1 0 1 1 1 0 0 0 0 0 0 1 1 1 1 1 0 0 0 0 0 0 0 0 1 1 1 2 2 2 3 3 3 3 3 3 
acm fire 2 0 3 6 7 8 9 10 12 13 14 15 15 15 15 15 15 16 16 16 16 16 16 16 16 16 16 16 16 16 16 16 16 17 19 21 23 26 29 32 35 37 39 39 39 39 39 39 39 40 40 40 40 
acm human 2 0 18 36 50 59 66 72 78 84 89 94 99 104 109 113 116 118 118 118 118 118 118 118 118 118 118 118 118 118 118 118 118 118 118 118 118 118 118 118 118 118 118 118 118 118 118 118 118 118 118 118 118 
acm window 2 0 8 16 24 32 40 48 55 60 65 68 69 70 70 70 71 72 72 73 74 75 75 75 75 75 75 75 76 77 78 79 80 80 80 80 80 80 80 80 80 81 82 83 85 87 89 92 95 98 101 104 107 
tsim fire 2 0 3 3 3 3 3 3 4 5 5 5 5 5 5 5 5 6 6 6 6 6 6 6 6 6 6 6 6 6 6 6 6 7 8 8 8 9 10 10 10 10 10 10 10 10 10 10 10 11 11 11 11 
tsim human 2 0 18 18 18 17 16 15 15 15 14 14 13 11 10 10 9 8 8 8 8 8 8 8 8 8 8 8 8 8 8 8 8 8 8 8 8 8 8 8 8 8 8 8 8 8 8 8 8 8 8 8 8 
tsim window 2 0 8 8 8 8 8 8 8 8 8 8 8 8 8 8 9 9 9 10 10 10 10 10 10 10 10 10 11 11 11 11 11 13 13 13 13 13 13 13 13 14 14 14 15 15 15 17 17 17 17 17 17 
task_num -1 2 0 400runtime -1 2 0 2.176269054412842 2.6780283451080322 1.1458015441894531 1.5157051086425781 1.156937837600708 1.1045141220092773 1.7058348655700684 2.0019171237945557 1.515582799911499 0.21343636512756348 
avg_run -1 2 0 1.5214027166366577
al_time -1 2 0 0.014404773712158203 0.011958837509155273 0.013529300689697266 0.013286113739013672 0.01539754867553711 0.50860595703125 0.016302824020385742 0.01504373550415039 0.01852273941040039 0.010819673538208008 
avg_all -1 2 0 0.06378715038299561
sum 0 3 0 60 58 
sum 1 3 0 180 97 
sum 2 3 0 240 112 
sum 3 3 0 360 145 
sum 4 3 0 540 184 
sum 5 3 0 600 192 
sum 6 3 0 1200 248 
sum 7 3 0 1500 261 
sum 8 3 0 1800 272 
sum 9 3 0 2100 292 
sum 10 3 0 2400 309 
sum 11 3 0 2700 331 
sum 12 3 0 3000 350 
miss fire 3 0 3 3 0 0 0 0 1 2 2 0 0 0 0 0 0 1 1 1 0 0 0 0 0 0 0 0 0 0 0 0 0 1 2 2 2 3 1 1 1 1 1 1 1 1 1 0 0 1 1 1 1 
miss human 3 0 18 18 13 10 7 8 8 8 7 7 6 7 5 5 4 2 1 1 1 1 1 1 1 1 0 0 0 0 0 0 0 0 0 0 0 0 0 0 0 0 0 0 0 0 0 0 0 0 0 0 0 
miss window 3 0 8 8 8 8 8 8 8 6 5 2 2 2 2 2 3 3 3 4 2 2 2 2 2 2 2 2 3 2 2 2 2 2 2 2 2 2 2 2 2 3 3 3 4 4 4 3 3 3 3 3 3 
acm fire 3 0 3 6 6 6 6 6 7 9 11 11 11 11 11 11 11 12 13 14 14 14 14 14 14 14 14 14 14 14 14 14 14 15 17 19 21 24 25 26 27 28 29 30 31 32 33 33 33 34 35 36 37 
acm human 3 0 18 36 49 59 66 74 82 90 97 104 110 117 122 127 131 133 134 135 136 137 138 139 140 141 141 141 141 141 141 141 141 141 141 141 141 141 141 141 141 141 141 141 141 141 141 141 141 141 141 141 141 
acm window 3 0 8 16 24 32 40 48 56 62 67 69 71 73 75 77 80 83 86 90 92 94 96 98 100 102 104 106 109 111 113 115 117 119 121 123 125 127 129 131 133 136 139 142 146 150 154 157 160 163 166 169 172 
tsim fire 3 0 3 3 3 3 3 3 4 5 5 5 5 5 5 5 5 6 6 6 6 6 6 6 6 6 6 6 6 6 6 6 6 7 8 8 8 9 10 10 10 10 10 10 10 10 10 10 10 11 11 11 11 
tsim human 3 0 18 18 18 17 16 15 15 15 14 14 13 11 10 10 9 8 8 8 8 8 8 8 8 8 8 8 8 8 8 8 8 8 8 8 8 8 8 8 8 8 8 8 8 8 8 8 8 8 8 8 8 
tsim window 3 0 8 8 8 8 8 8 8 8 8 8 8 8 8 8 9 9 9 10 10 10 10 10 10 10 10 10 11 11 11 11 11 13 13 13 13 13 13 13 13 14 14 14 15 15 15 17 17 17 17 17 17 
task_num -1 3 0 294runtime -1 3 0 0.019171476364135742 0.018899917602539062 0.01885533332824707 0.018918752670288086 0.01888728141784668 0.039548397064208984 
avg_run -1 3 0 0.02238019307454427
al_time -1 3 0 0.014397382736206055 0.01437067985534668 0.014357328414916992 0.014397144317626953 0.01415705680847168 0.011748075485229492 
avg_all -1 3 0 0.013904611269632975
sum 0 4 0 60 58 
sum 1 4 0 180 100 
sum 2 4 0 240 115 
sum 3 4 0 360 144 
sum 4 4 0 540 175 
sum 5 4 0 600 182 
sum 6 4 0 1200 212 
sum 7 4 0 1500 214 
sum 8 4 0 1800 219 
sum 9 4 0 2100 232 
sum 10 4 0 2400 245 
sum 11 4 0 2700 265 
sum 12 4 0 3000 280 
miss fire 4 0 3 3 0 0 0 0 1 2 2 1 1 1 0 0 0 1 1 1 1 1 1 1 1 0 0 0 0 0 0 0 0 1 2 2 2 1 2 2 2 2 2 2 2 2 2 1 1 2 2 1 1 
miss human 4 0 18 18 15 13 9 9 8 7 5 5 4 6 5 4 3 0 0 0 0 0 0 0 0 0 0 0 0 0 0 0 0 0 0 0 0 0 0 0 0 0 0 0 0 0 0 0 0 0 0 0 0 
miss window 4 0 8 8 8 6 6 6 5 4 3 2 2 2 0 0 1 0 0 1 1 0 0 0 0 0 0 0 1 1 1 1 1 1 1 1 1 1 1 0 0 1 1 1 2 2 2 4 4 1 1 1 1 
acm fire 4 0 3 6 6 6 6 6 7 9 11 12 13 14 14 14 14 15 16 17 18 19 20 21 22 22 22 22 22 22 22 22 22 23 25 27 29 30 32 34 36 38 40 42 44 46 48 49 50 52 54 55 56 
acm human 4 0 18 36 51 64 73 82 90 97 102 107 111 117 122 126 129 129 129 129 129 129 129 129 129 129 129 129 129 129 129 129 129 129 129 129 129 129 129 129 129 129 129 129 129 129 129 129 129 129 129 129 129 
acm window 4 0 8 16 24 30 36 42 47 51 54 56 58 60 60 60 61 61 61 62 63 63 63 63 63 63 63 63 64 65 66 67 68 69 70 71 72 73 74 74 74 75 76 77 79 81 83 87 91 92 93 94 95 
tsim fire 4 0 3 3 3 3 3 3 4 5 5 5 5 5 5 5 5 6 6 6 6 6 6 6 6 6 6 6 6 6 6 6 6 7 8 8 8 9 10 10 10 10 10 10 10 10 10 10 10 11 11 11 11 
tsim human 4 0 18 18 18 17 16 15 15 15 14 14 13 11 10 10 9 8 8 8 8 8 8 8 8 8 8 8 8 8 8 8 8 8 8 8 8 8 8 8 8 8 8 8 8 8 8 8 8 8 8 8 8 
tsim window 4 0 8 8 8 8 8 8 8 8 8 8 8 8 8 8 9 9 9 10 10 10 10 10 10 10 10 10 11 11 11 11 11 13 13 13 13 13 13 13 13 14 14 14 15 15 15 17 17 17 17 17 17 
task_num -1 4 0 397runtime -1 4 0 0.08875322341918945 0.6787526607513428 0.7196323871612549 0.8986923694610596 0.890627384185791 0.8125545978546143 1.2929680347442627 1.0809338092803955 0.7540290355682373 
avg_run -1 4 0 0.8018826113806831
al_time -1 4 0 0.014034032821655273 0.011913537979125977 0.012546777725219727 0.012202262878417969 0.014536619186401367 0.012938976287841797 0.5953178405761719 0.018972158432006836 0.016805648803710938 
avg_all -1 4 0 0.0788075394100613
sum 0 5 0 60 58 
sum 1 5 0 180 104 
sum 2 5 0 240 122 
sum 3 5 0 360 157 
sum 4 5 0 540 192 
sum 5 5 0 600 200 
sum 6 5 0 1200 237 
sum 7 5 0 1500 247 
sum 8 5 0 1800 250 
sum 9 5 0 2100 257 
sum 10 5 0 2400 264 
sum 11 5 0 2700 273 
sum 12 5 0 3000 284 
miss fire 5 0 3 3 2 2 2 2 3 2 2 0 0 0 0 0 0 1 1 1 1 1 1 1 0 0 0 0 0 0 0 0 0 1 2 1 1 2 1 1 1 1 1 1 1 1 1 1 0 1 1 1 1 
miss human 5 0 18 18 15 11 8 8 6 6 5 5 6 4 3 3 2 1 1 1 1 1 1 1 0 0 0 0 0 0 0 0 0 0 0 0 0 0 0 0 0 0 0 0 0 0 0 0 0 0 0 0 0 
miss window 5 0 8 8 8 8 8 8 8 7 5 3 2 2 0 0 1 1 1 2 2 2 2 2 2 2 1 1 1 1 1 0 0 0 0 0 0 0 0 0 0 1 1 0 1 1 0 2 2 2 1 1 1 
acm fire 5 0 3 6 8 10 12 14 17 19 21 21 21 21 21 21 21 22 23 24 25 26 27 28 28 28 28 28 28 28 28 28 28 29 31 32 33 35 36 37 38 39 40 41 42 43 44 45 45 46 47 48 49 
acm human 5 0 18 36 51 62 70 78 84 90 95 100 106 110 113 116 118 119 120 121 122 123 124 125 125 125 125 125 125 125 125 125 125 125 125 125 125 125 125 125 125 125 125 125 125 125 125 125 125 125 125 125 125 
acm window 5 0 8 16 24 32 40 48 56 63 68 71 73 75 75 75 76 77 78 80 82 84 86 88 90 92 93 94 95 96 97 97 97 97 97 97 97 97 97 97 97 98 99 99 100 101 101 103 105 107 108 109 110 
tsim fire 5 0 3 3 3 3 3 3 4 5 5 5 5 5 5 5 5 6 6 6 6 6 6 6 6 6 6 6 6 6 6 6 6 7 8 8 8 9 10 10 10 10 10 10 10 10 10 10 10 11 11 11 11 
tsim human 5 0 18 18 18 17 16 15 15 15 14 14 13 11 10 10 9 8 8 8 8 8 8 8 8 8 8 8 8 8 8 8 8 8 8 8 8 8 8 8 8 8 8 8 8 8 8 8 8 8 8 8 8 
tsim window 5 0 8 8 8 8 8 8 8 8 8 8 8 8 8 8 9 9 9 10 10 10 10 10 10 10 10 10 11 11 11 11 11 13 13 13 13 13 13 13 13 14 14 14 15 15 15 17 17 17 17 17 17 
task_num -1 5 0 397runtime -1 5 0 1.7714989185333252 2.4876551628112793 1.0301146507263184 1.20524263381958 1.0119271278381348 1.1575424671173096 1.9563384056091309 0.738128662109375 
avg_run -1 5 0 1.4198060035705566
al_time -1 5 0 0.013896465301513672 0.016320466995239258 0.011802434921264648 0.013195276260375977 0.016834020614624023 0.5338034629821777 0.02028942108154297 0.01338958740234375 
avg_all -1 5 0 0.07994139194488525
sum 0 6 0 60 58 
sum 1 6 0 180 108 
sum 2 6 0 240 121 
sum 3 6 0 360 145 
sum 4 6 0 540 168 
sum 5 6 0 600 172 
sum 6 6 0 1200 208 
sum 7 6 0 1500 210 
sum 8 6 0 1800 215 
sum 9 6 0 2100 228 
sum 10 6 0 2400 243 
sum 11 6 0 2700 254 
sum 12 6 0 3000 268 
miss fire 6 0 3 3 3 3 0 0 1 2 2 2 0 0 0 0 0 1 0 0 0 0 0 0 0 0 0 0 0 0 0 0 0 1 2 2 1 2 3 2 2 2 1 1 1 1 1 1 1 2 1 1 1 
miss human 6 0 18 18 17 15 11 12 9 7 5 5 4 6 5 5 4 3 2 2 1 1 1 1 1 0 0 0 0 0 0 0 0 0 0 0 0 0 0 0 0 0 0 0 0 0 0 0 0 0 0 0 0 
miss window 6 0 8 8 6 6 2 2 0 0 0 0 0 0 0 0 1 1 1 2 0 0 0 0 0 0 0 0 1 1 1 1 1 1 1 1 1 1 1 1 1 1 1 1 1 1 1 2 2 2 2 1 1 
acm fire 6 0 3 6 9 12 12 12 13 15 17 19 19 19 19 19 19 20 20 20 20 20 20 20 20 20 20 20 20 20 20 20 20 21 23 25 26 28 31 33 35 37 38 39 40 41 42 43 44 46 47 48 49 
acm human 6 0 18 36 53 68 79 91 100 107 112 117 121 127 132 137 141 144 146 148 149 150 151 152 153 153 153 153 153 153 153 153 153 153 153 153 153 153 153 153 153 153 153 153 153 153 153 153 153 153 153 153 153 
acm window 6 0 8 16 22 28 30 32 32 32 32 32 32 32 32 32 33 34 35 37 37 37 37 37 37 37 37 37 38 39 40 41 42 43 44 45 46 47 48 49 50 51 52 53 54 55 56 58 60 62 64 65 66 
tsim fire 6 0 3 3 3 3 3 3 4 5 5 5 5 5 5 5 5 6 6 6 6 6 6 6 6 6 6 6 6 6 6 6 6 7 8 8 8 9 10 10 10 10 10 10 10 10 10 10 10 11 11 11 11 
tsim human 6 0 18 18 18 17 16 15 15 15 14 14 13 11 10 10 9 8 8 8 8 8 8 8 8 8 8 8 8 8 8 8 8 8 8 8 8 8 8 8 8 8 8 8 8 8 8 8 8 8 8 8 8 
tsim window 6 0 8 8 8 8 8 8 8 8 8 8 8 8 8 8 9 9 9 10 10 10 10 10 10 10 10 10 11 11 11 11 11 13 13 13 13 13 13 13 13 14 14 14 15 15 15 17 17 17 17 17 17 
task_num -1 6 0 399runtime -1 6 0 2.0881130695343018 1.1345205307006836 1.2852435111999512 1.1261608600616455 0.93123459815979 0.7711687088012695 1.2422316074371338 1.051609992980957 1.3234713077545166 0.3203589916229248 
avg_run -1 6 0 1.1274113178253173
al_time -1 6 0 0.01322627067565918 0.013978719711303711 0.03640151023864746 0.014711856842041016 0.012868881225585938 0.01600956916809082 0.01435995101928711 0.5040240287780762 0.018500566482543945 0.011808156967163086 
avg_all -1 6 0 0.06558895111083984
sum 0 7 0 60 58 
sum 1 7 0 180 108 
sum 2 7 0 240 121 
sum 3 7 0 360 145 
sum 4 7 0 540 167 
sum 5 7 0 600 171 
sum 6 7 0 1200 210 
sum 7 7 0 1500 212 
sum 8 7 0 1800 217 
sum 9 7 0 2100 226 
sum 10 7 0 2400 235 
sum 11 7 0 2700 241 
sum 12 7 0 3000 253 
miss fire 7 0 3 3 3 3 0 0 1 2 2 1 0 0 0 0 0 1 0 0 0 0 0 0 0 0 0 0 0 0 0 0 0 1 2 1 1 2 3 2 2 0 0 0 0 0 0 0 0 1 1 0 0 
miss human 7 0 18 18 17 15 11 12 9 7 5 5 4 6 5 5 4 3 2 2 1 1 2 2 0 0 0 0 0 0 0 0 0 0 0 0 0 0 0 0 0 0 0 0 0 0 0 0 0 0 0 0 0 
miss window 7 0 8 8 6 6 2 2 0 0 0 0 0 0 0 0 1 1 1 2 1 1 0 0 0 0 0 0 1 1 1 1 1 1 1 0 0 0 0 0 0 1 1 0 1 1 1 3 2 2 2 2 2 
acm fire 7 0 3 6 9 12 12 12 13 15 17 18 18 18 18 18 18 19 19 19 19 19 19 19 19 19 19 19 19 19 19 19 19 20 22 23 24 26 29 31 33 33 33 33 33 33 33 33 33 34 35 35 35 
acm human 7 0 18 36 53 68 79 91 100 107 112 117 121 127 132 137 141 144 146 148 149 150 152 154 154 154 154 154 154 154 154 154 154 154 154 154 154 154 154 154 154 154 154 154 154 154 154 154 154 154 154 154 154 
acm window 7 0 8 16 22 28 30 32 32 32 32 32 32 32 32 32 33 34 35 37 38 39 39 39 39 39 39 39 40 41 42 43 44 45 46 46 46 46 46 46 46 47 48 48 49 50 51 54 56 58 60 62 64 
tsim fire 7 0 3 3 3 3 3 3 4 5 5 5 5 5 5 5 5 6 6 6 6 6 6 6 6 6 6 6 6 6 6 6 6 7 8 8 8 9 10 10 10 10 10 10 10 10 10 10 10 11 11 11 11 
tsim human 7 0 18 18 18 17 16 15 15 15 14 14 13 11 10 10 9 8 8 8 8 8 8 8 8 8 8 8 8 8 8 8 8 8 8 8 8 8 8 8 8 8 8 8 8 8 8 8 8 8 8 8 8 
tsim window 7 0 8 8 8 8 8 8 8 8 8 8 8 8 8 8 9 9 9 10 10 10 10 10 10 10 10 10 11 11 11 11 11 13 13 13 13 13 13 13 13 14 14 14 15 15 15 17 17 17 17 17 17 
task_num -1 7 0 401runtime -1 7 0 2.672602891921997 2.292734146118164 1.555612564086914 1.4790925979614258 1.3231091499328613 1.092695713043213 1.1862142086029053 1.4535517692565918 2.1052637100219727 
avg_run -1 7 0 1.6845418612162273
al_time -1 7 0 0.013323307037353516 0.014985799789428711 0.013531923294067383 0.01458120346069336 0.015332221984863281 0.014943361282348633 0.014212846755981445 0.5372447967529297 0.02114725112915039 
avg_all -1 7 0 0.07325585683186848
sum 0 8 0 60 58 
sum 1 8 0 180 100 
sum 2 8 0 240 117 
sum 3 8 0 360 153 
sum 4 8 0 540 193 
sum 5 8 0 600 200 
sum 6 8 0 1200 222 
sum 7 8 0 1500 222 
sum 8 8 0 1800 226 
sum 9 8 0 2100 232 
sum 10 8 0 2400 244 
sum 11 8 0 2700 259 
sum 12 8 0 3000 273 
miss fire 8 0 3 3 2 2 2 2 3 2 2 1 0 0 0 0 0 1 0 0 0 0 0 0 0 0 0 0 0 0 0 0 0 1 2 1 1 1 2 2 2 2 2 2 1 1 0 0 0 1 1 1 1 
miss human 8 0 18 18 13 9 7 8 8 8 7 7 6 4 4 4 3 2 0 0 0 0 0 0 0 0 0 0 0 0 0 0 0 0 0 0 0 0 0 0 0 0 0 0 0 0 0 0 0 0 0 0 0 
miss window 8 0 8 8 8 8 8 8 7 5 5 3 1 1 0 0 1 1 0 1 0 0 0 0 0 0 0 0 1 1 1 1 0 0 0 0 0 0 0 0 0 1 1 1 2 2 2 4 2 2 2 2 2 
acm fire 8 0 3 6 8 10 12 14 17 19 21 22 22 22 22 22 22 23 23 23 23 23 23 23 23 23 23 23 23 23 23 23 23 24 26 27 28 29 31 33 35 37 39 41 42 43 43 43 43 44 45 46 47 
acm human 8 0 18 36 49 58 65 73 81 89 96 103 109 113 117 121 124 126 126 126 126 126 126 126 126 126 126 126 126 126 126 126 126 126 126 126 126 126 126 126 126 126 126 126 126 126 126 126 126 126 126 126 126 
acm window 8 0 8 16 24 32 40 48 55 60 65 68 69 70 70 70 71 72 72 73 73 73 73 73 73 73 73 73 74 75 76 77 77 77 77 77 77 77 77 77 77 78 79 80 82 84 86 90 92 94 96 98 100 
tsim fire 8 0 3 3 3 3 3 3 4 5 5 5 5 5 5 5 5 6 6 6 6 6 6 6 6 6 6 6 6 6 6 6 6 7 8 8 8 9 10 10 10 10 10 10 10 10 10 10 10 11 11 11 11 
tsim human 8 0 18 18 18 17 16 15 15 15 14 14 13 11 10 10 9 8 8 8 8 8 8 8 8 8 8 8 8 8 8 8 8 8 8 8 8 8 8 8 8 8 8 8 8 8 8 8 8 8 8 8 8 
tsim window 8 0 8 8 8 8 8 8 8 8 8 8 8 8 8 8 9 9 9 10 10 10 10 10 10 10 10 10 11 11 11 11 11 13 13 13 13 13 13 13 13 14 14 14 15 15 15 17 17 17 17 17 17 
task_num -1 8 0 398runtime -1 8 0 2.520026445388794 4.993847370147705 1.8069159984588623 1.6441073417663574 1.6303839683532715 1.528008222579956 1.9646470546722412 3.349147319793701 1.4807088375091553 1.3127775192260742 
avg_run -1 8 0 2.223057007789612
al_time -1 8 0 0.014404296875 0.012213945388793945 0.013502120971679688 0.013393640518188477 0.016010522842407227 0.014346122741699219 0.5075356960296631 0.017281055450439453 0.015662431716918945 0.013960599899291992 
avg_all -1 8 0 0.0638310432434082
sum 0 9 0 60 58 
sum 1 9 0 180 103 
sum 2 9 0 240 119 
sum 3 9 0 360 151 
sum 4 9 0 540 185 
sum 5 9 0 600 193 
sum 6 9 0 1200 222 
sum 7 9 0 1500 222 
sum 8 9 0 1800 225 
sum 9 9 0 2100 234 
sum 10 9 0 2400 243 
sum 11 9 0 2700 257 
sum 12 9 0 3000 270 
miss fire 9 0 3 3 1 1 1 1 2 3 3 2 2 2 0 0 0 1 1 1 1 0 0 0 0 0 0 0 0 0 0 0 0 1 2 2 2 2 3 1 1 1 1 1 1 1 0 0 0 1 1 1 1 
miss human 9 0 18 18 15 14 9 9 9 7 5 5 4 6 5 4 3 0 0 0 0 0 0 0 0 0 0 0 0 0 0 0 0 0 0 0 0 0 0 0 0 0 0 0 0 0 0 0 0 0 0 0 0 
miss window 9 0 8 8 8 6 6 6 5 4 3 2 2 2 0 0 1 0 0 1 1 0 0 0 0 0 0 0 1 1 1 0 0 0 0 0 0 0 0 0 0 1 1 1 2 2 2 4 4 2 1 1 1 
acm fire 9 0 3 6 7 8 9 10 12 15 18 20 22 24 24 24 24 25 26 27 28 28 28 28 28 28 28 28 28 28 28 28 28 29 31 33 35 37 40 41 42 43 44 45 46 47 47 47 47 48 49 50 51 
acm human 9 0 18 36 51 65 74 83 92 99 104 109 113 119 124 128 131 131 131 131 131 131 131 131 131 131 131 131 131 131 131 131 131 131 131 131 131 131 131 131 131 131 131 131 131 131 131 131 131 131 131 131 131 
acm window 9 0 8 16 24 30 36 42 47 51 54 56 58 60 60 60 61 61 61 62 63 63 63 63 63 63 63 63 64 65 66 66 66 66 66 66 66 66 66 66 66 67 68 69 71 73 75 79 83 85 86 87 88 
tsim fire 9 0 3 3 3 3 3 3 4 5 5 5 5 5 5 5 5 6 6 6 6 6 6 6 6 6 6 6 6 6 6 6 6 7 8 8 8 9 10 10 10 10 10 10 10 10 10 10 10 11 11 11 11 
tsim human 9 0 18 18 18 17 16 15 15 15 14 14 13 11 10 10 9 8 8 8 8 8 8 8 8 8 8 8 8 8 8 8 8 8 8 8 8 8 8 8 8 8 8 8 8 8 8 8 8 8 8 8 8 
tsim window 9 0 8 8 8 8 8 8 8 8 8 8 8 8 8 8 9 9 9 10 10 10 10 10 10 10 10 10 11 11 11 11 11 13 13 13 13 13 13 13 13 14 14 14 15 15 15 17 17 17 17 17 17 
task_num -1 9 0 399runtime -1 9 0 0.08996105194091797 1.3302574157714844 0.944502592086792 1.1227097511291504 1.3573782444000244 1.1468920707702637 1.026073932647705 1.4677951335906982 1.2873289585113525 0.780919075012207 
avg_run -1 9 0 1.0553818225860596
al_time -1 9 0 0.014081716537475586 0.012167215347290039 0.012665748596191406 0.012005329132080078 0.013221502304077148 0.015975236892700195 0.015042304992675781 0.5379445552825928 0.01834893226623535 0.014574766159057617 
avg_all -1 9 0 0.06660273075103759
sum 0 10 0 60 58 
sum 1 10 0 180 102 
sum 2 10 0 240 119 
sum 3 10 0 360 148 
sum 4 10 0 540 179 
sum 5 10 0 600 186 
sum 6 10 0 1200 212 
sum 7 10 0 1500 212 
sum 8 10 0 1800 217 
sum 9 10 0 2100 227 
sum 10 10 0 2400 240 
sum 11 10 0 2700 256 
sum 12 10 0 3000 285 
miss fire 10 0 3 3 0 0 0 0 1 2 2 1 1 1 0 0 0 1 1 1 1 1 1 0 0 0 0 0 0 0 0 0 0 1 2 2 1 2 3 3 3 1 1 1 1 1 1 1 1 2 2 2 2 
miss human 10 0 18 18 16 14 11 9 8 7 5 5 4 6 4 2 1 2 0 0 0 0 0 0 0 0 0 0 0 0 0 0 0 0 0 0 0 0 0 0 0 0 0 0 0 0 0 0 0 0 0 0 0 
miss window 10 0 8 8 8 6 6 6 5 4 3 2 2 2 0 0 1 0 0 1 0 0 0 0 0 0 0 0 1 1 1 1 1 1 1 0 0 0 0 0 0 1 1 1 2 2 2 4 4 4 4 4 4 
acm fire 10 0 3 6 6 6 6 6 7 9 11 12 13 14 14 14 14 15 16 17 18 19 20 20 20 20 20 20 20 20 20 20 20 21 23 25 26 28 31 34 37 38 39 40 41 42 43 44 45 47 49 51 53 
acm human 10 0 18 36 52 66 77 86 94 101 106 111 115 121 125 127 128 130 130 130 130 130 130 130 130 130 130 130 130 130 130 130 130 130 130 130 130 130 130 130 130 130 130 130 130 130 130 130 130 130 130 130 130 
acm window 10 0 8 16 24 30 36 42 47 51 54 56 58 60 60 60 61 61 61 62 62 62 62 62 62 62 62 62 63 64 65 66 67 68 69 69 69 69 69 69 69 70 71 72 74 76 78 82 86 90 94 98 102 
tsim fire 10 0 3 3 3 3 3 3 4 5 5 5 5 5 5 5 5 6 6 6 6 6 6 6 6 6 6 6 6 6 6 6 6 7 8 8 8 9 10 10 10 10 10 10 10 10 10 10 10 11 11 11 11 
tsim human 10 0 18 18 18 17 16 15 15 15 14 14 13 11 10 10 9 8 8 8 8 8 8 8 8 8 8 8 8 8 8 8 8 8 8 8 8 8 8 8 8 8 8 8 8 8 8 8 8 8 8 8 8 
tsim window 10 0 8 8 8 8 8 8 8 8 8 8 8 8 8 8 9 9 9 10 10 10 10 10 10 10 10 10 11 11 11 11 11 13 13 13 13 13 13 13 13 14 14 14 15 15 15 17 17 17 17 17 17 
task_num -1 10 0 360runtime -1 10 0 0.09029650688171387 4.335890293121338 1.0358786582946777 1.579841136932373 1.0878856182098389 1.1932306289672852 1.1838362216949463 1.0686759948730469 
avg_run -1 10 0 1.4469418823719025
al_time -1 10 0 0.013989925384521484 0.013221263885498047 0.013125181198120117 0.015408754348754883 0.013714313507080078 0.013634681701660156 0.014411449432373047 0.01439213752746582 
avg_all -1 10 0 0.013987213373184204
random:1T:3000
sum 0 0 1 60 61 
sum 1 0 1 180 110 
sum 2 0 1 240 129 
sum 3 0 1 360 159 
sum 4 0 1 540 197 
sum 5 0 1 600 206 
sum 6 0 1 1200 280 
sum 7 0 1 1500 306 
sum 8 0 1 1800 332 
sum 9 0 1 2100 352 
sum 10 0 1 2400 360 
sum 11 0 1 2700 373 
sum 12 0 1 3000 386 
miss fire 0 1 2 2 1 0 0 1 1 1 1 3 3 3 4 4 5 4 3 2 2 2 1 1 1 1 1 1 1 1 1 0 0 0 0 1 1 2 0 0 0 1 1 2 3 2 2 1 1 3 3 0 0 
miss human 0 1 23 22 21 19 17 13 11 9 9 9 4 4 5 5 6 4 3 2 2 2 1 1 1 1 1 1 1 1 1 0 0 1 0 0 0 0 0 0 0 0 0 0 0 0 0 0 0 0 0 0 0 
miss window 0 1 6 6 5 3 2 2 2 2 2 2 2 2 1 1 0 0 0 0 2 2 2 2 3 3 4 4 4 4 4 4 4 3 3 3 3 3 3 3 0 0 0 0 1 1 1 0 0 0 2 2 2 
acm fire 0 1 2 4 5 5 5 6 7 8 9 12 15 18 22 26 31 35 38 40 42 44 45 46 47 48 49 50 51 52 53 53 53 53 53 54 55 57 57 57 57 58 59 61 64 66 68 69 70 73 76 76 76 
acm human 0 1 23 45 66 85 102 115 126 135 144 153 157 161 166 171 177 181 184 186 188 190 191 192 193 194 195 196 197 198 199 199 199 200 200 200 200 200 200 200 200 200 200 200 200 200 200 200 200 200 200 200 200 
acm window 0 1 6 12 17 20 22 24 26 28 30 32 34 36 37 38 38 38 38 38 40 42 44 46 49 52 56 60 64 68 72 76 80 83 86 89 92 95 98 101 101 101 101 101 102 103 104 104 104 104 106 108 110 
tsim fire 0 1 2 2 2 2 2 3 3 3 3 5 5 5 6 6 7 7 8 8 8 8 8 8 8 8 8 8 8 8 8 8 8 8 8 7 7 8 8 8 8 9 9 10 11 11 11 11 11 13 13 13 13 
tsim human 0 1 23 22 22 21 21 18 18 17 15 15 14 14 14 14 16 14 13 13 13 13 13 13 13 13 13 13 13 13 13 13 13 13 13 13 13 13 13 13 13 13 13 13 13 13 13 13 13 13 13 13 13 
tsim window 0 1 6 6 6 6 6 6 6 6 6 6 6 6 6 6 9 9 12 12 14 14 14 14 15 15 16 16 16 17 17 17 17 17 17 17 17 17 17 17 17 17 17 17 18 18 18 18 18 18 20 20 20 
task_num -1 0 1 604runtime -1 0 1 0.812185525894165 0.6594865322113037 0.7176752090454102 0.7033309936523438 0.7330365180969238 0.7359793186187744 0.6896243095397949 0.7595205307006836 0.5488238334655762 0.40781259536743164 0.12627863883972168 
avg_run -1 0 1 0.626704909584739
al_time -1 0 1 0.017409563064575195 4.436469793319702 0.02173900604248047 0.026966333389282227 0.02379465103149414 0.025190353393554688 0.043982744216918945 0.02623724937438965 0.023137807846069336 0.025782346725463867 0.022457361221313477 
avg_all -1 0 1 0.4266515645113858
sum 0 1 1 60 61 
sum 1 1 1 180 95 
sum 2 1 1 240 110 
sum 3 1 1 360 138 
sum 4 1 1 540 183 
sum 5 1 1 600 191 
sum 6 1 1 1200 260 
sum 7 1 1 1500 278 
sum 8 1 1 1800 295 
sum 9 1 1 2100 311 
sum 10 1 1 2400 324 
sum 11 1 1 2700 345 
sum 12 1 1 3000 362 
miss fire 1 1 2 2 0 0 0 1 1 1 1 3 2 2 2 2 3 3 3 3 3 2 2 2 2 2 2 2 1 1 1 1 1 1 1 2 2 3 2 2 1 2 2 3 4 4 3 3 1 3 3 2 2 
miss human 1 1 23 22 12 10 9 7 7 8 9 9 3 3 5 4 5 2 1 1 1 0 0 1 0 0 0 0 0 0 0 0 0 0 0 0 0 0 0 0 0 0 0 0 0 0 0 0 0 0 0 0 0 
miss window 1 1 6 6 6 6 6 6 6 5 5 4 3 3 3 3 5 1 1 0 2 2 2 1 1 1 2 2 2 3 3 2 2 2 2 1 1 1 1 1 1 1 0 0 1 1 1 1 0 0 2 2 2 
acm fire 1 1 2 4 4 4 4 5 6 7 8 11 13 15 17 19 22 25 28 31 34 36 38 40 42 44 46 48 49 50 51 52 53 54 55 57 59 62 64 66 67 69 71 74 78 82 85 88 89 92 95 97 99 
acm human 1 1 23 45 57 67 76 83 90 98 107 116 119 122 127 131 136 138 139 140 141 141 141 142 142 142 142 142 142 142 142 142 142 142 142 142 142 142 142 142 142 142 142 142 142 142 142 142 142 142 142 142 142 
acm window 1 1 6 12 18 24 30 36 42 47 52 56 59 62 65 68 73 74 75 75 77 79 81 82 83 84 86 88 90 93 96 98 100 102 104 105 106 107 108 109 110 111 111 111 112 113 114 115 115 115 117 119 121 
tsim fire 1 1 2 2 2 2 2 3 3 3 3 5 5 5 6 6 7 7 8 8 8 8 8 8 8 8 8 8 8 8 8 8 8 8 8 7 7 8 8 8 8 9 9 10 11 11 11 11 11 13 13 13 13 
tsim human 1 1 23 22 22 21 21 18 18 17 15 15 14 14 14 14 16 14 13 13 13 13 13 13 13 13 13 13 13 13 13 13 13 13 13 13 13 13 13 13 13 13 13 13 13 13 13 13 13 13 13 13 13 
tsim window 1 1 6 6 6 6 6 6 6 6 6 6 6 6 6 6 9 9 12 12 14 14 14 14 15 15 16 16 16 17 17 17 17 17 17 17 17 17 17 17 17 17 17 17 18 18 18 18 18 18 20 20 20 
task_num -1 1 1 599runtime -1 1 1 0.17942142486572266 0.7334561347961426 1.896244764328003 2.1355605125427246 1.7536122798919678 2.642045259475708 2.151578426361084 1.5876500606536865 1.0999624729156494 0.5782790184020996 
avg_run -1 1 1 1.4757810354232788
al_time -1 1 1 0.020513534545898438 0.020530223846435547 0.01908254623413086 0.9952788352966309 0.023685455322265625 1.224256992340088 0.023809432983398438 0.04657578468322754 0.02299022674560547 0.047998666763305664 
avg_all -1 1 1 0.24447216987609863
sum 0 2 1 60 61 
sum 1 2 1 180 96 
sum 2 2 1 240 112 
sum 3 2 1 360 144 
sum 4 2 1 540 194 
sum 5 2 1 600 206 
sum 6 2 1 1200 298 
sum 7 2 1 1500 326 
sum 8 2 1 1800 349 
sum 9 2 1 2100 356 
sum 10 2 1 2400 363 
sum 11 2 1 2700 384 
sum 12 2 1 3000 412 
miss fire 2 1 2 2 0 0 0 1 1 1 1 3 3 3 4 3 3 2 3 3 3 3 3 1 1 0 0 0 0 0 0 0 0 0 0 1 1 1 1 1 1 2 2 3 4 4 3 3 3 5 5 3 3 
miss human 2 1 23 22 12 11 10 9 9 9 10 8 3 3 4 4 6 4 2 2 2 2 2 2 2 2 2 2 2 2 2 2 2 2 2 0 0 0 0 0 0 0 0 0 0 0 0 0 0 0 0 0 0 
miss window 2 1 6 6 6 6 6 6 6 6 6 6 6 6 5 3 4 3 2 2 2 2 2 2 3 3 4 4 4 5 4 0 0 0 0 0 0 0 0 0 0 0 0 0 1 1 1 1 1 1 3 2 2 
acm fire 2 1 2 4 4 4 4 5 6 7 8 11 14 17 21 24 27 29 32 35 38 41 44 45 46 46 46 46 46 46 46 46 46 46 46 47 48 49 50 51 52 54 56 59 63 67 70 73 76 81 86 89 92 
acm human 2 1 23 45 57 68 78 87 96 105 115 123 126 129 133 137 143 147 149 151 153 155 157 159 161 163 165 167 169 171 173 175 177 179 181 181 181 181 181 181 181 181 181 181 181 181 181 181 181 181 181 181 181 
acm window 2 1 6 12 18 24 30 36 42 48 54 60 66 72 77 80 84 87 89 91 93 95 97 99 102 105 109 113 117 122 126 126 126 126 126 126 126 126 126 126 126 126 126 126 127 128 129 130 131 132 135 137 139 
tsim fire 2 1 2 2 2 2 2 3 3 3 3 5 5 5 6 6 7 7 8 8 8 8 8 8 8 8 8 8 8 8 8 8 8 8 8 7 7 8 8 8 8 9 9 10 11 11 11 11 11 13 13 13 13 
tsim human 2 1 23 22 22 21 21 18 18 17 15 15 14 14 14 14 16 14 13 13 13 13 13 13 13 13 13 13 13 13 13 13 13 13 13 13 13 13 13 13 13 13 13 13 13 13 13 13 13 13 13 13 13 
tsim window 2 1 6 6 6 6 6 6 6 6 6 6 6 6 6 6 9 9 12 12 14 14 14 14 15 15 16 16 16 17 17 17 17 17 17 17 17 17 17 17 17 17 17 17 18 18 18 18 18 18 20 20 20 
task_num -1 2 1 596runtime -1 2 1 4.6569507122039795 6.6536970138549805 2.7121832370758057 4.349210023880005 3.998124361038208 3.4731698036193848 2.932710647583008 2.097900867462158 0.18667316436767578 
avg_run -1 2 1 3.4511799812316895
al_time -1 2 1 0.044153451919555664 0.01984238624572754 2.1319172382354736 0.021793603897094727 0.023319482803344727 0.022397756576538086 0.025023937225341797 0.024577617645263672 0.01823568344116211 
avg_all -1 2 1 0.2590290175543891
sum 0 3 1 60 61 
sum 1 3 1 180 95 
sum 2 3 1 240 110 
sum 3 3 1 360 142 
sum 4 3 1 540 190 
sum 5 3 1 600 202 
sum 6 3 1 1200 331 
sum 7 3 1 1500 383 
sum 8 3 1 1800 428 
sum 9 3 1 2100 471 
sum 10 3 1 2400 508 
sum 11 3 1 2700 557 
sum 12 3 1 3000 617 
miss fire 3 1 2 2 1 1 1 2 2 2 2 3 3 2 3 3 3 3 3 3 0 0 0 0 0 0 0 0 0 1 1 1 1 1 1 0 0 1 0 0 0 1 1 2 2 2 2 2 2 4 4 2 2 
miss human 3 1 23 22 11 9 8 8 8 9 10 5 4 6 5 5 7 4 3 3 0 0 1 1 1 0 0 0 0 0 0 0 0 0 0 0 0 0 0 0 0 0 0 0 0 0 0 0 0 0 0 0 0 
miss window 3 1 6 6 6 6 6 6 6 6 6 5 5 5 5 5 8 8 9 8 9 9 9 9 10 10 11 10 9 8 8 8 8 8 8 8 8 8 7 7 7 7 7 7 8 8 8 8 8 8 10 10 10 
acm fire 3 1 2 4 5 6 7 9 11 13 15 18 21 23 26 29 32 35 38 41 41 41 41 41 41 41 41 41 41 42 43 44 45 46 47 47 47 48 48 48 48 49 50 52 54 56 58 60 62 66 70 72 74 
acm human 3 1 23 45 56 65 73 81 89 98 108 113 117 123 128 133 140 144 147 150 150 150 151 152 153 153 153 153 153 153 153 153 153 153 153 153 153 153 153 153 153 153 153 153 153 153 153 153 153 153 153 153 153 
acm window 3 1 6 12 18 24 30 36 42 48 54 59 64 69 74 79 87 95 104 112 121 130 139 148 158 168 179 189 198 206 214 222 230 238 246 254 262 270 277 284 291 298 305 312 320 328 336 344 352 360 370 380 390 
tsim fire 3 1 2 2 2 2 2 3 3 3 3 5 5 5 6 6 7 7 8 8 8 8 8 8 8 8 8 8 8 8 8 8 8 8 8 7 7 8 8 8 8 9 9 10 11 11 11 11 11 13 13 13 13 
tsim human 3 1 23 22 22 21 21 18 18 17 15 15 14 14 14 14 16 14 13 13 13 13 13 13 13 13 13 13 13 13 13 13 13 13 13 13 13 13 13 13 13 13 13 13 13 13 13 13 13 13 13 13 13 
tsim window 3 1 6 6 6 6 6 6 6 6 6 6 6 6 6 6 9 9 12 12 14 14 14 14 15 15 16 16 16 17 17 17 17 17 17 17 17 17 17 17 17 17 17 17 18 18 18 18 18 18 20 20 20 
task_num -1 3 1 452runtime -1 3 1 0.03225541114807129 0.03238701820373535 0.03295493125915527 0.055104970932006836 0.03295111656188965 0.032976627349853516 
avg_run -1 3 1 0.03643834590911865
al_time -1 3 1 0.02128458023071289 0.021337032318115234 0.020858287811279297 0.021242380142211914 0.021291732788085938 0.018407106399536133 
avg_all -1 3 1 0.020736853281656902
sum 0 4 1 60 61 
sum 1 4 1 180 99 
sum 2 4 1 240 117 
sum 3 4 1 360 151 
sum 4 4 1 540 199 
sum 5 4 1 600 208 
sum 6 4 1 1200 279 
sum 7 4 1 1500 295 
sum 8 4 1 1800 300 
sum 9 4 1 2100 309 
sum 10 4 1 2400 318 
sum 11 4 1 2700 336 
sum 12 4 1 3000 370 
miss fire 4 1 2 2 1 1 1 2 2 2 2 4 2 2 2 2 3 3 3 3 2 1 1 0 0 0 0 0 0 0 0 0 0 0 0 1 1 2 2 2 1 2 2 2 3 3 3 3 3 5 5 5 5 
miss human 4 1 23 22 12 12 11 9 9 10 8 8 3 3 5 4 6 3 1 1 1 1 1 0 0 0 0 0 0 0 0 0 0 0 0 0 0 0 0 0 0 0 0 0 0 0 0 0 0 0 0 0 0 
miss window 4 1 6 6 6 6 6 6 6 5 5 4 4 4 3 3 5 1 1 0 2 2 2 2 3 3 4 4 1 1 1 1 1 1 1 1 1 1 0 0 0 0 0 0 1 1 1 1 1 1 3 3 3 
acm fire 4 1 2 4 5 6 7 9 11 13 15 19 21 23 25 27 30 33 36 39 41 42 43 43 43 43 43 43 43 43 43 43 43 43 43 44 45 47 49 51 52 54 56 58 61 64 67 70 73 78 83 88 93 
acm human 4 1 23 45 57 69 80 89 98 108 116 124 127 130 135 139 145 148 149 150 151 152 153 153 153 153 153 153 153 153 153 153 153 153 153 153 153 153 153 153 153 153 153 153 153 153 153 153 153 153 153 153 153 
acm window 4 1 6 12 18 24 30 36 42 47 52 56 60 64 67 70 75 76 77 77 79 81 83 85 88 91 95 99 100 101 102 103 104 105 106 107 108 109 109 109 109 109 109 109 110 111 112 113 114 115 118 121 124 
tsim fire 4 1 2 2 2 2 2 3 3 3 3 5 5 5 6 6 7 7 8 8 8 8 8 8 8 8 8 8 8 8 8 8 8 8 8 7 7 8 8 8 8 9 9 10 11 11 11 11 11 13 13 13 13 
tsim human 4 1 23 22 22 21 21 18 18 17 15 15 14 14 14 14 16 14 13 13 13 13 13 13 13 13 13 13 13 13 13 13 13 13 13 13 13 13 13 13 13 13 13 13 13 13 13 13 13 13 13 13 13 
tsim window 4 1 6 6 6 6 6 6 6 6 6 6 6 6 6 6 9 9 12 12 14 14 14 14 15 15 16 16 16 17 17 17 17 17 17 17 17 17 17 17 17 17 17 17 18 18 18 18 18 18 20 20 20 
task_num -1 4 1 593runtime -1 4 1 0.17911148071289062 0.7327728271484375 1.611412763595581 1.5928831100463867 2.1347591876983643 3.159301996231079 3.5701072216033936 2.2326481342315674 
avg_run -1 4 1 1.9016245901584625
al_time -1 4 1 0.020341157913208008 2.936525583267212 1.2053205966949463 0.021505355834960938 0.023777484893798828 0.022721052169799805 0.02348637580871582 0.019637584686279297 
avg_all -1 4 1 0.5341643989086151
sum 0 5 1 60 61 
sum 1 5 1 180 96 
sum 2 5 1 240 111 
sum 3 5 1 360 140 
sum 4 5 1 540 188 
sum 5 5 1 600 199 
sum 6 5 1 1200 309 
sum 7 5 1 1500 329 
sum 8 5 1 1800 353 
sum 9 5 1 2100 368 
sum 10 5 1 2400 376 
sum 11 5 1 2700 394 
sum 12 5 1 3000 424 
miss fire 5 1 2 2 0 0 0 1 1 1 1 3 2 2 3 3 4 4 4 1 1 1 1 1 0 0 0 0 0 0 0 0 0 0 0 1 1 2 2 2 1 2 1 2 3 3 3 3 3 5 5 4 4 
miss human 5 1 23 22 12 11 9 8 7 7 9 9 5 5 7 7 9 7 6 5 5 3 1 1 1 0 0 0 0 0 0 0 0 0 0 0 0 0 0 0 0 0 0 0 0 0 0 0 0 0 0 0 0 
miss window 5 1 6 6 6 6 6 6 6 6 6 6 4 4 4 3 2 2 3 2 4 4 3 3 3 3 4 4 4 5 5 5 5 5 4 2 0 0 0 0 0 0 0 0 1 1 1 1 1 1 3 2 2 
acm fire 5 1 2 4 4 4 4 5 6 7 8 11 13 15 18 21 25 29 33 34 35 36 37 38 38 38 38 38 38 38 38 38 38 38 38 39 40 42 44 46 47 49 50 52 55 58 61 64 67 72 77 81 85 
acm human 5 1 23 45 57 68 77 85 92 99 108 117 122 127 134 141 150 157 163 168 173 176 177 178 179 179 179 179 179 179 179 179 179 179 179 179 179 179 179 179 179 179 179 179 179 179 179 179 179 179 179 179 179 
acm window 5 1 6 12 18 24 30 36 42 48 54 60 64 68 72 75 77 79 82 84 88 92 95 98 101 104 108 112 116 121 126 131 136 141 145 147 147 147 147 147 147 147 147 147 148 149 150 151 152 153 156 158 160 
tsim fire 5 1 2 2 2 2 2 3 3 3 3 5 5 5 6 6 7 7 8 8 8 8 8 8 8 8 8 8 8 8 8 8 8 8 8 7 7 8 8 8 8 9 9 10 11 11 11 11 11 13 13 13 13 
tsim human 5 1 23 22 22 21 21 18 18 17 15 15 14 14 14 14 16 14 13 13 13 13 13 13 13 13 13 13 13 13 13 13 13 13 13 13 13 13 13 13 13 13 13 13 13 13 13 13 13 13 13 13 13 
tsim window 5 1 6 6 6 6 6 6 6 6 6 6 6 6 6 6 9 9 12 12 14 14 14 14 15 15 16 16 16 17 17 17 17 17 17 17 17 17 17 17 17 17 17 17 18 18 18 18 18 18 20 20 20 
task_num -1 5 1 595runtime -1 5 1 4.233465194702148 6.635624647140503 2.776481866836548 3.7792739868164062 3.915646553039551 3.0457088947296143 3.3553855419158936 2.7679197788238525 0.423142671585083 
avg_run -1 5 1 3.436961015065511
al_time -1 5 1 0.0204927921295166 0.018334388732910156 4.5229246616363525 0.022353649139404297 0.022285938262939453 0.022411346435546875 0.02269291877746582 0.025394439697265625 0.0423276424407959 
avg_all -1 5 1 0.5243575308057997
sum 0 6 1 60 61 
sum 1 6 1 180 110 
sum 2 6 1 240 129 
sum 3 6 1 360 159 
sum 4 6 1 540 197 
sum 5 6 1 600 207 
sum 6 6 1 1200 301 
sum 7 6 1 1500 341 
sum 8 6 1 1800 373 
sum 9 6 1 2100 388 
sum 10 6 1 2400 403 
sum 11 6 1 2700 416 
sum 12 6 1 3000 431 
miss fire 6 1 2 2 1 0 0 1 1 1 1 3 3 3 4 4 5 5 5 5 5 5 4 4 3 3 3 3 3 3 0 0 0 0 0 1 1 2 2 2 2 3 3 3 4 1 1 1 1 2 2 2 2 
miss human 6 1 23 22 21 19 17 13 11 9 9 9 5 5 5 5 6 4 3 3 3 3 2 2 2 2 2 2 2 2 1 1 1 2 2 2 0 0 1 1 1 0 0 0 0 0 0 0 0 0 0 0 0 
miss window 6 1 6 6 5 3 2 2 2 2 2 2 2 2 1 1 0 0 0 0 2 2 2 2 3 3 3 3 3 4 4 4 4 1 1 1 1 1 0 0 0 0 0 0 1 1 1 0 0 0 2 2 2 
acm fire 6 1 2 4 5 5 5 6 7 8 9 12 15 18 22 26 31 36 41 46 51 56 60 64 67 70 73 76 79 82 82 82 82 82 82 83 84 86 88 90 92 95 98 101 105 106 107 108 109 111 113 115 117 
acm human 6 1 23 45 66 85 102 115 126 135 144 153 158 163 168 173 179 183 186 189 192 195 197 199 201 203 205 207 209 211 212 213 214 216 218 220 220 220 221 222 223 223 223 223 223 223 223 223 223 223 223 223 223 
acm window 6 1 6 12 17 20 22 24 26 28 30 32 34 36 37 38 38 38 38 38 40 42 44 46 49 52 55 58 61 65 69 73 77 78 79 80 81 82 82 82 82 82 82 82 83 84 85 85 85 85 87 89 91 
tsim fire 6 1 2 2 2 2 2 3 3 3 3 5 5 5 6 6 7 7 8 8 8 8 8 8 8 8 8 8 8 8 8 8 8 8 8 7 7 8 8 8 8 9 9 10 11 11 11 11 11 13 13 13 13 
tsim human 6 1 23 22 22 21 21 18 18 17 15 15 14 14 14 14 16 14 13 13 13 13 13 13 13 13 13 13 13 13 13 13 13 13 13 13 13 13 13 13 13 13 13 13 13 13 13 13 13 13 13 13 13 
tsim window 6 1 6 6 6 6 6 6 6 6 6 6 6 6 6 6 9 9 12 12 14 14 14 14 15 15 16 16 16 17 17 17 17 17 17 17 17 17 17 17 17 17 17 17 18 18 18 18 18 18 20 20 20 
task_num -1 6 1 601runtime -1 6 1 4.9681477546691895 4.497492551803589 2.312626361846924 3.0820281505584717 2.7643890380859375 3.373518466949463 3.7661361694335938 2.9379892349243164 2.4773576259613037 2.1778948307037354 0.9962379932403564 0.5858078002929688 
avg_run -1 6 1 2.8283021648724875
al_time -1 6 1 0.01731729507446289 0.01985788345336914 0.9862194061279297 0.019422531127929688 1.3109714984893799 0.024236679077148438 0.023826122283935547 0.04674386978149414 0.02339649200439453 0.022804737091064453 0.022921085357666016 0.016813278198242188 
avg_all -1 6 1 0.21121090650558472
sum 0 7 1 60 61 
sum 1 7 1 180 110 
sum 2 7 1 240 129 
sum 3 7 1 360 159 
sum 4 7 1 540 197 
sum 5 7 1 600 207 
sum 6 7 1 1200 292 
sum 7 7 1 1500 319 
sum 8 7 1 1800 345 
sum 9 7 1 2100 358 
sum 10 7 1 2400 364 
sum 11 7 1 2700 376 
sum 12 7 1 3000 400 
miss fire 7 1 2 2 1 0 0 1 1 1 1 3 3 3 4 4 5 5 5 5 2 2 1 1 1 1 1 1 1 1 1 1 0 0 0 1 1 1 1 1 1 2 1 2 2 2 2 2 2 4 4 4 4 
miss human 7 1 23 22 21 19 17 13 11 9 9 9 5 5 5 5 6 4 3 3 3 3 2 2 3 3 3 3 2 2 2 2 0 0 2 2 2 0 0 0 0 0 0 0 0 0 0 0 0 0 0 0 0 
miss window 7 1 6 6 5 3 2 2 2 2 2 2 2 2 1 1 0 0 0 0 2 2 2 2 1 1 2 2 2 3 3 3 3 3 1 0 0 0 0 0 0 0 0 0 1 1 0 0 0 0 2 2 2 
acm fire 7 1 2 4 5 5 5 6 7 8 9 12 15 18 22 26 31 36 41 46 48 50 51 52 53 54 55 56 57 58 59 60 60 60 60 61 62 63 64 65 66 68 69 71 73 75 77 79 81 85 89 93 97 
acm human 7 1 23 45 66 85 102 115 126 135 144 153 158 163 168 173 179 183 186 189 192 195 197 199 202 205 208 211 213 215 217 219 219 219 221 223 225 225 225 225 225 225 225 225 225 225 225 225 225 225 225 225 225 
acm window 7 1 6 12 17 20 22 24 26 28 30 32 34 36 37 38 38 38 38 38 40 42 44 46 47 48 50 52 54 57 60 63 66 69 70 70 70 70 70 70 70 70 70 70 71 72 72 72 72 72 74 76 78 
tsim fire 7 1 2 2 2 2 2 3 3 3 3 5 5 5 6 6 7 7 8 8 8 8 8 8 8 8 8 8 8 8 8 8 8 8 8 7 7 8 8 8 8 9 9 10 11 11 11 11 11 13 13 13 13 
tsim human 7 1 23 22 22 21 21 18 18 17 15 15 14 14 14 14 16 14 13 13 13 13 13 13 13 13 13 13 13 13 13 13 13 13 13 13 13 13 13 13 13 13 13 13 13 13 13 13 13 13 13 13 13 
tsim window 7 1 6 6 6 6 6 6 6 6 6 6 6 6 6 6 9 9 12 12 14 14 14 14 15 15 16 16 16 17 17 17 17 17 17 17 17 17 17 17 17 17 17 17 18 18 18 18 18 18 20 20 20 
task_num -1 7 1 595runtime -1 7 1 6.98221755027771 5.062589883804321 5.228493928909302 4.790324926376343 3.4170658588409424 4.052409648895264 2.5918822288513184 4.105186939239502 3.8393211364746094 3.2077157497406006 
avg_run -1 7 1 4.327720785140992
al_time -1 7 1 0.017282485961914062 4.399057865142822 0.021719932556152344 0.023981809616088867 0.022049903869628906 0.024202823638916016 0.022067785263061523 0.022356510162353516 0.02247309684753418 0.02216339111328125 
avg_all -1 7 1 0.4597355604171753
sum 0 8 1 60 61 
sum 1 8 1 180 108 
sum 2 8 1 240 130 
sum 3 8 1 360 170 
sum 4 8 1 540 229 
sum 5 8 1 600 245 
sum 6 8 1 1200 346 
sum 7 8 1 1500 366 
sum 8 8 1 1800 382 
sum 9 8 1 2100 385 
sum 10 8 1 2400 392 
sum 11 8 1 2700 408 
sum 12 8 1 3000 428 
miss fire 8 1 2 2 1 1 1 2 2 2 2 4 4 4 5 4 3 2 3 3 3 3 3 1 1 0 0 0 0 0 0 0 0 0 0 0 0 1 1 1 1 2 2 3 4 2 2 2 2 4 4 2 2 
miss human 8 1 23 22 17 16 15 12 12 11 12 10 6 6 7 5 7 5 2 2 1 1 1 1 1 0 0 0 0 0 1 1 1 1 1 0 0 0 0 0 0 0 0 0 0 0 0 0 0 0 0 0 0 
miss window 8 1 6 6 6 6 6 6 6 6 6 6 6 6 5 3 4 3 2 2 2 2 2 2 3 3 4 4 4 5 4 0 0 0 0 0 0 0 0 0 0 0 0 0 1 1 1 0 0 0 2 2 2 
acm fire 8 1 2 4 5 6 7 9 11 13 15 19 23 27 32 36 39 41 44 47 50 53 56 57 58 58 58 58 58 58 58 58 58 58 58 58 58 59 60 61 62 64 66 69 73 75 77 79 81 85 89 91 93 
acm human 8 1 23 45 62 78 93 105 117 128 140 150 156 162 169 174 181 186 188 190 191 192 193 194 195 195 195 195 195 195 196 197 198 199 200 200 200 200 200 200 200 200 200 200 200 200 200 200 200 200 200 200 200 
acm window 8 1 6 12 18 24 30 36 42 48 54 60 66 72 77 80 84 87 89 91 93 95 97 99 102 105 109 113 117 122 126 126 126 126 126 126 126 126 126 126 126 126 126 126 127 128 129 129 129 129 131 133 135 
tsim fire 8 1 2 2 2 2 2 3 3 3 3 5 5 5 6 6 7 7 8 8 8 8 8 8 8 8 8 8 8 8 8 8 8 8 8 7 7 8 8 8 8 9 9 10 11 11 11 11 11 13 13 13 13 
tsim human 8 1 23 22 22 21 21 18 18 17 15 15 14 14 14 14 16 14 13 13 13 13 13 13 13 13 13 13 13 13 13 13 13 13 13 13 13 13 13 13 13 13 13 13 13 13 13 13 13 13 13 13 13 
tsim window 8 1 6 6 6 6 6 6 6 6 6 6 6 6 6 6 9 9 12 12 14 14 14 14 15 15 16 16 16 17 17 17 17 17 17 17 17 17 17 17 17 17 17 17 18 18 18 18 18 18 20 20 20 
task_num -1 8 1 599runtime -1 8 1 5.662812948226929 6.8467116355896 3.058715343475342 4.9458088874816895 4.526245832443237 3.602041006088257 3.005629539489746 2.250620126724243 0.384185791015625 
avg_run -1 8 1 3.8091967900594077
al_time -1 8 1 0.02141714096069336 0.020061254501342773 2.1347415447235107 0.021891355514526367 0.025733232498168945 0.023108959197998047 0.023691415786743164 0.02464771270751953 0.02211284637451172 
avg_all -1 8 1 0.25748949580722386
sum 0 9 1 60 61 
sum 1 9 1 180 99 
sum 2 9 1 240 116 
sum 3 9 1 360 144 
sum 4 9 1 540 190 
sum 5 9 1 600 200 
sum 6 9 1 1200 276 
sum 7 9 1 1500 286 
sum 8 9 1 1800 295 
sum 9 9 1 2100 305 
sum 10 9 1 2400 317 
sum 11 9 1 2700 327 
sum 12 9 1 3000 349 
miss fire 9 1 2 2 0 0 0 1 1 1 1 3 2 2 2 2 3 3 3 3 2 1 1 0 0 0 0 0 0 0 0 0 0 0 0 1 1 2 2 2 1 2 0 1 1 1 1 1 1 3 3 2 2 
miss human 9 1 23 22 15 11 11 7 7 8 10 9 5 5 6 5 6 3 2 2 1 1 1 0 0 0 0 0 0 0 0 0 0 0 0 0 0 0 0 0 0 0 0 0 0 0 0 0 0 0 0 0 0 
miss window 9 1 6 6 6 6 6 6 6 5 5 4 3 3 3 3 5 1 1 0 2 2 2 2 3 1 2 2 1 2 2 2 2 2 1 1 1 1 1 1 1 1 1 1 1 1 1 1 1 1 3 3 3 
acm fire 9 1 2 4 4 4 4 5 6 7 8 11 13 15 17 19 22 25 28 31 33 34 35 35 35 35 35 35 35 35 35 35 35 35 35 36 37 39 41 43 44 46 46 47 48 49 50 51 52 55 58 60 62 
acm human 9 1 23 45 60 71 82 89 96 104 114 123 128 133 139 144 150 153 155 157 158 159 160 160 160 160 160 160 160 160 160 160 160 160 160 160 160 160 160 160 160 160 160 160 160 160 160 160 160 160 160 160 160 
acm window 9 1 6 12 18 24 30 36 42 47 52 56 59 62 65 68 73 74 75 75 77 79 81 83 86 87 89 91 92 94 96 98 100 102 103 104 105 106 107 108 109 110 111 112 113 114 115 116 117 118 121 124 127 
tsim fire 9 1 2 2 2 2 2 3 3 3 3 5 5 5 6 6 7 7 8 8 8 8 8 8 8 8 8 8 8 8 8 8 8 8 8 7 7 8 8 8 8 9 9 10 11 11 11 11 11 13 13 13 13 
tsim human 9 1 23 22 22 21 21 18 18 17 15 15 14 14 14 14 16 14 13 13 13 13 13 13 13 13 13 13 13 13 13 13 13 13 13 13 13 13 13 13 13 13 13 13 13 13 13 13 13 13 13 13 13 
tsim window 9 1 6 6 6 6 6 6 6 6 6 6 6 6 6 6 9 9 12 12 14 14 14 14 15 15 16 16 16 17 17 17 17 17 17 17 17 17 17 17 17 17 17 17 18 18 18 18 18 18 20 20 20 
task_num -1 9 1 599runtime -1 9 1 0.18343758583068848 0.9563663005828857 1.6013877391815186 1.9398338794708252 2.5910725593566895 3.596810817718506 3.1954164505004883 3.5183610916137695 2.2762539386749268 
avg_run -1 9 1 2.2065489292144775
al_time -1 9 1 0.04295778274536133 4.4475929737091064 0.022131919860839844 0.02091526985168457 0.023653745651245117 0.023151874542236328 0.046172380447387695 0.02343463897705078 0.024713754653930664 
avg_all -1 9 1 0.5194138156043159
sum 0 10 1 60 61 
sum 1 10 1 180 98 
sum 2 10 1 240 116 
sum 3 10 1 360 148 
sum 4 10 1 540 196 
sum 5 10 1 600 205 
sum 6 10 1 1200 282 
sum 7 10 1 1500 298 
sum 8 10 1 1800 317 
sum 9 10 1 2100 327 
sum 10 10 1 2400 329 
sum 11 10 1 2700 346 
sum 12 10 1 3000 367 
miss fire 10 1 2 2 0 0 0 1 1 1 1 3 1 1 2 2 3 3 3 3 3 3 3 2 2 2 2 2 2 2 1 1 0 0 0 1 1 2 0 0 0 1 1 2 3 3 3 2 2 3 3 2 2 
miss human 10 1 23 22 13 12 12 9 9 10 10 9 4 4 5 5 6 3 1 1 1 1 1 0 0 0 0 0 0 0 0 0 0 0 0 0 0 0 0 0 0 0 0 0 0 0 0 0 0 0 0 0 0 
miss window 10 1 6 6 6 6 6 6 6 5 5 4 4 4 3 3 5 1 1 0 2 2 2 0 1 1 2 2 2 3 3 3 2 2 1 1 1 1 0 0 0 0 0 0 1 1 1 1 1 1 3 2 2 
acm fire 10 1 2 4 4 4 4 5 6 7 8 11 12 13 15 17 20 23 26 29 32 35 38 40 42 44 46 48 50 52 53 54 54 54 54 55 56 58 58 58 58 59 60 62 65 68 71 73 75 78 81 83 85 
acm human 10 1 23 45 58 70 82 91 100 110 120 129 133 137 142 147 153 156 157 158 159 160 161 161 161 161 161 161 161 161 161 161 161 161 161 161 161 161 161 161 161 161 161 161 161 161 161 161 161 161 161 161 161 
acm window 10 1 6 12 18 24 30 36 42 47 52 56 60 64 67 70 75 76 77 77 79 81 83 83 84 85 87 89 91 94 97 100 102 104 105 106 107 108 108 108 108 108 108 108 109 110 111 112 113 114 117 119 121 
tsim fire 10 1 2 2 2 2 2 3 3 3 3 5 5 5 6 6 7 7 8 8 8 8 8 8 8 8 8 8 8 8 8 8 8 8 8 7 7 8 8 8 8 9 9 10 11 11 11 11 11 13 13 13 13 
tsim human 10 1 23 22 22 21 21 18 18 17 15 15 14 14 14 14 16 14 13 13 13 13 13 13 13 13 13 13 13 13 13 13 13 13 13 13 13 13 13 13 13 13 13 13 13 13 13 13 13 13 13 13 13 
tsim window 10 1 6 6 6 6 6 6 6 6 6 6 6 6 6 6 9 9 12 12 14 14 14 14 15 15 16 16 16 17 17 17 17 17 17 17 17 17 17 17 17 17 17 17 18 18 18 18 18 18 20 20 20 
task_num -1 10 1 597runtime -1 10 1 0.1834125518798828 2.915353775024414 1.708390712738037 2.4230220317840576 2.72031831741333 2.909003496170044 3.0369620323181152 3.6740410327911377 3.3201096057891846 2.120781183242798 1.0465834140777588 0.17441892623901367 
avg_run -1 10 1 2.186033089955648
al_time -1 10 1 0.020296573638916016 0.020375967025756836 0.9725341796875 0.04247021675109863 0.04517769813537598 1.2037794589996338 0.02365875244140625 0.02262282371520996 0.024416685104370117 0.022455453872680664 0.022999286651611328 0.01681232452392578 
avg_all -1 10 1 0.20313328504562378
random:2T:3000
sum 0 0 2 60 42 
sum 1 0 2 180 74 
sum 2 0 2 240 86 
sum 3 0 2 360 100 
sum 4 0 2 540 120 
sum 5 0 2 600 127 
sum 6 0 2 1200 139 
sum 7 0 2 1500 141 
sum 8 0 2 1800 142 
sum 9 0 2 2100 144 
sum 10 0 2 2400 147 
sum 11 0 2 2700 159 
sum 12 0 2 3000 165 
miss fire 0 2 3 3 3 2 2 1 2 2 2 3 3 0 0 0 0 0 0 0 0 0 0 0 0 0 0 0 0 0 0 0 1 1 1 0 0 0 0 0 1 0 1 1 3 2 3 3 3 1 1 0 0 
miss human 0 2 13 11 10 7 7 5 4 3 3 5 3 2 1 1 0 0 0 0 0 0 0 0 0 0 0 0 0 0 0 0 0 0 0 0 0 0 0 0 0 0 0 0 0 0 0 0 0 0 0 0 0 
miss window 0 2 6 6 6 4 3 1 1 0 1 1 1 0 0 0 0 0 0 2 2 2 2 2 0 0 0 0 0 0 0 0 0 0 0 0 0 0 0 0 1 0 0 0 0 0 0 0 1 0 0 0 0 
acm fire 0 2 3 6 9 11 13 14 16 18 20 23 26 26 26 26 26 26 26 26 26 26 26 26 26 26 26 26 26 26 26 26 27 28 29 29 29 29 29 29 30 30 31 32 35 37 40 43 46 47 48 48 48 
acm human 0 2 13 24 34 41 48 53 57 60 63 68 71 73 74 75 75 75 75 75 75 75 75 75 75 75 75 75 75 75 75 75 75 75 75 75 75 75 75 75 75 75 75 75 75 75 75 75 75 75 75 75 75 
acm window 0 2 6 12 18 22 25 26 27 27 28 29 30 30 30 30 30 30 30 32 34 36 38 40 40 40 40 40 40 40 40 40 40 40 40 40 40 40 40 40 41 41 41 41 41 41 41 41 42 42 42 42 42 
tsim fire 0 2 3 3 3 4 4 4 5 5 5 6 6 6 6 6 6 6 6 6 6 6 6 6 6 6 6 6 6 6 6 6 7 7 7 6 6 6 6 6 7 7 8 8 10 10 11 12 12 12 12 12 12 
tsim human 0 2 13 11 11 10 10 9 9 9 9 11 9 8 7 7 6 6 6 6 6 6 6 6 6 6 6 6 6 6 6 6 6 6 6 6 6 6 6 6 6 6 6 6 6 6 6 6 6 6 6 6 6 
tsim window 0 2 6 6 6 6 6 6 6 6 7 9 9 9 9 9 9 9 9 11 11 11 11 11 11 11 11 11 11 11 11 11 11 11 11 11 11 11 11 11 12 12 12 12 12 12 12 19 20 20 20 20 20 
task_num -1 0 2 440runtime -1 0 2 0.36949944496154785 0.3221867084503174 0.3825254440307617 0.3839418888092041 0.3933582305908203 0.40048885345458984 0.42864489555358887 0.4236180782318115 0.3176431655883789 0.24858641624450684 0.16456961631774902 0.0809640884399414 
avg_run -1 0 2 0.32633556922276813
al_time -1 0 2 0.012115716934204102 0.48952674865722656 0.014114618301391602 0.018155574798583984 0.01806807518005371 0.01739192008972168 0.014437198638916016 0.016050100326538086 0.014578104019165039 0.015106916427612305 0.9475448131561279 0.03409862518310547 
avg_all -1 0 2 0.13426570097605386
sum 0 1 2 60 42 
sum 1 1 2 180 68 
sum 2 1 2 240 81 
sum 3 1 2 360 98 
sum 4 1 2 540 128 
sum 5 1 2 600 135 
sum 6 1 2 1200 156 
sum 7 1 2 1500 156 
sum 8 1 2 1800 157 
sum 9 1 2 2100 163 
sum 10 1 2 2400 170 
sum 11 1 2 2700 192 
sum 12 1 2 3000 206 
miss fire 1 2 3 3 0 1 1 0 1 1 1 1 1 1 1 1 0 0 0 0 0 0 0 0 0 0 0 0 0 0 0 0 1 1 1 2 2 0 0 0 1 1 2 2 4 4 3 4 3 3 2 2 2 
miss human 1 2 13 11 7 6 6 5 5 5 5 7 4 3 2 2 0 0 1 0 0 0 0 0 0 0 0 0 0 0 0 0 0 0 0 0 0 0 0 0 0 0 0 0 0 0 0 0 0 0 0 0 0 
miss window 1 2 6 6 6 6 6 3 3 3 4 3 2 2 1 1 1 1 0 2 2 0 0 0 0 0 0 0 0 0 0 0 0 0 0 0 0 0 0 0 1 1 1 1 1 1 1 1 1 1 0 0 0 
acm fire 1 2 3 6 6 7 8 8 9 10 11 12 13 14 15 16 16 16 16 16 16 16 16 16 16 16 16 16 16 16 16 16 17 18 19 21 23 23 23 23 24 25 27 29 33 37 40 44 47 50 52 54 56 
acm human 1 2 13 24 31 37 43 48 53 58 63 70 74 77 79 81 81 81 82 82 82 82 82 82 82 82 82 82 82 82 82 82 82 82 82 82 82 82 82 82 82 82 82 82 82 82 82 82 82 82 82 82 82 
acm window 1 2 6 12 18 24 30 33 36 39 43 46 48 50 51 52 53 54 54 56 58 58 58 58 58 58 58 58 58 58 58 58 58 58 58 58 58 58 58 58 59 60 61 62 63 64 65 66 67 68 68 68 68 
tsim fire 1 2 3 3 3 4 4 4 5 5 5 6 6 6 6 6 6 6 6 6 6 6 6 6 6 6 6 6 6 6 6 6 7 7 7 6 6 6 6 6 7 7 8 8 10 10 11 12 12 12 12 12 12 
tsim human 1 2 13 11 11 10 10 9 9 9 9 11 9 8 7 7 6 6 6 6 6 6 6 6 6 6 6 6 6 6 6 6 6 6 6 6 6 6 6 6 6 6 6 6 6 6 6 6 6 6 6 6 6 
tsim window 1 2 6 6 6 6 6 6 6 6 7 9 9 9 9 9 9 9 9 11 11 11 11 11 11 11 11 11 11 11 11 11 11 11 11 11 11 11 11 11 12 12 12 12 12 12 12 19 20 20 20 20 20 
task_num -1 1 2 433runtime -1 1 2 0.06885123252868652 0.8650202751159668 0.6678359508514404 0.922029972076416 1.374152660369873 0.7441117763519287 0.9059116840362549 0.4600679874420166 0.3538835048675537 0.03478813171386719 
avg_run -1 1 2 0.6396653175354003
al_time -1 1 2 0.011639595031738281 0.951693058013916 0.013292551040649414 0.014941692352294922 0.016783952713012695 0.012141942977905273 0.014722585678100586 0.013792753219604492 0.9694674015045166 0.012261390686035156 
avg_all -1 1 2 0.20307369232177735
sum 0 2 2 60 42 
sum 1 2 2 180 69 
sum 2 2 2 240 82 
sum 3 2 2 360 111 
sum 4 2 2 540 156 
sum 5 2 2 600 167 
sum 6 2 2 1200 191 
sum 7 2 2 1500 191 
sum 8 2 2 1800 192 
sum 9 2 2 2100 194 
sum 10 2 2 2400 201 
sum 11 2 2 2700 215 
sum 12 2 2 3000 231 
miss fire 2 2 3 3 0 1 1 1 2 2 2 2 2 2 1 1 1 0 0 0 0 0 0 0 0 0 0 0 0 0 0 0 1 1 1 0 0 0 0 0 1 1 3 3 5 1 2 3 3 3 3 3 3 
miss human 2 2 13 11 8 6 6 7 7 7 7 8 5 4 2 1 0 0 0 0 0 0 0 0 0 0 0 0 0 0 0 0 0 0 0 0 0 0 0 0 0 0 0 0 0 0 0 0 0 0 0 0 0 
miss window 2 2 6 6 6 6 6 6 6 6 5 6 4 4 0 0 0 0 0 2 2 2 2 0 0 0 0 0 0 0 0 0 0 0 0 0 0 0 0 0 1 1 0 0 0 0 0 0 1 0 0 0 0 
acm fire 2 2 3 6 6 7 8 9 11 13 15 17 19 21 22 23 24 24 24 24 24 24 24 24 24 24 24 24 24 24 24 24 25 26 27 27 27 27 27 27 28 29 32 35 40 41 43 46 49 52 55 58 61 
acm human 2 2 13 24 32 38 44 51 58 65 72 80 85 89 91 92 92 92 92 92 92 92 92 92 92 92 92 92 92 92 92 92 92 92 92 92 92 92 92 92 92 92 92 92 92 92 92 92 92 92 92 92 92 
acm window 2 2 6 12 18 24 30 36 42 48 53 59 63 67 67 67 67 67 67 69 71 73 75 75 75 75 75 75 75 75 75 75 75 75 75 75 75 75 75 75 76 77 77 77 77 77 77 77 78 78 78 78 78 
tsim fire 2 2 3 3 3 4 4 4 5 5 5 6 6 6 6 6 6 6 6 6 6 6 6 6 6 6 6 6 6 6 6 6 7 7 7 6 6 6 6 6 7 7 8 8 10 10 11 12 12 12 12 12 12 
tsim human 2 2 13 11 11 10 10 9 9 9 9 11 9 8 7 7 6 6 6 6 6 6 6 6 6 6 6 6 6 6 6 6 6 6 6 6 6 6 6 6 6 6 6 6 6 6 6 6 6 6 6 6 6 
tsim window 2 2 6 6 6 6 6 6 6 6 7 9 9 9 9 9 9 9 9 11 11 11 11 11 11 11 11 11 11 11 11 11 11 11 11 11 11 11 11 11 12 12 12 12 12 12 12 19 20 20 20 20 20 
task_num -1 2 2 362runtime -1 2 2 1.4652602672576904 3.7912776470184326 0.9717872142791748 1.2265112400054932 1.0814704895019531 1.1382865905761719 0.8584678173065186 
avg_run -1 2 2 1.504723037992205
al_time -1 2 2 0.012211799621582031 0.033883094787597656 0.38381290435791016 0.014268159866333008 0.015513420104980469 0.017184972763061523 0.012305259704589844 
avg_all -1 2 2 0.06988280160086495
sum 0 3 2 60 42 
sum 1 3 2 180 72 
sum 2 3 2 240 85 
sum 3 3 2 360 113 
sum 4 3 2 540 148 
sum 5 3 2 600 154 
sum 6 3 2 1200 189 
sum 7 3 2 1500 199 
sum 8 3 2 1800 210 
sum 9 3 2 2100 222 
sum 10 3 2 2400 234 
sum 11 3 2 2700 258 
sum 12 3 2 3000 269 
miss fire 3 2 3 3 1 1 1 1 2 2 1 1 1 0 0 0 0 0 0 0 0 0 0 0 0 0 0 0 0 1 1 1 2 2 2 1 1 1 0 0 1 1 2 2 4 4 4 1 1 0 0 0 0 
miss human 3 2 13 11 10 6 6 7 7 7 7 6 4 6 3 3 2 2 2 2 0 0 0 0 0 0 0 0 0 0 0 0 0 0 0 0 0 0 0 0 0 0 0 0 0 0 0 0 0 0 0 0 0 
miss window 3 2 6 6 6 6 6 6 5 5 5 1 1 1 1 1 1 1 1 3 2 2 2 2 2 2 2 2 2 1 1 1 1 1 1 1 1 1 1 1 2 2 2 2 2 2 2 1 2 2 2 2 2 
acm fire 3 2 3 6 7 8 9 10 12 14 15 16 17 17 17 17 17 17 17 17 17 17 17 17 17 17 17 17 17 18 19 20 22 24 26 27 28 29 29 29 30 31 33 35 39 43 47 48 49 49 49 49 49 
acm human 3 2 13 24 34 40 46 53 60 67 74 80 84 90 93 96 98 100 102 104 104 104 104 104 104 104 104 104 104 104 104 104 104 104 104 104 104 104 104 104 104 104 104 104 104 104 104 104 104 104 104 104 104 
acm window 3 2 6 12 18 24 30 36 41 46 51 52 53 54 55 56 57 58 59 62 64 66 68 70 72 74 76 78 80 81 82 83 84 85 86 87 88 89 90 91 93 95 97 99 101 103 105 106 108 110 112 114 116 
tsim fire 3 2 3 3 3 4 4 4 5 5 5 6 6 6 6 6 6 6 6 6 6 6 6 6 6 6 6 6 6 6 6 6 7 7 7 6 6 6 6 6 7 7 8 8 10 10 11 12 12 12 12 12 12 
tsim human 3 2 13 11 11 10 10 9 9 9 9 11 9 8 7 7 6 6 6 6 6 6 6 6 6 6 6 6 6 6 6 6 6 6 6 6 6 6 6 6 6 6 6 6 6 6 6 6 6 6 6 6 6 
tsim window 3 2 6 6 6 6 6 6 6 6 7 9 9 9 9 9 9 9 9 11 11 11 11 11 11 11 11 11 11 11 11 11 11 11 11 11 11 11 11 11 12 12 12 12 12 12 12 19 20 20 20 20 20 
task_num -1 3 2 262runtime -1 3 2 0.015603780746459961 0.015523195266723633 0.015495061874389648 0.015322208404541016 0.015495061874389648 0.01519465446472168 
avg_run -1 3 2 0.015438993771870932
al_time -1 3 2 0.01258230209350586 0.012372732162475586 0.03442096710205078 0.012520551681518555 0.01226663589477539 0.010320663452148438 
avg_all -1 3 2 0.0157473087310791
sum 0 4 2 60 42 
sum 1 4 2 180 73 
sum 2 4 2 240 88 
sum 3 4 2 360 109 
sum 4 4 2 540 145 
sum 5 4 2 600 152 
sum 6 4 2 1200 174 
sum 7 4 2 1500 176 
sum 8 4 2 1800 177 
sum 9 4 2 2100 182 
sum 10 4 2 2400 194 
sum 11 4 2 2700 215 
sum 12 4 2 3000 228 
miss fire 4 2 3 3 1 2 2 0 1 1 1 1 1 1 1 1 1 1 1 0 0 0 0 0 0 0 0 0 0 0 0 0 1 1 1 1 1 1 1 1 2 2 3 3 3 3 5 4 4 1 1 1 1 
miss human 4 2 13 11 9 7 7 7 7 7 7 9 4 3 1 1 1 0 0 0 0 0 0 0 0 0 0 0 0 0 0 0 0 0 0 0 0 0 0 0 0 0 0 0 0 0 0 0 0 0 0 0 0 
miss window 4 2 6 6 6 6 6 3 3 3 4 3 2 2 1 1 0 0 0 2 2 1 1 1 1 0 0 0 0 0 0 0 0 0 0 0 0 0 0 0 1 1 1 1 1 1 0 0 1 1 1 1 1 
acm fire 4 2 3 6 7 9 11 11 12 13 14 15 16 17 18 19 20 21 22 22 22 22 22 22 22 22 22 22 22 22 22 22 23 24 25 26 27 28 29 30 32 34 37 40 43 46 51 55 59 60 61 62 63 
acm human 4 2 13 24 33 40 47 54 61 68 75 84 88 91 92 93 94 94 94 94 94 94 94 94 94 94 94 94 94 94 94 94 94 94 94 94 94 94 94 94 94 94 94 94 94 94 94 94 94 94 94 94 94 
acm window 4 2 6 12 18 24 30 33 36 39 43 46 48 50 51 52 52 52 52 54 56 57 58 59 60 60 60 60 60 60 60 60 60 60 60 60 60 60 60 60 61 62 63 64 65 66 66 66 67 68 69 70 71 
tsim fire 4 2 3 3 3 4 4 4 5 5 5 6 6 6 6 6 6 6 6 6 6 6 6 6 6 6 6 6 6 6 6 6 7 7 7 6 6 6 6 6 7 7 8 8 10 10 11 12 12 12 12 12 12 
tsim human 4 2 13 11 11 10 10 9 9 9 9 11 9 8 7 7 6 6 6 6 6 6 6 6 6 6 6 6 6 6 6 6 6 6 6 6 6 6 6 6 6 6 6 6 6 6 6 6 6 6 6 6 6 
tsim window 4 2 6 6 6 6 6 6 6 6 7 9 9 9 9 9 9 9 9 11 11 11 11 11 11 11 11 11 11 11 11 11 11 11 11 11 11 11 11 11 12 12 12 12 12 12 12 19 20 20 20 20 20 
task_num -1 4 2 435runtime -1 4 2 0.06913590431213379 0.8639354705810547 0.6361186504364014 0.9526681900024414 0.6200289726257324 1.337775468826294 1.0581624507904053 0.6592445373535156 0.3666853904724121 0.03637123107910156 
avg_run -1 4 2 0.6600126266479492
al_time -1 4 2 0.011561393737792969 0.009855031967163086 0.011144399642944336 0.384716272354126 0.013932943344116211 0.01572895050048828 0.01529693603515625 0.013654947280883789 1.1003522872924805 0.012559175491333008 
avg_all -1 4 2 0.15888023376464844
sum 0 5 2 60 42 
sum 1 5 2 180 71 
sum 2 5 2 240 85 
sum 3 5 2 360 116 
sum 4 5 2 540 159 
sum 5 5 2 600 165 
sum 6 5 2 1200 187 
sum 7 5 2 1500 187 
sum 8 5 2 1800 188 
sum 9 5 2 2100 196 
sum 10 5 2 2400 209 
sum 11 5 2 2700 233 
sum 12 5 2 3000 249 
miss fire 5 2 3 3 1 2 2 2 3 3 3 2 0 0 0 0 0 0 0 0 0 0 0 0 0 0 0 0 0 0 0 0 1 1 1 2 2 2 2 2 2 2 3 3 5 5 5 6 4 4 2 2 2 
miss human 5 2 13 11 8 6 6 7 7 6 6 7 5 4 2 2 1 1 1 1 2 2 2 0 0 0 0 0 0 0 0 0 0 0 0 0 0 0 0 0 0 0 0 0 0 0 0 0 0 0 0 0 0 
miss window 5 2 6 6 6 6 6 6 6 6 6 4 1 1 0 0 0 0 0 2 1 0 0 0 0 0 0 0 0 0 0 0 0 0 0 0 0 0 0 0 1 1 0 0 0 0 0 0 1 1 0 0 0 
acm fire 5 2 3 6 7 9 11 13 16 19 22 24 24 24 24 24 24 24 24 24 24 24 24 24 24 24 24 24 24 24 24 24 25 26 27 29 31 33 35 37 39 41 44 47 52 57 62 68 72 76 78 80 82 
acm human 5 2 13 24 32 38 44 51 58 64 70 77 82 86 88 90 91 92 93 94 96 98 100 100 100 100 100 100 100 100 100 100 100 100 100 100 100 100 100 100 100 100 100 100 100 100 100 100 100 100 100 100 100 
acm window 5 2 6 12 18 24 30 36 42 48 54 58 59 60 60 60 60 60 60 62 63 63 63 63 63 63 63 63 63 63 63 63 63 63 63 63 63 63 63 63 64 65 65 65 65 65 65 65 66 67 67 67 67 
tsim fire 5 2 3 3 3 4 4 4 5 5 5 6 6 6 6 6 6 6 6 6 6 6 6 6 6 6 6 6 6 6 6 6 7 7 7 6 6 6 6 6 7 7 8 8 10 10 11 12 12 12 12 12 12 
tsim human 5 2 13 11 11 10 10 9 9 9 9 11 9 8 7 7 6 6 6 6 6 6 6 6 6 6 6 6 6 6 6 6 6 6 6 6 6 6 6 6 6 6 6 6 6 6 6 6 6 6 6 6 6 
tsim window 5 2 6 6 6 6 6 6 6 6 7 9 9 9 9 9 9 9 9 11 11 11 11 11 11 11 11 11 11 11 11 11 11 11 11 11 11 11 11 11 12 12 12 12 12 12 12 19 20 20 20 20 20 
task_num -1 5 2 433runtime -1 5 2 1.3898420333862305 3.0122299194335938 1.2977828979492188 1.370666742324829 0.7987120151519775 1.3540217876434326 0.9555983543395996 0.5289266109466553 0.4193882942199707 0.4683864116668701 
avg_run -1 5 2 1.1595555067062377
al_time -1 5 2 0.011882305145263672 0.9788274765014648 0.015160560607910156 0.012634754180908203 0.013623237609863281 0.014449119567871094 0.014035463333129883 0.04402661323547363 1.0241882801055908 0.011414527893066406 
avg_all -1 5 2 0.2140242338180542
sum 0 6 2 60 42 
sum 1 6 2 180 74 
sum 2 6 2 240 86 
sum 3 6 2 360 100 
sum 4 6 2 540 120 
sum 5 6 2 600 127 
sum 6 6 2 1200 138 
sum 7 6 2 1500 138 
sum 8 6 2 1800 139 
sum 9 6 2 2100 145 
sum 10 6 2 2400 152 
sum 11 6 2 2700 177 
sum 12 6 2 3000 200 
miss fire 6 2 3 3 3 2 2 1 2 2 2 3 3 0 0 0 0 0 0 0 0 0 0 0 0 0 0 0 0 0 0 0 1 1 1 2 2 0 0 0 1 1 2 2 4 4 5 5 5 4 4 2 2 
miss human 6 2 13 11 10 7 7 5 4 3 3 5 3 2 1 2 1 1 0 0 0 0 0 0 0 0 0 0 0 0 0 0 0 0 0 0 0 0 0 0 0 0 0 0 0 0 0 0 0 0 0 0 0 
miss window 6 2 6 6 6 4 3 1 1 0 1 1 1 0 0 0 0 0 0 2 2 0 0 0 0 0 0 0 0 0 0 0 0 0 0 0 0 0 0 0 1 1 1 1 1 1 1 1 2 1 1 1 1 
acm fire 6 2 3 6 9 11 13 14 16 18 20 23 26 26 26 26 26 26 26 26 26 26 26 26 26 26 26 26 26 26 26 26 27 28 29 31 33 33 33 33 34 35 37 39 43 47 52 57 62 66 70 72 74 
acm human 6 2 13 24 34 41 48 53 57 60 63 68 71 73 74 76 77 78 78 78 78 78 78 78 78 78 78 78 78 78 78 78 78 78 78 78 78 78 78 78 78 78 78 78 78 78 78 78 78 78 78 78 78 
acm window 6 2 6 12 18 22 25 26 27 27 28 29 30 30 30 30 30 30 30 32 34 34 34 34 34 34 34 34 34 34 34 34 34 34 34 34 34 34 34 34 35 36 37 38 39 40 41 42 44 45 46 47 48 
tsim fire 6 2 3 3 3 4 4 4 5 5 5 6 6 6 6 6 6 6 6 6 6 6 6 6 6 6 6 6 6 6 6 6 7 7 7 6 6 6 6 6 7 7 8 8 10 10 11 12 12 12 12 12 12 
tsim human 6 2 13 11 11 10 10 9 9 9 9 11 9 8 7 7 6 6 6 6 6 6 6 6 6 6 6 6 6 6 6 6 6 6 6 6 6 6 6 6 6 6 6 6 6 6 6 6 6 6 6 6 6 
tsim window 6 2 6 6 6 6 6 6 6 6 7 9 9 9 9 9 9 9 9 11 11 11 11 11 11 11 11 11 11 11 11 11 11 11 11 11 11 11 11 11 12 12 12 12 12 12 12 19 20 20 20 20 20 
task_num -1 6 2 431runtime -1 6 2 2.0716989040374756 1.146636724472046 1.2104883193969727 1.4170444011688232 1.1394264698028564 1.2874507904052734 0.8281464576721191 0.5272765159606934 0.2613062858581543 0.2455306053161621 
avg_run -1 6 2 1.0135005474090577
al_time -1 6 2 0.012232303619384766 0.48770594596862793 0.01362919807434082 0.016420841217041016 0.016229867935180664 0.013062000274658203 0.015323400497436523 0.01338338851928711 1.0106325149536133 0.01025843620300293 
avg_all -1 6 2 0.16088778972625734
sum 0 7 2 60 42 
sum 1 7 2 180 74 
sum 2 7 2 240 86 
sum 3 7 2 360 100 
sum 4 7 2 540 120 
sum 5 7 2 600 127 
sum 6 7 2 1200 148 
sum 7 7 2 1500 148 
sum 8 7 2 1800 149 
sum 9 7 2 2100 151 
sum 10 7 2 2400 158 
sum 11 7 2 2700 176 
sum 12 7 2 3000 193 
miss fire 7 2 3 3 3 2 2 1 2 2 2 3 3 0 0 0 0 0 0 0 0 0 0 0 0 0 0 0 0 0 0 0 1 1 1 0 0 0 0 0 1 1 2 2 3 3 3 4 4 2 2 2 2 
miss human 7 2 13 11 10 7 7 5 4 3 3 5 3 3 2 2 2 2 2 2 0 0 0 0 0 0 0 0 0 0 0 0 0 0 0 0 0 0 0 0 0 0 0 0 0 0 0 0 0 0 0 0 0 
miss window 7 2 6 6 6 4 3 1 1 0 1 1 1 0 0 0 0 0 0 2 2 2 0 0 0 0 0 0 0 0 0 0 0 0 0 0 0 0 0 0 1 1 1 1 1 1 0 0 1 1 1 1 1 
acm fire 7 2 3 6 9 11 13 14 16 18 20 23 26 26 26 26 26 26 26 26 26 26 26 26 26 26 26 26 26 26 26 26 27 28 29 29 29 29 29 29 30 31 33 35 38 41 44 48 52 54 56 58 60 
acm human 7 2 13 24 34 41 48 53 57 60 63 68 71 74 76 78 80 82 84 86 86 86 86 86 86 86 86 86 86 86 86 86 86 86 86 86 86 86 86 86 86 86 86 86 86 86 86 86 86 86 86 86 86 
acm window 7 2 6 12 18 22 25 26 27 27 28 29 30 30 30 30 30 30 30 32 34 36 36 36 36 36 36 36 36 36 36 36 36 36 36 36 36 36 36 36 37 38 39 40 41 42 42 42 43 44 45 46 47 
tsim fire 7 2 3 3 3 4 4 4 5 5 5 6 6 6 6 6 6 6 6 6 6 6 6 6 6 6 6 6 6 6 6 6 7 7 7 6 6 6 6 6 7 7 8 8 10 10 11 12 12 12 12 12 12 
tsim human 7 2 13 11 11 10 10 9 9 9 9 11 9 8 7 7 6 6 6 6 6 6 6 6 6 6 6 6 6 6 6 6 6 6 6 6 6 6 6 6 6 6 6 6 6 6 6 6 6 6 6 6 6 
tsim window 7 2 6 6 6 6 6 6 6 6 7 9 9 9 9 9 9 9 9 11 11 11 11 11 11 11 11 11 11 11 11 11 11 11 11 11 11 11 11 11 12 12 12 12 12 12 12 19 20 20 20 20 20 
task_num -1 7 2 366runtime -1 7 2 1.9691808223724365 1.3391375541687012 1.4570612907409668 1.6128602027893066 1.5505907535552979 1.2857997417449951 1.0222105979919434 1.4737670421600342 1.0692145824432373 0.8058066368103027 0.3797640800476074 
avg_run -1 7 2 1.26958120952953
al_time -1 7 2 0.012002706527709961 0.5133230686187744 0.01427006721496582 0.013192892074584961 0.01467752456665039 0.013034820556640625 0.015250205993652344 0.013389110565185547 0.013505220413208008 0.013931035995483398 0.00981283187866211 
avg_all -1 7 2 0.058762680400501595
sum 0 8 2 60 42 
sum 1 8 2 180 74 
sum 2 8 2 240 90 
sum 3 8 2 360 121 
sum 4 8 2 540 168 
sum 5 8 2 600 179 
sum 6 8 2 1200 198 
sum 7 8 2 1500 198 
sum 8 8 2 1800 199 
sum 9 8 2 2100 201 
sum 10 8 2 2400 208 
sum 11 8 2 2700 232 
sum 12 8 2 3000 255 
miss fire 8 2 3 3 0 1 1 1 2 2 2 2 2 2 1 0 0 0 0 0 0 0 0 0 0 0 0 0 0 0 0 0 1 1 1 0 0 0 0 0 1 1 2 2 4 4 4 5 4 4 4 3 3 
miss human 8 2 13 11 10 9 9 8 8 8 8 8 5 4 2 1 0 0 0 1 1 1 0 0 0 0 0 0 0 0 0 0 0 0 0 0 0 0 0 0 0 0 0 0 0 0 0 0 0 0 0 0 0 
miss window 8 2 6 6 6 6 6 6 6 6 5 6 4 4 0 0 0 0 0 2 0 0 0 0 0 0 0 0 0 0 0 0 0 0 0 0 0 0 0 0 1 1 1 1 1 1 1 1 1 1 1 1 1 
acm fire 8 2 3 6 6 7 8 9 11 13 15 17 19 21 22 22 22 22 22 22 22 22 22 22 22 22 22 22 22 22 22 22 23 24 25 25 25 25 25 25 26 27 29 31 35 39 43 48 52 56 60 63 66 
acm human 8 2 13 24 34 43 52 60 68 76 84 92 97 101 103 104 104 104 104 105 106 107 107 107 107 107 107 107 107 107 107 107 107 107 107 107 107 107 107 107 107 107 107 107 107 107 107 107 107 107 107 107 107 
acm window 8 2 6 12 18 24 30 36 42 48 53 59 63 67 67 67 67 67 67 69 69 69 69 69 69 69 69 69 69 69 69 69 69 69 69 69 69 69 69 69 70 71 72 73 74 75 76 77 78 79 80 81 82 
tsim fire 8 2 3 3 3 4 4 4 5 5 5 6 6 6 6 6 6 6 6 6 6 6 6 6 6 6 6 6 6 6 6 6 7 7 7 6 6 6 6 6 7 7 8 8 10 10 11 12 12 12 12 12 12 
tsim human 8 2 13 11 11 10 10 9 9 9 9 11 9 8 7 7 6 6 6 6 6 6 6 6 6 6 6 6 6 6 6 6 6 6 6 6 6 6 6 6 6 6 6 6 6 6 6 6 6 6 6 6 6 
tsim window 8 2 6 6 6 6 6 6 6 6 7 9 9 9 9 9 9 9 9 11 11 11 11 11 11 11 11 11 11 11 11 11 11 11 11 11 11 11 11 11 12 12 12 12 12 12 12 19 20 20 20 20 20 
task_num -1 8 2 358runtime -1 8 2 1.71602201461792 4.150453090667725 1.8302292823791504 2.1962432861328125 1.6818575859069824 0.9181294441223145 0.8672904968261719 0.4025001525878906 0.1613295078277588 
avg_run -1 8 2 1.547117206785414
al_time -1 8 2 0.012207746505737305 0.9456419944763184 0.015152454376220703 0.02191019058227539 0.04762411117553711 0.014505147933959961 0.01302647590637207 0.013023853302001953 0.008888483047485352 
avg_all -1 8 2 0.12133116192287868
sum 0 9 2 60 42 
sum 1 9 2 180 79 
sum 2 9 2 240 97 
sum 3 9 2 360 125 
sum 4 9 2 540 169 
sum 5 9 2 600 177 
sum 6 9 2 1200 195 
sum 7 9 2 1500 195 
sum 8 9 2 1800 196 
sum 9 9 2 2100 198 
sum 10 9 2 2400 205 
sum 11 9 2 2700 225 
sum 12 9 2 3000 240 
miss fire 9 2 3 3 2 3 3 1 2 2 2 1 1 1 0 0 0 0 0 0 0 0 0 0 0 0 0 0 0 0 0 0 1 1 1 0 0 0 0 0 1 1 2 2 4 2 3 4 3 3 2 2 2 
miss human 9 2 13 11 11 9 9 10 9 9 9 11 5 4 2 2 1 0 0 0 0 0 0 0 0 0 0 0 0 0 0 0 0 0 0 0 0 0 0 0 0 0 0 0 0 0 0 0 0 0 0 0 0 
miss window 9 2 6 6 6 6 6 3 3 3 4 3 2 2 0 0 0 0 0 2 2 2 0 0 0 0 0 0 0 0 0 0 0 0 0 0 0 0 0 0 1 1 1 1 1 1 1 1 1 1 1 0 0 
acm fire 9 2 3 6 8 11 14 15 17 19 21 22 23 24 24 24 24 24 24 24 24 24 24 24 24 24 24 24 24 24 24 24 25 26 27 27 27 27 27 27 28 29 31 33 37 39 42 46 49 52 54 56 58 
acm human 9 2 13 24 35 44 53 63 72 81 90 101 106 110 112 114 115 115 115 115 115 115 115 115 115 115 115 115 115 115 115 115 115 115 115 115 115 115 115 115 115 115 115 115 115 115 115 115 115 115 115 115 115 
acm window 9 2 6 12 18 24 30 33 36 39 43 46 48 50 50 50 50 50 50 52 54 56 56 56 56 56 56 56 56 56 56 56 56 56 56 56 56 56 56 56 57 58 59 60 61 62 63 64 65 66 67 67 67 
tsim fire 9 2 3 3 3 4 4 4 5 5 5 6 6 6 6 6 6 6 6 6 6 6 6 6 6 6 6 6 6 6 6 6 7 7 7 6 6 6 6 6 7 7 8 8 10 10 11 12 12 12 12 12 12 
tsim human 9 2 13 11 11 10 10 9 9 9 9 11 9 8 7 7 6 6 6 6 6 6 6 6 6 6 6 6 6 6 6 6 6 6 6 6 6 6 6 6 6 6 6 6 6 6 6 6 6 6 6 6 6 
tsim window 9 2 6 6 6 6 6 6 6 6 7 9 9 9 9 9 9 9 9 11 11 11 11 11 11 11 11 11 11 11 11 11 11 11 11 11 11 11 11 11 12 12 12 12 12 12 12 19 20 20 20 20 20 
task_num -1 9 2 365runtime -1 9 2 0.07029485702514648 1.1639659404754639 0.8212549686431885 1.201122522354126 1.2433032989501953 1.1573824882507324 0.9582405090332031 0.9597764015197754 0.4831359386444092 0.38443994522094727 0.21244597434997559 
avg_run -1 9 2 0.786851167678833
al_time -1 9 2 0.01173090934753418 0.9747934341430664 0.013330221176147461 0.01190185546875 0.015545845031738281 0.015019416809082031 0.013941049575805664 0.014857292175292969 0.014708995819091797 0.01356816291809082 0.010350942611694336 
avg_all -1 9 2 0.100886193188754
sum 0 10 2 60 42 
sum 1 10 2 180 69 
sum 2 10 2 240 82 
sum 3 10 2 360 101 
sum 4 10 2 540 134 
sum 5 10 2 600 141 
sum 6 10 2 1200 155 
sum 7 10 2 1500 155 
sum 8 10 2 1800 156 
sum 9 10 2 2100 164 
sum 10 10 2 2400 179 
sum 11 10 2 2700 195 
sum 12 10 2 3000 215 
miss fire 10 2 3 3 1 2 2 0 1 1 1 1 1 1 0 0 0 0 0 0 0 0 0 0 0 0 0 0 0 0 0 0 1 1 1 2 2 2 2 2 3 3 2 2 3 3 3 4 3 3 3 3 3 
miss human 10 2 13 11 7 5 5 6 6 6 6 8 4 3 1 1 1 0 0 0 0 0 0 0 0 0 0 0 0 0 0 0 0 0 0 0 0 0 0 0 0 0 0 0 0 0 0 0 0 0 0 0 0 
miss window 10 2 6 6 6 6 6 3 3 3 4 3 2 2 1 1 0 0 0 2 1 0 0 0 0 0 0 0 0 0 0 0 0 0 0 0 0 0 0 0 1 1 1 1 0 0 0 0 1 1 1 1 1 
acm fire 10 2 3 6 7 9 11 11 12 13 14 15 16 17 17 17 17 17 17 17 17 17 17 17 17 17 17 17 17 17 17 17 18 19 20 22 24 26 28 30 33 36 38 40 43 46 49 53 56 59 62 65 68 
acm human 10 2 13 24 31 36 41 47 53 59 65 73 77 80 81 82 83 83 83 83 83 83 83 83 83 83 83 83 83 83 83 83 83 83 83 83 83 83 83 83 83 83 83 83 83 83 83 83 83 83 83 83 83 
acm window 10 2 6 12 18 24 30 33 36 39 43 46 48 50 51 52 52 52 52 54 55 55 55 55 55 55 55 55 55 55 55 55 55 55 55 55 55 55 55 55 56 57 58 59 59 59 59 59 60 61 62 63 64 
tsim fire 10 2 3 3 3 4 4 4 5 5 5 6 6 6 6 6 6 6 6 6 6 6 6 6 6 6 6 6 6 6 6 6 7 7 7 6 6 6 6 6 7 7 8 8 10 10 11 12 12 12 12 12 12 
tsim human 10 2 13 11 11 10 10 9 9 9 9 11 9 8 7 7 6 6 6 6 6 6 6 6 6 6 6 6 6 6 6 6 6 6 6 6 6 6 6 6 6 6 6 6 6 6 6 6 6 6 6 6 6 
tsim window 10 2 6 6 6 6 6 6 6 6 7 9 9 9 9 9 9 9 9 11 11 11 11 11 11 11 11 11 11 11 11 11 11 11 11 11 11 11 11 11 12 12 12 12 12 12 12 19 20 20 20 20 20 
task_num -1 10 2 429runtime -1 10 2 0.07003211975097656 4.109141111373901 0.9112024307250977 1.5507886409759521 1.2357571125030518 1.1623649597167969 0.9202713966369629 0.6059160232543945 0.4534323215484619 0.03744626045227051 
avg_run -1 10 2 1.1056352376937866
al_time -1 10 2 0.011627912521362305 0.9445412158966064 0.013440132141113281 0.016194820404052734 0.0372920036315918 0.013849258422851562 0.012807130813598633 0.012848377227783203 0.979893684387207 0.012836456298828125 
avg_all -1 10 2 0.20553309917449952
random:3T:3000
sum 0 0 3 60 102 
sum 1 0 3 180 187 
sum 2 0 3 240 218 
sum 3 0 3 360 277 
sum 4 0 3 540 341 
sum 5 0 3 600 353 
sum 6 0 3 1200 447 
sum 7 0 3 1500 469 
sum 8 0 3 1800 475 
sum 9 0 3 2100 481 
sum 10 0 3 2400 492 
sum 11 0 3 2700 504 
sum 12 0 3 3000 512 
miss fire 0 3 3 4 3 3 1 1 1 1 1 1 3 3 3 3 3 3 2 1 1 0 0 0 0 1 1 1 1 1 1 0 0 0 0 1 1 2 1 1 1 1 2 2 0 0 0 0 0 0 0 0 0 
miss human 0 3 25 31 26 23 18 19 16 15 13 11 6 7 10 9 6 6 5 4 4 4 0 0 0 2 2 0 0 0 0 0 0 0 0 0 0 0 0 0 0 0 0 0 0 0 0 0 0 0 0 0 0 
miss window 0 3 17 22 16 14 12 11 11 10 7 5 3 4 3 2 2 1 1 1 1 2 3 3 3 3 3 3 3 0 0 0 0 0 0 0 1 1 1 1 1 1 1 1 2 3 2 2 2 3 3 0 0 
acm fire 0 3 3 7 10 13 14 15 16 17 18 19 22 25 28 31 34 37 39 40 41 41 41 41 41 42 43 44 45 46 47 47 47 47 47 48 49 51 52 53 54 55 57 59 59 59 59 59 59 59 59 59 59 
acm human 0 3 25 56 82 105 123 142 158 173 186 197 203 210 220 229 235 241 246 250 254 258 258 258 258 260 262 262 262 262 262 262 262 262 262 262 262 262 262 262 262 262 262 262 262 262 262 262 262 262 262 262 262 
acm window 0 3 17 39 55 69 81 92 103 113 120 125 128 132 135 137 139 140 141 142 143 145 148 151 154 157 160 163 166 166 166 166 166 166 166 166 167 168 169 170 171 172 173 174 176 179 181 183 185 188 191 191 191 
tsim fire 0 3 3 4 4 4 4 4 4 4 4 4 6 6 6 6 6 6 6 6 6 6 6 6 6 7 7 7 7 8 8 8 8 8 8 9 9 10 10 10 10 10 12 12 12 12 12 12 12 12 12 12 12 
tsim human 0 3 25 31 30 30 28 25 23 23 22 20 18 17 17 17 17 17 17 17 17 17 17 17 17 17 17 17 17 17 17 17 17 17 17 17 17 17 17 17 17 17 17 17 17 17 17 17 17 17 17 17 17 
tsim window 0 3 17 22 22 22 22 22 22 22 22 22 22 23 23 23 23 23 23 23 23 24 25 25 25 27 27 27 27 27 27 27 27 27 27 27 28 28 28 28 28 28 29 29 30 31 31 31 31 32 32 32 32 
task_num -1 0 3 662runtime -1 0 3 0.9754805564880371 0.865278959274292 0.6217770576477051 0.7001049518585205 0.7631590366363525 0.7254059314727783 0.7803220748901367 0.7463176250457764 0.6464064121246338 
avg_run -1 0 3 0.7582502894931369
al_time -1 0 3 0.01867365837097168 0.022852659225463867 0.022951126098632812 1.167346477508545 0.023334503173828125 0.028368234634399414 0.025462627410888672 0.02706432342529297 0.024150609970092773 
avg_all -1 0 3 0.1511338022020128
sum 0 1 3 60 102 
sum 1 1 3 180 195 
sum 2 1 3 240 236 
sum 3 1 3 360 301 
sum 4 1 3 540 382 
sum 5 1 3 600 407 
sum 6 1 3 1200 561 
sum 7 1 3 1500 587 
sum 8 1 3 1800 600 
sum 9 1 3 2100 607 
sum 10 1 3 2400 621 
sum 11 1 3 2700 638 
sum 12 1 3 3000 649 
miss fire 1 3 3 4 3 3 3 3 3 3 3 3 4 4 4 2 2 2 1 1 1 0 0 0 0 1 0 0 0 1 1 1 1 1 0 1 1 2 2 2 1 1 3 3 2 2 0 0 0 0 0 0 0 
miss human 1 3 25 31 23 20 16 13 6 6 5 7 6 5 7 7 7 6 3 3 3 3 3 3 3 3 2 2 3 3 1 1 0 0 0 0 0 0 0 0 0 0 0 0 0 0 0 0 0 0 0 0 0 
miss window 1 3 17 22 22 22 22 20 20 20 18 16 15 16 16 14 11 9 6 6 6 3 3 3 3 2 2 2 1 0 0 0 0 0 0 0 1 1 1 1 1 1 1 1 2 3 2 2 2 3 2 2 2 
acm fire 1 3 3 7 10 13 16 19 22 25 28 31 35 39 43 45 47 49 50 51 52 52 52 52 52 53 53 53 53 54 55 56 57 58 58 59 60 62 64 66 67 68 71 74 76 78 78 78 78 78 78 78 78 
acm human 1 3 25 56 79 99 115 128 134 140 145 152 158 163 170 177 184 190 193 196 199 202 205 208 211 214 216 218 221 224 225 226 226 226 226 226 226 226 226 226 226 226 226 226 226 226 226 226 226 226 226 226 226 
acm window 1 3 17 39 61 83 105 125 145 165 183 199 214 230 246 260 271 280 286 292 298 301 304 307 310 312 314 316 317 317 317 317 317 317 317 317 318 319 320 321 322 323 324 325 327 330 332 334 336 339 341 343 345 
tsim fire 1 3 3 4 4 4 4 4 4 4 4 4 6 6 6 6 6 6 6 6 6 6 6 6 6 7 7 7 7 8 8 8 8 8 8 9 9 10 10 10 10 10 12 12 12 12 12 12 12 12 12 12 12 
tsim human 1 3 25 31 30 30 28 25 23 23 22 20 18 17 17 17 17 17 17 17 17 17 17 17 17 17 17 17 17 17 17 17 17 17 17 17 17 17 17 17 17 17 17 17 17 17 17 17 17 17 17 17 17 
tsim window 1 3 17 22 22 22 22 22 22 22 22 22 22 23 23 23 23 23 23 23 23 24 25 25 25 27 27 27 27 27 27 27 27 27 27 27 28 28 28 28 28 28 29 29 30 31 31 31 31 32 32 32 32 
task_num -1 1 3 664runtime -1 1 3 0.23314714431762695 1.4281582832336426 2.540086030960083 2.105684757232666 2.5550143718719482 2.8812873363494873 3.4541075229644775 2.864654064178467 2.7535529136657715 0.8127498626708984 
avg_run -1 1 3 2.1628442287445067
al_time -1 1 3 0.045281410217285156 0.020270109176635742 3.7157397270202637 0.023029804229736328 0.021594762802124023 0.02250051498413086 0.02522420883178711 0.024939775466918945 0.02479076385498047 0.020262479782104492 
avg_all -1 1 3 0.3943633556365967
sum 0 2 3 60 102 
sum 1 2 3 180 188 
sum 2 2 3 240 224 
sum 3 2 3 360 293 
sum 4 2 3 540 381 
sum 5 2 3 600 403 
sum 6 2 3 1200 547 
sum 7 2 3 1500 567 
sum 8 2 3 1800 584 
sum 9 2 3 2100 605 
sum 10 2 3 2400 631 
sum 11 2 3 2700 651 
sum 12 2 3 3000 670 
miss fire 2 3 3 4 3 3 3 3 3 3 2 2 4 4 4 2 2 2 2 2 2 1 0 0 0 1 1 1 0 1 1 1 1 1 1 2 2 3 3 3 3 1 3 3 3 2 2 2 2 2 2 2 2 
miss human 2 3 25 31 19 17 11 11 8 8 7 9 2 3 6 6 5 4 4 3 2 2 2 2 2 2 2 2 2 2 2 2 2 2 2 2 2 2 2 2 2 1 1 1 1 0 0 0 0 0 0 0 0 
miss window 2 3 17 22 22 22 22 22 22 20 20 17 16 17 14 11 10 9 8 6 5 4 2 2 2 1 1 1 1 1 1 0 0 0 0 0 1 1 1 1 1 1 1 0 1 2 2 1 1 2 2 2 2 
acm fire 2 3 3 7 10 13 16 19 22 25 27 29 33 37 41 43 45 47 49 51 53 54 54 54 54 55 56 57 57 58 59 60 61 62 63 65 67 70 73 76 79 80 83 86 89 91 93 95 97 99 101 103 105 
acm human 2 3 25 56 75 92 103 114 122 130 137 146 148 151 157 163 168 172 176 179 181 183 185 187 189 191 193 195 197 199 201 203 205 207 209 211 213 215 217 219 221 222 223 224 225 225 225 225 225 225 225 225 225 
acm window 2 3 17 39 61 83 105 127 149 169 189 206 222 239 253 264 274 283 291 297 302 306 308 310 312 313 314 315 316 317 318 318 318 318 318 318 319 320 321 322 323 324 325 325 326 328 330 331 332 334 336 338 340 
tsim fire 2 3 3 4 4 4 4 4 4 4 4 4 6 6 6 6 6 6 6 6 6 6 6 6 6 7 7 7 7 8 8 8 8 8 8 9 9 10 10 10 10 10 12 12 12 12 12 12 12 12 12 12 12 
tsim human 2 3 25 31 30 30 28 25 23 23 22 20 18 17 17 17 17 17 17 17 17 17 17 17 17 17 17 17 17 17 17 17 17 17 17 17 17 17 17 17 17 17 17 17 17 17 17 17 17 17 17 17 17 
tsim window 2 3 17 22 22 22 22 22 22 22 22 22 22 23 23 23 23 23 23 23 23 24 25 25 25 27 27 27 27 27 27 27 27 27 27 27 28 28 28 28 28 28 29 29 30 31 31 31 31 32 32 32 32 
task_num -1 2 3 628runtime -1 2 3 6.054883718490601 10.08984923362732 5.247074604034424 4.333384037017822 3.4882020950317383 2.941422939300537 2.359921455383301 1.7588763236999512 1.4147379398345947 
avg_run -1 2 3 4.18759470515781
al_time -1 2 3 0.023566007614135742 0.020961999893188477 3.707335948944092 0.02430582046508789 0.023592472076416016 0.046425819396972656 0.02286505699157715 0.022722721099853516 0.018696308135986328 
avg_all -1 2 3 0.4344969060685899
sum 0 3 3 60 102 
sum 1 3 3 180 195 
sum 2 3 3 240 235 
sum 3 3 3 360 309 
sum 4 3 3 540 404 
sum 5 3 3 600 435 
sum 6 3 3 1200 691 
sum 7 3 3 1500 776 
sum 8 3 3 1800 865 
sum 9 3 3 2100 953 
sum 10 3 3 2400 1026 
sum 11 3 3 2700 1118 
sum 12 3 3 3000 1217 
miss fire 3 3 3 4 2 2 2 2 2 2 2 2 4 4 4 4 4 3 1 1 0 0 0 0 0 1 1 1 1 2 2 2 2 2 2 2 1 1 0 0 0 0 2 2 2 2 2 2 2 2 2 2 2 
miss human 3 3 25 31 24 21 16 13 13 10 9 8 8 9 9 9 8 7 6 5 1 1 4 3 2 1 0 0 0 0 0 0 0 0 0 0 0 0 0 0 0 0 0 0 0 0 0 0 0 0 0 0 0 
miss window 3 3 17 22 22 22 22 22 22 22 21 19 19 20 20 20 20 20 19 18 12 13 14 14 14 16 16 16 16 16 16 16 16 16 16 16 16 16 14 14 14 14 15 15 16 17 17 17 17 18 18 18 18 
acm fire 3 3 3 7 9 11 13 15 17 19 21 23 27 31 35 39 43 46 47 48 48 48 48 48 48 49 50 51 52 54 56 58 60 62 64 66 67 68 68 68 68 68 70 72 74 76 78 80 82 84 86 88 90 
acm human 3 3 25 56 80 101 117 130 143 153 162 170 178 187 196 205 213 220 226 231 232 233 237 240 242 243 243 243 243 243 243 243 243 243 243 243 243 243 243 243 243 243 243 243 243 243 243 243 243 243 243 243 243 
acm window 3 3 17 39 61 83 105 127 149 171 192 211 230 250 270 290 310 330 349 367 379 392 406 420 434 450 466 482 498 514 530 546 562 578 594 610 626 642 656 670 684 698 713 728 744 761 778 795 812 830 848 866 884 
tsim fire 3 3 3 4 4 4 4 4 4 4 4 4 6 6 6 6 6 6 6 6 6 6 6 6 6 7 7 7 7 8 8 8 8 8 8 9 9 10 10 10 10 10 12 12 12 12 12 12 12 12 12 12 12 
tsim human 3 3 25 31 30 30 28 25 23 23 22 20 18 17 17 17 17 17 17 17 17 17 17 17 17 17 17 17 17 17 17 17 17 17 17 17 17 17 17 17 17 17 17 17 17 17 17 17 17 17 17 17 17 
tsim window 3 3 17 22 22 22 22 22 22 22 22 22 22 23 23 23 23 23 23 23 23 24 25 25 25 27 27 27 27 27 27 27 27 27 27 27 28 28 28 28 28 28 29 29 30 31 31 31 31 32 32 32 32 
task_num -1 3 3 518runtime -1 3 3 0.03943037986755371 0.039697885513305664 0.03948354721069336 0.03960061073303223 0.039641618728637695 0.0615687370300293 
avg_run -1 3 3 0.04323712984720866
al_time -1 3 3 0.02476024627685547 0.02460622787475586 0.024342775344848633 0.024263620376586914 0.022364139556884766 0.01890110969543457 
avg_all -1 3 3 0.023206353187561035
sum 0 4 3 60 102 
sum 1 4 3 180 192 
sum 2 4 3 240 231 
sum 3 4 3 360 292 
sum 4 4 3 540 370 
sum 5 4 3 600 396 
sum 6 4 3 1200 562 
sum 7 4 3 1500 593 
sum 8 4 3 1800 604 
sum 9 4 3 2100 615 
sum 10 4 3 2400 637 
sum 11 4 3 2700 667 
sum 12 4 3 3000 684 
miss fire 4 3 3 4 2 2 2 2 2 2 2 2 4 4 3 2 2 2 1 1 1 0 0 0 0 1 0 0 0 1 1 1 1 1 1 2 2 3 3 3 3 3 5 5 5 4 4 2 2 2 2 1 1 
miss human 4 3 25 31 22 20 15 11 6 6 5 7 7 6 8 8 8 7 5 5 5 4 4 4 4 4 3 3 1 1 3 0 0 0 0 0 0 0 0 0 0 0 0 0 0 0 0 0 0 0 0 0 0 
miss window 4 3 17 22 22 22 22 20 20 20 18 16 15 16 16 14 11 9 6 6 6 3 3 3 3 2 2 2 1 1 0 0 0 0 0 0 1 1 1 1 1 1 1 1 2 3 3 1 1 2 2 2 2 
acm fire 4 3 3 7 9 11 13 15 17 19 21 23 27 31 34 36 38 40 41 42 43 43 43 43 43 44 44 44 44 45 46 47 48 49 50 52 54 57 60 63 66 69 74 79 84 88 92 94 96 98 100 101 102 
acm human 4 3 25 56 78 98 113 124 130 136 141 148 155 161 169 177 185 192 197 202 207 211 215 219 223 227 230 233 234 235 238 238 238 238 238 238 238 238 238 238 238 238 238 238 238 238 238 238 238 238 238 238 238 
acm window 4 3 17 39 61 83 105 125 145 165 183 199 214 230 246 260 271 280 286 292 298 301 304 307 310 312 314 316 317 318 318 318 318 318 318 318 319 320 321 322 323 324 325 326 328 331 334 335 336 338 340 342 344 
tsim fire 4 3 3 4 4 4 4 4 4 4 4 4 6 6 6 6 6 6 6 6 6 6 6 6 6 7 7 7 7 8 8 8 8 8 8 9 9 10 10 10 10 10 12 12 12 12 12 12 12 12 12 12 12 
tsim human 4 3 25 31 30 30 28 25 23 23 22 20 18 17 17 17 17 17 17 17 17 17 17 17 17 17 17 17 17 17 17 17 17 17 17 17 17 17 17 17 17 17 17 17 17 17 17 17 17 17 17 17 17 
tsim window 4 3 17 22 22 22 22 22 22 22 22 22 22 23 23 23 23 23 23 23 23 24 25 25 25 27 27 27 27 27 27 27 27 27 27 27 28 28 28 28 28 28 29 29 30 31 31 31 31 32 32 32 32 
task_num -1 4 3 664runtime -1 4 3 0.23237895965576172 1.414673089981079 2.9376091957092285 1.831385612487793 2.539949417114258 2.2964985370635986 2.5111231803894043 2.9897475242614746 2.127166748046875 0.6224942207336426 
avg_run -1 4 3 1.9503026485443116
al_time -1 4 3 0.02244710922241211 0.02048945426940918 3.77036190032959 0.021567821502685547 0.04617953300476074 0.04570889472961426 0.020897865295410156 0.02247142791748047 0.023424386978149414 0.023864269256591797 
avg_all -1 4 3 0.40174126625061035
sum 0 5 3 60 102 
sum 1 5 3 180 191 
sum 2 5 3 240 230 
sum 3 5 3 360 302 
sum 4 5 3 540 398 
sum 5 5 3 600 428 
sum 6 5 3 1200 658 
sum 7 5 3 1500 687 
sum 8 5 3 1800 704 
sum 9 5 3 2100 720 
sum 10 5 3 2400 747 
sum 11 5 3 2700 772 
sum 12 5 3 3000 797 
miss fire 5 3 3 4 1 1 1 1 1 1 1 1 3 3 3 3 3 3 2 2 2 2 1 1 0 1 1 1 1 2 2 1 1 1 1 2 2 3 3 3 3 3 5 2 2 2 2 2 2 2 2 2 2 
miss human 5 3 25 31 23 20 16 15 11 9 8 10 5 6 10 10 9 7 5 4 3 3 2 2 3 3 2 1 1 1 1 1 1 1 1 1 1 1 1 1 1 1 1 0 0 1 1 1 1 0 0 0 0 
miss window 5 3 17 22 22 22 22 22 22 22 22 22 22 23 21 20 17 15 13 12 11 10 5 5 3 4 1 1 1 1 1 1 1 0 0 0 1 1 1 1 1 1 1 1 2 3 3 3 2 3 3 3 3 
acm fire 5 3 3 7 8 9 10 11 12 13 14 15 18 21 24 27 30 33 35 37 39 41 42 43 43 44 45 46 47 49 51 52 53 54 55 57 59 62 65 68 71 74 79 81 83 85 87 89 91 93 95 97 99 
acm human 5 3 25 56 79 99 115 130 141 150 158 168 173 179 189 199 208 215 220 224 227 230 232 234 237 240 242 243 244 245 246 247 248 249 250 251 252 253 254 255 256 257 258 258 258 259 260 261 262 262 262 262 262 
acm window 5 3 17 39 61 83 105 127 149 171 193 215 237 260 281 301 318 333 346 358 369 379 384 389 392 396 397 398 399 400 401 402 403 403 403 403 404 405 406 407 408 409 410 411 413 416 419 422 424 427 430 433 436 
tsim fire 5 3 3 4 4 4 4 4 4 4 4 4 6 6 6 6 6 6 6 6 6 6 6 6 6 7 7 7 7 8 8 8 8 8 8 9 9 10 10 10 10 10 12 12 12 12 12 12 12 12 12 12 12 
tsim human 5 3 25 31 30 30 28 25 23 23 22 20 18 17 17 17 17 17 17 17 17 17 17 17 17 17 17 17 17 17 17 17 17 17 17 17 17 17 17 17 17 17 17 17 17 17 17 17 17 17 17 17 17 
tsim window 5 3 17 22 22 22 22 22 22 22 22 22 22 23 23 23 23 23 23 23 23 24 25 25 25 27 27 27 27 27 27 27 27 27 27 27 28 28 28 28 28 28 29 29 30 31 31 31 31 32 32 32 32 
task_num -1 5 3 654runtime -1 5 3 4.157137393951416 8.972263097763062 6.836324691772461 2.9684383869171143 3.2645721435546875 3.5016732215881348 3.6385738849639893 0.8762269020080566 
avg_run -1 5 3 4.276901215314865
al_time -1 5 3 0.02246403694152832 0.0203249454498291 0.021691322326660156 1.1643998622894287 0.023300886154174805 0.02383732795715332 0.024940967559814453 0.017499208450317383 
avg_all -1 5 3 0.16480731964111328
sum 0 6 3 60 102 
sum 1 6 3 180 187 
sum 2 6 3 240 218 
sum 3 6 3 360 277 
sum 4 6 3 540 341 
sum 5 6 3 600 354 
sum 6 6 3 1200 456 
sum 7 6 3 1500 481 
sum 8 6 3 1800 500 
sum 9 6 3 2100 510 
sum 10 6 3 2400 517 
sum 11 6 3 2700 534 
sum 12 6 3 3000 556 
miss fire 6 3 3 4 3 3 1 1 1 1 1 1 3 3 3 3 3 3 2 2 2 2 2 2 0 1 1 1 1 2 2 2 2 1 1 2 2 2 2 0 0 0 2 2 2 2 2 2 2 2 2 1 1 
miss human 6 3 25 31 26 23 18 19 16 15 13 11 7 8 10 9 6 5 5 4 4 4 2 2 2 2 2 2 2 2 2 2 2 0 0 0 0 0 0 0 0 0 0 0 0 0 0 0 0 0 0 0 0 
miss window 6 3 17 22 16 14 12 11 11 10 7 5 3 4 3 2 2 1 1 1 1 2 3 3 3 3 1 0 0 0 0 0 0 0 0 0 1 1 1 1 1 0 0 0 1 2 2 2 2 3 3 3 3 
acm fire 6 3 3 7 10 13 14 15 16 17 18 19 22 25 28 31 34 37 39 41 43 45 47 49 49 50 51 52 53 55 57 59 61 62 63 65 67 69 71 71 71 71 73 75 77 79 81 83 85 87 89 90 91 
acm human 6 3 25 56 82 105 123 142 158 173 186 197 204 212 222 231 237 242 247 251 255 259 261 263 265 267 269 271 273 275 277 279 281 281 281 281 281 281 281 281 281 281 281 281 281 281 281 281 281 281 281 281 281 
acm window 6 3 17 39 55 69 81 92 103 113 120 125 128 132 135 137 139 140 141 142 143 145 148 151 154 157 158 158 158 158 158 158 158 158 158 158 159 160 161 162 163 163 163 163 164 166 168 170 172 175 178 181 184 
tsim fire 6 3 3 4 4 4 4 4 4 4 4 4 6 6 6 6 6 6 6 6 6 6 6 6 6 7 7 7 7 8 8 8 8 8 8 9 9 10 10 10 10 10 12 12 12 12 12 12 12 12 12 12 12 
tsim human 6 3 25 31 30 30 28 25 23 23 22 20 18 17 17 17 17 17 17 17 17 17 17 17 17 17 17 17 17 17 17 17 17 17 17 17 17 17 17 17 17 17 17 17 17 17 17 17 17 17 17 17 17 
tsim window 6 3 17 22 22 22 22 22 22 22 22 22 22 23 23 23 23 23 23 23 23 24 25 25 25 27 27 27 27 27 27 27 27 27 27 27 28 28 28 28 28 28 29 29 30 31 31 31 31 32 32 32 32 
task_num -1 6 3 665runtime -1 6 3 6.862138271331787 7.092620372772217 3.747035503387451 3.9323174953460693 2.7053616046905518 2.8835723400115967 2.872140884399414 3.630516767501831 0.8462302684783936 
avg_run -1 6 3 3.841325945324368
al_time -1 6 3 0.01880812644958496 0.023248910903930664 0.020327329635620117 0.02468729019165039 0.03993630409240723 0.020601987838745117 1.3624062538146973 0.023976802825927734 0.02379608154296875 
avg_all -1 6 3 0.17308767636617026
sum 0 7 3 60 102 
sum 1 7 3 180 187 
sum 2 7 3 240 218 
sum 3 7 3 360 277 
sum 4 7 3 540 341 
sum 5 7 3 600 354 
sum 6 7 3 1200 451 
sum 7 7 3 1500 480 
sum 8 7 3 1800 496 
sum 9 7 3 2100 504 
sum 10 7 3 2400 515 
sum 11 7 3 2700 537 
sum 12 7 3 3000 562 
miss fire 7 3 3 4 3 3 1 1 1 1 1 1 3 3 3 3 3 3 1 1 1 1 1 1 1 2 2 2 1 2 2 0 0 0 0 1 1 2 2 2 1 1 3 3 3 3 3 3 3 2 2 2 2 
miss human 7 3 25 31 26 23 18 19 16 15 13 11 7 8 10 9 6 5 5 4 4 4 2 2 2 2 2 2 2 2 2 0 0 2 0 0 0 0 0 0 0 0 0 0 0 0 0 0 0 0 0 0 0 
miss window 7 3 17 22 16 14 12 11 11 10 7 5 3 4 3 2 2 1 1 1 1 2 3 3 3 3 1 1 1 1 1 1 1 0 0 0 1 1 1 1 0 0 0 0 1 2 2 2 2 3 3 3 3 
acm fire 7 3 3 7 10 13 14 15 16 17 18 19 22 25 28 31 34 37 38 39 40 41 42 43 44 46 48 50 51 53 55 55 55 55 55 56 57 59 61 63 64 65 68 71 74 77 80 83 86 88 90 92 94 
acm human 7 3 25 56 82 105 123 142 158 173 186 197 204 212 222 231 237 242 247 251 255 259 261 263 265 267 269 271 273 275 277 277 277 279 279 279 279 279 279 279 279 279 279 279 279 279 279 279 279 279 279 279 279 
acm window 7 3 17 39 55 69 81 92 103 113 120 125 128 132 135 137 139 140 141 142 143 145 148 151 154 157 158 159 160 161 162 163 164 164 164 164 165 166 167 168 168 168 168 168 169 171 173 175 177 180 183 186 189 
tsim fire 7 3 3 4 4 4 4 4 4 4 4 4 6 6 6 6 6 6 6 6 6 6 6 6 6 7 7 7 7 8 8 8 8 8 8 9 9 10 10 10 10 10 12 12 12 12 12 12 12 12 12 12 12 
tsim human 7 3 25 31 30 30 28 25 23 23 22 20 18 17 17 17 17 17 17 17 17 17 17 17 17 17 17 17 17 17 17 17 17 17 17 17 17 17 17 17 17 17 17 17 17 17 17 17 17 17 17 17 17 
tsim window 7 3 17 22 22 22 22 22 22 22 22 22 22 23 23 23 23 23 23 23 23 24 25 25 25 27 27 27 27 27 27 27 27 27 27 27 28 28 28 28 28 28 29 29 30 31 31 31 31 32 32 32 32 
task_num -1 7 3 629runtime -1 7 3 9.969315767288208 7.970513105392456 4.3808252811431885 4.065406799316406 3.9724807739257812 3.0491485595703125 2.668595790863037 3.8007431030273438 1.1223704814910889 
avg_run -1 7 3 4.555488851335314
al_time -1 7 3 0.018802165985107422 0.024251937866210938 0.020282506942749023 1.174644947052002 0.02275538444519043 0.02300095558166504 0.024539947509765625 0.026688098907470703 0.017846345901489258 
avg_all -1 7 3 0.15031247668796116
sum 0 8 3 60 102 
sum 1 8 3 180 192 
sum 2 8 3 240 231 
sum 3 8 3 360 308 
sum 4 8 3 540 406 
sum 5 8 3 600 432 
sum 6 8 3 1200 589 
sum 7 8 3 1500 610 
sum 8 8 3 1800 621 
sum 9 8 3 2100 636 
sum 10 8 3 2400 648 
sum 11 8 3 2700 659 
sum 12 8 3 3000 673 
miss fire 8 3 3 4 3 3 3 3 3 3 3 3 4 4 4 2 2 2 2 2 2 1 0 0 0 1 1 1 0 1 1 1 1 1 1 2 2 2 2 1 1 0 2 2 2 0 0 0 0 0 0 0 0 
miss human 8 3 25 31 21 19 14 15 12 12 11 9 6 7 7 6 6 5 5 5 3 3 3 3 2 2 2 2 1 1 1 1 1 1 1 1 1 1 1 1 1 0 0 0 0 0 0 0 0 0 0 0 0 
miss window 8 3 17 22 22 22 22 22 22 20 20 17 16 17 14 11 10 9 8 6 5 4 2 2 2 1 1 1 1 1 0 0 0 0 0 0 1 1 1 1 1 0 0 0 1 2 2 2 2 3 3 3 3 
acm fire 8 3 3 7 10 13 16 19 22 25 28 31 35 39 43 45 47 49 51 53 55 56 56 56 56 57 58 59 59 60 61 62 63 64 65 67 69 71 73 74 75 75 77 79 81 81 81 81 81 81 81 81 81 
acm human 8 3 25 56 77 96 110 125 137 149 160 169 175 182 189 195 201 206 211 216 219 222 225 228 230 232 234 236 237 238 239 240 241 242 243 244 245 246 247 248 249 249 249 249 249 249 249 249 249 249 249 249 249 
acm window 8 3 17 39 61 83 105 127 149 169 189 206 222 239 253 264 274 283 291 297 302 306 308 310 312 313 314 315 316 317 317 317 317 317 317 317 318 319 320 321 322 322 322 322 323 325 327 329 331 334 337 340 343 
tsim fire 8 3 3 4 4 4 4 4 4 4 4 4 6 6 6 6 6 6 6 6 6 6 6 6 6 7 7 7 7 8 8 8 8 8 8 9 9 10 10 10 10 10 12 12 12 12 12 12 12 12 12 12 12 
tsim human 8 3 25 31 30 30 28 25 23 23 22 20 18 17 17 17 17 17 17 17 17 17 17 17 17 17 17 17 17 17 17 17 17 17 17 17 17 17 17 17 17 17 17 17 17 17 17 17 17 17 17 17 17 
tsim window 8 3 17 22 22 22 22 22 22 22 22 22 22 23 23 23 23 23 23 23 23 24 25 25 25 27 27 27 27 27 27 27 27 27 27 27 28 28 28 28 28 28 29 29 30 31 31 31 31 32 32 32 32 
task_num -1 8 3 662runtime -1 8 3 7.588538646697998 10.096153736114502 14.277398109436035 4.5365002155303955 4.693376541137695 3.8901472091674805 3.878772735595703 4.279115915298462 3.51827073097229 2.940845251083374 3.3898284435272217 
avg_run -1 8 3 5.735358866778287
al_time -1 8 3 0.023395299911499023 0.020585298538208008 0.02425074577331543 1.1847774982452393 0.022063732147216797 0.02428460121154785 0.022596120834350586 0.02320098876953125 0.04095888137817383 0.023578643798828125 0.02109813690185547 
avg_all -1 8 3 0.1300718134099787
sum 0 9 3 60 102 
sum 1 9 3 180 194 
sum 2 9 3 240 236 
sum 3 9 3 360 313 
sum 4 9 3 540 411 
sum 5 9 3 600 441 
sum 6 9 3 1200 617 
sum 7 9 3 1500 643 
sum 8 9 3 1800 653 
sum 9 9 3 2100 659 
sum 10 9 3 2400 671 
sum 11 9 3 2700 698 
sum 12 9 3 3000 723 
miss fire 9 3 3 4 3 3 3 3 3 3 3 3 5 5 4 3 3 3 2 2 2 0 0 0 0 1 0 0 0 1 1 1 1 1 0 1 1 1 1 1 1 1 3 3 3 3 3 3 3 3 2 1 1 
miss human 9 3 25 31 22 20 17 18 13 13 11 11 10 9 10 10 8 7 5 4 3 3 3 3 3 3 2 2 3 3 0 0 0 0 0 0 0 0 0 0 0 0 0 0 0 0 0 0 0 0 0 0 0 
miss window 9 3 17 22 22 22 22 20 20 20 18 16 15 16 16 14 11 9 6 6 6 3 3 3 3 2 2 2 0 0 0 0 0 0 0 0 1 1 1 1 1 1 1 1 2 3 3 3 3 4 4 2 2 
acm fire 9 3 3 7 10 13 16 19 22 25 28 31 36 41 45 48 51 54 56 58 60 60 60 60 60 61 61 61 61 62 63 64 65 66 66 67 68 69 70 71 72 73 76 79 82 85 88 91 94 97 99 100 101 
acm human 9 3 25 56 78 98 115 133 146 159 170 181 191 200 210 220 228 235 240 244 247 250 253 256 259 262 264 266 269 272 272 272 272 272 272 272 272 272 272 272 272 272 272 272 272 272 272 272 272 272 272 272 272 
acm window 9 3 17 39 61 83 105 125 145 165 183 199 214 230 246 260 271 280 286 292 298 301 304 307 310 312 314 316 316 316 316 316 316 316 316 316 317 318 319 320 321 322 323 324 326 329 332 335 338 342 346 348 350 
tsim fire 9 3 3 4 4 4 4 4 4 4 4 4 6 6 6 6 6 6 6 6 6 6 6 6 6 7 7 7 7 8 8 8 8 8 8 9 9 10 10 10 10 10 12 12 12 12 12 12 12 12 12 12 12 
tsim human 9 3 25 31 30 30 28 25 23 23 22 20 18 17 17 17 17 17 17 17 17 17 17 17 17 17 17 17 17 17 17 17 17 17 17 17 17 17 17 17 17 17 17 17 17 17 17 17 17 17 17 17 17 
tsim window 9 3 17 22 22 22 22 22 22 22 22 22 22 23 23 23 23 23 23 23 23 24 25 25 25 27 27 27 27 27 27 27 27 27 27 27 28 28 28 28 28 28 29 29 30 31 31 31 31 32 32 32 32 
task_num -1 9 3 631runtime -1 9 3 0.23860883712768555 0.8910675048828125 3.999870777130127 1.8630070686340332 2.825629711151123 3.569802761077881 4.67880654335022 3.437227249145508 1.665961742401123 0.7457213401794434 
avg_run -1 9 3 2.3915703535079955
al_time -1 9 3 0.022127866744995117 0.02009868621826172 3.7352402210235596 0.045380353927612305 0.041002750396728516 0.02214646339416504 0.023497343063354492 0.02155613899230957 0.023326873779296875 0.02258610725402832 
avg_all -1 9 3 0.3976962804794312
sum 0 10 3 60 102 
sum 1 10 3 180 188 
sum 2 10 3 240 226 
sum 3 10 3 360 294 
sum 4 10 3 540 380 
sum 5 10 3 600 406 
sum 6 10 3 1200 571 
sum 7 10 3 1500 600 
sum 8 10 3 1800 616 
sum 9 10 3 2100 622 
sum 10 10 3 2400 639 
sum 11 10 3 2700 662 
sum 12 10 3 3000 666 
miss fire 10 3 3 4 3 3 3 3 3 3 3 3 5 5 4 3 3 3 2 2 2 0 0 0 0 1 0 0 0 1 1 1 1 0 0 1 1 2 2 2 2 2 4 4 4 3 3 0 0 0 0 0 0 
miss human 10 3 25 31 19 17 13 14 8 8 7 8 6 5 7 7 6 6 4 4 4 4 4 4 4 4 2 2 4 4 4 0 0 0 0 0 0 0 0 0 0 0 0 0 0 0 0 0 0 0 0 0 0 
miss window 10 3 17 22 22 22 22 20 20 20 18 16 15 16 16 14 11 9 6 6 6 3 3 3 3 2 2 2 0 0 0 0 0 0 0 0 1 1 1 1 1 1 1 1 2 3 3 0 0 1 1 1 1 
acm fire 10 3 3 7 10 13 16 19 22 25 28 31 36 41 45 48 51 54 56 58 60 60 60 60 60 61 61 61 61 62 63 64 65 65 65 66 67 69 71 73 75 77 81 85 89 92 95 95 95 95 95 95 95 
acm human 10 3 25 56 75 92 105 119 127 135 142 150 156 161 168 175 181 187 191 195 199 203 207 211 215 219 221 223 227 231 235 235 235 235 235 235 235 235 235 235 235 235 235 235 235 235 235 235 235 235 235 235 235 
acm window 10 3 17 39 61 83 105 125 145 165 183 199 214 230 246 260 271 280 286 292 298 301 304 307 310 312 314 316 316 316 316 316 316 316 316 316 317 318 319 320 321 322 323 324 326 329 332 332 332 333 334 335 336 
tsim fire 10 3 3 4 4 4 4 4 4 4 4 4 6 6 6 6 6 6 6 6 6 6 6 6 6 7 7 7 7 8 8 8 8 8 8 9 9 10 10 10 10 10 12 12 12 12 12 12 12 12 12 12 12 
tsim human 10 3 25 31 30 30 28 25 23 23 22 20 18 17 17 17 17 17 17 17 17 17 17 17 17 17 17 17 17 17 17 17 17 17 17 17 17 17 17 17 17 17 17 17 17 17 17 17 17 17 17 17 17 
tsim window 10 3 17 22 22 22 22 22 22 22 22 22 22 23 23 23 23 23 23 23 23 24 25 25 25 27 27 27 27 27 27 27 27 27 27 27 28 28 28 28 28 28 29 29 30 31 31 31 31 32 32 32 32 
task_num -1 10 3 664runtime -1 10 3 0.26120519638061523 1.1365594863891602 9.08410120010376 1.5418128967285156 3.513800859451294 4.339916706085205 3.712292194366455 2.5796382427215576 0.7015161514282227 
avg_run -1 10 3 2.9856492148505316
al_time -1 10 3 0.02220439910888672 0.020522594451904297 3.78505277633667 0.023532629013061523 0.021975278854370117 0.022344350814819336 0.040387630462646484 0.04261469841003418 0.020092010498046875 
avg_all -1 10 3 0.44430292977227104
random:4T:3000
sum 0 0 4 60 59 
sum 1 0 4 180 97 
sum 2 0 4 240 111 
sum 3 0 4 360 132 
sum 4 0 4 540 147 
sum 5 0 4 600 155 
sum 6 0 4 1200 184 
sum 7 0 4 1500 200 
sum 8 0 4 1800 215 
sum 9 0 4 2100 221 
sum 10 0 4 2400 224 
sum 11 0 4 2700 227 
sum 12 0 4 3000 230 
miss fire 0 4 2 2 1 0 0 0 1 1 1 1 3 3 1 1 1 1 1 2 1 1 0 0 0 0 0 0 0 0 0 0 1 1 1 1 1 0 0 0 1 1 1 1 0 0 2 0 0 0 1 0 0 
miss human 0 4 16 15 12 10 9 7 5 4 3 3 5 5 3 0 0 0 0 0 0 0 0 0 0 0 0 0 0 0 0 0 0 0 0 0 0 0 0 0 0 0 0 0 0 0 0 0 0 0 0 0 0 
miss window 0 4 12 12 9 6 5 5 3 2 0 0 0 0 0 0 0 0 1 1 2 2 3 3 3 3 3 4 4 4 4 1 1 1 1 0 0 0 0 0 0 0 0 0 0 0 0 0 0 0 0 1 1 
acm fire 0 4 2 4 5 5 5 5 6 7 8 9 12 15 16 17 18 19 20 22 23 24 24 24 24 24 24 24 24 24 24 24 25 26 27 28 29 29 29 29 30 31 32 33 33 33 35 35 35 35 36 36 36 
acm human 0 4 16 31 43 53 62 69 74 78 81 84 89 94 97 97 97 97 97 97 97 97 97 97 97 97 97 97 97 97 97 97 97 97 97 97 97 97 97 97 97 97 97 97 97 97 97 97 97 97 97 97 97 
acm window 0 4 12 24 33 39 44 49 52 54 54 54 54 54 54 54 54 54 55 56 58 60 63 66 69 72 75 79 83 87 91 92 93 94 95 95 95 95 95 95 95 95 95 95 95 95 95 95 95 95 95 96 97 
tsim fire 0 4 2 2 2 2 2 2 3 3 3 3 6 6 6 6 6 6 6 7 7 7 7 7 7 7 7 7 7 7 7 7 7 7 7 6 6 6 6 6 7 8 8 8 8 8 10 10 10 10 11 12 12 
tsim human 0 4 16 15 15 15 15 14 14 14 13 13 15 15 13 11 11 11 11 11 11 11 11 11 11 11 11 11 11 11 11 11 11 11 11 11 11 11 11 11 11 11 11 11 11 11 11 11 11 11 11 11 11 
tsim window 0 4 12 12 12 12 12 12 12 12 12 12 15 15 15 15 15 15 16 16 18 18 19 19 19 19 19 20 20 20 20 20 20 20 20 20 20 20 20 20 20 20 20 20 20 20 25 25 25 25 25 26 26 
task_num -1 0 4 472runtime -1 0 4 0.4569847583770752 0.3069148063659668 0.40749430656433105 0.44189953804016113 0.44550085067749023 0.43207645416259766 0.4611830711364746 0.45738887786865234 0.5067942142486572 0.3825666904449463 0.3001289367675781 
avg_run -1 0 4 0.41808477315035736
al_time -1 0 4 0.012997627258300781 1.3292012214660645 0.014000177383422852 0.015354633331298828 0.015040397644042969 0.02042078971862793 0.01788020133972168 0.017163991928100586 0.01775336265563965 1.4061541557312012 0.01927495002746582 
avg_all -1 0 4 0.2622946825894443
sum 0 1 4 60 59 
sum 1 1 4 180 108 
sum 2 1 4 240 128 
sum 3 1 4 360 164 
sum 4 1 4 540 203 
sum 5 1 4 600 216 
sum 6 1 4 1200 257 
sum 7 1 4 1500 268 
sum 8 1 4 1800 278 
sum 9 1 4 2100 285 
sum 10 1 4 2400 293 
sum 11 1 4 2700 298 
sum 12 1 4 3000 315 
miss fire 1 4 2 2 1 1 1 1 2 2 2 1 3 3 0 0 0 0 0 1 1 1 1 1 1 1 1 1 1 1 1 1 1 1 0 1 1 1 1 1 2 3 1 1 0 0 2 2 2 2 3 4 4 
miss human 1 4 16 15 13 10 9 8 7 6 6 5 7 7 4 2 2 1 1 2 0 0 0 0 0 0 0 0 0 0 0 0 0 0 0 0 0 0 0 0 0 0 0 0 0 0 0 0 0 0 0 0 0 
miss window 1 4 12 12 12 12 10 9 9 7 5 5 3 3 0 0 0 0 1 1 3 3 4 4 1 0 0 1 1 1 1 1 1 1 1 1 0 0 0 0 0 0 0 0 0 0 0 0 0 0 0 1 1 
acm fire 1 4 2 4 5 6 7 8 10 12 14 15 18 21 21 21 21 21 21 22 23 24 25 26 27 28 29 30 31 32 33 34 35 36 36 37 38 39 40 41 43 46 47 48 48 48 50 52 54 56 59 63 67 
acm human 1 4 16 31 44 54 63 71 78 84 90 95 102 109 113 115 117 118 119 121 121 121 121 121 121 121 121 121 121 121 121 121 121 121 121 121 121 121 121 121 121 121 121 121 121 121 121 121 121 121 121 121 121 
acm window 1 4 12 24 36 48 58 67 76 83 88 93 96 99 99 99 99 99 100 101 104 107 111 115 116 116 116 117 118 119 120 121 122 123 124 125 125 125 125 125 125 125 125 125 125 125 125 125 125 125 125 126 127 
tsim fire 1 4 2 2 2 2 2 2 3 3 3 3 6 6 6 6 6 6 6 7 7 7 7 7 7 7 7 7 7 7 7 7 7 7 7 6 6 6 6 6 7 8 8 8 8 8 10 10 10 10 11 12 12 
tsim human 1 4 16 15 15 15 15 14 14 14 13 13 15 15 13 11 11 11 11 11 11 11 11 11 11 11 11 11 11 11 11 11 11 11 11 11 11 11 11 11 11 11 11 11 11 11 11 11 11 11 11 11 11 
tsim window 1 4 12 12 12 12 12 12 12 12 12 12 15 15 15 15 15 15 16 16 18 18 19 19 19 19 19 20 20 20 20 20 20 20 20 20 20 20 20 20 20 20 20 20 20 20 25 25 25 25 25 26 26 
task_num -1 1 4 398runtime -1 1 4 0.08826565742492676 0.5988194942474365 0.6316370964050293 0.728262186050415 1.1874091625213623 1.3325979709625244 1.6245176792144775 0.9554951190948486 0.9250118732452393 0.9281389713287354 
avg_run -1 1 4 0.9000155210494996
al_time -1 1 4 0.01403951644897461 1.3756122589111328 0.014007806777954102 0.013834476470947266 0.013683080673217773 0.016060352325439453 0.01473379135131836 0.016295194625854492 0.014623641967773438 0.013380289077758789 
avg_all -1 1 4 0.1506270408630371
