random:0T:3000
sum 0 0 0 60 58 
sum 1 0 0 180 90 
sum 2 0 0 240 97 
sum 3 0 0 360 112 
sum 4 0 0 540 133 
sum 5 0 0 600 137 
sum 6 0 0 1200 152 
sum 7 0 0 1500 152 
sum 8 0 0 1800 153 
sum 9 0 0 2100 160 
sum 10 0 0 2400 167 
sum 11 0 0 2700 171 
sum 12 0 0 3000 175 
miss fire 0 0 3 3 2 1 0 0 1 2 2 2 0 0 0 0 0 1 1 0 0 0 0 0 0 0 0 0 0 0 0 0 0 1 2 1 1 2 3 1 1 0 0 0 0 0 0 0 0 1 1 1 1 
miss human 0 0 18 18 12 12 7 7 7 7 4 4 4 4 3 2 1 0 0 0 0 0 0 0 0 0 0 0 0 0 0 0 0 0 0 0 0 0 0 0 0 0 0 0 0 0 0 0 0 0 0 0 0 
miss window 0 0 8 8 3 2 0 0 0 0 0 0 0 0 0 0 1 0 0 1 1 0 0 0 0 0 0 0 1 0 0 0 0 0 0 0 0 0 0 0 0 1 1 0 1 1 0 2 0 0 0 0 0 
acm fire 0 0 3 6 8 9 9 9 10 12 14 16 16 16 16 16 16 17 18 18 18 18 18 18 18 18 18 18 18 18 18 18 18 19 21 22 23 25 28 29 30 30 30 30 30 30 30 30 30 31 32 33 34 
acm human 0 0 18 36 48 60 67 74 81 88 92 96 100 104 107 109 110 110 110 110 110 110 110 110 110 110 110 110 110 110 110 110 110 110 110 110 110 110 110 110 110 110 110 110 110 110 110 110 110 110 110 110 110 
acm window 0 0 8 16 19 21 21 21 21 21 21 21 21 21 21 21 22 22 22 23 24 24 24 24 24 24 24 24 25 25 25 25 25 25 25 25 25 25 25 25 25 26 27 27 28 29 29 31 31 31 31 31 31 
tsim fire 0 0 3 3 3 3 3 3 4 5 5 5 5 5 5 5 5 6 6 6 6 6 6 6 6 6 6 6 6 6 6 6 6 7 8 8 8 9 10 10 10 10 10 10 10 10 10 10 10 11 11 11 11 
tsim human 0 0 18 18 18 17 16 15 15 15 14 14 13 11 10 10 9 8 8 8 8 8 8 8 8 8 8 8 8 8 8 8 8 8 8 8 8 8 8 8 8 8 8 8 8 8 8 8 8 8 8 8 8 
tsim window 0 0 8 8 8 8 8 8 8 8 8 8 8 8 8 8 9 9 9 10 10 10 10 10 10 10 10 10 11 11 11 11 11 13 13 13 13 13 13 13 13 14 14 14 15 15 15 17 17 17 17 17 17 
task_num -1 0 0 400runtime -1 0 0 0.24647927284240723 0.24157309532165527 0.2537717819213867 0.26582956314086914 0.2665252685546875 0.2638843059539795 0.2611362934112549 0.2755722999572754 0.30969953536987305 0.3026711940765381 
avg_run -1 0 0 0.2687142610549927
al_time -1 0 0 0.01712775230407715 0.014385700225830078 0.01496124267578125 0.014369010925292969 0.014580965042114258 0.022609710693359375 0.02034616470336914 0.527240514755249 0.0414886474609375 0.02462315559387207 
avg_all -1 0 0 0.07117328643798829
sum 0 1 0 60 58 
sum 1 1 0 180 94 
sum 2 1 0 240 107 
sum 3 1 0 360 128 
sum 4 1 0 540 148 
sum 5 1 0 600 152 
sum 6 1 0 1200 168 
sum 7 1 0 1500 168 
sum 8 1 0 1800 172 
sum 9 1 0 2100 176 
sum 10 1 0 2400 181 
sum 11 1 0 2700 184 
sum 12 1 0 3000 188 
miss fire 1 0 3 3 1 1 1 1 2 2 2 2 0 0 0 0 0 1 0 0 0 0 0 0 0 0 0 0 0 0 0 0 0 1 1 1 0 1 1 1 1 0 0 0 0 0 0 0 0 1 1 0 0 
miss human 1 0 18 18 11 10 7 7 6 6 4 4 4 4 3 3 2 1 0 0 0 0 0 0 0 0 0 0 0 0 0 0 0 0 0 0 0 0 0 0 0 0 0 0 0 0 0 0 0 0 0 0 0 
miss window 1 0 8 8 7 6 5 3 2 0 0 0 0 0 0 0 1 0 0 1 0 0 0 0 0 0 0 0 1 1 1 1 0 0 0 0 0 0 0 0 0 1 1 0 1 0 0 2 1 1 0 0 0 
acm fire 1 0 3 6 7 8 9 10 12 14 16 18 18 18 18 18 18 19 19 19 19 19 19 19 19 19 19 19 19 19 19 19 19 20 21 22 22 23 24 25 26 26 26 26 26 26 26 26 26 27 28 28 28 
acm human 1 0 18 36 47 57 64 71 77 83 87 91 95 99 102 105 107 108 108 108 108 108 108 108 108 108 108 108 108 108 108 108 108 108 108 108 108 108 108 108 108 108 108 108 108 108 108 108 108 108 108 108 108 
acm window 1 0 8 16 23 29 34 37 39 39 39 39 39 39 39 39 40 40 40 41 41 41 41 41 41 41 41 41 42 43 44 45 45 45 45 45 45 45 45 45 45 46 47 47 48 48 48 50 51 52 52 52 52 
tsim fire 1 0 3 3 3 3 3 3 4 5 5 5 5 5 5 5 5 6 6 6 6 6 6 6 6 6 6 6 6 6 6 6 6 7 8 8 8 9 10 10 10 10 10 10 10 10 10 10 10 11 11 11 11 
tsim human 1 0 18 18 18 17 16 15 15 15 14 14 13 11 10 10 9 8 8 8 8 8 8 8 8 8 8 8 8 8 8 8 8 8 8 8 8 8 8 8 8 8 8 8 8 8 8 8 8 8 8 8 8 
tsim window 1 0 8 8 8 8 8 8 8 8 8 8 8 8 8 8 9 9 9 10 10 10 10 10 10 10 10 10 11 11 11 11 11 13 13 13 13 13 13 13 13 14 14 14 15 15 15 17 17 17 17 17 17 
task_num -1 1 0 401runtime -1 1 0 0.36766695976257324 0.4314906597137451 0.4321401119232178 0.47777318954467773 0.5103061199188232 0.5022845268249512 0.5418496131896973 0.5317761898040771 0.4775257110595703 0.5748002529144287 0.6526131629943848 0.08484268188476562 
avg_run -1 1 0 0.46542243162790936
al_time -1 1 0 0.017668485641479492 0.01424407958984375 0.013566255569458008 0.016772031784057617 0.014530420303344727 0.019832372665405273 0.5111417770385742 0.01581883430480957 0.016518831253051758 0.017871618270874023 0.02544236183166504 0.010968446731567383 
avg_all -1 1 0 0.057864626248677574
sum 0 2 0 60 58 
sum 1 2 0 180 91 
sum 2 2 0 240 100 
sum 3 2 0 360 119 
sum 4 2 0 540 137 
sum 5 2 0 600 141 
sum 6 2 0 1200 160 
sum 7 2 0 1500 160 
sum 8 2 0 1800 163 
sum 9 2 0 2100 173 
sum 10 2 0 2400 183 
sum 11 2 0 2700 188 
sum 12 2 0 3000 192 
miss fire 2 0 3 3 0 0 0 0 1 2 1 1 1 1 0 0 0 1 0 0 0 0 0 0 0 0 0 0 0 0 0 0 0 1 2 2 2 3 2 2 2 2 1 1 0 0 0 0 0 1 1 0 0 
miss human 2 0 18 18 10 9 6 7 7 6 4 4 3 5 3 3 1 0 0 0 0 0 0 0 0 0 0 0 0 0 0 0 0 0 0 0 0 0 0 0 0 0 0 0 0 0 0 0 0 0 0 0 0 
miss window 2 0 8 8 8 6 3 2 2 0 0 0 0 0 0 0 1 1 0 1 1 1 0 0 0 0 0 0 1 1 1 0 0 0 0 0 0 0 0 0 0 1 0 0 1 1 0 2 1 1 0 0 0 
acm fire 2 0 3 6 6 6 6 6 7 9 10 11 12 13 13 13 13 14 14 14 14 14 14 14 14 14 14 14 14 14 14 14 14 15 17 19 21 24 26 28 30 32 33 34 34 34 34 34 34 35 36 36 36 
acm human 2 0 18 36 46 55 61 68 75 81 85 89 92 97 100 103 104 104 104 104 104 104 104 104 104 104 104 104 104 104 104 104 104 104 104 104 104 104 104 104 104 104 104 104 104 104 104 104 104 104 104 104 104 
acm window 2 0 8 16 24 30 33 35 37 37 37 37 37 37 37 37 38 39 39 40 41 42 42 42 42 42 42 42 43 44 45 45 45 45 45 45 45 45 45 45 45 46 46 46 47 48 48 50 51 52 52 52 52 
tsim fire 2 0 3 3 3 3 3 3 4 5 5 5 5 5 5 5 5 6 6 6 6 6 6 6 6 6 6 6 6 6 6 6 6 7 8 8 8 9 10 10 10 10 10 10 10 10 10 10 10 11 11 11 11 
tsim human 2 0 18 18 18 17 16 15 15 15 14 14 13 11 10 10 9 8 8 8 8 8 8 8 8 8 8 8 8 8 8 8 8 8 8 8 8 8 8 8 8 8 8 8 8 8 8 8 8 8 8 8 8 
tsim window 2 0 8 8 8 8 8 8 8 8 8 8 8 8 8 8 9 9 9 10 10 10 10 10 10 10 10 10 11 11 11 11 11 13 13 13 13 13 13 13 13 14 14 14 15 15 15 17 17 17 17 17 17 
task_num -1 2 0 401runtime -1 2 0 1.068505048751831 0.6970643997192383 0.5823984146118164 0.5454134941101074 0.49820399284362793 0.5328278541564941 0.5157620906829834 1.1208136081695557 0.6112551689147949 0.4277677536010742 
avg_run -1 2 0 0.6600011825561524
al_time -1 2 0 0.018613100051879883 0.013956546783447266 0.014119148254394531 0.014494657516479492 0.013986825942993164 0.021728992462158203 0.5722527503967285 0.020130395889282227 0.01720881462097168 0.02068948745727539 
avg_all -1 2 0 0.07271807193756104
sum 0 3 0 60 58 
sum 1 3 0 180 88 
sum 2 3 0 240 98 
sum 3 3 0 360 119 
sum 4 3 0 540 144 
sum 5 3 0 600 150 
sum 6 3 0 1200 171 
sum 7 3 0 1500 174 
sum 8 3 0 1800 178 
sum 9 3 0 2100 182 
sum 10 3 0 2400 186 
sum 11 3 0 2700 193 
sum 12 3 0 3000 203 
miss fire 3 0 3 3 0 0 0 0 1 2 2 2 2 0 0 0 0 1 1 1 0 0 0 0 0 0 0 0 0 0 0 0 0 1 1 1 0 1 1 1 0 0 0 0 0 0 0 0 0 1 1 1 1 
miss human 3 0 18 18 8 8 6 7 7 7 6 5 4 4 3 2 1 0 0 0 0 0 0 0 0 0 0 0 0 0 0 0 0 0 0 0 0 0 0 0 0 0 0 0 0 0 0 0 0 0 0 0 0 
miss window 3 0 8 8 8 6 4 3 3 1 0 0 0 0 0 0 1 1 1 2 1 1 1 1 1 1 0 0 1 1 1 1 0 0 0 0 0 0 0 0 0 1 1 1 2 2 0 2 2 1 1 1 1 
acm fire 3 0 3 6 6 6 6 6 7 9 11 13 15 15 15 15 15 16 17 18 18 18 18 18 18 18 18 18 18 18 18 18 18 19 20 21 21 22 23 24 24 24 24 24 24 24 24 24 24 25 26 27 28 
acm human 3 0 18 36 44 52 58 65 72 79 85 90 94 98 101 103 104 104 104 104 104 104 104 104 104 104 104 104 104 104 104 104 104 104 104 104 104 104 104 104 104 104 104 104 104 104 104 104 104 104 104 104 104 
acm window 3 0 8 16 24 30 34 37 40 41 41 41 41 41 41 41 42 43 44 46 47 48 49 50 51 52 52 52 53 54 55 56 56 56 56 56 56 56 56 56 56 57 58 59 61 63 63 65 67 68 69 70 71 
tsim fire 3 0 3 3 3 3 3 3 4 5 5 5 5 5 5 5 5 6 6 6 6 6 6 6 6 6 6 6 6 6 6 6 6 7 8 8 8 9 10 10 10 10 10 10 10 10 10 10 10 11 11 11 11 
tsim human 3 0 18 18 18 17 16 15 15 15 14 14 13 11 10 10 9 8 8 8 8 8 8 8 8 8 8 8 8 8 8 8 8 8 8 8 8 8 8 8 8 8 8 8 8 8 8 8 8 8 8 8 8 
tsim window 3 0 8 8 8 8 8 8 8 8 8 8 8 8 8 8 9 9 9 10 10 10 10 10 10 10 10 10 11 11 11 11 11 13 13 13 13 13 13 13 13 14 14 14 15 15 15 17 17 17 17 17 17 
task_num -1 3 0 400runtime -1 3 0 0.012182474136352539 0.011936426162719727 0.011948347091674805 0.011846542358398438 0.01187586784362793 0.0119476318359375 0.011900663375854492 0.017000675201416016 0.01689291000366211 0.016976594924926758 0.0168912410736084 0.017059326171875 
avg_run -1 3 0 0.014038225015004476
al_time -1 3 0 0.01968860626220703 0.015293598175048828 0.015383720397949219 0.015601873397827148 0.018859148025512695 0.020008087158203125 0.5401551723480225 0.01775527000427246 0.01861715316772461 0.01904773712158203 0.02263045310974121 0.015349149703979492 
avg_all -1 3 0 0.06153249740600586
sum 0 4 0 60 58 
sum 1 4 0 180 92 
sum 2 4 0 240 105 
sum 3 4 0 360 126 
sum 4 4 0 540 146 
sum 5 4 0 600 150 
sum 6 4 0 1200 170 
sum 7 4 0 1500 170 
sum 8 4 0 1800 175 
sum 9 4 0 2100 181 
sum 10 4 0 2400 189 
sum 11 4 0 2700 194 
sum 12 4 0 3000 202 
miss fire 4 0 3 3 1 1 1 1 2 2 2 2 0 0 0 0 0 1 1 1 1 1 1 0 0 0 0 0 0 0 0 0 0 1 2 2 0 1 2 2 1 1 1 1 0 0 0 0 0 1 1 0 0 
miss human 4 0 18 18 10 9 7 7 6 6 4 4 4 4 2 2 1 1 1 0 0 0 0 0 0 0 0 0 0 0 0 0 0 0 0 0 0 0 0 0 0 0 0 0 0 0 0 0 0 0 0 0 0 
miss window 4 0 8 8 7 6 5 3 2 0 0 0 0 0 0 0 1 0 0 1 1 0 0 0 0 0 0 0 1 1 1 1 1 0 0 0 0 0 0 0 0 1 0 0 1 1 0 2 2 2 2 0 0 
acm fire 4 0 3 6 7 8 9 10 12 14 16 18 18 18 18 18 18 19 20 21 22 23 24 24 24 24 24 24 24 24 24 24 24 25 27 29 29 30 32 34 35 36 37 38 38 38 38 38 38 39 40 40 40 
acm human 4 0 18 36 46 55 62 69 75 81 85 89 93 97 99 101 102 103 104 104 104 104 104 104 104 104 104 104 104 104 104 104 104 104 104 104 104 104 104 104 104 104 104 104 104 104 104 104 104 104 104 104 104 
acm window 4 0 8 16 23 29 34 37 39 39 39 39 39 39 39 39 40 40 40 41 42 42 42 42 42 42 42 42 43 44 45 46 47 47 47 47 47 47 47 47 47 48 48 48 49 50 50 52 54 56 58 58 58 
tsim fire 4 0 3 3 3 3 3 3 4 5 5 5 5 5 5 5 5 6 6 6 6 6 6 6 6 6 6 6 6 6 6 6 6 7 8 8 8 9 10 10 10 10 10 10 10 10 10 10 10 11 11 11 11 
tsim human 4 0 18 18 18 17 16 15 15 15 14 14 13 11 10 10 9 8 8 8 8 8 8 8 8 8 8 8 8 8 8 8 8 8 8 8 8 8 8 8 8 8 8 8 8 8 8 8 8 8 8 8 8 
tsim window 4 0 8 8 8 8 8 8 8 8 8 8 8 8 8 8 9 9 9 10 10 10 10 10 10 10 10 10 11 11 11 11 11 13 13 13 13 13 13 13 13 14 14 14 15 15 15 17 17 17 17 17 17 
task_num -1 4 0 401runtime -1 4 0 0.3582909107208252 0.4321620464324951 0.5675711631774902 0.4788327217102051 0.5427792072296143 0.6267821788787842 0.5640788078308105 0.44982337951660156 0.7519083023071289 0.42610955238342285 0.0548248291015625 
avg_run -1 4 0 0.47756028175354004
al_time -1 4 0 0.017477989196777344 0.013782739639282227 0.013886213302612305 0.0176849365234375 0.015713214874267578 0.021587610244750977 0.5598442554473877 0.018377304077148438 0.019294261932373047 0.021106481552124023 0.011815309524536133 
avg_all -1 4 0 0.06641548330133612
sum 0 5 0 60 58 
sum 1 5 0 180 91 
sum 2 5 0 240 103 
sum 3 5 0 360 121 
sum 4 5 0 540 140 
sum 5 5 0 600 144 
sum 6 5 0 1200 161 
sum 7 5 0 1500 161 
sum 8 5 0 1800 164 
sum 9 5 0 2100 172 
sum 10 5 0 2400 179 
sum 11 5 0 2700 184 
sum 12 5 0 3000 191 
miss fire 5 0 3 3 0 0 0 0 1 2 1 1 1 0 0 0 0 1 1 0 0 0 0 0 0 0 0 0 0 0 0 0 0 1 2 2 1 2 3 1 1 0 0 0 0 0 0 0 0 1 0 0 0 
miss human 5 0 18 18 12 11 10 8 7 6 5 4 3 4 3 2 1 0 0 0 0 0 0 0 0 0 0 0 0 0 0 0 0 0 0 0 0 0 0 0 0 0 0 0 0 0 0 0 0 0 0 0 0 
miss window 5 0 8 8 6 4 2 1 1 0 0 0 0 0 0 0 1 1 1 1 1 0 0 0 0 0 0 0 1 1 1 0 0 0 0 0 0 0 0 0 0 1 1 0 1 1 1 2 2 2 2 0 0 
acm fire 5 0 3 6 6 6 6 6 7 9 10 11 12 12 12 12 12 13 14 14 14 14 14 14 14 14 14 14 14 14 14 14 14 15 17 19 20 22 25 26 27 27 27 27 27 27 27 27 27 28 28 28 28 
acm human 5 0 18 36 48 59 69 77 84 90 95 99 102 106 109 111 112 112 112 112 112 112 112 112 112 112 112 112 112 112 112 112 112 112 112 112 112 112 112 112 112 112 112 112 112 112 112 112 112 112 112 112 112 
acm window 5 0 8 16 22 26 28 29 30 30 30 30 30 30 30 30 31 32 33 34 35 35 35 35 35 35 35 35 36 37 38 38 38 38 38 38 38 38 38 38 38 39 40 40 41 42 43 45 47 49 51 51 51 
tsim fire 5 0 3 3 3 3 3 3 4 5 5 5 5 5 5 5 5 6 6 6 6 6 6 6 6 6 6 6 6 6 6 6 6 7 8 8 8 9 10 10 10 10 10 10 10 10 10 10 10 11 11 11 11 
tsim human 5 0 18 18 18 17 16 15 15 15 14 14 13 11 10 10 9 8 8 8 8 8 8 8 8 8 8 8 8 8 8 8 8 8 8 8 8 8 8 8 8 8 8 8 8 8 8 8 8 8 8 8 8 
tsim window 5 0 8 8 8 8 8 8 8 8 8 8 8 8 8 8 9 9 9 10 10 10 10 10 10 10 10 10 11 11 11 11 11 13 13 13 13 13 13 13 13 14 14 14 15 15 15 17 17 17 17 17 17 
task_num -1 5 0 401runtime -1 5 0 0.8493714332580566 0.6673390865325928 0.5238800048828125 0.5052387714385986 0.5041744709014893 0.5809190273284912 0.5569229125976562 1.594860553741455 0.5398013591766357 0.5356500148773193 0.2501819133758545 
avg_run -1 5 0 0.6462126861919056
al_time -1 5 0 0.017658472061157227 0.013851642608642578 0.03807830810546875 0.01409006118774414 0.013964176177978516 0.021049022674560547 0.020021438598632812 0.01783609390258789 0.5292387008666992 0.024031877517700195 0.012388944625854492 
avg_all -1 5 0 0.06565533984791148
sum 0 6 0 60 58 
sum 1 6 0 180 90 
sum 2 6 0 240 97 
sum 3 6 0 360 112 
sum 4 6 0 540 133 
sum 5 6 0 600 137 
sum 6 6 0 1200 156 
sum 7 6 0 1500 156 
sum 8 6 0 1800 158 
sum 9 6 0 2100 162 
sum 10 6 0 2400 171 
sum 11 6 0 2700 180 
sum 12 6 0 3000 183 
miss fire 6 0 3 3 2 1 0 0 1 2 2 2 0 0 0 0 0 1 1 1 1 1 0 0 0 0 0 0 0 0 0 0 0 1 2 0 0 1 2 2 1 1 1 1 0 0 0 0 0 1 1 0 0 
miss human 6 0 18 18 12 12 7 7 7 7 4 4 4 4 3 2 1 0 0 0 0 0 0 0 0 0 0 0 0 0 0 0 0 0 0 0 0 0 0 0 0 0 0 0 0 0 0 0 0 0 0 0 0 
miss window 6 0 8 8 3 2 0 0 0 0 0 0 0 0 0 0 1 1 1 1 0 0 0 0 0 0 0 0 1 1 0 0 0 0 0 0 0 0 0 0 0 1 1 1 2 2 1 2 1 0 0 0 0 
acm fire 6 0 3 6 8 9 9 9 10 12 14 16 16 16 16 16 16 17 18 19 20 21 21 21 21 21 21 21 21 21 21 21 21 22 24 24 24 25 27 29 30 31 32 33 33 33 33 33 33 34 35 35 35 
acm human 6 0 18 36 48 60 67 74 81 88 92 96 100 104 107 109 110 110 110 110 110 110 110 110 110 110 110 110 110 110 110 110 110 110 110 110 110 110 110 110 110 110 110 110 110 110 110 110 110 110 110 110 110 
acm window 6 0 8 16 19 21 21 21 21 21 21 21 21 21 21 21 22 23 24 25 25 25 25 25 25 25 25 25 26 27 27 27 27 27 27 27 27 27 27 27 27 28 29 30 32 34 35 37 38 38 38 38 38 
tsim fire 6 0 3 3 3 3 3 3 4 5 5 5 5 5 5 5 5 6 6 6 6 6 6 6 6 6 6 6 6 6 6 6 6 7 8 8 8 9 10 10 10 10 10 10 10 10 10 10 10 11 11 11 11 
tsim human 6 0 18 18 18 17 16 15 15 15 14 14 13 11 10 10 9 8 8 8 8 8 8 8 8 8 8 8 8 8 8 8 8 8 8 8 8 8 8 8 8 8 8 8 8 8 8 8 8 8 8 8 8 
tsim window 6 0 8 8 8 8 8 8 8 8 8 8 8 8 8 8 9 9 9 10 10 10 10 10 10 10 10 10 11 11 11 11 11 13 13 13 13 13 13 13 13 14 14 14 15 15 15 17 17 17 17 17 17 
task_num -1 6 0 402runtime -1 6 0 0.7711012363433838 0.6337635517120361 0.5165643692016602 0.5270891189575195 0.4924933910369873 0.615969181060791 0.508683443069458 0.6403861045837402 0.599146842956543 0.44127345085144043 0.09521079063415527 
avg_run -1 6 0 0.5310619527643378
al_time -1 6 0 0.01646733283996582 0.013901948928833008 0.014449357986450195 0.013520240783691406 0.01721954345703125 0.020843029022216797 0.5628798007965088 0.020318984985351562 0.019173383712768555 0.021934986114501953 0.01085352897644043 
avg_all -1 6 0 0.06650564887306908
sum 0 7 0 60 58 
sum 1 7 0 180 90 
sum 2 7 0 240 97 
sum 3 7 0 360 112 
sum 4 7 0 540 131 
sum 5 7 0 600 136 
sum 6 7 0 1200 154 
sum 7 7 0 1500 154 
sum 8 7 0 1800 159 
sum 9 7 0 2100 166 
sum 10 7 0 2400 169 
sum 11 7 0 2700 175 
sum 12 7 0 3000 183 
miss fire 7 0 3 3 2 1 0 0 1 2 1 1 1 1 0 0 0 1 1 0 0 0 0 0 0 0 0 0 0 0 0 0 0 1 1 1 0 1 2 0 0 0 0 0 0 0 0 0 0 1 1 0 0 
miss human 7 0 18 18 12 12 7 7 7 7 4 4 4 4 2 2 1 1 1 0 0 0 0 0 0 0 0 0 0 0 0 0 0 0 0 0 0 0 0 0 0 0 0 0 0 0 0 0 0 0 0 0 0 
miss window 7 0 8 8 3 2 0 0 0 0 0 0 0 0 0 0 1 0 0 1 1 1 0 0 0 0 0 0 1 1 1 1 1 1 1 1 0 0 0 0 0 1 0 0 1 1 1 3 2 2 2 0 0 
acm fire 7 0 3 6 8 9 9 9 10 12 13 14 15 16 16 16 16 17 18 18 18 18 18 18 18 18 18 18 18 18 18 18 18 19 20 21 21 22 24 24 24 24 24 24 24 24 24 24 24 25 26 26 26 
acm human 7 0 18 36 48 60 67 74 81 88 92 96 100 104 106 108 109 110 111 111 111 111 111 111 111 111 111 111 111 111 111 111 111 111 111 111 111 111 111 111 111 111 111 111 111 111 111 111 111 111 111 111 111 
acm window 7 0 8 16 19 21 21 21 21 21 21 21 21 21 21 21 22 22 22 23 24 25 25 25 25 25 25 25 26 27 28 29 30 31 32 33 33 33 33 33 33 34 34 34 35 36 37 40 42 44 46 46 46 
tsim fire 7 0 3 3 3 3 3 3 4 5 5 5 5 5 5 5 5 6 6 6 6 6 6 6 6 6 6 6 6 6 6 6 6 7 8 8 8 9 10 10 10 10 10 10 10 10 10 10 10 11 11 11 11 
tsim human 7 0 18 18 18 17 16 15 15 15 14 14 13 11 10 10 9 8 8 8 8 8 8 8 8 8 8 8 8 8 8 8 8 8 8 8 8 8 8 8 8 8 8 8 8 8 8 8 8 8 8 8 8 
tsim window 7 0 8 8 8 8 8 8 8 8 8 8 8 8 8 8 9 9 9 10 10 10 10 10 10 10 10 10 11 11 11 11 11 13 13 13 13 13 13 13 13 14 14 14 15 15 15 17 17 17 17 17 17 
task_num -1 7 0 402runtime -1 7 0 1.2961878776550293 0.6900231838226318 0.7283456325531006 0.6164205074310303 0.6315765380859375 0.6569075584411621 0.8283741474151611 0.8856260776519775 1.0372061729431152 0.4035615921020508 0.09744548797607422 
avg_run -1 7 0 0.7156067978252064
al_time -1 7 0 0.018969297409057617 0.013952255249023438 0.0138702392578125 0.017277002334594727 0.021410226821899414 0.5091280937194824 0.015965700149536133 0.018347501754760742 0.024480819702148438 0.017119169235229492 0.011818170547485352 
avg_all -1 7 0 0.06203077056191184
sum 0 8 0 60 58 
sum 1 8 0 180 91 
sum 2 8 0 240 100 
sum 3 8 0 360 118 
sum 4 8 0 540 138 
sum 5 8 0 600 142 
sum 6 8 0 1200 157 
sum 7 8 0 1500 157 
sum 8 8 0 1800 160 
sum 9 8 0 2100 164 
sum 10 8 0 2400 167 
sum 11 8 0 2700 173 
sum 12 8 0 3000 178 
miss fire 8 0 3 3 0 0 0 0 1 2 2 2 0 0 0 0 0 1 0 0 0 0 0 0 0 0 0 0 0 0 0 0 0 1 2 0 0 1 2 0 0 0 0 0 0 0 0 0 0 1 1 0 0 
miss human 8 0 18 18 11 8 6 7 6 6 4 4 4 4 2 2 1 1 0 0 0 0 0 0 0 0 0 0 0 0 0 0 0 0 0 0 0 0 0 0 0 0 0 0 0 0 0 0 0 0 0 0 0 
miss window 8 0 8 8 8 6 3 2 2 0 0 0 0 0 0 0 1 0 0 1 1 1 0 0 0 0 0 0 1 1 1 0 0 0 0 0 0 0 0 0 0 1 0 0 1 1 1 3 1 1 1 0 0 
acm fire 8 0 3 6 6 6 6 6 7 9 11 13 13 13 13 13 13 14 14 14 14 14 14 14 14 14 14 14 14 14 14 14 14 15 17 17 17 18 20 20 20 20 20 20 20 20 20 20 20 21 22 22 22 
acm human 8 0 18 36 47 55 61 68 74 80 84 88 92 96 98 100 101 102 102 102 102 102 102 102 102 102 102 102 102 102 102 102 102 102 102 102 102 102 102 102 102 102 102 102 102 102 102 102 102 102 102 102 102 
acm window 8 0 8 16 24 30 33 35 37 37 37 37 37 37 37 37 38 38 38 39 40 41 41 41 41 41 41 41 42 43 44 44 44 44 44 44 44 44 44 44 44 45 45 45 46 47 48 51 52 53 54 54 54 
tsim fire 8 0 3 3 3 3 3 3 4 5 5 5 5 5 5 5 5 6 6 6 6 6 6 6 6 6 6 6 6 6 6 6 6 7 8 8 8 9 10 10 10 10 10 10 10 10 10 10 10 11 11 11 11 
tsim human 8 0 18 18 18 17 16 15 15 15 14 14 13 11 10 10 9 8 8 8 8 8 8 8 8 8 8 8 8 8 8 8 8 8 8 8 8 8 8 8 8 8 8 8 8 8 8 8 8 8 8 8 8 
tsim window 8 0 8 8 8 8 8 8 8 8 8 8 8 8 8 8 9 9 9 10 10 10 10 10 10 10 10 10 11 11 11 11 11 13 13 13 13 13 13 13 13 14 14 14 15 15 15 17 17 17 17 17 17 
task_num -1 8 0 401runtime -1 8 0 1.404653787612915 1.1280267238616943 0.9820234775543213 0.9199433326721191 0.6980335712432861 1.1213293075561523 1.1156163215637207 1.6507339477539062 0.279325008392334 0.08026480674743652 
avg_run -1 8 0 0.9379950284957885
al_time -1 8 0 0.01960921287536621 0.014156103134155273 0.014558076858520508 0.019086599349975586 0.02324366569519043 0.5949976444244385 0.01883697509765625 0.023973464965820312 0.018325328826904297 0.011888742446899414 
avg_all -1 8 0 0.07586758136749268
sum 0 9 0 60 58 
sum 1 9 0 180 94 
sum 2 9 0 240 107 
sum 3 9 0 360 126 
sum 4 9 0 540 144 
sum 5 9 0 600 148 
sum 6 9 0 1200 170 
sum 7 9 0 1500 170 
sum 8 9 0 1800 171 
sum 9 9 0 2100 179 
sum 10 9 0 2400 191 
sum 11 9 0 2700 201 
sum 12 9 0 3000 218 
miss fire 9 0 3 3 0 0 0 0 1 2 1 1 0 0 0 0 0 1 1 1 1 1 0 0 0 0 0 0 0 0 0 0 0 1 2 2 1 2 2 2 2 2 2 1 1 0 0 0 0 1 1 1 1 
miss human 9 0 18 18 12 11 8 7 6 6 4 4 4 4 2 2 1 0 0 0 0 0 0 0 0 0 0 0 0 0 0 0 0 0 0 0 0 0 0 0 0 0 0 0 0 0 0 0 0 0 0 0 0 
miss window 9 0 8 8 7 6 5 3 2 0 0 0 0 0 0 0 1 1 1 2 2 1 0 0 0 0 0 0 1 0 0 0 0 0 0 0 0 0 0 0 0 1 1 1 2 1 1 3 3 3 3 2 2 
acm fire 9 0 3 6 6 6 6 6 7 9 10 11 11 11 11 11 11 12 13 14 15 16 16 16 16 16 16 16 16 16 16 16 16 17 19 21 22 24 26 28 30 32 34 35 36 36 36 36 36 37 38 39 40 
acm human 9 0 18 36 48 59 67 74 80 86 90 94 98 102 104 106 107 107 107 107 107 107 107 107 107 107 107 107 107 107 107 107 107 107 107 107 107 107 107 107 107 107 107 107 107 107 107 107 107 107 107 107 107 
acm window 9 0 8 16 23 29 34 37 39 39 39 39 39 39 39 39 40 41 42 44 46 47 47 47 47 47 47 47 48 48 48 48 48 48 48 48 48 48 48 48 48 49 50 51 53 54 55 58 61 64 67 69 71 
tsim fire 9 0 3 3 3 3 3 3 4 5 5 5 5 5 5 5 5 6 6 6 6 6 6 6 6 6 6 6 6 6 6 6 6 7 8 8 8 9 10 10 10 10 10 10 10 10 10 10 10 11 11 11 11 
tsim human 9 0 18 18 18 17 16 15 15 15 14 14 13 11 10 10 9 8 8 8 8 8 8 8 8 8 8 8 8 8 8 8 8 8 8 8 8 8 8 8 8 8 8 8 8 8 8 8 8 8 8 8 8 
tsim window 9 0 8 8 8 8 8 8 8 8 8 8 8 8 8 8 9 9 9 10 10 10 10 10 10 10 10 10 11 11 11 11 11 13 13 13 13 13 13 13 13 14 14 14 15 15 15 17 17 17 17 17 17 
task_num -1 9 0 399runtime -1 9 0 0.680431604385376 0.5566220283508301 0.6016066074371338 0.6442523002624512 0.5675766468048096 0.5886688232421875 0.5878603458404541 0.5382840633392334 0.589327335357666 0.781134843826294 0.5828113555908203 
avg_run -1 9 0 0.6107796322215687
al_time -1 9 0 0.019443511962890625 0.013693094253540039 0.013681888580322266 0.01676177978515625 0.015771150588989258 0.021192073822021484 0.01620650291442871 0.5210294723510742 0.0197603702545166 0.016835927963256836 0.01881694793701172 
avg_all -1 9 0 0.06301752003756436
sum 0 10 0 60 58 
sum 1 10 0 180 96 
sum 2 10 0 240 110 
sum 3 10 0 360 128 
sum 4 10 0 540 147 
sum 5 10 0 600 151 
sum 6 10 0 1200 170 
sum 7 10 0 1500 170 
sum 8 10 0 1800 172 
sum 9 10 0 2100 178 
sum 10 10 0 2400 181 
sum 11 10 0 2700 187 
sum 12 10 0 3000 201 
miss fire 10 0 3 3 0 0 0 0 1 2 2 2 1 1 0 0 0 1 0 0 0 0 0 0 0 0 0 0 0 0 0 0 0 1 2 2 0 1 1 1 0 0 0 0 0 0 0 0 0 1 0 0 0 
miss human 10 0 18 18 13 12 9 6 6 5 4 4 3 5 3 3 1 0 0 0 0 0 0 0 0 0 0 0 0 0 0 0 0 0 0 0 0 0 0 0 0 0 0 0 0 0 0 0 0 0 0 0 0 
miss window 10 0 8 8 7 6 5 3 2 0 0 0 0 0 0 0 1 1 1 2 0 0 0 0 0 0 0 0 1 1 0 0 0 0 0 0 0 0 0 0 0 1 0 0 1 1 1 3 3 3 3 2 2 
acm fire 10 0 3 6 6 6 6 6 7 9 11 13 14 15 15 15 15 16 16 16 16 16 16 16 16 16 16 16 16 16 16 16 16 17 19 21 21 22 23 24 24 24 24 24 24 24 24 24 24 25 25 25 25 
acm human 10 0 18 36 49 61 70 76 82 87 91 95 98 103 106 109 110 110 110 110 110 110 110 110 110 110 110 110 110 110 110 110 110 110 110 110 110 110 110 110 110 110 110 110 110 110 110 110 110 110 110 110 110 
acm window 10 0 8 16 23 29 34 37 39 39 39 39 39 39 39 39 40 41 42 44 44 44 44 44 44 44 44 44 45 46 46 46 46 46 46 46 46 46 46 46 46 47 47 47 48 49 50 53 56 59 62 64 66 
tsim fire 10 0 3 3 3 3 3 3 4 5 5 5 5 5 5 5 5 6 6 6 6 6 6 6 6 6 6 6 6 6 6 6 6 7 8 8 8 9 10 10 10 10 10 10 10 10 10 10 10 11 11 11 11 
tsim human 10 0 18 18 18 17 16 15 15 15 14 14 13 11 10 10 9 8 8 8 8 8 8 8 8 8 8 8 8 8 8 8 8 8 8 8 8 8 8 8 8 8 8 8 8 8 8 8 8 8 8 8 8 
tsim window 10 0 8 8 8 8 8 8 8 8 8 8 8 8 8 8 9 9 9 10 10 10 10 10 10 10 10 10 11 11 11 11 11 13 13 13 13 13 13 13 13 14 14 14 15 15 15 17 17 17 17 17 17 
task_num -1 10 0 400runtime -1 10 0 0.919468879699707 0.7313446998596191 0.8266570568084717 1.1126089096069336 0.8954429626464844 0.8556668758392334 0.6866648197174072 0.945279598236084 0.8205983638763428 1.1740028858184814 0.3015925884246826 
avg_run -1 10 0 0.8426661491394043
al_time -1 10 0 0.02002239227294922 0.013633251190185547 0.015692472457885742 0.014777421951293945 0.014164924621582031 0.023195505142211914 0.5961048603057861 0.016136646270751953 0.016779184341430664 0.0261843204498291 0.01421499252319336 
avg_all -1 10 0 0.07008236104791815
random:1T:3000
sum 0 0 1 60 61 
sum 1 0 1 180 97 
sum 2 0 1 240 107 
sum 3 0 1 360 122 
sum 4 0 1 540 147 
sum 5 0 1 600 149 
sum 6 0 1 1200 191 
sum 7 0 1 1500 206 
sum 8 0 1 1800 226 
sum 9 0 1 2100 249 
sum 10 0 1 2400 259 
sum 11 0 1 2700 269 
sum 12 0 1 3000 275 
miss fire 0 1 2 2 1 0 0 1 1 1 1 1 1 1 3 3 3 3 4 1 0 0 0 0 0 0 0 0 0 0 0 0 1 1 1 0 0 1 1 0 0 0 1 2 2 2 0 0 0 1 1 0 0 
miss human 0 1 23 22 17 12 8 7 5 6 8 8 1 1 5 5 4 2 1 1 1 1 0 0 0 0 0 0 0 0 0 0 0 0 0 0 0 0 0 0 0 0 0 0 0 0 0 0 0 0 0 0 0 
miss window 0 1 6 6 4 2 2 1 0 0 0 0 0 0 0 0 0 0 0 0 1 1 1 1 3 3 4 4 3 4 4 4 4 4 4 4 4 4 4 2 2 0 0 0 1 1 1 1 0 0 1 1 2 
acm fire 0 1 2 4 5 5 5 6 7 8 9 10 11 12 15 18 21 24 28 29 29 29 29 29 29 29 29 29 29 29 29 29 30 31 32 32 32 33 34 34 34 34 35 37 39 41 41 41 41 42 43 43 43 
acm human 0 1 23 45 62 74 82 89 94 100 108 116 117 118 123 128 132 134 135 136 137 138 138 138 138 138 138 138 138 138 138 138 138 138 138 138 138 138 138 138 138 138 138 138 138 138 138 138 138 138 138 138 138 
acm window 0 1 6 12 16 18 20 21 21 21 21 21 21 21 21 21 21 21 21 21 22 23 24 25 28 31 35 39 42 46 50 54 58 62 66 70 74 78 82 84 86 86 86 86 87 88 89 90 90 90 91 92 94 
tsim fire 0 1 2 2 2 2 2 3 3 3 3 4 4 4 6 6 7 7 8 8 8 8 8 8 8 8 8 8 8 8 8 8 8 8 8 7 7 8 8 8 8 8 9 10 11 11 11 11 11 12 12 12 12 
tsim human 0 1 23 22 22 21 21 18 18 17 15 15 14 14 14 14 16 14 13 13 13 13 13 13 13 13 13 13 13 13 13 13 13 13 13 13 13 13 13 13 13 13 13 13 13 13 13 13 13 13 13 13 13 
tsim window 0 1 6 6 6 6 6 6 6 6 6 6 6 6 6 6 9 9 12 12 13 13 13 13 15 15 16 16 16 17 17 17 17 17 17 17 17 17 17 17 17 17 17 17 18 18 18 18 18 18 19 19 20 
task_num -1 0 1 599runtime -1 0 1 0.36794495582580566 0.30513882637023926 0.30011701583862305 0.31209325790405273 0.4251060485839844 0.4031796455383301 0.3297402858734131 0.26020169258117676 0.07181072235107422 
avg_run -1 0 1 0.30837027231852215
al_time -1 0 1 0.02354574203491211 0.029722213745117188 0.029420137405395508 3.0493433475494385 0.024039030075073242 0.02866387367248535 0.025174379348754883 0.030508041381835938 0.017163753509521484 
avg_all -1 0 1 0.36195339096917045
sum 0 1 1 60 61 
sum 1 1 1 180 93 
sum 2 1 1 240 107 
sum 3 1 1 360 134 
sum 4 1 1 540 161 
sum 5 1 1 600 163 
sum 6 1 1 1200 186 
sum 7 1 1 1500 194 
sum 8 1 1 1800 206 
sum 9 1 1 2100 210 
sum 10 1 1 2400 219 
sum 11 1 1 2700 238 
sum 12 1 1 3000 258 
miss fire 1 1 2 2 1 1 1 2 1 0 0 1 1 1 2 2 3 1 2 1 1 0 0 0 0 0 0 0 0 0 0 1 1 0 0 1 1 2 2 2 2 1 2 3 3 3 3 3 3 3 3 2 2 
miss human 1 1 23 22 10 8 7 8 7 7 9 9 1 1 1 1 3 2 1 0 0 0 0 0 0 0 0 0 0 0 0 0 0 0 0 0 0 0 0 0 0 0 0 0 0 0 0 0 0 0 0 0 0 
miss window 1 1 6 6 6 6 6 6 3 1 0 0 0 0 0 0 0 0 0 0 1 0 0 0 2 2 2 2 2 2 2 2 2 0 0 0 0 0 0 0 0 0 0 0 1 1 1 1 1 1 2 1 2 
acm fire 1 1 2 4 5 6 7 9 10 10 10 11 12 13 15 17 20 21 23 24 25 25 25 25 25 25 25 25 25 25 25 26 27 27 27 28 29 31 33 35 37 38 40 43 46 49 52 55 58 61 64 66 68 
acm human 1 1 23 45 55 63 70 78 85 92 101 110 111 112 113 114 117 119 120 120 120 120 120 120 120 120 120 120 120 120 120 120 120 120 120 120 120 120 120 120 120 120 120 120 120 120 120 120 120 120 120 120 120 
acm window 1 1 6 12 18 24 30 36 39 40 40 40 40 40 40 40 40 40 40 40 41 41 41 41 43 45 47 49 51 53 55 57 59 59 59 59 59 59 59 59 59 59 59 59 60 61 62 63 64 65 67 68 70 
tsim fire 1 1 2 2 2 2 2 3 3 3 3 4 4 4 6 6 7 7 8 8 8 8 8 8 8 8 8 8 8 8 8 8 8 8 8 7 7 8 8 8 8 8 9 10 11 11 11 11 11 12 12 12 12 
tsim human 1 1 23 22 22 21 21 18 18 17 15 15 14 14 14 14 16 14 13 13 13 13 13 13 13 13 13 13 13 13 13 13 13 13 13 13 13 13 13 13 13 13 13 13 13 13 13 13 13 13 13 13 13 
tsim window 1 1 6 6 6 6 6 6 6 6 6 6 6 6 6 6 9 9 12 12 13 13 13 13 15 15 16 16 16 17 17 17 17 17 17 17 17 17 17 17 17 17 17 17 18 18 18 18 18 18 19 19 20 
task_num -1 1 1 602runtime -1 1 1 0.5295684337615967 0.9005508422851562 0.9957647323608398 0.8092806339263916 0.9096505641937256 0.8416078090667725 1.0881459712982178 1.2260403633117676 0.8228418827056885 0.5631287097930908 0.17931199073791504 
avg_run -1 1 1 0.8059901757673784
al_time -1 1 1 0.025173425674438477 0.018526077270507812 0.9085285663604736 0.021961212158203125 0.9235725402832031 0.028310537338256836 0.055950164794921875 0.023992300033569336 0.025576353073120117 0.02434515953063965 0.0189058780670166 
avg_all -1 1 1 0.18862201950766824
sum 0 2 1 60 61 
sum 1 2 1 180 99 
sum 2 2 1 240 117 
sum 3 2 1 360 143 
sum 4 2 1 540 167 
sum 5 2 1 600 170 
sum 6 2 1 1200 193 
sum 7 2 1 1500 202 
sum 8 2 1 1800 206 
sum 9 2 1 2100 210 
sum 10 2 1 2400 216 
sum 11 2 1 2700 235 
sum 12 2 1 3000 250 
miss fire 2 1 2 2 2 2 2 3 2 1 1 1 1 1 2 2 2 2 1 1 1 0 0 0 0 0 0 0 0 0 0 0 0 0 0 1 1 2 2 2 0 0 2 3 4 4 4 3 3 2 2 2 2 
miss human 2 1 23 22 12 10 10 6 5 5 6 6 2 2 2 2 3 1 0 0 0 0 0 0 0 0 0 0 0 0 0 0 0 0 0 0 0 0 0 0 0 0 0 0 0 0 0 0 0 0 0 0 0 
miss window 2 1 6 6 6 6 6 6 4 2 2 0 0 0 0 0 0 0 0 0 1 0 0 0 2 2 3 2 1 2 1 0 0 0 0 0 0 0 0 0 0 0 0 0 1 0 0 0 0 0 1 1 2 
acm fire 2 1 2 4 6 8 10 13 15 16 17 18 19 20 22 24 26 28 29 30 31 31 31 31 31 31 31 31 31 31 31 31 31 31 31 32 33 35 37 39 39 39 41 44 48 52 56 59 62 64 66 68 70 
acm human 2 1 23 45 57 67 77 83 88 93 99 105 107 109 111 113 116 117 117 117 117 117 117 117 117 117 117 117 117 117 117 117 117 117 117 117 117 117 117 117 117 117 117 117 117 117 117 117 117 117 117 117 117 
acm window 2 1 6 12 18 24 30 36 40 42 44 44 44 44 44 44 44 44 44 44 45 45 45 45 47 49 52 54 55 57 58 58 58 58 58 58 58 58 58 58 58 58 58 58 59 59 59 59 59 59 60 61 63 
tsim fire 2 1 2 2 2 2 2 3 3 3 3 4 4 4 6 6 7 7 8 8 8 8 8 8 8 8 8 8 8 8 8 8 8 8 8 7 7 8 8 8 8 8 9 10 11 11 11 11 11 12 12 12 12 
tsim human 2 1 23 22 22 21 21 18 18 17 15 15 14 14 14 14 16 14 13 13 13 13 13 13 13 13 13 13 13 13 13 13 13 13 13 13 13 13 13 13 13 13 13 13 13 13 13 13 13 13 13 13 13 
tsim window 2 1 6 6 6 6 6 6 6 6 6 6 6 6 6 6 9 9 12 12 13 13 13 13 15 15 16 16 16 17 17 17 17 17 17 17 17 17 17 17 17 17 17 17 18 18 18 18 18 18 19 19 20 
task_num -1 2 1 600runtime -1 2 1 1.7176833152770996 1.1043121814727783 0.9309203624725342 1.0813467502593994 0.9715828895568848 1.0988848209381104 1.2948832511901855 1.7541019916534424 0.6404640674591064 0.4196658134460449 
avg_run -1 2 1 1.1013845443725585
al_time -1 2 1 0.026061296463012695 0.019591569900512695 0.019123077392578125 0.7855932712554932 0.874943733215332 0.026190996170043945 0.030797958374023438 0.029270648956298828 0.02421402931213379 0.018572092056274414 
avg_all -1 2 1 0.18543586730957032
sum 0 3 1 60 61 
sum 1 3 1 180 90 
sum 2 3 1 240 104 
sum 3 3 1 360 137 
sum 4 3 1 540 170 
sum 5 3 1 600 174 
sum 6 3 1 1200 226 
sum 7 3 1 1500 249 
sum 8 3 1 1800 269 
sum 9 3 1 2100 284 
sum 10 3 1 2400 295 
sum 11 3 1 2700 317 
sum 12 3 1 3000 343 
miss fire 3 1 2 2 0 0 0 1 1 1 0 1 1 0 2 1 2 0 1 0 0 0 0 0 0 0 0 0 0 0 0 0 0 0 0 1 1 2 1 1 1 1 2 3 3 3 2 2 2 3 3 2 2 
miss human 3 1 23 22 9 8 8 11 10 10 11 3 2 6 4 4 6 4 2 2 0 0 0 0 0 1 1 1 1 0 0 0 0 0 0 0 0 0 0 0 0 0 0 0 0 0 0 0 0 0 0 0 0 
miss window 3 1 6 6 6 6 6 6 4 4 2 1 1 1 1 1 1 1 2 2 3 3 3 3 5 4 4 4 3 4 4 4 4 3 3 2 2 1 1 1 1 1 1 1 2 2 2 2 2 2 3 3 4 
acm fire 3 1 2 4 4 4 4 5 6 7 7 8 9 9 11 12 14 14 15 15 15 15 15 15 15 15 15 15 15 15 15 15 15 15 15 16 17 19 20 21 22 23 25 28 31 34 36 38 40 43 46 48 50 
acm human 3 1 23 45 54 62 70 81 91 101 112 115 117 123 127 131 137 141 143 145 145 145 145 145 145 146 147 148 149 149 149 149 149 149 149 149 149 149 149 149 149 149 149 149 149 149 149 149 149 149 149 149 149 
acm window 3 1 6 12 18 24 30 36 40 44 46 47 48 49 50 51 52 53 55 57 60 63 66 69 74 78 82 86 89 93 97 101 105 108 111 113 115 116 117 118 119 120 121 122 124 126 128 130 132 134 137 140 144 
tsim fire 3 1 2 2 2 2 2 3 3 3 3 4 4 4 6 6 7 7 8 8 8 8 8 8 8 8 8 8 8 8 8 8 8 8 8 7 7 8 8 8 8 8 9 10 11 11 11 11 11 12 12 12 12 
tsim human 3 1 23 22 22 21 21 18 18 17 15 15 14 14 14 14 16 14 13 13 13 13 13 13 13 13 13 13 13 13 13 13 13 13 13 13 13 13 13 13 13 13 13 13 13 13 13 13 13 13 13 13 13 
tsim window 3 1 6 6 6 6 6 6 6 6 6 6 6 6 6 6 9 9 12 12 13 13 13 13 15 15 16 16 16 17 17 17 17 17 17 17 17 17 17 17 17 17 17 17 18 18 18 18 18 18 19 19 20 
task_num -1 3 1 452runtime -1 3 1 0.016474008560180664 0.016400814056396484 0.0164487361907959 0.016376018524169922 0.016388893127441406 0.01613020896911621 
avg_run -1 3 1 0.01636977990468343
al_time -1 3 1 0.02440953254699707 0.02389073371887207 0.023978710174560547 0.04713320732116699 0.02399301528930664 0.020636796951293945 
avg_all -1 3 1 0.02734033266703288
sum 0 4 1 60 61 
sum 1 4 1 180 96 
sum 2 4 1 240 110 
sum 3 4 1 360 139 
sum 4 4 1 540 168 
sum 5 4 1 600 170 
sum 6 4 1 1200 195 
sum 7 4 1 1500 208 
sum 8 4 1 1800 213 
sum 9 4 1 2100 217 
sum 10 4 1 2400 218 
sum 11 4 1 2700 235 
sum 12 4 1 3000 249 
miss fire 4 1 2 2 1 1 1 2 1 0 0 1 1 1 2 2 3 2 3 1 1 1 1 1 1 1 0 0 0 0 0 0 0 0 0 1 1 2 0 0 0 0 1 2 3 3 3 2 2 3 2 2 2 
miss human 4 1 23 22 12 9 7 9 8 8 10 9 1 1 1 1 3 1 0 0 0 0 0 0 0 0 0 0 0 0 0 0 0 0 0 0 0 0 0 0 0 0 0 0 0 0 0 0 0 0 0 0 0 
miss window 4 1 6 6 6 6 6 6 3 1 0 0 0 0 0 0 0 0 0 0 1 0 0 0 2 2 3 3 2 2 1 0 0 0 0 0 0 0 0 0 0 0 0 0 1 1 1 1 1 0 1 0 1 
acm fire 4 1 2 4 5 6 7 9 10 10 10 11 12 13 15 17 20 22 25 26 27 28 29 30 31 32 32 32 32 32 32 32 32 32 32 33 34 36 36 36 36 36 37 39 42 45 48 50 52 55 57 59 61 
acm human 4 1 23 45 57 66 73 82 90 98 108 117 118 119 120 121 124 125 125 125 125 125 125 125 125 125 125 125 125 125 125 125 125 125 125 125 125 125 125 125 125 125 125 125 125 125 125 125 125 125 125 125 125 
acm window 4 1 6 12 18 24 30 36 39 40 40 40 40 40 40 40 40 40 40 40 41 41 41 41 43 45 48 51 53 55 56 56 56 56 56 56 56 56 56 56 56 56 56 56 57 58 59 60 61 61 62 62 63 
tsim fire 4 1 2 2 2 2 2 3 3 3 3 4 4 4 6 6 7 7 8 8 8 8 8 8 8 8 8 8 8 8 8 8 8 8 8 7 7 8 8 8 8 8 9 10 11 11 11 11 11 12 12 12 12 
tsim human 4 1 23 22 22 21 21 18 18 17 15 15 14 14 14 14 16 14 13 13 13 13 13 13 13 13 13 13 13 13 13 13 13 13 13 13 13 13 13 13 13 13 13 13 13 13 13 13 13 13 13 13 13 
tsim window 4 1 6 6 6 6 6 6 6 6 6 6 6 6 6 6 9 9 12 12 13 13 13 13 15 15 16 16 16 17 17 17 17 17 17 17 17 17 17 17 17 17 17 17 18 18 18 18 18 18 19 19 20 
task_num -1 4 1 602runtime -1 4 1 0.5315947532653809 0.8997817039489746 1.00187349319458 0.9106893539428711 0.843390941619873 0.9180569648742676 1.4283950328826904 0.9939815998077393 1.0892672538757324 0.6492748260498047 0.13915085792541504 
avg_run -1 4 1 0.8550415255806663
al_time -1 4 1 0.02533578872680664 0.018934965133666992 0.046257972717285156 0.8470563888549805 0.9058496952056885 0.0281524658203125 0.023977041244506836 0.024256467819213867 0.026322126388549805 0.025192737579345703 0.01902318000793457 
avg_all -1 4 1 0.1809417117725719
sum 0 5 1 60 61 
sum 1 5 1 180 89 
sum 2 5 1 240 102 
sum 3 5 1 360 129 
sum 4 5 1 540 160 
sum 5 5 1 600 168 
sum 6 5 1 1200 234 
sum 7 5 1 1500 252 
sum 8 5 1 1800 256 
sum 9 5 1 2100 260 
sum 10 5 1 2400 266 
sum 11 5 1 2700 278 
sum 12 5 1 3000 290 
miss fire 5 1 2 2 0 0 0 1 1 0 0 1 1 1 3 3 4 2 3 1 1 0 0 0 0 0 0 0 0 0 0 0 0 0 0 1 1 2 1 1 1 1 2 2 3 1 1 1 1 1 1 1 1 
miss human 5 1 23 22 9 7 7 7 7 8 9 8 7 7 7 7 9 4 3 3 3 1 1 1 1 1 0 0 0 0 0 0 0 0 0 0 0 0 0 0 0 0 0 0 0 0 0 0 0 0 0 0 0 
miss window 5 1 6 6 6 6 6 6 5 2 2 1 0 0 0 0 0 0 0 0 1 1 1 1 3 3 4 4 0 1 1 1 1 0 0 0 0 0 0 0 0 0 0 0 1 1 1 1 1 1 2 1 2 
acm fire 5 1 2 4 4 4 4 5 6 6 6 7 8 9 12 15 19 21 24 25 26 26 26 26 26 26 26 26 26 26 26 26 26 26 26 27 28 30 31 32 33 34 36 38 41 42 43 44 45 46 47 48 49 
acm human 5 1 23 45 54 61 68 75 82 90 99 107 114 121 128 135 144 148 151 154 157 158 159 160 161 162 162 162 162 162 162 162 162 162 162 162 162 162 162 162 162 162 162 162 162 162 162 162 162 162 162 162 162 
acm window 5 1 6 12 18 24 30 36 41 43 45 46 46 46 46 46 46 46 46 46 47 48 49 50 53 56 60 64 64 65 66 67 68 68 68 68 68 68 68 68 68 68 68 68 69 70 71 72 73 74 76 77 79 
tsim fire 5 1 2 2 2 2 2 3 3 3 3 4 4 4 6 6 7 7 8 8 8 8 8 8 8 8 8 8 8 8 8 8 8 8 8 7 7 8 8 8 8 8 9 10 11 11 11 11 11 12 12 12 12 
tsim human 5 1 23 22 22 21 21 18 18 17 15 15 14 14 14 14 16 14 13 13 13 13 13 13 13 13 13 13 13 13 13 13 13 13 13 13 13 13 13 13 13 13 13 13 13 13 13 13 13 13 13 13 13 
tsim window 5 1 6 6 6 6 6 6 6 6 6 6 6 6 6 6 9 9 12 12 13 13 13 13 15 15 16 16 16 17 17 17 17 17 17 17 17 17 17 17 17 17 17 17 18 18 18 18 18 18 19 19 20 
task_num -1 5 1 604runtime -1 5 1 1.6674528121948242 1.0409843921661377 2.0659074783325195 0.9703409671783447 1.5219857692718506 1.2767643928527832 1.1382544040679932 1.3219480514526367 1.8600003719329834 1.0942573547363281 0.8350248336791992 0.48836708068847656 
avg_run -1 5 1 1.273440659046173
al_time -1 5 1 0.02418351173400879 0.02054762840270996 0.7614278793334961 0.8900399208068848 0.024379730224609375 0.023739099502563477 0.028879165649414062 0.024314165115356445 0.02285170555114746 0.024325847625732422 0.02534174919128418 0.04544973373413086 
avg_all -1 5 1 0.15962334473927817
sum 0 6 1 60 61 
sum 1 6 1 180 97 
sum 2 6 1 240 107 
sum 3 6 1 360 122 
sum 4 6 1 540 148 
sum 5 6 1 600 155 
sum 6 6 1 1200 187 
sum 7 6 1 1500 200 
sum 8 6 1 1800 205 
sum 9 6 1 2100 209 
sum 10 6 1 2400 217 
sum 11 6 1 2700 228 
sum 12 6 1 3000 237 
miss fire 6 1 2 2 1 0 0 1 1 1 1 2 2 2 2 2 2 2 2 2 0 0 0 0 0 0 0 0 0 0 0 0 0 0 0 1 1 2 2 2 1 1 2 3 2 2 1 1 1 1 1 1 1 
miss human 6 1 23 22 17 12 8 7 5 6 8 8 5 5 3 3 3 1 0 0 0 0 0 0 0 0 0 0 0 0 0 0 0 0 0 0 0 0 0 0 0 0 0 0 0 0 0 0 0 0 0 0 0 
miss window 6 1 6 6 4 2 2 1 0 0 0 0 0 0 0 0 0 0 0 0 1 1 1 1 3 3 4 2 1 2 1 1 0 0 0 0 0 0 0 0 0 0 0 0 1 1 0 0 0 0 1 1 2 
acm fire 6 1 2 4 5 5 5 6 7 8 9 11 13 15 17 19 21 23 25 27 27 27 27 27 27 27 27 27 27 27 27 27 27 27 27 28 29 31 33 35 36 37 39 42 44 46 47 48 49 50 51 52 53 
acm human 6 1 23 45 62 74 82 89 94 100 108 116 121 126 129 132 135 136 136 136 136 136 136 136 136 136 136 136 136 136 136 136 136 136 136 136 136 136 136 136 136 136 136 136 136 136 136 136 136 136 136 136 136 
acm window 6 1 6 12 16 18 20 21 21 21 21 21 21 21 21 21 21 21 21 21 22 23 24 25 28 31 35 37 38 40 41 42 42 42 42 42 42 42 42 42 42 42 42 42 43 44 44 44 44 44 45 46 48 
tsim fire 6 1 2 2 2 2 2 3 3 3 3 4 4 4 6 6 7 7 8 8 8 8 8 8 8 8 8 8 8 8 8 8 8 8 8 7 7 8 8 8 8 8 9 10 11 11 11 11 11 12 12 12 12 
tsim human 6 1 23 22 22 21 21 18 18 17 15 15 14 14 14 14 16 14 13 13 13 13 13 13 13 13 13 13 13 13 13 13 13 13 13 13 13 13 13 13 13 13 13 13 13 13 13 13 13 13 13 13 13 
tsim window 6 1 6 6 6 6 6 6 6 6 6 6 6 6 6 6 9 9 12 12 13 13 13 13 15 15 16 16 16 17 17 17 17 17 17 17 17 17 17 17 17 17 17 17 18 18 18 18 18 18 19 19 20 
task_num -1 6 1 604runtime -1 6 1 1.5056335926055908 1.0845742225646973 0.96539306640625 0.9688465595245361 0.9852290153503418 1.3626999855041504 1.2068843841552734 1.120823621749878 1.007549524307251 0.9210941791534424 0.6042649745941162 0.36556196212768555 
avg_run -1 6 1 1.008212924003601
al_time -1 6 1 0.023499250411987305 0.01943349838256836 0.019826889038085938 0.7954502105712891 0.8793501853942871 0.02716994285583496 0.029561519622802734 0.022655963897705078 0.024154186248779297 0.024956464767456055 0.02382969856262207 0.01863408088684082 
avg_all -1 6 1 0.15904349088668823
sum 0 7 1 60 61 
sum 1 7 1 180 97 
sum 2 7 1 240 107 
sum 3 7 1 360 122 
sum 4 7 1 540 148 
sum 5 7 1 600 154 
sum 6 7 1 1200 185 
sum 7 7 1 1500 197 
sum 8 7 1 1800 205 
sum 9 7 1 2100 206 
sum 10 7 1 2400 208 
sum 11 7 1 2700 218 
sum 12 7 1 3000 226 
miss fire 7 1 2 2 1 0 0 1 1 1 1 2 1 1 2 2 1 1 2 2 1 1 1 1 1 0 0 0 0 0 0 0 0 0 0 0 0 1 1 0 0 0 1 2 2 2 0 0 0 1 1 1 1 
miss human 7 1 23 22 17 12 8 7 5 6 8 8 5 5 3 3 3 1 0 0 0 0 0 0 0 0 0 0 0 0 0 0 0 0 0 0 0 0 0 0 0 0 0 0 0 0 0 0 0 0 0 0 0 
miss window 7 1 6 6 4 2 2 1 0 0 0 0 0 0 0 0 0 0 0 0 1 1 0 0 2 2 3 3 3 3 2 0 0 0 0 0 0 0 0 0 0 0 0 0 1 1 1 1 0 0 1 1 2 
acm fire 7 1 2 4 5 5 5 6 7 8 9 11 12 13 15 17 18 19 21 23 24 25 26 27 28 28 28 28 28 28 28 28 28 28 28 28 28 29 30 30 30 30 31 33 35 37 37 37 37 38 39 40 41 
acm human 7 1 23 45 62 74 82 89 94 100 108 116 121 126 129 132 135 136 136 136 136 136 136 136 136 136 136 136 136 136 136 136 136 136 136 136 136 136 136 136 136 136 136 136 136 136 136 136 136 136 136 136 136 
acm window 7 1 6 12 16 18 20 21 21 21 21 21 21 21 21 21 21 21 21 21 22 23 23 23 25 27 30 33 36 39 41 41 41 41 41 41 41 41 41 41 41 41 41 41 42 43 44 45 45 45 46 47 49 
tsim fire 7 1 2 2 2 2 2 3 3 3 3 4 4 4 6 6 7 7 8 8 8 8 8 8 8 8 8 8 8 8 8 8 8 8 8 7 7 8 8 8 8 8 9 10 11 11 11 11 11 12 12 12 12 
tsim human 7 1 23 22 22 21 21 18 18 17 15 15 14 14 14 14 16 14 13 13 13 13 13 13 13 13 13 13 13 13 13 13 13 13 13 13 13 13 13 13 13 13 13 13 13 13 13 13 13 13 13 13 13 
tsim window 7 1 6 6 6 6 6 6 6 6 6 6 6 6 6 6 9 9 12 12 13 13 13 13 15 15 16 16 16 17 17 17 17 17 17 17 17 17 17 17 17 17 17 17 18 18 18 18 18 18 19 19 20 
task_num -1 7 1 604runtime -1 7 1 1.9307169914245605 1.2153501510620117 1.2952048778533936 1.1797981262207031 1.1525602340698242 1.164018154144287 1.642674446105957 1.7814033031463623 1.3346478939056396 1.1212079524993896 0.7047157287597656 
avg_run -1 7 1 1.3202088962901721
al_time -1 7 1 0.024251937866210938 0.019646644592285156 0.02003955841064453 0.019894123077392578 0.8033039569854736 0.8779892921447754 0.02874922752380371 0.02659916877746582 0.027426958084106445 0.024785995483398438 0.023924589157104492 
avg_all -1 7 1 0.17241922291842374
sum 0 8 1 60 61 
sum 1 8 1 180 92 
sum 2 8 1 240 107 
sum 3 8 1 360 135 
sum 4 8 1 540 164 
sum 5 8 1 600 170 
sum 6 8 1 1200 208 
sum 7 8 1 1500 218 
sum 8 8 1 1800 227 
sum 9 8 1 2100 233 
sum 10 8 1 2400 236 
sum 11 8 1 2700 249 
sum 12 8 1 3000 259 
miss fire 8 1 2 2 1 1 1 2 2 1 1 1 1 1 2 2 3 3 3 3 2 2 0 0 0 0 0 0 0 0 0 0 1 1 0 1 1 2 1 1 0 0 1 2 2 2 2 1 1 2 2 1 1 
miss human 8 1 23 22 9 8 8 8 6 6 8 8 5 5 2 2 4 2 0 0 0 0 0 0 0 0 0 0 0 0 0 0 0 0 0 0 0 0 0 0 0 0 0 0 0 0 0 0 0 0 0 0 0 
miss window 8 1 6 6 6 6 6 6 4 2 2 0 0 0 0 0 0 0 0 0 1 1 0 0 2 2 3 3 3 2 1 1 1 1 0 0 0 0 0 0 0 0 0 0 1 1 1 1 1 0 1 0 1 
acm fire 8 1 2 4 5 6 7 9 11 12 13 14 15 16 18 20 23 26 29 32 34 36 36 36 36 36 36 36 36 36 36 36 37 38 38 39 40 42 43 44 44 44 45 47 49 51 53 54 55 57 59 60 61 
acm human 8 1 23 45 54 62 70 78 84 90 98 106 111 116 118 120 124 126 126 126 126 126 126 126 126 126 126 126 126 126 126 126 126 126 126 126 126 126 126 126 126 126 126 126 126 126 126 126 126 126 126 126 126 
acm window 8 1 6 12 18 24 30 36 40 42 44 44 44 44 44 44 44 44 44 44 45 46 46 46 48 50 53 56 59 61 62 63 64 65 65 65 65 65 65 65 65 65 65 65 66 67 68 69 70 70 71 71 72 
tsim fire 8 1 2 2 2 2 2 3 3 3 3 4 4 4 6 6 7 7 8 8 8 8 8 8 8 8 8 8 8 8 8 8 8 8 8 7 7 8 8 8 8 8 9 10 11 11 11 11 11 12 12 12 12 
tsim human 8 1 23 22 22 21 21 18 18 17 15 15 14 14 14 14 16 14 13 13 13 13 13 13 13 13 13 13 13 13 13 13 13 13 13 13 13 13 13 13 13 13 13 13 13 13 13 13 13 13 13 13 13 
tsim window 8 1 6 6 6 6 6 6 6 6 6 6 6 6 6 6 9 9 12 12 13 13 13 13 15 15 16 16 16 17 17 17 17 17 17 17 17 17 17 17 17 17 17 17 18 18 18 18 18 18 19 19 20 
task_num -1 8 1 604runtime -1 8 1 1.9519774913787842 1.3884987831115723 1.4986119270324707 1.5003139972686768 2.1139886379241943 1.213064193725586 2.5810155868530273 1.485703945159912 1.2748844623565674 1.109525203704834 0.7995233535766602 0.6182117462158203 0.12041711807250977 
avg_run -1 8 1 1.3581335727985089
al_time -1 8 1 0.025979042053222656 0.04514622688293457 0.019565582275390625 0.020530223846435547 0.766697883605957 0.8835585117340088 0.029185056686401367 0.05515313148498535 0.024043798446655273 0.026379823684692383 0.02557849884033203 0.05160093307495117 0.018657684326171875 
avg_all -1 8 1 0.15323664591862604
sum 0 9 1 60 61 
sum 1 9 1 180 95 
sum 2 9 1 240 109 
sum 3 9 1 360 137 
sum 4 9 1 540 164 
sum 5 9 1 600 166 
sum 6 9 1 1200 192 
sum 7 9 1 1500 210 
sum 8 9 1 1800 215 
sum 9 9 1 2100 220 
sum 10 9 1 2400 221 
sum 11 9 1 2700 231 
sum 12 9 1 3000 246 
miss fire 9 1 2 2 2 2 2 3 1 0 0 1 1 1 2 2 2 2 2 2 1 1 1 1 1 1 0 0 0 0 0 0 0 0 0 1 1 2 0 0 0 0 1 1 2 2 2 2 2 3 2 2 2 
miss human 9 1 23 22 11 7 6 8 7 7 9 9 1 1 1 1 3 1 0 0 0 0 0 0 0 0 0 0 0 0 0 0 0 0 0 0 0 0 0 0 0 0 0 0 0 0 0 0 0 0 0 0 0 
miss window 9 1 6 6 6 6 6 6 3 1 0 0 0 0 0 0 0 0 0 0 1 1 1 1 3 3 4 4 1 1 1 1 1 1 0 0 0 0 0 0 0 0 0 0 1 0 0 0 0 0 1 1 2 
acm fire 9 1 2 4 6 8 10 13 14 14 14 15 16 17 19 21 23 25 27 29 30 31 32 33 34 35 35 35 35 35 35 35 35 35 35 36 37 39 39 39 39 39 40 41 43 45 47 49 51 54 56 58 60 
acm human 9 1 23 45 56 63 69 77 84 91 100 109 110 111 112 113 116 117 117 117 117 117 117 117 117 117 117 117 117 117 117 117 117 117 117 117 117 117 117 117 117 117 117 117 117 117 117 117 117 117 117 117 117 
acm window 9 1 6 12 18 24 30 36 39 40 40 40 40 40 40 40 40 40 40 40 41 42 43 44 47 50 54 58 59 60 61 62 63 64 64 64 64 64 64 64 64 64 64 64 65 65 65 65 65 65 66 67 69 
tsim fire 9 1 2 2 2 2 2 3 3 3 3 4 4 4 6 6 7 7 8 8 8 8 8 8 8 8 8 8 8 8 8 8 8 8 8 7 7 8 8 8 8 8 9 10 11 11 11 11 11 12 12 12 12 
tsim human 9 1 23 22 22 21 21 18 18 17 15 15 14 14 14 14 16 14 13 13 13 13 13 13 13 13 13 13 13 13 13 13 13 13 13 13 13 13 13 13 13 13 13 13 13 13 13 13 13 13 13 13 13 
tsim window 9 1 6 6 6 6 6 6 6 6 6 6 6 6 6 6 9 9 12 12 13 13 13 13 15 15 16 16 16 17 17 17 17 17 17 17 17 17 17 17 17 17 17 17 18 18 18 18 18 18 19 19 20 
task_num -1 9 1 603runtime -1 9 1 0.31615424156188965 1.010702133178711 1.2515156269073486 1.054689884185791 1.2430875301361084 0.8902320861816406 1.3225123882293701 1.5110104084014893 1.024435043334961 1.165794849395752 0.8097202777862549 0.26702022552490234 
avg_run -1 9 1 0.9889062245686849
al_time -1 9 1 0.02517986297607422 0.019182443618774414 0.019180774688720703 0.7642264366149902 0.887190580368042 0.025926589965820312 0.029926776885986328 0.023607969284057617 0.023821115493774414 0.02490520477294922 0.028658390045166016 0.017989635467529297 
avg_all -1 9 1 0.15748298168182373
sum 0 10 1 60 61 
sum 1 10 1 180 99 
sum 2 10 1 240 115 
sum 3 10 1 360 141 
sum 4 10 1 540 165 
sum 5 10 1 600 167 
sum 6 10 1 1200 188 
sum 7 10 1 1500 193 
sum 8 10 1 1800 200 
sum 9 10 1 2100 204 
sum 10 10 1 2400 205 
sum 11 10 1 2700 216 
sum 12 10 1 3000 227 
miss fire 10 1 2 2 0 0 0 1 1 0 0 1 1 1 2 2 2 2 1 1 0 0 0 0 0 0 0 0 0 0 1 1 1 1 0 1 0 1 0 0 0 0 1 2 3 1 1 1 1 2 2 1 1 
miss human 10 1 23 22 15 11 10 8 7 7 8 7 1 1 1 1 3 1 0 0 0 0 0 0 0 0 0 0 0 0 0 0 0 0 0 0 0 0 0 0 0 0 0 0 0 0 0 0 0 0 0 0 0 
miss window 10 1 6 6 6 6 6 6 3 1 0 0 0 0 0 0 0 0 0 0 1 1 1 0 2 1 2 0 0 1 1 1 1 1 0 0 0 0 0 0 0 0 0 0 1 1 1 0 0 0 1 1 2 
acm fire 10 1 2 4 4 4 4 5 6 6 6 7 8 9 11 13 15 17 18 19 19 19 19 19 19 19 19 19 19 19 20 21 22 23 23 24 24 25 25 25 25 25 26 28 31 32 33 34 35 37 39 40 41 
acm human 10 1 23 45 60 71 81 89 96 103 111 118 119 120 121 122 125 126 126 126 126 126 126 126 126 126 126 126 126 126 126 126 126 126 126 126 126 126 126 126 126 126 126 126 126 126 126 126 126 126 126 126 126 
acm window 10 1 6 12 18 24 30 36 39 40 40 40 40 40 40 40 40 40 40 40 41 42 43 43 45 46 48 48 48 49 50 51 52 53 53 53 53 53 53 53 53 53 53 53 54 55 56 56 56 56 57 58 60 
tsim fire 10 1 2 2 2 2 2 3 3 3 3 4 4 4 6 6 7 7 8 8 8 8 8 8 8 8 8 8 8 8 8 8 8 8 8 7 7 8 8 8 8 8 9 10 11 11 11 11 11 12 12 12 12 
tsim human 10 1 23 22 22 21 21 18 18 17 15 15 14 14 14 14 16 14 13 13 13 13 13 13 13 13 13 13 13 13 13 13 13 13 13 13 13 13 13 13 13 13 13 13 13 13 13 13 13 13 13 13 13 
tsim window 10 1 6 6 6 6 6 6 6 6 6 6 6 6 6 6 9 9 12 12 13 13 13 13 15 15 16 16 16 17 17 17 17 17 17 17 17 17 17 17 17 17 17 17 18 18 18 18 18 18 19 19 20 
task_num -1 10 1 603runtime -1 10 1 0.3909614086151123 1.2487690448760986 1.6213433742523193 1.2703361511230469 1.3470849990844727 0.8637678623199463 1.583458423614502 1.515681266784668 1.1060616970062256 0.608567476272583 
avg_run -1 10 1 1.1556031703948975
al_time -1 10 1 0.02555108070373535 0.019297361373901367 0.019960880279541016 0.796381950378418 0.865992546081543 0.027497291564941406 0.027218103408813477 0.02401590347290039 0.028550386428833008 0.027308225631713867 
avg_all -1 10 1 0.18617737293243408
random:2T:3000
sum 0 0 2 60 42 
sum 1 0 2 180 64 
sum 2 0 2 240 71 
sum 3 0 2 360 79 
sum 4 0 2 540 96 
sum 5 0 2 600 98 
sum 6 0 2 1200 104 
sum 7 0 2 1500 104 
sum 8 0 2 1800 105 
sum 9 0 2 2100 107 
sum 10 0 2 2400 114 
sum 11 0 2 2700 125 
sum 12 0 2 3000 133 
miss fire 0 2 3 3 1 2 1 0 0 1 1 2 0 0 0 0 0 0 0 0 0 0 0 0 0 0 0 0 0 0 0 0 1 1 1 0 0 0 0 0 1 2 2 2 2 2 2 3 1 1 0 0 0 
miss human 0 2 13 11 7 5 4 4 3 3 3 5 2 1 0 0 0 0 0 0 0 0 0 0 0 0 0 0 0 0 0 0 0 0 0 0 0 0 0 0 0 0 0 0 0 0 0 0 0 0 0 0 0 
miss window 0 2 6 6 4 3 2 1 0 0 1 1 0 0 0 0 0 0 1 2 2 0 0 0 0 0 0 0 0 0 0 0 0 0 0 0 0 0 0 0 1 1 0 0 0 0 0 0 1 2 1 1 1 
acm fire 0 2 3 6 7 9 10 10 10 11 12 14 14 14 14 14 14 14 14 14 14 14 14 14 14 14 14 14 14 14 14 14 15 16 17 17 17 17 17 17 18 20 22 24 26 28 30 33 34 35 35 35 35 
acm human 0 2 13 24 31 36 40 44 47 50 53 58 60 61 61 61 61 61 61 61 61 61 61 61 61 61 61 61 61 61 61 61 61 61 61 61 61 61 61 61 61 61 61 61 61 61 61 61 61 61 61 61 61 
acm window 0 2 6 12 16 19 21 22 22 22 23 24 24 24 24 24 24 24 25 27 29 29 29 29 29 29 29 29 29 29 29 29 29 29 29 29 29 29 29 29 30 31 31 31 31 31 31 31 32 34 35 36 37 
tsim fire 0 2 3 3 3 4 4 4 4 5 5 6 6 6 6 6 6 6 6 6 6 6 6 6 6 6 6 6 6 6 6 6 7 7 7 6 6 6 6 6 7 8 9 9 10 10 11 12 12 12 12 12 12 
tsim human 0 2 13 11 11 10 10 9 9 9 9 11 9 8 7 7 6 6 6 6 6 6 6 6 6 6 6 6 6 6 6 6 6 6 6 6 6 6 6 6 6 6 6 6 6 6 6 6 6 6 6 6 6 
tsim window 0 2 6 6 6 6 6 6 6 6 7 9 9 9 9 9 9 9 10 11 11 11 11 11 11 11 11 11 11 11 11 11 11 11 11 11 11 11 11 11 12 12 12 12 12 12 12 19 20 21 21 21 21 
task_num -1 0 2 441runtime -1 0 2 0.23555636405944824 0.22954559326171875 0.22524642944335938 0.2550175189971924 0.22669744491577148 0.24934840202331543 0.24061107635498047 0.24783086776733398 0.2652277946472168 0.24484920501708984 0.2584078311920166 0.1979384422302246 0.15481257438659668 0.1167137622833252 0.08297419548034668 
avg_run -1 0 2 0.21538516680399578
al_time -1 0 2 0.012710332870483398 0.011960744857788086 0.5195999145507812 0.014051198959350586 0.013868331909179688 0.014463186264038086 0.021413564682006836 0.01849222183227539 0.015732526779174805 0.018208026885986328 0.01483774185180664 0.015362262725830078 0.015802383422851562 0.8762600421905518 0.012055158615112305 
avg_all -1 0 2 0.10632117589314778
random:2T:3000
sum 0 11 2 60 42 
sum 1 11 2 180 74 
sum 2 11 2 240 82 
sum 3 11 2 360 93 
sum 4 11 2 540 111 
sum 5 11 2 600 117 
sum 6 11 2 1200 137 
sum 7 11 2 1500 140 
sum 8 11 2 1800 146 
sum 9 11 2 2100 153 
sum 10 11 2 2400 166 
sum 11 11 2 2700 189 
sum 12 11 2 3000 212 
miss fire 11 2 3 3 3 3 1 0 0 1 1 2 2 2 1 1 0 0 0 0 0 0 0 0 0 1 1 1 1 1 1 1 2 2 2 1 1 1 1 1 2 3 3 3 4 4 3 4 3 3 2 2 2 
miss human 11 2 13 11 9 7 5 5 4 4 3 5 3 2 1 1 0 0 0 0 0 0 0 0 0 0 0 0 0 0 0 0 0 0 0 0 0 0 0 0 0 0 0 0 0 0 0 0 0 0 0 0 0 
miss window 11 2 6 6 6 4 2 1 1 0 1 1 1 1 1 1 1 1 2 3 1 1 0 0 0 0 0 0 0 0 0 0 0 0 0 0 0 0 0 0 1 1 1 1 1 1 1 1 2 3 2 2 2 
acm fire 11 2 3 6 9 12 13 13 13 14 15 17 19 21 22 23 23 23 23 23 23 23 23 23 23 24 25 26 27 28 29 30 32 34 36 37 38 39 40 41 43 46 49 52 56 60 63 67 70 73 75 77 79 
acm human 11 2 13 24 33 40 45 50 54 58 61 66 69 71 72 73 73 73 73 73 73 73 73 73 73 73 73 73 73 73 73 73 73 73 73 73 73 73 73 73 73 73 73 73 73 73 73 73 73 73 73 73 73 
acm window 11 2 6 12 18 22 24 25 26 26 27 28 29 30 31 32 33 34 36 39 40 41 41 41 41 41 41 41 41 41 41 41 41 41 41 41 41 41 41 41 42 43 44 45 46 47 48 49 51 54 56 58 60 
tsim fire 11 2 3 3 3 4 4 4 4 5 5 6 6 6 6 6 6 6 6 6 6 6 6 6 6 6 6 6 6 6 6 6 7 7 7 6 6 6 6 6 7 8 9 9 10 10 11 12 12 12 12 12 12 
tsim human 11 2 13 11 11 10 10 9 9 9 9 11 9 8 7 7 6 6 6 6 6 6 6 6 6 6 6 6 6 6 6 6 6 6 6 6 6 6 6 6 6 6 6 6 6 6 6 6 6 6 6 6 6 
tsim window 11 2 6 6 6 6 6 6 6 6 7 9 9 9 9 9 9 9 10 11 11 11 11 11 11 11 11 11 11 11 11 11 11 11 11 11 11 11 11 11 12 12 12 12 12 12 12 19 20 21 21 21 21 
task_num -1 11 2 433runtime -1 11 2 0.011953115463256836 0.013058662414550781 0.011969327926635742 0.012332916259765625 0.01640772819519043 0.018561363220214844 0.016293764114379883 0.01628565788269043 0.01631784439086914 0.016302108764648438 0.016364336013793945 0.019189119338989258 
avg_run -1 11 2 0.01541966199874878
al_time -1 11 2 0.016492128372192383 0.011119604110717773 0.04844832420349121 0.4387199878692627 0.018113374710083008 0.018045663833618164 0.015332698822021484 0.015378236770629883 0.01623988151550293 0.038858890533447266 0.8668007850646973 0.012157440185546875 
avg_all -1 11 2 0.12630891799926758
sum 0 12 2 60 42 
sum 1 12 2 180 72 
sum 2 12 2 240 84 
sum 3 12 2 360 105 
sum 4 12 2 540 128 
sum 5 12 2 600 134 
sum 6 12 2 1200 161 
sum 7 12 2 1500 161 
sum 8 12 2 1800 162 
sum 9 12 2 2100 170 
sum 10 12 2 2400 179 
sum 11 12 2 2700 197 
sum 12 12 2 3000 207 
miss fire 12 2 3 3 0 1 0 0 0 1 1 2 2 1 1 0 0 0 0 0 0 0 0 0 0 0 0 0 0 0 0 0 1 1 1 2 2 2 0 0 1 2 3 2 3 3 2 3 3 1 1 0 0 
miss human 12 2 13 11 9 8 8 9 8 6 6 5 3 5 3 1 2 1 1 1 1 2 0 0 0 0 0 0 0 0 0 0 0 0 0 0 0 0 0 0 0 0 0 0 0 0 0 0 0 0 0 0 0 
miss window 12 2 6 6 6 6 4 3 1 0 1 1 1 1 1 0 0 0 1 2 2 1 0 0 0 0 0 0 0 0 0 0 0 0 0 0 0 0 0 0 1 1 1 1 1 1 1 1 1 1 1 1 1 
acm fire 12 2 3 6 6 7 7 7 7 8 9 11 13 14 15 15 15 15 15 15 15 15 15 15 15 15 15 15 15 15 15 15 16 17 18 20 22 24 24 24 25 27 30 32 35 38 40 43 46 47 48 48 48 
acm human 12 2 13 24 33 41 49 58 66 72 78 83 86 91 94 95 97 98 99 100 101 103 103 103 103 103 103 103 103 103 103 103 103 103 103 103 103 103 103 103 103 103 103 103 103 103 103 103 103 103 103 103 103 
acm window 12 2 6 12 18 24 28 31 32 32 33 34 35 36 37 37 37 37 38 40 42 43 43 43 43 43 43 43 43 43 43 43 43 43 43 43 43 43 43 43 44 45 46 47 48 49 50 51 52 53 54 55 56 
tsim fire 12 2 3 3 3 4 4 4 4 5 5 6 6 6 6 6 6 6 6 6 6 6 6 6 6 6 6 6 6 6 6 6 7 7 7 6 6 6 6 6 7 8 9 9 10 10 11 12 12 12 12 12 12 
tsim human 12 2 13 11 11 10 10 9 9 9 9 11 9 8 7 7 6 6 6 6 6 6 6 6 6 6 6 6 6 6 6 6 6 6 6 6 6 6 6 6 6 6 6 6 6 6 6 6 6 6 6 6 6 
tsim window 12 2 6 6 6 6 6 6 6 6 7 9 9 9 9 9 9 9 10 11 11 11 11 11 11 11 11 11 11 11 11 11 11 11 11 11 11 11 11 11 12 12 12 12 12 12 12 19 20 21 21 21 21 
task_num -1 12 2 439runtime -1 12 2 0.011277914047241211 0.011536598205566406 0.014121770858764648 0.01412820816040039 0.01397252082824707 0.014045476913452148 0.01409006118774414 0.01398921012878418 0.014358997344970703 0.01787877082824707 0.017435550689697266 0.023743867874145508 
avg_run -1 12 2 0.015048245588938395
al_time -1 12 2 0.015902042388916016 1.0353360176086426 0.015912532806396484 0.013857841491699219 0.017150163650512695 0.016310691833496094 0.014762639999389648 0.040030717849731445 0.016484498977661133 0.020452260971069336 1.1488986015319824 0.013739585876464844 
avg_all -1 12 2 0.19740313291549683
