random:0T:3000
sum 0 0 0 60 81 
sum 1 0 0 180 136 
sum 2 0 0 240 160 
sum 3 0 0 360 189 
sum 4 0 0 540 217 
sum 5 0 0 600 225 
sum 6 0 0 1200 262 
sum 7 0 0 1500 282 
sum 8 0 0 1800 297 
sum 9 0 0 2100 316 
sum 10 0 0 2400 340 
sum 11 0 0 2700 360 
sum 12 0 0 3000 370 
miss fire 0 0 6 6 2 1 1 1 0 2 3 3 2 2 4 1 0 0 0 0 0 0 0 0 0 0 0 0 1 1 1 1 1 1 1 1 4 2 2 1 1 1 3 4 2 2 1 1 0 0 0 0 0 
miss human 0 0 25 24 20 19 18 14 11 8 6 6 5 4 3 3 3 3 1 1 0 0 0 0 0 0 0 0 0 0 0 0 0 0 0 0 0 0 0 0 0 0 0 0 0 0 0 0 0 0 0 0 0 
miss window 0 0 10 10 7 6 5 2 1 0 0 0 1 1 0 0 0 1 1 1 2 2 4 4 4 4 4 4 2 2 2 2 2 2 2 2 2 2 2 2 4 4 4 2 1 2 2 3 2 2 2 2 2 
acm fire 0 0 6 12 14 15 16 17 17 19 22 25 27 29 33 34 34 34 34 34 34 34 34 34 34 34 34 34 35 36 37 38 39 40 41 42 46 48 50 51 52 53 56 60 62 64 65 66 66 66 66 66 66 
acm human 0 0 25 49 69 88 106 120 131 139 145 151 156 160 163 166 169 172 173 174 174 174 174 174 174 174 174 174 174 174 174 174 174 174 174 174 174 174 174 174 174 174 174 174 174 174 174 174 174 174 174 174 174 
acm window 0 0 10 20 27 33 38 40 41 41 41 41 42 43 43 43 43 44 45 46 48 50 54 58 62 66 70 74 76 78 80 82 84 86 88 90 92 94 96 98 102 106 110 112 113 115 117 120 122 124 126 128 130 
tsim fire 0 0 6 6 6 6 6 6 6 8 9 9 9 9 11 11 11 11 11 11 11 11 11 11 11 11 11 11 12 12 12 12 13 13 13 13 16 16 16 16 16 16 18 19 19 19 19 19 19 19 19 19 19 
tsim human 0 0 25 24 23 23 22 21 21 19 19 18 16 15 14 14 13 13 13 13 13 13 13 13 13 13 13 13 13 13 13 13 13 13 13 13 13 13 13 13 13 13 13 13 13 13 13 13 13 13 13 13 13 
tsim window 0 0 10 10 10 10 10 10 10 10 10 10 11 11 14 14 14 15 16 16 17 17 19 19 19 19 19 19 21 21 21 21 21 21 21 21 21 21 21 21 23 23 23 24 24 25 25 26 26 26 26 28 28 
task_num -1 0 0 641runtime -1 0 0 0.6131665706634521 0.41361403465270996 0.45935797691345215 0.44294071197509766 0.4573974609375 0.4530341625213623 0.4452183246612549 0.4420127868652344 0.46506357192993164 0.39066314697265625 0.29377317428588867 0.24230289459228516 
avg_run -1 0 0 0.4265454014142354
al_time -1 0 0 0.022388935089111328 0.02412867546081543 0.02362203598022461 0.022696495056152344 0.02934122085571289 0.8006818294525146 0.031043529510498047 0.026387929916381836 0.03241753578186035 0.027233600616455078 0.027759552001953125 0.023583412170410156 
avg_all -1 0 0 0.09094039599100749
sum 0 1 0 60 81 
sum 1 1 0 180 134 
sum 2 1 0 240 155 
sum 3 1 0 360 190 
sum 4 1 0 540 244 
sum 5 1 0 600 260 
sum 6 1 0 1200 307 
sum 7 1 0 1500 311 
sum 8 1 0 1800 317 
sum 9 1 0 2100 325 
sum 10 1 0 2400 332 
sum 11 1 0 2700 348 
sum 12 1 0 3000 358 
miss fire 1 0 6 6 2 1 1 1 1 3 4 4 2 2 3 2 2 2 0 0 0 0 0 0 0 0 0 0 1 1 1 1 2 2 2 0 3 1 1 0 0 0 2 2 2 2 2 0 0 0 0 0 0 
miss human 1 0 25 24 18 15 12 11 11 11 11 12 10 9 7 4 1 1 0 0 1 0 0 0 0 0 0 0 0 0 0 0 0 0 0 0 0 0 0 0 0 0 0 0 0 0 0 0 0 0 0 0 0 
miss window 1 0 10 10 9 8 8 6 5 3 3 3 4 4 1 0 0 1 1 1 1 1 3 2 1 1 0 0 0 0 0 0 0 0 0 0 0 0 0 0 2 1 1 2 2 1 1 2 2 1 1 3 3 
acm fire 1 0 6 12 14 15 16 17 18 21 25 29 31 33 36 38 40 42 42 42 42 42 42 42 42 42 42 42 43 44 45 46 48 50 52 52 55 56 57 57 57 57 59 61 63 65 67 67 67 67 67 67 67 
acm human 1 0 25 49 67 82 94 105 116 127 138 150 160 169 176 180 181 182 182 182 183 183 183 183 183 183 183 183 183 183 183 183 183 183 183 183 183 183 183 183 183 183 183 183 183 183 183 183 183 183 183 183 183 
acm window 1 0 10 20 29 37 45 51 56 59 62 65 69 73 74 74 74 75 76 77 78 79 82 84 85 86 86 86 86 86 86 86 86 86 86 86 86 86 86 86 88 89 90 92 94 95 96 98 100 101 102 105 108 
tsim fire 1 0 6 6 6 6 6 6 6 8 9 9 9 9 11 11 11 11 11 11 11 11 11 11 11 11 11 11 12 12 12 12 13 13 13 13 16 16 16 16 16 16 18 19 19 19 19 19 19 19 19 19 19 
tsim human 1 0 25 24 23 23 22 21 21 19 19 18 16 15 14 14 13 13 13 13 13 13 13 13 13 13 13 13 13 13 13 13 13 13 13 13 13 13 13 13 13 13 13 13 13 13 13 13 13 13 13 13 13 
tsim window 1 0 10 10 10 10 10 10 10 10 10 10 11 11 14 14 14 15 16 16 17 17 19 19 19 19 19 19 21 21 21 21 21 21 21 21 21 21 21 21 23 23 23 24 24 25 25 26 26 26 26 28 28 
task_num -1 1 0 641runtime -1 1 0 0.49519824981689453 1.273759126663208 0.9322824478149414 0.8493685722351074 1.2172279357910156 1.5483417510986328 1.478318691253662 1.350907564163208 1.4322309494018555 0.9777741432189941 0.5139241218566895 
avg_run -1 1 0 1.0972121412103826
al_time -1 1 0 0.024462461471557617 0.022603988647460938 0.021803855895996094 0.02259039878845215 0.027337312698364258 0.8792684078216553 0.024318695068359375 0.02455306053161621 0.028134822845458984 0.027968883514404297 0.0215911865234375 
avg_all -1 1 0 0.10223937034606934
sum 0 2 0 60 81 
sum 1 2 0 180 136 
sum 2 2 0 240 157 
sum 3 2 0 360 188 
sum 4 2 0 540 229 
sum 5 2 0 600 241 
sum 6 2 0 1200 299 
sum 7 2 0 1500 311 
sum 8 2 0 1800 322 
sum 9 2 0 2100 333 
sum 10 2 0 2400 348 
sum 11 2 0 2700 369 
sum 12 2 0 3000 376 
miss fire 2 0 6 6 2 1 1 0 0 2 3 3 3 3 3 3 3 3 3 0 0 0 0 0 0 0 0 0 1 1 1 1 2 1 1 1 4 4 3 3 1 1 2 3 2 2 1 1 0 0 0 0 0 
miss human 2 0 25 24 19 14 11 10 8 8 7 8 6 5 4 4 5 3 3 1 1 0 0 0 0 1 1 1 1 1 1 0 0 0 0 0 0 0 0 0 0 0 0 0 0 0 0 0 0 0 0 0 0 
miss window 2 0 10 10 10 9 9 7 6 4 4 2 3 3 1 0 0 1 2 1 2 1 3 3 3 1 1 1 1 1 0 0 0 0 0 0 0 0 0 0 2 2 1 2 2 3 2 3 2 2 1 1 1 
acm fire 2 0 6 12 14 15 16 16 16 18 21 24 27 30 33 36 39 42 45 45 45 45 45 45 45 45 45 45 46 47 48 49 51 52 53 54 58 62 65 68 69 70 72 75 77 79 80 81 81 81 81 81 81 
acm human 2 0 25 49 68 82 93 103 111 119 126 134 140 145 149 153 158 161 164 165 166 166 166 166 166 167 168 169 170 171 172 172 172 172 172 172 172 172 172 172 172 172 172 172 172 172 172 172 172 172 172 172 172 
acm window 2 0 10 20 30 39 48 55 61 65 69 71 74 77 78 78 78 79 81 82 84 85 88 91 94 95 96 97 98 99 99 99 99 99 99 99 99 99 99 99 101 103 104 106 108 111 113 116 118 120 121 122 123 
tsim fire 2 0 6 6 6 6 6 6 6 8 9 9 9 9 11 11 11 11 11 11 11 11 11 11 11 11 11 11 12 12 12 12 13 13 13 13 16 16 16 16 16 16 18 19 19 19 19 19 19 19 19 19 19 
tsim human 2 0 25 24 23 23 22 21 21 19 19 18 16 15 14 14 13 13 13 13 13 13 13 13 13 13 13 13 13 13 13 13 13 13 13 13 13 13 13 13 13 13 13 13 13 13 13 13 13 13 13 13 13 
tsim window 2 0 10 10 10 10 10 10 10 10 10 10 11 11 14 14 14 15 16 16 17 17 19 19 19 19 19 19 21 21 21 21 21 21 21 21 21 21 21 21 23 23 23 24 24 25 25 26 26 26 26 28 28 
task_num -1 2 0 642runtime -1 2 0 3.056061267852783 4.774771690368652 1.6657624244689941 1.6277241706848145 1.270423173904419 1.5402567386627197 1.360975742340088 1.2734417915344238 1.5027399063110352 1.3000397682189941 0.8840439319610596 0.8428668975830078 0.5986275672912598 
avg_run -1 2 0 1.6690565439370961
al_time -1 2 0 0.025182247161865234 0.023844242095947266 0.022601842880249023 0.04611778259277344 0.02984142303466797 0.7846717834472656 0.027405500411987305 0.02490401268005371 0.04812884330749512 0.025197744369506836 0.025460004806518555 0.02589869499206543 0.021622419357299805 
avg_all -1 2 0 0.0869905031644381
sum 0 3 0 60 81 
sum 1 3 0 180 134 
sum 2 3 0 240 153 
sum 3 3 0 360 186 
sum 4 3 0 540 223 
sum 5 3 0 600 232 
sum 6 3 0 1200 302 
sum 7 3 0 1500 332 
sum 8 3 0 1800 348 
sum 9 3 0 2100 369 
sum 10 3 0 2400 393 
sum 11 3 0 2700 424 
sum 12 3 0 3000 449 
miss fire 3 0 6 6 1 0 0 0 0 2 3 3 3 0 2 2 2 1 1 0 0 0 0 0 0 0 0 0 1 1 1 1 2 1 1 1 4 4 2 2 1 1 2 3 2 2 2 1 1 0 0 0 0 
miss human 3 0 25 24 19 14 10 8 8 7 6 6 4 4 3 3 3 3 2 1 0 0 0 0 0 0 0 0 0 0 0 0 0 0 0 0 0 0 0 0 0 0 0 0 0 0 0 0 0 0 0 0 0 
miss window 3 0 10 10 10 9 9 9 8 6 3 1 2 2 4 3 3 4 5 5 5 5 7 7 7 7 5 4 2 2 2 2 2 2 2 2 2 2 2 2 4 4 4 5 4 4 4 4 4 4 4 6 6 
acm fire 3 0 6 12 13 13 13 13 13 15 18 21 24 24 26 28 30 31 32 32 32 32 32 32 32 32 32 32 33 34 35 36 38 39 40 41 45 49 51 53 54 55 57 60 62 64 66 67 68 68 68 68 68 
acm human 3 0 25 49 68 82 92 100 108 115 121 127 131 135 138 141 144 147 149 150 150 150 150 150 150 150 150 150 150 150 150 150 150 150 150 150 150 150 150 150 150 150 150 150 150 150 150 150 150 150 150 150 150 
acm window 3 0 10 20 30 39 48 57 65 71 74 75 77 79 83 86 89 93 98 103 108 113 120 127 134 141 146 150 152 154 156 158 160 162 164 166 168 170 172 174 178 182 186 191 195 199 203 207 211 215 219 225 231 
tsim fire 3 0 6 6 6 6 6 6 6 8 9 9 9 9 11 11 11 11 11 11 11 11 11 11 11 11 11 11 12 12 12 12 13 13 13 13 16 16 16 16 16 16 18 19 19 19 19 19 19 19 19 19 19 
tsim human 3 0 25 24 23 23 22 21 21 19 19 18 16 15 14 14 13 13 13 13 13 13 13 13 13 13 13 13 13 13 13 13 13 13 13 13 13 13 13 13 13 13 13 13 13 13 13 13 13 13 13 13 13 
tsim window 3 0 10 10 10 10 10 10 10 10 10 10 11 11 14 14 14 15 16 16 17 17 19 19 19 19 19 19 21 21 21 21 21 21 21 21 21 21 21 21 23 23 23 24 24 25 25 26 26 26 26 28 28 
task_num -1 3 0 492runtime -1 3 0 0.02572011947631836 0.02314472198486328 0.039992570877075195 0.023021221160888672 0.023542165756225586 0.02332592010498047 
avg_run -1 3 0 0.026457786560058594
al_time -1 3 0 0.025771141052246094 0.02496623992919922 0.024999380111694336 0.024881362915039062 0.024791955947875977 0.021219491958618164 
avg_all -1 3 0 0.02443826198577881
sum 0 4 0 60 81 
sum 1 4 0 180 135 
sum 2 4 0 240 155 
sum 3 4 0 360 184 
sum 4 4 0 540 228 
sum 5 4 0 600 242 
sum 6 4 0 1200 290 
sum 7 4 0 1500 294 
sum 8 4 0 1800 298 
sum 9 4 0 2100 307 
sum 10 4 0 2400 321 
sum 11 4 0 2700 340 
sum 12 4 0 3000 356 
miss fire 4 0 6 6 3 2 1 0 0 2 3 3 1 1 3 3 3 3 1 1 1 0 0 0 0 0 0 0 1 1 1 0 1 1 1 1 4 2 2 1 1 1 3 2 2 1 1 1 1 1 1 1 1 
miss human 4 0 25 24 17 15 11 9 9 9 9 9 9 8 5 3 1 1 0 0 1 0 0 0 0 0 0 0 0 0 0 0 0 0 0 0 0 0 0 0 0 0 0 0 0 0 0 0 0 0 0 0 0 
miss window 4 0 10 10 9 8 8 6 5 3 3 3 4 4 1 0 0 1 1 1 1 1 3 2 1 1 0 0 0 0 0 0 0 0 0 0 0 0 0 0 2 2 2 2 2 3 3 2 2 2 1 3 3 
acm fire 4 0 6 12 15 17 18 18 18 20 23 26 27 28 31 34 37 40 41 42 43 43 43 43 43 43 43 43 44 45 46 46 47 48 49 50 54 56 58 59 60 61 64 66 68 69 70 71 72 73 74 75 76 
acm human 4 0 25 49 66 81 92 101 110 119 128 137 146 154 159 162 163 164 164 164 165 165 165 165 165 165 165 165 165 165 165 165 165 165 165 165 165 165 165 165 165 165 165 165 165 165 165 165 165 165 165 165 165 
acm window 4 0 10 20 29 37 45 51 56 59 62 65 69 73 74 74 74 75 76 77 78 79 82 84 85 86 86 86 86 86 86 86 86 86 86 86 86 86 86 86 88 90 92 94 96 99 102 104 106 108 109 112 115 
tsim fire 4 0 6 6 6 6 6 6 6 8 9 9 9 9 11 11 11 11 11 11 11 11 11 11 11 11 11 11 12 12 12 12 13 13 13 13 16 16 16 16 16 16 18 19 19 19 19 19 19 19 19 19 19 
tsim human 4 0 25 24 23 23 22 21 21 19 19 18 16 15 14 14 13 13 13 13 13 13 13 13 13 13 13 13 13 13 13 13 13 13 13 13 13 13 13 13 13 13 13 13 13 13 13 13 13 13 13 13 13 
tsim window 4 0 10 10 10 10 10 10 10 10 10 10 11 11 14 14 14 15 16 16 17 17 19 19 19 19 19 19 21 21 21 21 21 21 21 21 21 21 21 21 23 23 23 24 24 25 25 26 26 26 26 28 28 
task_num -1 4 0 639runtime -1 4 0 0.49454784393310547 1.2653329372406006 0.8842003345489502 0.8482062816619873 1.2100119590759277 1.4666247367858887 1.2643277645111084 1.2225275039672852 0.9806132316589355 0.8817908763885498 
avg_run -1 4 0 1.051818346977234
al_time -1 4 0 0.024565935134887695 0.022511005401611328 0.02171802520751953 0.02318286895751953 0.8264029026031494 0.02826070785522461 0.024692296981811523 0.02819347381591797 0.02557992935180664 0.024137020111083984 
avg_all -1 4 0 0.10492441654205323
sum 0 5 0 60 81 
sum 1 5 0 180 124 
sum 2 5 0 240 141 
sum 3 5 0 360 166 
sum 4 5 0 540 190 
sum 5 5 0 600 197 
sum 6 5 0 1200 239 
sum 7 5 0 1500 245 
sum 8 5 0 1800 251 
sum 9 5 0 2100 259 
sum 10 5 0 2400 278 
sum 11 5 0 2700 299 
sum 12 5 0 3000 311 
miss fire 5 0 6 6 2 1 1 1 1 2 3 2 2 2 4 1 1 1 1 0 0 0 0 0 0 0 0 0 1 1 1 1 2 1 1 0 3 3 3 3 2 2 3 4 3 3 0 0 0 0 0 0 0 
miss human 5 0 25 24 13 10 9 7 7 4 3 4 3 2 1 1 2 2 2 1 1 2 2 2 2 0 0 0 0 0 0 0 0 0 0 0 0 0 0 0 0 0 0 0 0 0 0 0 0 0 0 0 0 
miss window 5 0 10 10 9 8 7 5 4 3 2 1 2 2 1 1 0 1 2 2 3 1 3 2 0 0 0 0 0 0 0 0 0 0 0 0 0 0 0 0 2 2 2 3 1 2 2 3 3 2 1 3 3 
acm fire 5 0 6 12 14 15 16 17 18 20 23 25 27 29 33 34 35 36 37 37 37 37 37 37 37 37 37 37 38 39 40 41 43 44 45 45 48 51 54 57 59 61 64 68 71 74 74 74 74 74 74 74 74 
acm human 5 0 25 49 62 72 81 88 95 99 102 106 109 111 112 113 115 117 119 120 121 123 125 127 129 129 129 129 129 129 129 129 129 129 129 129 129 129 129 129 129 129 129 129 129 129 129 129 129 129 129 129 129 
acm window 5 0 10 20 29 37 44 49 53 56 58 59 61 63 64 65 65 66 68 70 73 74 77 79 79 79 79 79 79 79 79 79 79 79 79 79 79 79 79 79 81 83 85 88 89 91 93 96 99 101 102 105 108 
tsim fire 5 0 6 6 6 6 6 6 6 8 9 9 9 9 11 11 11 11 11 11 11 11 11 11 11 11 11 11 12 12 12 12 13 13 13 13 16 16 16 16 16 16 18 19 19 19 19 19 19 19 19 19 19 
tsim human 5 0 25 24 23 23 22 21 21 19 19 18 16 15 14 14 13 13 13 13 13 13 13 13 13 13 13 13 13 13 13 13 13 13 13 13 13 13 13 13 13 13 13 13 13 13 13 13 13 13 13 13 13 
tsim window 5 0 10 10 10 10 10 10 10 10 10 10 11 11 14 14 14 15 16 16 17 17 19 19 19 19 19 19 21 21 21 21 21 21 21 21 21 21 21 21 23 23 23 24 24 25 25 26 26 26 26 28 28 
task_num -1 5 0 639runtime -1 5 0 2.830294609069824 5.455077648162842 1.6498539447784424 1.495577335357666 1.3359429836273193 1.0869064331054688 1.0521764755249023 1.318242073059082 1.155771255493164 0.9282386302947998 0.783048152923584 
avg_run -1 5 0 1.7355572310360996
al_time -1 5 0 0.050107717514038086 0.05000114440917969 0.026937246322631836 0.023813724517822266 0.024850845336914062 0.7908155918121338 0.027280092239379883 0.024570465087890625 0.025797367095947266 0.026231050491333008 0.023744821548461914 
avg_all -1 5 0 0.09946818785233931
sum 0 6 0 60 81 
sum 1 6 0 180 136 
sum 2 6 0 240 160 
sum 3 6 0 360 189 
sum 4 6 0 540 217 
sum 5 6 0 600 225 
sum 6 6 0 1200 269 
sum 7 6 0 1500 276 
sum 8 6 0 1800 282 
sum 9 6 0 2100 291 
sum 10 6 0 2400 305 
sum 11 6 0 2700 329 
sum 12 6 0 3000 340 
miss fire 6 0 6 6 2 1 1 1 0 2 3 3 2 2 3 2 0 0 0 0 0 0 0 0 0 0 0 0 1 1 1 1 2 2 2 0 3 2 2 1 1 1 3 4 2 2 2 2 1 1 0 0 0 
miss human 6 0 25 24 20 19 18 14 11 8 6 6 5 4 3 3 2 2 2 4 1 1 2 0 0 1 1 0 0 0 0 0 0 0 0 0 0 0 0 0 0 0 0 0 0 0 0 0 0 0 0 0 0 
miss window 6 0 10 10 7 6 5 2 1 0 0 0 1 1 1 1 0 1 2 1 2 2 2 2 2 1 0 0 0 0 0 0 0 0 0 0 0 0 0 0 2 2 2 3 2 3 2 2 2 2 1 2 2 
acm fire 6 0 6 12 14 15 16 17 17 19 22 25 27 29 32 34 34 34 34 34 34 34 34 34 34 34 34 34 35 36 37 38 40 42 44 44 47 49 51 52 53 54 57 61 63 65 67 69 70 71 71 71 71 
acm human 6 0 25 49 69 88 106 120 131 139 145 151 156 160 163 166 168 170 172 176 177 178 180 180 180 181 182 182 182 182 182 182 182 182 182 182 182 182 182 182 182 182 182 182 182 182 182 182 182 182 182 182 182 
acm window 6 0 10 20 27 33 38 40 41 41 41 41 42 43 44 45 45 46 48 49 51 53 55 57 59 60 60 60 60 60 60 60 60 60 60 60 60 60 60 60 62 64 66 69 71 74 76 78 80 82 83 85 87 
tsim fire 6 0 6 6 6 6 6 6 6 8 9 9 9 9 11 11 11 11 11 11 11 11 11 11 11 11 11 11 12 12 12 12 13 13 13 13 16 16 16 16 16 16 18 19 19 19 19 19 19 19 19 19 19 
tsim human 6 0 25 24 23 23 22 21 21 19 19 18 16 15 14 14 13 13 13 13 13 13 13 13 13 13 13 13 13 13 13 13 13 13 13 13 13 13 13 13 13 13 13 13 13 13 13 13 13 13 13 13 13 
tsim window 6 0 10 10 10 10 10 10 10 10 10 10 11 11 14 14 14 15 16 16 17 17 19 19 19 19 19 19 21 21 21 21 21 21 21 21 21 21 21 21 23 23 23 24 24 25 25 26 26 26 26 28 28 
task_num -1 6 0 641runtime -1 6 0 3.0969700813293457 1.463759422302246 1.948530912399292 1.859651803970337 1.248246669769287 1.1126246452331543 1.4424383640289307 1.4880118370056152 1.2342748641967773 1.0832061767578125 0.7597270011901855 0.273834228515625 
avg_run -1 6 0 1.4176063338915508
al_time -1 6 0 0.022638320922851562 0.02341628074645996 0.02585291862487793 0.046587228775024414 0.02499222755432129 0.8877179622650146 0.023929595947265625 0.02476048469543457 0.028968095779418945 0.02763199806213379 0.026580810546875 0.018346786499023438 
avg_all -1 6 0 0.09845189253489177
sum 0 7 0 60 81 
sum 1 7 0 180 136 
sum 2 7 0 240 160 
sum 3 7 0 360 189 
sum 4 7 0 540 215 
sum 5 7 0 600 223 
sum 6 7 0 1200 269 
sum 7 7 0 1500 273 
sum 8 7 0 1800 278 
sum 9 7 0 2100 288 
sum 10 7 0 2400 305 
sum 11 7 0 2700 331 
sum 12 7 0 3000 347 
miss fire 7 0 6 6 2 1 1 1 0 2 2 2 2 2 3 1 1 1 0 0 0 0 0 0 0 0 0 0 1 1 1 1 1 1 1 1 4 3 3 2 2 2 4 5 5 1 1 1 1 0 0 0 0 
miss human 7 0 25 24 20 19 18 14 11 8 6 6 5 4 3 3 4 4 3 3 1 1 0 0 1 1 0 0 0 0 0 0 0 0 0 0 0 0 0 0 0 0 0 0 0 0 0 0 0 0 0 0 0 
miss window 7 0 10 10 7 6 5 2 1 0 0 0 1 1 0 0 0 1 2 2 2 2 2 2 0 0 0 0 0 0 0 0 0 0 0 0 0 0 0 0 2 1 1 2 2 3 3 3 3 3 3 3 3 
acm fire 7 0 6 12 14 15 16 17 17 19 21 23 25 27 30 31 32 33 33 33 33 33 33 33 33 33 33 33 34 35 36 37 38 39 40 41 45 48 51 53 55 57 61 66 71 72 73 74 75 75 75 75 75 
acm human 7 0 25 49 69 88 106 120 131 139 145 151 156 160 163 166 170 174 177 180 181 182 182 182 183 184 184 184 184 184 184 184 184 184 184 184 184 184 184 184 184 184 184 184 184 184 184 184 184 184 184 184 184 
acm window 7 0 10 20 27 33 38 40 41 41 41 41 42 43 43 43 43 44 46 48 50 52 54 56 56 56 56 56 56 56 56 56 56 56 56 56 56 56 56 56 58 59 60 62 64 67 70 73 76 79 82 85 88 
tsim fire 7 0 6 6 6 6 6 6 6 8 9 9 9 9 11 11 11 11 11 11 11 11 11 11 11 11 11 11 12 12 12 12 13 13 13 13 16 16 16 16 16 16 18 19 19 19 19 19 19 19 19 19 19 
tsim human 7 0 25 24 23 23 22 21 21 19 19 18 16 15 14 14 13 13 13 13 13 13 13 13 13 13 13 13 13 13 13 13 13 13 13 13 13 13 13 13 13 13 13 13 13 13 13 13 13 13 13 13 13 
tsim window 7 0 10 10 10 10 10 10 10 10 10 10 11 11 14 14 14 15 16 16 17 17 19 19 19 19 19 19 21 21 21 21 21 21 21 21 21 21 21 21 23 23 23 24 24 25 25 26 26 26 26 28 28 
task_num -1 7 0 641runtime -1 7 0 4.1216881275177 2.2964744567871094 2.0941007137298584 2.110154867172241 2.2485618591308594 1.6531345844268799 1.7304856777191162 1.271317481994629 1.3991291522979736 1.5005016326904297 1.1925044059753418 0.6429059505462646 
avg_run -1 7 0 1.8550799091657002
al_time -1 7 0 0.023166894912719727 0.024778366088867188 0.022913455963134766 0.022290945053100586 0.022635459899902344 0.02496647834777832 0.7988040447235107 0.02831411361694336 0.02483391761779785 0.029951810836791992 0.028272151947021484 0.0200502872467041 
avg_all -1 7 0 0.08924816052118938
sum 0 8 0 60 81 
sum 1 8 0 180 132 
sum 2 8 0 240 151 
sum 3 8 0 360 178 
sum 4 8 0 540 216 
sum 5 8 0 600 229 
sum 6 8 0 1200 299 
sum 7 8 0 1500 307 
sum 8 8 0 1800 309 
sum 9 8 0 2100 315 
sum 10 8 0 2400 328 
sum 11 8 0 2700 356 
sum 12 8 0 3000 367 
miss fire 8 0 6 6 1 0 0 0 0 2 3 3 3 3 3 3 3 3 3 1 1 1 1 0 0 0 0 0 1 0 0 0 1 1 0 0 3 2 2 1 1 1 3 4 3 3 2 2 0 0 0 0 0 
miss human 8 0 25 24 18 13 10 7 7 7 6 7 7 6 5 4 5 3 3 2 2 2 2 1 1 0 0 0 0 0 0 0 0 0 0 0 0 0 0 0 0 0 0 0 0 0 0 0 0 0 0 0 0 
miss window 8 0 10 10 10 9 9 7 6 4 4 2 3 3 1 0 0 1 2 1 2 1 3 3 3 0 0 0 0 0 0 0 0 0 0 0 0 0 0 0 2 2 1 2 2 3 3 4 2 2 1 3 3 
acm fire 8 0 6 12 13 13 13 13 13 15 18 21 24 27 30 33 36 39 42 43 44 45 46 46 46 46 46 46 47 47 47 47 48 49 49 49 52 54 56 57 58 59 62 66 69 72 74 76 76 76 76 76 76 
acm human 8 0 25 49 67 80 90 97 104 111 117 124 131 137 142 146 151 154 157 159 161 163 165 166 167 167 167 167 167 167 167 167 167 167 167 167 167 167 167 167 167 167 167 167 167 167 167 167 167 167 167 167 167 
acm window 8 0 10 20 30 39 48 55 61 65 69 71 74 77 78 78 78 79 81 82 84 85 88 91 94 94 94 94 94 94 94 94 94 94 94 94 94 94 94 94 96 98 99 101 103 106 109 113 115 117 118 121 124 
tsim fire 8 0 6 6 6 6 6 6 6 8 9 9 9 9 11 11 11 11 11 11 11 11 11 11 11 11 11 11 12 12 12 12 13 13 13 13 16 16 16 16 16 16 18 19 19 19 19 19 19 19 19 19 19 
tsim human 8 0 25 24 23 23 22 21 21 19 19 18 16 15 14 14 13 13 13 13 13 13 13 13 13 13 13 13 13 13 13 13 13 13 13 13 13 13 13 13 13 13 13 13 13 13 13 13 13 13 13 13 13 
tsim window 8 0 10 10 10 10 10 10 10 10 10 10 11 11 14 14 14 15 16 16 17 17 19 19 19 19 19 19 21 21 21 21 21 21 21 21 21 21 21 21 23 23 23 24 24 25 25 26 26 26 26 28 28 
task_num -1 8 0 642runtime -1 8 0 3.61480975151062 4.913872003555298 2.0857901573181152 1.895009994506836 1.7335410118103027 1.5592474937438965 1.9120612144470215 1.5795118808746338 1.5733282566070557 1.7636702060699463 2.0036067962646484 1.684117078781128 1.1355371475219727 0.8859150409698486 0.6196777820587158 
avg_run -1 8 0 1.9306463877360025
al_time -1 8 0 0.024854183197021484 0.02393317222595215 0.04673624038696289 0.021815061569213867 0.022097349166870117 0.045137882232666016 0.022121429443359375 0.7895784378051758 0.02731919288635254 0.02590656280517578 0.025081872940063477 0.02819085121154785 0.024687528610229492 0.02603936195373535 0.021001815795898438 
avg_all -1 8 0 0.0783000628153483
sum 0 9 0 60 81 
sum 1 9 0 180 123 
sum 2 9 0 240 138 
sum 3 9 0 360 161 
sum 4 9 0 540 197 
sum 5 9 0 600 209 
sum 6 9 0 1200 256 
sum 7 9 0 1500 266 
sum 8 9 0 1800 270 
sum 9 9 0 2100 279 
sum 10 9 0 2400 298 
sum 11 9 0 2700 323 
sum 12 9 0 3000 342 
miss fire 9 0 6 6 1 0 0 0 0 2 3 3 1 1 3 3 2 2 1 1 0 0 0 0 0 0 0 0 1 1 1 0 1 1 1 1 3 3 3 3 3 1 3 4 2 2 2 2 2 2 1 0 0 
miss human 9 0 25 24 14 10 7 6 6 6 6 7 7 6 5 3 1 1 1 1 0 0 0 0 0 0 0 0 0 0 0 0 0 0 0 0 0 0 0 0 0 0 0 0 0 0 0 0 0 0 0 0 0 
miss window 9 0 10 10 9 8 8 6 5 3 3 3 4 4 2 0 0 1 2 2 1 1 3 3 2 2 2 1 0 0 0 0 0 0 0 0 0 0 0 0 2 2 2 3 2 3 2 3 3 3 2 3 3 
acm fire 9 0 6 12 13 13 13 13 13 15 18 21 22 23 26 29 31 33 34 35 35 35 35 35 35 35 35 35 36 37 38 38 39 40 41 42 45 48 51 54 57 58 61 65 67 69 71 73 75 77 78 78 78 
acm human 9 0 25 49 63 73 80 86 92 98 104 111 118 124 129 132 133 134 135 136 136 136 136 136 136 136 136 136 136 136 136 136 136 136 136 136 136 136 136 136 136 136 136 136 136 136 136 136 136 136 136 136 136 
acm window 9 0 10 20 29 37 45 51 56 59 62 65 69 73 75 75 75 76 78 80 81 82 85 88 90 92 94 95 95 95 95 95 95 95 95 95 95 95 95 95 97 99 101 104 106 109 111 114 117 120 122 125 128 
tsim fire 9 0 6 6 6 6 6 6 6 8 9 9 9 9 11 11 11 11 11 11 11 11 11 11 11 11 11 11 12 12 12 12 13 13 13 13 16 16 16 16 16 16 18 19 19 19 19 19 19 19 19 19 19 
tsim human 9 0 25 24 23 23 22 21 21 19 19 18 16 15 14 14 13 13 13 13 13 13 13 13 13 13 13 13 13 13 13 13 13 13 13 13 13 13 13 13 13 13 13 13 13 13 13 13 13 13 13 13 13 
tsim window 9 0 10 10 10 10 10 10 10 10 10 10 11 11 14 14 14 15 16 16 17 17 19 19 19 19 19 19 21 21 21 21 21 21 21 21 21 21 21 21 23 23 23 24 24 25 25 26 26 26 26 28 28 
task_num -1 9 0 641runtime -1 9 0 0.38477516174316406 2.0331482887268066 1.0539610385894775 1.1981322765350342 1.4263973236083984 1.6477179527282715 1.393568992614746 1.6503427028656006 1.4886565208435059 1.2624702453613281 0.27832674980163574 
avg_run -1 9 0 1.2561361139470881
al_time -1 9 0 0.02444744110107422 0.02289557456970215 0.02193427085876465 0.022359848022460938 0.021945953369140625 0.8210773468017578 0.028027772903442383 0.028687238693237305 0.026294469833374023 0.03016066551208496 0.024639129638671875 
avg_all -1 9 0 0.09749724648215553
sum 0 10 0 60 81 
sum 1 10 0 180 121 
sum 2 10 0 240 135 
sum 3 10 0 360 156 
sum 4 10 0 540 188 
sum 5 10 0 600 198 
sum 6 10 0 1200 281 
sum 7 10 0 1500 297 
sum 8 10 0 1800 299 
sum 9 10 0 2100 307 
sum 10 10 0 2400 319 
sum 11 10 0 2700 344 
sum 12 10 0 3000 365 
miss fire 10 0 6 6 1 0 0 0 0 2 3 2 1 1 3 3 3 3 3 3 3 3 2 2 1 1 0 0 1 0 0 0 1 1 1 0 3 3 2 2 0 0 2 3 3 2 2 2 2 0 0 0 0 
miss human 10 0 25 24 14 8 6 5 5 5 5 6 5 4 3 3 4 4 4 4 4 4 2 2 0 0 0 0 0 0 0 0 0 0 0 0 0 0 0 0 0 0 0 0 0 0 0 0 0 0 0 0 0 
miss window 10 0 10 10 9 8 8 6 5 3 3 3 4 4 1 0 0 1 2 2 3 3 4 4 2 2 1 1 0 0 0 0 0 0 0 0 0 0 0 0 2 2 2 2 2 3 3 3 3 3 3 5 5 
acm fire 10 0 6 12 13 13 13 13 13 15 18 20 21 22 25 28 31 34 37 40 43 46 48 50 51 52 52 52 53 53 53 53 54 55 56 56 59 62 64 66 66 66 68 71 74 76 78 80 82 82 82 82 82 
acm human 10 0 25 49 63 71 77 82 87 92 97 103 108 112 115 118 122 126 130 134 138 142 144 146 146 146 146 146 146 146 146 146 146 146 146 146 146 146 146 146 146 146 146 146 146 146 146 146 146 146 146 146 146 
acm window 10 0 10 20 29 37 45 51 56 59 62 65 69 73 74 74 74 75 77 79 82 85 89 93 95 97 98 99 99 99 99 99 99 99 99 99 99 99 99 99 101 103 105 107 109 112 115 118 121 124 127 132 137 
tsim fire 10 0 6 6 6 6 6 6 6 8 9 9 9 9 11 11 11 11 11 11 11 11 11 11 11 11 11 11 12 12 12 12 13 13 13 13 16 16 16 16 16 16 18 19 19 19 19 19 19 19 19 19 19 
tsim human 10 0 25 24 23 23 22 21 21 19 19 18 16 15 14 14 13 13 13 13 13 13 13 13 13 13 13 13 13 13 13 13 13 13 13 13 13 13 13 13 13 13 13 13 13 13 13 13 13 13 13 13 13 
tsim window 10 0 10 10 10 10 10 10 10 10 10 10 11 11 14 14 14 15 16 16 17 17 19 19 19 19 19 19 21 21 21 21 21 21 21 21 21 21 21 21 23 23 23 24 24 25 25 26 26 26 26 28 28 
task_num -1 10 0 640runtime -1 10 0 0.38528919219970703 2.456869125366211 1.2609992027282715 1.5018932819366455 1.8643159866333008 2.0373387336730957 1.2228055000305176 2.3422136306762695 1.1608078479766846 0.9595844745635986 0.41841554641723633 
avg_run -1 10 0 1.4191393202001399
al_time -1 10 0 0.025731325149536133 0.030156612396240234 0.021726608276367188 0.02128434181213379 0.7924401760101318 0.02812933921813965 0.025365114212036133 0.025843381881713867 0.02777886390686035 0.027706623077392578 0.018386363983154297 
avg_all -1 10 0 0.09495897726579146
random:1T:3000
sum 0 0 1 60 86 
sum 1 0 1 180 146 
sum 2 0 1 240 165 
sum 3 0 1 360 182 
sum 4 0 1 540 201 
sum 5 0 1 600 206 
sum 6 0 1 1200 241 
sum 7 0 1 1500 249 
sum 8 0 1 1800 252 
sum 9 0 1 2100 255 
sum 10 0 1 2400 260 
sum 11 0 1 2700 272 
sum 12 0 1 3000 282 
miss fire 0 1 3 3 1 1 1 1 1 3 1 2 2 4 2 2 0 1 0 0 0 0 0 0 0 0 0 0 0 0 1 1 1 1 2 0 0 0 0 0 0 0 0 0 1 2 2 2 3 3 3 0 0 
miss human 0 1 27 27 24 21 13 8 4 3 5 5 3 3 2 2 1 1 0 0 1 0 0 0 0 0 0 0 0 0 0 0 0 0 0 0 0 0 0 0 0 0 0 0 0 0 0 0 0 0 0 0 0 
miss window 0 1 13 13 8 5 5 3 0 0 0 0 0 0 0 0 0 3 3 3 2 2 3 4 2 1 1 0 0 0 0 0 0 0 0 0 0 0 0 1 1 1 2 2 2 1 0 0 0 0 0 0 1 
acm fire 0 1 3 6 7 8 9 10 11 14 15 17 19 23 25 27 27 28 28 28 28 28 28 28 28 28 28 28 28 28 29 30 31 32 34 34 34 34 34 34 34 34 34 34 35 37 39 41 44 47 50 50 50 
acm human 0 1 27 54 78 99 112 120 124 127 132 137 140 143 145 147 148 149 149 149 150 150 150 150 150 150 150 150 150 150 150 150 150 150 150 150 150 150 150 150 150 150 150 150 150 150 150 150 150 150 150 150 150 
acm window 0 1 13 26 34 39 44 47 47 47 47 47 47 47 47 47 47 50 53 56 58 60 63 67 69 70 71 71 71 71 71 71 71 71 71 71 71 71 71 72 73 74 76 78 80 81 81 81 81 81 81 81 82 
tsim fire 0 1 3 3 3 3 3 4 4 6 6 7 7 9 10 10 10 11 11 11 11 11 11 11 11 11 11 11 11 11 12 12 12 13 14 13 13 13 13 13 13 13 13 13 14 15 16 16 19 19 20 20 20 
tsim human 0 1 27 27 27 26 25 23 22 22 20 20 20 20 20 20 19 19 19 19 19 19 19 19 19 19 19 19 19 19 19 19 19 19 19 19 19 19 19 19 19 19 19 19 19 19 19 19 19 19 19 19 19 
tsim window 0 1 13 13 13 13 13 13 13 13 13 13 13 16 19 19 19 22 22 22 22 23 24 25 25 26 26 26 26 26 26 26 26 26 26 26 26 26 26 27 27 27 28 28 28 29 29 29 34 34 34 34 35 
task_num -1 0 1 709runtime -1 0 1 0.39745306968688965 0.33219456672668457 0.39919161796569824 0.515005350112915 0.568657398223877 0.5277998447418213 0.5565140247344971 0.5442779064178467 0.5062730312347412 0.39194416999816895 0.3268454074859619 0.20656299591064453 0.12765145301818848 
avg_run -1 0 1 0.41541314125061035
al_time -1 0 1 0.022977590560913086 2.4804553985595703 0.9357857704162598 0.025710582733154297 0.027855396270751953 0.03397369384765625 0.0265963077545166 0.02692723274230957 0.03670310974121094 0.052899837493896484 0.02759528160095215 0.028387784957885742 0.02754354476928711 
avg_all -1 0 1 0.2887239639575665
sum 0 1 1 60 86 
sum 1 1 1 180 135 
sum 2 1 1 240 158 
sum 3 1 1 360 196 
sum 4 1 1 540 236 
sum 5 1 1 600 245 
sum 6 1 1 1200 333 
sum 7 1 1 1500 347 
sum 8 1 1 1800 348 
sum 9 1 1 2100 357 
sum 10 1 1 2400 362 
sum 11 1 1 2700 381 
sum 12 1 1 3000 401 
miss fire 1 1 3 3 2 2 2 3 2 3 2 3 3 5 6 6 6 6 6 1 1 1 1 0 0 0 0 0 0 0 1 0 0 1 2 2 2 2 0 0 0 0 0 0 1 2 3 1 4 3 4 2 2 
miss human 1 1 27 27 11 9 10 10 9 8 10 7 6 6 7 7 6 2 2 1 1 0 0 0 0 0 0 0 0 0 0 0 0 0 0 0 0 0 0 0 0 0 0 0 0 0 0 0 0 0 0 0 0 
miss window 1 1 13 13 13 12 11 8 6 5 2 0 0 0 0 0 0 3 3 3 3 2 3 3 3 3 3 2 0 0 0 0 0 0 0 0 0 0 0 1 1 1 2 2 2 3 3 2 2 1 1 0 1 
acm fire 1 1 3 6 8 10 12 15 17 20 22 25 28 33 39 45 51 57 63 64 65 66 67 67 67 67 67 67 67 67 68 68 68 69 71 73 75 77 77 77 77 77 77 77 78 80 83 84 88 91 95 97 99 
acm human 1 1 27 54 65 74 84 94 103 111 121 128 134 140 147 154 160 162 164 165 166 166 166 166 166 166 166 166 166 166 166 166 166 166 166 166 166 166 166 166 166 166 166 166 166 166 166 166 166 166 166 166 166 
acm window 1 1 13 26 39 51 62 70 76 81 83 83 83 83 83 83 83 86 89 92 95 97 100 103 106 109 112 114 114 114 114 114 114 114 114 114 114 114 114 115 116 117 119 121 123 126 129 131 133 134 135 135 136 
tsim fire 1 1 3 3 3 3 3 4 4 6 6 7 7 9 10 10 10 11 11 11 11 11 11 11 11 11 11 11 11 11 12 12 12 13 14 13 13 13 13 13 13 13 13 13 14 15 16 16 19 19 20 20 20 
tsim human 1 1 27 27 27 26 25 23 22 22 20 20 20 20 20 20 19 19 19 19 19 19 19 19 19 19 19 19 19 19 19 19 19 19 19 19 19 19 19 19 19 19 19 19 19 19 19 19 19 19 19 19 19 
tsim window 1 1 13 13 13 13 13 13 13 13 13 13 13 16 19 19 19 22 22 22 22 23 24 25 25 26 26 26 26 26 26 26 26 26 26 26 26 26 26 27 27 27 28 28 28 29 29 29 34 34 34 34 35 
task_num -1 1 1 673runtime -1 1 1 0.6352219581604004 1.2342939376831055 0.7424032688140869 0.8266265392303467 0.8728055953979492 0.867788553237915 1.3219921588897705 1.082371711730957 0.9831082820892334 1.0261685848236084 0.5896205902099609 0.5045828819274902 0.20134782791137695 
avg_run -1 1 1 0.8375639915466309
al_time -1 1 1 0.024872541427612305 0.02313995361328125 1.0724616050720215 0.022402048110961914 0.8815279006958008 0.031508445739746094 0.028143882751464844 0.027659177780151367 0.026828527450561523 0.03046250343322754 0.02699875831604004 0.027507305145263672 0.017973899841308594 
avg_all -1 1 1 0.17242204225980318
sum 0 2 1 60 86 
sum 1 2 1 180 136 
sum 2 2 1 240 159 
sum 3 2 1 360 197 
sum 4 2 1 540 245 
sum 5 2 1 600 260 
sum 6 2 1 1200 335 
sum 7 2 1 1500 344 
sum 8 2 1 1800 352 
sum 9 2 1 2100 364 
sum 10 2 1 2400 373 
sum 11 2 1 2700 388 
sum 12 2 1 3000 406 
miss fire 2 1 3 3 1 1 1 1 1 3 3 4 4 6 7 7 7 1 1 1 1 1 1 1 0 0 0 0 0 0 1 1 1 1 2 3 3 3 2 2 0 0 1 0 1 2 2 2 5 2 3 2 2 
miss human 2 1 27 27 13 10 10 11 10 9 10 9 8 8 8 4 3 1 1 0 0 1 0 0 0 0 0 0 0 0 0 0 0 0 0 0 0 0 0 0 0 0 0 0 0 0 0 0 0 0 0 0 0 
miss window 2 1 13 13 13 12 12 9 6 4 3 3 3 5 0 0 0 3 3 1 1 1 2 3 1 2 1 1 1 1 1 1 1 0 0 0 0 0 0 1 1 1 1 1 1 2 2 2 1 1 1 0 1 
acm fire 2 1 3 6 7 8 9 10 11 14 17 21 25 31 38 45 52 53 54 55 56 57 58 59 59 59 59 59 59 59 60 61 62 63 65 68 71 74 76 78 78 78 79 79 80 82 84 86 91 93 96 98 100 
acm human 2 1 27 54 67 77 87 98 108 117 127 136 144 152 160 164 167 168 169 169 169 170 170 170 170 170 170 170 170 170 170 170 170 170 170 170 170 170 170 170 170 170 170 170 170 170 170 170 170 170 170 170 170 
acm window 2 1 13 26 39 51 63 72 78 82 85 88 91 96 96 96 96 99 102 103 104 105 107 110 111 113 114 115 116 117 118 119 120 120 120 120 120 120 120 121 122 123 124 125 126 128 130 132 133 134 135 135 136 
tsim fire 2 1 3 3 3 3 3 4 4 6 6 7 7 9 10 10 10 11 11 11 11 11 11 11 11 11 11 11 11 11 12 12 12 13 14 13 13 13 13 13 13 13 13 13 14 15 16 16 19 19 20 20 20 
tsim human 2 1 27 27 27 26 25 23 22 22 20 20 20 20 20 20 19 19 19 19 19 19 19 19 19 19 19 19 19 19 19 19 19 19 19 19 19 19 19 19 19 19 19 19 19 19 19 19 19 19 19 19 19 
tsim window 2 1 13 13 13 13 13 13 13 13 13 13 13 16 19 19 19 22 22 22 22 23 24 25 25 26 26 26 26 26 26 26 26 26 26 26 26 26 26 27 27 27 28 28 28 29 29 29 34 34 34 34 35 
task_num -1 2 1 706runtime -1 2 1 1.878976583480835 2.960859775543213 1.080550193786621 1.4349596500396729 1.199103832244873 1.3471579551696777 1.1330347061157227 1.378800392150879 1.231018304824829 1.2290427684783936 0.9823634624481201 0.7759859561920166 0.6418092250823975 
avg_run -1 2 1 1.3287432927351732
al_time -1 2 1 0.02617931365966797 0.02008986473083496 2.088834047317505 0.024625539779663086 0.025116682052612305 0.024808168411254883 0.032389163970947266 0.027466773986816406 0.02645111083984375 0.026357173919677734 0.02693796157836914 0.028112173080444336 0.06104445457458496 
avg_all -1 2 1 0.18757018676170936
sum 0 3 1 60 86 
sum 1 3 1 180 138 
sum 2 3 1 240 161 
sum 3 3 1 360 207 
sum 4 3 1 540 247 
sum 5 3 1 600 251 
sum 6 3 1 1200 312 
sum 7 3 1 1500 334 
sum 8 3 1 1800 342 
sum 9 3 1 2100 363 
sum 10 3 1 2400 376 
sum 11 3 1 2700 396 
sum 12 3 1 3000 433 
miss fire 3 1 3 3 1 1 1 2 2 4 2 1 1 3 4 3 3 3 1 0 0 0 0 0 0 0 0 0 0 0 1 1 1 2 3 4 4 3 1 1 1 0 0 0 1 1 2 2 5 5 4 2 2 
miss human 3 1 27 27 15 9 10 12 12 10 10 2 2 5 3 3 2 2 0 0 0 0 0 0 0 0 0 0 0 0 0 0 0 0 0 0 0 0 0 0 0 0 0 0 0 0 0 0 0 0 0 0 0 
miss window 3 1 13 13 13 13 12 10 8 6 4 1 1 1 2 2 2 4 3 3 3 4 5 6 5 6 3 2 1 1 1 1 1 1 1 1 1 1 1 2 2 2 3 3 3 3 3 2 4 4 4 3 4 
acm fire 3 1 3 6 7 8 9 11 13 17 19 20 21 24 28 31 34 37 38 38 38 38 38 38 38 38 38 38 38 38 39 40 41 43 46 50 54 57 58 59 60 60 60 60 61 62 64 66 71 76 80 82 84 
acm human 3 1 27 54 69 78 88 100 112 122 132 134 136 141 144 147 149 151 151 151 151 151 151 151 151 151 151 151 151 151 151 151 151 151 151 151 151 151 151 151 151 151 151 151 151 151 151 151 151 151 151 151 151 
acm window 3 1 13 26 39 52 64 74 82 88 92 93 94 95 97 99 101 105 108 111 114 118 123 129 134 140 143 145 146 147 148 149 150 151 152 153 154 155 156 158 160 162 165 168 171 174 177 179 183 187 191 194 198 
tsim fire 3 1 3 3 3 3 3 4 4 6 6 7 7 9 10 10 10 11 11 11 11 11 11 11 11 11 11 11 11 11 12 12 12 13 14 13 13 13 13 13 13 13 13 13 14 15 16 16 19 19 20 20 20 
tsim human 3 1 27 27 27 26 25 23 22 22 20 20 20 20 20 20 19 19 19 19 19 19 19 19 19 19 19 19 19 19 19 19 19 19 19 19 19 19 19 19 19 19 19 19 19 19 19 19 19 19 19 19 19 
tsim window 3 1 13 13 13 13 13 13 13 13 13 13 13 16 19 19 19 22 22 22 22 23 24 25 25 26 26 26 26 26 26 26 26 26 26 26 26 26 26 27 27 27 28 28 28 29 29 29 34 34 34 34 35 
task_num -1 3 1 486runtime -1 3 1 0.019931793212890625 0.017833232879638672 0.019693851470947266 0.018744945526123047 0.01795029640197754 0.017859697341918945 
avg_run -1 3 1 0.018668969472249348
al_time -1 3 1 0.024927854537963867 0.024432897567749023 0.025000333786010742 0.02437567710876465 0.02460336685180664 0.02135443687438965 
avg_all -1 3 1 0.024115761121114094
sum 0 4 1 60 86 
sum 1 4 1 180 132 
sum 2 4 1 240 151 
sum 3 4 1 360 184 
sum 4 4 1 540 223 
sum 5 4 1 600 232 
sum 6 4 1 1200 324 
sum 7 4 1 1500 344 
sum 8 4 1 1800 358 
sum 9 4 1 2100 371 
sum 10 4 1 2400 386 
sum 11 4 1 2700 409 
sum 12 4 1 3000 425 
miss fire 4 1 3 3 0 0 0 1 1 2 2 3 3 5 6 6 6 6 6 3 3 2 2 1 1 1 1 1 1 1 1 1 1 2 2 3 3 3 2 2 2 2 2 2 3 3 4 2 5 2 3 2 2 
miss human 4 1 27 27 13 8 8 8 9 9 9 7 6 6 7 7 6 3 3 1 1 0 0 0 0 0 0 0 0 0 0 0 0 0 0 0 0 0 0 0 0 0 0 0 0 0 0 0 0 0 0 0 0 
miss window 4 1 13 13 13 12 11 8 6 5 2 0 0 0 0 0 0 3 3 2 2 1 2 3 3 3 3 3 2 2 2 2 1 0 0 0 0 0 0 1 1 1 2 2 2 2 2 1 1 0 0 0 1 
acm fire 4 1 3 6 6 6 6 7 8 10 12 15 18 23 29 35 41 47 53 56 59 61 63 64 65 66 67 68 69 70 71 72 73 75 77 80 83 86 88 90 92 94 96 98 101 104 108 110 115 117 120 122 124 
acm human 4 1 27 54 67 75 83 91 100 109 118 125 131 137 144 151 157 160 163 164 165 165 165 165 165 165 165 165 165 165 165 165 165 165 165 165 165 165 165 165 165 165 165 165 165 165 165 165 165 165 165 165 165 
acm window 4 1 13 26 39 51 62 70 76 81 83 83 83 83 83 83 83 86 89 91 93 94 96 99 102 105 108 111 113 115 117 119 120 120 120 120 120 120 120 121 122 123 125 127 129 131 133 134 135 135 135 135 136 
tsim fire 4 1 3 3 3 3 3 4 4 6 6 7 7 9 10 10 10 11 11 11 11 11 11 11 11 11 11 11 11 11 12 12 12 13 14 13 13 13 13 13 13 13 13 13 14 15 16 16 19 19 20 20 20 
tsim human 4 1 27 27 27 26 25 23 22 22 20 20 20 20 20 20 19 19 19 19 19 19 19 19 19 19 19 19 19 19 19 19 19 19 19 19 19 19 19 19 19 19 19 19 19 19 19 19 19 19 19 19 19 
tsim window 4 1 13 13 13 13 13 13 13 13 13 13 13 16 19 19 19 22 22 22 22 23 24 25 25 26 26 26 26 26 26 26 26 26 26 26 26 26 26 27 27 27 28 28 28 29 29 29 34 34 34 34 35 
task_num -1 4 1 671runtime -1 4 1 0.6355156898498535 1.22520112991333 0.6908481121063232 0.8825383186340332 0.953610897064209 1.1415350437164307 1.1159086227416992 1.3858489990234375 1.8293311595916748 1.0598726272583008 0.7216217517852783 0.3494539260864258 
avg_run -1 4 1 0.9992738564809164
al_time -1 4 1 0.024974346160888672 2.6357126235961914 0.022639036178588867 0.021500587463378906 0.022245407104492188 0.9168286323547363 0.026788949966430664 0.026101350784301758 0.028986454010009766 0.026499509811401367 0.05056142807006836 0.0265657901763916 
avg_all -1 4 1 0.31911700963974
sum 0 5 1 60 86 
sum 1 5 1 180 131 
sum 2 5 1 240 150 
sum 3 5 1 360 187 
sum 4 5 1 540 237 
sum 5 5 1 600 251 
sum 6 5 1 1200 369 
sum 7 5 1 1500 398 
sum 8 5 1 1800 403 
sum 9 5 1 2100 411 
sum 10 5 1 2400 421 
sum 11 5 1 2700 444 
sum 12 5 1 3000 474 
miss fire 5 1 3 3 0 0 0 1 1 3 3 3 3 5 6 6 6 7 2 2 2 2 2 2 1 1 1 0 0 0 1 1 1 1 2 3 1 1 1 1 1 1 1 2 3 3 4 3 6 5 6 2 2 
miss human 5 1 27 27 10 9 8 9 9 9 11 11 10 10 10 8 6 6 5 5 4 4 3 3 1 1 3 0 0 1 0 0 0 0 0 0 0 0 0 0 0 0 0 0 0 0 0 0 0 0 0 0 0 
miss window 5 1 13 13 13 13 11 9 8 5 4 1 1 1 1 0 0 3 3 3 1 2 3 4 4 5 2 1 1 0 0 0 0 0 0 0 0 0 0 1 1 1 2 1 1 2 2 2 2 2 2 1 2 
acm fire 5 1 3 6 6 6 6 7 8 11 14 17 20 25 31 37 43 50 52 54 56 58 60 62 63 64 65 65 65 65 66 67 68 69 71 74 75 76 77 78 79 80 81 83 86 89 93 96 102 107 113 115 117 
acm human 5 1 27 54 64 73 81 90 99 108 119 130 140 150 160 168 174 180 185 190 194 198 201 204 205 206 209 209 209 210 210 210 210 210 210 210 210 210 210 210 210 210 210 210 210 210 210 210 210 210 210 210 210 
acm window 5 1 13 26 39 52 63 72 80 85 89 90 91 92 93 93 93 96 99 102 103 105 108 112 116 121 123 124 125 125 125 125 125 125 125 125 125 125 125 126 127 128 130 131 132 134 136 138 140 142 144 145 147 
tsim fire 5 1 3 3 3 3 3 4 4 6 6 7 7 9 10 10 10 11 11 11 11 11 11 11 11 11 11 11 11 11 12 12 12 13 14 13 13 13 13 13 13 13 13 13 14 15 16 16 19 19 20 20 20 
tsim human 5 1 27 27 27 26 25 23 22 22 20 20 20 20 20 20 19 19 19 19 19 19 19 19 19 19 19 19 19 19 19 19 19 19 19 19 19 19 19 19 19 19 19 19 19 19 19 19 19 19 19 19 19 
tsim window 5 1 13 13 13 13 13 13 13 13 13 13 13 16 19 19 19 22 22 22 22 23 24 25 25 26 26 26 26 26 26 26 26 26 26 26 26 26 26 27 27 27 28 28 28 29 29 29 34 34 34 34 35 
task_num -1 5 1 675runtime -1 5 1 1.6614747047424316 3.8485653400421143 1.0277843475341797 1.04902982711792 0.9898719787597656 0.9786312580108643 1.1305840015411377 1.1089215278625488 1.2889750003814697 1.0013740062713623 1.3956222534179688 0.9725768566131592 0.6271958351135254 0.39014744758605957 0.1364901065826416 
avg_run -1 5 1 1.1738162994384767
al_time -1 5 1 0.02446579933166504 0.021222352981567383 1.8203492164611816 0.02310633659362793 0.023279190063476562 0.024346590042114258 0.02460312843322754 0.026343822479248047 0.02621936798095703 0.02661275863647461 0.030786752700805664 0.026442289352416992 0.025593280792236328 0.026114940643310547 0.02595829963684082 
avg_all -1 5 1 0.14502960840861004
sum 0 6 1 60 86 
sum 1 6 1 180 146 
sum 2 6 1 240 165 
sum 3 6 1 360 182 
sum 4 6 1 540 205 
sum 5 6 1 600 212 
sum 6 6 1 1200 271 
sum 7 6 1 1500 284 
sum 8 6 1 1800 289 
sum 9 6 1 2100 298 
sum 10 6 1 2400 305 
sum 11 6 1 2700 321 
sum 12 6 1 3000 341 
miss fire 6 1 3 3 1 1 1 1 1 3 3 4 3 5 3 3 1 2 2 1 1 1 1 0 0 0 0 0 0 0 1 1 0 1 2 2 2 2 2 0 0 1 1 1 1 2 2 2 5 4 5 1 1 
miss human 6 1 27 27 24 21 13 8 4 3 5 5 4 4 3 3 2 2 2 1 1 0 0 0 0 0 0 0 0 0 0 0 0 0 0 0 0 0 0 0 0 0 0 0 0 0 0 0 0 0 0 0 0 
miss window 6 1 13 13 8 5 5 3 0 0 0 0 0 0 0 0 0 3 3 3 3 4 5 3 3 3 2 2 2 1 0 0 0 0 0 0 0 0 0 1 1 0 1 1 1 2 2 2 1 1 1 0 1 
acm fire 6 1 3 6 7 8 9 10 11 14 17 21 24 29 32 35 36 38 40 41 42 43 44 44 44 44 44 44 44 44 45 46 46 47 49 51 53 55 57 57 57 58 59 60 61 63 65 67 72 76 81 82 83 
acm human 6 1 27 54 78 99 112 120 124 127 132 137 141 145 148 151 153 155 157 158 159 159 159 159 159 159 159 159 159 159 159 159 159 159 159 159 159 159 159 159 159 159 159 159 159 159 159 159 159 159 159 159 159 
acm window 6 1 13 26 34 39 44 47 47 47 47 47 47 47 47 47 47 50 53 56 59 63 68 71 74 77 79 81 83 84 84 84 84 84 84 84 84 84 84 85 86 86 87 88 89 91 93 95 96 97 98 98 99 
tsim fire 6 1 3 3 3 3 3 4 4 6 6 7 7 9 10 10 10 11 11 11 11 11 11 11 11 11 11 11 11 11 12 12 12 13 14 13 13 13 13 13 13 13 13 13 14 15 16 16 19 19 20 20 20 
tsim human 6 1 27 27 27 26 25 23 22 22 20 20 20 20 20 20 19 19 19 19 19 19 19 19 19 19 19 19 19 19 19 19 19 19 19 19 19 19 19 19 19 19 19 19 19 19 19 19 19 19 19 19 19 
tsim window 6 1 13 13 13 13 13 13 13 13 13 13 13 16 19 19 19 22 22 22 22 23 24 25 25 26 26 26 26 26 26 26 26 26 26 26 26 26 26 27 27 27 28 28 28 29 29 29 34 34 34 34 35 
task_num -1 6 1 710runtime -1 6 1 1.743128776550293 1.3400609493255615 1.1047728061676025 1.1461331844329834 1.1422173976898193 1.239516258239746 1.3498151302337646 1.5042073726654053 1.0496423244476318 1.1240413188934326 0.9407823085784912 0.8364686965942383 0.33907508850097656 0.20383977890014648 
avg_run -1 6 1 1.0759786708014352
al_time -1 6 1 0.02379322052001953 0.0214235782623291 1.6273233890533447 0.025072813034057617 0.0240170955657959 0.02577829360961914 0.03253459930419922 0.027918100357055664 0.027959108352661133 0.028545618057250977 0.026470422744750977 0.02785491943359375 0.026993751525878906 0.026062726974487305 
avg_all -1 6 1 0.14083911691393172
sum 0 7 1 60 86 
sum 1 7 1 180 146 
sum 2 7 1 240 165 
sum 3 7 1 360 182 
sum 4 7 1 540 201 
sum 5 7 1 600 206 
sum 6 7 1 1200 252 
sum 7 7 1 1500 263 
sum 8 7 1 1800 268 
sum 9 7 1 2100 274 
sum 10 7 1 2400 282 
sum 11 7 1 2700 292 
sum 12 7 1 3000 309 
miss fire 7 1 3 3 1 1 1 1 1 3 1 2 1 3 3 3 1 2 2 2 1 1 1 1 1 0 0 0 0 0 1 1 1 1 2 1 1 1 1 1 1 0 0 0 1 2 2 2 3 3 3 2 2 
miss human 7 1 27 27 24 21 13 8 4 3 5 5 4 4 3 3 1 1 0 0 0 0 0 0 0 0 0 0 0 0 0 0 0 0 0 0 0 0 0 0 0 0 0 0 0 0 0 0 0 0 0 0 0 
miss window 7 1 13 13 8 5 5 3 0 0 0 0 0 0 0 0 0 3 3 3 1 2 3 3 1 2 2 1 1 1 0 0 0 0 0 0 0 0 0 1 1 1 2 0 0 1 1 1 1 1 1 0 1 
acm fire 7 1 3 6 7 8 9 10 11 14 15 17 18 21 24 27 28 30 32 34 35 36 37 38 39 39 39 39 39 39 40 41 42 43 45 46 47 48 49 50 51 51 51 51 52 54 56 58 61 64 67 69 71 
acm human 7 1 27 54 78 99 112 120 124 127 132 137 141 145 148 151 152 153 153 153 153 153 153 153 153 153 153 153 153 153 153 153 153 153 153 153 153 153 153 153 153 153 153 153 153 153 153 153 153 153 153 153 153 
acm window 7 1 13 26 34 39 44 47 47 47 47 47 47 47 47 47 47 50 53 56 57 59 62 65 66 68 70 71 72 73 73 73 73 73 73 73 73 73 73 74 75 76 78 78 78 79 80 81 82 83 84 84 85 
tsim fire 7 1 3 3 3 3 3 4 4 6 6 7 7 9 10 10 10 11 11 11 11 11 11 11 11 11 11 11 11 11 12 12 12 13 14 13 13 13 13 13 13 13 13 13 14 15 16 16 19 19 20 20 20 
tsim human 7 1 27 27 27 26 25 23 22 22 20 20 20 20 20 20 19 19 19 19 19 19 19 19 19 19 19 19 19 19 19 19 19 19 19 19 19 19 19 19 19 19 19 19 19 19 19 19 19 19 19 19 19 
tsim window 7 1 13 13 13 13 13 13 13 13 13 13 13 16 19 19 19 22 22 22 22 23 24 25 25 26 26 26 26 26 26 26 26 26 26 26 26 26 26 27 27 27 28 28 28 29 29 29 34 34 34 34 35 
task_num -1 7 1 671runtime -1 7 1 2.239804744720459 1.2892656326293945 1.3778369426727295 1.3351950645446777 1.5425620079040527 1.4728667736053467 1.8063969612121582 1.7068803310394287 1.413691520690918 1.2217040061950684 1.4526753425598145 0.8087775707244873 0.6890008449554443 0.31083250045776367 
avg_run -1 7 1 1.3333921602794103
al_time -1 7 1 0.02545332908630371 0.021839141845703125 0.8347480297088623 0.021959781646728516 0.9085884094238281 0.05094003677368164 0.05612754821777344 0.02610635757446289 0.02742290496826172 0.027852773666381836 0.029930830001831055 0.026490449905395508 0.02703690528869629 0.02596426010131836 
avg_all -1 7 1 0.1507471970149449
sum 0 8 1 60 86 
sum 1 8 1 180 132 
sum 2 8 1 240 153 
sum 3 8 1 360 187 
sum 4 8 1 540 232 
sum 5 8 1 600 246 
sum 6 8 1 1200 354 
sum 7 8 1 1500 371 
sum 8 8 1 1800 373 
sum 9 8 1 2100 377 
sum 10 8 1 2400 382 
sum 11 8 1 2700 400 
sum 12 8 1 3000 424 
miss fire 8 1 3 3 1 1 1 1 1 3 3 4 4 6 6 6 6 3 3 3 3 3 1 1 0 0 0 0 0 0 1 0 0 1 1 2 0 0 0 0 0 0 0 0 1 2 3 3 5 5 3 3 3 
miss human 8 1 27 27 11 8 8 9 8 8 9 8 7 7 8 5 4 4 4 4 4 4 2 2 0 0 0 0 0 0 0 0 0 0 0 0 0 0 0 0 0 0 0 0 0 0 0 0 0 0 0 0 0 
miss window 8 1 13 13 13 12 12 9 6 4 3 3 3 5 0 0 0 3 3 2 2 3 4 5 3 4 1 1 1 0 0 0 0 0 0 0 0 0 0 1 1 1 2 2 1 2 2 2 2 2 0 0 1 
acm fire 8 1 3 6 7 8 9 10 11 14 17 21 25 31 37 43 49 52 55 58 61 64 65 66 66 66 66 66 66 66 67 67 67 68 69 71 71 71 71 71 71 71 71 71 72 74 77 80 85 90 93 96 99 
acm human 8 1 27 54 65 73 81 90 98 106 115 123 130 137 145 150 154 158 162 166 170 174 176 178 178 178 178 178 178 178 178 178 178 178 178 178 178 178 178 178 178 178 178 178 178 178 178 178 178 178 178 178 178 
acm window 8 1 13 26 39 51 63 72 78 82 85 88 91 96 96 96 96 99 102 104 106 109 113 118 121 125 126 127 128 128 128 128 128 128 128 128 128 128 128 129 130 131 133 135 136 138 140 142 144 146 146 146 147 
tsim fire 8 1 3 3 3 3 3 4 4 6 6 7 7 9 10 10 10 11 11 11 11 11 11 11 11 11 11 11 11 11 12 12 12 13 14 13 13 13 13 13 13 13 13 13 14 15 16 16 19 19 20 20 20 
tsim human 8 1 27 27 27 26 25 23 22 22 20 20 20 20 20 20 19 19 19 19 19 19 19 19 19 19 19 19 19 19 19 19 19 19 19 19 19 19 19 19 19 19 19 19 19 19 19 19 19 19 19 19 19 
tsim window 8 1 13 13 13 13 13 13 13 13 13 13 13 16 19 19 19 22 22 22 22 23 24 25 25 26 26 26 26 26 26 26 26 26 26 26 26 26 26 27 27 27 28 28 28 29 29 29 34 34 34 34 35 
task_num -1 8 1 708runtime -1 8 1 2.187488317489624 5.022608518600464 1.5108985900878906 1.568075180053711 1.6782236099243164 1.4483561515808105 1.5653927326202393 1.5973212718963623 1.5490596294403076 1.2971055507659912 1.6424548625946045 0.5439491271972656 0.45435237884521484 
avg_run -1 8 1 1.6973296862382155
al_time -1 8 1 0.025188207626342773 0.02240920066833496 1.7605490684509277 0.025990009307861328 0.025558948516845703 0.024379968643188477 0.028439044952392578 0.02589559555053711 0.026610136032104492 0.028169870376586914 0.030477046966552734 0.02702188491821289 0.020251750946044922 
avg_all -1 8 1 0.1593031333043025
sum 0 9 1 60 86 
sum 1 9 1 180 130 
sum 2 9 1 240 150 
sum 3 9 1 360 184 
sum 4 9 1 540 224 
sum 5 9 1 600 234 
sum 6 9 1 1200 317 
sum 7 9 1 1500 345 
sum 8 9 1 1800 368 
sum 9 9 1 2100 401 
sum 10 9 1 2400 421 
sum 11 9 1 2700 439 
sum 12 9 1 3000 466 
miss fire 9 1 3 3 0 0 0 1 1 2 2 3 2 4 3 2 2 3 3 3 3 3 3 3 3 2 2 2 2 2 3 3 3 4 5 5 5 4 4 4 1 1 0 0 1 2 3 3 5 5 5 3 3 
miss human 9 1 27 27 11 8 9 9 9 9 9 8 8 8 8 6 5 4 4 1 1 0 0 0 0 0 0 0 0 0 0 0 0 0 0 0 0 0 0 0 0 0 0 0 0 0 0 0 0 0 0 0 0 
miss window 9 1 13 13 13 12 11 8 6 5 2 0 0 0 0 0 0 3 3 2 2 3 4 4 4 3 3 2 2 2 2 2 2 2 2 2 2 2 2 2 2 2 2 2 1 2 2 2 1 1 1 1 2 
acm fire 9 1 3 6 6 6 6 7 8 10 12 15 17 21 24 26 28 31 34 37 40 43 46 49 52 54 56 58 60 62 65 68 71 75 80 85 90 94 98 102 103 104 104 104 105 107 110 113 118 123 128 131 134 
acm human 9 1 27 54 65 73 82 91 100 109 118 126 134 142 150 156 161 165 169 170 171 171 171 171 171 171 171 171 171 171 171 171 171 171 171 171 171 171 171 171 171 171 171 171 171 171 171 171 171 171 171 171 171 
acm window 9 1 13 26 39 51 62 70 76 81 83 83 83 83 83 83 83 86 89 91 93 96 100 104 108 111 114 116 118 120 122 124 126 128 130 132 134 136 138 140 142 144 146 148 149 151 153 155 156 157 158 159 161 
tsim fire 9 1 3 3 3 3 3 4 4 6 6 7 7 9 10 10 10 11 11 11 11 11 11 11 11 11 11 11 11 11 12 12 12 13 14 13 13 13 13 13 13 13 13 13 14 15 16 16 19 19 20 20 20 
tsim human 9 1 27 27 27 26 25 23 22 22 20 20 20 20 20 20 19 19 19 19 19 19 19 19 19 19 19 19 19 19 19 19 19 19 19 19 19 19 19 19 19 19 19 19 19 19 19 19 19 19 19 19 19 
tsim window 9 1 13 13 13 13 13 13 13 13 13 13 13 16 19 19 19 22 22 22 22 23 24 25 25 26 26 26 26 26 26 26 26 26 26 26 26 26 26 27 27 27 28 28 28 29 29 29 34 34 34 34 35 
task_num -1 9 1 709runtime -1 9 1 0.4274921417236328 1.18222975730896 0.6429972648620605 0.9374232292175293 1.1334538459777832 1.3223237991333008 1.1964695453643799 1.138314962387085 1.2120778560638428 1.244452953338623 0.9788649082183838 0.9161715507507324 0.5067293643951416 0.07963275909423828 
avg_run -1 9 1 0.9227595669882638
al_time -1 9 1 0.024733304977416992 3.615567445755005 0.0232696533203125 0.023211956024169922 0.02281665802001953 0.04805278778076172 0.024061918258666992 0.029200315475463867 0.024477005004882812 0.026335477828979492 0.02607893943786621 0.027895450592041016 0.025763988494873047 0.02558445930480957 
avg_all -1 9 1 0.2833606685910906
sum 0 10 1 60 86 
sum 1 10 1 180 135 
sum 2 10 1 240 158 
sum 3 10 1 360 195 
sum 4 10 1 540 234 
sum 5 10 1 600 244 
sum 6 10 1 1200 343 
sum 7 10 1 1500 366 
sum 8 10 1 1800 372 
sum 9 10 1 2100 379 
sum 10 10 1 2400 382 
sum 11 10 1 2700 397 
sum 12 10 1 3000 420 
miss fire 10 1 3 3 1 1 1 2 1 2 2 3 3 5 6 6 6 6 6 4 4 2 2 2 2 1 1 1 1 0 1 0 0 1 2 2 2 0 0 0 0 0 0 0 1 2 2 2 4 4 4 4 4 
miss human 10 1 27 27 12 10 11 11 9 9 9 7 7 7 7 7 6 3 3 1 1 0 0 0 0 0 0 0 0 0 0 0 0 0 0 0 0 0 0 0 0 0 0 0 0 0 0 0 0 0 0 0 0 
miss window 10 1 13 13 13 12 11 8 6 5 2 0 0 0 0 0 0 3 3 2 2 3 4 4 4 3 3 2 2 1 1 0 0 0 0 0 0 0 0 1 1 0 1 1 1 2 2 2 1 1 0 0 1 
acm fire 10 1 3 6 7 8 9 11 12 14 16 19 22 27 33 39 45 51 57 61 65 67 69 71 73 74 75 76 77 77 78 78 78 79 81 83 85 85 85 85 85 85 85 85 86 88 90 92 96 100 104 108 112 
acm human 10 1 27 54 66 76 87 98 107 116 125 132 139 146 153 160 166 169 172 173 174 174 174 174 174 174 174 174 174 174 174 174 174 174 174 174 174 174 174 174 174 174 174 174 174 174 174 174 174 174 174 174 174 
acm window 10 1 13 26 39 51 62 70 76 81 83 83 83 83 83 83 83 86 89 91 93 96 100 104 108 111 114 116 118 119 120 120 120 120 120 120 120 120 120 121 122 122 123 124 125 127 129 131 132 133 133 133 134 
tsim fire 10 1 3 3 3 3 3 4 4 6 6 7 7 9 10 10 10 11 11 11 11 11 11 11 11 11 11 11 11 11 12 12 12 13 14 13 13 13 13 13 13 13 13 13 14 15 16 16 19 19 20 20 20 
tsim human 10 1 27 27 27 26 25 23 22 22 20 20 20 20 20 20 19 19 19 19 19 19 19 19 19 19 19 19 19 19 19 19 19 19 19 19 19 19 19 19 19 19 19 19 19 19 19 19 19 19 19 19 19 
tsim window 10 1 13 13 13 13 13 13 13 13 13 13 13 16 19 19 19 22 22 22 22 23 24 25 25 26 26 26 26 26 26 26 26 26 26 26 26 26 26 27 27 27 28 28 28 29 29 29 34 34 34 34 35 
task_num -1 10 1 703runtime -1 10 1 0.598362922668457 3.4977097511291504 0.744577169418335 1.0269885063171387 1.199305534362793 1.2361459732055664 1.0731737613677979 1.319559097290039 1.5197744369506836 1.5814175605773926 1.5610342025756836 1.5306355953216553 0.871370792388916 0.4756124019622803 0.14474153518676758 
avg_run -1 10 1 1.2253606160481771
al_time -1 10 1 0.024788379669189453 2.4059534072875977 0.021310806274414062 0.021893739700317383 0.0219724178314209 0.9368619918823242 0.025978565216064453 0.024692535400390625 0.026267528533935547 0.025457143783569336 0.026053190231323242 0.030313968658447266 0.02608633041381836 0.026665687561035156 0.019748687744140625 
avg_all -1 10 1 0.24426962534586588
random:2T:3000
sum 0 0 2 60 46 
sum 1 0 2 180 70 
sum 2 0 2 240 76 
sum 3 0 2 360 83 
sum 4 0 2 540 96 
sum 5 0 2 600 102 
sum 6 0 2 1200 121 
sum 7 0 2 1500 122 
sum 8 0 2 1800 127 
sum 9 0 2 2100 132 
sum 10 0 2 2400 135 
sum 11 0 2 2700 147 
sum 12 0 2 3000 158 
miss fire 0 2 4 4 2 2 2 0 0 1 3 0 2 2 2 1 1 0 0 0 0 0 0 0 0 0 0 1 1 1 1 1 1 1 2 2 0 0 0 0 0 1 2 3 3 1 2 1 4 2 2 0 0 
miss human 0 2 12 12 6 5 3 3 4 3 3 2 2 1 1 1 1 0 0 0 0 0 0 0 0 0 0 0 0 0 0 0 0 0 0 0 0 0 0 0 0 0 0 0 0 0 0 0 0 0 0 0 0 
miss window 0 2 7 7 5 4 1 0 0 0 0 1 2 1 1 0 0 0 1 1 3 2 0 0 0 0 0 0 0 0 0 0 0 0 0 0 0 0 0 0 0 0 0 1 1 0 0 0 1 0 0 1 1 
acm fire 0 2 4 8 10 12 14 14 14 15 18 18 20 22 24 25 26 26 26 26 26 26 26 26 26 26 26 27 28 29 30 31 32 33 35 37 37 37 37 37 37 38 40 43 46 47 49 50 54 56 58 58 58 
acm human 0 2 12 24 30 35 38 41 45 48 51 53 55 56 57 58 59 59 59 59 59 59 59 59 59 59 59 59 59 59 59 59 59 59 59 59 59 59 59 59 59 59 59 59 59 59 59 59 59 59 59 59 59 
acm window 0 2 7 14 19 23 24 24 24 24 24 25 27 28 29 29 29 29 30 31 34 36 36 36 36 36 36 36 36 36 36 36 36 36 36 36 36 36 36 36 36 36 36 37 38 38 38 38 39 39 39 40 41 
tsim fire 0 2 4 4 4 4 5 5 5 6 8 8 10 10 10 10 10 10 10 10 10 10 10 10 10 10 10 10 10 10 10 10 10 10 11 9 9 9 9 9 9 10 11 13 13 13 14 15 18 18 18 18 18 
tsim human 0 2 12 12 12 12 12 12 11 11 11 10 10 9 9 9 9 8 8 8 8 8 8 8 8 8 8 8 8 8 8 8 8 8 8 8 8 8 8 8 8 8 8 8 8 8 8 8 8 8 8 8 8 
tsim window 0 2 7 7 7 7 7 7 7 7 7 8 11 11 11 11 11 11 12 12 14 14 14 14 14 14 14 14 14 14 14 14 14 14 14 14 14 14 14 14 14 14 14 15 15 15 15 15 23 23 23 25 25 
task_num -1 0 2 465runtime -1 0 2 0.27512454986572266 0.27613115310668945 0.23729896545410156 0.2540602684020996 0.24026870727539062 0.24744701385498047 0.27263450622558594 0.2416849136352539 0.25121045112609863 0.19683408737182617 0.15044713020324707 0.1196281909942627 0.05799579620361328 
avg_run -1 0 2 0.21698197951683632
al_time -1 0 2 0.013293027877807617 0.012798070907592773 0.4416639804840088 0.01549983024597168 0.022089242935180664 0.02306532859802246 0.015598058700561523 0.019516706466674805 0.0167999267578125 0.01717400550842285 0.9196910858154297 0.018984556198120117 0.017038822174072266 
avg_all -1 0 2 0.11947789558997521
sum 0 1 2 60 46 
sum 1 1 2 180 66 
sum 2 1 2 240 76 
sum 3 1 2 360 88 
sum 4 1 2 540 106 
sum 5 1 2 600 115 
sum 6 1 2 1200 130 
sum 7 1 2 1500 130 
sum 8 1 2 1800 130 
sum 9 1 2 2100 134 
sum 10 1 2 2400 142 
sum 11 1 2 2700 156 
sum 12 1 2 3000 183 
miss fire 1 2 4 4 0 0 1 1 0 1 3 3 5 2 2 0 0 0 0 0 0 0 0 0 0 0 0 0 0 0 0 0 0 0 1 1 1 1 1 1 1 2 3 2 2 1 2 3 5 5 5 3 3 
miss human 1 2 12 12 5 5 5 3 4 4 4 2 2 1 1 1 1 0 0 0 0 0 0 0 0 0 0 0 0 0 0 0 0 0 0 0 0 0 0 0 0 0 0 0 0 0 0 0 0 0 0 0 0 
miss window 1 2 7 7 5 5 4 2 2 0 0 1 2 0 0 0 0 0 1 1 2 2 1 0 0 0 0 0 0 0 0 0 0 0 0 0 0 0 0 0 0 0 0 1 1 1 1 0 1 1 0 2 2 
acm fire 1 2 4 8 8 8 9 10 10 11 14 17 22 24 26 26 26 26 26 26 26 26 26 26 26 26 26 26 26 26 26 26 26 26 27 28 29 30 31 32 33 35 38 40 42 43 45 48 53 58 63 66 69 
acm human 1 2 12 24 29 34 39 42 46 50 54 56 58 59 60 61 62 62 62 62 62 62 62 62 62 62 62 62 62 62 62 62 62 62 62 62 62 62 62 62 62 62 62 62 62 62 62 62 62 62 62 62 62 
acm window 1 2 7 14 19 24 28 30 32 32 32 33 35 35 35 35 35 35 36 37 39 41 42 42 42 42 42 42 42 42 42 42 42 42 42 42 42 42 42 42 42 42 42 43 44 45 46 46 47 48 48 50 52 
tsim fire 1 2 4 4 4 4 5 5 5 6 8 8 10 10 10 10 10 10 10 10 10 10 10 10 10 10 10 10 10 10 10 10 10 10 11 9 9 9 9 9 9 10 11 13 13 13 14 15 18 18 18 18 18 
tsim human 1 2 12 12 12 12 12 12 11 11 11 10 10 9 9 9 9 8 8 8 8 8 8 8 8 8 8 8 8 8 8 8 8 8 8 8 8 8 8 8 8 8 8 8 8 8 8 8 8 8 8 8 8 
tsim window 1 2 7 7 7 7 7 7 7 7 7 8 11 11 11 11 11 11 12 12 14 14 14 14 14 14 14 14 14 14 14 14 14 14 14 14 14 14 14 14 14 14 14 15 15 15 15 15 23 23 23 25 25 
task_num -1 1 2 456runtime -1 1 2 0.40247416496276855 0.41833949089050293 0.48897242546081543 0.3851137161254883 0.6738088130950928 0.5045907497406006 0.43046069145202637 0.36098289489746094 0.2301173210144043 0.01829671859741211 
avg_run -1 1 2 0.3913156986236572
al_time -1 1 2 0.015702247619628906 0.012499570846557617 0.5119209289550781 0.017785310745239258 0.02313852310180664 0.01950979232788086 0.015755176544189453 0.01635599136352539 0.9378359317779541 0.010878562927246094 
avg_all -1 1 2 0.15813820362091063
sum 0 2 2 60 46 
sum 1 2 2 180 64 
sum 2 2 2 240 70 
sum 3 2 2 360 80 
sum 4 2 2 540 98 
sum 5 2 2 600 106 
sum 6 2 2 1200 130 
sum 7 2 2 1500 132 
sum 8 2 2 1800 132 
sum 9 2 2 2100 140 
sum 10 2 2 2400 144 
sum 11 2 2 2700 160 
sum 12 2 2 3000 179 
miss fire 2 2 4 4 1 0 1 1 0 1 3 2 4 4 0 0 0 0 0 0 0 0 0 0 0 0 0 0 0 0 0 0 0 0 1 3 3 1 1 0 0 1 2 3 3 2 3 3 6 2 2 1 1 
miss human 2 2 12 12 5 5 5 5 4 4 4 3 3 2 2 2 2 0 0 0 0 0 0 0 0 0 0 0 0 0 0 0 0 0 0 0 0 0 0 0 0 0 0 0 0 0 0 0 0 0 0 0 0 
miss window 2 2 7 7 5 2 0 0 0 0 0 1 1 1 1 1 0 0 1 1 3 2 2 2 0 0 0 0 0 0 0 0 0 0 0 0 0 0 0 0 0 0 0 1 1 0 0 0 1 1 1 2 2 
acm fire 2 2 4 8 9 9 10 11 11 12 15 17 21 25 25 25 25 25 25 25 25 25 25 25 25 25 25 25 25 25 25 25 25 25 26 29 32 33 34 34 34 35 37 40 43 45 48 51 57 59 61 62 63 
acm human 2 2 12 24 29 34 39 44 48 52 56 59 62 64 66 68 70 70 70 70 70 70 70 70 70 70 70 70 70 70 70 70 70 70 70 70 70 70 70 70 70 70 70 70 70 70 70 70 70 70 70 70 70 
acm window 2 2 7 14 19 21 21 21 21 21 21 22 23 24 25 26 26 26 27 28 31 33 35 37 37 37 37 37 37 37 37 37 37 37 37 37 37 37 37 37 37 37 37 38 39 39 39 39 40 41 42 44 46 
tsim fire 2 2 4 4 4 4 5 5 5 6 8 8 10 10 10 10 10 10 10 10 10 10 10 10 10 10 10 10 10 10 10 10 10 10 11 9 9 9 9 9 9 10 11 13 13 13 14 15 18 18 18 18 18 
tsim human 2 2 12 12 12 12 12 12 11 11 11 10 10 9 9 9 9 8 8 8 8 8 8 8 8 8 8 8 8 8 8 8 8 8 8 8 8 8 8 8 8 8 8 8 8 8 8 8 8 8 8 8 8 
tsim window 2 2 7 7 7 7 7 7 7 7 7 8 11 11 11 11 11 11 12 12 14 14 14 14 14 14 14 14 14 14 14 14 14 14 14 14 14 14 14 14 14 14 14 15 15 15 15 15 23 23 23 25 25 
task_num -1 2 2 463runtime -1 2 2 1.0342090129852295 0.787635326385498 0.8162469863891602 0.5284328460693359 0.5893733501434326 0.5704679489135742 0.5470826625823975 0.4775211811065674 0.4187428951263428 0.4014575481414795 0.2667520046234131 0.21715140342712402 0.14761805534362793 0.10725545883178711 
avg_run -1 2 2 0.49356762000492643
al_time -1 2 2 0.018103361129760742 0.585296630859375 0.015485286712646484 0.014942646026611328 0.019769906997680664 0.019033193588256836 0.014521360397338867 0.01470637321472168 0.014992952346801758 0.015156030654907227 0.014730215072631836 0.016133785247802734 0.8514285087585449 0.010863304138183594 
avg_all -1 2 2 0.11608311108180455
sum 0 3 2 60 46 
sum 1 3 2 180 68 
sum 2 3 2 240 74 
sum 3 3 2 360 83 
sum 4 3 2 540 99 
sum 5 3 2 600 106 
sum 6 3 2 1200 142 
sum 7 3 2 1500 154 
sum 8 3 2 1800 161 
sum 9 3 2 2100 168 
sum 10 3 2 2400 171 
sum 11 3 2 2700 187 
sum 12 3 2 3000 214 
miss fire 3 2 4 4 2 0 1 1 1 1 3 1 3 2 2 2 2 2 0 0 0 0 0 0 0 0 0 0 0 0 0 0 0 0 1 3 3 0 0 0 0 1 2 3 3 1 2 2 5 4 4 0 0 
miss human 3 2 12 12 5 3 3 3 4 4 4 2 2 2 2 2 1 1 1 1 0 0 0 0 1 0 0 0 0 0 0 0 0 0 0 0 0 0 0 0 0 0 0 0 0 0 0 0 0 0 0 0 0 
miss window 3 2 7 7 7 5 2 0 0 0 0 1 2 2 1 1 1 0 1 1 3 3 3 3 2 2 2 2 2 2 2 1 0 0 0 0 0 0 0 0 0 0 0 1 1 1 1 1 2 2 2 4 4 
acm fire 3 2 4 8 10 10 11 12 13 14 17 18 21 23 25 27 29 31 31 31 31 31 31 31 31 31 31 31 31 31 31 31 31 31 32 35 38 38 38 38 38 39 41 44 47 48 50 52 57 61 65 65 65 
acm human 3 2 12 24 29 32 35 38 42 46 50 52 54 56 58 60 61 62 63 64 64 64 64 64 65 65 65 65 65 65 65 65 65 65 65 65 65 65 65 65 65 65 65 65 65 65 65 65 65 65 65 65 65 
acm window 3 2 7 14 21 26 28 28 28 28 28 29 31 33 34 35 36 36 37 38 41 44 47 50 52 54 56 58 60 62 64 65 65 65 65 65 65 65 65 65 65 65 65 66 67 68 69 70 72 74 76 80 84 
tsim fire 3 2 4 4 4 4 5 5 5 6 8 8 10 10 10 10 10 10 10 10 10 10 10 10 10 10 10 10 10 10 10 10 10 10 11 9 9 9 9 9 9 10 11 13 13 13 14 15 18 18 18 18 18 
tsim human 3 2 12 12 12 12 12 12 11 11 11 10 10 9 9 9 9 8 8 8 8 8 8 8 8 8 8 8 8 8 8 8 8 8 8 8 8 8 8 8 8 8 8 8 8 8 8 8 8 8 8 8 8 
tsim window 3 2 7 7 7 7 7 7 7 7 7 8 11 11 11 11 11 11 12 12 14 14 14 14 14 14 14 14 14 14 14 14 14 14 14 14 14 14 14 14 14 14 14 15 15 15 15 15 23 23 23 25 25 
task_num -1 3 2 463runtime -1 3 2 0.012498140335083008 0.01216268539428711 0.012123584747314453 0.012182235717773438 0.012196540832519531 0.013505935668945312 0.01196908950805664 0.03041982650756836 0.012377262115478516 0.011996746063232422 0.012773990631103516 0.017776012420654297 
avg_run -1 3 2 0.01433183749516805
al_time -1 3 2 0.01621389389038086 1.213618278503418 0.01987624168395996 0.02033853530883789 0.018095016479492188 0.018601655960083008 0.018836021423339844 0.017710208892822266 0.01806807518005371 0.01746392250061035 0.9374353885650635 0.01087188720703125 
avg_all -1 3 2 0.1939274271329244
sum 0 4 2 60 46 
sum 1 4 2 180 64 
sum 2 4 2 240 73 
sum 3 4 2 360 85 
sum 4 4 2 540 103 
sum 5 4 2 600 112 
sum 6 4 2 1200 127 
sum 7 4 2 1500 127 
sum 8 4 2 1800 127 
sum 9 4 2 2100 131 
sum 10 4 2 2400 139 
sum 11 4 2 2700 152 
sum 12 4 2 3000 176 
miss fire 4 2 4 4 0 0 1 1 0 1 3 3 5 2 2 0 0 0 0 0 0 0 0 0 0 0 0 0 0 0 0 0 0 0 1 1 1 1 1 1 1 2 3 3 3 1 2 2 5 5 5 3 3 
miss human 4 2 12 12 4 4 4 3 4 4 4 2 2 1 1 1 1 0 0 0 0 0 0 0 0 0 0 0 0 0 0 0 0 0 0 0 0 0 0 0 0 0 0 0 0 0 0 0 0 0 0 0 0 
miss window 4 2 7 7 5 5 4 2 2 0 0 1 2 0 0 0 0 0 1 1 2 2 1 0 0 0 0 0 0 0 0 0 0 0 0 0 0 0 0 0 0 0 0 1 1 0 0 0 1 0 0 1 1 
acm fire 4 2 4 8 8 8 9 10 10 11 14 17 22 24 26 26 26 26 26 26 26 26 26 26 26 26 26 26 26 26 26 26 26 26 27 28 29 30 31 32 33 35 38 41 44 45 47 49 54 59 64 67 70 
acm human 4 2 12 24 28 32 36 39 43 47 51 53 55 56 57 58 59 59 59 59 59 59 59 59 59 59 59 59 59 59 59 59 59 59 59 59 59 59 59 59 59 59 59 59 59 59 59 59 59 59 59 59 59 
acm window 4 2 7 14 19 24 28 30 32 32 32 33 35 35 35 35 35 35 36 37 39 41 42 42 42 42 42 42 42 42 42 42 42 42 42 42 42 42 42 42 42 42 42 43 44 44 44 44 45 45 45 46 47 
tsim fire 4 2 4 4 4 4 5 5 5 6 8 8 10 10 10 10 10 10 10 10 10 10 10 10 10 10 10 10 10 10 10 10 10 10 11 9 9 9 9 9 9 10 11 13 13 13 14 15 18 18 18 18 18 
tsim human 4 2 12 12 12 12 12 12 11 11 11 10 10 9 9 9 9 8 8 8 8 8 8 8 8 8 8 8 8 8 8 8 8 8 8 8 8 8 8 8 8 8 8 8 8 8 8 8 8 8 8 8 8 
tsim window 4 2 7 7 7 7 7 7 7 7 7 8 11 11 11 11 11 11 12 12 14 14 14 14 14 14 14 14 14 14 14 14 14 14 14 14 14 14 14 14 14 14 14 15 15 15 15 15 23 23 23 25 25 
task_num -1 4 2 389runtime -1 4 2 0.4040815830230713 0.4574761390686035 0.4348909854888916 0.4639770984649658 0.7936244010925293 0.48511195182800293 0.6461317539215088 0.4562795162200928 0.33765339851379395 0.3172125816345215 0.06726670265197754 
avg_run -1 4 2 0.44215510108254175
al_time -1 4 2 0.016209840774536133 0.012586116790771484 0.4892237186431885 0.01802682876586914 0.02256155014038086 0.015536785125732422 0.016834020614624023 0.01592397689819336 0.016232728958129883 0.017553091049194336 0.01036214828491211 
avg_all -1 4 2 0.0591864369132302
sum 0 5 2 60 46 
sum 1 5 2 180 72 
sum 2 5 2 240 84 
sum 3 5 2 360 98 
sum 4 5 2 540 115 
sum 5 5 2 600 123 
sum 6 5 2 1200 142 
sum 7 5 2 1500 142 
sum 8 5 2 1800 142 
sum 9 5 2 2100 146 
sum 10 5 2 2400 154 
sum 11 5 2 2700 175 
sum 12 5 2 3000 203 
miss fire 5 2 4 4 1 0 1 1 1 1 3 3 4 4 1 1 1 0 0 0 0 0 0 0 0 0 0 0 0 0 0 0 0 0 1 1 1 1 1 1 1 2 3 3 3 4 5 4 7 5 5 2 2 
miss human 5 2 12 12 8 6 6 6 4 4 3 2 2 1 1 1 1 0 0 0 0 0 0 0 0 0 0 0 0 0 0 0 0 0 0 0 0 0 0 0 0 0 0 0 0 0 0 0 0 0 0 0 0 
miss window 5 2 7 7 6 5 5 2 0 0 0 1 2 2 1 1 0 0 1 1 2 0 0 0 0 0 0 0 0 0 0 0 0 0 0 0 0 0 0 0 0 0 0 1 1 0 0 0 1 1 1 2 2 
acm fire 5 2 4 8 9 9 10 11 12 13 16 19 23 27 28 29 30 30 30 30 30 30 30 30 30 30 30 30 30 30 30 30 30 30 31 32 33 34 35 36 37 39 42 45 48 52 57 61 68 73 78 80 82 
acm human 5 2 12 24 32 38 44 50 54 58 61 63 65 66 67 68 69 69 69 69 69 69 69 69 69 69 69 69 69 69 69 69 69 69 69 69 69 69 69 69 69 69 69 69 69 69 69 69 69 69 69 69 69 
acm window 5 2 7 14 20 25 30 32 32 32 32 33 35 37 38 39 39 39 40 41 43 43 43 43 43 43 43 43 43 43 43 43 43 43 43 43 43 43 43 43 43 43 43 44 45 45 45 45 46 47 48 50 52 
tsim fire 5 2 4 4 4 4 5 5 5 6 8 8 10 10 10 10 10 10 10 10 10 10 10 10 10 10 10 10 10 10 10 10 10 10 11 9 9 9 9 9 9 10 11 13 13 13 14 15 18 18 18 18 18 
tsim human 5 2 12 12 12 12 12 12 11 11 11 10 10 9 9 9 9 8 8 8 8 8 8 8 8 8 8 8 8 8 8 8 8 8 8 8 8 8 8 8 8 8 8 8 8 8 8 8 8 8 8 8 8 
tsim window 5 2 7 7 7 7 7 7 7 7 7 8 11 11 11 11 11 11 12 12 14 14 14 14 14 14 14 14 14 14 14 14 14 14 14 14 14 14 14 14 14 14 14 15 15 15 15 15 23 23 23 25 25 
task_num -1 5 2 390runtime -1 5 2 1.1135714054107666 0.7008371353149414 0.5111660957336426 0.5905647277832031 0.6271765232086182 0.7018365859985352 0.4969053268432617 0.4973413944244385 0.21840691566467285 0.1164238452911377 
avg_run -1 5 2 0.5574229955673218
al_time -1 5 2 0.016347169876098633 0.013587474822998047 0.4406569004058838 0.01796245574951172 0.020243406295776367 0.015769243240356445 0.01735997200012207 0.016081571578979492 0.015686750411987305 0.016393184661865234 
avg_all -1 5 2 0.05900881290435791
sum 0 6 2 60 46 
sum 1 6 2 180 70 
sum 2 6 2 240 76 
sum 3 6 2 360 83 
sum 4 6 2 540 98 
sum 5 6 2 600 106 
sum 6 6 2 1200 126 
sum 7 6 2 1500 130 
sum 8 6 2 1800 130 
sum 9 6 2 2100 134 
sum 10 6 2 2400 138 
sum 11 6 2 2700 160 
sum 12 6 2 3000 185 
miss fire 6 2 4 4 2 2 2 0 0 1 3 2 4 2 2 0 0 0 0 0 0 0 0 0 0 0 0 0 0 0 0 0 0 0 1 1 1 1 1 0 0 1 2 4 3 3 3 4 5 5 3 2 2 
miss human 6 2 12 12 6 5 3 3 4 3 3 2 2 1 1 1 1 0 0 0 0 0 0 0 0 0 0 0 0 0 0 0 0 0 0 0 0 0 0 0 0 0 0 0 0 0 0 0 0 0 0 0 0 
miss window 6 2 7 7 5 4 1 0 0 0 0 1 2 1 1 1 1 0 1 1 2 2 2 2 2 0 0 0 0 0 0 0 0 0 0 0 0 0 0 0 0 0 0 1 1 1 1 1 2 2 0 2 2 
acm fire 6 2 4 8 10 12 14 14 14 15 18 20 24 26 28 28 28 28 28 28 28 28 28 28 28 28 28 28 28 28 28 28 28 28 29 30 31 32 33 33 33 34 36 40 43 46 49 53 58 63 66 68 70 
acm human 6 2 12 24 30 35 38 41 45 48 51 53 55 56 57 58 59 59 59 59 59 59 59 59 59 59 59 59 59 59 59 59 59 59 59 59 59 59 59 59 59 59 59 59 59 59 59 59 59 59 59 59 59 
acm window 6 2 7 14 19 23 24 24 24 24 24 25 27 28 29 30 31 31 32 33 35 37 39 41 43 43 43 43 43 43 43 43 43 43 43 43 43 43 43 43 43 43 43 44 45 46 47 48 50 52 52 54 56 
tsim fire 6 2 4 4 4 4 5 5 5 6 8 8 10 10 10 10 10 10 10 10 10 10 10 10 10 10 10 10 10 10 10 10 10 10 11 9 9 9 9 9 9 10 11 13 13 13 14 15 18 18 18 18 18 
tsim human 6 2 12 12 12 12 12 12 11 11 11 10 10 9 9 9 9 8 8 8 8 8 8 8 8 8 8 8 8 8 8 8 8 8 8 8 8 8 8 8 8 8 8 8 8 8 8 8 8 8 8 8 8 
tsim window 6 2 7 7 7 7 7 7 7 7 7 8 11 11 11 11 11 11 12 12 14 14 14 14 14 14 14 14 14 14 14 14 14 14 14 14 14 14 14 14 14 14 14 15 15 15 15 15 23 23 23 25 25 
task_num -1 6 2 455runtime -1 6 2 1.0835566520690918 0.8933894634246826 0.7325799465179443 0.5851109027862549 0.5622515678405762 0.5494663715362549 0.6293001174926758 0.5303032398223877 0.5621280670166016 0.4405515193939209 0.25812578201293945 0.1818561553955078 0.11322379112243652 
avg_run -1 6 2 0.5478341212639442
al_time -1 6 2 0.014829397201538086 0.011886835098266602 0.012733936309814453 0.5143938064575195 0.01820993423461914 0.02166438102722168 0.016061782836914062 0.015249490737915039 0.016109228134155273 0.015472412109375 0.01554417610168457 0.015758991241455078 0.9047741889953613 
avg_all -1 6 2 0.12251450465275691
sum 0 7 2 60 46 
sum 1 7 2 180 70 
sum 2 7 2 240 76 
sum 3 7 2 360 83 
sum 4 7 2 540 96 
sum 5 7 2 600 102 
sum 6 7 2 1200 123 
sum 7 7 2 1500 123 
sum 8 7 2 1800 123 
sum 9 7 2 2100 124 
sum 10 7 2 2400 126 
sum 11 7 2 2700 141 
sum 12 7 2 3000 165 
miss fire 7 2 4 4 2 2 2 0 0 1 3 0 2 2 2 0 0 0 0 0 0 0 0 0 0 0 0 0 0 0 0 0 0 0 1 0 0 0 0 0 0 1 1 3 2 2 1 2 4 4 4 3 3 
miss human 7 2 12 12 6 5 3 3 4 3 3 2 2 1 1 1 1 0 0 0 0 0 0 0 0 0 0 0 0 0 0 0 0 0 0 0 0 0 0 0 0 0 0 0 0 0 0 0 0 0 0 0 0 
miss window 7 2 7 7 5 4 1 0 0 0 0 1 2 2 1 0 0 0 1 1 3 3 2 0 0 0 0 0 0 0 0 0 0 0 0 0 0 0 0 0 0 0 0 1 1 1 1 1 1 1 0 2 2 
acm fire 7 2 4 8 10 12 14 14 14 15 18 18 20 22 24 24 24 24 24 24 24 24 24 24 24 24 24 24 24 24 24 24 24 24 25 25 25 25 25 25 25 26 27 30 32 34 35 37 41 45 49 52 55 
acm human 7 2 12 24 30 35 38 41 45 48 51 53 55 56 57 58 59 59 59 59 59 59 59 59 59 59 59 59 59 59 59 59 59 59 59 59 59 59 59 59 59 59 59 59 59 59 59 59 59 59 59 59 59 
acm window 7 2 7 14 19 23 24 24 24 24 24 25 27 29 30 30 30 30 31 32 35 38 40 40 40 40 40 40 40 40 40 40 40 40 40 40 40 40 40 40 40 40 40 41 42 43 44 45 46 47 47 49 51 
tsim fire 7 2 4 4 4 4 5 5 5 6 8 8 10 10 10 10 10 10 10 10 10 10 10 10 10 10 10 10 10 10 10 10 10 10 11 9 9 9 9 9 9 10 11 13 13 13 14 15 18 18 18 18 18 
tsim human 7 2 12 12 12 12 12 12 11 11 11 10 10 9 9 9 9 8 8 8 8 8 8 8 8 8 8 8 8 8 8 8 8 8 8 8 8 8 8 8 8 8 8 8 8 8 8 8 8 8 8 8 8 
tsim window 7 2 7 7 7 7 7 7 7 7 7 8 11 11 11 11 11 11 12 12 14 14 14 14 14 14 14 14 14 14 14 14 14 14 14 14 14 14 14 14 14 14 14 15 15 15 15 15 23 23 23 25 25 
task_num -1 7 2 388runtime -1 7 2 1.296302318572998 0.8793842792510986 0.8710172176361084 0.914729118347168 0.7308595180511475 0.6183905601501465 0.7400388717651367 0.8954346179962158 0.5711963176727295 0.3356442451477051 0.19581294059753418 0.08105587959289551 
avg_run -1 7 2 0.6774888237317404
al_time -1 7 2 0.0159146785736084 0.012504339218139648 0.49456238746643066 0.019405364990234375 0.022021770477294922 0.0157010555267334 0.0167691707611084 0.015181541442871094 0.016097545623779297 0.016070127487182617 0.017345190048217773 0.009725332260131836 
avg_all -1 7 2 0.05594154198964437
sum 0 8 2 60 46 
sum 1 8 2 180 61 
sum 2 8 2 240 66 
sum 3 8 2 360 75 
sum 4 8 2 540 93 
sum 5 8 2 600 102 
sum 6 8 2 1200 130 
sum 7 8 2 1500 131 
sum 8 8 2 1800 131 
sum 9 8 2 2100 135 
sum 10 8 2 2400 139 
sum 11 8 2 2700 158 
sum 12 8 2 3000 194 
miss fire 8 2 4 4 0 0 1 1 0 1 3 2 4 4 1 1 1 1 1 0 0 0 0 0 0 0 0 0 0 0 0 0 0 0 1 1 1 1 1 0 0 1 2 3 3 2 3 3 6 5 5 3 3 
miss human 8 2 12 12 4 4 4 4 4 4 4 3 3 2 1 1 2 0 0 0 0 0 0 0 0 0 0 0 0 0 0 0 0 0 0 0 0 0 0 0 0 0 0 0 0 0 0 0 0 0 0 0 0 
miss window 8 2 7 7 5 2 0 0 0 0 0 1 2 2 2 2 0 0 1 1 3 1 1 1 0 0 0 0 0 0 0 0 0 0 0 0 0 0 0 0 0 0 0 1 1 1 1 1 2 2 2 4 4 
acm fire 8 2 4 8 8 8 9 10 10 11 14 16 20 24 25 26 27 28 29 29 29 29 29 29 29 29 29 29 29 29 29 29 29 29 30 31 32 33 34 34 34 35 37 40 43 45 48 51 57 62 67 70 73 
acm human 8 2 12 24 28 32 36 40 44 48 52 55 58 60 61 62 64 64 64 64 64 64 64 64 64 64 64 64 64 64 64 64 64 64 64 64 64 64 64 64 64 64 64 64 64 64 64 64 64 64 64 64 64 
acm window 8 2 7 14 19 21 21 21 21 21 21 22 24 26 28 30 30 30 31 32 35 36 37 38 38 38 38 38 38 38 38 38 38 38 38 38 38 38 38 38 38 38 38 39 40 41 42 43 45 47 49 53 57 
tsim fire 8 2 4 4 4 4 5 5 5 6 8 8 10 10 10 10 10 10 10 10 10 10 10 10 10 10 10 10 10 10 10 10 10 10 11 9 9 9 9 9 9 10 11 13 13 13 14 15 18 18 18 18 18 
tsim human 8 2 12 12 12 12 12 12 11 11 11 10 10 9 9 9 9 8 8 8 8 8 8 8 8 8 8 8 8 8 8 8 8 8 8 8 8 8 8 8 8 8 8 8 8 8 8 8 8 8 8 8 8 
tsim window 8 2 7 7 7 7 7 7 7 7 7 8 11 11 11 11 11 11 12 12 14 14 14 14 14 14 14 14 14 14 14 14 14 14 14 14 14 14 14 14 14 14 14 15 15 15 15 15 23 23 23 25 25 
task_num -1 8 2 454runtime -1 8 2 1.20039701461792 0.8206038475036621 0.8112137317657471 0.7772152423858643 0.7245476245880127 0.7900285720825195 0.7296569347381592 0.6221892833709717 0.5408210754394531 0.43624281883239746 0.3727843761444092 0.21160101890563965 0.13351893424987793 0.14098286628723145 
avg_run -1 8 2 0.5937002386365619
al_time -1 8 2 0.02160358428955078 0.013865232467651367 0.015916109085083008 0.44020557403564453 0.019761085510253906 0.021996498107910156 0.016623735427856445 0.016792774200439453 0.015199422836303711 0.015036821365356445 0.014687299728393555 0.015231132507324219 0.9086344242095947 0.011739969253540039 
avg_all -1 8 2 0.11052097593035017
sum 0 9 2 60 46 
sum 1 9 2 180 68 
sum 2 9 2 240 78 
sum 3 9 2 360 92 
sum 4 9 2 540 109 
sum 5 9 2 600 117 
sum 6 9 2 1200 131 
sum 7 9 2 1500 137 
sum 8 9 2 1800 147 
sum 9 9 2 2100 155 
sum 10 9 2 2400 162 
sum 11 9 2 2700 178 
sum 12 9 2 3000 201 
miss fire 9 2 4 4 2 2 3 2 1 1 3 2 4 2 2 0 0 0 0 0 0 0 0 0 0 2 2 2 2 2 2 2 2 2 3 1 1 1 1 1 1 2 2 4 2 2 1 2 4 4 2 1 1 
miss human 9 2 12 12 4 4 3 3 4 4 4 2 2 1 1 1 1 0 0 0 0 0 0 0 0 0 0 0 0 0 0 0 0 0 0 0 0 0 0 0 0 0 0 0 0 0 0 0 0 0 0 0 0 
miss window 9 2 7 7 5 5 4 2 2 0 0 1 2 0 0 0 0 0 1 1 2 2 0 0 0 0 0 0 0 0 0 0 0 0 0 0 0 0 0 0 0 0 0 1 1 1 1 1 2 2 1 3 3 
acm fire 9 2 4 8 10 12 15 17 18 19 22 24 28 30 32 32 32 32 32 32 32 32 32 32 32 34 36 38 40 42 44 46 48 50 53 54 55 56 57 58 59 61 63 67 69 71 72 74 78 82 84 85 86 
acm human 9 2 12 24 28 32 35 38 42 46 50 52 54 55 56 57 58 58 58 58 58 58 58 58 58 58 58 58 58 58 58 58 58 58 58 58 58 58 58 58 58 58 58 58 58 58 58 58 58 58 58 58 58 
acm window 9 2 7 14 19 24 28 30 32 32 32 33 35 35 35 35 35 35 36 37 39 41 41 41 41 41 41 41 41 41 41 41 41 41 41 41 41 41 41 41 41 41 41 42 43 44 45 46 48 50 51 54 57 
tsim fire 9 2 4 4 4 4 5 5 5 6 8 8 10 10 10 10 10 10 10 10 10 10 10 10 10 10 10 10 10 10 10 10 10 10 11 9 9 9 9 9 9 10 11 13 13 13 14 15 18 18 18 18 18 
tsim human 9 2 12 12 12 12 12 12 11 11 11 10 10 9 9 9 9 8 8 8 8 8 8 8 8 8 8 8 8 8 8 8 8 8 8 8 8 8 8 8 8 8 8 8 8 8 8 8 8 8 8 8 8 
tsim window 9 2 7 7 7 7 7 7 7 7 7 8 11 11 11 11 11 11 12 12 14 14 14 14 14 14 14 14 14 14 14 14 14 14 14 14 14 14 14 14 14 14 14 15 15 15 15 15 23 23 23 25 25 
task_num -1 9 2 462runtime -1 9 2 0.5318291187286377 0.7612154483795166 0.8328390121459961 0.6162023544311523 0.7946903705596924 0.7349765300750732 0.6150991916656494 0.5587625503540039 0.41544508934020996 0.3437817096710205 0.29390954971313477 0.06853771209716797 
avg_run -1 9 2 0.5472740530967712
al_time -1 9 2 0.018310070037841797 0.012680530548095703 0.5182607173919678 0.01800847053527832 0.01903223991394043 0.015624046325683594 0.016849517822265625 0.01507568359375 0.015880823135375977 0.01628899574279785 0.016445398330688477 0.8597824573516846 
avg_all -1 9 2 0.12851991256078085
sum 0 10 2 60 46 
sum 1 10 2 180 64 
sum 2 10 2 240 73 
sum 3 10 2 360 85 
sum 4 10 2 540 102 
sum 5 10 2 600 110 
sum 6 10 2 1200 131 
sum 7 10 2 1500 131 
sum 8 10 2 1800 131 
sum 9 10 2 2100 132 
sum 10 10 2 2400 135 
sum 11 10 2 2700 153 
sum 12 10 2 3000 175 
miss fire 10 2 4 4 0 0 1 1 0 1 3 2 4 3 3 0 0 0 0 0 0 0 0 0 0 0 0 0 0 0 0 0 0 0 1 0 0 0 0 0 0 1 2 3 3 3 3 4 3 3 3 2 2 
miss human 10 2 12 12 4 4 4 3 4 4 4 2 2 1 1 1 1 0 0 0 0 0 0 0 0 0 0 0 0 0 0 0 0 0 0 0 0 0 0 0 0 0 0 0 0 0 0 0 0 0 0 0 0 
miss window 10 2 7 7 5 5 4 2 2 0 0 1 2 1 1 1 1 0 1 1 3 2 0 0 0 0 0 0 0 0 0 0 0 0 0 0 0 0 0 0 0 0 0 1 1 0 0 0 1 1 1 3 3 
acm fire 10 2 4 8 8 8 9 10 10 11 14 16 20 23 26 26 26 26 26 26 26 26 26 26 26 26 26 26 26 26 26 26 26 26 27 27 27 27 27 27 27 28 30 33 36 39 42 46 49 52 55 57 59 
acm human 10 2 12 24 28 32 36 39 43 47 51 53 55 56 57 58 59 59 59 59 59 59 59 59 59 59 59 59 59 59 59 59 59 59 59 59 59 59 59 59 59 59 59 59 59 59 59 59 59 59 59 59 59 
acm window 10 2 7 14 19 24 28 30 32 32 32 33 35 36 37 38 39 39 40 41 44 46 46 46 46 46 46 46 46 46 46 46 46 46 46 46 46 46 46 46 46 46 46 47 48 48 48 48 49 50 51 54 57 
tsim fire 10 2 4 4 4 4 5 5 5 6 8 8 10 10 10 10 10 10 10 10 10 10 10 10 10 10 10 10 10 10 10 10 10 10 11 9 9 9 9 9 9 10 11 13 13 13 14 15 18 18 18 18 18 
tsim human 10 2 12 12 12 12 12 12 11 11 11 10 10 9 9 9 9 8 8 8 8 8 8 8 8 8 8 8 8 8 8 8 8 8 8 8 8 8 8 8 8 8 8 8 8 8 8 8 8 8 8 8 8 
tsim window 10 2 7 7 7 7 7 7 7 7 7 8 11 11 11 11 11 11 12 12 14 14 14 14 14 14 14 14 14 14 14 14 14 14 14 14 14 14 14 14 14 14 14 15 15 15 15 15 23 23 23 25 25 
task_num -1 10 2 459runtime -1 10 2 0.5825114250183105 0.6785454750061035 0.7638816833496094 0.5781838893890381 0.7026000022888184 0.8435070514678955 0.6380383968353271 0.686668872833252 0.6051297187805176 0.4723548889160156 0.2812387943267822 0.20560097694396973 0.021686792373657227 
avg_run -1 10 2 0.5430729205791767
al_time -1 10 2 0.020502805709838867 0.014037847518920898 0.5334596633911133 0.013681411743164062 0.013568401336669922 0.023253440856933594 0.017217159271240234 0.015247344970703125 0.018325328826904297 0.015811920166015625 0.016689300537109375 0.8896219730377197 0.011855602264404297 
avg_all -1 10 2 0.12332863074082595
random:3T:3000
