random:0T:2700
sum 0 0 0 60 49 
sum 1 0 0 180 62 
sum 2 0 0 240 67 
sum 3 0 0 360 72 
sum 4 0 0 540 80 
sum 5 0 0 600 81 
sum 6 0 0 900 81 
sum 7 0 0 1200 83 
sum 8 0 0 1500 83 
sum 9 0 0 1800 85 
sum 10 0 0 2100 88 
sum 11 0 0 2400 92 
sum 12 0 0 2700 92 
miss fire 0 0 2 2 1 0 0 0 0 0 1 1 0 0 0 0 0 0 0 0 0 0 0 0 0 0 0 0 1 1 0 0 0 0 0 0 1 1 2 1 1 0 0 0 0 0 0 0 
miss human 0 0 16 15 6 5 5 3 2 2 2 2 1 0 0 0 0 0 0 0 0 0 0 0 0 0 0 0 0 0 0 0 0 0 0 0 0 0 0 0 0 0 0 0 0 0 0 0 
miss window 0 0 7 7 1 0 0 0 0 0 0 0 0 0 0 0 0 0 1 1 0 0 0 0 0 0 0 0 0 0 0 0 0 0 0 0 1 0 0 0 0 0 0 0 0 0 0 0 
acm fire 0 0 2 4 5 5 5 5 5 5 6 7 7 7 7 7 7 7 7 7 7 7 7 7 7 7 7 7 8 9 9 9 9 9 9 9 10 11 13 14 15 15 15 15 15 15 15 15 
acm human 0 0 16 31 37 42 47 50 52 54 56 58 59 59 59 59 59 59 59 59 59 59 59 59 59 59 59 59 59 59 59 59 59 59 59 59 59 59 59 59 59 59 59 59 59 59 59 59 
acm window 0 0 7 14 15 15 15 15 15 15 15 15 15 15 15 15 15 15 16 17 17 17 17 17 17 17 17 17 17 17 17 17 17 17 17 17 18 18 18 18 18 18 18 18 18 18 18 18 
tsim fire 0 0 2 2 2 2 2 2 2 2 3 3 3 3 3 3 3 3 3 3 3 3 3 3 3 3 3 3 4 4 4 4 4 4 4 4 5 5 6 6 6 6 6 6 6 6 6 6 
tsim human 0 0 16 15 15 15 15 14 12 12 11 9 9 8 7 7 7 7 7 7 7 7 7 7 7 7 7 7 7 7 7 7 7 7 7 7 7 7 7 7 7 7 7 7 7 7 7 7 
tsim window 0 0 7 7 7 7 7 7 7 7 7 7 7 7 7 7 7 7 8 8 8 8 8 8 8 8 8 8 10 10 10 10 10 10 10 10 11 11 11 11 11 11 11 11 11 11 13 13 
task_num -1 0 0 369
runtime -1 0 0 0.2599639892578125 0.26650071144104004 0.2715907096862793 0.2603645324707031 0.26744604110717773 0.25728654861450195 0.2612147331237793 0.28971314430236816 0.24167799949645996 0.1916368007659912 
avg_run -1 0 0 0.25673952102661135
al_time -1 0 0 0.015476226806640625 0.012620210647583008 0.012904882431030273 0.013477802276611328 0.01571059226989746 0.021413564682006836 0.5665709972381592 0.023056983947753906 0.015484809875488281 0.017717599868774414 
avg_all -1 0 0 0.07144336700439453
sum 0 1 0 60 49 
sum 1 1 0 180 66 
sum 2 1 0 240 71 
sum 3 1 0 360 79 
sum 4 1 0 540 87 
sum 5 1 0 600 89 
sum 6 1 0 900 90 
sum 7 1 0 1200 92 
sum 8 1 0 1500 92 
sum 9 1 0 1800 93 
sum 10 1 0 2100 97 
sum 11 1 0 2400 101 
sum 12 1 0 2700 105 
miss fire 1 0 2 2 0 0 0 0 0 0 1 1 1 0 0 0 0 0 0 0 0 0 0 0 0 0 0 0 1 0 0 0 0 0 0 0 1 1 1 1 0 0 0 0 0 0 0 0 
miss human 1 0 16 15 9 5 5 4 4 2 3 1 1 1 0 0 0 0 0 0 0 0 0 0 0 0 0 0 0 0 0 0 0 0 0 0 0 0 0 0 0 0 0 0 0 0 0 0 
miss window 1 0 7 7 3 0 0 0 0 0 0 0 0 0 0 0 0 0 1 1 0 0 0 0 0 0 0 0 0 0 0 0 0 0 0 0 1 1 1 1 0 0 0 0 0 0 2 2 
acm fire 1 0 2 4 4 4 4 4 4 4 5 6 7 7 7 7 7 7 7 7 7 7 7 7 7 7 7 7 8 8 8 8 8 8 8 8 9 10 11 12 12 12 12 12 12 12 12 12 
acm human 1 0 16 31 40 45 50 54 58 60 63 64 65 66 66 66 66 66 66 66 66 66 66 66 66 66 66 66 66 66 66 66 66 66 66 66 66 66 66 66 66 66 66 66 66 66 66 66 
acm window 1 0 7 14 17 17 17 17 17 17 17 17 17 17 17 17 17 17 18 19 19 19 19 19 19 19 19 19 19 19 19 19 19 19 19 19 20 21 22 23 23 23 23 23 23 23 25 27 
tsim fire 1 0 2 2 2 2 2 2 2 2 3 3 3 3 3 3 3 3 3 3 3 3 3 3 3 3 3 3 4 4 4 4 4 4 4 4 5 5 6 6 6 6 6 6 6 6 6 6 
tsim human 1 0 16 15 15 15 15 14 12 12 11 9 9 8 7 7 7 7 7 7 7 7 7 7 7 7 7 7 7 7 7 7 7 7 7 7 7 7 7 7 7 7 7 7 7 7 7 7 
tsim window 1 0 7 7 7 7 7 7 7 7 7 7 7 7 7 7 7 7 8 8 8 8 8 8 8 8 8 8 10 10 10 10 10 10 10 10 11 11 11 11 11 11 11 11 11 11 13 13 
task_num -1 1 0 369
runtime -1 1 0 0.3892693519592285 0.4434635639190674 0.5059003829956055 0.6082863807678223 0.5498707294464111 0.6307497024536133 0.660940408706665 0.45348191261291504 0.30356502532958984 
avg_run -1 1 0 0.5050586064656576
al_time -1 1 0 0.01782083511352539 0.01342916488647461 0.013593912124633789 0.01583552360534668 0.022542953491210938 0.5691342353820801 0.02276015281677246 0.015643835067749023 0.01593327522277832 
avg_all -1 1 0 0.07852154307895237
sum 0 2 0 60 49 
sum 1 2 0 180 69 
sum 2 2 0 240 76 
sum 3 2 0 360 85 
sum 4 2 0 540 92 
sum 5 2 0 600 93 
sum 6 2 0 900 94 
sum 7 2 0 1200 95 
sum 8 2 0 1500 95 
sum 9 2 0 1800 96 
sum 10 2 0 2100 99 
sum 11 2 0 2400 105 
sum 12 2 0 2700 109 
miss fire 2 0 2 2 0 0 0 0 0 0 1 0 0 0 0 0 0 0 0 0 0 0 0 0 0 0 0 0 1 0 0 0 0 0 0 0 1 0 1 1 0 0 0 0 0 0 0 0 
miss human 2 0 16 15 8 6 6 4 4 3 2 1 1 1 0 0 0 0 0 0 0 0 0 0 0 0 0 0 0 0 0 0 0 0 0 0 0 0 0 0 0 0 0 0 0 0 0 0 
miss window 2 0 7 7 5 1 1 1 0 0 0 0 0 0 0 0 0 0 1 0 0 0 0 0 0 0 0 0 0 0 0 0 0 0 0 0 1 1 1 1 1 1 0 0 0 0 2 2 
acm fire 2 0 2 4 4 4 4 4 4 4 5 5 5 5 5 5 5 5 5 5 5 5 5 5 5 5 5 5 6 6 6 6 6 6 6 6 7 7 8 9 9 9 9 9 9 9 9 9 
acm human 2 0 16 31 39 45 51 55 59 62 64 65 66 67 67 67 67 67 67 67 67 67 67 67 67 67 67 67 67 67 67 67 67 67 67 67 67 67 67 67 67 67 67 67 67 67 67 67 
acm window 2 0 7 14 19 20 21 22 22 22 22 22 22 22 22 22 22 22 23 23 23 23 23 23 23 23 23 23 23 23 23 23 23 23 23 23 24 25 26 27 28 29 29 29 29 29 31 33 
tsim fire 2 0 2 2 2 2 2 2 2 2 3 3 3 3 3 3 3 3 3 3 3 3 3 3 3 3 3 3 4 4 4 4 4 4 4 4 5 5 6 6 6 6 6 6 6 6 6 6 
tsim human 2 0 16 15 15 15 15 14 12 12 11 9 9 8 7 7 7 7 7 7 7 7 7 7 7 7 7 7 7 7 7 7 7 7 7 7 7 7 7 7 7 7 7 7 7 7 7 7 
tsim window 2 0 7 7 7 7 7 7 7 7 7 7 7 7 7 7 7 7 8 8 8 8 8 8 8 8 8 8 10 10 10 10 10 10 10 10 11 11 11 11 11 11 11 11 11 11 13 13 
task_num -1 2 0 369
runtime -1 2 0 1.1584093570709229 0.7209386825561523 0.5199012756347656 0.49841833114624023 0.45181727409362793 0.5960369110107422 0.5680663585662842 0.6099944114685059 0.3755049705505371 
avg_run -1 2 0 0.6110097302330865
al_time -1 2 0 0.018311738967895508 0.04788398742675781 0.013456106185913086 0.01340031623840332 0.021549701690673828 0.5396196842193604 0.02464580535888672 0.016049861907958984 0.01840376853942871 
avg_all -1 2 0 0.07925788561503093
sum 0 3 0 60 49 
sum 1 3 0 180 72 
sum 2 3 0 240 81 
sum 3 3 0 360 91 
sum 4 3 0 540 103 
sum 5 3 0 600 104 
sum 6 3 0 900 104 
sum 7 3 0 1200 106 
sum 8 3 0 1500 106 
sum 9 3 0 1800 109 
sum 10 3 0 2100 113 
sum 11 3 0 2400 122 
sum 12 3 0 2700 128 
miss fire 3 0 2 2 0 0 0 0 0 0 1 1 0 0 0 0 0 0 0 0 0 0 0 0 0 0 0 0 1 1 1 0 0 0 0 0 1 1 2 1 1 0 0 0 0 0 0 0 
miss human 3 0 16 15 6 6 6 5 3 3 3 3 1 0 0 0 0 0 0 0 0 0 0 0 0 0 0 0 0 0 0 0 0 0 0 0 0 0 0 0 0 0 0 0 0 0 0 0 
miss window 3 0 7 7 6 5 3 1 1 1 0 0 0 0 0 0 0 0 1 1 0 0 0 0 0 0 0 0 0 0 0 0 0 0 0 0 1 1 1 1 1 1 1 1 1 0 2 2 
acm fire 3 0 2 4 4 4 4 4 4 4 5 6 6 6 6 6 6 6 6 6 6 6 6 6 6 6 6 6 7 8 9 9 9 9 9 9 10 11 13 14 15 15 15 15 15 15 15 15 
acm human 3 0 16 31 37 43 49 54 57 60 63 66 67 67 67 67 67 67 67 67 67 67 67 67 67 67 67 67 67 67 67 67 67 67 67 67 67 67 67 67 67 67 67 67 67 67 67 67 
acm window 3 0 7 14 20 25 28 29 30 31 31 31 31 31 31 31 31 31 32 33 33 33 33 33 33 33 33 33 33 33 33 33 33 33 33 33 34 35 36 37 38 39 40 41 42 42 44 46 
tsim fire 3 0 2 2 2 2 2 2 2 2 3 3 3 3 3 3 3 3 3 3 3 3 3 3 3 3 3 3 4 4 4 4 4 4 4 4 5 5 6 6 6 6 6 6 6 6 6 6 
tsim human 3 0 16 15 15 15 15 14 12 12 11 9 9 8 7 7 7 7 7 7 7 7 7 7 7 7 7 7 7 7 7 7 7 7 7 7 7 7 7 7 7 7 7 7 7 7 7 7 
tsim window 3 0 7 7 7 7 7 7 7 7 7 7 7 7 7 7 7 7 8 8 8 8 8 8 8 8 8 8 10 10 10 10 10 10 10 10 11 11 11 11 11 11 11 11 11 11 13 13 
task_num -1 3 0 369
runtime -1 3 0 0.01120901107788086 0.011384963989257812 0.011232852935791016 0.011390447616577148 0.011238813400268555 0.011479616165161133 0.014348745346069336 0.014323949813842773 0.014040946960449219 
avg_run -1 3 0 0.012294371922810873
al_time -1 3 0 0.021116971969604492 0.014984846115112305 0.015378236770629883 0.03983449935913086 0.021845340728759766 0.5467445850372314 0.024477481842041016 0.018000125885009766 0.04475069046020508 
avg_all -1 3 0 0.08301475312974718
sum 0 4 0 60 49 
sum 1 4 0 180 67 
sum 2 4 0 240 72 
sum 3 4 0 360 80 
sum 4 4 0 540 87 
sum 5 4 0 600 88 
sum 6 4 0 900 89 
sum 7 4 0 1200 91 
sum 8 4 0 1500 91 
sum 9 4 0 1800 93 
sum 10 4 0 2100 95 
sum 11 4 0 2400 96 
sum 12 4 0 2700 100 
miss fire 4 0 2 2 1 0 0 0 0 0 1 0 0 0 0 0 0 0 0 0 0 0 0 0 0 0 0 0 1 1 0 0 0 0 0 0 1 0 1 0 0 0 0 0 0 0 0 0 
miss human 4 0 16 15 9 5 5 4 4 2 3 1 1 1 0 0 0 0 0 0 0 0 0 0 0 0 0 0 0 0 0 0 0 0 0 0 0 0 0 0 0 0 0 0 0 0 0 0 
miss window 4 0 7 7 3 0 0 0 0 0 0 0 0 0 0 0 0 0 1 1 0 0 0 0 0 0 0 0 0 0 0 0 0 0 0 0 1 0 0 0 0 0 0 0 0 0 2 2 
acm fire 4 0 2 4 5 5 5 5 5 5 6 6 6 6 6 6 6 6 6 6 6 6 6 6 6 6 6 6 7 8 8 8 8 8 8 8 9 9 10 10 10 10 10 10 10 10 10 10 
acm human 4 0 16 31 40 45 50 54 58 60 63 64 65 66 66 66 66 66 66 66 66 66 66 66 66 66 66 66 66 66 66 66 66 66 66 66 66 66 66 66 66 66 66 66 66 66 66 66 
acm window 4 0 7 14 17 17 17 17 17 17 17 17 17 17 17 17 17 17 18 19 19 19 19 19 19 19 19 19 19 19 19 19 19 19 19 19 20 20 20 20 20 20 20 20 20 20 22 24 
tsim fire 4 0 2 2 2 2 2 2 2 2 3 3 3 3 3 3 3 3 3 3 3 3 3 3 3 3 3 3 4 4 4 4 4 4 4 4 5 5 6 6 6 6 6 6 6 6 6 6 
tsim human 4 0 16 15 15 15 15 14 12 12 11 9 9 8 7 7 7 7 7 7 7 7 7 7 7 7 7 7 7 7 7 7 7 7 7 7 7 7 7 7 7 7 7 7 7 7 7 7 
tsim window 4 0 7 7 7 7 7 7 7 7 7 7 7 7 7 7 7 7 8 8 8 8 8 8 8 8 8 8 10 10 10 10 10 10 10 10 11 11 11 11 11 11 11 11 11 11 13 13 
task_num -1 4 0 369
runtime -1 4 0 0.390841007232666 0.4769444465637207 0.6852431297302246 0.5006346702575684 0.5750627517700195 0.648287296295166 0.5866727828979492 0.6099927425384521 0.4527587890625 
avg_run -1 4 0 0.5473819573720297
al_time -1 4 0 0.018132448196411133 0.013605117797851562 0.013871431350708008 0.015354156494140625 0.0234682559967041 0.5688717365264893 0.0211944580078125 0.015789508819580078 0.017934799194335938 
avg_all -1 4 0 0.0786913235982259
sum 0 5 0 60 49 
sum 1 5 0 180 69 
sum 2 5 0 240 76 
sum 3 5 0 360 85 
sum 4 5 0 540 93 
sum 5 5 0 600 95 
sum 6 5 0 900 96 
sum 7 5 0 1200 97 
sum 8 5 0 1500 97 
sum 9 5 0 1800 98 
sum 10 5 0 2100 101 
sum 11 5 0 2400 103 
sum 12 5 0 2700 107 
miss fire 5 0 2 2 0 0 0 0 0 0 1 0 0 0 0 0 0 0 0 0 0 0 0 0 0 0 0 0 1 0 0 0 0 0 0 0 1 1 1 1 0 0 0 0 0 0 0 0 
miss human 5 0 16 15 9 8 7 6 3 2 3 2 2 0 1 0 0 0 0 0 0 0 0 0 0 0 0 0 0 0 0 0 0 0 0 0 0 0 0 0 0 0 0 0 0 0 0 0 
miss window 5 0 7 7 3 0 0 0 0 0 0 0 0 0 0 0 0 0 1 0 0 0 0 0 0 0 0 0 0 0 0 0 0 0 0 0 1 0 0 0 0 0 0 0 0 0 2 2 
acm fire 5 0 2 4 4 4 4 4 4 4 5 5 5 5 5 5 5 5 5 5 5 5 5 5 5 5 5 5 6 6 6 6 6 6 6 6 7 8 9 10 10 10 10 10 10 10 10 10 
acm human 5 0 16 31 40 48 55 61 64 66 69 71 73 73 74 74 74 74 74 74 74 74 74 74 74 74 74 74 74 74 74 74 74 74 74 74 74 74 74 74 74 74 74 74 74 74 74 74 
acm window 5 0 7 14 17 17 17 17 17 17 17 17 17 17 17 17 17 17 18 18 18 18 18 18 18 18 18 18 18 18 18 18 18 18 18 18 19 19 19 19 19 19 19 19 19 19 21 23 
tsim fire 5 0 2 2 2 2 2 2 2 2 3 3 3 3 3 3 3 3 3 3 3 3 3 3 3 3 3 3 4 4 4 4 4 4 4 4 5 5 6 6 6 6 6 6 6 6 6 6 
tsim human 5 0 16 15 15 15 15 14 12 12 11 9 9 8 7 7 7 7 7 7 7 7 7 7 7 7 7 7 7 7 7 7 7 7 7 7 7 7 7 7 7 7 7 7 7 7 7 7 
tsim window 5 0 7 7 7 7 7 7 7 7 7 7 7 7 7 7 7 7 8 8 8 8 8 8 8 8 8 8 10 10 10 10 10 10 10 10 11 11 11 11 11 11 11 11 11 11 13 13 
task_num -1 5 0 368
runtime -1 5 0 1.33091402053833 0.5965466499328613 0.6874682903289795 0.5866544246673584 0.5585136413574219 0.5844573974609375 0.7156493663787842 0.5011677742004395 0.5390350818634033 0.36137986183166504 
avg_run -1 5 0 0.6461786508560181
al_time -1 5 0 0.04116034507751465 0.013347864151000977 0.013208627700805664 0.012948036193847656 0.013309717178344727 0.02199387550354004 0.5691297054290771 0.02301764488220215 0.015063762664794922 0.015619993209838867 
avg_all -1 5 0 0.07387995719909668
sum 0 6 0 60 49 
sum 1 6 0 180 62 
sum 2 6 0 240 67 
sum 3 6 0 360 72 
sum 4 6 0 540 80 
sum 5 6 0 600 82 
sum 6 6 0 900 83 
sum 7 6 0 1200 87 
sum 8 6 0 1500 87 
sum 9 6 0 1800 92 
sum 10 6 0 2100 95 
sum 11 6 0 2400 101 
sum 12 6 0 2700 103 
miss fire 6 0 2 2 1 0 0 0 0 0 1 1 0 0 0 0 0 0 0 0 0 0 0 0 0 0 0 0 1 1 1 1 1 0 0 0 1 0 1 1 0 0 0 0 0 0 0 0 
miss human 6 0 16 15 6 5 5 3 2 2 3 1 2 1 0 0 0 0 0 0 0 0 0 0 0 0 0 0 0 0 0 0 0 0 0 0 0 0 0 0 0 0 0 0 0 0 0 0 
miss window 6 0 7 7 1 0 0 0 0 0 0 0 0 0 0 0 0 0 1 1 1 1 0 0 0 0 0 0 0 0 0 0 0 0 0 0 1 1 1 1 1 1 0 0 0 0 1 1 
acm fire 6 0 2 4 5 5 5 5 5 5 6 7 7 7 7 7 7 7 7 7 7 7 7 7 7 7 7 7 8 9 10 11 12 12 12 12 13 13 14 15 15 15 15 15 15 15 15 15 
acm human 6 0 16 31 37 42 47 50 52 54 57 58 60 61 61 61 61 61 61 61 61 61 61 61 61 61 61 61 61 61 61 61 61 61 61 61 61 61 61 61 61 61 61 61 61 61 61 61 
acm window 6 0 7 14 15 15 15 15 15 15 15 15 15 15 15 15 15 15 16 17 18 19 19 19 19 19 19 19 19 19 19 19 19 19 19 19 20 21 22 23 24 25 25 25 25 25 26 27 
tsim fire 6 0 2 2 2 2 2 2 2 2 3 3 3 3 3 3 3 3 3 3 3 3 3 3 3 3 3 3 4 4 4 4 4 4 4 4 5 5 6 6 6 6 6 6 6 6 6 6 
tsim human 6 0 16 15 15 15 15 14 12 12 11 9 9 8 7 7 7 7 7 7 7 7 7 7 7 7 7 7 7 7 7 7 7 7 7 7 7 7 7 7 7 7 7 7 7 7 7 7 
tsim window 6 0 7 7 7 7 7 7 7 7 7 7 7 7 7 7 7 7 8 8 8 8 8 8 8 8 8 8 10 10 10 10 10 10 10 10 11 11 11 11 11 11 11 11 11 11 13 13 
task_num -1 6 0 369
runtime -1 6 0 0.8560011386871338 0.6586050987243652 0.5427303314208984 0.5336904525756836 0.6144993305206299 0.5533914566040039 0.7313275337219238 0.7416362762451172 0.343292236328125 
avg_run -1 6 0 0.6194637616475424
al_time -1 6 0 0.016037940979003906 0.012697458267211914 0.012534379959106445 0.017695188522338867 0.019670963287353516 0.539717435836792 0.01674795150756836 0.01679062843322754 0.016935348510742188 
avg_all -1 6 0 0.07431414392259386
sum 0 7 0 60 49 
sum 1 7 0 180 62 
sum 2 7 0 240 67 
sum 3 7 0 360 72 
sum 4 7 0 540 80 
sum 5 7 0 600 82 
sum 6 7 0 900 83 
sum 7 7 0 1200 84 
sum 8 7 0 1500 84 
sum 9 7 0 1800 85 
sum 10 7 0 2100 88 
sum 11 7 0 2400 90 
sum 12 7 0 2700 92 
miss fire 7 0 2 2 1 0 0 0 0 0 1 1 0 0 0 0 0 0 0 0 0 0 0 0 0 0 0 0 1 0 0 0 0 0 0 0 1 1 1 1 0 0 0 0 0 0 0 0 
miss human 7 0 16 15 6 5 5 3 2 2 3 1 2 1 0 0 0 0 0 0 0 0 0 0 0 0 0 0 0 0 0 0 0 0 0 0 0 0 0 0 0 0 0 0 0 0 0 0 
miss window 7 0 7 7 1 0 0 0 0 0 0 0 0 0 0 0 0 0 1 0 0 0 0 0 0 0 0 0 0 0 0 0 0 0 0 0 1 0 0 0 0 0 0 0 0 0 1 1 
acm fire 7 0 2 4 5 5 5 5 5 5 6 7 7 7 7 7 7 7 7 7 7 7 7 7 7 7 7 7 8 8 8 8 8 8 8 8 9 10 11 12 12 12 12 12 12 12 12 12 
acm human 7 0 16 31 37 42 47 50 52 54 57 58 60 61 61 61 61 61 61 61 61 61 61 61 61 61 61 61 61 61 61 61 61 61 61 61 61 61 61 61 61 61 61 61 61 61 61 61 
acm window 7 0 7 14 15 15 15 15 15 15 15 15 15 15 15 15 15 15 16 16 16 16 16 16 16 16 16 16 16 16 16 16 16 16 16 16 17 17 17 17 17 17 17 17 17 17 18 19 
tsim fire 7 0 2 2 2 2 2 2 2 2 3 3 3 3 3 3 3 3 3 3 3 3 3 3 3 3 3 3 4 4 4 4 4 4 4 4 5 5 6 6 6 6 6 6 6 6 6 6 
tsim human 7 0 16 15 15 15 15 14 12 12 11 9 9 8 7 7 7 7 7 7 7 7 7 7 7 7 7 7 7 7 7 7 7 7 7 7 7 7 7 7 7 7 7 7 7 7 7 7 
tsim window 7 0 7 7 7 7 7 7 7 7 7 7 7 7 7 7 7 7 8 8 8 8 8 8 8 8 8 8 10 10 10 10 10 10 10 10 11 11 11 11 11 11 11 11 11 11 13 13 
task_num -1 7 0 369
runtime -1 7 0 1.2848560810089111 0.700667142868042 0.6863985061645508 0.5968079566955566 0.6272985935211182 0.5380234718322754 0.8475408554077148 0.7996337413787842 0.5661680698394775 
avg_run -1 7 0 0.7385993798573812
al_time -1 7 0 0.016936779022216797 0.012718677520751953 0.0125274658203125 0.01476144790649414 0.019324302673339844 0.5352978706359863 0.021876811981201172 0.015218496322631836 0.0171356201171875 
avg_all -1 7 0 0.07397749688890246
sum 0 8 0 60 49 
sum 1 8 0 180 70 
sum 2 8 0 240 77 
sum 3 8 0 360 87 
sum 4 8 0 540 95 
sum 5 8 0 600 97 
sum 6 8 0 900 98 
sum 7 8 0 1200 101 
sum 8 8 0 1500 101 
sum 9 8 0 1800 103 
sum 10 8 0 2100 106 
sum 11 8 0 2400 110 
sum 12 8 0 2700 114 
miss fire 8 0 2 2 2 1 1 1 0 0 1 1 1 0 0 0 0 0 0 0 0 0 0 0 0 0 0 0 1 1 0 0 0 0 0 0 1 0 1 0 0 0 0 0 0 0 0 0 
miss human 8 0 16 15 7 5 5 4 4 3 2 1 1 1 0 0 0 0 0 0 0 0 0 0 0 0 0 0 0 0 0 0 0 0 0 0 0 0 0 0 0 0 0 0 0 0 0 0 
miss window 8 0 7 7 5 1 1 1 0 0 0 0 0 0 0 0 0 0 1 1 1 0 0 0 0 0 0 0 0 0 0 0 0 0 0 0 1 1 1 1 1 0 0 0 0 0 2 2 
acm fire 8 0 2 4 6 7 8 9 9 9 10 11 12 12 12 12 12 12 12 12 12 12 12 12 12 12 12 12 13 14 14 14 14 14 14 14 15 15 16 16 16 16 16 16 16 16 16 16 
acm human 8 0 16 31 38 43 48 52 56 59 61 62 63 64 64 64 64 64 64 64 64 64 64 64 64 64 64 64 64 64 64 64 64 64 64 64 64 64 64 64 64 64 64 64 64 64 64 64 
acm window 8 0 7 14 19 20 21 22 22 22 22 22 22 22 22 22 22 22 23 24 25 25 25 25 25 25 25 25 25 25 25 25 25 25 25 25 26 27 28 29 30 30 30 30 30 30 32 34 
tsim fire 8 0 2 2 2 2 2 2 2 2 3 3 3 3 3 3 3 3 3 3 3 3 3 3 3 3 3 3 4 4 4 4 4 4 4 4 5 5 6 6 6 6 6 6 6 6 6 6 
tsim human 8 0 16 15 15 15 15 14 12 12 11 9 9 8 7 7 7 7 7 7 7 7 7 7 7 7 7 7 7 7 7 7 7 7 7 7 7 7 7 7 7 7 7 7 7 7 7 7 
tsim window 8 0 7 7 7 7 7 7 7 7 7 7 7 7 7 7 7 7 8 8 8 8 8 8 8 8 8 8 10 10 10 10 10 10 10 10 11 11 11 11 11 11 11 11 11 11 13 13 
task_num -1 8 0 369
runtime -1 8 0 1.2844223976135254 0.8609275817871094 0.6580312252044678 0.6570773124694824 0.5796301364898682 0.5516347885131836 0.7412025928497314 0.777184247970581 0.6664130687713623 
avg_run -1 8 0 0.752947039074368
al_time -1 8 0 0.019697189331054688 0.013669967651367188 0.014297723770141602 0.014375925064086914 0.04862618446350098 0.5399439334869385 0.023497343063354492 0.015838623046875 0.051183223724365234 
avg_all -1 8 0 0.08234779040018718
sum 0 9 0 60 49 
sum 1 9 0 180 67 
sum 2 9 0 240 71 
sum 3 9 0 360 77 
sum 4 9 0 540 84 
sum 5 9 0 600 85 
sum 6 9 0 900 86 
sum 7 9 0 1200 88 
sum 8 9 0 1500 88 
sum 9 9 0 1800 90 
sum 10 9 0 2100 93 
sum 11 9 0 2400 95 
sum 12 9 0 2700 97 
miss fire 9 0 2 2 0 0 0 0 0 0 1 0 0 0 0 0 0 0 0 0 0 0 0 0 0 0 0 0 1 1 0 0 0 0 0 0 1 0 1 0 0 0 0 0 0 0 0 0 
miss human 9 0 16 15 10 5 4 3 3 3 2 1 1 1 0 0 0 0 0 0 0 0 0 0 0 0 0 0 0 0 0 0 0 0 0 0 0 0 0 0 0 0 0 0 0 0 0 0 
miss window 9 0 7 7 3 0 0 0 0 0 0 0 0 0 0 0 0 0 1 1 0 0 0 0 0 0 0 0 0 0 0 0 0 0 0 0 1 1 1 0 0 0 0 0 0 0 1 1 
acm fire 9 0 2 4 4 4 4 4 4 4 5 5 5 5 5 5 5 5 5 5 5 5 5 5 5 5 5 5 6 7 7 7 7 7 7 7 8 8 9 9 9 9 9 9 9 9 9 9 
acm human 9 0 16 31 41 46 50 53 56 59 61 62 63 64 64 64 64 64 64 64 64 64 64 64 64 64 64 64 64 64 64 64 64 64 64 64 64 64 64 64 64 64 64 64 64 64 64 64 
acm window 9 0 7 14 17 17 17 17 17 17 17 17 17 17 17 17 17 17 18 19 19 19 19 19 19 19 19 19 19 19 19 19 19 19 19 19 20 21 22 22 22 22 22 22 22 22 23 24 
tsim fire 9 0 2 2 2 2 2 2 2 2 3 3 3 3 3 3 3 3 3 3 3 3 3 3 3 3 3 3 4 4 4 4 4 4 4 4 5 5 6 6 6 6 6 6 6 6 6 6 
tsim human 9 0 16 15 15 15 15 14 12 12 11 9 9 8 7 7 7 7 7 7 7 7 7 7 7 7 7 7 7 7 7 7 7 7 7 7 7 7 7 7 7 7 7 7 7 7 7 7 
tsim window 9 0 7 7 7 7 7 7 7 7 7 7 7 7 7 7 7 7 8 8 8 8 8 8 8 8 8 8 10 10 10 10 10 10 10 10 11 11 11 11 11 11 11 11 11 11 13 13 
task_num -1 9 0 369
runtime -1 9 0 0.6513290405273438 0.6153225898742676 0.6278388500213623 0.6045663356781006 0.6383769512176514 0.5787472724914551 0.6766231060028076 0.7908704280853271 0.6806540489196777 
avg_run -1 9 0 0.6515920692019992
al_time -1 9 0 0.0184171199798584 0.012581586837768555 0.012677669525146484 0.012685537338256836 0.019163846969604492 0.5629594326019287 0.020053386688232422 0.014936447143554688 0.01940631866455078 
avg_all -1 9 0 0.07698681619432238
sum 0 10 0 60 49 
sum 1 10 0 180 66 
sum 2 10 0 240 71 
sum 3 10 0 360 79 
sum 4 10 0 540 86 
sum 5 10 0 600 87 
sum 6 10 0 900 88 
sum 7 10 0 1200 90 
sum 8 10 0 1500 90 
sum 9 10 0 1800 91 
sum 10 10 0 2100 94 
sum 11 10 0 2400 96 
sum 12 10 0 2700 100 
miss fire 10 0 2 2 0 0 0 0 0 0 1 0 0 0 0 0 0 0 0 0 0 0 0 0 0 0 0 0 1 0 0 0 0 0 0 0 1 0 1 0 0 0 0 0 0 0 0 0 
miss human 10 0 16 15 9 5 5 4 4 3 2 1 1 1 0 0 0 0 0 0 0 0 0 0 0 0 0 0 0 0 0 0 0 0 0 0 0 0 0 0 0 0 0 0 0 0 0 0 
miss window 10 0 7 7 3 0 0 0 0 0 0 0 0 0 0 0 0 0 1 1 0 0 0 0 0 0 0 0 0 0 0 0 0 0 0 0 1 1 1 0 0 0 0 0 0 0 2 2 
acm fire 10 0 2 4 4 4 4 4 4 4 5 5 5 5 5 5 5 5 5 5 5 5 5 5 5 5 5 5 6 6 6 6 6 6 6 6 7 7 8 8 8 8 8 8 8 8 8 8 
acm human 10 0 16 31 40 45 50 54 58 61 63 64 65 66 66 66 66 66 66 66 66 66 66 66 66 66 66 66 66 66 66 66 66 66 66 66 66 66 66 66 66 66 66 66 66 66 66 66 
acm window 10 0 7 14 17 17 17 17 17 17 17 17 17 17 17 17 17 17 18 19 19 19 19 19 19 19 19 19 19 19 19 19 19 19 19 19 20 21 22 22 22 22 22 22 22 22 24 26 
tsim fire 10 0 2 2 2 2 2 2 2 2 3 3 3 3 3 3 3 3 3 3 3 3 3 3 3 3 3 3 4 4 4 4 4 4 4 4 5 5 6 6 6 6 6 6 6 6 6 6 
tsim human 10 0 16 15 15 15 15 14 12 12 11 9 9 8 7 7 7 7 7 7 7 7 7 7 7 7 7 7 7 7 7 7 7 7 7 7 7 7 7 7 7 7 7 7 7 7 7 7 
tsim window 10 0 7 7 7 7 7 7 7 7 7 7 7 7 7 7 7 7 8 8 8 8 8 8 8 8 8 8 10 10 10 10 10 10 10 10 11 11 11 11 11 11 11 11 11 11 13 13 
task_num -1 10 0 369
runtime -1 10 0 0.7804524898529053 0.6672754287719727 0.7433946132659912 0.6919059753417969 0.5816648006439209 0.6850521564483643 0.7396590709686279 0.8311104774475098 0.9953417778015137 
avg_run -1 10 0 0.7462063100602891
al_time -1 10 0 0.05076313018798828 0.013579845428466797 0.014766931533813477 0.013999700546264648 0.027146100997924805 0.5712642669677734 0.02619767189025879 0.016541004180908203 0.02192234992980957 
avg_all -1 10 0 0.084020111295912
sum 0 11 0 60 49 
sum 1 11 0 180 74 
sum 2 11 0 240 81 
sum 3 11 0 360 90 
sum 4 11 0 540 99 
sum 5 11 0 600 100 
sum 6 11 0 900 106 
sum 7 11 0 1200 108 
sum 8 11 0 1500 108 
sum 9 11 0 1800 111 
sum 10 11 0 2100 115 
sum 11 11 0 2400 122 
sum 12 11 0 2700 129 
miss fire 11 0 2 2 1 1 0 0 0 0 1 0 0 0 0 0 0 0 0 0 0 0 0 0 0 0 0 0 1 1 1 0 0 0 0 0 1 1 1 1 0 0 0 0 0 0 0 0 
miss human 11 0 16 15 10 7 6 5 4 3 4 1 1 0 3 3 0 0 0 0 0 0 0 0 0 0 0 0 0 0 0 0 0 0 0 0 0 0 0 0 0 0 0 0 0 0 0 0 
miss window 11 0 7 7 3 3 1 0 0 0 0 0 0 0 0 0 0 0 1 1 0 0 0 0 0 0 0 0 0 0 0 0 0 0 0 0 1 1 1 1 1 1 1 1 1 1 2 2 
acm fire 11 0 2 4 5 6 6 6 6 6 7 7 7 7 7 7 7 7 7 7 7 7 7 7 7 7 7 7 8 9 10 10 10 10 10 10 11 12 13 14 14 14 14 14 14 14 14 14 
acm human 11 0 16 31 41 48 54 59 63 66 70 71 72 72 75 78 78 78 78 78 78 78 78 78 78 78 78 78 78 78 78 78 78 78 78 78 78 78 78 78 78 78 78 78 78 78 78 78 
acm window 11 0 7 14 17 20 21 21 21 21 21 21 21 21 21 21 21 21 22 23 23 23 23 23 23 23 23 23 23 23 23 23 23 23 23 23 24 25 26 27 28 29 30 31 32 33 35 37 
tsim fire 11 0 2 2 2 2 2 2 2 2 3 3 3 3 3 3 3 3 3 3 3 3 3 3 3 3 3 3 4 4 4 4 4 4 4 4 5 5 6 6 6 6 6 6 6 6 6 6 
tsim human 11 0 16 15 15 15 15 14 12 12 11 9 9 8 7 7 7 7 7 7 7 7 7 7 7 7 7 7 7 7 7 7 7 7 7 7 7 7 7 7 7 7 7 7 7 7 7 7 
tsim window 11 0 7 7 7 7 7 7 7 7 7 7 7 7 7 7 7 7 8 8 8 8 8 8 8 8 8 8 10 10 10 10 10 10 10 10 11 11 11 11 11 11 11 11 11 11 13 13 
task_num -1 11 0 366
runtime -1 11 0 0.012992143630981445 0.012841224670410156 0.037458181381225586 0.01288151741027832 0.012856721878051758 0.017460107803344727 0.017634153366088867 0.01741814613342285 
avg_run -1 11 0 0.017692774534225464
al_time -1 11 0 0.020228862762451172 0.01629924774169922 0.013891458511352539 0.02076125144958496 0.5389113426208496 0.02207350730895996 0.01510477066040039 0.04413485527038574 
avg_all -1 11 0 0.08642566204071045
sum 0 12 0 60 49 
sum 1 12 0 180 68 
sum 2 12 0 240 76 
sum 3 12 0 360 88 
sum 4 12 0 540 101 
sum 5 12 0 600 104 
sum 6 12 0 900 108 
sum 7 12 0 1200 112 
sum 8 12 0 1500 112 
sum 9 12 0 1800 113 
sum 10 12 0 2100 117 
sum 11 12 0 2400 128 
sum 12 12 0 2700 134 
miss fire 12 0 2 2 0 0 0 0 0 0 1 0 0 0 0 0 0 0 0 0 0 0 0 0 0 0 0 0 1 0 0 0 0 0 0 0 1 1 2 2 1 1 1 1 1 0 0 0 
miss human 12 0 16 15 5 4 4 3 3 3 4 2 2 2 1 0 0 0 0 0 0 0 0 0 0 0 0 0 0 0 0 0 0 0 0 0 0 0 0 0 0 0 0 0 0 0 0 0 
miss window 12 0 7 7 6 4 4 4 2 1 1 1 1 1 0 0 0 0 1 1 1 1 0 0 0 0 0 0 0 0 0 0 0 0 0 0 1 1 1 1 1 1 0 0 0 0 2 2 
acm fire 12 0 2 4 4 4 4 4 4 4 5 5 5 5 5 5 5 5 5 5 5 5 5 5 5 5 5 5 6 6 6 6 6 6 6 6 7 8 10 12 13 14 15 16 17 17 17 17 
acm human 12 0 16 31 36 40 44 47 50 53 57 59 61 63 64 64 64 64 64 64 64 64 64 64 64 64 64 64 64 64 64 64 64 64 64 64 64 64 64 64 64 64 64 64 64 64 64 64 
acm window 12 0 7 14 20 24 28 32 34 35 36 37 38 39 39 39 39 39 40 41 42 43 43 43 43 43 43 43 43 43 43 43 43 43 43 43 44 45 46 47 48 49 49 49 49 49 51 53 
tsim fire 12 0 2 2 2 2 2 2 2 2 3 3 3 3 3 3 3 3 3 3 3 3 3 3 3 3 3 3 4 4 4 4 4 4 4 4 5 5 6 6 6 6 6 6 6 6 6 6 
tsim human 12 0 16 15 15 15 15 14 12 12 11 9 9 8 7 7 7 7 7 7 7 7 7 7 7 7 7 7 7 7 7 7 7 7 7 7 7 7 7 7 7 7 7 7 7 7 7 7 
tsim window 12 0 7 7 7 7 7 7 7 7 7 7 7 7 7 7 7 7 8 8 8 8 8 8 8 8 8 8 10 10 10 10 10 10 10 10 11 11 11 11 11 11 11 11 11 11 13 13 
task_num -1 12 0 364
runtime -1 12 0 0.012437582015991211 0.012400388717651367 0.012183666229248047 0.016129732131958008 0.016021728515625 0.016140460968017578 0.015883922576904297 
avg_run -1 12 0 0.014456783022199358
al_time -1 12 0 0.020723581314086914 0.01966094970703125 1.0501313209533691 0.022391557693481445 0.016487836837768555 0.018324851989746094 0.012425899505615234 
avg_all -1 12 0 0.16573514257158553
sum 0 13 0 60 49 
sum 1 13 0 180 72 
sum 2 13 0 240 80 
sum 3 13 0 360 88 
sum 4 13 0 540 98 
sum 5 13 0 600 100 
sum 6 13 0 900 101 
sum 7 13 0 1200 104 
sum 8 13 0 1500 104 
sum 9 13 0 1800 106 
sum 10 13 0 2100 108 
sum 11 13 0 2400 111 
sum 12 13 0 2700 115 
miss fire 13 0 2 2 0 0 0 0 0 0 1 1 1 0 0 0 0 0 0 0 0 0 0 0 0 0 0 0 1 1 0 0 0 0 0 0 1 0 1 1 1 0 0 0 0 0 0 0 
miss human 13 0 16 15 5 5 4 3 3 3 4 1 1 1 0 0 0 0 0 0 0 0 0 0 0 0 0 0 0 0 0 0 0 0 0 0 0 0 0 0 0 0 0 0 0 0 0 0 
miss window 13 0 7 7 7 6 4 1 1 0 0 0 0 0 0 0 0 0 1 1 1 0 0 0 0 0 0 0 0 0 0 0 0 0 0 0 1 0 0 0 0 0 0 0 0 0 2 2 
acm fire 13 0 2 4 4 4 4 4 4 4 5 6 7 7 7 7 7 7 7 7 7 7 7 7 7 7 7 7 8 9 9 9 9 9 9 9 10 10 11 12 13 13 13 13 13 13 13 13 
acm human 13 0 16 31 36 41 45 48 51 54 58 59 60 61 61 61 61 61 61 61 61 61 61 61 61 61 61 61 61 61 61 61 61 61 61 61 61 61 61 61 61 61 61 61 61 61 61 61 
acm window 13 0 7 14 21 27 31 32 33 33 33 33 33 33 33 33 33 33 34 35 36 36 36 36 36 36 36 36 36 36 36 36 36 36 36 36 37 37 37 37 37 37 37 37 37 37 39 41 
tsim fire 13 0 2 2 2 2 2 2 2 2 3 3 3 3 3 3 3 3 3 3 3 3 3 3 3 3 3 3 4 4 4 4 4 4 4 4 5 5 6 6 6 6 6 6 6 6 6 6 
tsim human 13 0 16 15 15 15 15 14 12 12 11 9 9 8 7 7 7 7 7 7 7 7 7 7 7 7 7 7 7 7 7 7 7 7 7 7 7 7 7 7 7 7 7 7 7 7 7 7 
tsim window 13 0 7 7 7 7 7 7 7 7 7 7 7 7 7 7 7 7 8 8 8 8 8 8 8 8 8 8 10 10 10 10 10 10 10 10 11 11 11 11 11 11 11 11 11 11 13 13 
task_num -1 13 0 369
runtime -1 13 0 0.8050525188446045 0.5863590240478516 0.634258508682251 0.5431246757507324 0.5745179653167725 0.7171750068664551 0.6042282581329346 0.40911197662353516 
avg_run -1 13 0 0.6092284917831421
al_time -1 13 0 0.02373504638671875 0.014528274536132812 0.0175321102142334 0.023729562759399414 0.5383133888244629 0.02194046974182129 0.0415346622467041 0.015895843505859375 
avg_all -1 13 0 0.0871511697769165
random:1T:2700
sum 0 0 1 60 22 
sum 1 0 1 180 30 
sum 2 0 1 240 31 
sum 3 0 1 360 41 
sum 4 0 1 540 47 
sum 5 0 1 600 48 
sum 6 0 1 900 55 
sum 7 0 1 1200 56 
sum 8 0 1 1500 56 
sum 9 0 1 1800 58 
sum 10 0 1 2100 60 
sum 11 0 1 2400 67 
sum 12 0 1 2700 71 
miss fire 0 1 1 1 0 0 0 3 4 1 1 0 0 0 0 0 0 0 0 0 0 0 0 0 0 0 0 0 0 0 0 1 1 1 1 0 0 0 1 1 2 1 1 0 0 2 0 0 
miss human 0 1 7 7 4 3 1 1 2 2 1 1 1 1 1 0 0 0 0 0 0 0 0 0 0 0 0 0 0 0 0 0 0 0 0 0 0 0 0 0 0 0 0 0 0 0 0 0 
miss window 0 1 3 3 1 0 0 0 0 0 0 0 0 0 0 0 3 2 1 0 0 0 0 0 0 0 0 0 0 0 0 0 0 0 0 0 0 0 1 0 0 0 0 0 0 0 1 1 
acm fire 0 1 1 2 2 2 2 5 9 10 11 11 11 11 11 11 11 11 11 11 11 11 11 11 11 11 11 11 11 11 11 12 13 14 15 15 15 15 16 17 19 20 21 21 21 23 23 23 
acm human 0 1 7 14 18 21 22 23 25 27 28 29 30 31 32 32 32 32 32 32 32 32 32 32 32 32 32 32 32 32 32 32 32 32 32 32 32 32 32 32 32 32 32 32 32 32 32 32 
acm window 0 1 3 6 7 7 7 7 7 7 7 7 7 7 7 7 10 12 13 13 13 13 13 13 13 13 13 13 13 13 13 13 13 13 13 13 13 13 14 14 14 14 14 14 14 14 15 16 
tsim fire 0 1 1 1 1 1 1 4 5 5 5 5 5 5 5 5 5 5 5 5 5 5 5 5 5 5 5 5 5 5 5 6 6 6 6 5 5 5 6 6 7 7 7 7 7 9 9 9 
tsim human 0 1 7 7 6 6 5 5 6 6 5 5 5 5 5 4 4 4 4 4 4 4 4 4 4 4 4 4 4 4 4 4 4 4 4 4 4 4 4 4 4 4 4 4 4 4 4 4 
tsim window 0 1 3 3 3 3 3 3 6 6 6 6 6 6 6 6 9 10 10 10 10 10 10 10 10 10 10 10 10 10 10 10 10 10 10 10 10 10 11 11 16 16 16 16 16 16 17 17 
task_num -1 0 1 374
runtime -1 0 1 0.2042102813720703 0.2263505458831787 0.22373604774475098 0.22771477699279785 0.22885870933532715 0.22846126556396484 0.23474454879760742 0.2333686351776123 0.14798784255981445 0.10165858268737793 0.03633236885070801 
avg_run -1 0 1 0.19031123681501907
al_time -1 0 1 0.012250185012817383 0.010849237442016602 0.5098669528961182 0.019284725189208984 0.0182037353515625 0.013438701629638672 0.01446843147277832 1.0289630889892578 0.015017509460449219 0.016968965530395508 0.013823747634887695 
avg_all -1 0 1 0.1521032073281028
sum 0 1 1 60 22 
sum 1 1 1 180 34 
sum 2 1 1 240 36 
sum 3 1 1 360 46 
sum 4 1 1 540 50 
sum 5 1 1 600 51 
sum 6 1 1 900 58 
sum 7 1 1 1200 64 
sum 8 1 1 1500 64 
sum 9 1 1 1800 66 
sum 10 1 1 2100 68 
sum 11 1 1 2400 79 
sum 12 1 1 2700 85 
miss fire 1 1 1 1 0 0 0 3 4 0 0 0 0 0 0 0 0 0 0 0 0 0 0 0 0 0 0 0 0 0 0 1 1 1 1 0 0 0 1 1 2 1 1 0 0 2 1 1 
miss human 1 1 7 7 5 4 2 1 2 2 1 1 1 1 1 0 0 0 0 0 0 0 0 0 0 0 0 0 0 0 0 0 0 0 0 0 0 0 0 0 0 0 0 0 0 0 0 0 
miss window 1 1 3 3 2 1 0 0 0 0 0 0 0 0 0 0 3 2 2 2 1 1 0 0 0 0 0 0 0 0 0 0 0 0 0 0 0 0 1 1 1 1 1 0 0 0 1 1 
acm fire 1 1 1 2 2 2 2 5 9 9 9 9 9 9 9 9 9 9 9 9 9 9 9 9 9 9 9 9 9 9 9 10 11 12 13 13 13 13 14 15 17 18 19 19 19 21 22 23 
acm human 1 1 7 14 19 23 25 26 28 30 31 32 33 34 35 35 35 35 35 35 35 35 35 35 35 35 35 35 35 35 35 35 35 35 35 35 35 35 35 35 35 35 35 35 35 35 35 35 
acm window 1 1 3 6 8 9 9 9 9 9 9 9 9 9 9 9 12 14 16 18 19 20 20 20 20 20 20 20 20 20 20 20 20 20 20 20 20 20 21 22 23 24 25 25 25 25 26 27 
tsim fire 1 1 1 1 1 1 1 4 5 5 5 5 5 5 5 5 5 5 5 5 5 5 5 5 5 5 5 5 5 5 5 6 6 6 6 5 5 5 6 6 7 7 7 7 7 9 9 9 
tsim human 1 1 7 7 6 6 5 5 6 6 5 5 5 5 5 4 4 4 4 4 4 4 4 4 4 4 4 4 4 4 4 4 4 4 4 4 4 4 4 4 4 4 4 4 4 4 4 4 
tsim window 1 1 3 3 3 3 3 3 6 6 6 6 6 6 6 6 9 10 10 10 10 10 10 10 10 10 10 10 10 10 10 10 10 10 10 10 10 10 11 11 16 16 16 16 16 16 17 17 
task_num -1 1 1 375
runtime -1 1 1 0.472304105758667 0.3429596424102783 0.249786376953125 0.30305981636047363 0.3179435729980469 0.30585455894470215 0.32695674896240234 0.37602829933166504 0.18270301818847656 0.1265115737915039 
avg_run -1 1 1 0.3004107713699341
al_time -1 1 1 0.012485265731811523 0.6132142543792725 0.01227259635925293 0.012473583221435547 0.02001023292541504 0.021405696868896484 0.01356816291809082 0.01576709747314453 1.013895034790039 0.016132593154907227 
avg_all -1 1 1 0.17512245178222657
sum 0 2 1 60 22 
sum 1 2 1 180 31 
sum 2 2 1 240 33 
sum 3 2 1 360 43 
sum 4 2 1 540 50 
sum 5 2 1 600 51 
sum 6 2 1 900 59 
sum 7 2 1 1200 65 
sum 8 2 1 1500 65 
sum 9 2 1 1800 67 
sum 10 2 1 2100 69 
sum 11 2 1 2400 75 
sum 12 2 1 2700 81 
miss fire 2 1 1 1 0 0 0 3 3 3 0 0 0 0 0 0 0 0 0 0 0 0 0 0 0 0 0 0 0 0 0 1 1 1 1 0 0 0 1 1 1 1 0 0 0 2 1 1 
miss human 2 1 7 7 3 3 2 2 2 2 1 1 1 1 1 0 0 0 0 0 0 0 0 0 0 0 0 0 0 0 0 0 0 0 0 0 0 0 0 0 0 0 0 0 0 0 0 0 
miss window 2 1 3 3 2 1 0 0 0 0 0 0 0 0 0 0 3 3 2 2 1 1 0 0 0 0 0 0 0 0 0 0 0 0 0 0 0 0 1 1 0 0 0 0 0 0 1 1 
acm fire 2 1 1 2 2 2 2 5 8 11 11 11 11 11 11 11 11 11 11 11 11 11 11 11 11 11 11 11 11 11 11 12 13 14 15 15 15 15 16 17 18 19 19 19 19 21 22 23 
acm human 2 1 7 14 17 20 22 24 26 28 29 30 31 32 33 33 33 33 33 33 33 33 33 33 33 33 33 33 33 33 33 33 33 33 33 33 33 33 33 33 33 33 33 33 33 33 33 33 
acm window 2 1 3 6 8 9 9 9 9 9 9 9 9 9 9 9 12 15 17 19 20 21 21 21 21 21 21 21 21 21 21 21 21 21 21 21 21 21 22 23 23 23 23 23 23 23 24 25 
tsim fire 2 1 1 1 1 1 1 4 5 5 5 5 5 5 5 5 5 5 5 5 5 5 5 5 5 5 5 5 5 5 5 6 6 6 6 5 5 5 6 6 7 7 7 7 7 9 9 9 
tsim human 2 1 7 7 6 6 5 5 6 6 5 5 5 5 5 4 4 4 4 4 4 4 4 4 4 4 4 4 4 4 4 4 4 4 4 4 4 4 4 4 4 4 4 4 4 4 4 4 
tsim window 2 1 3 3 3 3 3 3 6 6 6 6 6 6 6 6 9 10 10 10 10 10 10 10 10 10 10 10 10 10 10 10 10 10 10 10 10 10 11 11 16 16 16 16 16 16 17 17 
task_num -1 2 1 374
runtime -1 2 1 0.6385324001312256 1.3408832550048828 0.32367444038391113 0.5464603900909424 0.28582286834716797 0.29131507873535156 0.2633359432220459 0.19750618934631348 0.4209892749786377 0.09811234474182129 
avg_run -1 2 1 0.44066321849823
al_time -1 2 1 0.014682531356811523 0.5952894687652588 0.02146172523498535 0.022886037826538086 0.012421369552612305 0.016597986221313477 0.013022899627685547 1.0046653747558594 0.017473459243774414 0.010459661483764648 
avg_all -1 2 1 0.17289605140686035
sum 0 3 1 60 22 
sum 1 3 1 180 33 
sum 2 3 1 240 36 
sum 3 3 1 360 47 
sum 4 3 1 540 53 
sum 5 3 1 600 54 
sum 6 3 1 900 63 
sum 7 3 1 1200 79 
sum 8 3 1 1500 87 
sum 9 3 1 1800 89 
sum 10 3 1 2100 91 
sum 11 3 1 2400 99 
sum 12 3 1 2700 105 
miss fire 3 1 1 1 1 0 0 3 3 1 1 0 0 0 0 0 0 0 0 0 0 0 0 0 0 0 0 0 0 0 0 1 1 1 1 0 0 0 1 1 2 1 1 0 0 2 2 2 
miss human 3 1 7 7 3 3 2 2 3 2 1 1 1 1 1 0 0 0 0 0 0 0 0 0 0 0 0 0 0 0 0 0 0 0 0 0 0 0 0 0 0 0 0 0 0 0 0 0 
miss window 3 1 3 3 3 1 1 0 0 0 0 0 0 0 0 0 3 4 4 3 3 3 3 3 3 2 0 0 0 0 0 0 0 0 0 0 0 0 1 1 0 0 0 0 0 0 0 0 
acm fire 3 1 1 2 3 3 3 6 9 10 11 11 11 11 11 11 11 11 11 11 11 11 11 11 11 11 11 11 11 11 11 12 13 14 15 15 15 15 16 17 19 20 21 21 21 23 25 27 
acm human 3 1 7 14 17 20 22 24 27 29 30 31 32 33 34 34 34 34 34 34 34 34 34 34 34 34 34 34 34 34 34 34 34 34 34 34 34 34 34 34 34 34 34 34 34 34 34 34 
acm window 3 1 3 6 9 10 11 11 11 11 11 11 11 11 11 11 14 18 22 25 28 31 34 37 40 42 42 42 42 42 42 42 42 42 42 42 42 42 43 44 44 44 44 44 44 44 44 44 
tsim fire 3 1 1 1 1 1 1 4 5 5 5 5 5 5 5 5 5 5 5 5 5 5 5 5 5 5 5 5 5 5 5 6 6 6 6 5 5 5 6 6 7 7 7 7 7 9 9 9 
tsim human 3 1 7 7 6 6 5 5 6 6 5 5 5 5 5 4 4 4 4 4 4 4 4 4 4 4 4 4 4 4 4 4 4 4 4 4 4 4 4 4 4 4 4 4 4 4 4 4 
tsim window 3 1 3 3 3 3 3 3 6 6 6 6 6 6 6 6 9 10 10 10 10 10 10 10 10 10 10 10 10 10 10 10 10 10 10 10 10 10 11 11 16 16 16 16 16 16 17 17 
task_num -1 3 1 371
runtime -1 3 1 0.008710861206054688 0.010632514953613281 0.010650873184204102 0.010610103607177734 0.010595083236694336 0.03147006034851074 0.010690689086914062 0.010564565658569336 0.012106657028198242 
avg_run -1 3 1 0.012892378701104058
al_time -1 3 1 0.8888459205627441 0.015140295028686523 0.02159905433654785 0.02127695083618164 0.016257047653198242 0.017451047897338867 0.01807713508605957 0.9840872287750244 0.043144941329956055 
avg_all -1 3 1 0.2250977357228597
sum 0 4 1 60 22 
sum 1 4 1 180 33 
sum 2 4 1 240 34 
sum 3 4 1 360 44 
sum 4 4 1 540 48 
sum 5 4 1 600 49 
sum 6 4 1 900 57 
sum 7 4 1 1200 66 
sum 8 4 1 1500 66 
sum 9 4 1 1800 68 
sum 10 4 1 2100 70 
sum 11 4 1 2400 75 
sum 12 4 1 2700 81 
miss fire 4 1 1 1 0 0 0 3 4 0 0 0 0 0 0 0 0 0 0 0 0 0 0 0 0 0 0 0 0 0 0 1 1 1 1 0 0 0 1 0 1 0 0 0 0 2 1 1 
miss human 4 1 7 7 4 4 1 1 2 2 1 1 1 1 1 0 0 0 0 0 0 0 0 0 0 0 0 0 0 0 0 0 0 0 0 0 0 0 0 0 0 0 0 0 0 0 0 0 
miss window 4 1 3 3 2 1 0 0 0 0 0 0 0 0 0 0 3 3 3 3 3 0 0 0 0 0 0 0 0 0 0 0 0 0 0 0 0 0 1 1 1 0 0 0 0 0 1 1 
acm fire 4 1 1 2 2 2 2 5 9 9 9 9 9 9 9 9 9 9 9 9 9 9 9 9 9 9 9 9 9 9 9 10 11 12 13 13 13 13 14 14 15 15 15 15 15 17 18 19 
acm human 4 1 7 14 18 22 23 24 26 28 29 30 31 32 33 33 33 33 33 33 33 33 33 33 33 33 33 33 33 33 33 33 33 33 33 33 33 33 33 33 33 33 33 33 33 33 33 33 
acm window 4 1 3 6 8 9 9 9 9 9 9 9 9 9 9 9 12 15 18 21 24 24 24 24 24 24 24 24 24 24 24 24 24 24 24 24 24 24 25 26 27 27 27 27 27 27 28 29 
tsim fire 4 1 1 1 1 1 1 4 5 5 5 5 5 5 5 5 5 5 5 5 5 5 5 5 5 5 5 5 5 5 5 6 6 6 6 5 5 5 6 6 7 7 7 7 7 9 9 9 
tsim human 4 1 7 7 6 6 5 5 6 6 5 5 5 5 5 4 4 4 4 4 4 4 4 4 4 4 4 4 4 4 4 4 4 4 4 4 4 4 4 4 4 4 4 4 4 4 4 4 
tsim window 4 1 3 3 3 3 3 3 6 6 6 6 6 6 6 6 9 10 10 10 10 10 10 10 10 10 10 10 10 10 10 10 10 10 10 10 10 10 11 11 16 16 16 16 16 16 17 17 
task_num -1 4 1 372
runtime -1 4 1 0.47885966300964355 0.3498342037200928 0.2595686912536621 0.3699798583984375 0.33936548233032227 0.3559446334838867 0.29108190536499023 0.20232176780700684 0.1454007625579834 
avg_run -1 4 1 0.31026188532511395
al_time -1 4 1 0.012492656707763672 0.6132738590240479 0.02107524871826172 0.020412206649780273 0.014262676239013672 0.016557693481445312 0.013106346130371094 1.0246303081512451 0.01833319664001465 
avg_all -1 4 1 0.19490491019354927
sum 0 5 1 60 22 
sum 1 5 1 180 29 
sum 2 5 1 240 30 
sum 3 5 1 360 38 
sum 4 5 1 540 44 
sum 5 5 1 600 45 
sum 6 5 1 900 53 
sum 7 5 1 1200 60 
sum 8 5 1 1500 60 
sum 9 5 1 1800 62 
sum 10 5 1 2100 64 
sum 11 5 1 2400 72 
sum 12 5 1 2700 81 
miss fire 5 1 1 1 0 0 0 3 2 2 0 0 0 0 0 0 0 0 0 0 0 0 0 0 0 0 0 0 0 0 0 1 1 1 1 0 0 0 1 0 1 1 1 1 0 2 2 2 
miss human 5 1 7 7 2 2 1 1 2 2 1 1 1 1 1 0 0 0 0 0 0 0 0 0 0 0 0 0 0 0 0 0 0 0 0 0 0 0 0 0 0 0 0 0 0 0 0 0 
miss window 5 1 3 3 2 1 0 0 0 0 0 0 0 0 0 0 3 3 3 2 1 1 0 0 0 0 0 0 0 0 0 0 0 0 0 0 0 0 1 1 1 1 0 0 0 0 1 1 
acm fire 5 1 1 2 2 2 2 5 7 9 9 9 9 9 9 9 9 9 9 9 9 9 9 9 9 9 9 9 9 9 9 10 11 12 13 13 13 13 14 14 15 16 17 18 18 20 22 24 
acm human 5 1 7 14 16 18 19 20 22 24 25 26 27 28 29 29 29 29 29 29 29 29 29 29 29 29 29 29 29 29 29 29 29 29 29 29 29 29 29 29 29 29 29 29 29 29 29 29 
acm window 5 1 3 6 8 9 9 9 9 9 9 9 9 9 9 9 12 15 18 20 21 22 22 22 22 22 22 22 22 22 22 22 22 22 22 22 22 22 23 24 25 26 26 26 26 26 27 28 
tsim fire 5 1 1 1 1 1 1 4 5 5 5 5 5 5 5 5 5 5 5 5 5 5 5 5 5 5 5 5 5 5 5 6 6 6 6 5 5 5 6 6 7 7 7 7 7 9 9 9 
tsim human 5 1 7 7 6 6 5 5 6 6 5 5 5 5 5 4 4 4 4 4 4 4 4 4 4 4 4 4 4 4 4 4 4 4 4 4 4 4 4 4 4 4 4 4 4 4 4 4 
tsim window 5 1 3 3 3 3 3 3 6 6 6 6 6 6 6 6 9 10 10 10 10 10 10 10 10 10 10 10 10 10 10 10 10 10 10 10 10 10 11 11 16 16 16 16 16 16 17 17 
task_num -1 5 1 370
runtime -1 5 1 0.5759382247924805 0.9277188777923584 0.30840516090393066 0.37688112258911133 0.5082602500915527 0.28603053092956543 0.36242246627807617 0.34116649627685547 
avg_run -1 5 1 0.46085289120674133
al_time -1 5 1 0.01352381706237793 0.5714619159698486 0.021186351776123047 0.02065110206604004 0.012989997863769531 0.017523527145385742 1.04518723487854 0.012531757354736328 
avg_all -1 5 1 0.21438196301460266
sum 0 6 1 60 22 
sum 1 6 1 180 30 
sum 2 6 1 240 31 
sum 3 6 1 360 41 
sum 4 6 1 540 45 
sum 5 6 1 600 46 
sum 6 6 1 900 54 
sum 7 6 1 1200 57 
sum 8 6 1 1500 57 
sum 9 6 1 1800 59 
sum 10 6 1 2100 61 
sum 11 6 1 2400 70 
sum 12 6 1 2700 78 
miss fire 6 1 1 1 0 0 0 3 4 0 0 0 0 0 0 0 0 0 0 0 0 0 0 0 0 0 0 0 0 0 0 1 1 1 1 0 0 0 1 1 2 2 0 0 0 2 2 2 
miss human 6 1 7 7 4 3 1 1 2 2 1 1 1 1 1 0 0 0 0 0 0 0 0 0 0 0 0 0 0 0 0 0 0 0 0 0 0 0 0 0 0 0 0 0 0 0 0 0 
miss window 6 1 3 3 1 0 0 0 0 0 0 0 0 0 0 0 3 3 1 1 1 0 0 0 0 0 0 0 0 0 0 0 0 0 0 0 0 0 1 1 1 0 0 0 0 0 1 1 
acm fire 6 1 1 2 2 2 2 5 9 9 9 9 9 9 9 9 9 9 9 9 9 9 9 9 9 9 9 9 9 9 9 10 11 12 13 13 13 13 14 15 17 19 19 19 19 21 23 25 
acm human 6 1 7 14 18 21 22 23 25 27 28 29 30 31 32 32 32 32 32 32 32 32 32 32 32 32 32 32 32 32 32 32 32 32 32 32 32 32 32 32 32 32 32 32 32 32 32 32 
acm window 6 1 3 6 7 7 7 7 7 7 7 7 7 7 7 7 10 13 14 15 16 16 16 16 16 16 16 16 16 16 16 16 16 16 16 16 16 16 17 18 19 19 19 19 19 19 20 21 
tsim fire 6 1 1 1 1 1 1 4 5 5 5 5 5 5 5 5 5 5 5 5 5 5 5 5 5 5 5 5 5 5 5 6 6 6 6 5 5 5 6 6 7 7 7 7 7 9 9 9 
tsim human 6 1 7 7 6 6 5 5 6 6 5 5 5 5 5 4 4 4 4 4 4 4 4 4 4 4 4 4 4 4 4 4 4 4 4 4 4 4 4 4 4 4 4 4 4 4 4 4 
tsim window 6 1 3 3 3 3 3 3 6 6 6 6 6 6 6 6 9 10 10 10 10 10 10 10 10 10 10 10 10 10 10 10 10 10 10 10 10 10 11 11 16 16 16 16 16 16 17 17 
task_num -1 6 1 370
runtime -1 6 1 0.4983196258544922 0.5116338729858398 0.39931178092956543 0.41936421394348145 0.34364795684814453 0.35561704635620117 0.29270410537719727 0.5961587429046631 
avg_run -1 6 1 0.4270946681499481
al_time -1 6 1 0.012366771697998047 0.6651771068572998 0.017853975296020508 0.018191814422607422 0.0135650634765625 0.016521215438842773 1.052344799041748 0.0155792236328125 
avg_all -1 6 1 0.22644999623298645
sum 0 7 1 60 22 
sum 1 7 1 180 30 
sum 2 7 1 240 31 
sum 3 7 1 360 41 
sum 4 7 1 540 45 
sum 5 7 1 600 46 
sum 6 7 1 900 55 
sum 7 7 1 1200 55 
sum 8 7 1 1500 55 
sum 9 7 1 1800 57 
sum 10 7 1 2100 59 
sum 11 7 1 2400 65 
sum 12 7 1 2700 71 
miss fire 7 1 1 1 0 0 0 3 4 0 0 0 0 0 0 0 0 0 0 0 0 0 0 0 0 0 0 0 0 0 0 1 1 1 1 0 0 0 1 1 1 1 0 0 0 2 1 1 
miss human 7 1 7 7 4 3 1 1 2 2 1 1 1 1 1 0 0 0 0 0 0 0 0 0 0 0 0 0 0 0 0 0 0 0 0 0 0 0 0 0 0 0 0 0 0 0 0 0 
miss window 7 1 3 3 1 0 0 0 0 0 0 0 0 0 0 0 3 4 0 0 0 0 0 0 0 0 0 0 0 0 0 0 0 0 0 0 0 0 1 1 0 0 0 0 0 0 1 1 
acm fire 7 1 1 2 2 2 2 5 9 9 9 9 9 9 9 9 9 9 9 9 9 9 9 9 9 9 9 9 9 9 9 10 11 12 13 13 13 13 14 15 16 17 17 17 17 19 20 21 
acm human 7 1 7 14 18 21 22 23 25 27 28 29 30 31 32 32 32 32 32 32 32 32 32 32 32 32 32 32 32 32 32 32 32 32 32 32 32 32 32 32 32 32 32 32 32 32 32 32 
acm window 7 1 3 6 7 7 7 7 7 7 7 7 7 7 7 7 10 14 14 14 14 14 14 14 14 14 14 14 14 14 14 14 14 14 14 14 14 14 15 16 16 16 16 16 16 16 17 18 
tsim fire 7 1 1 1 1 1 1 4 5 5 5 5 5 5 5 5 5 5 5 5 5 5 5 5 5 5 5 5 5 5 5 6 6 6 6 5 5 5 6 6 7 7 7 7 7 9 9 9 
tsim human 7 1 7 7 6 6 5 5 6 6 5 5 5 5 5 4 4 4 4 4 4 4 4 4 4 4 4 4 4 4 4 4 4 4 4 4 4 4 4 4 4 4 4 4 4 4 4 4 
tsim window 7 1 3 3 3 3 3 3 6 6 6 6 6 6 6 6 9 10 10 10 10 10 10 10 10 10 10 10 10 10 10 10 10 10 10 10 10 10 11 11 16 16 16 16 16 16 17 17 
task_num -1 7 1 373
runtime -1 7 1 0.5862400531768799 0.6170008182525635 0.5439720153808594 0.4041903018951416 0.4069185256958008 0.3956024646759033 0.317981481552124 0.32410097122192383 0.2255077362060547 0.34371423721313477 0.15548110008239746 
avg_run -1 7 1 0.3927917913957076
al_time -1 7 1 0.012914180755615234 0.6227428913116455 0.012637138366699219 0.012748479843139648 0.01775670051574707 0.04366588592529297 0.015604019165039062 0.013134002685546875 1.020017147064209 0.017477750778198242 0.011488199234008789 
avg_all -1 7 1 0.16365330869501288
sum 0 8 1 60 22 
sum 1 8 1 180 31 
sum 2 8 1 240 33 
sum 3 8 1 360 44 
sum 4 8 1 540 52 
sum 5 8 1 600 53 
sum 6 8 1 900 62 
sum 7 8 1 1200 63 
sum 8 8 1 1500 63 
sum 9 8 1 1800 65 
sum 10 8 1 2100 67 
sum 11 8 1 2400 72 
sum 12 8 1 2700 79 
miss fire 8 1 1 1 0 0 0 3 4 4 0 0 0 0 0 0 0 0 0 0 0 0 0 0 0 0 0 0 0 0 0 1 1 1 1 0 0 0 1 0 1 0 0 0 0 2 2 1 
miss human 8 1 7 7 3 3 2 2 2 2 1 1 1 1 1 0 0 0 0 0 0 0 0 0 0 0 0 0 0 0 0 0 0 0 0 0 0 0 0 0 0 0 0 0 0 0 0 0 
miss window 8 1 3 3 2 1 0 0 0 0 0 0 0 0 0 0 3 4 1 0 0 0 0 0 0 0 0 0 0 0 0 0 0 0 0 0 0 0 1 1 1 0 0 0 0 0 1 1 
acm fire 8 1 1 2 2 2 2 5 9 13 13 13 13 13 13 13 13 13 13 13 13 13 13 13 13 13 13 13 13 13 13 14 15 16 17 17 17 17 18 18 19 19 19 19 19 21 23 24 
acm human 8 1 7 14 17 20 22 24 26 28 29 30 31 32 33 33 33 33 33 33 33 33 33 33 33 33 33 33 33 33 33 33 33 33 33 33 33 33 33 33 33 33 33 33 33 33 33 33 
acm window 8 1 3 6 8 9 9 9 9 9 9 9 9 9 9 9 12 16 17 17 17 17 17 17 17 17 17 17 17 17 17 17 17 17 17 17 17 17 18 19 20 20 20 20 20 20 21 22 
tsim fire 8 1 1 1 1 1 1 4 5 5 5 5 5 5 5 5 5 5 5 5 5 5 5 5 5 5 5 5 5 5 5 6 6 6 6 5 5 5 6 6 7 7 7 7 7 9 9 9 
tsim human 8 1 7 7 6 6 5 5 6 6 5 5 5 5 5 4 4 4 4 4 4 4 4 4 4 4 4 4 4 4 4 4 4 4 4 4 4 4 4 4 4 4 4 4 4 4 4 4 
tsim window 8 1 3 3 3 3 3 3 6 6 6 6 6 6 6 6 9 10 10 10 10 10 10 10 10 10 10 10 10 10 10 10 10 10 10 10 10 10 11 11 16 16 16 16 16 16 17 17 
task_num -1 8 1 374
runtime -1 8 1 0.7214548587799072 1.632399082183838 0.5396406650543213 0.6284215450286865 0.6039798259735107 0.3818540573120117 0.3695230484008789 0.2861976623535156 0.397615909576416 0.013279438018798828 
avg_run -1 8 1 0.5574366092681885
al_time -1 8 1 0.015107870101928711 0.6537699699401855 0.022359609603881836 0.02913641929626465 0.012416362762451172 0.015917301177978516 0.014842033386230469 1.018087387084961 0.021833181381225586 0.010292530059814453 
avg_all -1 8 1 0.18137626647949218
sum 0 9 1 60 22 
sum 1 9 1 180 33 
sum 2 9 1 240 35 
sum 3 9 1 360 45 
sum 4 9 1 540 51 
sum 5 9 1 600 52 
sum 6 9 1 900 59 
sum 7 9 1 1200 60 
sum 8 9 1 1500 60 
sum 9 9 1 1800 62 
sum 10 9 1 2100 64 
sum 11 9 1 2400 73 
sum 12 9 1 2700 79 
miss fire 9 1 1 1 0 0 0 3 4 1 1 0 0 0 0 0 0 0 0 0 0 0 0 0 0 0 0 0 0 0 0 1 1 1 1 0 0 0 1 1 1 1 1 0 0 2 1 1 
miss human 9 1 7 7 4 4 2 1 2 2 1 1 1 1 1 0 0 0 0 0 0 0 0 0 0 0 0 0 0 0 0 0 0 0 0 0 0 0 0 0 0 0 0 0 0 0 0 0 
miss window 9 1 3 3 2 1 0 0 0 0 0 0 0 0 0 0 3 2 1 0 0 0 0 0 0 0 0 0 0 0 0 0 0 0 0 0 0 0 1 1 1 1 0 0 0 0 1 1 
acm fire 9 1 1 2 2 2 2 5 9 10 11 11 11 11 11 11 11 11 11 11 11 11 11 11 11 11 11 11 11 11 11 12 13 14 15 15 15 15 16 17 18 19 20 20 20 22 23 24 
acm human 9 1 7 14 18 22 24 25 27 29 30 31 32 33 34 34 34 34 34 34 34 34 34 34 34 34 34 34 34 34 34 34 34 34 34 34 34 34 34 34 34 34 34 34 34 34 34 34 
acm window 9 1 3 6 8 9 9 9 9 9 9 9 9 9 9 9 12 14 15 15 15 15 15 15 15 15 15 15 15 15 15 15 15 15 15 15 15 15 16 17 18 19 19 19 19 19 20 21 
tsim fire 9 1 1 1 1 1 1 4 5 5 5 5 5 5 5 5 5 5 5 5 5 5 5 5 5 5 5 5 5 5 5 6 6 6 6 5 5 5 6 6 7 7 7 7 7 9 9 9 
tsim human 9 1 7 7 6 6 5 5 6 6 5 5 5 5 5 4 4 4 4 4 4 4 4 4 4 4 4 4 4 4 4 4 4 4 4 4 4 4 4 4 4 4 4 4 4 4 4 4 
tsim window 9 1 3 3 3 3 3 3 6 6 6 6 6 6 6 6 9 10 10 10 10 10 10 10 10 10 10 10 10 10 10 10 10 10 10 10 10 10 11 11 16 16 16 16 16 16 17 17 
task_num -1 9 1 374
runtime -1 9 1 0.3494563102722168 0.5420641899108887 0.5803432464599609 0.38708066940307617 0.4615614414215088 0.41440868377685547 0.41175103187561035 0.4415013790130615 0.2683401107788086 0.14240407943725586 
avg_run -1 9 1 0.3998911142349243
al_time -1 9 1 0.03723573684692383 0.011173009872436523 0.48514342308044434 0.018940210342407227 0.018323898315429688 0.01302790641784668 0.014137744903564453 0.014284372329711914 1.013035774230957 0.01687145233154297 
avg_all -1 9 1 0.16421735286712646
sum 0 10 1 60 22 
sum 1 10 1 180 35 
sum 2 10 1 240 37 
sum 3 10 1 360 47 
sum 4 10 1 540 51 
sum 5 10 1 600 52 
sum 6 10 1 900 60 
sum 7 10 1 1200 62 
sum 8 10 1 1500 62 
sum 9 10 1 1800 64 
sum 10 10 1 2100 66 
sum 11 10 1 2400 72 
sum 12 10 1 2700 80 
miss fire 10 1 1 1 0 0 0 3 4 0 0 0 0 0 0 0 0 0 0 0 0 0 0 0 0 0 0 0 0 0 0 1 1 1 1 0 0 0 1 0 1 1 0 0 0 2 2 2 
miss human 10 1 7 7 5 5 2 1 2 2 1 1 1 1 1 0 0 0 0 0 0 0 0 0 0 0 0 0 0 0 0 0 0 0 0 0 0 0 0 0 0 0 0 0 0 0 0 0 
miss window 10 1 3 3 2 1 0 0 0 0 0 0 0 0 0 0 3 3 1 1 0 0 0 0 0 0 0 0 0 0 0 0 0 0 0 0 0 0 1 1 1 0 0 0 0 0 1 1 
acm fire 10 1 1 2 2 2 2 5 9 9 9 9 9 9 9 9 9 9 9 9 9 9 9 9 9 9 9 9 9 9 9 10 11 12 13 13 13 13 14 14 15 16 16 16 16 18 20 22 
acm human 10 1 7 14 19 24 26 27 29 31 32 33 34 35 36 36 36 36 36 36 36 36 36 36 36 36 36 36 36 36 36 36 36 36 36 36 36 36 36 36 36 36 36 36 36 36 36 36 
acm window 10 1 3 6 8 9 9 9 9 9 9 9 9 9 9 9 12 15 16 17 17 17 17 17 17 17 17 17 17 17 17 17 17 17 17 17 17 17 18 19 20 20 20 20 20 20 21 22 
tsim fire 10 1 1 1 1 1 1 4 5 5 5 5 5 5 5 5 5 5 5 5 5 5 5 5 5 5 5 5 5 5 5 6 6 6 6 5 5 5 6 6 7 7 7 7 7 9 9 9 
tsim human 10 1 7 7 6 6 5 5 6 6 5 5 5 5 5 4 4 4 4 4 4 4 4 4 4 4 4 4 4 4 4 4 4 4 4 4 4 4 4 4 4 4 4 4 4 4 4 4 
tsim window 10 1 3 3 3 3 3 3 6 6 6 6 6 6 6 6 9 10 10 10 10 10 10 10 10 10 10 10 10 10 10 10 10 10 10 10 10 10 11 11 16 16 16 16 16 16 17 17 
task_num -1 10 1 372
runtime -1 10 1 0.6201364994049072 1.0776269435882568 0.37836599349975586 0.4418294429779053 0.42928457260131836 0.33330559730529785 0.44251537322998047 0.4708709716796875 0.3541393280029297 0.14127683639526367 
avg_run -1 10 1 0.4689351558685303
al_time -1 10 1 0.012993574142456055 0.6158618927001953 0.012565135955810547 0.012412548065185547 0.02265763282775879 0.02192378044128418 0.016295671463012695 0.01353311538696289 1.0109875202178955 0.015296459197998047 
avg_all -1 10 1 0.17545273303985595
sum 0 11 1 60 22 
sum 1 11 1 180 33 
sum 2 11 1 240 34 
sum 3 11 1 360 42 
sum 4 11 1 540 48 
sum 5 11 1 600 49 
sum 6 11 1 900 57 
sum 7 11 1 1200 66 
sum 8 11 1 1500 67 
sum 9 11 1 1800 69 
sum 10 11 1 2100 71 
sum 11 11 1 2400 80 
sum 12 11 1 2700 85 
miss fire 11 1 1 1 0 0 0 3 2 1 1 0 0 0 0 0 0 0 0 0 0 0 0 0 0 0 0 0 0 0 0 1 1 1 1 0 0 0 1 1 2 0 0 0 0 2 1 1 
miss human 11 1 7 7 6 3 1 1 2 2 1 1 1 1 1 0 0 0 0 0 0 0 0 0 0 0 0 0 0 0 0 0 0 0 0 0 0 0 0 0 0 0 0 0 0 0 0 0 
miss window 11 1 3 3 2 0 0 0 0 0 0 0 0 0 0 0 3 3 3 3 1 1 1 1 0 0 0 0 0 0 0 0 0 0 0 0 0 0 1 1 1 1 1 1 0 0 0 0 
acm fire 11 1 1 2 2 2 2 5 7 8 9 9 9 9 9 9 9 9 9 9 9 9 9 9 9 9 9 9 9 9 9 10 11 12 13 13 13 13 14 15 17 17 17 17 17 19 20 21 
acm human 11 1 7 14 20 23 24 25 27 29 30 31 32 33 34 34 34 34 34 34 34 34 34 34 34 34 34 34 34 34 34 34 34 34 34 34 34 34 34 34 34 34 34 34 34 34 34 34 
acm window 11 1 3 6 8 8 8 8 8 8 8 8 8 8 8 8 11 14 17 20 21 22 23 24 24 24 24 24 24 24 24 24 24 24 24 24 24 24 25 26 27 28 29 30 30 30 30 30 
tsim fire 11 1 1 1 1 1 1 4 5 5 5 5 5 5 5 5 5 5 5 5 5 5 5 5 5 5 5 5 5 5 5 6 6 6 6 5 5 5 6 6 7 7 7 7 7 9 9 9 
tsim human 11 1 7 7 6 6 5 5 6 6 5 5 5 5 5 4 4 4 4 4 4 4 4 4 4 4 4 4 4 4 4 4 4 4 4 4 4 4 4 4 4 4 4 4 4 4 4 4 
tsim window 11 1 3 3 3 3 3 3 6 6 6 6 6 6 6 6 9 10 10 10 10 10 10 10 10 10 10 10 10 10 10 10 10 10 10 10 10 10 11 11 16 16 16 16 16 16 17 17 
task_num -1 11 1 368
runtime -1 11 1 0.0099334716796875 0.009907722473144531 0.02582836151123047 0.00979471206665039 0.012430906295776367 0.012207508087158203 0.014973640441894531 
avg_run -1 11 1 0.013582331793648856
al_time -1 11 1 0.017475366592407227 0.01707625389099121 0.01720452308654785 0.9188182353973389 0.01314544677734375 1.0325911045074463 0.01998114585876465 
avg_all -1 11 1 0.29089886801583426
sum 0 12 1 60 22 
sum 1 12 1 180 33 
sum 2 12 1 240 35 
sum 3 12 1 360 46 
sum 4 12 1 540 53 
sum 5 12 1 600 54 
sum 6 12 1 900 63 
sum 7 12 1 1200 66 
sum 8 12 1 1500 66 
sum 9 12 1 1800 68 
sum 10 12 1 2100 71 
sum 11 12 1 2400 83 
sum 12 12 1 2700 89 
miss fire 12 1 1 1 0 0 0 3 3 1 0 0 0 0 0 0 0 0 0 0 0 0 0 0 0 0 0 0 0 0 0 1 1 1 0 1 1 0 1 1 2 2 2 1 1 2 0 0 
miss human 12 1 7 7 3 3 2 2 3 3 2 1 1 1 1 0 0 0 0 0 0 0 0 0 0 0 0 0 0 0 0 0 0 0 0 0 0 0 0 0 0 0 0 0 0 0 0 0 
miss window 12 1 3 3 3 2 0 0 0 0 0 0 0 0 0 0 3 4 2 1 0 0 0 0 0 0 0 0 0 0 0 0 0 0 0 0 0 0 1 1 1 1 0 0 0 0 1 1 
acm fire 12 1 1 2 2 2 2 5 8 9 9 9 9 9 9 9 9 9 9 9 9 9 9 9 9 9 9 9 9 9 9 10 11 12 12 13 14 14 15 16 18 20 22 23 24 26 26 26 
acm human 12 1 7 14 17 20 22 24 27 30 32 33 34 35 36 36 36 36 36 36 36 36 36 36 36 36 36 36 36 36 36 36 36 36 36 36 36 36 36 36 36 36 36 36 36 36 36 36 
acm window 12 1 3 6 9 11 11 11 11 11 11 11 11 11 11 11 14 18 20 21 21 21 21 21 21 21 21 21 21 21 21 21 21 21 21 21 21 21 22 23 24 25 25 25 25 25 26 27 
tsim fire 12 1 1 1 1 1 1 4 5 5 5 5 5 5 5 5 5 5 5 5 5 5 5 5 5 5 5 5 5 5 5 6 6 6 6 5 5 5 6 6 7 7 7 7 7 9 9 9 
tsim human 12 1 7 7 6 6 5 5 6 6 5 5 5 5 5 4 4 4 4 4 4 4 4 4 4 4 4 4 4 4 4 4 4 4 4 4 4 4 4 4 4 4 4 4 4 4 4 4 
tsim window 12 1 3 3 3 3 3 3 6 6 6 6 6 6 6 6 9 10 10 10 10 10 10 10 10 10 10 10 10 10 10 10 10 10 10 10 10 10 11 11 16 16 16 16 16 16 17 17 
task_num -1 12 1 370
runtime -1 12 1 0.009319543838500977 0.032431602478027344 0.009472370147705078 0.009544849395751953 0.011838436126708984 0.011603832244873047 0.012710809707641602 0.014194965362548828 
avg_run -1 12 1 0.013889551162719727
al_time -1 12 1 0.018192291259765625 0.016587495803833008 0.016810178756713867 0.9263603687286377 0.041954755783081055 1.008622407913208 0.015933752059936523 0.017139196395874023 
avg_all -1 12 1 0.2577000558376312
random:0T:2700
sum 0 14 0 60 49 
sum 1 14 0 180 72 
sum 2 14 0 240 80 
sum 3 14 0 360 90 
sum 4 14 0 540 100 
sum 5 14 0 600 101 
sum 6 14 0 900 101 
sum 7 14 0 1200 104 
sum 8 14 0 1500 104 
sum 9 14 0 1800 105 
sum 10 14 0 2100 109 
sum 11 14 0 2400 116 
sum 12 14 0 2700 116 
miss fire 14 0 2 2 1 1 0 0 0 0 1 1 0 0 0 0 0 0 0 0 0 0 0 0 0 0 0 0 1 0 0 0 0 0 0 0 1 1 2 2 2 0 0 0 0 0 0 0 
miss human 14 0 16 15 5 5 5 4 4 3 2 2 1 0 0 0 0 0 0 0 0 0 0 0 0 0 0 0 0 0 0 0 0 0 0 0 0 0 0 0 0 0 0 0 0 0 0 0 
miss window 14 0 7 7 6 5 3 1 1 1 0 0 0 0 0 0 0 0 1 1 1 0 0 0 0 0 0 0 0 0 0 0 0 0 0 0 1 1 1 0 0 0 0 0 0 0 0 0 
acm fire 14 0 2 4 5 6 6 6 6 6 7 8 8 8 8 8 8 8 8 8 8 8 8 8 8 8 8 8 9 9 9 9 9 9 9 9 10 11 13 15 17 17 17 17 17 17 17 17 
acm human 14 0 16 31 36 41 46 50 54 57 59 61 62 62 62 62 62 62 62 62 62 62 62 62 62 62 62 62 62 62 62 62 62 62 62 62 62 62 62 62 62 62 62 62 62 62 62 62 
acm window 14 0 7 14 20 25 28 29 30 31 31 31 31 31 31 31 31 31 32 33 34 34 34 34 34 34 34 34 34 34 34 34 34 34 34 34 35 36 37 37 37 37 37 37 37 37 37 37 
tsim fire 14 0 2 2 2 2 2 2 2 2 3 3 3 3 3 3 3 3 3 3 3 3 3 3 3 3 3 3 4 4 4 4 4 4 4 4 5 5 6 6 6 6 6 6 6 6 6 6 
tsim human 14 0 16 15 15 15 15 14 12 12 11 9 9 8 7 7 7 7 7 7 7 7 7 7 7 7 7 7 7 7 7 7 7 7 7 7 7 7 7 7 7 7 7 7 7 7 7 7 
tsim window 14 0 7 7 7 7 7 7 7 7 7 7 7 7 7 7 7 7 8 8 8 8 8 8 8 8 8 8 10 10 10 10 10 10 10 10 11 11 11 11 11 11 11 11 11 11 13 13 
task_num -1 14 0 369
runtime -1 14 0 0.3111262321472168 0.7316155433654785 0.5528337955474854 0.665698766708374 0.6977782249450684 0.6730313301086426 0.5055737495422363 0.9372096061706543 0.3000173568725586 
avg_run -1 14 0 0.5972094006008573
al_time -1 14 0 0.020749330520629883 0.015094995498657227 0.013417720794677734 0.014198064804077148 0.024313926696777344 0.6087899208068848 0.02267765998840332 0.016181468963623047 0.016443252563476562 
avg_all -1 14 0 0.08354070451524523
random:1T:2700
sum 0 14 1 60 22 
sum 1 14 1 180 33 
sum 2 14 1 240 36 
sum 3 14 1 360 47 
sum 4 14 1 540 53 
sum 5 14 1 600 54 
sum 6 14 1 900 60 
sum 7 14 1 1200 61 
sum 8 14 1 1500 61 
sum 9 14 1 1800 61 
sum 10 14 1 2100 62 
sum 11 14 1 2400 72 
sum 12 14 1 2700 87 
miss fire 14 1 1 1 1 0 0 3 3 1 1 0 0 0 0 0 0 0 0 0 0 0 0 0 0 0 0 0 0 0 0 0 0 0 1 0 0 0 2 2 2 2 2 2 1 2 2 2 
miss human 14 1 7 7 3 3 2 2 3 2 1 1 1 1 1 0 0 0 0 0 0 0 0 0 0 0 0 0 0 0 0 0 0 0 0 0 0 0 0 0 0 0 0 0 0 0 0 0 
miss window 14 1 3 3 3 1 1 0 0 0 0 0 0 0 0 0 3 1 1 0 0 0 0 0 0 0 0 0 0 0 0 0 0 0 0 0 0 0 0 0 0 0 0 0 1 1 2 2 
acm fire 14 1 1 2 3 3 3 6 9 10 11 11 11 11 11 11 11 11 11 11 11 11 11 11 11 11 11 11 11 11 11 11 11 11 12 12 12 12 14 16 18 20 22 24 25 27 29 31 
acm human 14 1 7 14 17 20 22 24 27 29 30 31 32 33 34 34 34 34 34 34 34 34 34 34 34 34 34 34 34 34 34 34 34 34 34 34 34 34 34 34 34 34 34 34 34 34 34 34 
acm window 14 1 3 6 9 10 11 11 11 11 11 11 11 11 11 11 14 15 16 16 16 16 16 16 16 16 16 16 16 16 16 16 16 16 16 16 16 16 16 16 16 16 16 16 17 18 20 22 
tsim fire 14 1 1 1 1 1 1 4 5 5 5 5 5 5 5 5 5 5 5 5 5 5 5 5 5 5 5 5 5 5 5 5 5 5 6 5 5 5 7 7 8 8 8 8 8 9 9 9 
tsim human 14 1 7 7 6 6 5 5 6 6 5 5 5 5 5 4 4 4 4 4 4 4 4 4 4 4 4 4 4 4 4 4 4 4 4 4 4 4 4 4 4 4 4 4 4 4 4 4 
tsim window 14 1 3 3 3 3 3 3 6 6 6 6 6 6 6 6 9 10 10 10 10 10 10 10 10 10 10 10 10 10 10 10 10 10 10 10 10 10 10 10 15 15 15 15 16 16 18 18 
task_num -1 14 1 303
runtime -1 14 1 0.24241900444030762 1.6071577072143555 0.5135636329650879 0.4335198402404785 0.3682432174682617 0.3229951858520508 0.2336139678955078 0.18112802505493164 
avg_run -1 14 1 0.4878300726413727
al_time -1 14 1 0.017587900161743164 0.5281028747558594 0.022689342498779297 0.06133627891540527 0.015085935592651367 0.016580581665039062 0.016501665115356445 0.012247800827026367 
avg_all -1 14 1 0.08626654744148254
random:2T:2700
sum 0 14 2 60 40 
sum 1 14 2 180 52 
sum 2 14 2 240 57 
sum 3 14 2 360 68 
sum 4 14 2 540 83 
sum 5 14 2 600 85 
sum 6 14 2 900 89 
sum 7 14 2 1200 89 
sum 8 14 2 1500 89 
sum 9 14 2 1800 90 
sum 10 14 2 2100 90 
sum 11 14 2 2400 93 
sum 12 14 2 2700 95 
miss fire 14 2 2 2 0 0 0 0 0 1 1 0 0 0 0 0 0 0 0 0 0 0 0 0 0 0 0 0 0 0 0 0 1 0 0 0 0 0 0 0 1 0 0 0 0 1 0 0 
miss human 14 2 13 13 4 4 4 5 6 6 4 2 2 2 1 1 0 0 0 0 0 0 0 0 0 0 0 0 0 0 0 0 0 0 0 0 0 0 0 0 0 0 0 0 0 0 0 0 
miss window 14 2 5 5 3 1 1 0 0 0 1 0 0 0 0 0 0 0 0 0 0 0 0 0 0 0 0 0 0 0 0 0 0 0 0 0 0 0 0 0 0 1 1 1 0 0 0 0 
acm fire 14 2 2 4 4 4 4 4 4 5 6 6 6 6 6 6 6 6 6 6 6 6 6 6 6 6 6 6 6 6 6 6 7 7 7 7 7 7 7 7 8 8 8 8 8 9 9 9 
acm human 14 2 13 26 30 34 38 43 49 55 59 61 63 65 66 67 67 67 67 67 67 67 67 67 67 67 67 67 67 67 67 67 67 67 67 67 67 67 67 67 67 67 67 67 67 67 67 67 
acm window 14 2 5 10 13 14 15 15 15 15 16 16 16 16 16 16 16 16 16 16 16 16 16 16 16 16 16 16 16 16 16 16 16 16 16 16 16 16 16 16 16 17 18 19 19 19 19 19 
tsim fire 14 2 2 2 2 2 2 2 2 3 3 3 3 3 3 3 3 3 3 3 3 3 3 3 3 3 3 3 3 3 3 3 4 4 4 4 4 4 4 4 5 5 5 5 5 6 6 6 
tsim human 14 2 13 13 13 13 13 12 11 11 9 7 7 7 6 6 5 5 5 5 5 5 5 5 5 5 5 5 5 5 5 5 5 5 5 5 5 5 5 5 5 5 5 5 5 5 5 5 
tsim window 14 2 5 5 5 5 5 5 5 5 6 6 6 6 6 6 6 6 6 6 6 6 6 6 6 6 6 6 6 6 6 6 6 6 6 6 6 6 6 6 6 7 7 7 7 9 9 9 
task_num -1 14 2 335
runtime -1 14 2 0.3576362133026123 1.1705107688903809 0.5397965908050537 0.43700528144836426 0.4696969985961914 0.4450509548187256 0.5152146816253662 0.09553313255310059 
avg_run -1 14 2 0.5038055777549744
al_time -1 14 2 0.01955699920654297 0.013683319091796875 0.021654367446899414 0.023345947265625 0.013140201568603516 0.0246124267578125 0.5359702110290527 0.009359598159790039 
avg_all -1 14 2 0.08266538381576538
random:3T:2700
sum 0 14 3 60 63 
sum 1 14 3 180 93 
sum 2 14 3 240 106 
sum 3 14 3 360 122 
sum 4 14 3 540 132 
sum 5 14 3 600 135 
sum 6 14 3 900 142 
sum 7 14 3 1200 142 
sum 8 14 3 1500 142 
sum 9 14 3 1800 142 
sum 10 14 3 2100 144 
sum 11 14 3 2400 145 
sum 12 14 3 2700 151 
miss fire 14 3 2 2 0 0 0 1 0 0 0 0 0 0 0 0 0 0 0 0 0 0 0 0 0 0 0 0 0 0 0 0 0 0 0 0 1 1 0 0 0 0 1 2 1 1 1 1 
miss human 14 3 18 17 6 5 6 5 4 3 3 1 2 2 2 1 0 0 0 0 0 0 0 0 0 0 0 0 0 0 0 0 0 0 0 0 0 0 0 0 0 0 0 0 0 0 0 0 
miss window 14 3 12 12 11 8 7 4 2 1 1 1 1 1 0 1 0 0 0 0 0 0 0 0 0 0 0 0 0 0 0 0 0 0 0 0 0 0 0 0 0 0 0 0 0 0 0 0 
acm fire 14 3 2 4 4 4 4 5 5 5 5 5 5 5 5 5 5 5 5 5 5 5 5 5 5 5 5 5 5 5 5 5 5 5 5 5 6 7 7 7 7 7 8 10 11 12 13 14 
acm human 14 3 18 35 41 46 52 57 61 64 67 68 70 72 74 75 75 75 75 75 75 75 75 75 75 75 75 75 75 75 75 75 75 75 75 75 75 75 75 75 75 75 75 75 75 75 75 75 
acm window 14 3 12 24 35 43 50 54 56 57 58 59 60 61 61 62 62 62 62 62 62 62 62 62 62 62 62 62 62 62 62 62 62 62 62 62 62 62 62 62 62 62 62 62 62 62 62 62 
tsim fire 14 3 2 2 2 2 2 3 3 3 3 3 3 3 3 3 3 3 3 3 3 3 3 3 3 3 3 3 3 3 3 3 3 3 3 3 4 4 4 4 4 4 5 6 6 6 6 6 
tsim human 14 3 18 17 17 17 15 15 14 13 12 10 10 10 9 8 8 8 8 8 8 8 8 8 8 8 8 8 8 8 8 8 8 8 8 8 8 8 8 8 8 8 8 8 8 8 8 8 
tsim window 14 3 12 12 12 12 12 12 13 13 13 13 13 13 13 14 14 14 14 14 14 14 14 14 14 14 14 14 14 14 14 14 14 14 14 14 14 14 14 14 14 14 14 15 15 15 15 15 
task_num -1 14 3 334
runtime -1 14 3 0.29902100563049316 0.4948461055755615 0.6878945827484131 0.5802655220031738 0.6709272861480713 0.6008977890014648 0.5021710395812988 0.40904903411865234 
avg_run -1 14 3 0.5306340456008911
al_time -1 14 3 0.02180790901184082 0.014779806137084961 0.018277645111083984 0.023836374282836914 0.024830341339111328 0.014430522918701172 0.0201413631439209 0.01528024673461914 
avg_all -1 14 3 0.019173026084899902
random:4T:2700
sum 0 14 4 60 35 
sum 1 14 4 180 49 
sum 2 14 4 240 53 
sum 3 14 4 360 57 
sum 4 14 4 540 62 
sum 5 14 4 600 64 
sum 6 14 4 900 67 
sum 7 14 4 1200 70 
sum 8 14 4 1500 75 
sum 9 14 4 1800 77 
sum 10 14 4 2100 78 
sum 11 14 4 2400 78 
sum 12 14 4 2700 79 
miss fire 14 4 1 1 0 0 0 0 0 0 0 0 1 1 1 0 0 0 0 0 0 1 1 0 0 0 0 0 0 0 0 0 0 0 0 0 0 1 0 0 0 0 0 0 0 0 0 0 
miss human 14 4 12 11 5 4 3 2 2 2 2 1 1 1 0 0 0 0 0 0 0 0 0 0 0 0 0 0 0 0 0 0 0 0 0 0 0 0 0 0 0 0 0 0 0 0 0 0 
miss window 14 4 5 5 4 1 1 0 0 0 0 0 0 0 0 0 0 0 0 0 0 0 1 1 1 1 1 1 1 1 0 0 0 0 0 0 0 0 0 0 0 0 0 0 0 0 0 1 
acm fire 14 4 1 2 2 2 2 2 2 2 2 2 3 4 5 5 5 5 5 5 5 6 7 7 7 7 7 7 7 7 7 7 7 7 7 7 7 8 8 8 8 8 8 8 8 8 8 8 
acm human 14 4 12 23 28 32 35 37 39 41 43 44 45 46 46 46 46 46 46 46 46 46 46 46 46 46 46 46 46 46 46 46 46 46 46 46 46 46 46 46 46 46 46 46 46 46 46 46 
acm window 14 4 5 10 14 15 16 16 16 16 16 16 16 16 16 16 16 16 16 16 16 16 17 18 19 20 21 22 23 24 24 24 24 24 24 24 24 24 24 24 24 24 24 24 24 24 24 25 
tsim fire 14 4 1 1 1 1 1 1 1 1 1 1 2 2 2 2 2 2 2 2 2 3 3 3 3 3 3 3 3 3 3 3 3 3 3 3 3 4 4 4 4 4 4 4 4 4 4 4 
tsim human 14 4 12 11 10 10 10 9 9 9 9 8 8 8 7 7 7 7 7 7 7 7 7 7 7 7 7 7 7 7 7 7 7 7 7 7 7 7 7 7 7 7 7 7 7 7 7 7 
tsim window 14 4 5 5 5 5 5 5 5 5 5 5 5 5 5 5 5 5 5 5 5 11 12 12 12 12 12 12 12 13 13 13 13 13 13 13 13 13 13 13 13 13 13 13 13 13 13 14 
task_num -1 14 4 294
runtime -1 14 4 0.41753268241882324 0.7839019298553467 0.35171055793762207 0.3569068908691406 0.5533761978149414 0.7330060005187988 0.6490271091461182 
avg_run -1 14 4 0.549351624080113
al_time -1 14 4 0.014705419540405273 0.018371105194091797 0.011484146118164062 0.5269737243652344 0.025579214096069336 0.018090009689331055 0.02133035659790039 
avg_all -1 14 4 0.09093342508588519
random:5T:2700
sum 0 14 5 60 36 
sum 1 14 5 180 54 
sum 2 14 5 240 59 
sum 3 14 5 360 66 
sum 4 14 5 540 80 
sum 5 14 5 600 84 
sum 6 14 5 900 95 
sum 7 14 5 1200 101 
sum 8 14 5 1500 101 
sum 9 14 5 1800 106 
sum 10 14 5 2100 108 
sum 11 14 5 2400 109 
sum 12 14 5 2700 112 
miss fire 14 5 1 1 1 0 1 1 0 0 1 1 1 1 1 1 0 0 0 0 0 0 0 0 0 0 0 0 1 1 1 1 1 1 1 0 0 0 0 0 0 1 0 0 2 1 0 0 
miss human 14 5 11 11 4 3 3 3 3 2 5 5 3 3 2 1 0 0 0 0 0 0 0 0 0 0 0 0 0 0 0 0 0 0 0 0 0 0 0 0 0 0 0 0 0 0 0 0 
miss window 14 5 6 6 6 4 1 0 0 0 0 0 0 0 0 0 1 1 1 2 2 1 0 0 0 0 0 0 0 0 0 0 0 0 0 0 0 0 0 0 0 0 0 0 0 0 0 0 
acm fire 14 5 1 2 3 3 4 5 5 5 6 7 8 9 10 11 11 11 11 11 11 11 11 11 11 11 11 11 12 13 14 15 16 17 18 18 18 18 18 18 18 19 19 19 21 22 22 22 
acm human 14 5 11 22 26 29 32 35 38 40 45 50 53 56 58 59 59 59 59 59 59 59 59 59 59 59 59 59 59 59 59 59 59 59 59 59 59 59 59 59 59 59 59 59 59 59 59 59 
acm window 14 5 6 12 18 22 23 23 23 23 23 23 23 23 23 23 24 25 26 28 30 31 31 31 31 31 31 31 31 31 31 31 31 31 31 31 31 31 31 31 31 31 31 31 31 31 31 31 
tsim fire 14 5 1 1 1 1 2 2 2 2 3 3 4 4 4 4 4 4 4 4 4 4 4 4 4 4 4 4 4 4 4 4 4 4 4 3 3 3 3 3 3 4 4 4 6 6 7 7 
tsim human 14 5 11 11 11 10 10 10 9 8 11 11 11 9 9 6 6 6 6 6 6 6 6 6 6 6 6 6 6 6 6 6 6 6 6 6 6 6 6 6 6 6 6 6 6 6 6 6 
tsim window 14 5 6 6 6 6 6 6 6 6 9 9 9 9 9 9 10 10 10 11 12 12 12 12 12 12 12 12 12 12 12 12 12 12 12 12 12 12 12 12 12 12 12 12 12 12 12 12 
task_num -1 14 5 309
runtime -1 14 5 0.43407464027404785 1.1573424339294434 0.35540771484375 0.3091108798980713 0.9080712795257568 0.38495540618896484 0.4631798267364502 0.6856813430786133 0.44346189498901367 0.4190382957458496 0.1259779930114746 
avg_run -1 14 5 0.5169365189292214
al_time -1 14 5 0.01616382598876953 0.012241363525390625 0.5306165218353271 0.05478191375732422 0.015062093734741211 0.037285804748535156 0.022246599197387695 0.02095818519592285 0.020179033279418945 0.0160367488861084 0.012876033782958984 
avg_all -1 14 5 0.06894982944835316
random:6T:2700
sum 0 14 6 60 46 
sum 1 14 6 180 70 
sum 2 14 6 240 75 
sum 3 14 6 360 82 
sum 4 14 6 540 91 
sum 5 14 6 600 94 
sum 6 14 6 900 107 
sum 7 14 6 1200 109 
sum 8 14 6 1500 109 
sum 9 14 6 1800 114 
sum 10 14 6 2100 117 
sum 11 14 6 2400 118 
sum 12 14 6 2700 126 
miss fire 14 6 1 1 2 2 1 0 0 0 0 0 1 1 0 0 0 0 0 0 0 0 0 0 0 0 0 0 1 1 1 1 1 1 1 0 1 0 0 0 0 0 1 1 2 0 1 1 
miss human 14 6 15 15 5 4 4 3 4 3 3 3 2 2 2 1 1 2 0 0 0 0 0 0 0 0 0 0 0 0 0 0 0 0 0 0 0 0 0 0 0 0 0 0 0 0 0 0 
miss window 14 6 7 7 7 4 0 0 0 0 0 0 0 1 0 1 1 1 0 0 1 1 0 0 0 0 0 0 0 0 0 0 0 0 0 0 0 0 0 0 0 0 0 0 0 1 1 1 
acm fire 14 6 1 2 4 6 7 7 7 7 7 7 8 9 9 9 9 9 9 9 9 9 9 9 9 9 9 9 10 11 12 13 14 15 16 16 17 17 17 17 17 17 18 19 21 21 22 23 
acm human 14 6 15 30 35 39 43 46 50 53 56 59 61 63 65 66 67 69 69 69 69 69 69 69 69 69 69 69 69 69 69 69 69 69 69 69 69 69 69 69 69 69 69 69 69 69 69 69 
acm window 14 6 7 14 21 25 25 25 25 25 25 25 25 26 26 27 28 29 29 29 30 31 31 31 31 31 31 31 31 31 31 31 31 31 31 31 31 31 31 31 31 31 31 31 31 32 33 34 
tsim fire 14 6 1 1 2 2 3 3 3 3 3 3 4 4 4 4 4 4 4 4 4 4 4 4 4 4 4 4 4 4 4 4 4 4 4 3 4 4 4 4 4 4 5 6 7 7 8 8 
tsim human 14 6 15 15 14 13 13 13 13 12 8 8 8 8 8 7 7 6 6 6 6 6 6 6 6 6 6 6 6 6 6 6 6 6 6 6 6 6 6 6 6 6 6 6 6 6 6 6 
tsim window 14 6 7 7 7 7 7 7 7 7 7 7 10 11 11 12 12 12 12 12 13 13 13 13 13 13 13 13 13 13 13 13 13 13 13 13 13 13 13 13 13 13 13 13 13 14 15 15 
task_num -1 14 6 310
runtime -1 14 6 0.3872067928314209 0.722637414932251 0.642174243927002 0.516402006149292 0.6649463176727295 0.5068454742431641 0.4839653968811035 1.0578360557556152 0.2350764274597168 0.19518160820007324 
avg_run -1 14 6 0.5412271738052368
al_time -1 14 6 0.016036272048950195 0.013438224792480469 0.017273426055908203 0.5679733753204346 0.01856255531311035 0.023177146911621094 0.023192405700683594 0.023164033889770508 0.01418757438659668 0.03436708450317383 
avg_all -1 14 6 0.07513720989227295
random:7T:2700
sum 0 14 7 60 33 
sum 1 14 7 180 51 
sum 2 14 7 240 56 
sum 3 14 7 360 66 
sum 4 14 7 540 77 
sum 5 14 7 600 81 
sum 6 14 7 900 92 
sum 7 14 7 1200 92 
sum 8 14 7 1500 94 
sum 9 14 7 1800 97 
sum 10 14 7 2100 100 
sum 11 14 7 2400 105 
sum 12 14 7 2700 112 
miss fire 14 7 1 1 1 0 0 0 0 0 1 0 0 0 0 0 1 0 0 0 0 0 0 0 0 0 0 0 0 0 0 0 0 0 0 0 1 2 1 1 1 1 1 1 0 0 1 1 
miss human 14 7 11 10 5 5 5 5 5 3 3 4 4 4 3 2 1 0 0 0 0 0 0 0 0 0 0 0 0 0 0 0 0 0 0 0 0 0 0 0 0 0 0 0 0 0 0 0 
miss window 14 7 5 5 4 3 0 0 0 0 0 0 0 0 0 0 0 0 0 0 0 0 0 0 0 0 1 1 1 1 1 0 0 0 0 0 0 0 0 0 0 0 0 0 0 2 1 1 
acm fire 14 7 1 2 3 3 3 3 3 3 4 4 4 4 4 4 5 5 5 5 5 5 5 5 5 5 5 5 5 5 5 5 5 5 5 5 6 8 9 10 11 12 13 14 14 14 15 16 
acm human 14 7 11 21 26 31 36 41 46 49 52 56 60 64 67 69 70 70 70 70 70 70 70 70 70 70 70 70 70 70 70 70 70 70 70 70 70 70 70 70 70 70 70 70 70 70 70 70 
acm window 14 7 5 10 14 17 17 17 17 17 17 17 17 17 17 17 17 17 17 17 17 17 17 17 17 17 18 19 20 21 22 22 22 22 22 22 22 22 22 22 22 22 22 22 22 24 25 26 
tsim fire 14 7 1 1 1 1 1 1 1 1 2 2 2 2 2 2 3 3 3 3 3 3 3 3 3 3 3 3 3 3 3 3 3 3 3 3 4 5 5 5 5 5 5 5 5 5 6 6 
tsim human 14 7 11 10 10 10 10 10 10 8 8 8 8 8 7 6 5 4 4 4 4 4 4 4 4 4 4 4 4 4 4 4 4 4 4 4 4 4 4 4 4 4 4 4 4 4 4 4 
tsim window 14 7 5 5 5 5 5 5 5 5 5 5 5 5 5 5 11 11 11 11 11 11 11 11 11 11 12 12 12 12 12 12 12 12 12 12 12 12 12 12 12 12 12 12 12 14 16 16 
task_num -1 14 7 293
runtime -1 14 7 0.36167454719543457 0.8381502628326416 0.8644065856933594 0.5493707656860352 0.4364345073699951 0.47533392906188965 0.713996171951294 0.2169950008392334 
avg_run -1 14 7 0.5570452213287354
al_time -1 14 7 0.01409006118774414 0.0166170597076416 0.5342645645141602 0.012670278549194336 0.020978689193725586 0.02057671546936035 0.01786017417907715 0.034835100173950195 
avg_all -1 14 7 0.08398658037185669
random:8T:2700
sum 0 14 8 60 24 
sum 1 14 8 180 45 
sum 2 14 8 240 49 
sum 3 14 8 360 57 
sum 4 14 8 540 68 
sum 5 14 8 600 71 
sum 6 14 8 900 79 
sum 7 14 8 1200 84 
sum 8 14 8 1500 86 
sum 9 14 8 1800 86 
sum 10 14 8 2100 87 
sum 11 14 8 2400 89 
sum 12 14 8 2700 91 
miss fire 14 8 1 1 1 1 0 0 0 0 1 1 0 1 1 1 1 1 0 0 0 0 0 0 0 0 0 0 0 0 0 0 0 0 0 0 0 1 1 1 0 0 0 0 0 0 0 0 
miss human 14 8 6 6 5 5 4 4 4 3 3 3 3 1 1 1 0 0 0 0 0 0 0 0 0 0 0 0 0 0 0 0 0 0 0 0 0 0 0 0 0 0 0 0 0 0 0 0 
miss window 14 8 5 5 5 4 0 0 0 0 0 0 0 0 0 0 0 0 0 1 2 1 1 1 1 0 0 0 0 0 0 0 0 0 0 0 0 0 0 0 0 0 0 0 0 0 1 1 
acm fire 14 8 1 2 3 4 4 4 4 4 5 6 6 7 8 9 10 11 11 11 11 11 11 11 11 11 11 11 11 11 11 11 11 11 11 11 11 12 13 14 14 14 14 14 14 14 14 14 
acm human 14 8 6 12 17 22 26 30 34 37 40 43 46 47 48 49 49 49 49 49 49 49 49 49 49 49 49 49 49 49 49 49 49 49 49 49 49 49 49 49 49 49 49 49 49 49 49 49 
acm window 14 8 5 10 15 19 19 19 19 19 19 19 19 19 19 19 19 19 19 20 22 23 24 25 26 26 26 26 26 26 26 26 26 26 26 26 26 26 26 26 26 26 26 26 26 26 27 28 
tsim fire 14 8 1 1 1 1 1 1 1 1 2 2 2 3 3 3 3 3 3 3 3 3 3 3 3 3 3 3 3 3 3 3 3 3 3 3 3 4 4 4 4 4 4 4 4 4 4 4 
tsim human 14 8 6 6 6 6 5 5 5 4 4 4 4 2 2 2 1 1 1 1 1 1 1 1 1 1 1 1 1 1 1 1 1 1 1 1 1 1 1 1 1 1 1 1 1 1 1 1 
tsim window 14 8 5 5 5 5 5 5 5 5 5 5 5 10 10 10 10 10 10 11 12 12 12 12 12 12 12 12 12 12 12 12 12 12 12 12 12 12 12 12 12 12 12 12 12 12 13 13 
task_num -1 14 8 287
runtime -1 14 8 0.29848718643188477 0.805314302444458 0.4058690071105957 0.684844970703125 0.4519486427307129 0.34392237663269043 0.2512483596801758 
avg_run -1 14 8 0.46309069224766325
al_time -1 14 8 0.014998435974121094 0.016266345977783203 0.534724235534668 0.0228574275970459 0.021821260452270508 0.012585163116455078 0.014863014221191406 
avg_all -1 14 8 0.09115941183907646
random:9T:2700
sum 0 14 9 60 50 
sum 1 14 9 180 70 
sum 2 14 9 240 78 
sum 3 14 9 360 91 
sum 4 14 9 540 111 
sum 5 14 9 600 116 
sum 6 14 9 900 120 
sum 7 14 9 1200 121 
sum 8 14 9 1500 122 
sum 9 14 9 1800 122 
sum 10 14 9 2100 123 
sum 11 14 9 2400 125 
sum 12 14 9 2700 125 
miss fire 14 9 1 1 0 0 0 0 0 0 1 0 0 0 0 0 0 0 0 0 0 0 0 0 1 0 0 0 0 0 0 0 0 0 0 0 0 0 0 0 2 0 0 0 0 0 0 0 
miss human 14 9 20 20 9 8 8 7 6 6 6 7 5 4 0 0 0 0 0 0 0 0 0 0 0 0 0 0 0 0 0 0 0 0 0 0 0 0 0 0 0 0 0 0 0 0 0 0 
miss window 14 9 4 4 3 0 0 0 0 0 0 0 0 0 0 0 0 0 0 1 0 0 0 0 0 0 0 0 0 0 0 0 0 0 1 0 0 0 0 0 0 0 0 0 0 0 0 0 
acm fire 14 9 1 2 2 2 2 2 2 2 3 3 3 3 3 3 3 3 3 3 3 3 3 3 4 4 4 4 4 4 4 4 4 4 4 4 4 4 4 4 6 6 6 6 6 6 6 6 
acm human 14 9 20 40 49 57 65 72 78 84 90 97 102 106 106 106 106 106 106 106 106 106 106 106 106 106 106 106 106 106 106 106 106 106 106 106 106 106 106 106 106 106 106 106 106 106 106 106 
acm window 14 9 4 8 11 11 11 11 11 11 11 11 11 11 11 11 11 11 11 12 12 12 12 12 12 12 12 12 12 12 12 12 12 12 13 13 13 13 13 13 13 13 13 13 13 13 13 13 
tsim fire 14 9 1 1 1 1 1 1 1 1 2 2 2 2 2 2 2 2 2 2 2 2 2 2 3 3 3 3 3 3 3 3 3 3 3 3 3 3 3 3 5 5 5 5 5 5 5 5 
tsim human 14 9 20 20 19 19 19 18 16 16 14 13 11 8 4 4 4 4 4 4 4 4 4 4 4 4 4 4 4 4 4 4 4 4 4 4 4 4 4 4 4 4 4 4 4 4 4 4 
tsim window 14 9 4 4 4 4 4 4 4 4 4 4 4 4 4 4 4 4 4 5 5 5 5 5 10 10 10 10 10 10 10 10 10 10 11 11 11 11 11 11 11 11 11 11 11 11 11 11 
task_num -1 14 9 300
runtime -1 14 9 0.32193470001220703 1.0150818824768066 0.4868428707122803 0.38615870475769043 0.37477636337280273 0.7196543216705322 0.7661697864532471 0.22197985649108887 
avg_run -1 14 9 0.5365748107433319
al_time -1 14 9 0.015219926834106445 0.013314247131347656 0.014733552932739258 0.010702848434448242 0.5331892967224121 0.025633811950683594 0.02518486976623535 0.016230344772338867 
avg_all -1 14 9 0.08177611231803894
random:10T:2700
sum 0 14 10 60 44 
sum 1 14 10 180 65 
sum 2 14 10 240 71 
sum 3 14 10 360 87 
sum 4 14 10 540 108 
sum 5 14 10 600 112 
sum 6 14 10 900 124 
sum 7 14 10 1200 129 
sum 8 14 10 1500 129 
sum 9 14 10 1800 134 
sum 10 14 10 2100 138 
sum 11 14 10 2400 138 
sum 12 14 10 2700 145 
miss fire 14 10 1 1 0 0 0 1 2 2 0 0 0 1 0 0 0 0 0 0 0 0 0 0 0 0 0 0 1 1 1 1 1 1 1 1 1 0 0 0 0 0 0 0 3 2 1 1 
miss human 14 10 16 16 8 8 6 5 8 8 5 6 4 4 2 3 0 0 0 0 0 0 0 0 0 0 0 0 0 0 0 0 0 0 0 0 0 0 0 0 0 0 0 0 0 0 0 0 
miss window 14 10 5 5 3 2 0 0 0 0 0 0 0 0 0 0 0 2 2 2 0 0 1 0 0 0 0 0 0 0 0 0 0 0 0 0 0 0 0 0 0 0 0 0 0 0 0 0 
acm fire 14 10 1 2 2 2 2 3 5 7 7 7 7 8 8 8 8 8 8 8 8 8 8 8 8 8 8 8 9 10 11 12 13 14 15 16 17 17 17 17 17 17 17 17 20 22 23 24 
acm human 14 10 16 32 40 48 54 59 67 75 80 86 90 94 96 99 99 99 99 99 99 99 99 99 99 99 99 99 99 99 99 99 99 99 99 99 99 99 99 99 99 99 99 99 99 99 99 99 
acm window 14 10 5 10 13 15 15 15 15 15 15 15 15 15 15 15 15 17 19 21 21 21 22 22 22 22 22 22 22 22 22 22 22 22 22 22 22 22 22 22 22 22 22 22 22 22 22 22 
tsim fire 14 10 1 1 1 1 1 2 3 3 3 3 3 4 4 4 4 4 4 4 4 4 4 4 4 4 4 4 4 4 4 4 4 4 4 3 3 3 3 3 3 3 3 3 6 6 7 7 
tsim human 14 10 16 16 16 15 15 14 18 18 18 15 14 14 12 11 10 10 10 10 10 10 10 10 10 10 10 10 10 10 10 10 10 10 10 10 10 10 10 10 10 10 10 10 10 10 10 10 
tsim window 14 10 5 5 5 5 5 5 8 8 8 8 8 8 8 8 8 10 10 10 10 10 11 11 11 11 11 11 11 11 11 11 11 11 11 11 11 11 11 11 11 11 11 11 15 15 15 15 
task_num -1 14 10 379
runtime -1 14 10 0.32873988151550293 0.688244104385376 0.39052867889404297 0.4121742248535156 0.43657755851745605 0.42671775817871094 0.4819824695587158 0.4505031108856201 0.4331479072570801 0.2467045783996582 
avg_run -1 14 10 0.42953202724456785
al_time -1 14 10 0.015736818313598633 0.5791201591491699 0.06301450729370117 0.013690948486328125 0.014085769653320312 0.013273239135742188 0.02224111557006836 0.022910118103027344 0.019710540771484375 1.0574371814727783 
avg_all -1 14 10 0.18212203979492186
random:11T:2700
sum 0 14 11 60 32 
sum 1 14 11 180 47 
sum 2 14 11 240 53 
sum 3 14 11 360 58 
sum 4 14 11 540 65 
sum 5 14 11 600 66 
sum 6 14 11 900 70 
sum 7 14 11 1200 72 
sum 8 14 11 1500 76 
sum 9 14 11 1800 81 
sum 10 14 11 2100 83 
sum 11 14 11 2400 83 
sum 12 14 11 2700 88 
miss fire 14 11 1 1 0 0 1 1 1 1 1 2 1 1 0 0 0 0 0 0 0 0 0 0 1 1 1 1 1 1 1 1 1 1 1 0 0 0 0 0 0 0 0 0 0 1 1 3 
miss human 14 11 12 12 7 3 3 2 0 1 1 1 0 0 0 0 0 0 0 0 0 0 0 0 0 0 0 0 0 0 0 0 0 0 0 0 0 0 0 0 0 0 0 0 0 0 0 0 
miss window 14 11 3 3 3 2 2 1 0 0 0 0 0 0 0 1 1 1 0 0 1 1 0 0 0 0 0 0 0 0 0 0 0 0 0 0 0 0 0 0 0 0 0 0 0 0 0 0 
acm fire 14 11 1 2 2 2 3 4 5 6 7 9 10 11 11 11 11 11 11 11 11 11 11 11 12 13 14 15 16 17 18 19 20 21 22 22 22 22 22 22 22 22 22 22 22 23 24 27 
acm human 14 11 12 24 31 34 37 39 39 40 41 42 42 42 42 42 42 42 42 42 42 42 42 42 42 42 42 42 42 42 42 42 42 42 42 42 42 42 42 42 42 42 42 42 42 42 42 42 
acm window 14 11 3 6 9 11 13 14 14 14 14 14 14 14 14 15 16 17 17 17 18 19 19 19 19 19 19 19 19 19 19 19 19 19 19 19 19 19 19 19 19 19 19 19 19 19 19 19 
tsim fire 14 11 1 1 1 1 2 2 2 2 3 4 4 4 4 4 4 4 4 4 4 4 4 4 4 4 4 4 4 4 4 4 4 4 4 3 3 3 3 3 3 3 3 3 3 4 4 6 
tsim human 14 11 12 12 12 11 11 10 8 7 7 7 7 7 7 7 7 7 7 7 7 7 7 7 7 7 7 7 7 7 7 7 7 7 7 7 7 7 7 7 7 7 7 7 7 7 7 7 
tsim window 14 11 3 3 3 3 3 3 3 3 3 6 6 6 6 7 7 8 8 8 9 9 9 9 9 9 9 9 9 9 9 9 9 9 9 9 9 9 9 9 9 9 9 9 9 9 9 14 
task_num -1 14 11 294
runtime -1 14 11 0.3329141139984131 0.4375152587890625 0.5674960613250732 0.3811769485473633 0.3669126033782959 0.8171548843383789 0.3812673091888428 0.34583139419555664 
avg_run -1 14 11 0.4537835717201233
al_time -1 14 11 0.015432119369506836 0.011505842208862305 0.013666868209838867 0.49326562881469727 0.02376103401184082 0.02996659278869629 0.015190362930297852 0.019159555435180664 
avg_all -1 14 11 0.07774350047111511
random:12T:2700
sum 0 14 12 60 42 
sum 1 14 12 180 59 
sum 2 14 12 240 60 
sum 3 14 12 360 60 
sum 4 14 12 540 63 
sum 5 14 12 600 65 
sum 6 14 12 900 67 
sum 7 14 12 1200 68 
sum 8 14 12 1500 70 
sum 9 14 12 1800 71 
sum 10 14 12 2100 71 
sum 11 14 12 2400 76 
sum 12 14 12 2700 79 
miss fire 14 12 1 1 0 0 0 0 0 0 0 1 1 0 0 0 1 0 0 0 0 0 0 0 0 0 0 0 0 1 0 0 0 0 0 0 0 0 0 0 0 0 0 1 1 0 0 0 
miss human 14 12 17 15 7 4 1 0 0 2 0 0 1 0 1 0 0 0 0 0 0 0 0 0 0 0 0 0 0 0 0 0 0 0 0 0 0 0 0 0 0 0 0 0 0 0 0 0 
miss window 14 12 4 4 4 2 0 0 0 0 0 0 0 0 0 0 0 0 0 0 0 0 1 0 0 1 1 0 0 0 0 0 0 0 0 0 0 0 1 1 1 1 1 1 0 0 0 0 
acm fire 14 12 1 2 2 2 2 2 2 2 2 3 4 4 4 4 5 5 5 5 5 5 5 5 5 5 5 5 5 6 6 6 6 6 6 6 6 6 6 6 6 6 6 7 8 8 8 8 
acm human 14 12 17 32 39 43 44 44 44 46 46 46 47 47 48 48 48 48 48 48 48 48 48 48 48 48 48 48 48 48 48 48 48 48 48 48 48 48 48 48 48 48 48 48 48 48 48 48 
acm window 14 12 4 8 12 14 14 14 14 14 14 14 14 14 14 14 14 14 14 14 14 14 15 15 15 16 17 17 17 17 17 17 17 17 17 17 17 17 18 19 20 21 22 23 23 23 23 23 
tsim fire 14 12 1 1 1 1 1 1 1 1 1 2 2 2 2 2 3 3 3 3 3 3 3 3 3 3 3 3 3 4 4 4 4 4 4 4 4 4 4 4 4 4 4 5 5 5 5 5 
tsim human 14 12 17 15 14 14 13 13 13 12 10 10 9 9 8 8 8 8 8 8 8 8 8 8 8 8 8 8 8 8 8 8 8 8 8 8 8 8 8 8 8 8 8 8 8 8 8 8 
tsim window 14 12 4 4 4 4 4 4 4 4 4 4 4 4 4 4 5 5 5 5 5 5 6 6 6 7 7 7 7 7 7 7 7 7 7 7 7 7 8 8 8 8 8 8 8 8 8 8 
task_num -1 14 12 304
runtime -1 14 12 0.38696932792663574 0.621229887008667 0.4103727340698242 0.41610145568847656 0.40584421157836914 0.41194963455200195 0.39237213134765625 0.4389173984527588 0.3954026699066162 0.30072784423828125 0.15073418617248535 
avg_run -1 14 12 0.3936928619037975
al_time -1 14 12 0.013738632202148438 0.011569738388061523 0.01073002815246582 0.010645866394042969 0.011452913284301758 0.49106764793395996 0.0211942195892334 0.013828516006469727 0.019121646881103516 0.015774250030517578 0.010242938995361328 
avg_all -1 14 12 0.057215127077969635
random:13T:2700
sum 0 14 13 60 32 
sum 1 14 13 180 44 
sum 2 14 13 240 48 
sum 3 14 13 360 54 
sum 4 14 13 540 61 
sum 5 14 13 600 64 
sum 6 14 13 900 65 
sum 7 14 13 1200 68 
sum 8 14 13 1500 70 
sum 9 14 13 1800 71 
sum 10 14 13 2100 72 
sum 11 14 13 2400 72 
sum 12 14 13 2700 74 
miss fire 14 13 1 1 0 0 0 0 0 0 0 1 1 1 0 0 0 0 0 0 1 1 1 1 0 0 0 0 0 0 0 0 0 0 0 0 1 0 0 0 0 0 0 0 0 0 1 1 
miss human 14 13 12 12 5 4 4 5 1 1 3 2 2 0 0 0 0 0 0 0 0 0 0 0 0 0 0 0 0 0 0 0 0 0 0 0 0 0 0 0 0 0 0 0 0 0 0 0 
miss window 14 13 3 3 2 1 0 0 0 0 0 0 0 0 0 0 0 0 0 0 0 0 0 1 0 0 0 0 0 0 1 0 0 0 0 0 0 0 0 0 0 0 0 0 0 0 0 0 
acm fire 14 13 1 2 2 2 2 2 2 2 2 3 4 5 5 5 5 5 5 5 6 7 8 9 9 9 9 9 9 9 9 9 9 9 9 9 10 10 10 10 10 10 10 10 10 10 11 12 
acm human 14 13 12 24 29 33 37 42 43 44 47 49 51 51 51 51 51 51 51 51 51 51 51 51 51 51 51 51 51 51 51 51 51 51 51 51 51 51 51 51 51 51 51 51 51 51 51 51 
acm window 14 13 3 6 8 9 9 9 9 9 9 9 9 9 9 9 9 9 9 9 9 9 9 10 10 10 10 10 10 10 11 11 11 11 11 11 11 11 11 11 11 11 11 11 11 11 11 11 
tsim fire 14 13 1 1 1 1 1 1 1 1 1 2 2 2 2 2 2 2 2 2 3 3 3 3 3 3 3 3 3 3 3 3 3 3 3 3 4 4 4 4 4 4 4 4 4 4 5 5 
tsim human 14 13 12 12 12 12 12 11 8 8 8 7 7 5 5 5 5 5 5 5 5 5 5 5 5 5 5 5 5 5 5 5 5 5 5 5 5 5 5 5 5 5 5 5 5 5 5 5 
tsim window 14 13 3 3 3 3 3 3 3 3 3 3 3 3 3 3 3 3 3 3 9 9 9 10 10 10 10 10 10 10 11 11 11 11 11 11 11 11 11 11 11 11 11 11 11 11 12 12 
task_num -1 14 13 294
runtime -1 14 13 0.30911850929260254 0.6914575099945068 0.3807041645050049 0.612147331237793 0.5877211093902588 1.0417273044586182 0.46382784843444824 
avg_run -1 14 13 0.5838148253304618
al_time -1 14 13 0.014648199081420898 0.011178016662597656 0.012936830520629883 0.5069036483764648 0.025161027908325195 0.01369786262512207 0.020339012145996094 
avg_all -1 14 13 0.08640922818865095
random:14T:2700
sum 0 14 14 60 38 
sum 1 14 14 180 49 
sum 2 14 14 240 54 
sum 3 14 14 360 56 
sum 4 14 14 540 59 
sum 5 14 14 600 59 
sum 6 14 14 900 61 
sum 7 14 14 1200 62 
sum 8 14 14 1500 62 
sum 9 14 14 1800 71 
sum 10 14 14 2100 80 
sum 11 14 14 2400 83 
sum 12 14 14 2700 90 
miss fire 14 14 1 1 0 0 2 0 0 0 0 0 0 0 0 0 0 0 1 0 0 0 0 0 0 0 0 0 0 0 0 2 2 2 2 1 2 0 0 0 0 0 0 0 0 1 0 0 
miss human 14 14 13 11 2 1 1 1 0 0 2 1 0 0 0 0 0 0 0 0 0 0 0 0 0 0 0 0 0 0 0 0 0 0 0 0 0 0 0 0 0 0 0 0 0 0 0 0 
miss window 14 14 6 6 4 4 2 1 0 0 0 0 0 0 1 1 0 0 0 0 0 0 0 0 0 0 0 0 1 1 1 1 1 1 1 0 0 0 0 0 0 0 3 2 2 2 0 0 
acm fire 14 14 1 2 2 2 4 4 4 4 4 4 4 4 4 4 4 4 5 5 5 5 5 5 5 5 5 5 5 5 5 7 9 11 13 14 16 16 16 16 16 16 16 16 16 17 17 17 
acm human 14 14 13 24 26 27 28 29 29 29 31 32 32 32 32 32 32 32 32 32 32 32 32 32 32 32 32 32 32 32 32 32 32 32 32 32 32 32 32 32 32 32 32 32 32 32 32 32 
acm window 14 14 6 12 16 20 22 23 23 23 23 23 23 23 24 25 25 25 25 25 25 25 25 25 25 25 25 25 26 27 28 29 30 31 32 32 32 32 32 32 32 32 35 37 39 41 41 41 
tsim fire 14 14 1 1 1 1 3 3 3 3 3 3 3 3 3 3 3 3 4 4 4 4 4 4 4 4 4 4 4 4 4 6 6 7 7 7 8 8 8 8 8 8 8 8 8 9 9 9 
tsim human 14 14 13 11 10 9 9 9 9 9 8 7 7 7 7 7 7 7 7 7 7 7 7 7 7 7 7 7 7 7 7 7 7 7 7 7 7 7 7 7 7 7 7 7 7 7 7 7 
tsim window 14 14 6 6 6 6 6 6 6 6 6 6 6 6 7 7 7 7 11 11 11 11 11 11 11 11 11 11 12 12 12 12 12 12 12 12 12 12 12 12 12 12 15 15 16 16 16 16 
task_num -1 14 14 308
runtime -1 14 14 0.30435705184936523 1.2396299839019775 0.3193013668060303 0.3073759078979492 0.29892992973327637 0.6456141471862793 1.0454041957855225 0.36414599418640137 0.33072423934936523 0.3301980495452881 
avg_run -1 14 14 0.5185680866241456
al_time -1 14 14 0.01538705825805664 0.011712312698364258 0.01055145263671875 0.010675907135009766 0.4995152950286865 0.02222585678100586 0.015169143676757812 0.04357552528381348 0.013538599014282227 0.020227670669555664 
avg_all -1 14 14 0.0662578821182251
random:15T:2700
sum 0 14 15 60 48 
sum 1 14 15 180 78 
sum 2 14 15 240 88 
sum 3 14 15 360 104 
sum 4 14 15 540 111 
sum 5 14 15 600 112 
sum 6 14 15 900 117 
sum 7 14 15 1200 119 
sum 8 14 15 1500 121 
sum 9 14 15 1800 122 
sum 10 14 15 2100 122 
sum 11 14 15 2400 129 
sum 12 14 15 2700 136 
miss fire 14 15 2 2 0 0 0 0 1 1 1 1 0 0 0 0 0 0 0 0 0 0 0 0 0 0 1 1 0 0 0 1 0 0 0 0 0 0 0 1 1 1 1 1 1 1 1 1 
miss human 14 15 15 15 9 8 8 6 6 2 1 1 1 1 1 1 1 1 1 0 0 0 0 0 0 0 0 0 0 0 0 0 0 0 0 0 0 0 0 0 0 0 0 0 0 0 0 0 
miss window 14 15 7 7 7 6 2 2 1 0 0 0 0 0 0 0 0 0 1 0 0 0 0 0 0 0 0 0 0 0 0 0 0 0 0 0 0 0 0 0 1 1 1 1 0 0 0 1 
acm fire 14 15 2 4 4 4 4 4 5 6 7 8 8 8 8 8 8 8 8 8 8 8 8 8 8 8 9 10 10 10 10 11 11 11 11 11 11 11 11 12 13 14 15 16 17 18 19 20 
acm human 14 15 15 30 39 47 55 61 67 69 70 71 72 73 74 75 76 77 78 78 78 78 78 78 78 78 78 78 78 78 78 78 78 78 78 78 78 78 78 78 78 78 78 78 78 78 78 78 
acm window 14 15 7 14 21 27 29 31 32 32 32 32 32 32 32 32 32 32 33 33 33 33 33 33 33 33 33 33 33 33 33 33 33 33 33 33 33 33 33 33 34 35 36 37 37 37 37 38 
tsim fire 14 15 2 2 2 2 2 2 3 3 3 3 3 3 3 3 3 3 3 3 3 3 3 3 3 3 4 4 4 4 4 5 5 5 5 5 5 5 5 6 7 7 7 7 7 7 7 7 
tsim human 14 15 15 15 15 15 15 13 12 9 9 9 9 9 9 9 9 9 9 8 8 8 8 8 8 8 8 8 8 8 8 8 8 8 8 8 8 8 8 8 8 8 8 8 8 8 8 8 
tsim window 14 15 7 7 7 8 8 8 8 8 8 8 8 8 8 8 8 8 9 9 9 9 9 9 9 9 11 11 11 11 11 11 11 11 11 11 11 11 11 14 15 15 15 15 15 15 15 16 
task_num -1 14 15 431
runtime -1 14 15 0.33807945251464844 0.7676515579223633 0.6690328121185303 0.5003616809844971 0.4376192092895508 0.5515344142913818 0.28591179847717285 
avg_run -1 14 15 0.5071701322283063
al_time -1 14 15 0.019588232040405273 0.014606475830078125 0.021535396575927734 0.5763633251190186 0.016677379608154297 1.1575584411621094 0.018616437911987305 
avg_all -1 14 15 0.2607065268925258
random:16T:2700
sum 0 14 16 60 41 
sum 1 14 16 180 65 
sum 2 14 16 240 79 
sum 3 14 16 360 98 
sum 4 14 16 540 121 
sum 5 14 16 600 126 
sum 6 14 16 900 134 
sum 7 14 16 1200 136 
sum 8 14 16 1500 141 
sum 9 14 16 1800 146 
sum 10 14 16 2100 148 
sum 11 14 16 2400 149 
sum 12 14 16 2700 155 
miss fire 14 16 1 1 0 0 1 0 1 1 1 1 0 0 0 0 0 0 0 0 0 0 1 1 1 1 1 1 1 1 1 1 1 1 1 0 0 0 0 0 0 0 1 0 1 1 2 2 
miss human 14 16 15 14 8 7 9 8 8 8 7 5 5 4 3 0 0 0 0 0 0 0 0 0 0 0 0 0 0 0 0 0 0 0 0 0 0 0 0 0 0 0 0 0 0 0 0 0 
miss window 14 16 5 5 5 4 4 2 0 0 0 0 0 0 1 0 0 0 1 0 0 0 0 0 0 0 0 0 0 0 0 0 0 0 0 0 0 0 0 0 0 0 0 0 0 0 0 0 
acm fire 14 16 1 2 2 2 3 3 4 5 6 7 7 7 7 7 7 7 7 7 7 7 8 9 10 11 12 13 14 15 16 17 18 19 20 20 20 20 20 20 20 20 21 21 22 23 25 27 
acm human 14 16 15 29 37 44 53 61 69 77 84 89 94 98 101 101 101 101 101 101 101 101 101 101 101 101 101 101 101 101 101 101 101 101 101 101 101 101 101 101 101 101 101 101 101 101 101 101 
acm window 14 16 5 10 15 19 23 25 25 25 25 25 25 25 26 26 26 26 27 27 27 27 27 27 27 27 27 27 27 27 27 27 27 27 27 27 27 27 27 27 27 27 27 27 27 27 27 27 
tsim fire 14 16 1 1 1 1 2 2 3 3 4 4 4 4 4 4 4 4 4 4 4 4 4 4 4 4 4 4 4 4 4 4 4 4 4 3 3 3 3 3 3 3 4 4 5 5 6 6 
tsim human 14 16 15 14 13 13 15 15 15 15 13 11 11 10 9 6 6 6 6 6 6 6 6 6 6 6 6 6 6 6 6 6 6 6 6 6 6 6 6 6 6 6 6 6 6 6 6 6 
tsim window 14 16 5 5 5 5 6 6 6 6 6 6 6 6 7 7 7 7 8 8 8 8 8 8 8 8 8 8 8 8 8 8 8 8 8 8 8 8 8 8 8 8 8 8 14 14 14 14 
task_num -1 14 16 294
runtime -1 14 16 0.3463432788848877 0.3802189826965332 0.7954428195953369 0.4360177516937256 0.46564149856567383 0.47061634063720703 0.3803691864013672 0.3338608741760254 
avg_run -1 14 16 0.4510638415813446
al_time -1 14 16 0.8211867809295654 0.012912273406982422 0.013670921325683594 0.020727157592773438 0.019614219665527344 0.014596700668334961 0.0180206298828125 0.013391733169555664 
avg_all -1 14 16 0.11676505208015442
random:17T:2700
sum 0 14 17 60 42 
sum 1 14 17 180 55 
sum 2 14 17 240 61 
sum 3 14 17 360 69 
sum 4 14 17 540 77 
sum 5 14 17 600 79 
sum 6 14 17 900 82 
sum 7 14 17 1200 82 
sum 8 14 17 1500 82 
sum 9 14 17 1800 82 
sum 10 14 17 2100 84 
sum 11 14 17 2400 89 
sum 12 14 17 2700 95 
miss fire 14 17 2 2 0 0 1 1 0 0 0 0 0 0 0 0 0 0 0 0 0 0 0 0 0 0 0 0 0 0 0 0 0 0 0 1 1 0 1 0 2 1 1 1 1 1 0 0 
miss human 14 17 13 13 2 2 2 3 3 3 1 1 1 1 0 0 0 0 0 0 0 0 0 0 0 0 0 0 0 0 0 0 0 0 0 0 0 0 0 0 0 0 0 0 0 0 0 0 
miss window 14 17 6 6 5 4 3 1 0 1 1 1 1 0 1 1 0 0 0 0 0 0 0 0 0 0 0 0 0 0 0 0 0 0 0 0 0 0 0 0 0 0 0 0 0 0 1 2 
acm fire 14 17 2 4 4 4 5 6 6 6 6 6 6 6 6 6 6 6 6 6 6 6 6 6 6 6 6 6 6 6 6 6 6 6 6 7 8 8 9 9 11 12 13 14 15 16 16 16 
acm human 14 17 13 26 28 30 32 35 38 41 42 43 44 45 45 45 45 45 45 45 45 45 45 45 45 45 45 45 45 45 45 45 45 45 45 45 45 45 45 45 45 45 45 45 45 45 45 45 
acm window 14 17 6 12 17 21 24 25 25 26 27 28 29 29 30 31 31 31 31 31 31 31 31 31 31 31 31 31 31 31 31 31 31 31 31 31 31 31 31 31 31 31 31 31 31 31 32 34 
tsim fire 14 17 2 2 2 2 3 3 3 3 3 3 3 3 3 3 3 3 3 3 3 3 3 3 3 3 3 3 3 3 3 3 3 3 3 4 4 4 5 5 7 7 7 7 7 7 7 7 
tsim human 14 17 13 13 13 13 13 12 12 12 11 11 11 10 10 10 10 10 10 10 10 10 10 10 10 10 10 10 10 10 10 10 10 10 10 10 10 10 10 10 10 10 10 10 10 10 10 10 
tsim window 14 17 6 6 6 6 6 6 6 7 7 7 7 7 8 8 8 8 8 8 8 8 8 8 8 8 8 8 8 8 8 8 8 8 8 8 8 8 8 8 10 10 10 10 10 10 11 12 
task_num -1 14 17 374
runtime -1 14 17 0.31566739082336426 1.1345949172973633 0.4967811107635498 0.5027220249176025 0.516176700592041 0.49161458015441895 0.3471512794494629 0.2517576217651367 0.0512089729309082 
avg_run -1 14 17 0.4564082887437608
al_time -1 14 17 0.01999044418334961 0.016785144805908203 0.020460844039916992 0.021993398666381836 0.014087915420532227 0.013401269912719727 0.5758912563323975 0.018067359924316406 0.01032710075378418 
avg_all -1 14 17 0.07900052600436741
random:18T:2700
sum 0 14 18 60 38 
sum 1 14 18 180 54 
sum 2 14 18 240 61 
sum 3 14 18 360 71 
sum 4 14 18 540 80 
sum 5 14 18 600 81 
sum 6 14 18 900 84 
sum 7 14 18 1200 86 
sum 8 14 18 1500 91 
sum 9 14 18 1800 96 
sum 10 14 18 2100 98 
sum 11 14 18 2400 98 
sum 12 14 18 2700 102 
miss fire 14 18 1 1 0 0 0 0 0 0 0 1 1 1 1 1 0 0 0 0 0 0 0 0 0 0 1 1 1 1 1 1 1 1 1 0 0 0 0 0 0 0 0 1 0 0 1 2 
miss human 14 18 16 16 6 6 5 5 4 3 2 3 0 0 0 0 0 0 0 0 0 0 0 0 0 0 0 0 0 0 0 0 0 0 0 0 0 0 0 0 0 0 0 0 0 0 0 0 
miss window 14 18 2 2 2 2 2 1 0 0 0 0 0 0 0 0 0 0 0 0 1 0 1 1 1 1 0 0 0 0 0 0 0 0 0 0 0 0 0 0 0 0 0 0 0 0 0 0 
acm fire 14 18 1 2 2 2 2 2 2 2 2 3 4 5 6 7 7 7 7 7 7 7 7 7 7 7 8 9 10 11 12 13 14 15 16 16 16 16 16 16 16 16 16 17 17 17 18 20 
acm human 14 18 16 32 38 44 49 54 58 61 63 66 66 66 66 66 66 66 66 66 66 66 66 66 66 66 66 66 66 66 66 66 66 66 66 66 66 66 66 66 66 66 66 66 66 66 66 66 
acm window 14 18 2 4 6 8 10 11 11 11 11 11 11 11 11 11 11 11 11 11 12 12 13 14 15 16 16 16 16 16 16 16 16 16 16 16 16 16 16 16 16 16 16 16 16 16 16 16 
tsim fire 14 18 1 1 1 1 1 1 1 1 1 2 2 3 3 3 3 3 3 3 3 3 3 3 3 3 3 3 3 3 3 3 3 3 3 2 2 2 2 2 2 2 2 3 3 3 4 5 
tsim human 14 18 16 16 16 15 14 14 14 11 10 10 7 7 7 7 7 7 7 7 7 7 7 7 7 7 7 7 7 7 7 7 7 7 7 7 7 7 7 7 7 7 7 7 7 7 7 7 
tsim window 14 18 2 2 2 2 2 2 2 2 2 2 2 4 4 4 4 4 4 4 5 5 6 6 6 6 6 6 6 6 6 6 6 6 6 6 6 6 6 6 6 6 6 6 6 6 6 6 
task_num -1 14 18 298
runtime -1 14 18 0.3226022720336914 0.7974400520324707 0.5314493179321289 0.41886281967163086 0.36556458473205566 0.5023715496063232 0.35268211364746094 0.3350064754486084 0.3979299068450928 
avg_run -1 14 18 0.447101010216607
al_time -1 14 18 0.015455484390258789 0.012073993682861328 0.011392354965209961 0.5315165519714355 0.022161245346069336 0.02091813087463379 0.012365579605102539 0.016956806182861328 0.033963680267333984 
avg_all -1 14 18 0.07520042525397407
random:19T:2700
