random:0T:1200
1 -1 0 171
1 -1 1 202
1 -1 2 235
1 -1 3 213
1 -1 4 209
1 -1 5 225
1 -1 6 176
1 -1 7 171
1 -1 8 217
random:0T:1800
1 -1 0 201
1 -1 1 238
1 -1 2 253
1 -1 3 296
1 -1 4 261
1 -1 5 262
1 -1 6 212
1 -1 7 197
1 -1 8 246
random:0T:2400
1 -1 0 270
1 -1 1 314
1 -1 2 288
1 -1 3 364
1 -1 4 302
1 -1 5 331
1 -1 6 272
1 -1 7 247
1 -1 8 277
random:0T:3000
1 -1 0 244
1 -1 1 408
1 -1 2 342
1 -1 3 417
1 -1 4 362
1 -1 5 368
1 -1 6 301
1 -1 7 263
1 -1 8 361
random:1T:1200
1 -1 0 109
1 -1 1 163
1 -1 2 167
1 -1 3 232
1 -1 4 157
1 -1 5 189
1 -1 6 141
1 -1 7 126
1 -1 8 151
random:1T:1800
1 -1 0 144
1 -1 1 224
1 -1 2 173
1 -1 3 371
1 -1 4 251
1 -1 5 304
1 -1 6 148
1 -1 7 161
1 -1 8 262
random:1T:2400
1 -1 0 245
1 -1 1 298
1 -1 2 240
1 -1 3 513
1 -1 4 251
1 -1 5 404
1 -1 6 235
1 -1 7 245
1 -1 8 245
random:1T:3000
1 -1 0 249
1 -1 1 501
1 -1 2 315
1 -1 3 674
1 -1 4 395
1 -1 5 564
1 -1 6 355
1 -1 7 234
1 -1 8 232
random:2T:1200
1 -1 0 76
1 -1 1 97
1 -1 2 94
1 -1 3 114
1 -1 4 102
1 -1 5 83
1 -1 6 104
1 -1 7 92
1 -1 8 92
random:2T:1800
1 -1 0 86
1 -1 1 76
1 -1 2 122
1 -1 3 118
1 -1 4 159
1 -1 5 115
1 -1 6 84
1 -1 7 98
1 -1 8 102
random:2T:2400
1 -1 0 73
1 -1 1 111
1 -1 2 141
1 -1 3 127
1 -1 4 121
1 -1 5 108
1 -1 6 83
1 -1 7 68
1 -1 8 112
random:2T:3000
1 -1 0 110
1 -1 1 157
1 -1 2 206
1 -1 3 171
1 -1 4 185
1 -1 5 125
1 -1 6 125
1 -1 7 116
1 -1 8 199
random:3T:1200
1 -1 0 92
1 -1 1 114
1 -1 2 117
1 -1 3 207
1 -1 4 129
1 -1 5 128
1 -1 6 93
1 -1 7 94
1 -1 8 97
random:3T:1800
1 -1 0 113
1 -1 1 142
1 -1 2 132
1 -1 3 333
1 -1 4 161
1 -1 5 154
1 -1 6 116
1 -1 7 101
1 -1 8 126
random:3T:2400
1 -1 0 146
1 -1 1 183
1 -1 2 149
1 -1 3 453
1 -1 4 184
1 -1 5 190
1 -1 6 150
1 -1 7 145
1 -1 8 148
random:3T:3000
1 -1 0 159
1 -1 1 214
1 -1 2 179
1 -1 3 475
1 -1 4 208
1 -1 5 233
1 -1 6 165
1 -1 7 122
1 -1 8 168
random:4T:1200
1 -1 0 110
1 -1 1 147
1 -1 2 135
1 -1 3 187
1 -1 4 119
1 -1 5 164
1 -1 6 124
1 -1 7 96
1 -1 8 115
random:4T:1800
1 -1 0 141
1 -1 1 153
1 -1 2 161
1 -1 3 313
1 -1 4 136
1 -1 5 204
1 -1 6 132
1 -1 7 118
1 -1 8 144
random:4T:2400
1 -1 0 145
1 -1 1 152
1 -1 2 187
1 -1 3 429
1 -1 4 175
1 -1 5 184
1 -1 6 146
1 -1 7 142
1 -1 8 155
random:4T:3000
1 -1 0 156
1 -1 1 236
1 -1 2 188
1 -1 3 422
1 -1 4 210
1 -1 5 231
1 -1 6 187
1 -1 7 169
1 -1 8 172
random:5T:1200
1 -1 0 162
1 -1 1 202
1 -1 2 208
1 -1 3 262
1 -1 4 195
1 -1 5 215
1 -1 6 170
1 -1 7 194
1 -1 8 229
random:5T:1800
1 -1 0 189
1 -1 1 224
1 -1 2 248
1 -1 3 410
1 -1 4 211
1 -1 5 284
1 -1 6 193
1 -1 7 186
1 -1 8 251
random:5T:2400
1 -1 0 182
1 -1 1 246
1 -1 2 304
1 -1 3 453
1 -1 4 201
1 -1 5 336
1 -1 6 240
1 -1 7 258
1 -1 8 317
random:5T:3000
1 -1 0 272
1 -1 1 324
1 -1 2 373
1 -1 3 616
1 -1 4 322
1 -1 5 386
1 -1 6 328
1 -1 7 342
1 -1 8 352
random:6T:1200
1 -1 0 119
1 -1 1 153
1 -1 2 137
1 -1 3 202
1 -1 4 131
1 -1 5 146
1 -1 6 129
1 -1 7 131
1 -1 8 153
random:6T:1800
1 -1 0 144
1 -1 1 172
1 -1 2 183
1 -1 3 308
1 -1 4 158
1 -1 5 168
1 -1 6 147
1 -1 7 156
1 -1 8 169
random:6T:2400
1 -1 0 195
1 -1 1 211
1 -1 2 209
1 -1 3 381
1 -1 4 200
1 -1 5 200
1 -1 6 195
1 -1 7 169
1 -1 8 211
random:6T:3000
1 -1 0 203
1 -1 1 279
1 -1 2 288
1 -1 3 461
1 -1 4 272
1 -1 5 289
1 -1 6 254
1 -1 7 226
1 -1 8 286
random:7T:1200
1 -1 0 92
1 -1 1 121
1 -1 2 140
1 -1 3 183
1 -1 4 150
1 -1 5 125
1 -1 6 112
1 -1 7 114
1 -1 8 123
random:7T:1800
1 -1 0 131
1 -1 1 150
1 -1 2 169
1 -1 3 192
1 -1 4 134
1 -1 5 160
1 -1 6 133
1 -1 7 126
1 -1 8 205
random:7T:2400
1 -1 0 147
1 -1 1 196
1 -1 2 261
1 -1 3 350
1 -1 4 200
1 -1 5 200
1 -1 6 152
1 -1 7 127
1 -1 8 181
random:7T:3000
1 -1 0 159
1 -1 1 202
1 -1 2 293
1 -1 3 278
1 -1 4 311
1 -1 5 237
1 -1 6 202
1 -1 7 190
1 -1 8 293
random:8T:1200
1 -1 0 109
1 -1 1 138
1 -1 2 107
1 -1 3 177
1 -1 4 153
1 -1 5 130
1 -1 6 96
1 -1 7 95
1 -1 8 107
random:8T:1800
1 -1 0 122
1 -1 1 214
1 -1 2 158
1 -1 3 215
1 -1 4 228
1 -1 5 208
1 -1 6 140
1 -1 7 126
1 -1 8 152
random:8T:2400
1 -1 0 146
1 -1 1 257
1 -1 2 216
1 -1 3 240
1 -1 4 226
1 -1 5 347
1 -1 6 152
1 -1 7 125
1 -1 8 164
random:8T:3000
1 -1 0 148
1 -1 1 416
1 -1 2 270
1 -1 3 270
1 -1 4 386
1 -1 5 368
1 -1 6 177
1 -1 7 188
1 -1 8 192
random:9T:1200
1 -1 0 147
1 -1 1 166
1 -1 2 186
1 -1 3 219
1 -1 4 177
1 -1 5 193
1 -1 6 181
1 -1 7 180
1 -1 8 172
random:9T:1800
1 -1 0 160
1 -1 1 211
1 -1 2 188
1 -1 3 290
1 -1 4 206
1 -1 5 189
1 -1 6 207
1 -1 7 228
1 -1 8 208
random:9T:2400
1 -1 0 168
1 -1 1 245
1 -1 2 221
1 -1 3 388
1 -1 4 224
1 -1 5 261
1 -1 6 197
1 -1 7 224
1 -1 8 230
random:9T:3000
1 -1 0 176
1 -1 1 247
1 -1 2 277
1 -1 3 393
1 -1 4 276
1 -1 5 257
1 -1 6 250
1 -1 7 245
1 -1 8 274
