random:0T:1200
3 -1 0 115
3 -1 1 153
3 -1 2 134
3 -1 3 210
3 -1 4 132
3 -1 5 154
3 -1 6 132
3 -1 7 120
3 -1 8 144
random:0T:1800
3 -1 0 147
3 -1 1 173
3 -1 2 171
3 -1 3 314
3 -1 4 173
3 -1 5 200
3 -1 6 151
3 -1 7 146
3 -1 8 160
random:0T:2400
3 -1 0 167
3 -1 1 199
3 -1 2 215
3 -1 3 379
3 -1 4 202
3 -1 5 209
3 -1 6 204
3 -1 7 176
3 -1 8 198
random:0T:3000
3 -1 0 177
3 -1 1 237
3 -1 2 206
3 -1 3 394
3 -1 4 218
3 -1 5 323
3 -1 6 242
3 -1 7 181
3 -1 8 189
random:1T:1200
3 -1 0 111
3 -1 1 98
3 -1 2 105
3 -1 3 195
3 -1 4 98
3 -1 5 124
3 -1 6 96
3 -1 7 89
3 -1 8 99
random:1T:1800
3 -1 0 119
3 -1 1 133
3 -1 2 144
3 -1 3 312
3 -1 4 150
3 -1 5 205
3 -1 6 124
3 -1 7 90
3 -1 8 136
random:1T:2400
3 -1 0 182
3 -1 1 201
3 -1 2 234
3 -1 3 349
3 -1 4 229
3 -1 5 215
3 -1 6 122
3 -1 7 134
3 -1 8 220
random:1T:3000
3 -1 0 212
3 -1 1 221
3 -1 2 269
3 -1 3 532
3 -1 4 279
3 -1 5 356
3 -1 6 182
3 -1 7 155
3 -1 8 239
random:2T:1200
3 -1 0 48
3 -1 1 66
3 -1 2 56
3 -1 3 69
3 -1 4 60
3 -1 5 64
3 -1 6 59
3 -1 7 59
3 -1 8 53
random:2T:1800
3 -1 0 45
3 -1 1 70
3 -1 2 68
3 -1 3 69
3 -1 4 74
3 -1 5 76
3 -1 6 51
3 -1 7 51
3 -1 8 68
random:2T:2400
3 -1 0 58
3 -1 1 93
3 -1 2 79
3 -1 3 84
3 -1 4 77
3 -1 5 73
3 -1 6 76
3 -1 7 56
3 -1 8 59
random:2T:3000
3 -1 0 93
3 -1 1 133
3 -1 2 135
3 -1 3 103
3 -1 4 128
3 -1 5 144
3 -1 6 119
3 -1 7 110
3 -1 8 137
random:3T:1200
3 -1 0 77
3 -1 1 82
3 -1 2 97
3 -1 3 203
3 -1 4 86
3 -1 5 78
3 -1 6 73
3 -1 7 74
3 -1 8 119
random:3T:1800
3 -1 0 99
3 -1 1 151
3 -1 2 119
3 -1 3 131
3 -1 4 122
3 -1 5 115
3 -1 6 101
3 -1 7 102
3 -1 8 117
random:3T:2400
3 -1 0 117
3 -1 1 190
3 -1 2 146
3 -1 3 252
3 -1 4 150
3 -1 5 150
3 -1 6 136
3 -1 7 130
3 -1 8 185
random:3T:3000
3 -1 0 130
3 -1 1 150
3 -1 2 189
3 -1 3 230
3 -1 4 185
3 -1 5 184
3 -1 6 166
3 -1 7 156
3 -1 8 196
random:4T:1200
3 -1 0 89
3 -1 1 85
3 -1 2 100
3 -1 3 153
3 -1 4 115
3 -1 5 89
3 -1 6 81
3 -1 7 87
3 -1 8 97
random:4T:1800
3 -1 0 132
3 -1 1 109
3 -1 2 114
3 -1 3 187
3 -1 4 103
3 -1 5 107
3 -1 6 100
3 -1 7 114
3 -1 8 108
random:4T:2400
3 -1 0 141
3 -1 1 163
3 -1 2 124
3 -1 3 217
3 -1 4 127
3 -1 5 108
3 -1 6 119
3 -1 7 136
3 -1 8 120
random:4T:3000
3 -1 0 123
3 -1 1 183
3 -1 2 165
3 -1 3 389
3 -1 4 149
3 -1 5 160
3 -1 6 127
3 -1 7 133
3 -1 8 151
random:5T:1200
3 -1 0 118
3 -1 1 122
3 -1 2 132
3 -1 3 232
3 -1 4 133
3 -1 5 148
3 -1 6 108
3 -1 7 110
3 -1 8 135
random:5T:1800
3 -1 0 134
3 -1 1 156
3 -1 2 196
3 -1 3 314
3 -1 4 150
3 -1 5 192
3 -1 6 140
3 -1 7 121
3 -1 8 169
random:5T:2400
3 -1 0 165
3 -1 1 207
3 -1 2 209
3 -1 3 371
3 -1 4 217
3 -1 5 209
3 -1 6 155
3 -1 7 133
3 -1 8 192
random:5T:3000
3 -1 0 187
3 -1 1 266
3 -1 2 261
3 -1 3 582
3 -1 4 275
3 -1 5 273
3 -1 6 212
3 -1 7 175
3 -1 8 317
random:6T:1200
3 -1 0 100
3 -1 1 108
3 -1 2 108
3 -1 3 208
3 -1 4 97
3 -1 5 117
3 -1 6 100
3 -1 7 93
3 -1 8 95
random:6T:1800
3 -1 0 133
3 -1 1 142
3 -1 2 130
3 -1 3 209
3 -1 4 130
3 -1 5 138
3 -1 6 132
3 -1 7 131
3 -1 8 136
random:6T:2400
3 -1 0 172
3 -1 1 225
3 -1 2 187
3 -1 3 375
3 -1 4 189
3 -1 5 195
3 -1 6 173
3 -1 7 169
3 -1 8 186
random:6T:3000
3 -1 0 203
3 -1 1 225
3 -1 2 240
3 -1 3 274
3 -1 4 231
3 -1 5 200
3 -1 6 195
3 -1 7 199
3 -1 8 214
random:7T:1200
3 -1 0 64
3 -1 1 82
3 -1 2 82
3 -1 3 102
3 -1 4 82
3 -1 5 96
3 -1 6 66
3 -1 7 65
3 -1 8 90
random:7T:1800
3 -1 0 87
3 -1 1 112
3 -1 2 99
3 -1 3 116
3 -1 4 118
3 -1 5 121
3 -1 6 79
3 -1 7 90
3 -1 8 115
random:7T:2400
3 -1 0 113
3 -1 1 152
3 -1 2 149
3 -1 3 176
3 -1 4 150
3 -1 5 156
3 -1 6 134
3 -1 7 117
3 -1 8 158
random:7T:3000
3 -1 0 81
3 -1 1 207
3 -1 2 180
3 -1 3 184
3 -1 4 187
3 -1 5 197
3 -1 6 116
3 -1 7 108
3 -1 8 187
random:8T:1200
3 -1 0 78
3 -1 1 84
3 -1 2 84
3 -1 3 135
3 -1 4 83
3 -1 5 85
3 -1 6 76
3 -1 7 72
3 -1 8 85
random:8T:1800
3 -1 0 102
3 -1 1 117
3 -1 2 109
3 -1 3 162
3 -1 4 119
3 -1 5 107
3 -1 6 101
3 -1 7 97
3 -1 8 107
random:8T:2400
3 -1 0 102
3 -1 1 160
3 -1 2 155
3 -1 3 196
3 -1 4 152
3 -1 5 131
3 -1 6 131
3 -1 7 111
3 -1 8 123
random:8T:3000
3 -1 0 109
3 -1 1 211
3 -1 2 193
3 -1 3 236
3 -1 4 211
3 -1 5 166
3 -1 6 173
3 -1 7 152
3 -1 8 209
random:9T:1200
3 -1 0 127
3 -1 1 132
3 -1 2 131
3 -1 3 232
3 -1 4 133
3 -1 5 141
3 -1 6 147
3 -1 7 152
3 -1 8 137
random:9T:1800
3 -1 0 145
3 -1 1 147
3 -1 2 137
3 -1 3 280
3 -1 4 149
3 -1 5 138
3 -1 6 153
3 -1 7 144
3 -1 8 156
random:9T:2400
3 -1 0 160
3 -1 1 182
3 -1 2 153
3 -1 3 242
3 -1 4 178
3 -1 5 156
3 -1 6 164
3 -1 7 183
3 -1 8 190
random:9T:3000
3 -1 0 176
3 -1 1 208
3 -1 2 206
3 -1 3 312
3 -1 4 192
3 -1 5 178
3 -1 6 155
3 -1 7 166
3 -1 8 226
