random:0T:1200
1 -1 0 180
1 -1 1 215
1 -1 2 218
1 -1 3 256
1 -1 4 209
1 -1 5 225
1 -1 6 176
1 -1 7 171
1 -1 8 217
random:0T:1800
1 -1 0 195
1 -1 1 250
1 -1 2 263
1 -1 3 364
1 -1 4 231
1 -1 5 262
1 -1 6 202
1 -1 7 206
1 -1 8 258
random:0T:2400
1 -1 0 247
1 -1 1 288
1 -1 2 342
1 -1 3 327
1 -1 4 308
1 -1 5 304
1 -1 6 264
1 -1 7 254
1 -1 8 298
random:0T:3000
1 -1 0 254
1 -1 1 332
1 -1 2 564
1 -1 3 457
1 -1 4 322
1 -1 5 406
1 -1 6 327
1 -1 7 262
1 -1 8 326
random:1T:1200
1 -1 0 115
1 -1 1 144
1 -1 2 162
1 -1 3 263
1 -1 4 159
1 -1 5 178
1 -1 6 128
1 -1 7 144
1 -1 8 148
random:1T:1800
1 -1 0 168
1 -1 1 170
1 -1 2 197
1 -1 3 388
1 -1 4 180
1 -1 5 254
1 -1 6 262
1 -1 7 166
1 -1 8 197
random:1T:2400
1 -1 0 251
1 -1 1 255
1 -1 2 264
1 -1 3 365
1 -1 4 335
1 -1 5 372
1 -1 6 244
1 -1 7 256
1 -1 8 349
random:1T:3000
1 -1 0 321
1 -1 1 350
1 -1 2 372
1 -1 3 724
1 -1 4 302
1 -1 5 523
1 -1 6 319
1 -1 7 275
1 -1 8 526
random:2T:1200
1 -1 0 76
1 -1 1 107
1 -1 2 116
1 -1 3 94
1 -1 4 120
1 -1 5 84
1 -1 6 94
1 -1 7 81
1 -1 8 92
random:2T:1800
1 -1 0 74
1 -1 1 76
1 -1 2 122
1 -1 3 118
1 -1 4 159
1 -1 5 115
1 -1 6 84
1 -1 7 98
1 -1 8 102
random:2T:2400
1 -1 0 78
1 -1 1 120
1 -1 2 96
1 -1 3 131
1 -1 4 121
1 -1 5 97
1 -1 6 85
1 -1 7 63
1 -1 8 149
random:2T:3000
1 -1 0 115
1 -1 1 281
1 -1 2 159
1 -1 3 171
1 -1 4 163
1 -1 5 254
1 -1 6 126
1 -1 7 117
1 -1 8 170
random:3T:1200
1 -1 0 92
1 -1 1 122
1 -1 2 112
1 -1 3 207
1 -1 4 129
1 -1 5 128
1 -1 6 93
1 -1 7 94
1 -1 8 97
random:3T:1800
1 -1 0 117
1 -1 1 146
1 -1 2 129
1 -1 3 290
1 -1 4 155
1 -1 5 158
1 -1 6 116
1 -1 7 103
1 -1 8 132
random:3T:2400
1 -1 0 146
1 -1 1 181
1 -1 2 151
1 -1 3 453
1 -1 4 184
1 -1 5 190
1 -1 6 150
1 -1 7 145
1 -1 8 148
random:3T:3000
1 -1 0 161
1 -1 1 223
1 -1 2 179
1 -1 3 469
1 -1 4 230
1 -1 5 261
1 -1 6 162
1 -1 7 125
1 -1 8 173
random:4T:1200
1 -1 0 108
1 -1 1 126
1 -1 2 122
1 -1 3 196
1 -1 4 121
1 -1 5 145
1 -1 6 106
1 -1 7 101
1 -1 8 119
random:4T:1800
1 -1 0 119
1 -1 1 151
1 -1 2 145
1 -1 3 236
1 -1 4 131
1 -1 5 156
1 -1 6 125
1 -1 7 120
1 -1 8 132
random:4T:2400
1 -1 0 147
1 -1 1 171
1 -1 2 176
1 -1 3 329
1 -1 4 156
1 -1 5 182
1 -1 6 152
1 -1 7 162
1 -1 8 162
random:4T:3000
1 -1 0 158
1 -1 1 213
1 -1 2 187
1 -1 3 428
1 -1 4 195
1 -1 5 223
1 -1 6 184
1 -1 7 167
1 -1 8 189
random:5T:1200
1 -1 0 153
1 -1 1 202
1 -1 2 205
1 -1 3 265
1 -1 4 178
1 -1 5 231
1 -1 6 175
1 -1 7 174
1 -1 8 188
random:5T:1800
1 -1 0 171
1 -1 1 213
1 -1 2 295
1 -1 3 380
1 -1 4 220
1 -1 5 275
1 -1 6 172
1 -1 7 181
1 -1 8 226
random:5T:2400
1 -1 0 178
1 -1 1 266
1 -1 2 280
1 -1 3 512
1 -1 4 256
1 -1 5 419
1 -1 6 252
1 -1 7 235
1 -1 8 273
random:5T:3000
1 -1 0 275
1 -1 1 329
1 -1 2 354
1 -1 3 569
1 -1 4 329
1 -1 5 515
1 -1 6 290
1 -1 7 218
1 -1 8 354
random:6T:1200
1 -1 0 119
1 -1 1 147
1 -1 2 142
1 -1 3 195
1 -1 4 147
1 -1 5 153
1 -1 6 122
1 -1 7 114
1 -1 8 121
random:6T:1800
1 -1 0 143
1 -1 1 175
1 -1 2 154
1 -1 3 305
1 -1 4 194
1 -1 5 169
1 -1 6 149
1 -1 7 155
1 -1 8 179
random:6T:2400
1 -1 0 193
1 -1 1 213
1 -1 2 200
1 -1 3 355
1 -1 4 225
1 -1 5 211
1 -1 6 191
1 -1 7 194
1 -1 8 219
random:6T:3000
1 -1 0 240
1 -1 1 259
1 -1 2 242
1 -1 3 501
1 -1 4 261
1 -1 5 287
1 -1 6 239
1 -1 7 247
1 -1 8 304
random:7T:1200
1 -1 0 88
1 -1 1 113
1 -1 2 143
1 -1 3 183
1 -1 4 115
1 -1 5 129
1 -1 6 113
1 -1 7 111
1 -1 8 130
random:7T:1800
1 -1 0 123
1 -1 1 142
1 -1 2 158
1 -1 3 200
1 -1 4 146
1 -1 5 162
1 -1 6 120
1 -1 7 130
1 -1 8 162
random:7T:2400
1 -1 0 152
1 -1 1 179
1 -1 2 213
1 -1 3 232
1 -1 4 189
1 -1 5 218
1 -1 6 135
1 -1 7 151
1 -1 8 185
random:7T:3000
1 -1 0 190
1 -1 1 199
1 -1 2 285
1 -1 3 263
1 -1 4 312
1 -1 5 238
1 -1 6 220
1 -1 7 192
1 -1 8 312
random:8T:1200
1 -1 0 110
1 -1 1 137
1 -1 2 111
1 -1 3 193
1 -1 4 144
1 -1 5 149
1 -1 6 109
1 -1 7 112
1 -1 8 116
random:8T:1800
1 -1 0 121
1 -1 1 214
1 -1 2 158
1 -1 3 189
1 -1 4 191
1 -1 5 236
1 -1 6 134
1 -1 7 119
1 -1 8 156
random:8T:2400
1 -1 0 138
1 -1 1 266
1 -1 2 198
1 -1 3 265
1 -1 4 260
1 -1 5 348
1 -1 6 165
1 -1 7 127
1 -1 8 180
random:8T:3000
1 -1 0 193
1 -1 1 268
1 -1 2 258
1 -1 3 291
1 -1 4 350
1 -1 5 266
1 -1 6 151
1 -1 7 148
1 -1 8 262
random:9T:1200
1 -1 0 165
1 -1 1 189
1 -1 2 159
1 -1 3 219
1 -1 4 180
1 -1 5 180
1 -1 6 174
1 -1 7 184
1 -1 8 155
random:9T:1800
1 -1 0 162
1 -1 1 190
1 -1 2 163
1 -1 3 293
1 -1 4 181
1 -1 5 240
1 -1 6 165
1 -1 7 164
1 -1 8 185
random:9T:2400
1 -1 0 190
1 -1 1 189
1 -1 2 188
1 -1 3 378
1 -1 4 205
1 -1 5 258
1 -1 6 180
1 -1 7 183
1 -1 8 185
random:9T:3000
1 -1 0 191
1 -1 1 211
1 -1 2 204
1 -1 3 466
1 -1 4 219
1 -1 5 270
1 -1 6 208
1 -1 7 215
1 -1 8 236
