random:0T:3000
0 0 0 600 183 
 1 0 0 1200 203 
 2 0 0 1500 228 
 3 0 0 1800 263 
 4 0 0 2100 289 
 5 0 0 2400 317 
 6 0 0 2700 328 
 7 0 0 3000 340 
 0 1 0 600 198 
 1 1 0 1200 232 
 2 1 0 1500 257 
 3 1 0 1800 292 
 4 1 0 2100 324 
 5 1 0 2400 354 
 6 1 0 2700 374 
 7 1 0 3000 402 
 0 2 0 600 181 
 1 2 0 1200 210 
 2 2 0 1500 240 
 3 2 0 1800 280 
 4 2 0 2100 318 
 5 2 0 2400 349 
 6 2 0 2700 374 
 7 2 0 3000 406 
 0 3 0 600 180 
 1 3 0 1200 277 
 2 3 0 1500 342 
 3 3 0 1800 417 
 4 3 0 2100 475 
 5 3 0 2400 548 
 6 3 0 2700 621 
 7 3 0 3000 694 
 0 4 0 600 193 
 1 4 0 1200 235 
 2 4 0 1500 260 
 3 4 0 1800 292 
 4 4 0 2100 325 
 5 4 0 2400 372 
 6 4 0 2700 419 
 7 4 0 3000 472 
 0 5 0 600 214 
 1 5 0 1200 268 
 2 5 0 1500 293 
 3 5 0 1800 328 
 4 5 0 2100 362 
 5 5 0 2400 406 
 6 5 0 2700 435 
 7 5 0 3000 477 
 0 6 0 600 152 
 1 6 0 1200 182 
 2 6 0 1500 211 
 3 6 0 1800 246 
 4 6 0 2100 284 
 5 6 0 2400 334 
 6 6 0 2700 381 
 7 6 0 3000 433 
 0 7 0 600 165 
 1 7 0 1200 188 
 2 7 0 1500 217 
 3 7 0 1800 252 
 4 7 0 2100 290 
 5 7 0 2400 343 
 6 7 0 2700 390 
 7 7 0 3000 442 
 0 8 0 600 169 
 1 8 0 1200 197 
 2 8 0 1500 227 
 3 8 0 1800 267 
 4 8 0 2100 306 
 5 8 0 2400 343 
 6 8 0 2700 368 
 7 8 0 3000 400 
 random:1T:3000
0 0 1 600 172 
 1 0 1 1200 281 
 2 0 1 1500 337 
 3 0 1 1800 393 
 4 0 1 2100 449 
 5 0 1 2400 488 
 6 0 1 2700 545 
 7 0 1 3000 602 
 0 1 1 600 227 
 1 1 1 1200 352 
 2 1 1 1500 400 
 3 1 1 1800 451 
 4 1 1 2100 509 
 5 1 1 2400 579 
 6 1 1 2700 670 
 7 1 1 3000 764 
 0 2 1 600 210 
 1 2 1 1200 361 
 2 2 1 1500 408 
 3 2 1 1800 436 
 4 2 1 2100 459 
 5 2 1 2400 492 
 6 2 1 2700 543 
 7 2 1 3000 599 
 0 3 1 600 228 
 1 3 1 1200 459 
 2 3 1 1500 579 
 3 3 1 1800 696 
 4 3 1 2100 806 
 5 3 1 2400 926 
 6 3 1 2700 1076 
 7 3 1 3000 1227 
 0 4 1 600 189 
 1 4 1 1200 308 
 2 4 1 1500 358 
 3 4 1 1800 399 
 4 4 1 2100 447 
 5 4 1 2400 499 
 6 4 1 2700 580 
 7 4 1 3000 666 
 0 5 1 600 201 
 1 5 1 1200 405 
 2 5 1 1500 482 
 3 5 1 1800 526 
 4 5 1 2100 549 
 5 5 1 2400 574 
 6 5 1 2700 611 
 7 5 1 3000 649 
 0 6 1 600 175 
 1 6 1 1200 252 
 2 6 1 1500 293 
 3 6 1 1800 339 
 4 6 1 2100 386 
 5 6 1 2400 441 
 6 6 1 2700 515 
 7 6 1 3000 601 
 0 7 1 600 156 
 1 7 1 1200 241 
 2 7 1 1500 276 
 3 7 1 1800 302 
 4 7 1 2100 331 
 5 7 1 2400 366 
 6 7 1 2700 427 
 7 7 1 3000 490 
 0 8 1 600 193 
 1 8 1 1200 315 
 2 8 1 1500 371 
 3 8 1 1800 422 
 4 8 1 2100 473 
 5 8 1 2400 508 
 6 8 1 2700 564 
 7 8 1 3000 630 
 random:2T:3000
0 0 2 600 106 
 1 0 2 1200 177 
 2 0 2 1500 217 
 3 0 2 1800 257 
 4 0 2 2100 295 
 5 0 2 2400 325 
 6 0 2 2700 351 
 7 0 2 3000 385 
 0 1 2 600 109 
 1 1 2 1200 172 
 2 1 2 1500 182 
 3 1 2 1800 192 
 4 1 2 2100 208 
 5 1 2 2400 234 
 6 1 2 2700 275 
 7 1 2 3000 328 
 0 2 2 600 126 
 1 2 2 1200 225 
 2 2 2 1500 280 
 3 2 2 1800 335 
 4 2 2 2100 392 
 5 2 2 2400 446 
 6 2 2 2700 509 
 7 2 2 3000 592 
 0 3 2 600 149 
 1 3 2 1200 280 
 2 3 2 1500 350 
 3 3 2 1800 420 
 4 3 2 2100 490 
 5 3 2 2400 571 
 6 3 2 2700 630 
 7 3 2 3000 698 
 0 4 2 600 124 
 1 4 2 1200 193 
 2 4 2 1500 233 
 3 4 2 1800 273 
 4 4 2 2100 319 
 5 4 2 2400 368 
 6 4 2 2700 429 
 7 4 2 3000 512 
 0 5 2 600 133 
 1 5 2 1200 218 
 2 5 2 1500 228 
 3 5 2 1800 238 
 4 5 2 2100 254 
 5 5 2 2400 277 
 6 5 2 2700 308 
 7 5 2 3000 351 
 0 6 2 600 117 
 1 6 2 1200 186 
 2 6 2 1500 226 
 3 6 2 1800 266 
 4 6 2 2100 312 
 5 6 2 2400 367 
 6 6 2 2700 423 
 7 6 2 3000 501 
 0 7 2 600 94 
 1 7 2 1200 153 
 2 7 2 1500 188 
 3 7 2 1800 223 
 4 7 2 2100 261 
 5 7 2 2400 300 
 6 7 2 2700 342 
 7 7 2 3000 398 
 0 8 2 600 135 
 1 8 2 1200 209 
 2 8 2 1500 229 
 3 8 2 1800 249 
 4 8 2 2100 274 
 5 8 2 2400 304 
 6 8 2 2700 345 
 7 8 2 3000 393 
 random:3T:3000
0 0 3 600 237 
 1 0 3 1200 321 
 2 0 3 1500 352 
 3 0 3 1800 384 
 4 0 3 2100 418 
 5 0 3 2400 444 
 6 0 3 2700 466 
 7 0 3 3000 491 
 0 1 3 600 239 
 1 1 3 1200 355 
 2 1 3 1500 408 
 3 1 3 1800 448 
 4 1 3 2100 480 
 5 1 3 2400 520 
 6 1 3 2700 556 
 7 1 3 3000 590 
 0 2 3 600 256 
 1 2 3 1200 375 
 2 2 3 1500 427 
 3 2 3 1800 469 
 4 2 3 2100 508 
 5 2 3 2400 547 
 6 2 3 2700 579 
 7 2 3 3000 608 
 0 3 3 600 271 
 1 3 3 1200 466 
 2 3 3 1500 560 
 3 3 3 1800 657 
 4 3 3 2100 759 
 5 3 3 2400 861 
 6 3 3 2700 966 
 7 3 3 3000 1059 
 0 4 3 600 236 
 1 4 3 1200 344 
 2 4 3 1500 393 
 3 4 3 1800 431 
 4 4 3 2100 455 
 5 4 3 2400 484 
 6 4 3 2700 509 
 7 4 3 3000 539 
 0 5 3 600 254 
 1 5 3 1200 399 
 2 5 3 1500 461 
 3 5 3 1800 508 
 4 5 3 2100 534 
 5 5 3 2400 558 
 6 5 3 2700 588 
 7 5 3 3000 618 
 0 6 3 600 235 
 1 6 3 1200 315 
 2 6 3 1500 346 
 3 6 3 1800 378 
 4 6 3 2100 409 
 5 6 3 2400 448 
 6 6 3 2700 483 
 7 6 3 3000 518 
 0 7 3 600 248 
 1 7 3 1200 325 
 2 7 3 1500 356 
 3 7 3 1800 378 
 4 7 3 2100 395 
 5 7 3 2400 421 
 6 7 3 2700 448 
 7 7 3 3000 475 
 0 8 3 600 244 
 1 8 3 1200 373 
 2 8 3 1500 417 
 3 8 3 1800 455 
 4 8 3 2100 488 
 5 8 3 2400 522 
 6 8 3 2700 548 
 7 8 3 3000 573 
 random:4T:3000
0 0 4 600 125 
 1 0 4 1200 187 
 2 0 4 1500 222 
 3 0 4 1800 262 
 4 0 4 2100 299 
 5 0 4 2400 332 
 6 0 4 2700 366 
 7 0 4 3000 407 
 0 1 4 600 182 
 1 1 4 1200 257 
 2 1 4 1500 305 
 3 1 4 1800 355 
 4 1 4 2100 402 
 5 1 4 2400 451 
 6 1 4 2700 504 
 7 1 4 3000 570 
 0 2 4 600 176 
 1 2 4 1200 257 
 2 2 4 1500 300 
 3 2 4 1800 345 
 4 2 4 2100 389 
 5 2 4 2400 436 
 6 2 4 2700 495 
 7 2 4 3000 557 
 0 3 4 600 179 
 1 3 4 1200 339 
 2 3 4 1500 422 
 3 3 4 1800 483 
 4 3 4 2100 541 
 5 3 4 2400 607 
 6 3 4 2700 675 
 7 3 4 3000 749 
 0 4 4 600 180 
 1 4 4 1200 263 
 2 4 4 1500 292 
 3 4 4 1800 318 
 4 4 4 2100 341 
 5 4 4 2400 363 
 6 4 4 2700 391 
 7 4 4 3000 423 
 0 5 4 600 175 
 1 5 4 1200 245 
 2 5 4 1500 273 
 3 5 4 1800 303 
 4 5 4 2100 330 
 5 5 4 2400 362 
 6 5 4 2700 404 
 7 5 4 3000 453 
 0 6 4 600 126 
 1 6 4 1200 184 
 2 6 4 1500 222 
 3 6 4 1800 259 
 4 6 4 2100 297 
 5 6 4 2400 343 
 6 6 4 2700 393 
 7 6 4 3000 445 
 0 7 4 600 139 
 1 7 4 1200 198 
 2 7 4 1500 231 
 3 7 4 1800 266 
 4 7 4 2100 304 
 5 7 4 2400 350 
 6 7 4 2700 398 
 7 7 4 3000 448 
 0 8 4 600 176 
 1 8 4 1200 283 
 2 8 4 1500 331 
 3 8 4 1800 381 
 4 8 4 2100 428 
 5 8 4 2400 479 
 6 8 4 2700 536 
 7 8 4 3000 601 
 random:5T:3000
0 0 5 600 287 
 1 0 5 1200 391 
 2 0 5 1500 435 
 3 0 5 1800 480 
 4 0 5 2100 522 
 5 0 5 2400 554 
 6 0 5 2700 582 
 7 0 5 3000 627 
 0 1 5 600 298 
 1 1 5 1200 420 
 2 1 5 1500 462 
 3 1 5 1800 487 
 4 1 5 2100 515 
 5 1 5 2400 544 
 6 1 5 2700 575 
 7 1 5 3000 633 
 0 2 5 600 289 
 1 2 5 1200 429 
 2 2 5 1500 471 
 3 2 5 1800 511 
 4 2 5 2100 550 
 5 2 5 2400 588 
 6 2 5 2700 632 
 7 2 5 3000 693 
 0 3 5 600 293 
 1 3 5 1200 539 
 2 3 5 1500 663 
 3 3 5 1800 774 
 4 3 5 2100 877 
 5 3 5 2400 982 
 6 3 5 2700 1095 
 7 3 5 3000 1229 
 0 4 5 600 295 
 1 4 5 1200 446 
 2 4 5 1500 506 
 3 4 5 1800 540 
 4 4 5 2100 563 
 5 4 5 2400 589 
 6 4 5 2700 619 
 7 4 5 3000 682 
 0 5 5 600 343 
 1 5 5 1200 556 
 2 5 5 1500 637 
 3 5 5 1800 677 
 4 5 5 2100 684 
 5 5 5 2400 694 
 6 5 5 2700 710 
 7 5 5 3000 747 
 0 6 5 600 299 
 1 6 5 1200 404 
 2 6 5 1500 452 
 3 6 5 1800 492 
 4 6 5 2100 529 
 5 6 5 2400 566 
 6 6 5 2700 608 
 7 6 5 3000 665 
 0 7 5 600 284 
 1 7 5 1200 409 
 2 7 5 1500 453 
 3 7 5 1800 494 
 4 7 5 2100 526 
 5 7 5 2400 553 
 6 7 5 2700 587 
 7 7 5 3000 638 
 0 8 5 600 321 
 1 8 5 1200 462 
 2 8 5 1500 504 
 3 8 5 1800 543 
 4 8 5 2100 581 
 5 8 5 2400 620 
 6 8 5 2700 665 
 7 8 5 3000 729 
 random:6T:3000
0 0 6 600 218 
 1 0 6 1200 290 
 2 0 6 1500 335 
 3 0 6 1800 384 
 4 0 6 2100 432 
 5 0 6 2400 497 
 6 0 6 2700 575 
 7 0 6 3000 661 
 0 1 6 600 255 
 1 1 6 1200 429 
 2 1 6 1500 469 
 3 1 6 1800 509 
 4 1 6 2100 540 
 5 1 6 2400 598 
 6 1 6 2700 659 
 7 1 6 3000 738 
 0 2 6 600 284 
 1 2 6 1200 488 
 2 2 6 1500 564 
 3 2 6 1800 611 
 4 2 6 2100 656 
 5 2 6 2400 726 
 6 2 6 2700 819 
 7 2 6 3000 934 
 0 3 6 600 281 
 1 3 6 1200 468 
 2 3 6 1500 562 
 3 3 6 1800 650 
 4 3 6 2100 741 
 5 3 6 2400 861 
 6 3 6 2700 990 
 7 3 6 3000 1121 
 0 4 6 600 256 
 1 4 6 1200 417 
 2 4 6 1500 487 
 3 4 6 1800 530 
 4 4 6 2100 561 
 5 4 6 2400 615 
 6 4 6 2700 676 
 7 4 6 3000 736 
 0 5 6 600 275 
 1 5 6 1200 391 
 2 5 6 1500 443 
 3 5 6 1800 483 
 4 5 6 2100 503 
 5 5 6 2400 542 
 6 5 6 2700 600 
 7 5 6 3000 667 
 0 6 6 600 236 
 1 6 6 1200 324 
 2 6 6 1500 374 
 3 6 6 1800 409 
 4 6 6 2100 444 
 5 6 6 2400 503 
 6 6 6 2700 577 
 7 6 6 3000 681 
 0 7 6 600 240 
 1 7 6 1200 338 
 2 7 6 1500 380 
 3 7 6 1800 420 
 4 7 6 2100 460 
 5 7 6 2400 511 
 6 7 6 2700 579 
 7 7 6 3000 652 
 0 8 6 600 297 
 1 8 6 1200 509 
 2 8 6 1500 587 
 3 8 6 1800 650 
 4 8 6 2100 698 
 5 8 6 2400 765 
 6 8 6 2700 843 
 7 8 6 3000 930 
 random:7T:3000
0 0 7 600 235 
 1 0 7 1200 301 
 2 0 7 1500 327 
 3 0 7 1800 359 
 4 0 7 2100 381 
 5 0 7 2400 399 
 6 0 7 2700 419 
 7 0 7 3000 439 
 0 1 7 600 187 
 1 1 7 1200 249 
 2 1 7 1500 275 
 3 1 7 1800 310 
 4 1 7 2100 342 
 5 1 7 2400 377 
 6 1 7 2700 418 
 7 1 7 3000 460 
 0 2 7 600 207 
 1 2 7 1200 265 
 2 2 7 1500 291 
 3 2 7 1800 314 
 4 2 7 2100 336 
 5 2 7 2400 366 
 6 2 7 2700 392 
 7 2 7 3000 410 
 0 3 7 600 219 
 1 3 7 1200 353 
 2 3 7 1500 424 
 3 3 7 1800 504 
 4 3 7 2100 584 
 5 3 7 2400 664 
 6 3 7 2700 728 
 7 3 7 3000 763 
 0 4 7 600 206 
 1 4 7 1200 277 
 2 4 7 1500 308 
 3 4 7 1800 346 
 4 4 7 2100 379 
 5 4 7 2400 404 
 6 4 7 2700 437 
 7 4 7 3000 477 
 0 5 7 600 232 
 1 5 7 1200 328 
 2 5 7 1500 354 
 3 5 7 1800 389 
 4 5 7 2100 425 
 5 5 7 2400 462 
 6 5 7 2700 505 
 7 5 7 3000 553 
 0 6 7 600 196 
 1 6 7 1200 262 
 2 6 7 1500 303 
 3 6 7 1800 349 
 4 6 7 2100 391 
 5 6 7 2400 441 
 6 6 7 2700 494 
 7 6 7 3000 554 
 0 7 7 600 216 
 1 7 7 1200 284 
 2 7 7 1500 305 
 3 7 7 1800 327 
 4 7 7 2100 339 
 5 7 7 2400 356 
 6 7 7 2700 379 
 7 7 7 3000 399 
 0 8 7 600 195 
 1 8 7 1200 255 
 2 8 7 1500 281 
 3 8 7 1800 304 
 4 8 7 2100 325 
 5 8 7 2400 350 
 6 8 7 2700 382 
 7 8 7 3000 413 
 random:8T:3000
0 0 8 600 171 
 1 0 8 1200 215 
 2 0 8 1500 229 
 3 0 8 1800 229 
 4 0 8 2100 232 
 5 0 8 2400 242 
 6 0 8 2700 263 
 7 0 8 3000 274 
 0 1 8 600 167 
 1 1 8 1200 240 
 2 1 8 1500 263 
 3 1 8 1800 288 
 4 1 8 2100 315 
 5 1 8 2400 345 
 6 1 8 2700 391 
 7 1 8 3000 432 
 0 2 8 600 188 
 1 2 8 1200 248 
 2 2 8 1500 269 
 3 2 8 1800 289 
 4 2 8 2100 312 
 5 2 8 2400 336 
 6 2 8 2700 372 
 7 2 8 3000 419 
 0 3 8 600 198 
 1 3 8 1200 302 
 2 3 8 1500 359 
 3 3 8 1800 419 
 4 3 8 2100 477 
 5 3 8 2400 542 
 6 3 8 2700 619 
 7 3 8 3000 695 
 0 4 8 600 186 
 1 4 8 1200 248 
 2 4 8 1500 275 
 3 4 8 1800 301 
 4 4 8 2100 324 
 5 4 8 2400 354 
 6 4 8 2700 384 
 7 4 8 3000 411 
 0 5 8 600 182 
 1 5 8 1200 244 
 2 5 8 1500 260 
 3 5 8 1800 275 
 4 5 8 2100 293 
 5 5 8 2400 314 
 6 5 8 2700 343 
 7 5 8 3000 380 
 0 6 8 600 165 
 1 6 8 1200 217 
 2 6 8 1500 242 
 3 6 8 1800 267 
 4 6 8 2100 295 
 5 6 8 2400 328 
 6 6 8 2700 370 
 7 6 8 3000 422 
 0 7 8 600 156 
 1 7 8 1200 208 
 2 7 8 1500 232 
 3 7 8 1800 257 
 4 7 8 2100 285 
 5 7 8 2400 317 
 6 7 8 2700 350 
 7 7 8 3000 392 
 0 8 8 600 194 
 1 8 8 1200 260 
 2 8 8 1500 281 
 3 8 8 1800 301 
 4 8 8 2100 323 
 5 8 8 2400 346 
 6 8 8 2700 382 
 7 8 8 3000 424 
 random:9T:3000
0 0 9 600 194 
 1 0 9 1200 224 
 2 0 9 1500 229 
 3 0 9 1800 234 
 4 0 9 2100 247 
 5 0 9 2400 251 
 6 0 9 2700 262 
 7 0 9 3000 272 
 0 1 9 600 183 
 1 1 9 1200 209 
 2 1 9 1500 221 
 3 1 9 1800 236 
 4 1 9 2100 261 
 5 1 9 2400 283 
 6 1 9 2700 314 
 7 1 9 3000 328 
 0 2 9 600 178 
 1 2 9 1200 201 
 2 2 9 1500 214 
 3 2 9 1800 229 
 4 2 9 2100 253 
 5 2 9 2400 277 
 6 2 9 2700 306 
 7 2 9 3000 334 
 0 3 9 600 187 
 1 3 9 1200 270 
 2 3 9 1500 310 
 3 3 9 1800 354 
 4 3 9 2100 405 
 5 3 9 2400 437 
 6 3 9 2700 475 
 7 3 9 3000 506 
 0 4 9 600 168 
 1 4 9 1200 198 
 2 4 9 1500 213 
 3 4 9 1800 228 
 4 4 9 2100 253 
 5 4 9 2400 279 
 6 4 9 2700 309 
 7 4 9 3000 336 
 0 5 9 600 189 
 1 5 9 1200 224 
 2 5 9 1500 234 
 3 5 9 1800 244 
 4 5 9 2100 263 
 5 5 9 2400 283 
 6 5 9 2700 311 
 7 5 9 3000 340 
 0 6 9 600 193 
 1 6 9 1200 228 
 2 6 9 1500 243 
 3 6 9 1800 259 
 4 6 9 2100 285 
 5 6 9 2400 320 
 6 6 9 2700 352 
 7 6 9 3000 381 
 0 7 9 600 179 
 1 7 9 1200 216 
 2 7 9 1500 234 
 3 7 9 1800 254 
 4 7 9 2100 279 
 5 7 9 2400 304 
 6 7 9 2700 340 
 7 7 9 3000 373 
 0 8 9 600 185 
 1 8 9 1200 210 
 2 8 9 1500 222 
 3 8 9 1800 237 
 4 8 9 2100 263 
 5 8 9 2400 293 
 6 8 9 2700 328 
 7 8 9 3000 368 
 