random:0T:3000
0 0 0 600 293 
 1 0 0 1200 389 
 2 0 0 1500 439 
 3 0 0 1800 498 
 4 0 0 2100 558 
 5 0 0 2400 622 
 6 0 0 2700 686 
 7 0 0 3000 758 
 0 1 0 600 299 
 1 1 0 1200 412 
 2 1 0 1500 464 
 3 1 0 1800 526 
 4 1 0 2100 578 
 5 1 0 2400 624 
 6 1 0 2700 678 
 7 1 0 3000 739 
 0 2 0 600 293 
 1 2 0 1200 422 
 2 2 0 1500 456 
 3 2 0 1800 491 
 4 2 0 2100 536 
 5 2 0 2400 596 
 6 2 0 2700 665 
 7 2 0 3000 741 
 0 3 0 600 319 
 1 3 0 1200 499 
 2 3 0 1500 602 
 3 3 0 1800 722 
 4 3 0 2100 827 
 5 3 0 2400 925 
 6 3 0 2700 1023 
 7 3 0 3000 1133 
 0 4 0 600 298 
 1 4 0 1200 399 
 2 4 0 1500 450 
 3 4 0 1800 510 
 4 4 0 2100 570 
 5 4 0 2400 645 
 6 4 0 2700 718 
 7 4 0 3000 807 
 0 5 0 600 322 
 1 5 0 1200 471 
 2 5 0 1500 550 
 3 5 0 1800 645 
 4 5 0 2100 724 
 5 5 0 2400 813 
 6 5 0 2700 883 
 7 5 0 3000 954 
 0 6 0 600 291 
 1 6 0 1200 368 
 2 6 0 1500 418 
 3 6 0 1800 468 
 4 6 0 2100 525 
 5 6 0 2400 575 
 6 6 0 2700 617 
 7 6 0 3000 671 
 0 7 0 600 296 
 1 7 0 1200 373 
 2 7 0 1500 420 
 3 7 0 1800 462 
 4 7 0 2100 502 
 5 7 0 2400 547 
 6 7 0 2700 596 
 7 7 0 3000 655 
 0 8 0 600 306 
 1 8 0 1200 442 
 2 8 0 1500 491 
 3 8 0 1800 547 
 4 8 0 2100 600 
 5 8 0 2400 644 
 6 8 0 2700 696 
 7 8 0 3000 754 
 random:1T:3000
0 0 1 600 307 
 1 0 1 1200 505 
 2 0 1 1500 566 
 3 0 1 1800 626 
 4 0 1 2100 687 
 5 0 1 2400 753 
 6 0 1 2700 813 
 7 0 1 3000 898 
 0 1 1 600 305 
 1 1 1 1200 492 
 2 1 1 1500 561 
 3 1 1 1800 611 
 4 1 1 2100 638 
 5 1 1 2400 676 
 6 1 1 2700 714 
 7 1 1 3000 782 
 0 2 1 600 323 
 1 2 1 1200 548 
 2 2 1 1500 636 
 3 2 1 1800 703 
 4 2 1 2100 737 
 5 2 1 2400 779 
 6 2 1 2700 836 
 7 2 1 3000 926 
 0 3 1 600 307 
 1 3 1 1200 576 
 2 3 1 1500 718 
 3 3 1 1800 868 
 4 3 1 2100 1021 
 5 3 1 2400 1181 
 6 3 1 2700 1344 
 7 3 1 3000 1537 
 0 4 1 600 295 
 1 4 1 1200 516 
 2 4 1 1500 573 
 3 4 1 1800 627 
 4 4 1 2100 679 
 5 4 1 2400 732 
 6 4 1 2700 778 
 7 4 1 3000 855 
 0 5 1 600 332 
 1 5 1 1200 607 
 2 5 1 1500 720 
 3 5 1 1800 786 
 4 5 1 2100 829 
 5 5 1 2400 881 
 6 5 1 2700 926 
 7 5 1 3000 989 
 0 6 1 600 279 
 1 6 1 1200 454 
 2 6 1 1500 514 
 3 6 1 1800 562 
 4 6 1 2100 599 
 5 6 1 2400 651 
 6 6 1 2700 709 
 7 6 1 3000 788 
 0 7 1 600 273 
 1 7 1 1200 465 
 2 7 1 1500 551 
 3 7 1 1800 616 
 4 7 1 2100 648 
 5 7 1 2400 682 
 6 7 1 2700 715 
 7 7 1 3000 774 
 0 8 1 600 307 
 1 8 1 1200 551 
 2 8 1 1500 633 
 3 8 1 1800 698 
 4 8 1 2100 738 
 5 8 1 2400 775 
 6 8 1 2700 817 
 7 8 1 3000 893 
 random:2T:3000
0 0 2 600 151 
 1 0 2 1200 202 
 2 0 2 1500 221 
 3 0 2 1800 241 
 4 0 2 2100 245 
 5 0 2 2400 253 
 6 0 2 2700 279 
 7 0 2 3000 307 
 0 1 2 600 129 
 1 1 2 1200 201 
 2 1 2 1500 221 
 3 1 2 1800 246 
 4 1 2 2100 278 
 5 1 2 2400 316 
 6 1 2 2700 352 
 7 1 2 3000 393 
 0 2 2 600 162 
 1 2 2 1200 266 
 2 2 2 1500 291 
 3 2 2 1800 317 
 4 2 2 2100 348 
 5 2 2 2400 378 
 6 2 2 2700 421 
 7 2 2 3000 470 
 0 3 2 600 179 
 1 3 2 1200 326 
 2 3 2 1500 391 
 3 3 2 1800 450 
 4 3 2 2100 510 
 5 3 2 2400 566 
 6 3 2 2700 622 
 7 3 2 3000 690 
 0 4 2 600 157 
 1 4 2 1200 246 
 2 4 2 1500 268 
 3 4 2 1800 293 
 4 4 2 2100 327 
 5 4 2 2400 357 
 6 4 2 2700 405 
 7 4 2 3000 458 
 0 5 2 600 162 
 1 5 2 1200 228 
 2 5 2 1500 248 
 3 5 2 1800 271 
 4 5 2 2100 300 
 5 5 2 2400 329 
 6 5 2 2700 375 
 7 5 2 3000 424 
 0 6 2 600 153 
 1 6 2 1200 240 
 2 6 2 1500 264 
 3 6 2 1800 289 
 4 6 2 2100 309 
 5 6 2 2400 337 
 6 6 2 2700 374 
 7 6 2 3000 420 
 0 7 2 600 140 
 1 7 2 1200 229 
 2 7 2 1500 274 
 3 7 2 1800 318 
 4 7 2 2100 361 
 5 7 2 2400 404 
 6 7 2 2700 463 
 7 7 2 3000 536 
 0 8 2 600 159 
 1 8 2 1200 273 
 2 8 2 1500 293 
 3 8 2 1800 316 
 4 8 2 2100 339 
 5 8 2 2400 367 
 6 8 2 2700 415 
 7 8 2 3000 476 
 random:3T:3000
0 0 3 600 259 
 1 0 3 1200 359 
 2 0 3 1500 420 
 3 0 3 1800 466 
 4 0 3 2100 520 
 5 0 3 2400 571 
 6 0 3 2700 618 
 7 0 3 3000 691 
 0 1 3 600 279 
 1 1 3 1200 398 
 2 1 3 1500 452 
 3 1 3 1800 496 
 4 1 3 2100 544 
 5 1 3 2400 602 
 6 1 3 2700 668 
 7 1 3 3000 744 
 0 2 3 600 276 
 1 2 3 1200 411 
 2 2 3 1500 483 
 3 2 3 1800 536 
 4 2 3 2100 589 
 5 2 3 2400 648 
 6 2 3 2700 710 
 7 2 3 3000 796 
 0 3 3 600 270 
 1 3 3 1200 506 
 2 3 3 1500 631 
 3 3 3 1800 749 
 4 3 3 2100 870 
 5 3 3 2400 987 
 6 3 3 2700 1109 
 7 3 3 3000 1265 
 0 4 3 600 265 
 1 4 3 1200 394 
 2 4 3 1500 453 
 3 4 3 1800 502 
 4 4 3 2100 556 
 5 4 3 2400 607 
 6 4 3 2700 659 
 7 4 3 3000 735 
 0 5 3 600 305 
 1 5 3 1200 504 
 2 5 3 1500 598 
 3 5 3 1800 631 
 4 5 3 2100 666 
 5 5 3 2400 716 
 6 5 3 2700 766 
 7 5 3 3000 844 
 0 6 3 600 271 
 1 6 3 1200 401 
 2 6 3 1500 464 
 3 6 3 1800 508 
 4 6 3 2100 558 
 5 6 3 2400 608 
 6 6 3 2700 670 
 7 6 3 3000 763 
 0 7 3 600 259 
 1 7 3 1200 382 
 2 7 3 1500 452 
 3 7 3 1800 502 
 4 7 3 2100 543 
 5 7 3 2400 590 
 6 7 3 2700 642 
 7 7 3 3000 710 
 0 8 3 600 285 
 1 8 3 1200 425 
 2 8 3 1500 498 
 3 8 3 1800 554 
 4 8 3 2100 613 
 5 8 3 2400 670 
 6 8 3 2700 723 
 7 8 3 3000 804 
 random:4T:3000
0 0 4 600 263 
 1 0 4 1200 355 
 2 0 4 1500 378 
 3 0 4 1800 390 
 4 0 4 2100 414 
 5 0 4 2400 437 
 6 0 4 2700 475 
 7 0 4 3000 530 
 0 1 4 600 266 
 1 1 4 1200 363 
 2 1 4 1500 398 
 3 1 4 1800 435 
 4 1 4 2100 480 
 5 1 4 2400 527 
 6 1 4 2700 593 
 7 1 4 3000 674 
 0 2 4 600 260 
 1 2 4 1200 370 
 2 2 4 1500 412 
 3 2 4 1800 444 
 4 2 4 2100 488 
 5 2 4 2400 541 
 6 2 4 2700 607 
 7 2 4 3000 690 
 0 3 4 600 277 
 1 3 4 1200 492 
 2 3 4 1500 597 
 3 3 4 1800 704 
 4 3 4 2100 823 
 5 3 4 2400 944 
 6 3 4 2700 1053 
 7 3 4 3000 1167 
 0 4 4 600 250 
 1 4 4 1200 352 
 2 4 4 1500 399 
 3 4 4 1800 436 
 4 4 4 2100 483 
 5 4 4 2400 534 
 6 4 4 2700 602 
 7 4 4 3000 683 
 0 5 4 600 294 
 1 5 4 1200 455 
 2 5 4 1500 500 
 3 5 4 1800 525 
 4 5 4 2100 557 
 5 5 4 2400 597 
 6 5 4 2700 652 
 7 5 4 3000 722 
 0 6 4 600 249 
 1 6 4 1200 391 
 2 6 4 1500 447 
 3 6 4 1800 485 
 4 6 4 2100 520 
 5 6 4 2400 567 
 6 6 4 2700 633 
 7 6 4 3000 716 
 0 7 4 600 281 
 1 7 4 1200 426 
 2 7 4 1500 470 
 3 7 4 1800 508 
 4 7 4 2100 536 
 5 7 4 2400 567 
 6 7 4 2700 613 
 7 7 4 3000 683 
 0 8 4 600 250 
 1 8 4 1200 367 
 2 8 4 1500 417 
 3 8 4 1800 461 
 4 8 4 2100 505 
 5 8 4 2400 561 
 6 8 4 2700 626 
 7 8 4 3000 708 
 random:5T:3000
0 0 5 600 415 
 1 0 5 1200 614 
 2 0 5 1500 689 
 3 0 5 1800 738 
 4 0 5 2100 776 
 5 0 5 2400 810 
 6 0 5 2700 851 
 7 0 5 3000 895 
 0 1 5 600 415 
 1 1 5 1200 624 
 2 1 5 1500 705 
 3 1 5 1800 770 
 4 1 5 2100 804 
 5 1 5 2400 835 
 6 1 5 2700 878 
 7 1 5 3000 924 
 0 2 5 600 408 
 1 2 5 1200 623 
 2 2 5 1500 694 
 3 2 5 1800 740 
 4 2 5 2100 774 
 5 2 5 2400 804 
 6 2 5 2700 840 
 7 2 5 3000 873 
 0 3 5 600 409 
 1 3 5 1200 715 
 2 3 5 1500 876 
 3 3 5 1800 1022 
 4 3 5 2100 1166 
 5 3 5 2400 1309 
 6 3 5 2700 1462 
 7 3 5 3000 1618 
 0 4 5 600 402 
 1 4 5 1200 625 
 2 4 5 1500 711 
 3 4 5 1800 781 
 4 4 5 2100 825 
 5 4 5 2400 868 
 6 4 5 2700 922 
 7 4 5 3000 991 
 0 5 5 600 425 
 1 5 5 1200 723 
 2 5 5 1500 837 
 3 5 5 1800 911 
 4 5 5 2100 981 
 5 5 5 2400 1003 
 6 5 5 2700 1033 
 7 5 5 3000 1080 
 0 6 5 600 429 
 1 6 5 1200 605 
 2 6 5 1500 645 
 3 6 5 1800 680 
 4 6 5 2100 717 
 5 6 5 2400 739 
 6 6 5 2700 779 
 7 6 5 3000 827 
 0 7 5 600 399 
 1 7 5 1200 577 
 2 7 5 1500 625 
 3 7 5 1800 672 
 4 7 5 2100 707 
 5 7 5 2400 744 
 6 7 5 2700 795 
 7 7 5 3000 849 
 0 8 5 600 402 
 1 8 5 1200 624 
 2 8 5 1500 681 
 3 8 5 1800 719 
 4 8 5 2100 758 
 5 8 5 2400 800 
 6 8 5 2700 852 
 7 8 5 3000 916 
 random:6T:3000
0 0 6 600 328 
 1 0 6 1200 417 
 2 0 6 1500 442 
 3 0 6 1800 466 
 4 0 6 2100 483 
 5 0 6 2400 508 
 6 0 6 2700 561 
 7 0 6 3000 619 
 0 1 6 600 372 
 1 1 6 1200 599 
 2 1 6 1500 685 
 3 1 6 1800 733 
 4 1 6 2100 772 
 5 1 6 2400 819 
 6 1 6 2700 894 
 7 1 6 3000 994 
 0 2 6 600 343 
 1 2 6 1200 559 
 2 2 6 1500 632 
 3 2 6 1800 677 
 4 2 6 2100 718 
 5 2 6 2400 769 
 6 2 6 2700 854 
 7 2 6 3000 946 
 0 3 6 600 337 
 1 3 6 1200 568 
 2 3 6 1500 690 
 3 3 6 1800 807 
 4 3 6 2100 930 
 5 3 6 2400 1062 
 6 3 6 2700 1222 
 7 3 6 3000 1385 
 0 4 6 600 363 
 1 4 6 1200 577 
 2 4 6 1500 669 
 3 4 6 1800 715 
 4 4 6 2100 760 
 5 4 6 2400 818 
 6 4 6 2700 896 
 7 4 6 3000 985 
 0 5 6 600 388 
 1 5 6 1200 629 
 2 5 6 1500 732 
 3 5 6 1800 779 
 4 5 6 2100 809 
 5 5 6 2400 850 
 6 5 6 2700 929 
 7 5 6 3000 1028 
 0 6 6 600 351 
 1 6 6 1200 444 
 2 6 6 1500 489 
 3 6 6 1800 536 
 4 6 6 2100 589 
 5 6 6 2400 660 
 6 6 6 2700 759 
 7 6 6 3000 867 
 0 7 6 600 319 
 1 7 6 1200 410 
 2 7 6 1500 460 
 3 7 6 1800 512 
 4 7 6 2100 570 
 5 7 6 2400 626 
 6 7 6 2700 715 
 7 7 6 3000 829 
 0 8 6 600 332 
 1 8 6 1200 563 
 2 8 6 1500 643 
 3 8 6 1800 683 
 4 8 6 2100 707 
 5 8 6 2400 737 
 6 8 6 2700 798 
 7 8 6 3000 864 
 random:7T:3000
0 0 7 600 228 
 1 0 7 1200 306 
 2 0 7 1500 340 
 3 0 7 1800 374 
 4 0 7 2100 393 
 5 0 7 2400 417 
 6 0 7 2700 448 
 7 0 7 3000 493 
 0 1 7 600 212 
 1 1 7 1200 351 
 2 1 7 1500 395 
 3 1 7 1800 437 
 4 1 7 2100 486 
 5 1 7 2400 543 
 6 1 7 2700 601 
 7 1 7 3000 680 
 0 2 7 600 241 
 1 2 7 1200 359 
 2 2 7 1500 411 
 3 2 7 1800 444 
 4 2 7 2100 484 
 5 2 7 2400 532 
 6 2 7 2700 596 
 7 2 7 3000 678 
 0 3 7 600 266 
 1 3 7 1200 471 
 2 3 7 1500 577 
 3 3 7 1800 675 
 4 3 7 2100 774 
 5 3 7 2400 881 
 6 3 7 2700 998 
 7 3 7 3000 1127 
 0 4 7 600 241 
 1 4 7 1200 368 
 2 4 7 1500 412 
 3 4 7 1800 452 
 4 4 7 2100 501 
 5 4 7 2400 553 
 6 4 7 2700 607 
 7 4 7 3000 680 
 0 5 7 600 275 
 1 5 7 1200 413 
 2 5 7 1500 456 
 3 5 7 1800 499 
 4 5 7 2100 524 
 5 5 7 2400 557 
 6 5 7 2700 600 
 7 5 7 3000 655 
 0 6 7 600 229 
 1 6 7 1200 317 
 2 6 7 1500 361 
 3 6 7 1800 409 
 4 6 7 2100 462 
 5 6 7 2400 516 
 6 6 7 2700 580 
 7 6 7 3000 661 
 0 7 7 600 234 
 1 7 7 1200 312 
 2 7 7 1500 356 
 3 7 7 1800 401 
 4 7 7 2100 441 
 5 7 7 2400 489 
 6 7 7 2700 552 
 7 7 7 3000 627 
 0 8 7 600 221 
 1 8 7 1200 335 
 2 8 7 1500 380 
 3 8 7 1800 428 
 4 8 7 2100 481 
 5 8 7 2400 541 
 6 8 7 2700 613 
 7 8 7 3000 696 
 random:8T:3000
0 0 8 600 158 
 1 0 8 1200 210 
 2 0 8 1500 229 
 3 0 8 1800 249 
 4 0 8 2100 280 
 5 0 8 2400 315 
 6 0 8 2700 347 
 7 0 8 3000 384 
 0 1 8 600 185 
 1 1 8 1200 264 
 2 1 8 1500 302 
 3 1 8 1800 343 
 4 1 8 2100 394 
 5 1 8 2400 444 
 6 1 8 2700 505 
 7 1 8 3000 566 
 0 2 8 600 169 
 1 2 8 1200 248 
 2 2 8 1500 280 
 3 2 8 1800 319 
 4 2 8 2100 354 
 5 2 8 2400 389 
 6 2 8 2700 437 
 7 2 8 3000 489 
 0 3 8 600 200 
 1 3 8 1200 350 
 2 3 8 1500 437 
 3 3 8 1800 518 
 4 3 8 2100 601 
 5 3 8 2400 681 
 6 3 8 2700 761 
 7 3 8 3000 840 
 0 4 8 600 179 
 1 4 8 1200 264 
 2 4 8 1500 299 
 3 4 8 1800 334 
 4 4 8 2100 378 
 5 4 8 2400 419 
 6 4 8 2700 472 
 7 4 8 3000 531 
 0 5 8 600 214 
 1 5 8 1200 315 
 2 5 8 1500 329 
 3 5 8 1800 353 
 4 5 8 2100 380 
 5 5 8 2400 410 
 6 5 8 2700 448 
 7 5 8 3000 494 
 0 6 8 600 163 
 1 6 8 1200 234 
 2 6 8 1500 274 
 3 6 8 1800 315 
 4 6 8 2100 355 
 5 6 8 2400 395 
 6 6 8 2700 445 
 7 6 8 3000 491 
 0 7 8 600 170 
 1 7 8 1200 242 
 2 7 8 1500 282 
 3 7 8 1800 312 
 4 7 8 2100 353 
 5 7 8 2400 397 
 6 7 8 2700 449 
 7 7 8 3000 507 
 0 8 8 600 168 
 1 8 8 1200 221 
 2 8 8 1500 243 
 3 8 8 1800 272 
 4 8 8 2100 308 
 5 8 8 2400 343 
 6 8 8 2700 385 
 7 8 8 3000 436 
 random:9T:3000
0 0 9 600 207 
 1 0 9 1200 250 
 2 0 9 1500 262 
 3 0 9 1800 273 
 4 0 9 2100 290 
 5 0 9 2400 321 
 6 0 9 2700 352 
 7 0 9 3000 368 
 0 1 9 600 209 
 1 1 9 1200 254 
 2 1 9 1500 277 
 3 1 9 1800 307 
 4 1 9 2100 337 
 5 1 9 2400 382 
 6 1 9 2700 429 
 7 1 9 3000 460 
 0 2 9 600 220 
 1 2 9 1200 270 
 2 2 9 1500 288 
 3 2 9 1800 314 
 4 2 9 2100 346 
 5 2 9 2400 393 
 6 2 9 2700 447 
 7 2 9 3000 487 
 0 3 9 600 227 
 1 3 9 1200 359 
 2 3 9 1500 427 
 3 3 9 1800 479 
 4 3 9 2100 526 
 5 3 9 2400 583 
 6 3 9 2700 651 
 7 3 9 3000 717 
 0 4 9 600 197 
 1 4 9 1200 233 
 2 4 9 1500 251 
 3 4 9 1800 277 
 4 4 9 2100 309 
 5 4 9 2400 339 
 6 4 9 2700 369 
 7 4 9 3000 404 
 0 5 9 600 249 
 1 5 9 1200 298 
 2 5 9 1500 311 
 3 5 9 1800 329 
 4 5 9 2100 351 
 5 5 9 2400 383 
 6 5 9 2700 430 
 7 5 9 3000 472 
 0 6 9 600 212 
 1 6 9 1200 257 
 2 6 9 1500 280 
 3 6 9 1800 308 
 4 6 9 2100 338 
 5 6 9 2400 378 
 6 6 9 2700 431 
 7 6 9 3000 486 
 0 7 9 600 215 
 1 7 9 1200 273 
 2 7 9 1500 296 
 3 7 9 1800 327 
 4 7 9 2100 362 
 5 7 9 2400 402 
 6 7 9 2700 459 
 7 7 9 3000 511 
 0 8 9 600 214 
 1 8 9 1200 263 
 2 8 9 1500 281 
 3 8 9 1800 307 
 4 8 9 2100 339 
 5 8 9 2400 386 
 6 8 9 2700 433 
 7 8 9 3000 480 
 