random:0T:3000
0 0 0 600 179 
 1 0 0 1200 199 
 2 0 0 1500 229 
 3 0 0 1800 263 
 4 0 0 2100 296 
 5 0 0 2400 318 
 6 0 0 2700 328 
 7 0 0 3000 345 
 0 1 0 600 192 
 1 1 0 1200 218 
 2 1 0 1500 247 
 3 1 0 1800 282 
 4 1 0 2100 320 
 5 1 0 2400 369 
 6 1 0 2700 407 
 7 1 0 3000 449 
 0 2 0 600 176 
 1 2 0 1200 211 
 2 2 0 1500 244 
 3 2 0 1800 279 
 4 2 0 2100 317 
 5 2 0 2400 368 
 6 2 0 2700 407 
 7 2 0 3000 449 
 0 3 0 600 202 
 1 3 0 1200 308 
 2 3 0 1500 362 
 3 3 0 1800 402 
 4 3 0 2100 445 
 5 3 0 2400 503 
 6 3 0 2700 548 
 7 3 0 3000 600 
 0 4 0 600 198 
 1 4 0 1200 232 
 2 4 0 1500 261 
 3 4 0 1800 296 
 4 4 0 2100 334 
 5 4 0 2400 382 
 6 4 0 2700 421 
 7 4 0 3000 453 
 0 5 0 600 189 
 1 5 0 1200 236 
 2 5 0 1500 276 
 3 5 0 1800 324 
 4 5 0 2100 372 
 5 5 0 2400 435 
 6 5 0 2700 486 
 7 5 0 3000 538 
 0 6 0 600 174 
 1 6 0 1200 192 
 2 6 0 1500 218 
 3 6 0 1800 238 
 4 6 0 2100 261 
 5 6 0 2400 296 
 6 6 0 2700 327 
 7 6 0 3000 369 
 0 7 0 600 176 
 1 7 0 1200 194 
 2 7 0 1500 224 
 3 7 0 1800 262 
 4 7 0 2100 300 
 5 7 0 2400 323 
 6 7 0 2700 332 
 7 7 0 3000 351 
 0 8 0 600 182 
 1 8 0 1200 214 
 2 8 0 1500 244 
 3 8 0 1800 278 
 4 8 0 2100 311 
 5 8 0 2400 345 
 6 8 0 2700 365 
 7 8 0 3000 392 
 random:1T:3000
0 0 1 600 178 
 1 0 1 1200 300 
 2 0 1 1500 351 
 3 0 1 1800 387 
 4 0 1 2100 424 
 5 0 1 2400 471 
 6 0 1 2700 537 
 7 0 1 3000 597 
 0 1 1 600 176 
 1 1 1 1200 267 
 2 1 1 1500 317 
 3 1 1 1800 363 
 4 1 1 2100 416 
 5 1 1 2400 478 
 6 1 1 2700 569 
 7 1 1 3000 667 
 0 2 1 600 188 
 1 2 1 1200 325 
 2 2 1 1500 390 
 3 2 1 1800 446 
 4 2 1 2100 509 
 5 2 1 2400 581 
 6 2 1 2700 675 
 7 2 1 3000 767 
 0 3 1 600 223 
 1 3 1 1200 424 
 2 3 1 1500 526 
 3 3 1 1800 632 
 4 3 1 2100 745 
 5 3 1 2400 870 
 6 3 1 2700 1011 
 7 3 1 3000 1159 
 0 4 1 600 193 
 1 4 1 1200 352 
 2 4 1 1500 419 
 3 4 1 1800 480 
 4 4 1 2100 524 
 5 4 1 2400 574 
 6 4 1 2700 637 
 7 4 1 3000 713 
 0 5 1 600 208 
 1 5 1 1200 413 
 2 5 1 1500 481 
 3 5 1 1800 516 
 4 5 1 2100 549 
 5 5 1 2400 596 
 6 5 1 2700 656 
 7 5 1 3000 734 
 0 6 1 600 170 
 1 6 1 1200 291 
 2 6 1 1500 357 
 3 6 1 1800 412 
 4 6 1 2100 450 
 5 6 1 2400 496 
 6 6 1 2700 563 
 7 6 1 3000 640 
 0 7 1 600 178 
 1 7 1 1200 289 
 2 7 1 1500 355 
 3 7 1 1800 398 
 4 7 1 2100 436 
 5 7 1 2400 476 
 6 7 1 2700 535 
 7 7 1 3000 604 
 0 8 1 600 201 
 1 8 1 1200 358 
 2 8 1 1500 429 
 3 8 1 1800 485 
 4 8 1 2100 543 
 5 8 1 2400 597 
 6 8 1 2700 660 
 7 8 1 3000 738 
 random:2T:3000
0 0 2 600 94 
 1 0 2 1200 149 
 2 0 2 1500 164 
 3 0 2 1800 179 
 4 0 2 2100 193 
 5 0 2 2400 204 
 6 0 2 2700 221 
 7 0 2 3000 245 
 0 1 2 600 103 
 1 1 2 1200 152 
 2 1 2 1500 162 
 3 1 2 1800 172 
 4 1 2 2100 188 
 5 1 2 2400 205 
 6 1 2 2700 236 
 7 1 2 3000 279 
 0 2 2 600 117 
 1 2 2 1200 172 
 2 2 2 1500 182 
 3 2 2 1800 192 
 4 2 2 2100 208 
 5 2 2 2400 225 
 6 2 2 2700 251 
 7 2 2 3000 299 
 0 3 2 600 126 
 1 3 2 1200 249 
 2 3 2 1500 314 
 3 3 2 1800 379 
 4 3 2 2100 449 
 5 3 2 2400 524 
 6 3 2 2700 607 
 7 3 2 3000 702 
 0 4 2 600 101 
 1 4 2 1200 150 
 2 4 2 1500 160 
 3 4 2 1800 170 
 4 4 2 2100 185 
 5 4 2 2400 207 
 6 4 2 2700 243 
 7 4 2 3000 293 
 0 5 2 600 138 
 1 5 2 1200 262 
 2 5 2 1500 292 
 3 5 2 1800 322 
 4 5 2 2100 358 
 5 5 2 2400 401 
 6 5 2 2700 448 
 7 5 2 3000 511 
 0 6 2 600 98 
 1 6 2 1200 175 
 2 6 2 1500 215 
 3 6 2 1800 255 
 4 6 2 2100 289 
 5 6 2 2400 325 
 6 6 2 2700 374 
 7 6 2 3000 424 
 0 7 2 600 105 
 1 7 2 1200 184 
 2 7 2 1500 229 
 3 7 2 1800 274 
 4 7 2 2100 319 
 5 7 2 2400 368 
 6 7 2 2700 421 
 7 7 2 3000 479 
 0 8 2 600 113 
 1 8 2 1200 180 
 2 8 2 1500 195 
 3 8 2 1800 210 
 4 8 2 2100 225 
 5 8 2 2400 243 
 6 8 2 2700 273 
 7 8 2 3000 311 
 random:3T:3000
0 0 3 600 191 
 1 0 3 1200 263 
 2 0 3 1500 287 
 3 0 3 1800 314 
 4 0 3 2100 334 
 5 0 3 2400 356 
 6 0 3 2700 376 
 7 0 3 3000 401 
 0 1 3 600 208 
 1 1 3 1200 273 
 2 1 3 1500 308 
 3 1 3 1800 338 
 4 1 3 2100 368 
 5 1 3 2400 402 
 6 1 3 2700 440 
 7 1 3 3000 480 
 0 2 3 600 238 
 1 2 3 1200 319 
 2 2 3 1500 353 
 3 2 3 1800 377 
 4 2 3 2100 404 
 5 2 3 2400 441 
 6 2 3 2700 471 
 7 2 3 3000 506 
 0 3 3 600 259 
 1 3 3 1200 443 
 2 3 3 1500 535 
 3 3 3 1800 632 
 4 3 3 2100 734 
 5 3 3 2400 843 
 6 3 3 2700 950 
 7 3 3 3000 1050 
 0 4 3 600 198 
 1 4 3 1200 265 
 2 4 3 1500 306 
 3 4 3 1800 341 
 4 4 3 2100 372 
 5 4 3 2400 407 
 6 4 3 2700 447 
 7 4 3 3000 490 
 0 5 3 600 244 
 1 5 3 1200 369 
 2 5 3 1500 405 
 3 5 3 1800 432 
 4 5 3 2100 454 
 5 5 3 2400 482 
 6 5 3 2700 511 
 7 5 3 3000 541 
 0 6 3 600 191 
 1 6 3 1200 275 
 2 6 3 1500 307 
 3 6 3 1800 334 
 4 6 3 2100 366 
 5 6 3 2400 404 
 6 6 3 2700 434 
 7 6 3 3000 466 
 0 7 3 600 214 
 1 7 3 1200 293 
 2 7 3 1500 330 
 3 7 3 1800 370 
 4 7 3 2100 407 
 5 7 3 2400 440 
 6 7 3 2700 465 
 7 7 3 3000 493 
 0 8 3 600 229 
 1 8 3 1200 298 
 2 8 3 1500 330 
 3 8 3 1800 361 
 4 8 3 2100 390 
 5 8 3 2400 426 
 6 8 3 2700 461 
 7 8 3 3000 491 
 random:4T:3000
0 0 4 600 155 
 1 0 4 1200 225 
 2 0 4 1500 265 
 3 0 4 1800 291 
 4 0 4 2100 309 
 5 0 4 2400 315 
 6 0 4 2700 325 
 7 0 4 3000 338 
 0 1 4 600 170 
 1 1 4 1200 255 
 2 1 4 1500 288 
 3 1 4 1800 323 
 4 1 4 2100 358 
 5 1 4 2400 400 
 6 1 4 2700 448 
 7 1 4 3000 504 
 0 2 4 600 188 
 1 2 4 1200 270 
 2 2 4 1500 305 
 3 2 4 1800 330 
 4 2 4 2100 358 
 5 2 4 2400 395 
 6 2 4 2700 444 
 7 2 4 3000 495 
 0 3 4 600 166 
 1 3 4 1200 308 
 2 3 4 1500 371 
 3 3 4 1800 436 
 4 3 4 2100 504 
 5 3 4 2400 581 
 6 3 4 2700 644 
 7 3 4 3000 715 
 0 4 4 600 161 
 1 4 4 1200 237 
 2 4 4 1500 280 
 3 4 4 1800 325 
 4 4 4 2100 370 
 5 4 4 2400 422 
 6 4 4 2700 473 
 7 4 4 3000 534 
 0 5 4 600 207 
 1 5 4 1200 325 
 2 5 4 1500 373 
 3 5 4 1800 423 
 4 5 4 2100 470 
 5 5 4 2400 518 
 6 5 4 2700 575 
 7 5 4 3000 636 
 0 6 4 600 159 
 1 6 4 1200 232 
 2 6 4 1500 280 
 3 6 4 1800 330 
 4 6 4 2100 377 
 5 6 4 2400 408 
 6 6 4 2700 446 
 7 6 4 3000 497 
 0 7 4 600 148 
 1 7 4 1200 226 
 2 7 4 1500 274 
 3 7 4 1800 324 
 4 7 4 2100 365 
 5 7 4 2400 399 
 6 7 4 2700 436 
 7 7 4 3000 483 
 0 8 4 600 172 
 1 8 4 1200 260 
 2 8 4 1500 303 
 3 8 4 1800 348 
 4 8 4 2100 396 
 5 8 4 2400 447 
 6 8 4 2700 504 
 7 8 4 3000 575 
 random:5T:3000
0 0 5 600 304 
 1 0 5 1200 433 
 2 0 5 1500 468 
 3 0 5 1800 503 
 4 0 5 2100 535 
 5 0 5 2400 568 
 6 0 5 2700 602 
 7 0 5 3000 653 
 0 1 5 600 308 
 1 1 5 1200 481 
 2 1 5 1500 531 
 3 1 5 1800 549 
 4 1 5 2100 566 
 5 1 5 2400 582 
 6 1 5 2700 602 
 7 1 5 3000 653 
 0 2 5 600 301 
 1 2 5 1200 472 
 2 2 5 1500 523 
 3 2 5 1800 563 
 4 2 5 2100 600 
 5 2 5 2400 640 
 6 2 5 2700 687 
 7 2 5 3000 759 
 0 3 5 600 289 
 1 3 5 1200 490 
 2 3 5 1500 582 
 3 3 5 1800 677 
 4 3 5 2100 765 
 5 3 5 2400 847 
 6 3 5 2700 937 
 7 3 5 3000 1044 
 0 4 5 600 295 
 1 4 5 1200 465 
 2 4 5 1500 513 
 3 4 5 1800 533 
 4 4 5 2100 548 
 5 4 5 2400 568 
 6 4 5 2700 594 
 7 4 5 3000 632 
 0 5 5 600 322 
 1 5 5 1200 494 
 2 5 5 1500 569 
 3 5 5 1800 629 
 4 5 5 2100 678 
 5 5 5 2400 713 
 6 5 5 2700 748 
 7 5 5 3000 801 
 0 6 5 600 296 
 1 6 5 1200 422 
 2 6 5 1500 465 
 3 6 5 1800 510 
 4 6 5 2100 552 
 5 6 5 2400 591 
 6 6 5 2700 627 
 7 6 5 3000 682 
 0 7 5 600 290 
 1 7 5 1200 417 
 2 7 5 1500 462 
 3 7 5 1800 507 
 4 7 5 2100 543 
 5 7 5 2400 577 
 6 7 5 2700 617 
 7 7 5 3000 675 
 0 8 5 600 302 
 1 8 5 1200 470 
 2 8 5 1500 524 
 3 8 5 1800 547 
 4 8 5 2100 559 
 5 8 5 2400 573 
 6 8 5 2700 591 
 7 8 5 3000 634 
 random:6T:3000
0 0 6 600 255 
 1 0 6 1200 340 
 2 0 6 1500 368 
 3 0 6 1800 393 
 4 0 6 2100 418 
 5 0 6 2400 456 
 6 0 6 2700 501 
 7 0 6 3000 556 
 0 1 6 600 301 
 1 1 6 1200 511 
 2 1 6 1500 571 
 3 1 6 1800 606 
 4 1 6 2100 647 
 5 1 6 2400 706 
 6 1 6 2700 774 
 7 1 6 3000 863 
 0 2 6 600 296 
 1 2 6 1200 504 
 2 2 6 1500 554 
 3 2 6 1800 594 
 4 2 6 2100 617 
 5 2 6 2400 667 
 6 2 6 2700 732 
 7 2 6 3000 814 
 0 3 6 600 272 
 1 3 6 1200 458 
 2 3 6 1500 556 
 3 3 6 1800 642 
 4 3 6 2100 727 
 5 3 6 2400 817 
 6 3 6 2700 928 
 7 3 6 3000 1058 
 0 4 6 600 269 
 1 4 6 1200 461 
 2 4 6 1500 515 
 3 4 6 1800 557 
 4 4 6 2100 598 
 5 4 6 2400 665 
 6 4 6 2700 739 
 7 4 6 3000 804 
 0 5 6 600 276 
 1 5 6 1200 438 
 2 5 6 1500 475 
 3 5 6 1800 496 
 4 5 6 2100 511 
 5 5 6 2400 548 
 6 5 6 2700 606 
 7 5 6 3000 662 
 0 6 6 600 242 
 1 6 6 1200 330 
 2 6 6 1500 375 
 3 6 6 1800 417 
 4 6 6 2100 463 
 5 6 6 2400 538 
 6 6 6 2700 625 
 7 6 6 3000 739 
 0 7 6 600 255 
 1 7 6 1200 367 
 2 7 6 1500 415 
 3 7 6 1800 460 
 4 7 6 2100 505 
 5 7 6 2400 559 
 6 7 6 2700 632 
 7 7 6 3000 704 
 0 8 6 600 259 
 1 8 6 1200 369 
 2 8 6 1500 394 
 3 8 6 1800 419 
 4 8 6 2100 443 
 5 8 6 2400 484 
 6 8 6 2700 542 
 7 8 6 3000 600 
 random:7T:3000
0 0 7 600 200 
 1 0 7 1200 252 
 2 0 7 1500 278 
 3 0 7 1800 307 
 4 0 7 2100 328 
 5 0 7 2400 333 
 6 0 7 2700 343 
 7 0 7 3000 356 
 0 1 7 600 174 
 1 1 7 1200 234 
 2 1 7 1500 273 
 3 1 7 1800 314 
 4 1 7 2100 337 
 5 1 7 2400 366 
 6 1 7 2700 399 
 7 1 7 3000 433 
 0 2 7 600 187 
 1 2 7 1200 241 
 2 2 7 1500 272 
 3 2 7 1800 304 
 4 2 7 2100 328 
 5 2 7 2400 354 
 6 2 7 2700 385 
 7 2 7 3000 420 
 0 3 7 600 214 
 1 3 7 1200 318 
 2 3 7 1500 379 
 3 3 7 1800 445 
 4 3 7 2100 512 
 5 3 7 2400 585 
 6 3 7 2700 660 
 7 3 7 3000 740 
 0 4 7 600 193 
 1 4 7 1200 251 
 2 4 7 1500 282 
 3 4 7 1800 322 
 4 4 7 2100 364 
 5 4 7 2400 404 
 6 4 7 2700 450 
 7 4 7 3000 495 
 0 5 7 600 211 
 1 5 7 1200 291 
 2 5 7 1500 332 
 3 5 7 1800 370 
 4 5 7 2100 402 
 5 5 7 2400 433 
 6 5 7 2700 466 
 7 5 7 3000 501 
 0 6 7 600 162 
 1 6 7 1200 209 
 2 6 7 1500 240 
 3 6 7 1800 280 
 4 6 7 2100 313 
 5 6 7 2400 338 
 6 6 7 2700 371 
 7 6 7 3000 411 
 0 7 7 600 180 
 1 7 7 1200 236 
 2 7 7 1500 272 
 3 7 7 1800 316 
 4 7 7 2100 358 
 5 7 7 2400 403 
 6 7 7 2700 452 
 7 7 7 3000 502 
 0 8 7 600 194 
 1 8 7 1200 251 
 2 8 7 1500 287 
 3 8 7 1800 332 
 4 8 7 2100 374 
 5 8 7 2400 419 
 6 8 7 2700 463 
 7 8 7 3000 508 
 random:8T:3000
0 0 8 600 169 
 1 0 8 1200 218 
 2 0 8 1500 240 
 3 0 8 1800 265 
 4 0 8 2100 293 
 5 0 8 2400 313 
 6 0 8 2700 333 
 7 0 8 3000 355 
 0 1 8 600 197 
 1 1 8 1200 292 
 2 1 8 1500 319 
 3 1 8 1800 347 
 4 1 8 2100 375 
 5 1 8 2400 410 
 6 1 8 2700 450 
 7 1 8 3000 487 
 0 2 8 600 198 
 1 2 8 1200 248 
 2 2 8 1500 265 
 3 2 8 1800 285 
 4 2 8 2100 306 
 5 2 8 2400 331 
 6 2 8 2700 372 
 7 2 8 3000 416 
 0 3 8 600 216 
 1 3 8 1200 367 
 2 3 8 1500 434 
 3 3 8 1800 504 
 4 3 8 2100 577 
 5 3 8 2400 649 
 6 3 8 2700 728 
 7 3 8 3000 810 
 0 4 8 600 190 
 1 4 8 1200 273 
 2 4 8 1500 302 
 3 4 8 1800 322 
 4 4 8 2100 345 
 5 4 8 2400 375 
 6 4 8 2700 413 
 7 4 8 3000 452 
 0 5 8 600 197 
 1 5 8 1200 287 
 2 5 8 1500 324 
 3 5 8 1800 364 
 4 5 8 2100 407 
 5 5 8 2400 452 
 6 5 8 2700 512 
 7 5 8 3000 575 
 0 6 8 600 148 
 1 6 8 1200 198 
 2 6 8 1500 215 
 3 6 8 1800 235 
 4 6 8 2100 255 
 5 6 8 2400 270 
 6 6 8 2700 301 
 7 6 8 3000 337 
 0 7 8 600 150 
 1 7 8 1200 203 
 2 7 8 1500 215 
 3 7 8 1800 230 
 4 7 8 2100 246 
 5 7 8 2400 260 
 6 7 8 2700 286 
 7 7 8 3000 318 
 0 8 8 600 183 
 1 8 8 1200 240 
 2 8 8 1500 257 
 3 8 8 1800 277 
 4 8 8 2100 300 
 5 8 8 2400 323 
 6 8 8 2700 350 
 7 8 8 3000 382 
 random:9T:3000
0 0 9 600 187 
 1 0 9 1200 212 
 2 0 9 1500 220 
 3 0 9 1800 225 
 4 0 9 2100 241 
 5 0 9 2400 258 
 6 0 9 2700 271 
 7 0 9 3000 281 
 0 1 9 600 183 
 1 1 9 1200 201 
 2 1 9 1500 215 
 3 1 9 1800 230 
 4 1 9 2100 256 
 5 1 9 2400 285 
 6 1 9 2700 316 
 7 1 9 3000 356 
 0 2 9 600 208 
 1 2 9 1200 241 
 2 2 9 1500 256 
 3 2 9 1800 268 
 4 2 9 2100 287 
 5 2 9 2400 303 
 6 2 9 2700 324 
 7 2 9 3000 344 
 0 3 9 600 201 
 1 3 9 1200 295 
 2 3 9 1500 345 
 3 3 9 1800 400 
 4 3 9 2100 462 
 5 3 9 2400 529 
 6 3 9 2700 605 
 7 3 9 3000 688 
 0 4 9 600 197 
 1 4 9 1200 219 
 2 4 9 1500 234 
 3 4 9 1800 250 
 4 4 9 2100 276 
 5 4 9 2400 307 
 6 4 9 2700 338 
 7 4 9 3000 378 
 0 5 9 600 204 
 1 5 9 1200 248 
 2 5 9 1500 266 
 3 5 9 1800 286 
 4 5 9 2100 314 
 5 5 9 2400 335 
 6 5 9 2700 361 
 7 5 9 3000 392 
 0 6 9 600 194 
 1 6 9 1200 209 
 2 6 9 1500 219 
 3 6 9 1800 234 
 4 6 9 2100 248 
 5 6 9 2400 259 
 6 6 9 2700 280 
 7 6 9 3000 306 
 0 7 9 600 177 
 1 7 9 1200 192 
 2 7 9 1500 202 
 3 7 9 1800 214 
 4 7 9 2100 235 
 5 7 9 2400 253 
 6 7 9 2700 271 
 7 7 9 3000 291 
 0 8 9 600 181 
 1 8 9 1200 209 
 2 8 9 1500 224 
 3 8 9 1800 239 
 4 8 9 2100 265 
 5 8 9 2400 298 
 6 8 9 2700 328 
 7 8 9 3000 363 
 