random:0T:3000
0 0 0 600 280 
 1 0 0 1200 364 
 2 0 0 1500 408 
 3 0 0 1800 467 
 4 0 0 2100 522 
 5 0 0 2400 580 
 6 0 0 2700 635 
 7 0 0 3000 704 
 0 1 0 600 268 
 1 1 0 1200 356 
 2 1 0 1500 403 
 3 1 0 1800 453 
 4 1 0 2100 513 
 5 1 0 2400 561 
 6 1 0 2700 614 
 7 1 0 3000 683 
 0 2 0 600 296 
 1 2 0 1200 365 
 2 2 0 1500 401 
 3 2 0 1800 452 
 4 2 0 2100 503 
 5 2 0 2400 567 
 6 2 0 2700 613 
 7 2 0 3000 667 
 0 3 0 600 292 
 1 3 0 1200 469 
 2 3 0 1500 568 
 3 3 0 1800 680 
 4 3 0 2100 799 
 5 3 0 2400 926 
 6 3 0 2700 1057 
 7 3 0 3000 1200 
 0 4 0 600 298 
 1 4 0 1200 391 
 2 4 0 1500 428 
 3 4 0 1800 478 
 4 4 0 2100 534 
 5 4 0 2400 592 
 6 4 0 2700 639 
 7 4 0 3000 693 
 0 5 0 600 308 
 1 5 0 1200 435 
 2 5 0 1500 479 
 3 5 0 1800 531 
 4 5 0 2100 581 
 5 5 0 2400 644 
 6 5 0 2700 688 
 7 5 0 3000 745 
 0 6 0 600 295 
 1 6 0 1200 388 
 2 6 0 1500 433 
 3 6 0 1800 490 
 4 6 0 2100 551 
 5 6 0 2400 613 
 6 6 0 2700 683 
 7 6 0 3000 738 
 0 7 0 600 266 
 1 7 0 1200 357 
 2 7 0 1500 407 
 3 7 0 1800 456 
 4 7 0 2100 496 
 5 7 0 2400 536 
 6 7 0 2700 579 
 7 7 0 3000 634 
 0 8 0 600 283 
 1 8 0 1200 365 
 2 8 0 1500 395 
 3 8 0 1800 441 
 4 8 0 2100 496 
 5 8 0 2400 562 
 6 8 0 2700 635 
 7 8 0 3000 696 
 random:1T:3000
0 0 1 600 300 
 1 0 1 1200 496 
 2 0 1 1500 552 
 3 0 1 1800 612 
 4 0 1 2100 681 
 5 0 1 2400 769 
 6 0 1 2700 858 
 7 0 1 3000 982 
 0 1 1 600 314 
 1 1 1 1200 504 
 2 1 1 1500 576 
 3 1 1 1800 651 
 4 1 1 2100 734 
 5 1 1 2400 829 
 6 1 1 2700 910 
 7 1 1 3000 1032 
 0 2 1 600 308 
 1 2 1 1200 473 
 2 2 1 1500 537 
 3 2 1 1800 602 
 4 2 1 2100 675 
 5 2 1 2400 759 
 6 2 1 2700 835 
 7 2 1 3000 948 
 0 3 1 600 333 
 1 3 1 1200 615 
 2 3 1 1500 758 
 3 3 1 1800 908 
 4 3 1 2100 1063 
 5 3 1 2400 1232 
 6 3 1 2700 1397 
 7 3 1 3000 1593 
 0 4 1 600 325 
 1 4 1 1200 503 
 2 4 1 1500 583 
 3 4 1 1800 668 
 4 4 1 2100 739 
 5 4 1 2400 811 
 6 4 1 2700 878 
 7 4 1 3000 980 
 0 5 1 600 356 
 1 5 1 1200 672 
 2 5 1 1500 786 
 3 5 1 1800 881 
 4 5 1 2100 934 
 5 5 1 2400 978 
 6 5 1 2700 1025 
 7 5 1 3000 1093 
 0 6 1 600 310 
 1 6 1 1200 488 
 2 6 1 1500 530 
 3 6 1 1800 575 
 4 6 1 2100 628 
 5 6 1 2400 694 
 6 6 1 2700 748 
 7 6 1 3000 845 
 0 7 1 600 306 
 1 7 1 1200 483 
 2 7 1 1500 551 
 3 7 1 1800 626 
 4 7 1 2100 703 
 5 7 1 2400 781 
 6 7 1 2700 855 
 7 7 1 3000 961 
 0 8 1 600 294 
 1 8 1 1200 461 
 2 8 1 1500 533 
 3 8 1 1800 608 
 4 8 1 2100 691 
 5 8 1 2400 773 
 6 8 1 2700 858 
 7 8 1 3000 980 
 random:2T:3000
0 0 2 600 133 
 1 0 2 1200 212 
 2 0 2 1500 227 
 3 0 2 1800 247 
 4 0 2 2100 267 
 5 0 2 2400 281 
 6 0 2 2700 305 
 7 0 2 3000 336 
 0 1 2 600 127 
 1 1 2 1200 213 
 2 1 2 1500 233 
 3 1 2 1800 258 
 4 1 2 2100 291 
 5 1 2 2400 328 
 6 1 2 2700 378 
 7 1 2 3000 436 
 0 2 2 600 135 
 1 2 2 1200 240 
 2 2 2 1500 264 
 3 2 2 1800 289 
 4 2 2 2100 321 
 5 2 2 2400 358 
 6 2 2 2700 396 
 7 2 2 3000 441 
 0 3 2 600 161 
 1 3 2 1200 318 
 2 3 2 1500 395 
 3 3 2 1800 465 
 4 3 2 2100 534 
 5 3 2 2400 597 
 6 3 2 2700 680 
 7 3 2 3000 772 
 0 4 2 600 143 
 1 4 2 1200 223 
 2 4 2 1500 243 
 3 4 2 1800 268 
 4 4 2 2100 298 
 5 4 2 2400 330 
 6 4 2 2700 371 
 7 4 2 3000 421 
 0 5 2 600 167 
 1 5 2 1200 268 
 2 5 2 1500 294 
 3 5 2 1800 319 
 4 5 2 2100 350 
 5 5 2 2400 380 
 6 5 2 2700 423 
 7 5 2 3000 486 
 0 6 2 600 132 
 1 6 2 1200 196 
 2 6 2 1500 221 
 3 6 2 1800 251 
 4 6 2 2100 288 
 5 6 2 2400 330 
 6 6 2 2700 380 
 7 6 2 3000 435 
 0 7 2 600 120 
 1 7 2 1200 179 
 2 7 2 1500 199 
 3 7 2 1800 223 
 4 7 2 2100 246 
 5 7 2 2400 274 
 6 7 2 2700 323 
 7 7 2 3000 379 
 0 8 2 600 141 
 1 8 2 1200 238 
 2 8 2 1500 261 
 3 8 2 1800 285 
 4 8 2 2100 310 
 5 8 2 2400 338 
 6 8 2 2700 387 
 7 8 2 3000 453 
 random:3T:3000
0 0 3 600 244 
 1 0 3 1200 336 
 2 0 3 1500 376 
 3 0 3 1800 417 
 4 0 3 2100 466 
 5 0 3 2400 523 
 6 0 3 2700 584 
 7 0 3 3000 657 
 0 1 3 600 247 
 1 1 3 1200 363 
 2 1 3 1500 418 
 3 1 3 1800 452 
 4 1 3 2100 491 
 5 1 3 2400 529 
 6 1 3 2700 572 
 7 1 3 3000 633 
 0 2 3 600 266 
 1 2 3 1200 385 
 2 2 3 1500 437 
 3 2 3 1800 471 
 4 2 3 2100 514 
 5 2 3 2400 564 
 6 2 3 2700 615 
 7 2 3 3000 691 
 0 3 3 600 283 
 1 3 3 1200 469 
 2 3 3 1500 583 
 3 3 3 1800 692 
 4 3 3 2100 812 
 5 3 3 2400 950 
 6 3 3 2700 1094 
 7 3 3 3000 1270 
 0 4 3 600 255 
 1 4 3 1200 370 
 2 4 3 1500 429 
 3 4 3 1800 470 
 4 4 3 2100 511 
 5 4 3 2400 559 
 6 4 3 2700 616 
 7 4 3 3000 689 
 0 5 3 600 316 
 1 5 3 1200 529 
 2 5 3 1500 601 
 3 5 3 1800 636 
 4 5 3 2100 673 
 5 5 3 2400 722 
 6 5 3 2700 777 
 7 5 3 3000 838 
 0 6 3 600 247 
 1 6 3 1200 353 
 2 6 3 1500 405 
 3 6 3 1800 452 
 4 6 3 2100 505 
 5 6 3 2400 565 
 6 6 3 2700 635 
 7 6 3 3000 720 
 0 7 3 600 239 
 1 7 3 1200 354 
 2 7 3 1500 404 
 3 7 3 1800 452 
 4 7 3 2100 497 
 5 7 3 2400 546 
 6 7 3 2700 595 
 7 7 3 3000 667 
 0 8 3 600 271 
 1 8 3 1200 398 
 2 8 3 1500 459 
 3 8 3 1800 510 
 4 8 3 2100 569 
 5 8 3 2400 632 
 6 8 3 2700 688 
 7 8 3 3000 772 
 random:4T:3000
0 0 4 600 240 
 1 0 4 1200 294 
 2 0 4 1500 324 
 3 0 4 1800 350 
 4 0 4 2100 376 
 5 0 4 2400 404 
 6 0 4 2700 442 
 7 0 4 3000 503 
 0 1 4 600 255 
 1 1 4 1200 334 
 2 1 4 1500 364 
 3 1 4 1800 395 
 4 1 4 2100 434 
 5 1 4 2400 481 
 6 1 4 2700 537 
 7 1 4 3000 617 
 0 2 4 600 245 
 1 2 4 1200 334 
 2 2 4 1500 369 
 3 2 4 1800 406 
 4 2 4 2100 437 
 5 2 4 2400 477 
 6 2 4 2700 534 
 7 2 4 3000 615 
 0 3 4 600 267 
 1 3 4 1200 475 
 2 3 4 1500 587 
 3 3 4 1800 699 
 4 3 4 2100 821 
 5 3 4 2400 956 
 6 3 4 2700 1106 
 7 3 4 3000 1276 
 0 4 4 600 243 
 1 4 4 1200 319 
 2 4 4 1500 344 
 3 4 4 1800 371 
 4 4 4 2100 410 
 5 4 4 2400 469 
 6 4 4 2700 541 
 7 4 4 3000 622 
 0 5 4 600 252 
 1 5 4 1200 382 
 2 5 4 1500 423 
 3 5 4 1800 465 
 4 5 4 2100 517 
 5 5 4 2400 583 
 6 5 4 2700 666 
 7 5 4 3000 757 
 0 6 4 600 232 
 1 6 4 1200 279 
 2 6 4 1500 305 
 3 6 4 1800 332 
 4 6 4 2100 371 
 5 6 4 2400 419 
 6 6 4 2700 488 
 7 6 4 3000 578 
 0 7 4 600 210 
 1 7 4 1200 259 
 2 7 4 1500 290 
 3 7 4 1800 317 
 4 7 4 2100 356 
 5 7 4 2400 402 
 6 7 4 2700 461 
 7 7 4 3000 533 
 0 8 4 600 244 
 1 8 4 1200 331 
 2 8 4 1500 368 
 3 8 4 1800 395 
 4 8 4 2100 427 
 5 8 4 2400 456 
 6 8 4 2700 498 
 7 8 4 3000 563 
 random:5T:3000
0 0 5 600 452 
 1 0 5 1200 687 
 2 0 5 1500 782 
 3 0 5 1800 847 
 4 0 5 2100 897 
 5 0 5 2400 939 
 6 0 5 2700 987 
 7 0 5 3000 1026 
 0 1 5 600 412 
 1 1 5 1200 607 
 2 1 5 1500 676 
 3 1 5 1800 753 
 4 1 5 2100 826 
 5 1 5 2400 895 
 6 1 5 2700 979 
 7 1 5 3000 1066 
 0 2 5 600 401 
 1 2 5 1200 646 
 2 2 5 1500 735 
 3 2 5 1800 791 
 4 2 5 2100 827 
 5 2 5 2400 854 
 6 2 5 2700 899 
 7 2 5 3000 945 
 0 3 5 600 388 
 1 3 5 1200 668 
 2 3 5 1500 811 
 3 3 5 1800 949 
 4 3 5 2100 1077 
 5 3 5 2400 1209 
 6 3 5 2700 1357 
 7 3 5 3000 1508 
 0 4 5 600 466 
 1 4 5 1200 725 
 2 4 5 1500 777 
 3 4 5 1800 820 
 4 4 5 2100 845 
 5 4 5 2400 861 
 6 4 5 2700 887 
 7 4 5 3000 931 
 0 5 5 600 454 
 1 5 5 1200 744 
 2 5 5 1500 849 
 3 5 5 1800 934 
 4 5 5 2100 995 
 5 5 5 2400 1025 
 6 5 5 2700 1061 
 7 5 5 3000 1110 
 0 6 5 600 426 
 1 6 5 1200 643 
 2 6 5 1500 698 
 3 6 5 1800 733 
 4 6 5 2100 773 
 5 6 5 2400 814 
 6 6 5 2700 859 
 7 6 5 3000 923 
 0 7 5 600 446 
 1 7 5 1200 678 
 2 7 5 1500 730 
 3 7 5 1800 772 
 4 7 5 2100 807 
 5 7 5 2400 840 
 6 7 5 2700 885 
 7 7 5 3000 936 
 0 8 5 600 428 
 1 8 5 1200 701 
 2 8 5 1500 795 
 3 8 5 1800 870 
 4 8 5 2100 906 
 5 8 5 2400 943 
 6 8 5 2700 992 
 7 8 5 3000 1035 
 random:6T:3000
0 0 6 600 341 
 1 0 6 1200 500 
 2 0 6 1500 544 
 3 0 6 1800 589 
 4 0 6 2100 625 
 5 0 6 2400 661 
 6 0 6 2700 709 
 7 0 6 3000 772 
 0 1 6 600 296 
 1 1 6 1200 480 
 2 1 6 1500 552 
 3 1 6 1800 597 
 4 1 6 2100 645 
 5 1 6 2400 704 
 6 1 6 2700 783 
 7 1 6 3000 885 
 0 2 6 600 315 
 1 2 6 1200 502 
 2 2 6 1500 570 
 3 2 6 1800 627 
 4 2 6 2100 679 
 5 2 6 2400 739 
 6 2 6 2700 814 
 7 2 6 3000 920 
 0 3 6 600 324 
 1 3 6 1200 539 
 2 3 6 1500 655 
 3 3 6 1800 760 
 4 3 6 2100 868 
 5 3 6 2400 988 
 6 3 6 2700 1128 
 7 3 6 3000 1297 
 0 4 6 600 310 
 1 4 6 1200 473 
 2 4 6 1500 544 
 3 4 6 1800 593 
 4 4 6 2100 634 
 5 4 6 2400 684 
 6 4 6 2700 750 
 7 4 6 3000 843 
 0 5 6 600 354 
 1 5 6 1200 558 
 2 5 6 1500 651 
 3 5 6 1800 715 
 4 5 6 2100 749 
 5 5 6 2400 791 
 6 5 6 2700 848 
 7 5 6 3000 954 
 0 6 6 600 327 
 1 6 6 1200 496 
 2 6 6 1500 566 
 3 6 6 1800 627 
 4 6 6 2100 661 
 5 6 6 2400 711 
 6 6 6 2700 781 
 7 6 6 3000 878 
 0 7 6 600 299 
 1 7 6 1200 455 
 2 7 6 1500 519 
 3 7 6 1800 579 
 4 7 6 2100 640 
 5 7 6 2400 697 
 6 7 6 2700 771 
 7 7 6 3000 872 
 0 8 6 600 346 
 1 8 6 1200 524 
 2 8 6 1500 593 
 3 8 6 1800 628 
 4 8 6 2100 660 
 5 8 6 2400 691 
 6 8 6 2700 733 
 7 8 6 3000 801 
 random:7T:3000
0 0 7 600 230 
 1 0 7 1200 316 
 2 0 7 1500 366 
 3 0 7 1800 392 
 4 0 7 2100 403 
 5 0 7 2400 417 
 6 0 7 2700 438 
 7 0 7 3000 470 
 0 1 7 600 270 
 1 1 7 1200 364 
 2 1 7 1500 409 
 3 1 7 1800 448 
 4 1 7 2100 486 
 5 1 7 2400 536 
 6 1 7 2700 605 
 7 1 7 3000 681 
 0 2 7 600 239 
 1 2 7 1200 352 
 2 2 7 1500 401 
 3 2 7 1800 438 
 4 2 7 2100 476 
 5 2 7 2400 520 
 6 2 7 2700 569 
 7 2 7 3000 632 
 0 3 7 600 240 
 1 3 7 1200 432 
 2 3 7 1500 531 
 3 3 7 1800 630 
 4 3 7 2100 734 
 5 3 7 2400 827 
 6 3 7 2700 899 
 7 3 7 3000 990 
 0 4 7 600 226 
 1 4 7 1200 378 
 2 4 7 1500 425 
 3 4 7 1800 464 
 4 4 7 2100 513 
 5 4 7 2400 559 
 6 4 7 2700 612 
 7 4 7 3000 687 
 0 5 7 600 267 
 1 5 7 1200 389 
 2 5 7 1500 428 
 3 5 7 1800 464 
 4 5 7 2100 501 
 5 5 7 2400 544 
 6 5 7 2700 600 
 7 5 7 3000 667 
 0 6 7 600 215 
 1 6 7 1200 316 
 2 6 7 1500 347 
 3 6 7 1800 378 
 4 6 7 2100 405 
 5 6 7 2400 443 
 6 6 7 2700 488 
 7 6 7 3000 554 
 0 7 7 600 232 
 1 7 7 1200 359 
 2 7 7 1500 381 
 3 7 7 1800 399 
 4 7 7 2100 422 
 5 7 7 2400 457 
 6 7 7 2700 483 
 7 7 7 3000 538 
 0 8 7 600 235 
 1 8 7 1200 350 
 2 8 7 1500 405 
 3 8 7 1800 442 
 4 8 7 2100 480 
 5 8 7 2400 526 
 6 8 7 2700 577 
 7 8 7 3000 647 
 random:8T:3000
0 0 8 600 182 
 1 0 8 1200 258 
 2 0 8 1500 290 
 3 0 8 1800 307 
 4 0 8 2100 331 
 5 0 8 2400 352 
 6 0 8 2700 365 
 7 0 8 3000 376 
 0 1 8 600 194 
 1 1 8 1200 265 
 2 1 8 1500 281 
 3 1 8 1800 303 
 4 1 8 2100 332 
 5 1 8 2400 357 
 6 1 8 2700 391 
 7 1 8 3000 435 
 0 2 8 600 209 
 1 2 8 1200 329 
 2 2 8 1500 365 
 3 2 8 1800 400 
 4 2 8 2100 441 
 5 2 8 2400 484 
 6 2 8 2700 535 
 7 2 8 3000 577 
 0 3 8 600 223 
 1 3 8 1200 395 
 2 3 8 1500 476 
 3 3 8 1800 561 
 4 3 8 2100 650 
 5 3 8 2400 740 
 6 3 8 2700 843 
 7 3 8 3000 957 
 0 4 8 600 208 
 1 4 8 1200 292 
 2 4 8 1500 299 
 3 4 8 1800 319 
 4 4 8 2100 341 
 5 4 8 2400 361 
 6 4 8 2700 394 
 7 4 8 3000 433 
 0 5 8 600 222 
 1 5 8 1200 360 
 2 5 8 1500 382 
 3 5 8 1800 416 
 4 5 8 2100 453 
 5 5 8 2400 491 
 6 5 8 2700 531 
 7 5 8 3000 585 
 0 6 8 600 158 
 1 6 8 1200 238 
 2 6 8 1500 285 
 3 6 8 1800 341 
 4 6 8 2100 392 
 5 6 8 2400 437 
 6 6 8 2700 493 
 7 6 8 3000 557 
 0 7 8 600 182 
 1 7 8 1200 266 
 2 7 8 1500 311 
 3 7 8 1800 351 
 4 7 8 2100 387 
 5 7 8 2400 426 
 6 7 8 2700 470 
 7 7 8 3000 527 
 0 8 8 600 214 
 1 8 8 1200 336 
 2 8 8 1500 371 
 3 8 8 1800 405 
 4 8 8 2100 440 
 5 8 8 2400 475 
 6 8 8 2700 519 
 7 8 8 3000 571 
 random:9T:3000
0 0 9 600 198 
 1 0 9 1200 243 
 2 0 9 1500 253 
 3 0 9 1800 259 
 4 0 9 2100 271 
 5 0 9 2400 286 
 6 0 9 2700 313 
 7 0 9 3000 343 
 0 1 9 600 195 
 1 1 9 1200 246 
 2 1 9 1500 262 
 3 1 9 1800 283 
 4 1 9 2100 310 
 5 1 9 2400 354 
 6 1 9 2700 404 
 7 1 9 3000 454 
 0 2 9 600 251 
 1 2 9 1200 308 
 2 2 9 1500 328 
 3 2 9 1800 354 
 4 2 9 2100 385 
 5 2 9 2400 430 
 6 2 9 2700 483 
 7 2 9 3000 528 
 0 3 9 600 233 
 1 3 9 1200 375 
 2 3 9 1500 443 
 3 3 9 1800 519 
 4 3 9 2100 598 
 5 3 9 2400 683 
 6 3 9 2700 776 
 7 3 9 3000 866 
 0 4 9 600 217 
 1 4 9 1200 270 
 2 4 9 1500 287 
 3 4 9 1800 308 
 4 4 9 2100 331 
 5 4 9 2400 371 
 6 4 9 2700 429 
 7 4 9 3000 482 
 0 5 9 600 259 
 1 5 9 1200 318 
 2 5 9 1500 336 
 3 5 9 1800 361 
 4 5 9 2100 388 
 5 5 9 2400 426 
 6 5 9 2700 467 
 7 5 9 3000 512 
 0 6 9 600 195 
 1 6 9 1200 230 
 2 6 9 1500 248 
 3 6 9 1800 274 
 4 6 9 2100 300 
 5 6 9 2400 335 
 6 6 9 2700 392 
 7 6 9 3000 449 
 0 7 9 600 209 
 1 7 9 1200 252 
 2 7 9 1500 274 
 3 7 9 1800 300 
 4 7 9 2100 329 
 5 7 9 2400 360 
 6 7 9 2700 389 
 7 7 9 3000 424 
 0 8 9 600 216 
 1 8 9 1200 284 
 2 8 9 1500 306 
 3 8 9 1800 332 
 4 8 9 2100 354 
 5 8 9 2400 388 
 6 8 9 2700 432 
 7 8 9 3000 479 
 