random:0T:3000
0 0 0 600 118 
 1 0 0 1200 136 
 2 0 0 1500 166 
 3 0 0 1800 190 
 4 0 0 2100 213 
 5 0 0 2400 247 
 6 0 0 2700 263 
 7 0 0 3000 290 
 0 1 0 600 126 
 1 1 0 1200 144 
 2 1 0 1500 174 
 3 1 0 1800 209 
 4 1 0 2100 247 
 5 1 0 2400 297 
 6 1 0 2700 340 
 7 1 0 3000 386 
 0 2 0 600 118 
 1 2 0 1200 139 
 2 2 0 1500 169 
 3 2 0 1800 205 
 4 2 0 2100 238 
 5 2 0 2400 274 
 6 2 0 2700 289 
 7 2 0 3000 311 
 0 3 0 600 165 
 1 3 0 1200 227 
 2 3 0 1500 267 
 3 3 0 1800 317 
 4 3 0 2100 350 
 5 3 0 2400 379 
 6 3 0 2700 404 
 7 3 0 3000 436 
 0 4 0 600 126 
 1 4 0 1200 144 
 2 4 0 1500 172 
 3 4 0 1800 202 
 4 4 0 2100 235 
 5 4 0 2400 280 
 6 4 0 2700 320 
 7 4 0 3000 367 
 0 5 0 600 154 
 1 5 0 1200 182 
 2 5 0 1500 212 
 3 5 0 1800 252 
 4 5 0 2100 289 
 5 5 0 2400 328 
 6 5 0 2700 360 
 7 5 0 3000 372 
 0 6 0 600 118 
 1 6 0 1200 134 
 2 6 0 1500 154 
 3 6 0 1800 180 
 4 6 0 2100 208 
 5 6 0 2400 227 
 6 6 0 2700 240 
 7 6 0 3000 257 
 0 7 0 600 107 
 1 7 0 1200 126 
 2 7 0 1500 156 
 3 7 0 1800 192 
 4 7 0 2100 230 
 5 7 0 2400 282 
 6 7 0 2700 329 
 7 7 0 3000 377 
 0 8 0 600 124 
 1 8 0 1200 143 
 2 8 0 1500 169 
 3 8 0 1800 199 
 4 8 0 2100 232 
 5 8 0 2400 278 
 6 8 0 2700 320 
 7 8 0 3000 372 
 random:1T:3000
0 0 1 600 135 
 1 0 1 1200 182 
 2 0 1 1500 211 
 3 0 1 1800 242 
 4 0 1 2100 256 
 5 0 1 2400 264 
 6 0 1 2700 295 
 7 0 1 3000 318 
 0 1 1 600 142 
 1 1 1 1200 211 
 2 1 1 1500 262 
 3 1 1 1800 306 
 4 1 1 2100 339 
 5 1 1 2400 374 
 6 1 1 2700 432 
 7 1 1 3000 478 
 0 2 1 600 136 
 1 2 1 1200 207 
 2 2 1 1500 243 
 3 2 1 1800 284 
 4 2 1 2100 307 
 5 2 1 2400 342 
 6 2 1 2700 398 
 7 2 1 3000 444 
 0 3 1 600 193 
 1 3 1 1200 370 
 2 3 1 1500 473 
 3 3 1 1800 579 
 4 3 1 2100 692 
 5 3 1 2400 809 
 6 3 1 2700 949 
 7 3 1 3000 1098 
 0 4 1 600 138 
 1 4 1 1200 207 
 2 4 1 1500 228 
 3 4 1 1800 254 
 4 4 1 2100 283 
 5 4 1 2400 323 
 6 4 1 2700 378 
 7 4 1 3000 437 
 0 5 1 600 161 
 1 5 1 1200 236 
 2 5 1 1500 271 
 3 5 1 1800 307 
 4 5 1 2100 334 
 5 5 1 2400 369 
 6 5 1 2700 428 
 7 5 1 3000 493 
 0 6 1 600 140 
 1 6 1 1200 204 
 2 6 1 1500 255 
 3 6 1 1800 311 
 4 6 1 2100 360 
 5 6 1 2400 409 
 6 6 1 2700 485 
 7 6 1 3000 579 
 0 7 1 600 146 
 1 7 1 1200 209 
 2 7 1 1500 260 
 3 7 1 1800 316 
 4 7 1 2100 357 
 5 7 1 2400 394 
 6 7 1 2700 443 
 7 7 1 3000 485 
 0 8 1 600 184 
 1 8 1 1200 261 
 2 8 1 1500 307 
 3 8 1 1800 358 
 4 8 1 2100 410 
 5 8 1 2400 468 
 6 8 1 2700 549 
 7 8 1 3000 627 
 random:2T:3000
0 0 2 600 85 
 1 0 2 1200 164 
 2 0 2 1500 209 
 3 0 2 1800 254 
 4 0 2 2100 285 
 5 0 2 2400 294 
 6 0 2 2700 308 
 7 0 2 3000 317 
 0 1 2 600 92 
 1 1 2 1200 161 
 2 1 2 1500 201 
 3 1 2 1800 241 
 4 1 2 2100 283 
 5 1 2 2400 328 
 6 1 2 2700 379 
 7 1 2 3000 434 
 0 2 2 600 105 
 1 2 2 1200 174 
 2 2 2 1500 214 
 3 2 2 1800 254 
 4 2 2 2100 289 
 5 2 2 2400 309 
 6 2 2 2700 338 
 7 2 2 3000 386 
 0 3 2 600 114 
 1 3 2 1200 225 
 2 3 2 1500 285 
 3 3 2 1800 345 
 4 3 2 2100 407 
 5 3 2 2400 473 
 6 3 2 2700 549 
 7 3 2 3000 610 
 0 4 2 600 93 
 1 4 2 1200 132 
 2 4 2 1500 157 
 3 4 2 1800 182 
 4 4 2 2100 205 
 5 4 2 2400 226 
 6 4 2 2700 255 
 7 4 2 3000 298 
 0 5 2 600 104 
 1 5 2 1200 175 
 2 5 2 1500 215 
 3 5 2 1800 255 
 4 5 2 2100 301 
 5 5 2 2400 344 
 6 5 2 2700 391 
 7 5 2 3000 454 
 0 6 2 600 83 
 1 6 2 1200 162 
 2 6 2 1500 207 
 3 6 2 1800 252 
 4 6 2 2100 297 
 5 6 2 2400 335 
 6 6 2 2700 353 
 7 6 2 3000 380 
 0 7 2 600 81 
 1 7 2 1200 120 
 2 7 2 1500 145 
 3 7 2 1800 170 
 4 7 2 2100 199 
 5 7 2 2400 221 
 6 7 2 2700 245 
 7 7 2 3000 282 
 0 8 2 600 93 
 1 8 2 1200 125 
 2 8 2 1500 145 
 3 8 2 1800 165 
 4 8 2 2100 190 
 5 8 2 2400 216 
 6 8 2 2700 252 
 7 8 2 3000 295 
 random:3T:3000
0 0 3 600 149 
 1 0 3 1200 184 
 2 0 3 1500 196 
 3 0 3 1800 213 
 4 0 3 2100 234 
 5 0 3 2400 251 
 6 0 3 2700 257 
 7 0 3 3000 262 
 0 1 3 600 186 
 1 1 3 1200 225 
 2 1 3 1500 248 
 3 1 3 1800 275 
 4 1 3 2100 305 
 5 1 3 2400 339 
 6 1 3 2700 366 
 7 1 3 3000 396 
 0 2 3 600 199 
 1 2 3 1200 259 
 2 2 3 1500 287 
 3 2 3 1800 312 
 4 2 3 2100 334 
 5 2 3 2400 364 
 6 2 3 2700 399 
 7 2 3 3000 409 
 0 3 3 600 249 
 1 3 3 1200 442 
 2 3 3 1500 534 
 3 3 3 1800 631 
 4 3 3 2100 733 
 5 3 3 2400 837 
 6 3 3 2700 939 
 7 3 3 3000 1020 
 0 4 3 600 185 
 1 4 3 1200 218 
 2 4 3 1500 240 
 3 4 3 1800 264 
 4 4 3 2100 286 
 5 4 3 2400 315 
 6 4 3 2700 346 
 7 4 3 3000 362 
 0 5 3 600 241 
 1 5 3 1200 292 
 2 5 3 1500 314 
 3 5 3 1800 341 
 4 5 3 2100 371 
 5 5 3 2400 397 
 6 5 3 2700 417 
 7 5 3 3000 442 
 0 6 3 600 154 
 1 6 3 1200 193 
 2 6 3 1500 215 
 3 6 3 1800 242 
 4 6 3 2100 268 
 5 6 3 2400 297 
 6 6 3 2700 327 
 7 6 3 3000 362 
 0 7 3 600 160 
 1 7 3 1200 203 
 2 7 3 1500 230 
 3 7 3 1800 262 
 4 7 3 2100 293 
 5 7 3 2400 324 
 6 7 3 2700 345 
 7 7 3 3000 365 
 0 8 3 600 204 
 1 8 3 1200 261 
 2 8 3 1500 278 
 3 8 3 1800 300 
 4 8 3 2100 327 
 5 8 3 2400 350 
 6 8 3 2700 370 
 7 8 3 3000 395 
 random:4T:3000
0 0 4 600 98 
 1 0 4 1200 142 
 2 0 4 1500 165 
 3 0 4 1800 190 
 4 0 4 2100 212 
 5 0 4 2400 222 
 6 0 4 2700 233 
 7 0 4 3000 248 
 0 1 4 600 117 
 1 1 4 1200 177 
 2 1 4 1500 220 
 3 1 4 1800 265 
 4 1 4 2100 302 
 5 1 4 2400 324 
 6 1 4 2700 354 
 7 1 4 3000 385 
 0 2 4 600 126 
 1 2 4 1200 190 
 2 2 4 1500 233 
 3 2 4 1800 278 
 4 2 4 2100 320 
 5 2 4 2400 358 
 6 2 4 2700 386 
 7 2 4 3000 415 
 0 3 4 600 174 
 1 3 4 1200 309 
 2 3 4 1500 342 
 3 3 4 1800 377 
 4 3 4 2100 409 
 5 3 4 2400 416 
 6 3 4 2700 433 
 7 3 4 3000 448 
 0 4 4 600 111 
 1 4 4 1200 172 
 2 4 4 1500 215 
 3 4 4 1800 260 
 4 4 4 2100 298 
 5 4 4 2400 323 
 6 4 4 2700 350 
 7 4 4 3000 386 
 0 5 4 600 126 
 1 5 4 1200 192 
 2 5 4 1500 235 
 3 5 4 1800 280 
 4 5 4 2100 322 
 5 5 4 2400 369 
 6 5 4 2700 408 
 7 5 4 3000 441 
 0 6 4 600 101 
 1 6 4 1200 161 
 2 6 4 1500 204 
 3 6 4 1800 249 
 4 6 4 2100 291 
 5 6 4 2400 330 
 6 6 4 2700 364 
 7 6 4 3000 406 
 0 7 4 600 100 
 1 7 4 1200 158 
 2 7 4 1500 201 
 3 7 4 1800 246 
 4 7 4 2100 288 
 5 7 4 2400 333 
 6 7 4 2700 376 
 7 7 4 3000 423 
 0 8 4 600 119 
 1 8 4 1200 182 
 2 8 4 1500 210 
 3 8 4 1800 240 
 4 8 4 2100 267 
 5 8 4 2400 295 
 6 8 4 2700 327 
 7 8 4 3000 358 
 random:5T:3000
0 0 5 600 192 
 1 0 5 1200 238 
 2 0 5 1500 267 
 3 0 5 1800 297 
 4 0 5 2100 324 
 5 0 5 2400 329 
 6 0 5 2700 340 
 7 0 5 3000 356 
 0 1 5 600 263 
 1 1 5 1200 347 
 2 1 5 1500 382 
 3 1 5 1800 407 
 4 1 5 2100 429 
 5 1 5 2400 454 
 6 1 5 2700 485 
 7 1 5 3000 523 
 0 2 5 600 239 
 1 2 5 1200 310 
 2 2 5 1500 334 
 3 2 5 1800 354 
 4 2 5 2100 377 
 5 2 5 2400 401 
 6 2 5 2700 428 
 7 2 5 3000 466 
 0 3 5 600 279 
 1 3 5 1200 463 
 2 3 5 1500 562 
 3 3 5 1800 662 
 4 3 5 2100 741 
 5 3 5 2400 792 
 6 3 5 2700 852 
 7 3 5 3000 910 
 0 4 5 600 238 
 1 4 5 1200 312 
 2 4 5 1500 348 
 3 4 5 1800 377 
 4 4 5 2100 404 
 5 4 5 2400 428 
 6 4 5 2700 448 
 7 4 5 3000 491 
 0 5 5 600 255 
 1 5 5 1200 317 
 2 5 5 1500 344 
 3 5 5 1800 369 
 4 5 5 2100 391 
 5 5 5 2400 414 
 6 5 5 2700 439 
 7 5 5 3000 486 
 0 6 5 600 193 
 1 6 5 1200 265 
 2 6 5 1500 289 
 3 6 5 1800 314 
 4 6 5 2100 336 
 5 6 5 2400 361 
 6 6 5 2700 394 
 7 6 5 3000 444 
 0 7 5 600 199 
 1 7 5 1200 279 
 2 7 5 1500 297 
 3 7 5 1800 316 
 4 7 5 2100 333 
 5 7 5 2400 341 
 6 7 5 2700 352 
 7 7 5 3000 379 
 0 8 5 600 226 
 1 8 5 1200 292 
 2 8 5 1500 316 
 3 8 5 1800 341 
 4 8 5 2100 363 
 5 8 5 2400 387 
 6 8 5 2700 417 
 7 8 5 3000 461 
 random:6T:3000
0 0 6 600 187 
 1 0 6 1200 239 
 2 0 6 1500 258 
 3 0 6 1800 278 
 4 0 6 2100 292 
 5 0 6 2400 310 
 6 0 6 2700 330 
 7 0 6 3000 357 
 0 1 6 600 238 
 1 1 6 1200 362 
 2 1 6 1500 416 
 3 1 6 1800 460 
 4 1 6 2100 505 
 5 1 6 2400 555 
 6 1 6 2700 598 
 7 1 6 3000 643 
 0 2 6 600 254 
 1 2 6 1200 360 
 2 2 6 1500 410 
 3 2 6 1800 465 
 4 2 6 2100 520 
 5 2 6 2400 591 
 6 2 6 2700 660 
 7 2 6 3000 717 
 0 3 6 600 263 
 1 3 6 1200 458 
 2 3 6 1500 555 
 3 3 6 1800 636 
 4 3 6 2100 722 
 5 3 6 2400 836 
 6 3 6 2700 954 
 7 3 6 3000 1078 
 0 4 6 600 257 
 1 4 6 1200 379 
 2 4 6 1500 431 
 3 4 6 1800 478 
 4 4 6 2100 527 
 5 4 6 2400 592 
 6 4 6 2700 669 
 7 4 6 3000 724 
 0 5 6 600 237 
 1 5 6 1200 339 
 2 5 6 1500 384 
 3 5 6 1800 429 
 4 5 6 2100 477 
 5 5 6 2400 546 
 6 5 6 2700 621 
 7 5 6 3000 690 
 0 6 6 600 182 
 1 6 6 1200 274 
 2 6 6 1500 324 
 3 6 6 1800 359 
 4 6 6 2100 394 
 5 6 6 2400 438 
 6 6 6 2700 476 
 7 6 6 3000 519 
 0 7 6 600 191 
 1 7 6 1200 281 
 2 7 6 1500 341 
 3 7 6 1800 398 
 4 7 6 2100 447 
 5 7 6 2400 514 
 6 7 6 2700 568 
 7 7 6 3000 620 
 0 8 6 600 237 
 1 8 6 1200 339 
 2 8 6 1500 389 
 3 8 6 1800 439 
 4 8 6 2100 494 
 5 8 6 2400 566 
 6 8 6 2700 641 
 7 8 6 3000 703 
 random:7T:3000
0 0 7 600 153 
 1 0 7 1200 185 
 2 0 7 1500 211 
 3 0 7 1800 244 
 4 0 7 2100 276 
 5 0 7 2400 302 
 6 0 7 2700 313 
 7 0 7 3000 317 
 0 1 7 600 165 
 1 1 7 1200 216 
 2 1 7 1500 232 
 3 1 7 1800 255 
 4 1 7 2100 277 
 5 1 7 2400 303 
 6 1 7 2700 326 
 7 1 7 3000 336 
 0 2 7 600 180 
 1 2 7 1200 249 
 2 2 7 1500 276 
 3 2 7 1800 304 
 4 2 7 2100 326 
 5 2 7 2400 354 
 6 2 7 2700 379 
 7 2 7 3000 393 
 0 3 7 600 199 
 1 3 7 1200 307 
 2 3 7 1500 373 
 3 3 7 1800 445 
 4 3 7 2100 517 
 5 3 7 2400 537 
 6 3 7 2700 549 
 7 3 7 3000 564 
 0 4 7 600 165 
 1 4 7 1200 226 
 2 4 7 1500 259 
 3 4 7 1800 283 
 4 4 7 2100 305 
 5 4 7 2400 320 
 6 4 7 2700 343 
 7 4 7 3000 350 
 0 5 7 600 172 
 1 5 7 1200 214 
 2 5 7 1500 240 
 3 5 7 1800 269 
 4 5 7 2100 289 
 5 5 7 2400 309 
 6 5 7 2700 337 
 7 5 7 3000 372 
 0 6 7 600 157 
 1 6 7 1200 213 
 2 6 7 1500 223 
 3 6 7 1800 235 
 4 6 7 2100 246 
 5 6 7 2400 261 
 6 6 7 2700 275 
 7 6 7 3000 285 
 0 7 7 600 159 
 1 7 7 1200 229 
 2 7 7 1500 265 
 3 7 7 1800 282 
 4 7 7 2100 290 
 5 7 7 2400 295 
 6 7 7 2700 308 
 7 7 7 3000 323 
 0 8 7 600 164 
 1 8 7 1200 231 
 2 8 7 1500 277 
 3 8 7 1800 316 
 4 8 7 2100 345 
 5 8 7 2400 370 
 6 8 7 2700 403 
 7 8 7 3000 441 
 random:8T:3000
0 0 8 600 135 
 1 0 8 1200 160 
 2 0 8 1500 172 
 3 0 8 1800 187 
 4 0 8 2100 205 
 5 0 8 2400 226 
 6 0 8 2700 241 
 7 0 8 3000 244 
 0 1 8 600 155 
 1 1 8 1200 194 
 2 1 8 1500 211 
 3 1 8 1800 231 
 4 1 8 2100 254 
 5 1 8 2400 278 
 6 1 8 2700 310 
 7 1 8 3000 342 
 0 2 8 600 139 
 1 2 8 1200 181 
 2 2 8 1500 201 
 3 2 8 1800 221 
 4 2 8 2100 242 
 5 2 8 2400 267 
 6 2 8 2700 300 
 7 2 8 3000 327 
 0 3 8 600 164 
 1 3 8 1200 266 
 2 3 8 1500 318 
 3 3 8 1800 373 
 4 3 8 2100 424 
 5 3 8 2400 454 
 6 3 8 2700 490 
 7 3 8 3000 517 
 0 4 8 600 144 
 1 4 8 1200 181 
 2 4 8 1500 198 
 3 4 8 1800 218 
 4 4 8 2100 237 
 5 4 8 2400 257 
 6 4 8 2700 277 
 7 4 8 3000 302 
 0 5 8 600 146 
 1 5 8 1200 163 
 2 5 8 1500 170 
 3 5 8 1800 180 
 4 5 8 2100 193 
 5 5 8 2400 211 
 6 5 8 2700 237 
 7 5 8 3000 266 
 0 6 8 600 127 
 1 6 8 1200 165 
 2 6 8 1500 172 
 3 6 8 1800 181 
 4 6 8 2100 185 
 5 6 8 2400 190 
 6 6 8 2700 211 
 7 6 8 3000 239 
 0 7 8 600 118 
 1 7 8 1200 150 
 2 7 8 1500 167 
 3 7 8 1800 187 
 4 7 8 2100 207 
 5 7 8 2400 218 
 6 7 8 2700 235 
 7 7 8 3000 255 
 0 8 8 600 135 
 1 8 8 1200 171 
 2 8 8 1500 188 
 3 8 8 1800 208 
 4 8 8 2100 229 
 5 8 8 2400 250 
 6 8 8 2700 278 
 7 8 8 3000 302 
 random:9T:3000
0 0 9 600 140 
 1 0 9 1200 159 
 2 0 9 1500 163 
 3 0 9 1800 168 
 4 0 9 2100 181 
 5 0 9 2400 185 
 6 0 9 2700 196 
 7 0 9 3000 201 
 0 1 9 600 143 
 1 1 9 1200 162 
 2 1 9 1500 175 
 3 1 9 1800 190 
 4 1 9 2100 208 
 5 1 9 2400 215 
 6 1 9 2700 231 
 7 1 9 3000 248 
 0 2 9 600 147 
 1 2 9 1200 167 
 2 2 9 1500 180 
 3 2 9 1800 195 
 4 2 9 2100 221 
 5 2 9 2400 245 
 6 2 9 2700 276 
 7 2 9 3000 316 
 0 3 9 600 165 
 1 3 9 1200 219 
 2 3 9 1500 239 
 3 3 9 1800 262 
 4 3 9 2100 293 
 5 3 9 2400 315 
 6 3 9 2700 330 
 7 3 9 3000 345 
 0 4 9 600 142 
 1 4 9 1200 167 
 2 4 9 1500 181 
 3 4 9 1800 194 
 4 4 9 2100 215 
 5 4 9 2400 230 
 6 4 9 2700 241 
 7 4 9 3000 259 
 0 5 9 600 156 
 1 5 9 1200 174 
 2 5 9 1500 187 
 3 5 9 1800 202 
 4 5 9 2100 228 
 5 5 9 2400 259 
 6 5 9 2700 287 
 7 5 9 3000 307 
 0 6 9 600 146 
 1 6 9 1200 175 
 2 6 9 1500 188 
 3 6 9 1800 198 
 4 6 9 2100 219 
 5 6 9 2400 245 
 6 6 9 2700 272 
 7 6 9 3000 295 
 0 7 9 600 145 
 1 7 9 1200 171 
 2 7 9 1500 183 
 3 7 9 1800 198 
 4 7 9 2100 224 
 5 7 9 2400 245 
 6 7 9 2700 271 
 7 7 9 3000 301 
 0 8 9 600 144 
 1 8 9 1200 165 
 2 8 9 1500 179 
 3 8 9 1800 194 
 4 8 9 2100 219 
 5 8 9 2400 241 
 6 8 9 2700 270 
 7 8 9 3000 292 
 