random:0T:3000
0 0 0 600 206 
 1 0 0 1200 257 
 2 0 0 1500 296 
 3 0 0 1800 344 
 4 0 0 2100 380 
 5 0 0 2400 399 
 6 0 0 2700 416 
 7 0 0 3000 442 
 0 1 0 600 213 
 1 1 0 1200 241 
 2 1 0 1500 273 
 3 1 0 1800 318 
 4 1 0 2100 373 
 5 1 0 2400 403 
 6 1 0 2700 432 
 7 1 0 3000 476 
 0 2 0 600 232 
 1 2 0 1200 285 
 2 2 0 1500 321 
 3 2 0 1800 374 
 4 2 0 2100 429 
 5 2 0 2400 477 
 6 2 0 2700 511 
 7 2 0 3000 544 
 0 3 0 600 275 
 1 3 0 1200 430 
 2 3 0 1500 520 
 3 3 0 1800 593 
 4 3 0 2100 673 
 5 3 0 2400 743 
 6 3 0 2700 812 
 7 3 0 3000 901 
 0 4 0 600 228 
 1 4 0 1200 264 
 2 4 0 1500 297 
 3 4 0 1800 342 
 4 4 0 2100 391 
 5 4 0 2400 428 
 6 4 0 2700 461 
 7 4 0 3000 500 
 0 5 0 600 243 
 1 5 0 1200 305 
 2 5 0 1500 337 
 3 5 0 1800 382 
 4 5 0 2100 431 
 5 5 0 2400 467 
 6 5 0 2700 500 
 7 5 0 3000 549 
 0 6 0 600 208 
 1 6 0 1200 251 
 2 6 0 1500 285 
 3 6 0 1800 336 
 4 6 0 2100 379 
 5 6 0 2400 421 
 6 6 0 2700 469 
 7 6 0 3000 533 
 0 7 0 600 193 
 1 7 0 1200 255 
 2 7 0 1500 280 
 3 7 0 1800 325 
 4 7 0 2100 378 
 5 7 0 2400 431 
 6 7 0 2700 486 
 7 7 0 3000 541 
 0 8 0 600 213 
 1 8 0 1200 264 
 2 8 0 1500 298 
 3 8 0 1800 348 
 4 8 0 2100 402 
 5 8 0 2400 447 
 6 8 0 2700 496 
 7 8 0 3000 560 
 random:1T:3000
0 0 1 600 228 
 1 0 1 1200 339 
 2 0 1 1500 374 
 3 0 1 1800 399 
 4 0 1 2100 425 
 5 0 1 2400 457 
 6 0 1 2700 484 
 7 0 1 3000 540 
 0 1 1 600 241 
 1 1 1 1200 351 
 2 1 1 1500 395 
 3 1 1 1800 431 
 4 1 1 2100 472 
 5 1 1 2400 513 
 6 1 1 2700 551 
 7 1 1 3000 624 
 0 2 1 600 277 
 1 2 1 1200 394 
 2 2 1 1500 450 
 3 2 1 1800 495 
 4 2 1 2100 541 
 5 2 1 2400 594 
 6 2 1 2700 638 
 7 2 1 3000 706 
 0 3 1 600 297 
 1 3 1 1200 552 
 2 3 1 1500 693 
 3 3 1 1800 828 
 4 3 1 2100 904 
 5 3 1 2400 985 
 6 3 1 2700 1069 
 7 3 1 3000 1173 
 0 4 1 600 253 
 1 4 1 1200 346 
 2 4 1 1500 377 
 3 4 1 1800 410 
 4 4 1 2100 447 
 5 4 1 2400 495 
 6 4 1 2700 535 
 7 4 1 3000 594 
 0 5 1 600 295 
 1 5 1 1200 450 
 2 5 1 1500 472 
 3 5 1 1800 487 
 4 5 1 2100 508 
 5 5 1 2400 537 
 6 5 1 2700 566 
 7 5 1 3000 634 
 0 6 1 600 234 
 1 6 1 1200 346 
 2 6 1 1500 389 
 3 6 1 1800 424 
 4 6 1 2100 466 
 5 6 1 2400 517 
 6 6 1 2700 567 
 7 6 1 3000 641 
 0 7 1 600 232 
 1 7 1 1200 332 
 2 7 1 1500 373 
 3 7 1 1800 408 
 4 7 1 2100 444 
 5 7 1 2400 491 
 6 7 1 2700 534 
 7 7 1 3000 608 
 0 8 1 600 238 
 1 8 1 1200 357 
 2 8 1 1500 407 
 3 8 1 1800 454 
 4 8 1 2100 496 
 5 8 1 2400 550 
 6 8 1 2700 603 
 7 8 1 3000 678 
 random:2T:3000
0 0 2 600 114 
 1 0 2 1200 140 
 2 0 2 1500 155 
 3 0 2 1800 171 
 4 0 2 2100 176 
 5 0 2 2400 184 
 6 0 2 2700 204 
 7 0 2 3000 215 
 0 1 2 600 118 
 1 1 2 1200 162 
 2 1 2 1500 184 
 3 1 2 1800 209 
 4 1 2 2100 233 
 5 1 2 2400 261 
 6 1 2 2700 292 
 7 1 2 3000 325 
 0 2 2 600 123 
 1 2 2 1200 158 
 2 2 2 1500 178 
 3 2 2 1800 203 
 4 2 2 2100 233 
 5 2 2 2400 245 
 6 2 2 2700 275 
 7 2 2 3000 316 
 0 3 2 600 146 
 1 3 2 1200 294 
 2 3 2 1500 369 
 3 3 2 1800 417 
 4 3 2 2100 421 
 5 3 2 2400 428 
 6 3 2 2700 448 
 7 3 2 3000 479 
 0 4 2 600 117 
 1 4 2 1200 163 
 2 4 2 1500 188 
 3 4 2 1800 218 
 4 4 2 2100 233 
 5 4 2 2400 246 
 6 4 2 2700 273 
 7 4 2 3000 299 
 0 5 2 600 126 
 1 5 2 1200 188 
 2 5 2 1500 208 
 3 5 2 1800 233 
 4 5 2 2100 259 
 5 5 2 2400 277 
 6 5 2 2700 312 
 7 5 2 3000 346 
 0 6 2 600 117 
 1 6 2 1200 162 
 2 6 2 1500 174 
 3 6 2 1800 189 
 4 6 2 2100 209 
 5 6 2 2400 228 
 6 6 2 2700 261 
 7 6 2 3000 299 
 0 7 2 600 115 
 1 7 2 1200 158 
 2 7 2 1500 178 
 3 7 2 1800 202 
 4 7 2 2100 227 
 5 7 2 2400 256 
 6 7 2 2700 284 
 7 7 2 3000 319 
 0 8 2 600 136 
 1 8 2 1200 181 
 2 8 2 1500 206 
 3 8 2 1800 231 
 4 8 2 2100 251 
 5 8 2 2400 279 
 6 8 2 2700 318 
 7 8 2 3000 359 
 random:3T:3000
0 0 3 600 166 
 1 0 3 1200 212 
 2 0 3 1500 245 
 3 0 3 1800 251 
 4 0 3 2100 270 
 5 0 3 2400 285 
 6 0 3 2700 297 
 7 0 3 3000 335 
 0 1 3 600 194 
 1 1 3 1200 248 
 2 1 3 1500 291 
 3 1 3 1800 327 
 4 1 3 2100 369 
 5 1 3 2400 409 
 6 1 3 2700 453 
 7 1 3 3000 517 
 0 2 3 600 242 
 1 2 3 1200 291 
 2 2 3 1500 334 
 3 2 3 1800 372 
 4 2 3 2100 422 
 5 2 3 2400 478 
 6 2 3 2700 530 
 7 2 3 3000 606 
 0 3 3 600 262 
 1 3 3 1200 463 
 2 3 3 1500 577 
 3 3 3 1800 688 
 4 3 3 2100 762 
 5 3 3 2400 841 
 6 3 3 2700 922 
 7 3 3 3000 1025 
 0 4 3 600 195 
 1 4 3 1200 250 
 2 4 3 1500 295 
 3 4 3 1800 331 
 4 4 3 2100 373 
 5 4 3 2400 414 
 6 4 3 2700 457 
 7 4 3 3000 518 
 0 5 3 600 251 
 1 5 3 1200 321 
 2 5 3 1500 364 
 3 5 3 1800 398 
 4 5 3 2100 441 
 5 5 3 2400 494 
 6 5 3 2700 543 
 7 5 3 3000 614 
 0 6 3 600 175 
 1 6 3 1200 230 
 2 6 3 1500 269 
 3 6 3 1800 292 
 4 6 3 2100 324 
 5 6 3 2400 358 
 6 6 3 2700 395 
 7 6 3 3000 455 
 0 7 3 600 174 
 1 7 3 1200 241 
 2 7 3 1500 280 
 3 7 3 1800 300 
 4 7 3 2100 329 
 5 7 3 2400 362 
 6 7 3 2700 390 
 7 7 3 3000 438 
 0 8 3 600 218 
 1 8 3 1200 285 
 2 8 3 1500 334 
 3 8 3 1800 380 
 4 8 3 2100 434 
 5 8 3 2400 483 
 6 8 3 2700 535 
 7 8 3 3000 606 
 random:4T:3000
0 0 4 600 198 
 1 0 4 1200 252 
 2 0 4 1500 271 
 3 0 4 1800 278 
 4 0 4 2100 291 
 5 0 4 2400 306 
 6 0 4 2700 333 
 7 0 4 3000 371 
 0 1 4 600 189 
 1 1 4 1200 253 
 2 1 4 1500 291 
 3 1 4 1800 323 
 4 1 4 2100 367 
 5 1 4 2400 413 
 6 1 4 2700 466 
 7 1 4 3000 541 
 0 2 4 600 198 
 1 2 4 1200 254 
 2 2 4 1500 289 
 3 2 4 1800 326 
 4 2 4 2100 370 
 5 2 4 2400 423 
 6 2 4 2700 477 
 7 2 4 3000 535 
 0 3 4 600 250 
 1 3 4 1200 396 
 2 3 4 1500 458 
 3 3 4 1800 490 
 4 3 4 2100 510 
 5 3 4 2400 532 
 6 3 4 2700 573 
 7 3 4 3000 617 
 0 4 4 600 192 
 1 4 4 1200 266 
 2 4 4 1500 316 
 3 4 4 1800 368 
 4 4 4 2100 426 
 5 4 4 2400 491 
 6 4 4 2700 571 
 7 4 4 3000 658 
 0 5 4 600 226 
 1 5 4 1200 307 
 2 5 4 1500 341 
 3 5 4 1800 373 
 4 5 4 2100 417 
 5 5 4 2400 464 
 6 5 4 2700 522 
 7 5 4 3000 584 
 0 6 4 600 201 
 1 6 4 1200 279 
 2 6 4 1500 310 
 3 6 4 1800 342 
 4 6 4 2100 377 
 5 6 4 2400 410 
 6 6 4 2700 452 
 7 6 4 3000 499 
 0 7 4 600 200 
 1 7 4 1200 282 
 2 7 4 1500 337 
 3 7 4 1800 386 
 4 7 4 2100 437 
 5 7 4 2400 484 
 6 7 4 2700 546 
 7 7 4 3000 631 
 0 8 4 600 201 
 1 8 4 1200 261 
 2 8 4 1500 291 
 3 8 4 1800 323 
 4 8 4 2100 365 
 5 8 4 2400 412 
 6 8 4 2700 473 
 7 8 4 3000 549 
 random:5T:3000
0 0 5 600 279 
 1 0 5 1200 377 
 2 0 5 1500 407 
 3 0 5 1800 432 
 4 0 5 2100 453 
 5 0 5 2400 465 
 6 0 5 2700 476 
 7 0 5 3000 482 
 0 1 5 600 325 
 1 1 5 1200 429 
 2 1 5 1500 478 
 3 1 5 1800 530 
 4 1 5 2100 566 
 5 1 5 2400 598 
 6 1 5 2700 644 
 7 1 5 3000 692 
 0 2 5 600 335 
 1 2 5 1200 444 
 2 2 5 1500 494 
 3 2 5 1800 536 
 4 2 5 2100 579 
 5 2 5 2400 617 
 6 2 5 2700 662 
 7 2 5 3000 695 
 0 3 5 600 329 
 1 3 5 1200 575 
 2 3 5 1500 706 
 3 3 5 1800 843 
 4 3 5 2100 988 
 5 3 5 2400 1130 
 6 3 5 2700 1284 
 7 3 5 3000 1436 
 0 4 5 600 302 
 1 4 5 1200 402 
 2 4 5 1500 438 
 3 4 5 1800 480 
 4 4 5 2100 520 
 5 4 5 2400 565 
 6 4 5 2700 613 
 7 4 5 3000 666 
 0 5 5 600 373 
 1 5 5 1200 487 
 2 5 5 1500 537 
 3 5 5 1800 573 
 4 5 5 2100 613 
 5 5 5 2400 649 
 6 5 5 2700 696 
 7 5 5 3000 750 
 0 6 5 600 280 
 1 6 5 1200 406 
 2 6 5 1500 470 
 3 6 5 1800 520 
 4 6 5 2100 569 
 5 6 5 2400 609 
 6 6 5 2700 659 
 7 6 5 3000 717 
 0 7 5 600 281 
 1 7 5 1200 408 
 2 7 5 1500 456 
 3 7 5 1800 503 
 4 7 5 2100 547 
 5 7 5 2400 580 
 6 7 5 2700 621 
 7 7 5 3000 667 
 0 8 5 600 311 
 1 8 5 1200 422 
 2 8 5 1500 477 
 3 8 5 1800 534 
 4 8 5 2100 584 
 5 8 5 2400 631 
 6 8 5 2700 682 
 7 8 5 3000 740 
 random:6T:3000
0 0 6 600 263 
 1 0 6 1200 342 
 2 0 6 1500 367 
 3 0 6 1800 384 
 4 0 6 2100 397 
 5 0 6 2400 413 
 6 0 6 2700 438 
 7 0 6 3000 490 
 0 1 6 600 284 
 1 1 6 1200 371 
 2 1 6 1500 412 
 3 1 6 1800 453 
 4 1 6 2100 497 
 5 1 6 2400 543 
 6 1 6 2700 607 
 7 1 6 3000 703 
 0 2 6 600 277 
 1 2 6 1200 366 
 2 2 6 1500 421 
 3 2 6 1800 453 
 4 2 6 2100 490 
 5 2 6 2400 538 
 6 2 6 2700 600 
 7 2 6 3000 703 
 0 3 6 600 297 
 1 3 6 1200 477 
 2 3 6 1500 577 
 3 3 6 1800 679 
 4 3 6 2100 790 
 5 3 6 2400 902 
 6 3 6 2700 1026 
 7 3 6 3000 1191 
 0 4 6 600 283 
 1 4 6 1200 383 
 2 4 6 1500 430 
 3 4 6 1800 468 
 4 4 6 2100 512 
 5 4 6 2400 567 
 6 4 6 2700 626 
 7 4 6 3000 721 
 0 5 6 600 334 
 1 5 6 1200 457 
 2 5 6 1500 507 
 3 5 6 1800 555 
 4 5 6 2100 593 
 5 5 6 2400 641 
 6 5 6 2700 701 
 7 5 6 3000 783 
 0 6 6 600 264 
 1 6 6 1200 372 
 2 6 6 1500 422 
 3 6 6 1800 465 
 4 6 6 2100 484 
 5 6 6 2400 513 
 6 6 6 2700 553 
 7 6 6 3000 631 
 0 7 6 600 290 
 1 7 6 1200 427 
 2 7 6 1500 475 
 3 7 6 1800 517 
 4 7 6 2100 551 
 5 7 6 2400 580 
 6 7 6 2700 618 
 7 7 6 3000 674 
 0 8 6 600 274 
 1 8 6 1200 359 
 2 8 6 1500 414 
 3 8 6 1800 471 
 4 8 6 2100 529 
 5 8 6 2400 599 
 6 8 6 2700 684 
 7 8 6 3000 805 
 random:7T:3000
0 0 7 600 209 
 1 0 7 1200 269 
 2 0 7 1500 301 
 3 0 7 1800 314 
 4 0 7 2100 326 
 5 0 7 2400 342 
 6 0 7 2700 359 
 7 0 7 3000 390 
 0 1 7 600 205 
 1 1 7 1200 279 
 2 1 7 1500 316 
 3 1 7 1800 349 
 4 1 7 2100 393 
 5 1 7 2400 437 
 6 1 7 2700 485 
 7 1 7 3000 545 
 0 2 7 600 208 
 1 2 7 1200 288 
 2 2 7 1500 324 
 3 2 7 1800 357 
 4 2 7 2100 395 
 5 2 7 2400 438 
 6 2 7 2700 493 
 7 2 7 3000 557 
 0 3 7 600 214 
 1 3 7 1200 366 
 2 3 7 1500 431 
 3 3 7 1800 484 
 4 3 7 2100 546 
 5 3 7 2400 609 
 6 3 7 2700 683 
 7 3 7 3000 773 
 0 4 7 600 217 
 1 4 7 1200 291 
 2 4 7 1500 327 
 3 4 7 1800 365 
 4 4 7 2100 401 
 5 4 7 2400 444 
 6 4 7 2700 499 
 7 4 7 3000 574 
 0 5 7 600 213 
 1 5 7 1200 294 
 2 5 7 1500 328 
 3 5 7 1800 366 
 4 5 7 2100 408 
 5 5 7 2400 454 
 6 5 7 2700 514 
 7 5 7 3000 576 
 0 6 7 600 184 
 1 6 7 1200 260 
 2 6 7 1500 291 
 3 6 7 1800 319 
 4 6 7 2100 352 
 5 6 7 2400 392 
 6 6 7 2700 442 
 7 6 7 3000 507 
 0 7 7 600 204 
 1 7 7 1200 281 
 2 7 7 1500 321 
 3 7 7 1800 359 
 4 7 7 2100 395 
 5 7 7 2400 430 
 6 7 7 2700 480 
 7 7 7 3000 556 
 0 8 7 600 208 
 1 8 7 1200 296 
 2 8 7 1500 342 
 3 8 7 1800 380 
 4 8 7 2100 425 
 5 8 7 2400 474 
 6 8 7 2700 530 
 7 8 7 3000 596 
 random:8T:3000
0 0 8 600 126 
 1 0 8 1200 169 
 2 0 8 1500 177 
 3 0 8 1800 192 
 4 0 8 2100 204 
 5 0 8 2400 209 
 6 0 8 2700 227 
 7 0 8 3000 241 
 0 1 8 600 141 
 1 1 8 1200 207 
 2 1 8 1500 237 
 3 1 8 1800 277 
 4 1 8 2100 318 
 5 1 8 2400 338 
 6 1 8 2700 367 
 7 1 8 3000 399 
 0 2 8 600 141 
 1 2 8 1200 221 
 2 2 8 1500 254 
 3 2 8 1800 294 
 4 2 8 2100 343 
 5 2 8 2400 377 
 6 2 8 2700 404 
 7 2 8 3000 431 
 0 3 8 600 170 
 1 3 8 1200 303 
 2 3 8 1500 364 
 3 3 8 1800 434 
 4 3 8 2100 513 
 5 3 8 2400 593 
 6 3 8 2700 652 
 7 3 8 3000 695 
 0 4 8 600 147 
 1 4 8 1200 212 
 2 4 8 1500 236 
 3 4 8 1800 265 
 4 4 8 2100 301 
 5 4 8 2400 323 
 6 4 8 2700 349 
 7 4 8 3000 376 
 0 5 8 600 163 
 1 5 8 1200 201 
 2 5 8 1500 219 
 3 5 8 1800 244 
 4 5 8 2100 273 
 5 5 8 2400 303 
 6 5 8 2700 346 
 7 5 8 3000 401 
 0 6 8 600 123 
 1 6 8 1200 184 
 2 6 8 1500 198 
 3 6 8 1800 214 
 4 6 8 2100 223 
 5 6 8 2400 228 
 6 6 8 2700 244 
 7 6 8 3000 264 
 0 7 8 600 131 
 1 7 8 1200 199 
 2 7 8 1500 220 
 3 7 8 1800 248 
 4 7 8 2100 276 
 5 7 8 2400 306 
 6 7 8 2700 343 
 7 7 8 3000 384 
 0 8 8 600 140 
 1 8 8 1200 220 
 2 8 8 1500 259 
 3 8 8 1800 309 
 4 8 8 2100 358 
 5 8 8 2400 403 
 6 8 8 2700 457 
 7 8 8 3000 490 
 random:9T:3000
0 0 9 600 166 
 1 0 9 1200 181 
 2 0 9 1500 189 
 3 0 9 1800 205 
 4 0 9 2100 207 
 5 0 9 2400 219 
 6 0 9 2700 240 
 7 0 9 3000 251 
 0 1 9 600 171 
 1 1 9 1200 206 
 2 1 9 1500 224 
 3 1 9 1800 250 
 4 1 9 2100 270 
 5 1 9 2400 290 
 6 1 9 2700 320 
 7 1 9 3000 340 
 0 2 9 600 169 
 1 2 9 1200 205 
 2 2 9 1500 228 
 3 2 9 1800 259 
 4 2 9 2100 292 
 5 2 9 2400 334 
 6 2 9 2700 380 
 7 2 9 3000 400 
 0 3 9 600 191 
 1 3 9 1200 273 
 2 3 9 1500 321 
 3 3 9 1800 377 
 4 3 9 2100 418 
 5 3 9 2400 459 
 6 3 9 2700 512 
 7 3 9 3000 567 
 0 4 9 600 168 
 1 4 9 1200 207 
 2 4 9 1500 229 
 3 4 9 1800 255 
 4 4 9 2100 287 
 5 4 9 2400 306 
 6 4 9 2700 329 
 7 4 9 3000 349 
 0 5 9 600 190 
 1 5 9 1200 209 
 2 5 9 1500 222 
 3 5 9 1800 243 
 4 5 9 2100 262 
 5 5 9 2400 295 
 6 5 9 2700 323 
 7 5 9 3000 348 
 0 6 9 600 161 
 1 6 9 1200 189 
 2 6 9 1500 206 
 3 6 9 1800 222 
 4 6 9 2100 241 
 5 6 9 2400 270 
 6 6 9 2700 302 
 7 6 9 3000 342 
 0 7 9 600 159 
 1 7 9 1200 180 
 2 7 9 1500 198 
 3 7 9 1800 224 
 4 7 9 2100 244 
 5 7 9 2400 270 
 6 7 9 2700 308 
 7 7 9 3000 343 
 0 8 9 600 184 
 1 8 9 1200 225 
 2 8 9 1500 248 
 3 8 9 1800 279 
 4 8 9 2100 316 
 5 8 9 2400 359 
 6 8 9 2700 413 
 7 8 9 3000 456 
 