random:0T:3000
0 0 0 600 158 
 1 0 0 1200 177 
 2 0 0 1500 199 
 3 0 0 1800 219 
 4 0 0 2100 242 
 5 0 0 2400 272 
 6 0 0 2700 302 
 7 0 0 3000 329 
 0 1 0 600 174 
 1 1 0 1200 246 
 2 1 0 1500 276 
 3 1 0 1800 313 
 4 1 0 2100 351 
 5 1 0 2400 386 
 6 1 0 2700 408 
 7 1 0 3000 435 
 0 2 0 600 174 
 1 2 0 1200 202 
 2 2 0 1500 230 
 3 2 0 1800 265 
 4 2 0 2100 303 
 5 2 0 2400 353 
 6 2 0 2700 401 
 7 2 0 3000 458 
 0 3 0 600 186 
 1 3 0 1200 274 
 2 3 0 1500 334 
 3 3 0 1800 400 
 4 3 0 2100 453 
 5 3 0 2400 521 
 6 3 0 2700 588 
 7 3 0 3000 657 
 0 4 0 600 184 
 1 4 0 1200 227 
 2 4 0 1500 251 
 3 4 0 1800 281 
 4 4 0 2100 314 
 5 4 0 2400 359 
 6 4 0 2700 405 
 7 4 0 3000 454 
 0 5 0 600 197 
 1 5 0 1200 263 
 2 5 0 1500 303 
 3 5 0 1800 328 
 4 5 0 2100 356 
 5 5 0 2400 396 
 6 5 0 2700 435 
 7 5 0 3000 478 
 0 6 0 600 171 
 1 6 0 1200 210 
 2 6 0 1500 241 
 3 6 0 1800 276 
 4 6 0 2100 314 
 5 6 0 2400 364 
 6 6 0 2700 409 
 7 6 0 3000 461 
 0 7 0 600 152 
 1 7 0 1200 189 
 2 7 0 1500 219 
 3 7 0 1800 255 
 4 7 0 2100 293 
 5 7 0 2400 324 
 6 7 0 2700 346 
 7 7 0 3000 373 
 0 8 0 600 177 
 1 8 0 1200 210 
 2 8 0 1500 240 
 3 8 0 1800 280 
 4 8 0 2100 322 
 5 8 0 2400 372 
 6 8 0 2700 407 
 7 8 0 3000 447 
 random:1T:3000
0 0 1 600 181 
 1 0 1 1200 279 
 2 0 1 1500 320 
 3 0 1 1800 364 
 4 0 1 2100 398 
 5 0 1 2400 428 
 6 0 1 2700 477 
 7 0 1 3000 522 
 0 1 1 600 195 
 1 1 1 1200 373 
 2 1 1 1500 425 
 3 1 1 1800 461 
 4 1 1 2100 495 
 5 1 1 2400 538 
 6 1 1 2700 609 
 7 1 1 3000 674 
 0 2 1 600 199 
 1 2 1 1200 361 
 2 2 1 1500 421 
 3 2 1 1800 472 
 4 2 1 2100 530 
 5 2 1 2400 594 
 6 2 1 2700 685 
 7 2 1 3000 781 
 0 3 1 600 206 
 1 3 1 1200 401 
 2 3 1 1500 504 
 3 3 1 1800 610 
 4 3 1 2100 723 
 5 3 1 2400 837 
 6 3 1 2700 974 
 7 3 1 3000 1120 
 0 4 1 600 203 
 1 4 1 1200 380 
 2 4 1 1500 449 
 3 4 1 1800 497 
 4 4 1 2100 535 
 5 4 1 2400 575 
 6 4 1 2700 643 
 7 4 1 3000 708 
 0 5 1 600 214 
 1 5 1 1200 383 
 2 5 1 1500 451 
 3 5 1 1800 512 
 4 5 1 2100 574 
 5 5 1 2400 622 
 6 5 1 2700 696 
 7 5 1 3000 751 
 0 6 1 600 180 
 1 6 1 1200 281 
 2 6 1 1500 325 
 3 6 1 1800 359 
 4 6 1 2100 389 
 5 6 1 2400 422 
 6 6 1 2700 479 
 7 6 1 3000 551 
 0 7 1 600 178 
 1 7 1 1200 288 
 2 7 1 1500 334 
 3 7 1 1800 361 
 4 7 1 2100 390 
 5 7 1 2400 423 
 6 7 1 2700 486 
 7 7 1 3000 543 
 0 8 1 600 180 
 1 8 1 1200 309 
 2 8 1 1500 367 
 3 8 1 1800 418 
 4 8 1 2100 470 
 5 8 1 2400 526 
 6 8 1 2700 602 
 7 8 1 3000 678 
 random:2T:3000
0 0 2 600 107 
 1 0 2 1200 161 
 2 0 2 1500 171 
 3 0 2 1800 181 
 4 0 2 2100 197 
 5 0 2 2400 206 
 6 0 2 2700 221 
 7 0 2 3000 247 
 0 1 2 600 98 
 1 1 2 1200 165 
 2 1 2 1500 180 
 3 1 2 1800 195 
 4 1 2 2100 216 
 5 1 2 2400 241 
 6 1 2 2700 275 
 7 1 2 3000 317 
 0 2 2 600 117 
 1 2 2 1200 190 
 2 2 2 1500 210 
 3 2 2 1800 230 
 4 2 2 2100 250 
 5 2 2 2400 279 
 6 2 2 2700 315 
 7 2 2 3000 371 
 0 3 2 600 132 
 1 3 2 1200 254 
 2 3 2 1500 319 
 3 3 2 1800 384 
 4 3 2 2100 455 
 5 3 2 2400 529 
 6 3 2 2700 609 
 7 3 2 3000 703 
 0 4 2 600 132 
 1 4 2 1200 188 
 2 4 2 1500 198 
 3 4 2 1800 208 
 4 4 2 2100 224 
 5 4 2 2400 249 
 6 4 2 2700 276 
 7 4 2 3000 314 
 0 5 2 600 129 
 1 5 2 1200 188 
 2 5 2 1500 205 
 3 5 2 1800 220 
 4 5 2 2100 241 
 5 5 2 2400 269 
 6 5 2 2700 297 
 7 5 2 3000 339 
 0 6 2 600 108 
 1 6 2 1200 156 
 2 6 2 1500 184 
 3 6 2 1800 209 
 4 6 2 2100 234 
 5 6 2 2400 268 
 6 6 2 2700 320 
 7 6 2 3000 380 
 0 7 2 600 108 
 1 7 2 1200 145 
 2 7 2 1500 155 
 3 7 2 1800 165 
 4 7 2 2100 177 
 5 7 2 2400 196 
 6 7 2 2700 227 
 7 7 2 3000 274 
 0 8 2 600 122 
 1 8 2 1200 191 
 2 8 2 1500 231 
 3 8 2 1800 271 
 4 8 2 2100 311 
 5 8 2 2400 356 
 6 8 2 2700 409 
 7 8 2 3000 480 
 random:3T:3000
0 0 3 600 231 
 1 0 3 1200 308 
 2 0 3 1500 340 
 3 0 3 1800 377 
 4 0 3 2100 419 
 5 0 3 2400 469 
 6 0 3 2700 508 
 7 0 3 3000 548 
 0 1 3 600 240 
 1 1 3 1200 343 
 2 1 3 1500 376 
 3 1 3 1800 406 
 4 1 3 2100 438 
 5 1 3 2400 478 
 6 1 3 2700 503 
 7 1 3 3000 523 
 0 2 3 600 255 
 1 2 3 1200 377 
 2 2 3 1500 426 
 3 2 3 1800 464 
 4 2 3 2100 496 
 5 2 3 2400 530 
 6 2 3 2700 555 
 7 2 3 3000 585 
 0 3 3 600 256 
 1 3 3 1200 446 
 2 3 3 1500 540 
 3 3 3 1800 637 
 4 3 3 2100 731 
 5 3 3 2400 835 
 6 3 3 2700 912 
 7 3 3 3000 992 
 0 4 3 600 242 
 1 4 3 1200 345 
 2 4 3 1500 376 
 3 4 3 1800 405 
 4 4 3 2100 429 
 5 4 3 2400 460 
 6 4 3 2700 492 
 7 4 3 3000 509 
 0 5 3 600 263 
 1 5 3 1200 436 
 2 5 3 1500 517 
 3 5 3 1800 561 
 4 5 3 2100 603 
 5 5 3 2400 657 
 6 5 3 2700 705 
 7 5 3 3000 751 
 0 6 3 600 242 
 1 6 3 1200 321 
 2 6 3 1500 347 
 3 6 3 1800 374 
 4 6 3 2100 393 
 5 6 3 2400 422 
 6 6 3 2700 453 
 7 6 3 3000 479 
 0 7 3 600 239 
 1 7 3 1200 320 
 2 7 3 1500 350 
 3 7 3 1800 371 
 4 7 3 2100 392 
 5 7 3 2400 419 
 6 7 3 2700 447 
 7 7 3 3000 477 
 0 8 3 600 247 
 1 8 3 1200 369 
 2 8 3 1500 418 
 3 8 3 1800 454 
 4 8 3 2100 477 
 5 8 3 2400 501 
 6 8 3 2700 521 
 7 8 3 3000 541 
 random:4T:3000
0 0 4 600 129 
 1 0 4 1200 194 
 2 0 4 1500 222 
 3 0 4 1800 247 
 4 0 4 2100 269 
 5 0 4 2400 281 
 6 0 4 2700 297 
 7 0 4 3000 321 
 0 1 4 600 169 
 1 1 4 1200 246 
 2 1 4 1500 289 
 3 1 4 1800 335 
 4 1 4 2100 382 
 5 1 4 2400 426 
 6 1 4 2700 474 
 7 1 4 3000 527 
 0 2 4 600 176 
 1 2 4 1200 255 
 2 2 4 1500 298 
 3 2 4 1800 337 
 4 2 4 2100 374 
 5 2 4 2400 416 
 6 2 4 2700 468 
 7 2 4 3000 524 
 0 3 4 600 184 
 1 3 4 1200 331 
 2 3 4 1500 409 
 3 3 4 1800 489 
 4 3 4 2100 572 
 5 3 4 2400 664 
 6 3 4 2700 761 
 7 3 4 3000 855 
 0 4 4 600 174 
 1 4 4 1200 268 
 2 4 4 1500 304 
 3 4 4 1800 339 
 4 4 4 2100 365 
 5 4 4 2400 392 
 6 4 4 2700 418 
 7 4 4 3000 451 
 0 5 4 600 181 
 1 5 4 1200 261 
 2 5 4 1500 292 
 3 5 4 1800 307 
 4 5 4 2100 325 
 5 5 4 2400 350 
 6 5 4 2700 375 
 7 5 4 3000 417 
 0 6 4 600 124 
 1 6 4 1200 182 
 2 6 4 1500 212 
 3 6 4 1800 242 
 4 6 4 2100 269 
 5 6 4 2400 301 
 6 6 4 2700 344 
 7 6 4 3000 383 
 0 7 4 600 143 
 1 7 4 1200 209 
 2 7 4 1500 242 
 3 7 4 1800 277 
 4 7 4 2100 309 
 5 7 4 2400 342 
 6 7 4 2700 380 
 7 7 4 3000 425 
 0 8 4 600 204 
 1 8 4 1200 291 
 2 8 4 1500 339 
 3 8 4 1800 389 
 4 8 4 2100 436 
 5 8 4 2400 488 
 6 8 4 2700 548 
 7 8 4 3000 616 
 random:5T:3000
0 0 5 600 295 
 1 0 5 1200 398 
 2 0 5 1500 443 
 3 0 5 1800 483 
 4 0 5 2100 520 
 5 0 5 2400 560 
 6 0 5 2700 610 
 7 0 5 3000 660 
 0 1 5 600 292 
 1 1 5 1200 434 
 2 1 5 1500 479 
 3 1 5 1800 519 
 4 1 5 2100 558 
 5 1 5 2400 588 
 6 1 5 2700 623 
 7 1 5 3000 685 
 0 2 5 600 305 
 1 2 5 1200 480 
 2 2 5 1500 531 
 3 2 5 1800 571 
 4 2 5 2100 608 
 5 2 5 2400 638 
 6 2 5 2700 673 
 7 2 5 3000 732 
 0 3 5 600 295 
 1 3 5 1200 516 
 2 3 5 1500 620 
 3 3 5 1800 715 
 4 3 5 2100 813 
 5 3 5 2400 917 
 6 3 5 2700 1027 
 7 3 5 3000 1156 
 0 4 5 600 307 
 1 4 5 1200 461 
 2 4 5 1500 505 
 3 4 5 1800 540 
 4 4 5 2100 578 
 5 4 5 2400 611 
 6 4 5 2700 646 
 7 4 5 3000 710 
 0 5 5 600 335 
 1 5 5 1200 534 
 2 5 5 1500 601 
 3 5 5 1800 626 
 4 5 5 2100 654 
 5 5 5 2400 687 
 6 5 5 2700 722 
 7 5 5 3000 778 
 0 6 5 600 291 
 1 6 5 1200 413 
 2 6 5 1500 459 
 3 6 5 1800 491 
 4 6 5 2100 520 
 5 6 5 2400 550 
 6 6 5 2700 590 
 7 6 5 3000 661 
 0 7 5 600 302 
 1 7 5 1200 401 
 2 7 5 1500 440 
 3 7 5 1800 475 
 4 7 5 2100 513 
 5 7 5 2400 554 
 6 7 5 2700 592 
 7 7 5 3000 653 
 0 8 5 600 311 
 1 8 5 1200 461 
 2 8 5 1500 503 
 3 8 5 1800 543 
 4 8 5 2100 586 
 5 8 5 2400 632 
 6 8 5 2700 677 
 7 8 5 3000 732 
 random:6T:3000
0 0 6 600 228 
 1 0 6 1200 310 
 2 0 6 1500 360 
 3 0 6 1800 404 
 4 0 6 2100 440 
 5 0 6 2400 477 
 6 0 6 2700 518 
 7 0 6 3000 573 
 0 1 6 600 249 
 1 1 6 1200 399 
 2 1 6 1500 447 
 3 1 6 1800 497 
 4 1 6 2100 547 
 5 1 6 2400 622 
 6 1 6 2700 716 
 7 1 6 3000 825 
 0 2 6 600 280 
 1 2 6 1200 467 
 2 2 6 1500 527 
 3 2 6 1800 554 
 4 2 6 2100 585 
 5 2 6 2400 645 
 6 2 6 2700 720 
 7 2 6 3000 791 
 0 3 6 600 307 
 1 3 6 1200 527 
 2 3 6 1500 628 
 3 3 6 1800 715 
 4 3 6 2100 806 
 5 3 6 2400 923 
 6 3 6 2700 1043 
 7 3 6 3000 1175 
 0 4 6 600 277 
 1 4 6 1200 461 
 2 4 6 1500 507 
 3 4 6 1800 542 
 4 4 6 2100 583 
 5 4 6 2400 644 
 6 4 6 2700 722 
 7 4 6 3000 815 
 0 5 6 600 285 
 1 5 6 1200 471 
 2 5 6 1500 536 
 3 5 6 1800 601 
 4 5 6 2100 672 
 5 5 6 2400 770 
 6 5 6 2700 888 
 7 5 6 3000 1037 
 0 6 6 600 239 
 1 6 6 1200 321 
 2 6 6 1500 362 
 3 6 6 1800 401 
 4 6 6 2100 436 
 5 6 6 2400 487 
 6 6 6 2700 555 
 7 6 6 3000 628 
 0 7 6 600 246 
 1 7 6 1200 336 
 2 7 6 1500 374 
 3 7 6 1800 414 
 4 7 6 2100 448 
 5 7 6 2400 485 
 6 7 6 2700 543 
 7 7 6 3000 596 
 0 8 6 600 293 
 1 8 6 1200 500 
 2 8 6 1500 569 
 3 8 6 1800 614 
 4 8 6 2100 659 
 5 8 6 2400 727 
 6 8 6 2700 802 
 7 8 6 3000 896 
 random:7T:3000
0 0 7 600 186 
 1 0 7 1200 258 
 2 0 7 1500 291 
 3 0 7 1800 318 
 4 0 7 2100 344 
 5 0 7 2400 374 
 6 0 7 2700 406 
 7 0 7 3000 439 
 0 1 7 600 225 
 1 1 7 1200 295 
 2 1 7 1500 326 
 3 1 7 1800 362 
 4 1 7 2100 394 
 5 1 7 2400 432 
 6 1 7 2700 475 
 7 1 7 3000 525 
 0 2 7 600 205 
 1 2 7 1200 269 
 2 2 7 1500 295 
 3 2 7 1800 330 
 4 2 7 2100 361 
 5 2 7 2400 392 
 6 2 7 2700 430 
 7 2 7 3000 475 
 0 3 7 600 231 
 1 3 7 1200 370 
 2 3 7 1500 446 
 3 3 7 1800 531 
 4 3 7 2100 608 
 5 3 7 2400 672 
 6 3 7 2700 740 
 7 3 7 3000 815 
 0 4 7 600 219 
 1 4 7 1200 293 
 2 4 7 1500 324 
 3 4 7 1800 358 
 4 4 7 2100 390 
 5 4 7 2400 430 
 6 4 7 2700 478 
 7 4 7 3000 516 
 0 5 7 600 192 
 1 5 7 1200 265 
 2 5 7 1500 296 
 3 5 7 1800 332 
 4 5 7 2100 364 
 5 5 7 2400 392 
 6 5 7 2700 422 
 7 5 7 3000 457 
 0 6 7 600 193 
 1 6 7 1200 257 
 2 6 7 1500 283 
 3 6 7 1800 309 
 4 6 7 2100 331 
 5 6 7 2400 341 
 6 6 7 2700 354 
 7 6 7 3000 372 
 0 7 7 600 194 
 1 7 7 1200 270 
 2 7 7 1500 311 
 3 7 7 1800 361 
 4 7 7 2100 408 
 5 7 7 2400 458 
 6 7 7 2700 504 
 7 7 7 3000 549 
 0 8 7 600 212 
 1 8 7 1200 276 
 2 8 7 1500 302 
 3 8 7 1800 337 
 4 8 7 2100 372 
 5 8 7 2400 407 
 6 8 7 2700 448 
 7 8 7 3000 493 
 random:8T:3000
0 0 8 600 179 
 1 0 8 1200 223 
 2 0 8 1500 229 
 3 0 8 1800 234 
 4 0 8 2100 242 
 5 0 8 2400 253 
 6 0 8 2700 274 
 7 0 8 3000 294 
 0 1 8 600 172 
 1 1 8 1200 234 
 2 1 8 1500 257 
 3 1 8 1800 282 
 4 1 8 2100 310 
 5 1 8 2400 339 
 6 1 8 2700 380 
 7 1 8 3000 432 
 0 2 8 600 168 
 1 2 8 1200 236 
 2 2 8 1500 262 
 3 2 8 1800 287 
 4 2 8 2100 314 
 5 2 8 2400 344 
 6 2 8 2700 387 
 7 2 8 3000 433 
 0 3 8 600 183 
 1 3 8 1200 295 
 2 3 8 1500 347 
 3 3 8 1800 402 
 4 3 8 2100 460 
 5 3 8 2400 525 
 6 3 8 2700 602 
 7 3 8 3000 689 
 0 4 8 600 164 
 1 4 8 1200 230 
 2 4 8 1500 255 
 3 4 8 1800 280 
 4 4 8 2100 308 
 5 4 8 2400 336 
 6 4 8 2700 372 
 7 4 8 3000 407 
 0 5 8 600 180 
 1 5 8 1200 248 
 2 5 8 1500 269 
 3 5 8 1800 289 
 4 5 8 2100 312 
 5 5 8 2400 342 
 6 5 8 2700 379 
 7 5 8 3000 421 
 0 6 8 600 178 
 1 6 8 1200 230 
 2 6 8 1500 252 
 3 6 8 1800 277 
 4 6 8 2100 305 
 5 6 8 2400 340 
 6 6 8 2700 390 
 7 6 8 3000 447 
 0 7 8 600 168 
 1 7 8 1200 227 
 2 7 8 1500 253 
 3 7 8 1800 268 
 4 7 8 2100 285 
 5 7 8 2400 301 
 6 7 8 2700 327 
 7 7 8 3000 360 
 0 8 8 600 192 
 1 8 8 1200 264 
 2 8 8 1500 286 
 3 8 8 1800 311 
 4 8 8 2100 337 
 5 8 8 2400 366 
 6 8 8 2700 405 
 7 8 8 3000 443 
 random:9T:3000
0 0 9 600 181 
 1 0 9 1200 206 
 2 0 9 1500 209 
 3 0 9 1800 214 
 4 0 9 2100 230 
 5 0 9 2400 238 
 6 0 9 2700 250 
 7 0 9 3000 255 
 0 1 9 600 189 
 1 1 9 1200 222 
 2 1 9 1500 237 
 3 1 9 1800 253 
 4 1 9 2100 278 
 5 1 9 2400 300 
 6 1 9 2700 324 
 7 1 9 3000 345 
 0 2 9 600 176 
 1 2 9 1200 204 
 2 2 9 1500 219 
 3 2 9 1800 235 
 4 2 9 2100 261 
 5 2 9 2400 288 
 6 2 9 2700 324 
 7 2 9 3000 353 
 0 3 9 600 186 
 1 3 9 1200 269 
 2 3 9 1500 309 
 3 3 9 1800 353 
 4 3 9 2100 404 
 5 3 9 2400 436 
 6 3 9 2700 474 
 7 3 9 3000 505 
 0 4 9 600 196 
 1 4 9 1200 218 
 2 4 9 1500 230 
 3 4 9 1800 245 
 4 4 9 2100 270 
 5 4 9 2400 294 
 6 4 9 2700 325 
 7 4 9 3000 365 
 0 5 9 600 185 
 1 5 9 1200 215 
 2 5 9 1500 230 
 3 5 9 1800 245 
 4 5 9 2100 271 
 5 5 9 2400 304 
 6 5 9 2700 336 
 7 5 9 3000 361 
 0 6 9 600 188 
 1 6 9 1200 230 
 2 6 9 1500 248 
 3 6 9 1800 263 
 4 6 9 2100 287 
 5 6 9 2400 310 
 6 6 9 2700 334 
 7 6 9 3000 359 
 0 7 9 600 179 
 1 7 9 1200 216 
 2 7 9 1500 234 
 3 7 9 1800 254 
 4 7 9 2100 279 
 5 7 9 2400 304 
 6 7 9 2700 340 
 7 7 9 3000 373 
 0 8 9 600 185 
 1 8 9 1200 210 
 2 8 9 1500 222 
 3 8 9 1800 237 
 4 8 9 2100 263 
 5 8 9 2400 293 
 6 8 9 2700 328 
 7 8 9 3000 368 
 