random:0T:3000
0 0 0 600 175 
 1 0 0 1200 195 
 2 0 0 1500 221 
 3 0 0 1800 241 
 4 0 0 2100 264 
 5 0 0 2400 294 
 6 0 0 2700 318 
 7 0 0 3000 351 
 0 1 0 600 187 
 1 1 0 1200 217 
 2 1 0 1500 245 
 3 1 0 1800 280 
 4 1 0 2100 318 
 5 1 0 2400 367 
 6 1 0 2700 408 
 7 1 0 3000 455 
 0 2 0 600 181 
 1 2 0 1200 213 
 2 2 0 1500 243 
 3 2 0 1800 279 
 4 2 0 2100 317 
 5 2 0 2400 368 
 6 2 0 2700 414 
 7 2 0 3000 451 
 0 3 0 600 186 
 1 3 0 1200 287 
 2 3 0 1500 341 
 3 3 0 1800 381 
 4 3 0 2100 424 
 5 3 0 2400 482 
 6 3 0 2700 527 
 7 3 0 3000 575 
 0 4 0 600 200 
 1 4 0 1200 230 
 2 4 0 1500 259 
 3 4 0 1800 294 
 4 4 0 2100 332 
 5 4 0 2400 380 
 6 4 0 2700 415 
 7 4 0 3000 457 
 0 5 0 600 192 
 1 5 0 1200 232 
 2 5 0 1500 262 
 3 5 0 1800 297 
 4 5 0 2100 335 
 5 5 0 2400 382 
 6 5 0 2700 424 
 7 5 0 3000 471 
 0 6 0 600 178 
 1 6 0 1200 196 
 2 6 0 1500 223 
 3 6 0 1800 248 
 4 6 0 2100 276 
 5 6 0 2400 314 
 6 6 0 2700 353 
 7 6 0 3000 401 
 0 7 0 600 163 
 1 7 0 1200 185 
 2 7 0 1500 209 
 3 7 0 1800 234 
 4 7 0 2100 262 
 5 7 0 2400 295 
 6 7 0 2700 329 
 7 7 0 3000 368 
 0 8 0 600 180 
 1 8 0 1200 215 
 2 8 0 1500 245 
 3 8 0 1800 285 
 4 8 0 2100 324 
 5 8 0 2400 372 
 6 8 0 2700 398 
 7 8 0 3000 425 
 random:1T:3000
0 0 1 600 165 
 1 0 1 1200 283 
 2 0 1 1500 338 
 3 0 1 1800 374 
 4 0 1 2100 401 
 5 0 1 2400 432 
 6 0 1 2700 473 
 7 0 1 3000 516 
 0 1 1 600 192 
 1 1 1 1200 301 
 2 1 1 1500 350 
 3 1 1 1800 401 
 4 1 1 2100 459 
 5 1 1 2400 524 
 6 1 1 2700 607 
 7 1 1 3000 698 
 0 2 1 600 205 
 1 2 1 1200 354 
 2 2 1 1500 425 
 3 2 1 1800 481 
 4 2 1 2100 544 
 5 2 1 2400 618 
 6 2 1 2700 711 
 7 2 1 3000 816 
 0 3 1 600 213 
 1 3 1 1200 413 
 2 3 1 1500 530 
 3 3 1 1800 646 
 4 3 1 2100 758 
 5 3 1 2400 875 
 6 3 1 2700 1019 
 7 3 1 3000 1177 
 0 4 1 600 221 
 1 4 1 1200 337 
 2 4 1 1500 383 
 3 4 1 1800 429 
 4 4 1 2100 482 
 5 4 1 2400 547 
 6 4 1 2700 628 
 7 4 1 3000 717 
 0 5 1 600 192 
 1 5 1 1200 366 
 2 5 1 1500 432 
 3 5 1 1800 482 
 4 5 1 2100 515 
 5 5 1 2400 551 
 6 5 1 2700 614 
 7 5 1 3000 697 
 0 6 1 600 180 
 1 6 1 1200 299 
 2 6 1 1500 360 
 3 6 1 1800 411 
 4 6 1 2100 469 
 5 6 1 2400 532 
 6 6 1 2700 620 
 7 6 1 3000 724 
 0 7 1 600 198 
 1 7 1 1200 313 
 2 7 1 1500 364 
 3 7 1 1800 410 
 4 7 1 2100 456 
 5 7 1 2400 502 
 6 7 1 2700 570 
 7 7 1 3000 655 
 0 8 1 600 202 
 1 8 1 1200 332 
 2 8 1 1500 399 
 3 8 1 1800 443 
 4 8 1 2100 485 
 5 8 1 2400 527 
 6 8 1 2700 596 
 7 8 1 3000 679 
 random:2T:3000
0 0 2 600 93 
 1 0 2 1200 176 
 2 0 2 1500 221 
 3 0 2 1800 266 
 4 0 2 2100 311 
 5 0 2 2400 355 
 6 0 2 2700 386 
 7 0 2 3000 422 
 0 1 2 600 112 
 1 1 2 1200 165 
 2 1 2 1500 195 
 3 1 2 1800 225 
 4 1 2 2100 261 
 5 1 2 2400 309 
 6 1 2 2700 357 
 7 1 2 3000 414 
 0 2 2 600 108 
 1 2 2 1200 185 
 2 2 2 1500 225 
 3 2 2 1800 265 
 4 2 2 2100 311 
 5 2 2 2400 362 
 6 2 2 2700 413 
 7 2 2 3000 462 
 0 3 2 600 116 
 1 3 2 1200 235 
 2 3 2 1500 300 
 3 3 2 1800 365 
 4 3 2 2100 436 
 5 3 2 2400 516 
 6 3 2 2700 605 
 7 3 2 3000 703 
 0 4 2 600 128 
 1 4 2 1200 190 
 2 4 2 1500 225 
 3 4 2 1800 260 
 4 4 2 2100 295 
 5 4 2 2400 335 
 6 4 2 2700 375 
 7 4 2 3000 433 
 0 5 2 600 110 
 1 5 2 1200 165 
 2 5 2 1500 180 
 3 5 2 1800 195 
 4 5 2 2100 214 
 5 5 2 2400 236 
 6 5 2 2700 267 
 7 5 2 3000 315 
 0 6 2 600 97 
 1 6 2 1200 182 
 2 6 2 1500 195 
 3 6 2 1800 200 
 4 6 2 2100 211 
 5 6 2 2400 237 
 6 6 2 2700 272 
 7 6 2 3000 317 
 0 7 2 600 101 
 1 7 2 1200 170 
 2 7 2 1500 170 
 3 7 2 1800 170 
 4 7 2 2100 172 
 5 7 2 2400 180 
 6 7 2 2700 199 
 7 7 2 3000 230 
 0 8 2 600 118 
 1 8 2 1200 191 
 2 8 2 1500 231 
 3 8 2 1800 271 
 4 8 2 2100 311 
 5 8 2 2400 353 
 6 8 2 2700 406 
 7 8 2 3000 469 
 random:3T:3000
0 0 3 600 193 
 1 0 3 1200 247 
 2 0 3 1500 269 
 3 0 3 1800 296 
 4 0 3 2100 328 
 5 0 3 2400 363 
 6 0 3 2700 394 
 7 0 3 3000 429 
 0 1 3 600 224 
 1 1 3 1200 311 
 2 1 3 1500 347 
 3 1 3 1800 377 
 4 1 3 2100 403 
 5 1 3 2400 432 
 6 1 3 2700 463 
 7 1 3 3000 498 
 0 2 3 600 229 
 1 2 3 1200 296 
 2 2 3 1500 334 
 3 2 3 1800 362 
 4 2 3 2100 389 
 5 2 3 2400 428 
 6 2 3 2700 465 
 7 2 3 3000 505 
 0 3 3 600 260 
 1 3 3 1200 463 
 2 3 3 1500 565 
 3 3 3 1800 668 
 4 3 3 2100 769 
 5 3 3 2400 878 
 6 3 3 2700 985 
 7 3 3 3000 1085 
 0 4 3 600 228 
 1 4 3 1200 298 
 2 4 3 1500 325 
 3 4 3 1800 357 
 4 4 3 2100 394 
 5 4 3 2400 435 
 6 4 3 2700 480 
 7 4 3 3000 515 
 0 5 3 600 253 
 1 5 3 1200 336 
 2 5 3 1500 383 
 3 5 3 1800 431 
 4 5 3 2100 473 
 5 5 3 2400 523 
 6 5 3 2700 573 
 7 5 3 3000 618 
 0 6 3 600 222 
 1 6 3 1200 289 
 2 6 3 1500 326 
 3 6 3 1800 361 
 4 6 3 2100 387 
 5 6 3 2400 416 
 6 6 3 2700 447 
 7 6 3 3000 477 
 0 7 3 600 215 
 1 7 3 1200 280 
 2 7 3 1500 307 
 3 7 3 1800 339 
 4 7 3 2100 376 
 5 7 3 2400 412 
 6 7 3 2700 441 
 7 7 3 3000 471 
 0 8 3 600 225 
 1 8 3 1200 296 
 2 8 3 1500 322 
 3 8 3 1800 347 
 4 8 3 2100 369 
 5 8 3 2400 399 
 6 8 3 2700 424 
 7 8 3 3000 454 
 random:4T:3000
0 0 4 600 151 
 1 0 4 1200 216 
 2 0 4 1500 249 
 3 0 4 1800 284 
 4 0 4 2100 312 
 5 0 4 2400 328 
 6 0 4 2700 343 
 7 0 4 3000 365 
 0 1 4 600 175 
 1 1 4 1200 259 
 2 1 4 1500 302 
 3 1 4 1800 347 
 4 1 4 2100 394 
 5 1 4 2400 444 
 6 1 4 2700 482 
 7 1 4 3000 529 
 0 2 4 600 157 
 1 2 4 1200 249 
 2 2 4 1500 293 
 3 2 4 1800 323 
 4 2 4 2100 356 
 5 2 4 2400 398 
 6 2 4 2700 443 
 7 2 4 3000 494 
 0 3 4 600 163 
 1 3 4 1200 303 
 2 3 4 1500 386 
 3 3 4 1800 471 
 4 3 4 2100 547 
 5 3 4 2400 619 
 6 3 4 2700 688 
 7 3 4 3000 749 
 0 4 4 600 181 
 1 4 4 1200 263 
 2 4 4 1500 301 
 3 4 4 1800 326 
 4 4 4 2100 350 
 5 4 4 2400 377 
 6 4 4 2700 404 
 7 4 4 3000 437 
 0 5 4 600 176 
 1 5 4 1200 246 
 2 5 4 1500 284 
 3 5 4 1800 324 
 4 5 4 2100 361 
 5 5 4 2400 400 
 6 5 4 2700 443 
 7 5 4 3000 494 
 0 6 4 600 152 
 1 6 4 1200 216 
 2 6 4 1500 254 
 3 6 4 1800 294 
 4 6 4 2100 337 
 5 6 4 2400 385 
 6 6 4 2700 434 
 7 6 4 3000 491 
 0 7 4 600 148 
 1 7 4 1200 218 
 2 7 4 1500 266 
 3 7 4 1800 316 
 4 7 4 2100 357 
 5 7 4 2400 391 
 6 7 4 2700 430 
 7 7 4 3000 479 
 0 8 4 600 160 
 1 8 4 1200 252 
 2 8 4 1500 305 
 3 8 4 1800 360 
 4 8 4 2100 410 
 5 8 4 2400 462 
 6 8 4 2700 520 
 7 8 4 3000 582 
 random:5T:3000
0 0 5 600 296 
 1 0 5 1200 413 
 2 0 5 1500 467 
 3 0 5 1800 512 
 4 0 5 2100 544 
 5 0 5 2400 577 
 6 0 5 2700 608 
 7 0 5 3000 652 
 0 1 5 600 340 
 1 1 5 1200 548 
 2 1 5 1500 621 
 3 1 5 1800 661 
 4 1 5 2100 694 
 5 1 5 2400 726 
 6 1 5 2700 756 
 7 1 5 3000 809 
 0 2 5 600 337 
 1 2 5 1200 558 
 2 2 5 1500 641 
 3 2 5 1800 665 
 4 2 5 2100 688 
 5 2 5 2400 711 
 6 2 5 2700 736 
 7 2 5 3000 788 
 0 3 5 600 297 
 1 3 5 1200 495 
 2 3 5 1500 591 
 3 3 5 1800 686 
 4 3 5 2100 784 
 5 3 5 2400 889 
 6 3 5 2700 1002 
 7 3 5 3000 1137 
 0 4 5 600 326 
 1 4 5 1200 538 
 2 4 5 1500 612 
 3 4 5 1800 648 
 4 4 5 2100 681 
 5 4 5 2400 717 
 6 4 5 2700 758 
 7 4 5 3000 818 
 0 5 5 600 340 
 1 5 5 1200 551 
 2 5 5 1500 629 
 3 5 5 1800 678 
 4 5 5 2100 698 
 5 5 5 2400 718 
 6 5 5 2700 734 
 7 5 5 3000 766 
 0 6 5 600 305 
 1 6 5 1200 440 
 2 6 5 1500 494 
 3 6 5 1800 549 
 4 6 5 2100 603 
 5 6 5 2400 655 
 6 6 5 2700 715 
 7 6 5 3000 798 
 0 7 5 600 279 
 1 7 5 1200 418 
 2 7 5 1500 478 
 3 7 5 1800 526 
 4 7 5 2100 568 
 5 7 5 2400 613 
 6 7 5 2700 660 
 7 7 5 3000 721 
 0 8 5 600 320 
 1 8 5 1200 524 
 2 8 5 1500 595 
 3 8 5 1800 612 
 4 8 5 2100 630 
 5 8 5 2400 647 
 6 8 5 2700 662 
 7 8 5 3000 704 
 random:6T:3000
0 0 6 600 260 
 1 0 6 1200 390 
 2 0 6 1500 434 
 3 0 6 1800 474 
 4 0 6 2100 509 
 5 0 6 2400 545 
 6 0 6 2700 585 
 7 0 6 3000 637 
 0 1 6 600 295 
 1 1 6 1200 489 
 2 1 6 1500 550 
 3 1 6 1800 592 
 4 1 6 2100 634 
 5 1 6 2400 704 
 6 1 6 2700 781 
 7 1 6 3000 865 
 0 2 6 600 269 
 1 2 6 1200 441 
 2 2 6 1500 488 
 3 2 6 1800 521 
 4 2 6 2100 546 
 5 2 6 2400 596 
 6 2 6 2700 667 
 7 2 6 3000 739 
 0 3 6 600 278 
 1 3 6 1200 469 
 2 3 6 1500 556 
 3 3 6 1800 641 
 4 3 6 2100 722 
 5 3 6 2400 812 
 6 3 6 2700 925 
 7 3 6 3000 1063 
 0 4 6 600 268 
 1 4 6 1200 460 
 2 4 6 1500 519 
 3 4 6 1800 574 
 4 4 6 2100 631 
 5 4 6 2400 699 
 6 4 6 2700 777 
 7 4 6 3000 868 
 0 5 6 600 306 
 1 5 6 1200 538 
 2 5 6 1500 620 
 3 5 6 1800 659 
 4 5 6 2100 686 
 5 5 6 2400 735 
 6 5 6 2700 795 
 7 5 6 3000 874 
 0 6 6 600 278 
 1 6 6 1200 414 
 2 6 6 1500 469 
 3 6 6 1800 514 
 4 6 6 2100 550 
 5 6 6 2400 615 
 6 6 6 2700 695 
 7 6 6 3000 794 
 0 7 6 600 258 
 1 7 6 1200 355 
 2 7 6 1500 403 
 3 7 6 1800 453 
 4 7 6 2100 503 
 5 7 6 2400 568 
 6 7 6 2700 651 
 7 7 6 3000 745 
 0 8 6 600 283 
 1 8 6 1200 467 
 2 8 6 1500 522 
 3 8 6 1800 553 
 4 8 6 2100 573 
 5 8 6 2400 618 
 6 8 6 2700 666 
 7 8 6 3000 729 
 random:7T:3000
0 0 7 600 173 
 1 0 7 1200 223 
 2 0 7 1500 249 
 3 0 7 1800 263 
 4 0 7 2100 265 
 5 0 7 2400 272 
 6 0 7 2700 282 
 7 0 7 3000 293 
 0 1 7 600 177 
 1 1 7 1200 237 
 2 1 7 1500 273 
 3 1 7 1800 310 
 4 1 7 2100 337 
 5 1 7 2400 362 
 6 1 7 2700 395 
 7 1 7 3000 432 
 0 2 7 600 187 
 1 2 7 1200 251 
 2 2 7 1500 287 
 3 2 7 1800 326 
 4 2 7 2100 356 
 5 2 7 2400 382 
 6 2 7 2700 415 
 7 2 7 3000 453 
 0 3 7 600 202 
 1 3 7 1200 318 
 2 3 7 1500 379 
 3 3 7 1800 449 
 4 3 7 2100 521 
 5 3 7 2400 593 
 6 3 7 2700 671 
 7 3 7 3000 752 
 0 4 7 600 199 
 1 4 7 1200 261 
 2 4 7 1500 302 
 3 4 7 1800 337 
 4 4 7 2100 366 
 5 4 7 2400 397 
 6 4 7 2700 430 
 7 4 7 3000 468 
 0 5 7 600 202 
 1 5 7 1200 275 
 2 5 7 1500 310 
 3 5 7 1800 350 
 4 5 7 2100 389 
 5 5 7 2400 416 
 6 5 7 2700 449 
 7 5 7 3000 485 
 0 6 7 600 180 
 1 6 7 1200 236 
 2 6 7 1500 272 
 3 6 7 1800 311 
 4 6 7 2100 341 
 5 6 7 2400 370 
 6 6 7 2700 403 
 7 6 7 3000 443 
 0 7 7 600 174 
 1 7 7 1200 228 
 2 7 7 1500 264 
 3 7 7 1800 307 
 4 7 7 2100 349 
 5 7 7 2400 393 
 6 7 7 2700 438 
 7 7 7 3000 488 
 0 8 7 600 202 
 1 8 7 1200 266 
 2 8 7 1500 302 
 3 8 7 1800 347 
 4 8 7 2100 391 
 5 8 7 2400 439 
 6 8 7 2700 486 
 7 8 7 3000 533 
 random:8T:3000
0 0 8 600 156 
 1 0 8 1200 195 
 2 0 8 1500 217 
 3 0 8 1800 242 
 4 0 8 2100 270 
 5 0 8 2400 280 
 6 0 8 2700 298 
 7 0 8 3000 313 
 0 1 8 600 206 
 1 1 8 1200 282 
 2 1 8 1500 302 
 3 1 8 1800 322 
 4 1 8 2100 345 
 5 1 8 2400 370 
 6 1 8 2700 405 
 7 1 8 3000 447 
 0 2 8 600 190 
 1 2 8 1200 233 
 2 2 8 1500 255 
 3 2 8 1800 270 
 4 2 8 2100 287 
 5 2 8 2400 307 
 6 2 8 2700 343 
 7 2 8 3000 386 
 0 3 8 600 212 
 1 3 8 1200 340 
 2 3 8 1500 402 
 3 3 8 1800 467 
 4 3 8 2100 533 
 5 3 8 2400 603 
 6 3 8 2700 688 
 7 3 8 3000 780 
 0 4 8 600 205 
 1 4 8 1200 291 
 2 4 8 1500 314 
 3 4 8 1800 334 
 4 4 8 2100 353 
 5 4 8 2400 373 
 6 4 8 2700 409 
 7 4 8 3000 451 
 0 5 8 600 209 
 1 5 8 1200 303 
 2 5 8 1500 315 
 3 5 8 1800 330 
 4 5 8 2100 346 
 5 5 8 2400 362 
 6 5 8 2700 384 
 7 5 8 3000 411 
 0 6 8 600 148 
 1 6 8 1200 196 
 2 6 8 1500 222 
 3 6 8 1800 247 
 4 6 8 2100 272 
 5 6 8 2400 292 
 6 6 8 2700 326 
 7 6 8 3000 368 
 0 7 8 600 173 
 1 7 8 1200 225 
 2 7 8 1500 246 
 3 7 8 1800 266 
 4 7 8 2100 277 
 5 7 8 2400 286 
 6 7 8 2700 303 
 7 7 8 3000 325 
 0 8 8 600 185 
 1 8 8 1200 299 
 2 8 8 1500 356 
 3 8 8 1800 416 
 4 8 8 2100 477 
 5 8 8 2400 533 
 6 8 8 2700 587 
 7 8 8 3000 640 
 random:9T:3000
0 0 9 600 191 
 1 0 9 1200 213 
 2 0 9 1500 222 
 3 0 9 1800 232 
 4 0 9 2100 252 
 5 0 9 2400 273 
 6 0 9 2700 299 
 7 0 9 3000 328 
 0 1 9 600 188 
 1 1 9 1200 212 
 2 1 9 1500 227 
 3 1 9 1800 242 
 4 1 9 2100 268 
 5 1 9 2400 293 
 6 1 9 2700 319 
 7 1 9 3000 354 
 0 2 9 600 199 
 1 2 9 1200 228 
 2 2 9 1500 243 
 3 2 9 1800 263 
 4 2 9 2100 288 
 5 2 9 2400 308 
 6 2 9 2700 333 
 7 2 9 3000 355 
 0 3 9 600 201 
 1 3 9 1200 284 
 2 3 9 1500 316 
 3 3 9 1800 326 
 4 3 9 2100 347 
 5 3 9 2400 362 
 6 3 9 2700 388 
 7 3 9 3000 417 
 0 4 9 600 184 
 1 4 9 1200 208 
 2 4 9 1500 223 
 3 4 9 1800 240 
 4 4 9 2100 266 
 5 4 9 2400 282 
 6 4 9 2700 303 
 7 4 9 3000 325 
 0 5 9 600 182 
 1 5 9 1200 214 
 2 5 9 1500 229 
 3 5 9 1800 249 
 4 5 9 2100 274 
 5 5 9 2400 304 
 6 5 9 2700 329 
 7 5 9 3000 359 
 0 6 9 600 190 
 1 6 9 1200 205 
 2 6 9 1500 215 
 3 6 9 1800 229 
 4 6 9 2100 249 
 5 6 9 2400 268 
 6 6 9 2700 294 
 7 6 9 3000 329 
 0 7 9 600 176 
 1 7 9 1200 191 
 2 7 9 1500 201 
 3 7 9 1800 216 
 4 7 9 2100 234 
 5 7 9 2400 254 
 6 7 9 2700 277 
 7 7 9 3000 297 
 0 8 9 600 201 
 1 8 9 1200 231 
 2 8 9 1500 246 
 3 8 9 1800 260 
 4 8 9 2100 281 
 5 8 9 2400 305 
 6 8 9 2700 332 
 7 8 9 3000 362 
 