random:0T:3000
0 0 0 600 206 
 1 0 0 1200 267 
 2 0 0 1500 299 
 3 0 0 1800 339 
 4 0 0 2100 389 
 5 0 0 2400 410 
 6 0 0 2700 430 
 7 0 0 3000 458 
 0 1 0 600 200 
 1 1 0 1200 240 
 2 1 0 1500 274 
 3 1 0 1800 321 
 4 1 0 2100 376 
 5 1 0 2400 409 
 6 1 0 2700 440 
 7 1 0 3000 484 
 0 2 0 600 234 
 1 2 0 1200 293 
 2 2 0 1500 332 
 3 2 0 1800 390 
 4 2 0 2100 447 
 5 2 0 2400 498 
 6 2 0 2700 547 
 7 2 0 3000 606 
 0 3 0 600 264 
 1 3 0 1200 427 
 2 3 0 1500 513 
 3 3 0 1800 603 
 4 3 0 2100 693 
 5 3 0 2400 756 
 6 3 0 2700 817 
 7 3 0 3000 893 
 0 4 0 600 202 
 1 4 0 1200 251 
 2 4 0 1500 281 
 3 4 0 1800 326 
 4 4 0 2100 381 
 5 4 0 2400 439 
 6 4 0 2700 494 
 7 4 0 3000 568 
 0 5 0 600 263 
 1 5 0 1200 326 
 2 5 0 1500 362 
 3 5 0 1800 417 
 4 5 0 2100 479 
 5 5 0 2400 536 
 6 5 0 2700 580 
 7 5 0 3000 612 
 0 6 0 600 220 
 1 6 0 1200 257 
 2 6 0 1500 289 
 3 6 0 1800 331 
 4 6 0 2100 381 
 5 6 0 2400 412 
 6 6 0 2700 442 
 7 6 0 3000 491 
 0 7 0 600 209 
 1 7 0 1200 250 
 2 7 0 1500 281 
 3 7 0 1800 331 
 4 7 0 2100 379 
 5 7 0 2400 416 
 6 7 0 2700 460 
 7 7 0 3000 513 
 0 8 0 600 216 
 1 8 0 1200 271 
 2 8 0 1500 307 
 3 8 0 1800 362 
 4 8 0 2100 420 
 5 8 0 2400 471 
 6 8 0 2700 516 
 7 8 0 3000 580 
 random:1T:3000
0 0 1 600 228 
 1 0 1 1200 332 
 2 0 1 1500 365 
 3 0 1 1800 405 
 4 0 1 2100 448 
 5 0 1 2400 472 
 6 0 1 2700 487 
 7 0 1 3000 532 
 0 1 1 600 252 
 1 1 1 1200 373 
 2 1 1 1500 411 
 3 1 1 1800 451 
 4 1 1 2100 494 
 5 1 1 2400 541 
 6 1 1 2700 586 
 7 1 1 3000 673 
 0 2 1 600 247 
 1 2 1 1200 389 
 2 2 1 1500 459 
 3 2 1 1800 516 
 4 2 1 2100 569 
 5 2 1 2400 629 
 6 2 1 2700 682 
 7 2 1 3000 764 
 0 3 1 600 302 
 1 3 1 1200 567 
 2 3 1 1500 688 
 3 3 1 1800 803 
 4 3 1 2100 920 
 5 3 1 2400 987 
 6 3 1 2700 1053 
 7 3 1 3000 1154 
 0 4 1 600 259 
 1 4 1 1200 380 
 2 4 1 1500 427 
 3 4 1 1800 457 
 4 4 1 2100 491 
 5 4 1 2400 543 
 6 4 1 2700 580 
 7 4 1 3000 647 
 0 5 1 600 254 
 1 5 1 1200 409 
 2 5 1 1500 437 
 3 5 1 1800 460 
 4 5 1 2100 480 
 5 5 1 2400 508 
 6 5 1 2700 539 
 7 5 1 3000 611 
 0 6 1 600 242 
 1 6 1 1200 353 
 2 6 1 1500 386 
 3 6 1 1800 426 
 4 6 1 2100 472 
 5 6 1 2400 525 
 6 6 1 2700 568 
 7 6 1 3000 634 
 0 7 1 600 232 
 1 7 1 1200 335 
 2 7 1 1500 391 
 3 7 1 1800 426 
 4 7 1 2100 467 
 5 7 1 2400 515 
 6 7 1 2700 557 
 7 7 1 3000 639 
 0 8 1 600 237 
 1 8 1 1200 354 
 2 8 1 1500 387 
 3 8 1 1800 427 
 4 8 1 2100 475 
 5 8 1 2400 532 
 6 8 1 2700 587 
 7 8 1 3000 679 
 random:2T:3000
0 0 2 600 105 
 1 0 2 1200 133 
 2 0 2 1500 143 
 3 0 2 1800 158 
 4 0 2 2100 170 
 5 0 2 2400 177 
 6 0 2 2700 192 
 7 0 2 3000 210 
 0 1 2 600 110 
 1 1 2 1200 152 
 2 1 2 1500 172 
 3 1 2 1800 194 
 4 1 2 2100 209 
 5 1 2 2400 224 
 6 1 2 2700 258 
 7 1 2 3000 297 
 0 2 2 600 127 
 1 2 2 1200 174 
 2 2 2 1500 194 
 3 2 2 1800 219 
 4 2 2 2100 233 
 5 2 2 2400 251 
 6 2 2 2700 282 
 7 2 2 3000 310 
 0 3 2 600 142 
 1 3 2 1200 279 
 2 3 2 1500 349 
 3 3 2 1800 400 
 4 3 2 2100 420 
 5 3 2 2400 436 
 6 3 2 2700 464 
 7 3 2 3000 495 
 0 4 2 600 125 
 1 4 2 1200 178 
 2 4 2 1500 203 
 3 4 2 1800 229 
 4 4 2 2100 254 
 5 4 2 2400 267 
 6 4 2 2700 299 
 7 4 2 3000 340 
 0 5 2 600 131 
 1 5 2 1200 213 
 2 5 2 1500 256 
 3 5 2 1800 299 
 4 5 2 2100 332 
 5 5 2 2400 365 
 6 5 2 2700 419 
 7 5 2 3000 474 
 0 6 2 600 106 
 1 6 2 1200 142 
 2 6 2 1500 159 
 3 6 2 1800 173 
 4 6 2 2100 179 
 5 6 2 2400 187 
 6 6 2 2700 209 
 7 6 2 3000 244 
 0 7 2 600 115 
 1 7 2 1200 154 
 2 7 2 1500 164 
 3 7 2 1800 178 
 4 7 2 2100 185 
 5 7 2 2400 196 
 6 7 2 2700 216 
 7 7 2 3000 249 
 0 8 2 600 121 
 1 8 2 1200 168 
 2 8 2 1500 193 
 3 8 2 1800 219 
 4 8 2 2100 241 
 5 8 2 2400 269 
 6 8 2 2700 308 
 7 8 2 3000 351 
 random:3T:3000
0 0 3 600 166 
 1 0 3 1200 208 
 2 0 3 1500 238 
 3 0 3 1800 252 
 4 0 3 2100 269 
 5 0 3 2400 284 
 6 0 3 2700 296 
 7 0 3 3000 323 
 0 1 3 600 209 
 1 1 3 1200 252 
 2 1 3 1500 295 
 3 1 3 1800 331 
 4 1 3 2100 375 
 5 1 3 2400 427 
 6 1 3 2700 470 
 7 1 3 3000 537 
 0 2 3 600 232 
 1 2 3 1200 279 
 2 2 3 1500 325 
 3 2 3 1800 362 
 4 2 3 2100 405 
 5 2 3 2400 461 
 6 2 3 2700 510 
 7 2 3 3000 581 
 0 3 3 600 265 
 1 3 3 1200 498 
 2 3 3 1500 629 
 3 3 3 1800 741 
 4 3 3 2100 842 
 5 3 3 2400 917 
 6 3 3 2700 994 
 7 3 3 3000 1094 
 0 4 3 600 207 
 1 4 3 1200 254 
 2 4 3 1500 291 
 3 4 3 1800 327 
 4 4 3 2100 376 
 5 4 3 2400 429 
 6 4 3 2700 481 
 7 4 3 3000 567 
 0 5 3 600 261 
 1 5 3 1200 320 
 2 5 3 1500 359 
 3 5 3 1800 395 
 4 5 3 2100 445 
 5 5 3 2400 499 
 6 5 3 2700 546 
 7 5 3 3000 612 
 0 6 3 600 166 
 1 6 3 1200 215 
 2 6 3 1500 260 
 3 6 3 1800 300 
 4 6 3 2100 336 
 5 6 3 2400 371 
 6 6 3 2700 404 
 7 6 3 3000 460 
 0 7 3 600 173 
 1 7 3 1200 246 
 2 7 3 1500 290 
 3 7 3 1800 321 
 4 7 3 2100 364 
 5 7 3 2400 403 
 6 7 3 2700 444 
 7 7 3 3000 515 
 0 8 3 600 238 
 1 8 3 1200 301 
 2 8 3 1500 348 
 3 8 3 1800 390 
 4 8 3 2100 439 
 5 8 3 2400 494 
 6 8 3 2700 543 
 7 8 3 3000 620 
 random:4T:3000
0 0 4 600 188 
 1 0 4 1200 253 
 2 0 4 1500 266 
 3 0 4 1800 273 
 4 0 4 2100 288 
 5 0 4 2400 303 
 6 0 4 2700 331 
 7 0 4 3000 364 
 0 1 4 600 203 
 1 1 4 1200 272 
 2 1 4 1500 309 
 3 1 4 1800 346 
 4 1 4 2100 391 
 5 1 4 2400 438 
 6 1 4 2700 492 
 7 1 4 3000 563 
 0 2 4 600 200 
 1 2 4 1200 260 
 2 2 4 1500 296 
 3 2 4 1800 333 
 4 2 4 2100 376 
 5 2 4 2400 420 
 6 2 4 2700 470 
 7 2 4 3000 523 
 0 3 4 600 254 
 1 3 4 1200 440 
 2 3 4 1500 545 
 3 3 4 1800 584 
 4 3 4 2100 614 
 5 3 4 2400 641 
 6 3 4 2700 681 
 7 3 4 3000 741 
 0 4 4 600 184 
 1 4 4 1200 234 
 2 4 4 1500 272 
 3 4 4 1800 309 
 4 4 4 2100 337 
 5 4 4 2400 371 
 6 4 4 2700 422 
 7 4 4 3000 465 
 0 5 4 600 222 
 1 5 4 1200 275 
 2 5 4 1500 307 
 3 5 4 1800 329 
 4 5 4 2100 363 
 5 5 4 2400 403 
 6 5 4 2700 444 
 7 5 4 3000 504 
 0 6 4 600 192 
 1 6 4 1200 262 
 2 6 4 1500 310 
 3 6 4 1800 352 
 4 6 4 2100 406 
 5 6 4 2400 464 
 6 6 4 2700 525 
 7 6 4 3000 603 
 0 7 4 600 188 
 1 7 4 1200 258 
 2 7 4 1500 278 
 3 7 4 1800 300 
 4 7 4 2100 328 
 5 7 4 2400 368 
 6 7 4 2700 415 
 7 7 4 3000 485 
 0 8 4 600 190 
 1 8 4 1200 245 
 2 8 4 1500 285 
 3 8 4 1800 323 
 4 8 4 2100 368 
 5 8 4 2400 420 
 6 8 4 2700 474 
 7 8 4 3000 535 
 random:5T:3000
0 0 5 600 282 
 1 0 5 1200 391 
 2 0 5 1500 421 
 3 0 5 1800 444 
 4 0 5 2100 468 
 5 0 5 2400 488 
 6 0 5 2700 515 
 7 0 5 3000 539 
 0 1 5 600 319 
 1 1 5 1200 415 
 2 1 5 1500 455 
 3 1 5 1800 487 
 4 1 5 2100 525 
 5 1 5 2400 554 
 6 1 5 2700 597 
 7 1 5 3000 641 
 0 2 5 600 328 
 1 2 5 1200 440 
 2 2 5 1500 490 
 3 2 5 1800 538 
 4 2 5 2100 580 
 5 2 5 2400 617 
 6 2 5 2700 667 
 7 2 5 3000 724 
 0 3 5 600 323 
 1 3 5 1200 578 
 2 3 5 1500 707 
 3 3 5 1800 844 
 4 3 5 2100 981 
 5 3 5 2400 1103 
 6 3 5 2700 1243 
 7 3 5 3000 1326 
 0 4 5 600 313 
 1 4 5 1200 395 
 2 4 5 1500 438 
 3 4 5 1800 482 
 4 4 5 2100 518 
 5 4 5 2400 556 
 6 4 5 2700 606 
 7 4 5 3000 675 
 0 5 5 600 343 
 1 5 5 1200 477 
 2 5 5 1500 538 
 3 5 5 1800 571 
 4 5 5 2100 606 
 5 5 5 2400 636 
 6 5 5 2700 675 
 7 5 5 3000 719 
 0 6 5 600 295 
 1 6 5 1200 431 
 2 6 5 1500 486 
 3 6 5 1800 529 
 4 6 5 2100 574 
 5 6 5 2400 618 
 6 6 5 2700 670 
 7 6 5 3000 731 
 0 7 5 600 311 
 1 7 5 1200 447 
 2 7 5 1500 503 
 3 7 5 1800 550 
 4 7 5 2100 588 
 5 7 5 2400 625 
 6 7 5 2700 666 
 7 7 5 3000 708 
 0 8 5 600 342 
 1 8 5 1200 452 
 2 8 5 1500 501 
 3 8 5 1800 548 
 4 8 5 2100 597 
 5 8 5 2400 634 
 6 8 5 2700 679 
 7 8 5 3000 733 
 random:6T:3000
0 0 6 600 278 
 1 0 6 1200 354 
 2 0 6 1500 384 
 3 0 6 1800 399 
 4 0 6 2100 407 
 5 0 6 2400 418 
 6 0 6 2700 461 
 7 0 6 3000 501 
 0 1 6 600 268 
 1 1 6 1200 364 
 2 1 6 1500 409 
 3 1 6 1800 448 
 4 1 6 2100 488 
 5 1 6 2400 528 
 6 1 6 2700 596 
 7 1 6 3000 692 
 0 2 6 600 232 
 1 2 6 1200 319 
 2 2 6 1500 364 
 3 2 6 1800 411 
 4 2 6 2100 466 
 5 2 6 2400 531 
 6 2 6 2700 610 
 7 2 6 3000 706 
 0 3 6 600 268 
 1 3 6 1200 454 
 2 3 6 1500 559 
 3 3 6 1800 666 
 4 3 6 2100 772 
 5 3 6 2400 873 
 6 3 6 2700 1000 
 7 3 6 3000 1145 
 0 4 6 600 291 
 1 4 6 1200 416 
 2 4 6 1500 463 
 3 4 6 1800 510 
 4 4 6 2100 561 
 5 4 6 2400 603 
 6 4 6 2700 675 
 7 4 6 3000 762 
 0 5 6 600 308 
 1 5 6 1200 451 
 2 5 6 1500 520 
 3 5 6 1800 565 
 4 5 6 2100 612 
 5 5 6 2400 666 
 6 5 6 2700 746 
 7 5 6 3000 826 
 0 6 6 600 253 
 1 6 6 1200 342 
 2 6 6 1500 392 
 3 6 6 1800 442 
 4 6 6 2100 496 
 5 6 6 2400 567 
 6 6 6 2700 661 
 7 6 6 3000 773 
 0 7 6 600 289 
 1 7 6 1200 395 
 2 7 6 1500 450 
 3 7 6 1800 504 
 4 7 6 2100 552 
 5 7 6 2400 599 
 6 7 6 2700 671 
 7 7 6 3000 755 
 0 8 6 600 271 
 1 8 6 1200 370 
 2 8 6 1500 425 
 3 8 6 1800 482 
 4 8 6 2100 546 
 5 8 6 2400 613 
 6 8 6 2700 708 
 7 8 6 3000 782 
 random:7T:3000
0 0 7 600 156 
 1 0 7 1200 202 
 2 0 7 1500 231 
 3 0 7 1800 264 
 4 0 7 2100 296 
 5 0 7 2400 326 
 6 0 7 2700 347 
 7 0 7 3000 368 
 0 1 7 600 199 
 1 1 7 1200 279 
 2 1 7 1500 317 
 3 1 7 1800 355 
 4 1 7 2100 400 
 5 1 7 2400 444 
 6 1 7 2700 500 
 7 1 7 3000 568 
 0 2 7 600 208 
 1 2 7 1200 268 
 2 2 7 1500 301 
 3 2 7 1800 339 
 4 2 7 2100 382 
 5 2 7 2400 426 
 6 2 7 2700 480 
 7 2 7 3000 534 
 0 3 7 600 250 
 1 3 7 1200 426 
 2 3 7 1500 520 
 3 3 7 1800 582 
 4 3 7 2100 638 
 5 3 7 2400 697 
 6 3 7 2700 764 
 7 3 7 3000 847 
 0 4 7 600 198 
 1 4 7 1200 273 
 2 4 7 1500 314 
 3 4 7 1800 352 
 4 4 7 2100 399 
 5 4 7 2400 442 
 6 4 7 2700 493 
 7 4 7 3000 544 
 0 5 7 600 211 
 1 5 7 1200 306 
 2 5 7 1500 342 
 3 5 7 1800 374 
 4 5 7 2100 410 
 5 5 7 2400 452 
 6 5 7 2700 492 
 7 5 7 3000 528 
 0 6 7 600 168 
 1 6 7 1200 232 
 2 6 7 1500 262 
 3 6 7 1800 290 
 4 6 7 2100 325 
 5 6 7 2400 366 
 6 6 7 2700 414 
 7 6 7 3000 479 
 0 7 7 600 149 
 1 7 7 1200 219 
 2 7 7 1500 248 
 3 7 7 1800 281 
 4 7 7 2100 305 
 5 7 7 2400 333 
 6 7 7 2700 376 
 7 7 7 3000 435 
 0 8 7 600 213 
 1 8 7 1200 279 
 2 8 7 1500 318 
 3 8 7 1800 361 
 4 8 7 2100 408 
 5 8 7 2400 453 
 6 8 7 2700 513 
 7 8 7 3000 582 
 random:8T:3000
0 0 8 600 137 
 1 0 8 1200 173 
 2 0 8 1500 179 
 3 0 8 1800 194 
 4 0 8 2100 203 
 5 0 8 2400 213 
 6 0 8 2700 236 
 7 0 8 3000 246 
 0 1 8 600 145 
 1 1 8 1200 211 
 2 1 8 1500 240 
 3 1 8 1800 278 
 4 1 8 2100 319 
 5 1 8 2400 362 
 6 1 8 2700 406 
 7 1 8 3000 455 
 0 2 8 600 160 
 1 2 8 1200 216 
 2 2 8 1500 238 
 3 2 8 1800 271 
 4 2 8 2100 312 
 5 2 8 2400 352 
 6 2 8 2700 405 
 7 2 8 3000 464 
 0 3 8 600 164 
 1 3 8 1200 282 
 2 3 8 1500 342 
 3 3 8 1800 412 
 4 3 8 2100 448 
 5 3 8 2400 458 
 6 3 8 2700 464 
 7 3 8 3000 478 
 0 4 8 600 147 
 1 4 8 1200 215 
 2 4 8 1500 246 
 3 4 8 1800 281 
 4 4 8 2100 325 
 5 4 8 2400 366 
 6 4 8 2700 419 
 7 4 8 3000 452 
 0 5 8 600 163 
 1 5 8 1200 222 
 2 5 8 1500 241 
 3 5 8 1800 268 
 4 5 8 2100 301 
 5 5 8 2400 336 
 6 5 8 2700 373 
 7 5 8 3000 404 
 0 6 8 600 133 
 1 6 8 1200 201 
 2 6 8 1500 218 
 3 6 8 1800 248 
 4 6 8 2100 265 
 5 6 8 2400 275 
 6 6 8 2700 295 
 7 6 8 3000 315 
 0 7 8 600 139 
 1 7 8 1200 204 
 2 7 8 1500 221 
 3 7 8 1800 249 
 4 7 8 2100 273 
 5 7 8 2400 298 
 6 7 8 2700 336 
 7 7 8 3000 368 
 0 8 8 600 165 
 1 8 8 1200 220 
 2 8 8 1500 246 
 3 8 8 1800 281 
 4 8 8 2100 319 
 5 8 8 2400 359 
 6 8 8 2700 412 
 7 8 8 3000 468 
 random:9T:3000
0 0 9 600 164 
 1 0 9 1200 178 
 2 0 9 1500 191 
 3 0 9 1800 212 
 4 0 9 2100 229 
 5 0 9 2400 264 
 6 0 9 2700 299 
 7 0 9 3000 320 
 0 1 9 600 186 
 1 1 9 1200 228 
 2 1 9 1500 246 
 3 1 9 1800 272 
 4 1 9 2100 299 
 5 1 9 2400 340 
 6 1 9 2700 381 
 7 1 9 3000 399 
 0 2 9 600 189 
 1 2 9 1200 221 
 2 2 9 1500 239 
 3 2 9 1800 265 
 4 2 9 2100 294 
 5 2 9 2400 332 
 6 2 9 2700 375 
 7 2 9 3000 397 
 0 3 9 600 193 
 1 3 9 1200 259 
 2 3 9 1500 282 
 3 3 9 1800 313 
 4 3 9 2100 345 
 5 3 9 2400 388 
 6 3 9 2700 419 
 7 3 9 3000 449 
 0 4 9 600 181 
 1 4 9 1200 219 
 2 4 9 1500 242 
 3 4 9 1800 273 
 4 4 9 2100 310 
 5 4 9 2400 339 
 6 4 9 2700 372 
 7 4 9 3000 389 
 0 5 9 600 179 
 1 5 9 1200 220 
 2 5 9 1500 240 
 3 5 9 1800 266 
 4 5 9 2100 295 
 5 5 9 2400 336 
 6 5 9 2700 377 
 7 5 9 3000 406 
 0 6 9 600 172 
 1 6 9 1200 209 
 2 6 9 1500 227 
 3 6 9 1800 253 
 4 6 9 2100 284 
 5 6 9 2400 322 
 6 6 9 2700 364 
 7 6 9 3000 406 
 0 7 9 600 173 
 1 7 9 1200 204 
 2 7 9 1500 222 
 3 7 9 1800 248 
 4 7 9 2100 274 
 5 7 9 2400 304 
 6 7 9 2700 340 
 7 7 9 3000 380 
 0 8 9 600 174 
 1 8 9 1200 196 
 2 8 9 1500 210 
 3 8 9 1800 231 
 4 8 9 2100 253 
 5 8 9 2400 285 
 6 8 9 2700 332 
 7 8 9 3000 375 
 