random:0T:3000
0 0 0 600 279 
 1 0 0 1200 375 
 2 0 0 1500 423 
 3 0 0 1800 482 
 4 0 0 2100 542 
 5 0 0 2400 595 
 6 0 0 2700 653 
 7 0 0 3000 714 
 0 1 0 600 292 
 1 1 0 1200 407 
 2 1 0 1500 451 
 3 1 0 1800 502 
 4 1 0 2100 557 
 5 1 0 2400 618 
 6 1 0 2700 673 
 7 1 0 3000 734 
 0 2 0 600 269 
 1 2 0 1200 392 
 2 2 0 1500 463 
 3 2 0 1800 518 
 4 2 0 2100 555 
 5 2 0 2400 597 
 6 2 0 2700 643 
 7 2 0 3000 700 
 0 3 0 600 293 
 1 3 0 1200 459 
 2 3 0 1500 561 
 3 3 0 1800 668 
 4 3 0 2100 783 
 5 3 0 2400 912 
 6 3 0 2700 1044 
 7 3 0 3000 1191 
 0 4 0 600 305 
 1 4 0 1200 423 
 2 4 0 1500 477 
 3 4 0 1800 538 
 4 4 0 2100 591 
 5 4 0 2400 635 
 6 4 0 2700 680 
 7 4 0 3000 736 
 0 5 0 600 298 
 1 5 0 1200 451 
 2 5 0 1500 535 
 3 5 0 1800 626 
 4 5 0 2100 678 
 5 5 0 2400 741 
 6 5 0 2700 806 
 7 5 0 3000 880 
 0 6 0 600 254 
 1 6 0 1200 349 
 2 6 0 1500 404 
 3 6 0 1800 472 
 4 6 0 2100 538 
 5 6 0 2400 612 
 6 6 0 2700 675 
 7 6 0 3000 736 
 0 7 0 600 281 
 1 7 0 1200 379 
 2 7 0 1500 438 
 3 7 0 1800 498 
 4 7 0 2100 549 
 5 7 0 2400 594 
 6 7 0 2700 636 
 7 7 0 3000 690 
 0 8 0 600 296 
 1 8 0 1200 415 
 2 8 0 1500 481 
 3 8 0 1800 536 
 4 8 0 2100 575 
 5 8 0 2400 617 
 6 8 0 2700 657 
 7 8 0 3000 711 
 random:1T:3000
0 0 1 600 295 
 1 0 1 1200 475 
 2 0 1 1500 554 
 3 0 1 1800 631 
 4 0 1 2100 707 
 5 0 1 2400 793 
 6 0 1 2700 880 
 7 0 1 3000 996 
 0 1 1 600 276 
 1 1 1 1200 464 
 2 1 1 1500 535 
 3 1 1 1800 583 
 4 1 1 2100 630 
 5 1 1 2400 674 
 6 1 1 2700 711 
 7 1 1 3000 775 
 0 2 1 600 309 
 1 2 1 1200 527 
 2 2 1 1500 589 
 3 2 1 1800 644 
 4 2 1 2100 685 
 5 2 1 2400 707 
 6 2 1 2700 725 
 7 2 1 3000 778 
 0 3 1 600 318 
 1 3 1 1200 604 
 2 3 1 1500 747 
 3 3 1 1800 892 
 4 3 1 2100 1044 
 5 3 1 2400 1211 
 6 3 1 2700 1367 
 7 3 1 3000 1540 
 0 4 1 600 323 
 1 4 1 1200 556 
 2 4 1 1500 627 
 3 4 1 1800 687 
 4 4 1 2100 734 
 5 4 1 2400 786 
 6 4 1 2700 831 
 7 4 1 3000 902 
 0 5 1 600 316 
 1 5 1 1200 588 
 2 5 1 1500 729 
 3 5 1 1800 814 
 4 5 1 2100 864 
 5 5 1 2400 904 
 6 5 1 2700 935 
 7 5 1 3000 995 
 0 6 1 600 308 
 1 6 1 1200 491 
 2 6 1 1500 554 
 3 6 1 1800 614 
 4 6 1 2100 675 
 5 6 1 2400 747 
 6 6 1 2700 821 
 7 6 1 3000 928 
 0 7 1 600 279 
 1 7 1 1200 487 
 2 7 1 1500 571 
 3 7 1 1800 656 
 4 7 1 2100 726 
 5 7 1 2400 778 
 6 7 1 2700 815 
 7 7 1 3000 880 
 0 8 1 600 314 
 1 8 1 1200 526 
 2 8 1 1500 612 
 3 8 1 1800 662 
 4 8 1 2100 709 
 5 8 1 2400 744 
 6 8 1 2700 782 
 7 8 1 3000 845 
 random:2T:3000
0 0 2 600 138 
 1 0 2 1200 201 
 2 0 2 1500 221 
 3 0 2 1800 246 
 4 0 2 2100 274 
 5 0 2 2400 302 
 6 0 2 2700 339 
 7 0 2 3000 379 
 0 1 2 600 149 
 1 1 2 1200 249 
 2 1 2 1500 271 
 3 1 2 1800 296 
 4 1 2 2100 330 
 5 1 2 2400 363 
 6 1 2 2700 412 
 7 1 2 3000 470 
 0 2 2 600 147 
 1 2 2 1200 246 
 2 2 2 1500 266 
 3 2 2 1800 289 
 4 2 2 2100 320 
 5 2 2 2400 351 
 6 2 2 2700 380 
 7 2 2 3000 433 
 0 3 2 600 161 
 1 3 2 1200 314 
 2 3 2 1500 394 
 3 3 2 1800 478 
 4 3 2 2100 563 
 5 3 2 2400 644 
 6 3 2 2700 698 
 7 3 2 3000 773 
 0 4 2 600 145 
 1 4 2 1200 231 
 2 4 2 1500 257 
 3 4 2 1800 287 
 4 4 2 2100 326 
 5 4 2 2400 363 
 6 4 2 2700 409 
 7 4 2 3000 468 
 0 5 2 600 150 
 1 5 2 1200 245 
 2 5 2 1500 267 
 3 5 2 1800 292 
 4 5 2 2100 324 
 5 5 2 2400 359 
 6 5 2 2700 411 
 7 5 2 3000 479 
 0 6 2 600 147 
 1 6 2 1200 217 
 2 6 2 1500 239 
 3 6 2 1800 262 
 4 6 2 2100 289 
 5 6 2 2400 322 
 6 6 2 2700 366 
 7 6 2 3000 434 
 0 7 2 600 142 
 1 7 2 1200 219 
 2 7 2 1500 239 
 3 7 2 1800 261 
 4 7 2 2100 270 
 5 7 2 2400 281 
 6 7 2 2700 308 
 7 7 2 3000 343 
 0 8 2 600 142 
 1 8 2 1200 255 
 2 8 2 1500 284 
 3 8 2 1800 309 
 4 8 2 2100 343 
 5 8 2 2400 376 
 6 8 2 2700 425 
 7 8 2 3000 491 
 random:3T:3000
0 0 3 600 265 
 1 0 3 1200 374 
 2 0 3 1500 423 
 3 0 3 1800 469 
 4 0 3 2100 527 
 5 0 3 2400 589 
 6 0 3 2700 659 
 7 0 3 3000 744 
 0 1 3 600 279 
 1 1 3 1200 409 
 2 1 3 1500 489 
 3 1 3 1800 552 
 4 1 3 2100 606 
 5 1 3 2400 658 
 6 1 3 2700 716 
 7 1 3 3000 802 
 0 2 3 600 271 
 1 2 3 1200 382 
 2 2 3 1500 438 
 3 2 3 1800 479 
 4 2 3 2100 532 
 5 2 3 2400 591 
 6 2 3 2700 647 
 7 2 3 3000 721 
 0 3 3 600 279 
 1 3 3 1200 484 
 2 3 3 1500 602 
 3 3 3 1800 713 
 4 3 3 2100 838 
 5 3 3 2400 977 
 6 3 3 2700 1113 
 7 3 3 3000 1272 
 0 4 3 600 282 
 1 4 3 1200 411 
 2 4 3 1500 470 
 3 4 3 1800 519 
 4 4 3 2100 573 
 5 4 3 2400 625 
 6 4 3 2700 675 
 7 4 3 3000 751 
 0 5 3 600 304 
 1 5 3 1200 505 
 2 5 3 1500 572 
 3 5 3 1800 618 
 4 5 3 2100 658 
 5 5 3 2400 707 
 6 5 3 2700 746 
 7 5 3 3000 813 
 0 6 3 600 281 
 1 6 3 1200 421 
 2 6 3 1500 477 
 3 6 3 1800 526 
 4 6 3 2100 573 
 5 6 3 2400 626 
 6 6 3 2700 662 
 7 6 3 3000 728 
 0 7 3 600 271 
 1 7 3 1200 386 
 2 7 3 1500 457 
 3 7 3 1800 507 
 4 7 3 2100 556 
 5 7 3 2400 614 
 6 7 3 2700 676 
 7 7 3 3000 764 
 0 8 3 600 276 
 1 8 3 1200 405 
 2 8 3 1500 472 
 3 8 3 1800 528 
 4 8 3 2100 578 
 5 8 3 2400 634 
 6 8 3 2700 697 
 7 8 3 3000 780 
 random:4T:3000
0 0 4 600 252 
 1 0 4 1200 350 
 2 0 4 1500 393 
 3 0 4 1800 430 
 4 0 4 2100 472 
 5 0 4 2400 498 
 6 0 4 2700 538 
 7 0 4 3000 595 
 0 1 4 600 276 
 1 1 4 1200 394 
 2 1 4 1500 444 
 3 1 4 1800 492 
 4 1 4 2100 535 
 5 1 4 2400 586 
 6 1 4 2700 650 
 7 1 4 3000 732 
 0 2 4 600 267 
 1 2 4 1200 402 
 2 2 4 1500 444 
 3 2 4 1800 481 
 4 2 4 2100 530 
 5 2 4 2400 590 
 6 2 4 2700 660 
 7 2 4 3000 751 
 0 3 4 600 266 
 1 3 4 1200 480 
 2 3 4 1500 592 
 3 3 4 1800 701 
 4 3 4 2100 807 
 5 3 4 2400 931 
 6 3 4 2700 1056 
 7 3 4 3000 1196 
 0 4 4 600 244 
 1 4 4 1200 368 
 2 4 4 1500 418 
 3 4 4 1800 470 
 4 4 4 2100 534 
 5 4 4 2400 593 
 6 4 4 2700 661 
 7 4 4 3000 732 
 0 5 4 600 281 
 1 5 4 1200 385 
 2 5 4 1500 430 
 3 5 4 1800 477 
 4 5 4 2100 531 
 5 5 4 2400 599 
 6 5 4 2700 672 
 7 5 4 3000 764 
 0 6 4 600 278 
 1 6 4 1200 405 
 2 6 4 1500 447 
 3 6 4 1800 489 
 4 6 4 2100 542 
 5 6 4 2400 603 
 6 6 4 2700 675 
 7 6 4 3000 768 
 0 7 4 600 283 
 1 7 4 1200 419 
 2 7 4 1500 458 
 3 7 4 1800 495 
 4 7 4 2100 538 
 5 7 4 2400 589 
 6 7 4 2700 644 
 7 7 4 3000 718 
 0 8 4 600 242 
 1 8 4 1200 378 
 2 8 4 1500 415 
 3 8 4 1800 452 
 4 8 4 2100 498 
 5 8 4 2400 552 
 6 8 4 2700 627 
 7 8 4 3000 722 
 random:5T:3000
0 0 5 600 410 
 1 0 5 1200 599 
 2 0 5 1500 675 
 3 0 5 1800 726 
 4 0 5 2100 759 
 5 0 5 2400 786 
 6 0 5 2700 825 
 7 0 5 3000 859 
 0 1 5 600 417 
 1 1 5 1200 645 
 2 1 5 1500 732 
 3 1 5 1800 802 
 4 1 5 2100 841 
 5 1 5 2400 877 
 6 1 5 2700 925 
 7 1 5 3000 978 
 0 2 5 600 412 
 1 2 5 1200 652 
 2 2 5 1500 725 
 3 2 5 1800 774 
 4 2 5 2100 797 
 5 2 5 2400 819 
 6 2 5 2700 858 
 7 2 5 3000 898 
 0 3 5 600 409 
 1 3 5 1200 715 
 2 3 5 1500 870 
 3 3 5 1800 1022 
 4 3 5 2100 1167 
 5 3 5 2400 1314 
 6 3 5 2700 1462 
 7 3 5 3000 1609 
 0 4 5 600 439 
 1 4 5 1200 660 
 2 4 5 1500 739 
 3 4 5 1800 803 
 4 4 5 2100 853 
 5 4 5 2400 906 
 6 4 5 2700 966 
 7 4 5 3000 1024 
 0 5 5 600 431 
 1 5 5 1200 758 
 2 5 5 1500 889 
 3 5 5 1800 954 
 4 5 5 2100 1001 
 5 5 5 2400 1031 
 6 5 5 2700 1075 
 7 5 5 3000 1134 
 0 6 5 600 406 
 1 6 5 1200 603 
 2 6 5 1500 656 
 3 6 5 1800 702 
 4 6 5 2100 750 
 5 6 5 2400 802 
 6 6 5 2700 872 
 7 6 5 3000 948 
 0 7 5 600 402 
 1 7 5 1200 564 
 2 7 5 1500 612 
 3 7 5 1800 659 
 4 7 5 2100 694 
 5 7 5 2400 731 
 6 7 5 2700 783 
 7 7 5 3000 848 
 0 8 5 600 404 
 1 8 5 1200 614 
 2 8 5 1500 697 
 3 8 5 1800 744 
 4 8 5 2100 770 
 5 8 5 2400 797 
 6 8 5 2700 838 
 7 8 5 3000 878 
 random:6T:3000
0 0 6 600 317 
 1 0 6 1200 392 
 2 0 6 1500 427 
 3 0 6 1800 461 
 4 0 6 2100 486 
 5 0 6 2400 509 
 6 0 6 2700 540 
 7 0 6 3000 599 
 0 1 6 600 324 
 1 1 6 1200 526 
 2 1 6 1500 581 
 3 1 6 1800 616 
 4 1 6 2100 649 
 5 1 6 2400 700 
 6 1 6 2700 749 
 7 1 6 3000 825 
 0 2 6 600 361 
 1 2 6 1200 606 
 2 2 6 1500 683 
 3 2 6 1800 714 
 4 2 6 2100 750 
 5 2 6 2400 796 
 6 2 6 2700 860 
 7 2 6 3000 968 
 0 3 6 600 324 
 1 3 6 1200 551 
 2 3 6 1500 669 
 3 3 6 1800 786 
 4 3 6 2100 908 
 5 3 6 2400 1038 
 6 3 6 2700 1179 
 7 3 6 3000 1355 
 0 4 6 600 327 
 1 4 6 1200 492 
 2 4 6 1500 567 
 3 4 6 1800 623 
 4 4 6 2100 657 
 5 4 6 2400 695 
 6 4 6 2700 745 
 7 4 6 3000 837 
 0 5 6 600 356 
 1 5 6 1200 544 
 2 5 6 1500 634 
 3 5 6 1800 700 
 4 5 6 2100 734 
 5 5 6 2400 786 
 6 5 6 2700 836 
 7 5 6 3000 917 
 0 6 6 600 312 
 1 6 6 1200 409 
 2 6 6 1500 463 
 3 6 6 1800 510 
 4 6 6 2100 563 
 5 6 6 2400 620 
 6 6 6 2700 685 
 7 6 6 3000 788 
 0 7 6 600 321 
 1 7 6 1200 414 
 2 7 6 1500 469 
 3 7 6 1800 526 
 4 7 6 2100 589 
 5 7 6 2400 643 
 6 7 6 2700 705 
 7 7 6 3000 803 
 0 8 6 600 347 
 1 8 6 1200 541 
 2 8 6 1500 604 
 3 8 6 1800 631 
 4 8 6 2100 667 
 5 8 6 2400 707 
 6 8 6 2700 754 
 7 8 6 3000 839 
 random:7T:3000
0 0 7 600 246 
 1 0 7 1200 383 
 2 0 7 1500 448 
 3 0 7 1800 516 
 4 0 7 2100 591 
 5 0 7 2400 672 
 6 0 7 2700 762 
 7 0 7 3000 868 
 0 1 7 600 252 
 1 1 7 1200 392 
 2 1 7 1500 454 
 3 1 7 1800 497 
 4 1 7 2100 546 
 5 1 7 2400 595 
 6 1 7 2700 652 
 7 1 7 3000 725 
 0 2 7 600 253 
 1 2 7 1200 378 
 2 2 7 1500 432 
 3 2 7 1800 472 
 4 2 7 2100 519 
 5 2 7 2400 564 
 6 2 7 2700 615 
 7 2 7 3000 688 
 0 3 7 600 259 
 1 3 7 1200 448 
 2 3 7 1500 543 
 3 3 7 1800 636 
 4 3 7 2100 713 
 5 3 7 2400 775 
 6 3 7 2700 854 
 7 3 7 3000 950 
 0 4 7 600 232 
 1 4 7 1200 366 
 2 4 7 1500 427 
 3 4 7 1800 469 
 4 4 7 2100 515 
 5 4 7 2400 561 
 6 4 7 2700 621 
 7 4 7 3000 696 
 0 5 7 600 271 
 1 5 7 1200 431 
 2 5 7 1500 480 
 3 5 7 1800 524 
 4 5 7 2100 557 
 5 5 7 2400 594 
 6 5 7 2700 638 
 7 5 7 3000 698 
 0 6 7 600 237 
 1 6 7 1200 386 
 2 6 7 1500 432 
 3 6 7 1800 464 
 4 6 7 2100 501 
 5 6 7 2400 541 
 6 6 7 2700 594 
 7 6 7 3000 661 
 0 7 7 600 242 
 1 7 7 1200 370 
 2 7 7 1500 416 
 3 7 7 1800 450 
 4 7 7 2100 488 
 5 7 7 2400 530 
 6 7 7 2700 587 
 7 7 7 3000 649 
 0 8 7 600 256 
 1 8 7 1200 393 
 2 8 7 1500 444 
 3 8 7 1800 483 
 4 8 7 2100 523 
 5 8 7 2400 567 
 6 8 7 2700 627 
 7 8 7 3000 710 
 random:8T:3000
0 0 8 600 173 
 1 0 8 1200 242 
 2 0 8 1500 259 
 3 0 8 1800 282 
 4 0 8 2100 305 
 5 0 8 2400 324 
 6 0 8 2700 343 
 7 0 8 3000 364 
 0 1 8 600 186 
 1 1 8 1200 294 
 2 1 8 1500 326 
 3 1 8 1800 366 
 4 1 8 2100 415 
 5 1 8 2400 460 
 6 1 8 2700 510 
 7 1 8 3000 558 
 0 2 8 600 193 
 1 2 8 1200 287 
 2 2 8 1500 314 
 3 2 8 1800 354 
 4 2 8 2100 402 
 5 2 8 2400 447 
 6 2 8 2700 496 
 7 2 8 3000 553 
 0 3 8 600 200 
 1 3 8 1200 324 
 2 3 8 1500 388 
 3 3 8 1800 458 
 4 3 8 2100 533 
 5 3 8 2400 607 
 6 3 8 2700 690 
 7 3 8 3000 789 
 0 4 8 600 171 
 1 4 8 1200 276 
 2 4 8 1500 328 
 3 4 8 1800 381 
 4 4 8 2100 430 
 5 4 8 2400 475 
 6 4 8 2700 531 
 7 4 8 3000 587 
 0 5 8 600 203 
 1 5 8 1200 317 
 2 5 8 1500 339 
 3 5 8 1800 361 
 4 5 8 2100 387 
 5 5 8 2400 417 
 6 5 8 2700 453 
 7 5 8 3000 500 
 0 6 8 600 168 
 1 6 8 1200 241 
 2 6 8 1500 272 
 3 6 8 1800 307 
 4 6 8 2100 352 
 5 6 8 2400 393 
 6 6 8 2700 446 
 7 6 8 3000 505 
 0 7 8 600 162 
 1 7 8 1200 236 
 2 7 8 1500 276 
 3 7 8 1800 318 
 4 7 8 2100 359 
 5 7 8 2400 399 
 6 7 8 2700 451 
 7 7 8 3000 509 
 0 8 8 600 182 
 1 8 8 1200 261 
 2 8 8 1500 288 
 3 8 8 1800 326 
 4 8 8 2100 370 
 5 8 8 2400 415 
 6 8 8 2700 468 
 7 8 8 3000 529 
 random:9T:3000
0 0 9 600 200 
 1 0 9 1200 234 
 2 0 9 1500 247 
 3 0 9 1800 268 
 4 0 9 2100 292 
 5 0 9 2400 318 
 6 0 9 2700 346 
 7 0 9 3000 366 
 0 1 9 600 218 
 1 1 9 1200 256 
 2 1 9 1500 275 
 3 1 9 1800 301 
 4 1 9 2100 332 
 5 1 9 2400 371 
 6 1 9 2700 418 
 7 1 9 3000 473 
 0 2 9 600 234 
 1 2 9 1200 277 
 2 2 9 1500 295 
 3 2 9 1800 321 
 4 2 9 2100 353 
 5 2 9 2400 403 
 6 2 9 2700 451 
 7 2 9 3000 496 
 0 3 9 600 247 
 1 3 9 1200 376 
 2 3 9 1500 440 
 3 3 9 1800 511 
 4 3 9 2100 587 
 5 3 9 2400 671 
 6 3 9 2700 756 
 7 3 9 3000 841 
 0 4 9 600 229 
 1 4 9 1200 276 
 2 4 9 1500 294 
 3 4 9 1800 320 
 4 4 9 2100 352 
 5 4 9 2400 392 
 6 4 9 2700 433 
 7 4 9 3000 472 
 0 5 9 600 223 
 1 5 9 1200 263 
 2 5 9 1500 280 
 3 5 9 1800 298 
 4 5 9 2100 316 
 5 5 9 2400 347 
 6 5 9 2700 383 
 7 5 9 3000 420 
 0 6 9 600 215 
 1 6 9 1200 260 
 2 6 9 1500 278 
 3 6 9 1800 304 
 4 6 9 2100 336 
 5 6 9 2400 376 
 6 6 9 2700 420 
 7 6 9 3000 470 
 0 7 9 600 233 
 1 7 9 1200 272 
 2 7 9 1500 290 
 3 7 9 1800 316 
 4 7 9 2100 343 
 5 7 9 2400 386 
 6 7 9 2700 431 
 7 7 9 3000 476 
 0 8 9 600 222 
 1 8 9 1200 263 
 2 8 9 1500 282 
 3 8 9 1800 308 
 4 8 9 2100 335 
 5 8 9 2400 371 
 6 8 9 2700 417 
 7 8 9 3000 464 
 