random:0T:3000
0 0 0 600 181 
 1 0 0 1200 220 
 2 0 0 1500 246 
 3 0 0 1800 277 
 4 0 0 2100 317 
 5 0 0 2400 360 
 6 0 0 2700 397 
 7 0 0 3000 435 
 0 1 0 600 225 
 1 1 0 1200 279 
 2 1 0 1500 323 
 3 1 0 1800 376 
 4 1 0 2100 431 
 5 1 0 2400 469 
 6 1 0 2700 503 
 7 1 0 3000 557 
 0 2 0 600 217 
 1 2 0 1200 278 
 2 2 0 1500 321 
 3 2 0 1800 357 
 4 2 0 2100 394 
 5 2 0 2400 432 
 6 2 0 2700 473 
 7 2 0 3000 532 
 0 3 0 600 254 
 1 3 0 1200 407 
 2 3 0 1500 490 
 3 3 0 1800 586 
 4 3 0 2100 691 
 5 3 0 2400 741 
 6 3 0 2700 796 
 7 3 0 3000 865 
 0 4 0 600 235 
 1 4 0 1200 303 
 2 4 0 1500 347 
 3 4 0 1800 400 
 4 4 0 2100 460 
 5 4 0 2400 502 
 6 4 0 2700 539 
 7 4 0 3000 593 
 0 5 0 600 230 
 1 5 0 1200 297 
 2 5 0 1500 341 
 3 5 0 1800 384 
 4 5 0 2100 419 
 5 5 0 2400 465 
 6 5 0 2700 511 
 7 5 0 3000 556 
 0 6 0 600 191 
 1 6 0 1200 235 
 2 6 0 1500 270 
 3 6 0 1800 304 
 4 6 0 2100 339 
 5 6 0 2400 365 
 6 6 0 2700 394 
 7 6 0 3000 443 
 0 7 0 600 188 
 1 7 0 1200 224 
 2 7 0 1500 255 
 3 7 0 1800 285 
 4 7 0 2100 309 
 5 7 0 2400 338 
 6 7 0 2700 365 
 7 7 0 3000 404 
 0 8 0 600 227 
 1 8 0 1200 285 
 2 8 0 1500 335 
 3 8 0 1800 403 
 4 8 0 2100 458 
 5 8 0 2400 508 
 6 8 0 2700 552 
 7 8 0 3000 598 
 random:1T:3000
0 0 1 600 214 
 1 0 1 1200 306 
 2 0 1 1500 329 
 3 0 1 1800 359 
 4 0 1 2100 388 
 5 0 1 2400 416 
 6 0 1 2700 445 
 7 0 1 3000 496 
 0 1 1 600 234 
 1 1 1 1200 353 
 2 1 1 1500 400 
 3 1 1 1800 440 
 4 1 1 2100 479 
 5 1 1 2400 517 
 6 1 1 2700 554 
 7 1 1 3000 612 
 0 2 1 600 231 
 1 2 1 1200 329 
 2 2 1 1500 387 
 3 2 1 1800 452 
 4 2 1 2100 519 
 5 2 1 2400 589 
 6 2 1 2700 648 
 7 2 1 3000 750 
 0 3 1 600 271 
 1 3 1 1200 525 
 2 3 1 1500 663 
 3 3 1 1800 808 
 4 3 1 2100 958 
 5 3 1 2400 1125 
 6 3 1 2700 1257 
 7 3 1 3000 1413 
 0 4 1 600 210 
 1 4 1 1200 324 
 2 4 1 1500 385 
 3 4 1 1800 421 
 4 4 1 2100 460 
 5 4 1 2400 509 
 6 4 1 2700 550 
 7 4 1 3000 628 
 0 5 1 600 282 
 1 5 1 1200 387 
 2 5 1 1500 436 
 3 5 1 1800 476 
 4 5 1 2100 517 
 5 5 1 2400 564 
 6 5 1 2700 598 
 7 5 1 3000 659 
 0 6 1 600 196 
 1 6 1 1200 291 
 2 6 1 1500 331 
 3 6 1 1800 351 
 4 6 1 2100 375 
 5 6 1 2400 417 
 6 6 1 2700 465 
 7 6 1 3000 540 
 0 7 1 600 201 
 1 7 1 1200 315 
 2 7 1 1500 343 
 3 7 1 1800 363 
 4 7 1 2100 382 
 5 7 1 2400 410 
 6 7 1 2700 436 
 7 7 1 3000 497 
 0 8 1 600 229 
 1 8 1 1200 328 
 2 8 1 1500 367 
 3 8 1 1800 407 
 4 8 1 2100 449 
 5 8 1 2400 502 
 6 8 1 2700 558 
 7 8 1 3000 645 
 random:2T:3000
0 0 2 600 92 
 1 0 2 1200 119 
 2 0 2 1500 129 
 3 0 2 1800 141 
 4 0 2 2100 144 
 5 0 2 2400 152 
 6 0 2 2700 177 
 7 0 2 3000 191 
 0 1 2 600 103 
 1 1 2 1200 150 
 2 1 2 1500 170 
 3 1 2 1800 194 
 4 1 2 2100 209 
 5 1 2 2400 217 
 6 1 2 2700 250 
 7 1 2 3000 279 
 0 2 2 600 129 
 1 2 2 1200 170 
 2 2 2 1500 190 
 3 2 2 1800 215 
 4 2 2 2100 239 
 5 2 2 2400 252 
 6 2 2 2700 286 
 7 2 2 3000 311 
 0 3 2 600 138 
 1 3 2 1200 258 
 2 3 2 1500 323 
 3 3 2 1800 392 
 4 3 2 2100 462 
 5 3 2 2400 513 
 6 3 2 2700 571 
 7 3 2 3000 601 
 0 4 2 600 121 
 1 4 2 1200 170 
 2 4 2 1500 190 
 3 4 2 1800 213 
 4 4 2 2100 234 
 5 4 2 2400 246 
 6 4 2 2700 267 
 7 4 2 3000 302 
 0 5 2 600 130 
 1 5 2 1200 190 
 2 5 2 1500 210 
 3 5 2 1800 234 
 4 5 2 2100 253 
 5 5 2 2400 271 
 6 5 2 2700 308 
 7 5 2 3000 338 
 0 6 2 600 106 
 1 6 2 1200 159 
 2 6 2 1500 174 
 3 6 2 1800 192 
 4 6 2 2100 211 
 5 6 2 2400 233 
 6 6 2 2700 270 
 7 6 2 3000 306 
 0 7 2 600 112 
 1 7 2 1200 167 
 2 7 2 1500 177 
 3 7 2 1800 186 
 4 7 2 2100 191 
 5 7 2 2400 199 
 6 7 2 2700 222 
 7 7 2 3000 238 
 0 8 2 600 125 
 1 8 2 1200 166 
 2 8 2 1500 186 
 3 8 2 1800 209 
 4 8 2 2100 232 
 5 8 2 2400 260 
 6 8 2 2700 299 
 7 8 2 3000 345 
 random:3T:3000
0 0 3 600 179 
 1 0 3 1200 224 
 2 0 3 1500 243 
 3 0 3 1800 254 
 4 0 3 2100 267 
 5 0 3 2400 275 
 6 0 3 2700 287 
 7 0 3 3000 318 
 0 1 3 600 198 
 1 1 3 1200 265 
 2 1 3 1500 309 
 3 1 3 1800 345 
 4 1 3 2100 395 
 5 1 3 2400 433 
 6 1 3 2700 465 
 7 1 3 3000 519 
 0 2 3 600 208 
 1 2 3 1200 284 
 2 2 3 1500 330 
 3 2 3 1800 371 
 4 2 3 2100 414 
 5 2 3 2400 465 
 6 2 3 2700 515 
 7 2 3 3000 567 
 0 3 3 600 240 
 1 3 3 1200 434 
 2 3 3 1500 538 
 3 3 3 1800 644 
 4 3 3 2100 742 
 5 3 3 2400 813 
 6 3 3 2700 890 
 7 3 3 3000 991 
 0 4 3 600 201 
 1 4 3 1200 262 
 2 4 3 1500 305 
 3 4 3 1800 339 
 4 4 3 2100 382 
 5 4 3 2400 423 
 6 4 3 2700 470 
 7 4 3 3000 531 
 0 5 3 600 236 
 1 5 3 1200 291 
 2 5 3 1500 333 
 3 5 3 1800 374 
 4 5 3 2100 421 
 5 5 3 2400 461 
 6 5 3 2700 497 
 7 5 3 3000 547 
 0 6 3 600 180 
 1 6 3 1200 241 
 2 6 3 1500 278 
 3 6 3 1800 302 
 4 6 3 2100 329 
 5 6 3 2400 360 
 6 6 3 2700 385 
 7 6 3 3000 437 
 0 7 3 600 183 
 1 7 3 1200 248 
 2 7 3 1500 282 
 3 7 3 1800 304 
 4 7 3 2100 316 
 5 7 3 2400 328 
 6 7 3 2700 346 
 7 7 3 3000 393 
 0 8 3 600 210 
 1 8 3 1200 265 
 2 8 3 1500 310 
 3 8 3 1800 341 
 4 8 3 2100 380 
 5 8 3 2400 418 
 6 8 3 2700 460 
 7 8 3 3000 526 
 random:4T:3000
0 0 4 600 163 
 1 0 4 1200 218 
 2 0 4 1500 229 
 3 0 4 1800 236 
 4 0 4 2100 246 
 5 0 4 2400 258 
 6 0 4 2700 277 
 7 0 4 3000 308 
 0 1 4 600 152 
 1 1 4 1200 207 
 2 1 4 1500 242 
 3 1 4 1800 279 
 4 1 4 2100 322 
 5 1 4 2400 364 
 6 1 4 2700 417 
 7 1 4 3000 474 
 0 2 4 600 199 
 1 2 4 1200 264 
 2 2 4 1500 299 
 3 2 4 1800 336 
 4 2 4 2100 379 
 5 2 4 2400 408 
 6 2 4 2700 442 
 7 2 4 3000 497 
 0 3 4 600 210 
 1 3 4 1200 322 
 2 3 4 1500 362 
 3 3 4 1800 386 
 4 3 4 2100 404 
 5 3 4 2400 425 
 6 3 4 2700 457 
 7 3 4 3000 496 
 0 4 4 600 161 
 1 4 4 1200 215 
 2 4 4 1500 255 
 3 4 4 1800 297 
 4 4 4 2100 337 
 5 4 4 2400 373 
 6 4 4 2700 413 
 7 4 4 3000 468 
 0 5 4 600 189 
 1 5 4 1200 255 
 2 5 4 1500 280 
 3 5 4 1800 307 
 4 5 4 2100 341 
 5 5 4 2400 371 
 6 5 4 2700 413 
 7 5 4 3000 458 
 0 6 4 600 171 
 1 6 4 1200 223 
 2 6 4 1500 239 
 3 6 4 1800 251 
 4 6 4 2100 268 
 5 6 4 2400 285 
 6 6 4 2700 320 
 7 6 4 3000 375 
 0 7 4 600 150 
 1 7 4 1200 220 
 2 7 4 1500 267 
 3 7 4 1800 314 
 4 7 4 2100 365 
 5 7 4 2400 416 
 6 7 4 2700 469 
 7 7 4 3000 533 
 0 8 4 600 199 
 1 8 4 1200 265 
 2 8 4 1500 295 
 3 8 4 1800 327 
 4 8 4 2100 369 
 5 8 4 2400 401 
 6 8 4 2700 440 
 7 8 4 3000 477 
 random:5T:3000
0 0 5 600 308 
 1 0 5 1200 407 
 2 0 5 1500 436 
 3 0 5 1800 465 
 4 0 5 2100 484 
 5 0 5 2400 492 
 6 0 5 2700 506 
 7 0 5 3000 515 
 0 1 5 600 333 
 1 1 5 1200 440 
 2 1 5 1500 466 
 3 1 5 1800 498 
 4 1 5 2100 520 
 5 1 5 2400 542 
 6 1 5 2700 566 
 7 1 5 3000 592 
 0 2 5 600 337 
 1 2 5 1200 435 
 2 2 5 1500 471 
 3 2 5 1800 503 
 4 2 5 2100 533 
 5 2 5 2400 550 
 6 2 5 2700 585 
 7 2 5 3000 602 
 0 3 5 600 339 
 1 3 5 1200 603 
 2 3 5 1500 744 
 3 3 5 1800 877 
 4 3 5 2100 999 
 5 3 5 2400 1116 
 6 3 5 2700 1221 
 7 3 5 3000 1311 
 0 4 5 600 313 
 1 4 5 1200 423 
 2 4 5 1500 472 
 3 4 5 1800 510 
 4 4 5 2100 540 
 5 4 5 2400 562 
 6 4 5 2700 602 
 7 4 5 3000 630 
 0 5 5 600 348 
 1 5 5 1200 473 
 2 5 5 1500 514 
 3 5 5 1800 550 
 4 5 5 2100 582 
 5 5 5 2400 604 
 6 5 5 2700 627 
 7 5 5 3000 651 
 0 6 5 600 295 
 1 6 5 1200 420 
 2 6 5 1500 469 
 3 6 5 1800 504 
 4 6 5 2100 527 
 5 6 5 2400 539 
 6 6 5 2700 569 
 7 6 5 3000 582 
 0 7 5 600 289 
 1 7 5 1200 400 
 2 7 5 1500 447 
 3 7 5 1800 480 
 4 7 5 2100 503 
 5 7 5 2400 522 
 6 7 5 2700 555 
 7 7 5 3000 577 
 0 8 5 600 317 
 1 8 5 1200 442 
 2 8 5 1500 480 
 3 8 5 1800 520 
 4 8 5 2100 557 
 5 8 5 2400 586 
 6 8 5 2700 622 
 7 8 5 3000 640 
 random:6T:3000
0 0 6 600 236 
 1 0 6 1200 280 
 2 0 6 1500 315 
 3 0 6 1800 348 
 4 0 6 2100 369 
 5 0 6 2400 385 
 6 0 6 2700 419 
 7 0 6 3000 448 
 0 1 6 600 237 
 1 1 6 1200 318 
 2 1 6 1500 358 
 3 1 6 1800 400 
 4 1 6 2100 444 
 5 1 6 2400 483 
 6 1 6 2700 548 
 7 1 6 3000 610 
 0 2 6 600 238 
 1 2 6 1200 313 
 2 2 6 1500 353 
 3 2 6 1800 393 
 4 2 6 2100 440 
 5 2 6 2400 490 
 6 2 6 2700 546 
 7 2 6 3000 615 
 0 3 6 600 289 
 1 3 6 1200 475 
 2 3 6 1500 575 
 3 3 6 1800 677 
 4 3 6 2100 784 
 5 3 6 2400 900 
 6 3 6 2700 1051 
 7 3 6 3000 1210 
 0 4 6 600 232 
 1 4 6 1200 312 
 2 4 6 1500 352 
 3 4 6 1800 393 
 4 4 6 2100 440 
 5 4 6 2400 496 
 6 4 6 2700 578 
 7 4 6 3000 657 
 0 5 6 600 268 
 1 5 6 1200 383 
 2 5 6 1500 423 
 3 5 6 1800 460 
 4 5 6 2100 497 
 5 5 6 2400 547 
 6 5 6 2700 609 
 7 5 6 3000 675 
 0 6 6 600 229 
 1 6 6 1200 308 
 2 6 6 1500 343 
 3 6 6 1800 360 
 4 6 6 2100 384 
 5 6 6 2400 430 
 6 6 6 2700 506 
 7 6 6 3000 587 
 0 7 6 600 247 
 1 7 6 1200 327 
 2 7 6 1500 367 
 3 7 6 1800 409 
 4 7 6 2100 450 
 5 7 6 2400 485 
 6 7 6 2700 548 
 7 7 6 3000 613 
 0 8 6 600 249 
 1 8 6 1200 323 
 2 8 6 1500 368 
 3 8 6 1800 413 
 4 8 6 2100 454 
 5 8 6 2400 499 
 6 8 6 2700 576 
 7 8 6 3000 649 
 random:7T:3000
0 0 7 600 144 
 1 0 7 1200 177 
 2 0 7 1500 190 
 3 0 7 1800 203 
 4 0 7 2100 212 
 5 0 7 2400 217 
 6 0 7 2700 227 
 7 0 7 3000 251 
 0 1 7 600 181 
 1 1 7 1200 237 
 2 1 7 1500 265 
 3 1 7 1800 293 
 4 1 7 2100 316 
 5 1 7 2400 334 
 6 1 7 2700 361 
 7 1 7 3000 404 
 0 2 7 600 178 
 1 2 7 1200 241 
 2 2 7 1500 272 
 3 2 7 1800 305 
 4 2 7 2100 339 
 5 2 7 2400 366 
 6 2 7 2700 394 
 7 2 7 3000 435 
 0 3 7 600 205 
 1 3 7 1200 329 
 2 3 7 1500 408 
 3 3 7 1800 489 
 4 3 7 2100 572 
 5 3 7 2400 651 
 6 3 7 2700 716 
 7 3 7 3000 793 
 0 4 7 600 161 
 1 4 7 1200 211 
 2 4 7 1500 232 
 3 4 7 1800 255 
 4 4 7 2100 275 
 5 4 7 2400 300 
 6 4 7 2700 331 
 7 4 7 3000 372 
 0 5 7 600 194 
 1 5 7 1200 258 
 2 5 7 1500 287 
 3 5 7 1800 315 
 4 5 7 2100 344 
 5 5 7 2400 366 
 6 5 7 2700 389 
 7 5 7 3000 434 
 0 6 7 600 148 
 1 6 7 1200 198 
 2 6 7 1500 222 
 3 6 7 1800 250 
 4 6 7 2100 276 
 5 6 7 2400 305 
 6 6 7 2700 346 
 7 6 7 3000 385 
 0 7 7 600 163 
 1 7 7 1200 217 
 2 7 7 1500 233 
 3 7 7 1800 244 
 4 7 7 2100 252 
 5 7 7 2400 262 
 6 7 7 2700 285 
 7 7 7 3000 323 
 0 8 7 600 179 
 1 8 7 1200 236 
 2 8 7 1500 275 
 3 8 7 1800 318 
 4 8 7 2100 361 
 5 8 7 2400 395 
 6 8 7 2700 435 
 7 8 7 3000 476 
 random:8T:3000
0 0 8 600 125 
 1 0 8 1200 155 
 2 0 8 1500 165 
 3 0 8 1800 180 
 4 0 8 2100 190 
 5 0 8 2400 200 
 6 0 8 2700 211 
 7 0 8 3000 220 
 0 1 8 600 147 
 1 1 8 1200 213 
 2 1 8 1500 243 
 3 1 8 1800 280 
 4 1 8 2100 322 
 5 1 8 2400 357 
 6 1 8 2700 399 
 7 1 8 3000 433 
 0 2 8 600 145 
 1 2 8 1200 215 
 2 2 8 1500 250 
 3 2 8 1800 290 
 4 2 8 2100 332 
 5 2 8 2400 364 
 6 2 8 2700 397 
 7 2 8 3000 422 
 0 3 8 600 187 
 1 3 8 1200 313 
 2 3 8 1500 370 
 3 3 8 1800 440 
 4 3 8 2100 508 
 5 3 8 2400 564 
 6 3 8 2700 622 
 7 3 8 3000 671 
 0 4 8 600 146 
 1 4 8 1200 212 
 2 4 8 1500 243 
 3 4 8 1800 283 
 4 4 8 2100 322 
 5 4 8 2400 357 
 6 4 8 2700 405 
 7 4 8 3000 436 
 0 5 8 600 169 
 1 5 8 1200 234 
 2 5 8 1500 261 
 3 5 8 1800 293 
 4 5 8 2100 324 
 5 5 8 2400 349 
 6 5 8 2700 372 
 7 5 8 3000 400 
 0 6 8 600 128 
 1 6 8 1200 176 
 2 6 8 1500 186 
 3 6 8 1800 200 
 4 6 8 2100 216 
 5 6 8 2400 236 
 6 6 8 2700 256 
 7 6 8 3000 269 
 0 7 8 600 128 
 1 7 8 1200 173 
 2 7 8 1500 182 
 3 7 8 1800 195 
 4 7 8 2100 203 
 5 7 8 2400 213 
 6 7 8 2700 234 
 7 7 8 3000 268 
 0 8 8 600 170 
 1 8 8 1200 240 
 2 8 8 1500 272 
 3 8 8 1800 306 
 4 8 8 2100 334 
 5 8 8 2400 364 
 6 8 8 2700 401 
 7 8 8 3000 438 
 random:9T:3000
0 0 9 600 161 
 1 0 9 1200 186 
 2 0 9 1500 199 
 3 0 9 1800 220 
 4 0 9 2100 227 
 5 0 9 2400 238 
 6 0 9 2700 255 
 7 0 9 3000 268 
 0 1 9 600 200 
 1 1 9 1200 236 
 2 1 9 1500 253 
 3 1 9 1800 271 
 4 1 9 2100 293 
 5 1 9 2400 308 
 6 1 9 2700 331 
 7 1 9 3000 361 
 0 2 9 600 172 
 1 2 9 1200 205 
 2 2 9 1500 223 
 3 2 9 1800 249 
 4 2 9 2100 277 
 5 2 9 2400 308 
 6 2 9 2700 345 
 7 2 9 3000 370 
 0 3 9 600 189 
 1 3 9 1200 271 
 2 3 9 1500 308 
 3 3 9 1800 349 
 4 3 9 2100 395 
 5 3 9 2400 445 
 6 3 9 2700 502 
 7 3 9 3000 545 
 0 4 9 600 178 
 1 4 9 1200 221 
 2 4 9 1500 234 
 3 4 9 1800 255 
 4 4 9 2100 280 
 5 4 9 2400 306 
 6 4 9 2700 343 
 7 4 9 3000 364 
 0 5 9 600 179 
 1 5 9 1200 206 
 2 5 9 1500 219 
 3 5 9 1800 240 
 4 5 9 2100 258 
 5 5 9 2400 279 
 6 5 9 2700 316 
 7 5 9 3000 331 
 0 6 9 600 165 
 1 6 9 1200 191 
 2 6 9 1500 204 
 3 6 9 1800 225 
 4 6 9 2100 246 
 5 6 9 2400 267 
 6 6 9 2700 299 
 7 6 9 3000 333 
 0 7 9 600 168 
 1 7 9 1200 198 
 2 7 9 1500 216 
 3 7 9 1800 242 
 4 7 9 2100 265 
 5 7 9 2400 290 
 6 7 9 2700 322 
 7 7 9 3000 351 
 0 8 9 600 189 
 1 8 9 1200 229 
 2 8 9 1500 246 
 3 8 9 1800 267 
 4 8 9 2100 289 
 5 8 9 2400 320 
 6 8 9 2700 355 
 7 8 9 3000 383 
 