random:0T:3000
0 0 0 600 118 
 1 0 0 1200 136 
 2 0 0 1500 166 
 3 0 0 1800 190 
 4 0 0 2100 213 
 5 0 0 2400 247 
 6 0 0 2700 263 
 7 0 0 3000 290 
 0 1 0 600 126 
 1 1 0 1200 144 
 2 1 0 1500 174 
 3 1 0 1800 209 
 4 1 0 2100 247 
 5 1 0 2400 297 
 6 1 0 2700 340 
 7 1 0 3000 386 
 0 2 0 600 118 
 1 2 0 1200 139 
 2 2 0 1500 169 
 3 2 0 1800 205 
 4 2 0 2100 238 
 5 2 0 2400 274 
 6 2 0 2700 289 
 7 2 0 3000 311 
 0 3 0 600 165 
 1 3 0 1200 227 
 2 3 0 1500 267 
 3 3 0 1800 317 
 4 3 0 2100 350 
 5 3 0 2400 379 
 6 3 0 2700 404 
 7 3 0 3000 436 
 0 4 0 600 126 
 1 4 0 1200 144 
 2 4 0 1500 172 
 3 4 0 1800 202 
 4 4 0 2100 235 
 5 4 0 2400 280 
 6 4 0 2700 320 
 7 4 0 3000 367 
 0 5 0 600 154 
 1 5 0 1200 182 
 2 5 0 1500 212 
 3 5 0 1800 252 
 4 5 0 2100 289 
 5 5 0 2400 328 
 6 5 0 2700 360 
 7 5 0 3000 372 
 0 6 0 600 118 
 1 6 0 1200 134 
 2 6 0 1500 154 
 3 6 0 1800 180 
 4 6 0 2100 208 
 5 6 0 2400 227 
 6 6 0 2700 240 
 7 6 0 3000 257 
 0 7 0 600 107 
 1 7 0 1200 126 
 2 7 0 1500 156 
 3 7 0 1800 192 
 4 7 0 2100 230 
 5 7 0 2400 282 
 6 7 0 2700 329 
 7 7 0 3000 377 
 0 8 0 600 124 
 1 8 0 1200 143 
 2 8 0 1500 169 
 3 8 0 1800 199 
 4 8 0 2100 232 
 5 8 0 2400 278 
 6 8 0 2700 320 
 7 8 0 3000 372 
 random:1T:3000
0 0 1 600 135 
 1 0 1 1200 182 
 2 0 1 1500 211 
 3 0 1 1800 242 
 4 0 1 2100 256 
 5 0 1 2400 264 
 6 0 1 2700 295 
 7 0 1 3000 318 
 0 1 1 600 142 
 1 1 1 1200 211 
 2 1 1 1500 262 
 3 1 1 1800 306 
 4 1 1 2100 339 
 5 1 1 2400 374 
 6 1 1 2700 432 
 7 1 1 3000 478 
 0 2 1 600 136 
 1 2 1 1200 207 
 2 2 1 1500 243 
 3 2 1 1800 284 
 4 2 1 2100 307 
 5 2 1 2400 342 
 6 2 1 2700 398 
 7 2 1 3000 444 
 0 3 1 600 193 
 1 3 1 1200 370 
 2 3 1 1500 473 
 3 3 1 1800 579 
 4 3 1 2100 692 
 5 3 1 2400 809 
 6 3 1 2700 949 
 7 3 1 3000 1098 
 0 4 1 600 138 
 1 4 1 1200 207 
 2 4 1 1500 228 
 3 4 1 1800 254 
 4 4 1 2100 283 
 5 4 1 2400 323 
 6 4 1 2700 378 
 7 4 1 3000 437 
 0 5 1 600 161 
 1 5 1 1200 236 
 2 5 1 1500 271 
 3 5 1 1800 307 
 4 5 1 2100 334 
 5 5 1 2400 369 
 6 5 1 2700 428 
 7 5 1 3000 493 
 0 6 1 600 140 
 1 6 1 1200 204 
 2 6 1 1500 255 
 3 6 1 1800 311 
 4 6 1 2100 360 
 5 6 1 2400 409 
 6 6 1 2700 485 
 7 6 1 3000 579 
 0 7 1 600 146 
 1 7 1 1200 209 
 2 7 1 1500 260 
 3 7 1 1800 316 
 4 7 1 2100 357 
 5 7 1 2400 394 
 6 7 1 2700 443 
 7 7 1 3000 485 
 0 8 1 600 184 
 1 8 1 1200 261 
 2 8 1 1500 307 
 3 8 1 1800 358 
 4 8 1 2100 410 
 5 8 1 2400 468 
 6 8 1 2700 549 
 7 8 1 3000 627 
 random:2T:3000
0 0 2 600 80 
 1 0 2 1200 106 
 2 0 2 1500 116 
 3 0 2 1800 126 
 4 0 2 2100 134 
 5 0 2 2400 140 
 6 0 2 2700 152 
 7 0 2 3000 166 
 0 1 2 600 96 
 1 1 2 1200 125 
 2 1 2 1500 145 
 3 1 2 1800 165 
 4 1 2 2100 185 
 5 1 2 2400 206 
 6 1 2 2700 241 
 7 1 2 3000 286 
 0 2 2 600 100 
 1 2 2 1200 151 
 2 2 2 1500 166 
 3 2 2 1800 181 
 4 2 2 2100 196 
 5 2 2 2400 218 
 6 2 2 2700 240 
 7 2 2 3000 278 
 0 3 2 600 100 
 1 3 2 1200 207 
 2 3 2 1500 267 
 3 3 2 1800 327 
 4 3 2 2100 389 
 5 3 2 2400 454 
 6 3 2 2700 531 
 7 3 2 3000 598 
 0 4 2 600 96 
 1 4 2 1200 125 
 2 4 2 1500 145 
 3 4 2 1800 165 
 4 4 2 2100 185 
 5 4 2 2400 205 
 6 4 2 2700 236 
 7 4 2 3000 277 
 0 5 2 600 109 
 1 5 2 1200 176 
 2 5 2 1500 191 
 3 5 2 1800 206 
 4 5 2 2100 224 
 5 5 2 2400 239 
 6 5 2 2700 262 
 7 5 2 3000 297 
 0 6 2 600 78 
 1 6 2 1200 92 
 2 6 2 1500 102 
 3 6 2 1800 112 
 4 6 2 2100 128 
 5 6 2 2400 145 
 6 6 2 2700 167 
 7 6 2 3000 203 
 0 7 2 600 82 
 1 7 2 1200 115 
 2 7 2 1500 130 
 3 7 2 1800 145 
 4 7 2 2100 154 
 5 7 2 2400 157 
 6 7 2 2700 174 
 7 7 2 3000 205 
 0 8 2 600 96 
 1 8 2 1200 113 
 2 8 2 1500 123 
 3 8 2 1800 133 
 4 8 2 2100 147 
 5 8 2 2400 162 
 6 8 2 2700 187 
 7 8 2 3000 216 
 random:3T:3000
0 0 3 600 149 
 1 0 3 1200 184 
 2 0 3 1500 196 
 3 0 3 1800 213 
 4 0 3 2100 234 
 5 0 3 2400 251 
 6 0 3 2700 257 
 7 0 3 3000 262 
 0 1 3 600 186 
 1 1 3 1200 225 
 2 1 3 1500 248 
 3 1 3 1800 275 
 4 1 3 2100 305 
 5 1 3 2400 339 
 6 1 3 2700 366 
 7 1 3 3000 396 
 0 2 3 600 199 
 1 2 3 1200 259 
 2 2 3 1500 287 
 3 2 3 1800 312 
 4 2 3 2100 334 
 5 2 3 2400 364 
 6 2 3 2700 399 
 7 2 3 3000 409 
 0 3 3 600 249 
 1 3 3 1200 442 
 2 3 3 1500 534 
 3 3 3 1800 631 
 4 3 3 2100 733 
 5 3 3 2400 837 
 6 3 3 2700 939 
 7 3 3 3000 1020 
 0 4 3 600 185 
 1 4 3 1200 218 
 2 4 3 1500 240 
 3 4 3 1800 264 
 4 4 3 2100 286 
 5 4 3 2400 315 
 6 4 3 2700 346 
 7 4 3 3000 362 
 0 5 3 600 241 
 1 5 3 1200 292 
 2 5 3 1500 314 
 3 5 3 1800 341 
 4 5 3 2100 371 
 5 5 3 2400 397 
 6 5 3 2700 417 
 7 5 3 3000 442 
 0 6 3 600 154 
 1 6 3 1200 193 
 2 6 3 1500 215 
 3 6 3 1800 242 
 4 6 3 2100 268 
 5 6 3 2400 297 
 6 6 3 2700 327 
 7 6 3 3000 362 
 0 7 3 600 160 
 1 7 3 1200 203 
 2 7 3 1500 230 
 3 7 3 1800 262 
 4 7 3 2100 293 
 5 7 3 2400 324 
 6 7 3 2700 345 
 7 7 3 3000 365 
 0 8 3 600 204 
 1 8 3 1200 261 
 2 8 3 1500 278 
 3 8 3 1800 300 
 4 8 3 2100 327 
 5 8 3 2400 350 
 6 8 3 2700 370 
 7 8 3 3000 395 
 random:4T:3000
0 0 4 600 99 
 1 0 4 1200 157 
 2 0 4 1500 200 
 3 0 4 1800 245 
 4 0 4 2100 287 
 5 0 4 2400 297 
 6 0 4 2700 309 
 7 0 4 3000 325 
 0 1 4 600 114 
 1 1 4 1200 167 
 2 1 4 1500 190 
 3 1 4 1800 215 
 4 1 4 2100 243 
 5 1 4 2400 279 
 6 1 4 2700 313 
 7 1 4 3000 350 
 0 2 4 600 125 
 1 2 4 1200 181 
 2 2 4 1500 214 
 3 2 4 1800 249 
 4 2 4 2100 281 
 5 2 4 2400 310 
 6 2 4 2700 323 
 7 2 4 3000 345 
 0 3 4 600 170 
 1 3 4 1200 319 
 2 3 4 1500 407 
 3 3 4 1800 497 
 4 3 4 2100 584 
 5 3 4 2400 676 
 6 3 4 2700 759 
 7 3 4 3000 843 
 0 4 4 600 120 
 1 4 4 1200 180 
 2 4 4 1500 214 
 3 4 4 1800 244 
 4 4 4 2100 271 
 5 4 4 2400 303 
 6 4 4 2700 338 
 7 4 4 3000 382 
 0 5 4 600 139 
 1 5 4 1200 194 
 2 5 4 1500 232 
 3 5 4 1800 272 
 4 5 4 2100 309 
 5 5 4 2400 346 
 6 5 4 2700 389 
 7 5 4 3000 428 
 0 6 4 600 107 
 1 6 4 1200 169 
 2 6 4 1500 212 
 3 6 4 1800 257 
 4 6 4 2100 299 
 5 6 4 2400 336 
 6 6 4 2700 373 
 7 6 4 3000 407 
 0 7 4 600 104 
 1 7 4 1200 159 
 2 7 4 1500 193 
 3 7 4 1800 223 
 4 7 4 2100 250 
 5 7 4 2400 280 
 6 7 4 2700 315 
 7 7 4 3000 358 
 0 8 4 600 125 
 1 8 4 1200 189 
 2 8 4 1500 232 
 3 8 4 1800 277 
 4 8 4 2100 319 
 5 8 4 2400 364 
 6 8 4 2700 413 
 7 8 4 3000 457 
 random:5T:3000
0 0 5 600 188 
 1 0 5 1200 232 
 2 0 5 1500 261 
 3 0 5 1800 291 
 4 0 5 2100 318 
 5 0 5 2400 334 
 6 0 5 2700 343 
 7 0 5 3000 365 
 0 1 5 600 231 
 1 1 5 1200 315 
 2 1 5 1500 348 
 3 1 5 1800 371 
 4 1 5 2100 394 
 5 1 5 2400 424 
 6 1 5 2700 454 
 7 1 5 3000 493 
 0 2 5 600 253 
 1 2 5 1200 339 
 2 2 5 1500 378 
 3 2 5 1800 403 
 4 2 5 2100 428 
 5 2 5 2400 458 
 6 2 5 2700 478 
 7 2 5 3000 521 
 0 3 5 600 266 
 1 3 5 1200 444 
 2 3 5 1500 538 
 3 3 5 1800 633 
 4 3 5 2100 731 
 5 3 5 2400 836 
 6 3 5 2700 945 
 7 3 5 3000 1067 
 0 4 5 600 239 
 1 4 5 1200 322 
 2 4 5 1500 344 
 3 4 5 1800 364 
 4 4 5 2100 387 
 5 4 5 2400 417 
 6 4 5 2700 447 
 7 4 5 3000 498 
 0 5 5 600 249 
 1 5 5 1200 308 
 2 5 5 1500 332 
 3 5 5 1800 357 
 4 5 5 2100 379 
 5 5 5 2400 392 
 6 5 5 2700 408 
 7 5 5 3000 443 
 0 6 5 600 206 
 1 6 5 1200 274 
 2 6 5 1500 298 
 3 6 5 1800 323 
 4 6 5 2100 345 
 5 6 5 2400 370 
 6 6 5 2700 402 
 7 6 5 3000 453 
 0 7 5 600 196 
 1 7 5 1200 276 
 2 7 5 1500 294 
 3 7 5 1800 313 
 4 7 5 2100 330 
 5 7 5 2400 336 
 6 7 5 2700 346 
 7 7 5 3000 378 
 0 8 5 600 221 
 1 8 5 1200 279 
 2 8 5 1500 298 
 3 8 5 1800 318 
 4 8 5 2100 335 
 5 8 5 2400 351 
 6 8 5 2700 375 
 7 8 5 3000 420 
 random:6T:3000
0 0 6 600 189 
 1 0 6 1200 251 
 2 0 6 1500 271 
 3 0 6 1800 285 
 4 0 6 2100 297 
 5 0 6 2400 320 
 6 0 6 2700 345 
 7 0 6 3000 372 
 0 1 6 600 230 
 1 1 6 1200 334 
 2 1 6 1500 386 
 3 1 6 1800 439 
 4 1 6 2100 492 
 5 1 6 2400 550 
 6 1 6 2700 612 
 7 1 6 3000 670 
 0 2 6 600 230 
 1 2 6 1200 336 
 2 2 6 1500 386 
 3 2 6 1800 441 
 4 2 6 2100 496 
 5 2 6 2400 567 
 6 2 6 2700 636 
 7 2 6 3000 693 
 0 3 6 600 248 
 1 3 6 1200 407 
 2 3 6 1500 487 
 3 3 6 1800 567 
 4 3 6 2100 653 
 5 3 6 2400 761 
 6 3 6 2700 851 
 7 3 6 3000 954 
 0 4 6 600 229 
 1 4 6 1200 329 
 2 4 6 1500 384 
 3 4 6 1800 437 
 4 4 6 2100 492 
 5 4 6 2400 560 
 6 4 6 2700 618 
 7 4 6 3000 681 
 0 5 6 600 231 
 1 5 6 1200 295 
 2 5 6 1500 330 
 3 5 6 1800 365 
 4 5 6 2100 400 
 5 5 6 2400 446 
 6 5 6 2700 488 
 7 5 6 3000 547 
 0 6 6 600 190 
 1 6 6 1200 284 
 2 6 6 1500 341 
 3 6 6 1800 380 
 4 6 6 2100 421 
 5 6 6 2400 481 
 6 6 6 2700 535 
 7 6 6 3000 599 
 0 7 6 600 178 
 1 7 6 1200 258 
 2 7 6 1500 313 
 3 7 6 1800 365 
 4 7 6 2100 409 
 5 7 6 2400 469 
 6 7 6 2700 526 
 7 7 6 3000 585 
 0 8 6 600 233 
 1 8 6 1200 337 
 2 8 6 1500 387 
 3 8 6 1800 439 
 4 8 6 2100 494 
 5 8 6 2400 567 
 6 8 6 2700 632 
 7 8 6 3000 694 
 random:7T:3000
0 0 7 600 153 
 1 0 7 1200 185 
 2 0 7 1500 211 
 3 0 7 1800 244 
 4 0 7 2100 276 
 5 0 7 2400 302 
 6 0 7 2700 313 
 7 0 7 3000 317 
 0 1 7 600 165 
 1 1 7 1200 216 
 2 1 7 1500 232 
 3 1 7 1800 255 
 4 1 7 2100 277 
 5 1 7 2400 303 
 6 1 7 2700 326 
 7 1 7 3000 336 
 0 2 7 600 180 
 1 2 7 1200 249 
 2 2 7 1500 276 
 3 2 7 1800 304 
 4 2 7 2100 326 
 5 2 7 2400 354 
 6 2 7 2700 379 
 7 2 7 3000 393 
 0 3 7 600 199 
 1 3 7 1200 307 
 2 3 7 1500 373 
 3 3 7 1800 445 
 4 3 7 2100 517 
 5 3 7 2400 537 
 6 3 7 2700 549 
 7 3 7 3000 564 
 0 4 7 600 165 
 1 4 7 1200 226 
 2 4 7 1500 259 
 3 4 7 1800 283 
 4 4 7 2100 305 
 5 4 7 2400 320 
 6 4 7 2700 343 
 7 4 7 3000 350 
 0 5 7 600 172 
 1 5 7 1200 214 
 2 5 7 1500 240 
 3 5 7 1800 269 
 4 5 7 2100 289 
 5 5 7 2400 309 
 6 5 7 2700 337 
 7 5 7 3000 372 
 0 6 7 600 157 
 1 6 7 1200 213 
 2 6 7 1500 223 
 3 6 7 1800 235 
 4 6 7 2100 246 
 5 6 7 2400 261 
 6 6 7 2700 275 
 7 6 7 3000 285 
 0 7 7 600 159 
 1 7 7 1200 229 
 2 7 7 1500 265 
 3 7 7 1800 282 
 4 7 7 2100 290 
 5 7 7 2400 295 
 6 7 7 2700 308 
 7 7 7 3000 323 
 0 8 7 600 164 
 1 8 7 1200 231 
 2 8 7 1500 277 
 3 8 7 1800 316 
 4 8 7 2100 345 
 5 8 7 2400 370 
 6 8 7 2700 403 
 7 8 7 3000 441 
 random:8T:3000
0 0 8 600 135 
 1 0 8 1200 160 
 2 0 8 1500 172 
 3 0 8 1800 187 
 4 0 8 2100 205 
 5 0 8 2400 217 
 6 0 8 2700 230 
 7 0 8 3000 242 
 0 1 8 600 150 
 1 1 8 1200 188 
 2 1 8 1500 210 
 3 1 8 1800 235 
 4 1 8 2100 263 
 5 1 8 2400 287 
 6 1 8 2700 319 
 7 1 8 3000 357 
 0 2 8 600 143 
 1 2 8 1200 180 
 2 2 8 1500 202 
 3 2 8 1800 227 
 4 2 8 2100 251 
 5 2 8 2400 276 
 6 2 8 2700 304 
 7 2 8 3000 341 
 0 3 8 600 160 
 1 3 8 1200 263 
 2 3 8 1500 315 
 3 3 8 1800 370 
 4 3 8 2100 424 
 5 3 8 2400 479 
 6 3 8 2700 517 
 7 3 8 3000 544 
 0 4 8 600 159 
 1 4 8 1200 196 
 2 4 8 1500 213 
 3 4 8 1800 233 
 4 4 8 2100 256 
 5 4 8 2400 286 
 6 4 8 2700 320 
 7 4 8 3000 357 
 0 5 8 600 170 
 1 5 8 1200 200 
 2 5 8 1500 217 
 3 5 8 1800 237 
 4 5 8 2100 258 
 5 5 8 2400 278 
 6 5 8 2700 296 
 7 5 8 3000 323 
 0 6 8 600 122 
 1 6 8 1200 155 
 2 6 8 1500 172 
 3 6 8 1800 192 
 4 6 8 2100 211 
 5 6 8 2400 227 
 6 6 8 2700 249 
 7 6 8 3000 276 
 0 7 8 600 120 
 1 7 8 1200 152 
 2 7 8 1500 169 
 3 7 8 1800 189 
 4 7 8 2100 212 
 5 7 8 2400 230 
 6 7 8 2700 254 
 7 7 8 3000 277 
 0 8 8 600 141 
 1 8 8 1200 180 
 2 8 8 1500 202 
 3 8 8 1800 227 
 4 8 8 2100 254 
 5 8 8 2400 280 
 6 8 8 2700 317 
 7 8 8 3000 355 
 random:9T:3000
0 0 9 600 140 
 1 0 9 1200 159 
 2 0 9 1500 163 
 3 0 9 1800 168 
 4 0 9 2100 181 
 5 0 9 2400 185 
 6 0 9 2700 196 
 7 0 9 3000 201 
 0 1 9 600 143 
 1 1 9 1200 162 
 2 1 9 1500 175 
 3 1 9 1800 190 
 4 1 9 2100 208 
 5 1 9 2400 215 
 6 1 9 2700 231 
 7 1 9 3000 248 
 0 2 9 600 147 
 1 2 9 1200 167 
 2 2 9 1500 180 
 3 2 9 1800 195 
 4 2 9 2100 221 
 5 2 9 2400 245 
 6 2 9 2700 276 
 7 2 9 3000 316 
 0 3 9 600 165 
 1 3 9 1200 219 
 2 3 9 1500 239 
 3 3 9 1800 262 
 4 3 9 2100 293 
 5 3 9 2400 315 
 6 3 9 2700 330 
 7 3 9 3000 345 
 0 4 9 600 142 
 1 4 9 1200 167 
 2 4 9 1500 181 
 3 4 9 1800 194 
 4 4 9 2100 215 
 5 4 9 2400 230 
 6 4 9 2700 241 
 7 4 9 3000 259 
 0 5 9 600 156 
 1 5 9 1200 174 
 2 5 9 1500 187 
 3 5 9 1800 202 
 4 5 9 2100 228 
 5 5 9 2400 259 
 6 5 9 2700 287 
 7 5 9 3000 307 
 0 6 9 600 146 
 1 6 9 1200 175 
 2 6 9 1500 188 
 3 6 9 1800 198 
 4 6 9 2100 219 
 5 6 9 2400 245 
 6 6 9 2700 272 
 7 6 9 3000 295 
 0 7 9 600 145 
 1 7 9 1200 171 
 2 7 9 1500 183 
 3 7 9 1800 198 
 4 7 9 2100 224 
 5 7 9 2400 245 
 6 7 9 2700 271 
 7 7 9 3000 301 
 0 8 9 600 144 
 1 8 9 1200 165 
 2 8 9 1500 179 
 3 8 9 1800 194 
 4 8 9 2100 219 
 5 8 9 2400 241 
 6 8 9 2700 270 
 7 8 9 3000 292 
 