random:0T:3000
0 0 0 600 121 
 1 0 0 1200 133 
 2 0 0 1500 158 
 3 0 0 1800 178 
 4 0 0 2100 201 
 5 0 0 2400 233 
 6 0 0 2700 246 
 7 0 0 3000 263 
 0 1 0 600 123 
 1 1 0 1200 143 
 2 1 0 1500 170 
 3 1 0 1800 195 
 4 1 0 2100 223 
 5 1 0 2400 258 
 6 1 0 2700 284 
 7 1 0 3000 321 
 0 2 0 600 131 
 1 2 0 1200 150 
 2 2 0 1500 178 
 3 2 0 1800 213 
 4 2 0 2100 251 
 5 2 0 2400 296 
 6 2 0 2700 325 
 7 2 0 3000 357 
 0 3 0 600 154 
 1 3 0 1200 232 
 2 3 0 1500 292 
 3 3 0 1800 326 
 4 3 0 2100 339 
 5 3 0 2400 354 
 6 3 0 2700 362 
 7 3 0 3000 379 
 0 4 0 600 121 
 1 4 0 1200 141 
 2 4 0 1500 165 
 3 4 0 1800 190 
 4 4 0 2100 218 
 5 4 0 2400 254 
 6 4 0 2700 285 
 7 4 0 3000 327 
 0 5 0 600 130 
 1 5 0 1200 142 
 2 5 0 1500 165 
 3 5 0 1800 195 
 4 5 0 2100 228 
 5 5 0 2400 270 
 6 5 0 2700 301 
 7 5 0 3000 343 
 0 6 0 600 114 
 1 6 0 1200 132 
 2 6 0 1500 155 
 3 6 0 1800 180 
 4 6 0 2100 208 
 5 6 0 2400 245 
 6 6 0 2700 275 
 7 6 0 3000 312 
 0 7 0 600 113 
 1 7 0 1200 140 
 2 7 0 1500 167 
 3 7 0 1800 172 
 4 7 0 2100 180 
 5 7 0 2400 184 
 6 7 0 2700 187 
 7 7 0 3000 199 
 0 8 0 600 124 
 1 8 0 1200 141 
 2 8 0 1500 171 
 3 8 0 1800 206 
 4 8 0 2100 244 
 5 8 0 2400 263 
 6 8 0 2700 278 
 7 8 0 3000 300 
 random:1T:3000
0 0 1 600 122 
 1 0 1 1200 166 
 2 0 1 1500 207 
 3 0 1 1800 253 
 4 0 1 2100 288 
 5 0 1 2400 313 
 6 0 1 2700 346 
 7 0 1 3000 375 
 0 1 1 600 141 
 1 1 1 1200 211 
 2 1 1 1500 257 
 3 1 1 1800 288 
 4 1 1 2100 320 
 5 1 1 2400 356 
 6 1 1 2700 400 
 7 1 1 3000 430 
 0 2 1 600 143 
 1 2 1 1200 218 
 2 2 1 1500 251 
 3 2 1 1800 287 
 4 2 1 2100 324 
 5 2 1 2400 358 
 6 2 1 2700 402 
 7 2 1 3000 455 
 0 3 1 600 183 
 1 3 1 1200 350 
 2 3 1 1500 456 
 3 3 1 1800 567 
 4 3 1 2100 679 
 5 3 1 2400 750 
 6 3 1 2700 847 
 7 3 1 3000 948 
 0 4 1 600 144 
 1 4 1 1200 219 
 2 4 1 1500 260 
 3 4 1 1800 286 
 4 4 1 2100 313 
 5 4 1 2400 330 
 6 4 1 2700 363 
 7 4 1 3000 391 
 0 5 1 600 154 
 1 5 1 1200 255 
 2 5 1 1500 292 
 3 5 1 1800 328 
 4 5 1 2100 354 
 5 5 1 2400 384 
 6 5 1 2700 440 
 7 5 1 3000 491 
 0 6 1 600 121 
 1 6 1 1200 188 
 2 6 1 1500 209 
 3 6 1 1800 227 
 4 6 1 2100 244 
 5 6 1 2400 264 
 6 6 1 2700 298 
 7 6 1 3000 332 
 0 7 1 600 123 
 1 7 1 1200 200 
 2 7 1 1500 239 
 3 7 1 1800 275 
 4 7 1 2100 280 
 5 7 1 2400 289 
 6 7 1 2700 316 
 7 7 1 3000 345 
 0 8 1 600 151 
 1 8 1 1200 225 
 2 8 1 1500 276 
 3 8 1 1800 332 
 4 8 1 2100 383 
 5 8 1 2400 441 
 6 8 1 2700 519 
 7 8 1 3000 591 
 random:2T:3000
0 0 2 600 81 
 1 0 2 1200 111 
 2 0 2 1500 121 
 3 0 2 1800 131 
 4 0 2 2100 139 
 5 0 2 2400 148 
 6 0 2 2700 160 
 7 0 2 3000 184 
 0 1 2 600 75 
 1 1 2 1200 100 
 2 1 2 1500 115 
 3 1 2 1800 130 
 4 1 2 2100 141 
 5 1 2 2400 148 
 6 1 2 2700 163 
 7 1 2 3000 191 
 0 2 2 600 96 
 1 2 2 1200 113 
 2 2 2 1500 123 
 3 2 2 1800 137 
 4 2 2 2100 152 
 5 2 2 2400 163 
 6 2 2 2700 182 
 7 2 2 3000 209 
 0 3 2 600 111 
 1 3 2 1200 213 
 2 3 2 1500 268 
 3 3 2 1800 323 
 4 3 2 2100 380 
 5 3 2 2400 440 
 6 3 2 2700 496 
 7 3 2 3000 534 
 0 4 2 600 78 
 1 4 2 1200 105 
 2 4 2 1500 120 
 3 4 2 1800 135 
 4 4 2 2100 146 
 5 4 2 2400 155 
 6 4 2 2700 170 
 7 4 2 3000 189 
 0 5 2 600 95 
 1 5 2 1200 142 
 2 5 2 1500 157 
 3 5 2 1800 172 
 4 5 2 2100 193 
 5 5 2 2400 217 
 6 5 2 2700 236 
 7 5 2 3000 274 
 0 6 2 600 83 
 1 6 2 1200 152 
 2 6 2 1500 192 
 3 6 2 1800 232 
 4 6 2 2100 278 
 5 6 2 2400 325 
 6 6 2 2700 360 
 7 6 2 3000 386 
 0 7 2 600 79 
 1 7 2 1200 118 
 2 7 2 1500 143 
 3 7 2 1800 168 
 4 7 2 2100 190 
 5 7 2 2400 203 
 6 7 2 2700 224 
 7 7 2 3000 262 
 0 8 2 600 89 
 1 8 2 1200 148 
 2 8 2 1500 183 
 3 8 2 1800 218 
 4 8 2 2100 253 
 5 8 2 2400 286 
 6 8 2 2700 327 
 7 8 2 3000 376 
 random:3T:3000
0 0 3 600 160 
 1 0 3 1200 188 
 2 0 3 1500 210 
 3 0 3 1800 237 
 4 0 3 2100 251 
 5 0 3 2400 263 
 6 0 3 2700 268 
 7 0 3 3000 278 
 0 1 3 600 185 
 1 1 3 1200 233 
 2 1 3 1500 252 
 3 1 3 1800 274 
 4 1 3 2100 297 
 5 1 3 2400 319 
 6 1 3 2700 339 
 7 1 3 3000 364 
 0 2 3 600 196 
 1 2 3 1200 251 
 2 2 3 1500 274 
 3 2 3 1800 296 
 4 2 3 2100 323 
 5 2 3 2400 356 
 6 2 3 2700 366 
 7 2 3 3000 381 
 0 3 3 600 233 
 1 3 3 1200 387 
 2 3 3 1500 469 
 3 3 3 1800 556 
 4 3 3 2100 639 
 5 3 3 2400 692 
 6 3 3 2700 742 
 7 3 3 3000 797 
 0 4 3 600 188 
 1 4 3 1200 231 
 2 4 3 1500 259 
 3 4 3 1800 286 
 4 4 3 2100 318 
 5 4 3 2400 354 
 6 4 3 2700 379 
 7 4 3 3000 409 
 0 5 3 600 211 
 1 5 3 1200 269 
 2 5 3 1500 292 
 3 5 3 1800 319 
 4 5 3 2100 345 
 5 5 3 2400 375 
 6 5 3 2700 395 
 7 5 3 3000 412 
 0 6 3 600 163 
 1 6 3 1200 208 
 2 6 3 1500 235 
 3 6 3 1800 247 
 4 6 3 2100 256 
 5 6 3 2400 273 
 6 6 3 2700 280 
 7 6 3 3000 290 
 0 7 3 600 158 
 1 7 3 1200 198 
 2 7 3 1500 214 
 3 7 3 1800 231 
 4 7 3 2100 244 
 5 7 3 2400 259 
 6 7 3 2700 264 
 7 7 3 3000 274 
 0 8 3 600 199 
 1 8 3 1200 249 
 2 8 3 1500 276 
 3 8 3 1800 308 
 4 8 3 2100 335 
 5 8 3 2400 369 
 6 8 3 2700 404 
 7 8 3 3000 442 
 random:4T:3000
0 0 4 600 94 
 1 0 4 1200 144 
 2 0 4 1500 177 
 3 0 4 1800 212 
 4 0 4 2100 244 
 5 0 4 2400 247 
 6 0 4 2700 254 
 7 0 4 3000 268 
 0 1 4 600 115 
 1 1 4 1200 171 
 2 1 4 1500 203 
 3 1 4 1800 228 
 4 1 4 2100 250 
 5 1 4 2400 275 
 6 1 4 2700 299 
 7 1 4 3000 331 
 0 2 4 600 110 
 1 2 4 1200 166 
 2 2 4 1500 204 
 3 2 4 1800 246 
 4 2 4 2100 288 
 5 2 4 2400 319 
 6 2 4 2700 344 
 7 2 4 3000 371 
 0 3 4 600 162 
 1 3 4 1200 283 
 2 3 4 1500 351 
 3 3 4 1800 421 
 4 3 4 2100 468 
 5 3 4 2400 489 
 6 3 4 2700 512 
 7 3 4 3000 541 
 0 4 4 600 115 
 1 4 4 1200 171 
 2 4 4 1500 206 
 3 4 4 1800 231 
 4 4 4 2100 253 
 5 4 4 2400 274 
 6 4 4 2700 299 
 7 4 4 3000 331 
 0 5 4 600 101 
 1 5 4 1200 151 
 2 5 4 1500 184 
 3 5 4 1800 221 
 4 5 4 2100 258 
 5 5 4 2400 284 
 6 5 4 2700 307 
 7 5 4 3000 324 
 0 6 4 600 89 
 1 6 4 1200 140 
 2 6 4 1500 173 
 3 6 4 1800 205 
 4 6 4 2100 232 
 5 6 4 2400 258 
 6 6 4 2700 277 
 7 6 4 3000 298 
 0 7 4 600 89 
 1 7 4 1200 149 
 2 7 4 1500 192 
 3 7 4 1800 237 
 4 7 4 2100 269 
 5 7 4 2400 288 
 6 7 4 2700 305 
 7 7 4 3000 333 
 0 8 4 600 106 
 1 8 4 1200 172 
 2 8 4 1500 220 
 3 8 4 1800 270 
 4 8 4 2100 315 
 5 8 4 2400 360 
 6 8 4 2700 405 
 7 8 4 3000 444 
 random:5T:3000
0 0 5 600 212 
 1 0 5 1200 249 
 2 0 5 1500 263 
 3 0 5 1800 278 
 4 0 5 2100 296 
 5 0 5 2400 301 
 6 0 5 2700 309 
 7 0 5 3000 325 
 0 1 5 600 211 
 1 1 5 1200 293 
 2 1 5 1500 321 
 3 1 5 1800 345 
 4 1 5 2100 363 
 5 1 5 2400 374 
 6 1 5 2700 389 
 7 1 5 3000 431 
 0 2 5 600 217 
 1 2 5 1200 292 
 2 2 5 1500 336 
 3 2 5 1800 367 
 4 2 5 2100 389 
 5 2 5 2400 406 
 6 2 5 2700 428 
 7 2 5 3000 461 
 0 3 5 600 269 
 1 3 5 1200 448 
 2 3 5 1500 535 
 3 3 5 1800 625 
 4 3 5 2100 712 
 5 3 5 2400 787 
 6 3 5 2700 856 
 7 3 5 3000 942 
 0 4 5 600 226 
 1 4 5 1200 302 
 2 4 5 1500 335 
 3 4 5 1800 360 
 4 4 5 2100 379 
 5 4 5 2400 389 
 6 4 5 2700 406 
 7 4 5 3000 432 
 0 5 5 600 236 
 1 5 5 1200 304 
 2 5 5 1500 333 
 3 5 5 1800 363 
 4 5 5 2100 383 
 5 5 5 2400 408 
 6 5 5 2700 428 
 7 5 5 3000 461 
 0 6 5 600 220 
 1 6 5 1200 273 
 2 6 5 1500 293 
 3 6 5 1800 313 
 4 6 5 2100 336 
 5 6 5 2400 360 
 6 6 5 2700 388 
 7 6 5 3000 437 
 0 7 5 600 222 
 1 7 5 1200 299 
 2 7 5 1500 313 
 3 7 5 1800 328 
 4 7 5 2100 338 
 5 7 5 2400 348 
 6 7 5 2700 363 
 7 7 5 3000 401 
 0 8 5 600 226 
 1 8 5 1200 287 
 2 8 5 1500 311 
 3 8 5 1800 341 
 4 8 5 2100 368 
 5 8 5 2400 398 
 6 8 5 2700 427 
 7 8 5 3000 469 
 random:6T:3000
0 0 6 600 192 
 1 0 6 1200 244 
 2 0 6 1500 279 
 3 0 6 1800 314 
 4 0 6 2100 342 
 5 0 6 2400 365 
 6 0 6 2700 394 
 7 0 6 3000 431 
 0 1 6 600 213 
 1 1 6 1200 300 
 2 1 6 1500 340 
 3 1 6 1800 380 
 4 1 6 2100 424 
 5 1 6 2400 482 
 6 1 6 2700 551 
 7 1 6 3000 614 
 0 2 6 600 203 
 1 2 6 1200 289 
 2 2 6 1500 333 
 3 2 6 1800 378 
 4 2 6 2100 423 
 5 2 6 2400 483 
 6 2 6 2700 548 
 7 2 6 3000 609 
 0 3 6 600 239 
 1 3 6 1200 383 
 2 3 6 1500 440 
 3 3 6 1800 500 
 4 3 6 2100 560 
 5 3 6 2400 638 
 6 3 6 2700 701 
 7 3 6 3000 775 
 0 4 6 600 229 
 1 4 6 1200 295 
 2 4 6 1500 335 
 3 4 6 1800 375 
 4 4 6 2100 415 
 5 4 6 2400 466 
 6 4 6 2700 517 
 7 4 6 3000 568 
 0 5 6 600 248 
 1 5 6 1200 364 
 2 5 6 1500 399 
 3 5 6 1800 432 
 4 5 6 2100 459 
 5 5 6 2400 498 
 6 5 6 2700 540 
 7 5 6 3000 596 
 0 6 6 600 203 
 1 6 6 1200 257 
 2 6 6 1500 287 
 3 6 6 1800 317 
 4 6 6 2100 353 
 5 6 6 2400 412 
 6 6 6 2700 470 
 7 6 6 3000 529 
 0 7 6 600 204 
 1 7 6 1200 290 
 2 7 6 1500 337 
 3 7 6 1800 350 
 4 7 6 2100 364 
 5 7 6 2400 397 
 6 7 6 2700 437 
 7 7 6 3000 483 
 0 8 6 600 215 
 1 8 6 1200 285 
 2 8 6 1500 315 
 3 8 6 1800 345 
 4 8 6 2100 379 
 5 8 6 2400 432 
 6 8 6 2700 493 
 7 8 6 3000 548 
 random:7T:3000
0 0 7 600 136 
 1 0 7 1200 174 
 2 0 7 1500 195 
 3 0 7 1800 219 
 4 0 7 2100 221 
 5 0 7 2400 229 
 6 0 7 2700 236 
 7 0 7 3000 241 
 0 1 7 600 152 
 1 1 7 1200 194 
 2 1 7 1500 208 
 3 1 7 1800 225 
 4 1 7 2100 242 
 5 1 7 2400 267 
 6 1 7 2700 294 
 7 1 7 3000 324 
 0 2 7 600 157 
 1 2 7 1200 207 
 2 2 7 1500 230 
 3 2 7 1800 252 
 4 2 7 2100 272 
 5 2 7 2400 292 
 6 2 7 2700 308 
 7 2 7 3000 323 
 0 3 7 600 162 
 1 3 7 1200 238 
 2 3 7 1500 284 
 3 3 7 1800 333 
 4 3 7 2100 375 
 5 3 7 2400 405 
 6 3 7 2700 428 
 7 3 7 3000 448 
 0 4 7 600 149 
 1 4 7 1200 187 
 2 4 7 1500 203 
 3 4 7 1800 228 
 4 4 7 2100 235 
 5 4 7 2400 242 
 6 4 7 2700 252 
 7 4 7 3000 262 
 0 5 7 600 153 
 1 5 7 1200 196 
 2 5 7 1500 212 
 3 5 7 1800 229 
 4 5 7 2100 242 
 5 5 7 2400 247 
 6 5 7 2700 257 
 7 5 7 3000 272 
 0 6 7 600 159 
 1 6 7 1200 193 
 2 6 7 1500 219 
 3 6 7 1800 252 
 4 6 7 2100 280 
 5 6 7 2400 300 
 6 6 7 2700 328 
 7 6 7 3000 355 
 0 7 7 600 147 
 1 7 7 1200 199 
 2 7 7 1500 235 
 3 7 7 1800 243 
 4 7 7 2100 250 
 5 7 7 2400 257 
 6 7 7 2700 268 
 7 7 7 3000 275 
 0 8 7 600 164 
 1 8 7 1200 214 
 2 8 7 1500 239 
 3 8 7 1800 257 
 4 8 7 2100 272 
 5 8 7 2400 287 
 6 8 7 2700 310 
 7 8 7 3000 324 
 random:8T:3000
0 0 8 600 113 
 1 0 8 1200 135 
 2 0 8 1500 147 
 3 0 8 1800 162 
 4 0 8 2100 180 
 5 0 8 2400 195 
 6 0 8 2700 207 
 7 0 8 3000 210 
 0 1 8 600 152 
 1 1 8 1200 194 
 2 1 8 1500 211 
 3 1 8 1800 231 
 4 1 8 2100 250 
 5 1 8 2400 260 
 6 1 8 2700 279 
 7 1 8 3000 301 
 0 2 8 600 158 
 1 2 8 1200 214 
 2 2 8 1500 231 
 3 2 8 1800 251 
 4 2 8 2100 268 
 5 2 8 2400 288 
 6 2 8 2700 314 
 7 2 8 3000 331 
 0 3 8 600 166 
 1 3 8 1200 277 
 2 3 8 1500 309 
 3 3 8 1800 324 
 4 3 8 2100 342 
 5 3 8 2400 363 
 6 3 8 2700 390 
 7 3 8 3000 420 
 0 4 8 600 151 
 1 4 8 1200 203 
 2 4 8 1500 225 
 3 4 8 1800 240 
 4 4 8 2100 254 
 5 4 8 2400 259 
 6 4 8 2700 279 
 7 4 8 3000 298 
 0 5 8 600 164 
 1 5 8 1200 207 
 2 5 8 1500 224 
 3 5 8 1800 240 
 4 5 8 2100 254 
 5 5 8 2400 267 
 6 5 8 2700 288 
 7 5 8 3000 300 
 0 6 8 600 119 
 1 6 8 1200 170 
 2 6 8 1500 190 
 3 6 8 1800 205 
 4 6 8 2100 219 
 5 6 8 2400 230 
 6 6 8 2700 251 
 7 6 8 3000 275 
 0 7 8 600 114 
 1 7 8 1200 162 
 2 7 8 1500 189 
 3 7 8 1800 219 
 4 7 8 2100 244 
 5 7 8 2400 256 
 6 7 8 2700 269 
 7 7 8 3000 289 
 0 8 8 600 153 
 1 8 8 1200 207 
 2 8 8 1500 239 
 3 8 8 1800 274 
 4 8 8 2100 312 
 5 8 8 2400 331 
 6 8 8 2700 354 
 7 8 8 3000 381 
 random:9T:3000
0 0 9 600 127 
 1 0 9 1200 142 
 2 0 9 1500 150 
 3 0 9 1800 155 
 4 0 9 2100 168 
 5 0 9 2400 170 
 6 0 9 2700 179 
 7 0 9 3000 185 
 0 1 9 600 143 
 1 1 9 1200 159 
 2 1 9 1500 170 
 3 1 9 1800 180 
 4 1 9 2100 201 
 5 1 9 2400 218 
 6 1 9 2700 244 
 7 1 9 3000 271 
 0 2 9 600 141 
 1 2 9 1200 157 
 2 2 9 1500 172 
 3 2 9 1800 191 
 4 2 9 2100 213 
 5 2 9 2400 224 
 6 2 9 2700 245 
 7 2 9 3000 273 
 0 3 9 600 167 
 1 3 9 1200 229 
 2 3 9 1500 234 
 3 3 9 1800 239 
 4 3 9 2100 252 
 5 3 9 2400 254 
 6 3 9 2700 263 
 7 3 9 3000 273 
 0 4 9 600 138 
 1 4 9 1200 155 
 2 4 9 1500 168 
 3 4 9 1800 183 
 4 4 9 2100 209 
 5 4 9 2400 231 
 6 4 9 2700 262 
 7 4 9 3000 289 
 0 5 9 600 154 
 1 5 9 1200 172 
 2 5 9 1500 187 
 3 5 9 1800 205 
 4 5 9 2100 224 
 5 5 9 2400 236 
 6 5 9 2700 257 
 7 5 9 3000 275 
 0 6 9 600 126 
 1 6 9 1200 141 
 2 6 9 1500 151 
 3 6 9 1800 166 
 4 6 9 2100 185 
 5 6 9 2400 197 
 6 6 9 2700 216 
 7 6 9 3000 236 
 0 7 9 600 128 
 1 7 9 1200 144 
 2 7 9 1500 155 
 3 7 9 1800 165 
 4 7 9 2100 180 
 5 7 9 2400 187 
 6 7 9 2700 203 
 7 7 9 3000 220 
 0 8 9 600 140 
 1 8 9 1200 156 
 2 8 9 1500 169 
 3 8 9 1800 184 
 4 8 9 2100 210 
 5 8 9 2400 235 
 6 8 9 2700 271 
 7 8 9 3000 283 
 