random:0T:3000
0 0 0 600 177 
 1 0 0 1200 197 
 2 0 0 1500 222 
 3 0 0 1800 250 
 4 0 0 2100 278 
 5 0 0 2400 291 
 6 0 0 2700 305 
 7 0 0 3000 327 
 0 1 0 600 214 
 1 1 0 1200 289 
 2 1 0 1500 333 
 3 1 0 1800 382 
 4 1 0 2100 423 
 5 1 0 2400 456 
 6 1 0 2700 490 
 7 1 0 3000 526 
 0 2 0 600 245 
 1 2 0 1200 300 
 2 2 0 1500 335 
 3 2 0 1800 385 
 4 2 0 2100 438 
 5 2 0 2400 474 
 6 2 0 2700 518 
 7 2 0 3000 550 
 0 3 0 600 242 
 1 3 0 1200 374 
 2 3 0 1500 447 
 3 3 0 1800 513 
 4 3 0 2100 583 
 5 3 0 2400 644 
 6 3 0 2700 700 
 7 3 0 3000 774 
 0 4 0 600 211 
 1 4 0 1200 278 
 2 4 0 1500 330 
 3 4 0 1800 377 
 4 4 0 2100 421 
 5 4 0 2400 472 
 6 4 0 2700 518 
 7 4 0 3000 569 
 0 5 0 600 244 
 1 5 0 1200 306 
 2 5 0 1500 346 
 3 5 0 1800 394 
 4 5 0 2100 423 
 5 5 0 2400 463 
 6 5 0 2700 488 
 7 5 0 3000 527 
 0 6 0 600 198 
 1 6 0 1200 228 
 2 6 0 1500 257 
 3 6 0 1800 301 
 4 6 0 2100 341 
 5 6 0 2400 370 
 6 6 0 2700 406 
 7 6 0 3000 447 
 0 7 0 600 182 
 1 7 0 1200 225 
 2 7 0 1500 261 
 3 7 0 1800 306 
 4 7 0 2100 333 
 5 7 0 2400 359 
 6 7 0 2700 380 
 7 7 0 3000 409 
 0 8 0 600 253 
 1 8 0 1200 305 
 2 8 0 1500 343 
 3 8 0 1800 381 
 4 8 0 2100 410 
 5 8 0 2400 446 
 6 8 0 2700 480 
 7 8 0 3000 514 
 random:1T:3000
0 0 1 600 198 
 1 0 1 1200 273 
 2 0 1 1500 284 
 3 0 1 1800 304 
 4 0 1 2100 325 
 5 0 1 2400 347 
 6 0 1 2700 363 
 7 0 1 3000 400 
 0 1 1 600 214 
 1 1 1 1200 327 
 2 1 1 1500 375 
 3 1 1 1800 414 
 4 1 1 2100 455 
 5 1 1 2400 489 
 6 1 1 2700 525 
 7 1 1 3000 588 
 0 2 1 600 199 
 1 2 1 1200 294 
 2 2 1 1500 331 
 3 2 1 1800 366 
 4 2 1 2100 408 
 5 2 1 2400 447 
 6 2 1 2700 484 
 7 2 1 3000 542 
 0 3 1 600 270 
 1 3 1 1200 516 
 2 3 1 1500 613 
 3 3 1 1800 683 
 4 3 1 2100 746 
 5 3 1 2400 805 
 6 3 1 2700 864 
 7 3 1 3000 955 
 0 4 1 600 212 
 1 4 1 1200 330 
 2 4 1 1500 384 
 3 4 1 1800 421 
 4 4 1 2100 462 
 5 4 1 2400 493 
 6 4 1 2700 527 
 7 4 1 3000 588 
 0 5 1 600 250 
 1 5 1 1200 350 
 2 5 1 1500 401 
 3 5 1 1800 446 
 4 5 1 2100 488 
 5 5 1 2400 541 
 6 5 1 2700 601 
 7 5 1 3000 668 
 0 6 1 600 187 
 1 6 1 1200 297 
 2 6 1 1500 338 
 3 6 1 1800 376 
 4 6 1 2100 418 
 5 6 1 2400 475 
 6 6 1 2700 533 
 7 6 1 3000 612 
 0 7 1 600 185 
 1 7 1 1200 295 
 2 7 1 1500 331 
 3 7 1 1800 364 
 4 7 1 2100 399 
 5 7 1 2400 440 
 6 7 1 2700 488 
 7 7 1 3000 569 
 0 8 1 600 211 
 1 8 1 1200 325 
 2 8 1 1500 381 
 3 8 1 1800 418 
 4 8 1 2100 458 
 5 8 1 2400 506 
 6 8 1 2700 561 
 7 8 1 3000 648 
 random:2T:3000
0 0 2 600 90 
 1 0 2 1200 130 
 2 0 2 1500 140 
 3 0 2 1800 149 
 4 0 2 2100 153 
 5 0 2 2400 161 
 6 0 2 2700 175 
 7 0 2 3000 190 
 0 1 2 600 107 
 1 1 2 1200 167 
 2 1 2 1500 187 
 3 1 2 1800 212 
 4 1 2 2100 238 
 5 1 2 2400 269 
 6 1 2 2700 299 
 7 1 2 3000 350 
 0 2 2 600 129 
 1 2 2 1200 220 
 2 2 2 1500 268 
 3 2 2 1800 318 
 4 2 2 2100 359 
 5 2 2 2400 395 
 6 2 2 2700 431 
 7 2 2 3000 487 
 0 3 2 600 136 
 1 3 2 1200 253 
 2 3 2 1500 318 
 3 3 2 1800 388 
 4 3 2 2100 467 
 5 3 2 2400 542 
 6 3 2 2700 629 
 7 3 2 3000 724 
 0 4 2 600 122 
 1 4 2 1200 169 
 2 4 2 1500 194 
 3 4 2 1800 224 
 4 4 2 2100 256 
 5 4 2 2400 288 
 6 4 2 2700 326 
 7 4 2 3000 372 
 0 5 2 600 141 
 1 5 2 1200 206 
 2 5 2 1500 226 
 3 5 2 1800 251 
 4 5 2 2100 273 
 5 5 2 2400 298 
 6 5 2 2700 322 
 7 5 2 3000 355 
 0 6 2 600 96 
 1 6 2 1200 139 
 2 6 2 1500 159 
 3 6 2 1800 183 
 4 6 2 2100 206 
 5 6 2 2400 232 
 6 6 2 2700 264 
 7 6 2 3000 312 
 0 7 2 600 92 
 1 7 2 1200 127 
 2 7 2 1500 147 
 3 7 2 1800 172 
 4 7 2 2100 184 
 5 7 2 2400 202 
 6 7 2 2700 227 
 7 7 2 3000 267 
 0 8 2 600 133 
 1 8 2 1200 212 
 2 8 2 1500 237 
 3 8 2 1800 265 
 4 8 2 2100 293 
 5 8 2 2400 324 
 6 8 2 2700 365 
 7 8 2 3000 409 
 random:3T:3000
0 0 3 600 176 
 1 0 3 1200 213 
 2 0 3 1500 229 
 3 0 3 1800 241 
 4 0 3 2100 260 
 5 0 3 2400 269 
 6 0 3 2700 290 
 7 0 3 3000 317 
 0 1 3 600 187 
 1 1 3 1200 246 
 2 1 3 1500 293 
 3 1 3 1800 340 
 4 1 3 2100 398 
 5 1 3 2400 447 
 6 1 3 2700 515 
 7 1 3 3000 581 
 0 2 3 600 198 
 1 2 3 1200 267 
 2 2 3 1500 314 
 3 2 3 1800 350 
 4 2 3 2100 403 
 5 2 3 2400 451 
 6 2 3 2700 503 
 7 2 3 3000 565 
 0 3 3 600 233 
 1 3 3 1200 406 
 2 3 3 1500 496 
 3 3 3 1800 578 
 4 3 3 2100 670 
 5 3 3 2400 723 
 6 3 3 2700 786 
 7 3 3 3000 863 
 0 4 3 600 195 
 1 4 3 1200 254 
 2 4 3 1500 297 
 3 4 3 1800 334 
 4 4 3 2100 389 
 5 4 3 2400 435 
 6 4 3 2700 487 
 7 4 3 3000 549 
 0 5 3 600 232 
 1 5 3 1200 297 
 2 5 3 1500 339 
 3 5 3 1800 371 
 4 5 3 2100 422 
 5 5 3 2400 473 
 6 5 3 2700 526 
 7 5 3 3000 593 
 0 6 3 600 180 
 1 6 3 1200 231 
 2 6 3 1500 267 
 3 6 3 1800 286 
 4 6 3 2100 318 
 5 6 3 2400 353 
 6 6 3 2700 400 
 7 6 3 3000 447 
 0 7 3 600 177 
 1 7 3 1200 231 
 2 7 3 1500 262 
 3 7 3 1800 280 
 4 7 3 2100 307 
 5 7 3 2400 333 
 6 7 3 2700 370 
 7 7 3 3000 421 
 0 8 3 600 214 
 1 8 3 1200 267 
 2 8 3 1500 308 
 3 8 3 1800 350 
 4 8 3 2100 393 
 5 8 3 2400 433 
 6 8 3 2700 488 
 7 8 3 3000 551 
 random:4T:3000
0 0 4 600 175 
 1 0 4 1200 222 
 2 0 4 1500 231 
 3 0 4 1800 233 
 4 0 4 2100 243 
 5 0 4 2400 251 
 6 0 4 2700 275 
 7 0 4 3000 295 
 0 1 4 600 185 
 1 1 4 1200 255 
 2 1 4 1500 290 
 3 1 4 1800 327 
 4 1 4 2100 370 
 5 1 4 2400 421 
 6 1 4 2700 481 
 7 1 4 3000 544 
 0 2 4 600 183 
 1 2 4 1200 241 
 2 2 4 1500 261 
 3 2 4 1800 283 
 4 2 4 2100 309 
 5 2 4 2400 331 
 6 2 4 2700 361 
 7 2 4 3000 408 
 0 3 4 600 248 
 1 3 4 1200 393 
 2 3 4 1500 448 
 3 3 4 1800 485 
 4 3 4 2100 532 
 5 3 4 2400 582 
 6 3 4 2700 649 
 7 3 4 3000 727 
 0 4 4 600 185 
 1 4 4 1200 265 
 2 4 4 1500 311 
 3 4 4 1800 353 
 4 4 4 2100 393 
 5 4 4 2400 427 
 6 4 4 2700 478 
 7 4 4 3000 542 
 0 5 4 600 210 
 1 5 4 1200 290 
 2 5 4 1500 315 
 3 5 4 1800 342 
 4 5 4 2100 381 
 5 5 4 2400 414 
 6 5 4 2700 456 
 7 5 4 3000 514 
 0 6 4 600 175 
 1 6 4 1200 236 
 2 6 4 1500 241 
 3 6 4 1800 248 
 4 6 4 2100 266 
 5 6 4 2400 280 
 6 6 4 2700 313 
 7 6 4 3000 363 
 0 7 4 600 169 
 1 7 4 1200 204 
 2 7 4 1500 219 
 3 7 4 1800 226 
 4 7 4 2100 242 
 5 7 4 2400 256 
 6 7 4 2700 285 
 7 7 4 3000 332 
 0 8 4 600 195 
 1 8 4 1200 257 
 2 8 4 1500 287 
 3 8 4 1800 319 
 4 8 4 2100 357 
 5 8 4 2400 395 
 6 8 4 2700 429 
 7 8 4 3000 459 
 random:5T:3000
0 0 5 600 308 
 1 0 5 1200 395 
 2 0 5 1500 440 
 3 0 5 1800 487 
 4 0 5 2100 520 
 5 0 5 2400 537 
 6 0 5 2700 564 
 7 0 5 3000 580 
 0 1 5 600 330 
 1 1 5 1200 434 
 2 1 5 1500 487 
 3 1 5 1800 529 
 4 1 5 2100 577 
 5 1 5 2400 612 
 6 1 5 2700 653 
 7 1 5 3000 682 
 0 2 5 600 340 
 1 2 5 1200 454 
 2 2 5 1500 496 
 3 2 5 1800 539 
 4 2 5 2100 583 
 5 2 5 2400 615 
 6 2 5 2700 658 
 7 2 5 3000 682 
 0 3 5 600 328 
 1 3 5 1200 595 
 2 3 5 1500 743 
 3 3 5 1800 887 
 4 3 5 2100 1027 
 5 3 5 2400 1140 
 6 3 5 2700 1253 
 7 3 5 3000 1379 
 0 4 5 600 316 
 1 4 5 1200 429 
 2 4 5 1500 480 
 3 4 5 1800 526 
 4 4 5 2100 570 
 5 4 5 2400 602 
 6 4 5 2700 636 
 7 4 5 3000 669 
 0 5 5 600 328 
 1 5 5 1200 444 
 2 5 5 1500 493 
 3 5 5 1800 551 
 4 5 5 2100 615 
 5 5 5 2400 651 
 6 5 5 2700 687 
 7 5 5 3000 708 
 0 6 5 600 307 
 1 6 5 1200 404 
 2 6 5 1500 444 
 3 6 5 1800 478 
 4 6 5 2100 495 
 5 6 5 2400 516 
 6 6 5 2700 545 
 7 6 5 3000 570 
 0 7 5 600 315 
 1 7 5 1200 405 
 2 7 5 1500 454 
 3 7 5 1800 488 
 4 7 5 2100 516 
 5 7 5 2400 533 
 6 7 5 2700 564 
 7 7 5 3000 596 
 0 8 5 600 314 
 1 8 5 1200 433 
 2 8 5 1500 486 
 3 8 5 1800 527 
 4 8 5 2100 566 
 5 8 5 2400 596 
 6 8 5 2700 630 
 7 8 5 3000 657 
 random:6T:3000
0 0 6 600 243 
 1 0 6 1200 300 
 2 0 6 1500 330 
 3 0 6 1800 360 
 4 0 6 2100 390 
 5 0 6 2400 403 
 6 0 6 2700 423 
 7 0 6 3000 453 
 0 1 6 600 256 
 1 1 6 1200 334 
 2 1 6 1500 372 
 3 1 6 1800 407 
 4 1 6 2100 447 
 5 1 6 2400 494 
 6 1 6 2700 545 
 7 1 6 3000 610 
 0 2 6 600 234 
 1 2 6 1200 312 
 2 2 6 1500 351 
 3 2 6 1800 391 
 4 2 6 2100 434 
 5 2 6 2400 484 
 6 2 6 2700 540 
 7 2 6 3000 595 
 0 3 6 600 272 
 1 3 6 1200 444 
 2 3 6 1500 543 
 3 3 6 1800 643 
 4 3 6 2100 746 
 5 3 6 2400 840 
 6 3 6 2700 945 
 7 3 6 3000 1070 
 0 4 6 600 244 
 1 4 6 1200 318 
 2 4 6 1500 363 
 3 4 6 1800 408 
 4 4 6 2100 458 
 5 4 6 2400 507 
 6 4 6 2700 572 
 7 4 6 3000 647 
 0 5 6 600 256 
 1 5 6 1200 370 
 2 5 6 1500 420 
 3 5 6 1800 470 
 4 5 6 2100 523 
 5 5 6 2400 567 
 6 5 6 2700 617 
 7 5 6 3000 671 
 0 6 6 600 224 
 1 6 6 1200 290 
 2 6 6 1500 325 
 3 6 6 1800 349 
 4 6 6 2100 372 
 5 6 6 2400 402 
 6 6 6 2700 456 
 7 6 6 3000 525 
 0 7 6 600 248 
 1 7 6 1200 322 
 2 7 6 1500 367 
 3 7 6 1800 414 
 4 7 6 2100 460 
 5 7 6 2400 483 
 6 7 6 2700 522 
 7 7 6 3000 584 
 0 8 6 600 258 
 1 8 6 1200 340 
 2 8 6 1500 378 
 3 8 6 1800 413 
 4 8 6 2100 451 
 5 8 6 2400 489 
 6 8 6 2700 548 
 7 8 6 3000 627 
 random:7T:3000
0 0 7 600 167 
 1 0 7 1200 205 
 2 0 7 1500 233 
 3 0 7 1800 261 
 4 0 7 2100 268 
 5 0 7 2400 277 
 6 0 7 2700 289 
 7 0 7 3000 312 
 0 1 7 600 167 
 1 1 7 1200 218 
 2 1 7 1500 250 
 3 1 7 1800 283 
 4 1 7 2100 322 
 5 1 7 2400 355 
 6 1 7 2700 391 
 7 1 7 3000 432 
 0 2 7 600 173 
 1 2 7 1200 231 
 2 2 7 1500 269 
 3 2 7 1800 303 
 4 2 7 2100 341 
 5 2 7 2400 377 
 6 2 7 2700 404 
 7 2 7 3000 444 
 0 3 7 600 217 
 1 3 7 1200 371 
 2 3 7 1500 458 
 3 3 7 1800 551 
 4 3 7 2100 647 
 5 3 7 2400 746 
 6 3 7 2700 849 
 7 3 7 3000 969 
 0 4 7 600 163 
 1 4 7 1200 218 
 2 4 7 1500 250 
 3 4 7 1800 288 
 4 4 7 2100 317 
 5 4 7 2400 328 
 6 4 7 2700 350 
 7 4 7 3000 391 
 0 5 7 600 197 
 1 5 7 1200 269 
 2 5 7 1500 308 
 3 5 7 1800 347 
 4 5 7 2100 385 
 5 5 7 2400 414 
 6 5 7 2700 439 
 7 5 7 3000 485 
 0 6 7 600 159 
 1 6 7 1200 224 
 2 6 7 1500 261 
 3 6 7 1800 294 
 4 6 7 2100 331 
 5 6 7 2400 372 
 6 6 7 2700 431 
 7 6 7 3000 479 
 0 7 7 600 153 
 1 7 7 1200 210 
 2 7 7 1500 243 
 3 7 7 1800 276 
 4 7 7 2100 286 
 5 7 7 2400 296 
 6 7 7 2700 321 
 7 7 7 3000 355 
 0 8 7 600 159 
 1 8 7 1200 215 
 2 8 7 1500 249 
 3 8 7 1800 287 
 4 8 7 2100 328 
 5 8 7 2400 371 
 6 8 7 2700 419 
 7 8 7 3000 474 
 random:8T:3000
0 0 8 600 110 
 1 0 8 1200 131 
 2 0 8 1500 133 
 3 0 8 1800 148 
 4 0 8 2100 162 
 5 0 8 2400 172 
 6 0 8 2700 189 
 7 0 8 3000 202 
 0 1 8 600 158 
 1 1 8 1200 229 
 2 1 8 1500 259 
 3 1 8 1800 299 
 4 1 8 2100 335 
 5 1 8 2400 365 
 6 1 8 2700 408 
 7 1 8 3000 459 
 0 2 8 600 144 
 1 2 8 1200 214 
 2 2 8 1500 243 
 3 2 8 1800 281 
 4 2 8 2100 320 
 5 2 8 2400 360 
 6 2 8 2700 413 
 7 2 8 3000 459 
 0 3 8 600 180 
 1 3 8 1200 309 
 2 3 8 1500 373 
 3 3 8 1800 448 
 4 3 8 2100 489 
 5 3 8 2400 528 
 6 3 8 2700 570 
 7 3 8 3000 616 
 0 4 8 600 152 
 1 4 8 1200 217 
 2 4 8 1500 246 
 3 4 8 1800 286 
 4 4 8 2100 321 
 5 4 8 2400 356 
 6 4 8 2700 404 
 7 4 8 3000 464 
 0 5 8 600 166 
 1 5 8 1200 231 
 2 5 8 1500 256 
 3 5 8 1800 286 
 4 5 8 2100 322 
 5 5 8 2400 354 
 6 5 8 2700 397 
 7 5 8 3000 456 
 0 6 8 600 124 
 1 6 8 1200 188 
 2 6 8 1500 208 
 3 6 8 1800 221 
 4 6 8 2100 237 
 5 6 8 2400 257 
 6 6 8 2700 282 
 7 6 8 3000 310 
 0 7 8 600 109 
 1 7 8 1200 151 
 2 7 8 1500 159 
 3 7 8 1800 172 
 4 7 8 2100 189 
 5 7 8 2400 209 
 6 7 8 2700 240 
 7 7 8 3000 279 
 0 8 8 600 149 
 1 8 8 1200 213 
 2 8 8 1500 237 
 3 8 8 1800 265 
 4 8 8 2100 290 
 5 8 8 2400 315 
 6 8 8 2700 352 
 7 8 8 3000 387 
 random:9T:3000
0 0 9 600 155 
 1 0 9 1200 174 
 2 0 9 1500 187 
 3 0 9 1800 208 
 4 0 9 2100 215 
 5 0 9 2400 227 
 6 0 9 2700 244 
 7 0 9 3000 259 
 0 1 9 600 180 
 1 1 9 1200 218 
 2 1 9 1500 236 
 3 1 9 1800 262 
 4 1 9 2100 279 
 5 1 9 2400 309 
 6 1 9 2700 343 
 7 1 9 3000 383 
 0 2 9 600 173 
 1 2 9 1200 199 
 2 2 9 1500 212 
 3 2 9 1800 233 
 4 2 9 2100 256 
 5 2 9 2400 296 
 6 2 9 2700 312 
 7 2 9 3000 328 
 0 3 9 600 196 
 1 3 9 1200 268 
 2 3 9 1500 311 
 3 3 9 1800 362 
 4 3 9 2100 404 
 5 3 9 2400 444 
 6 3 9 2700 491 
 7 3 9 3000 541 
 0 4 9 600 196 
 1 4 9 1200 239 
 2 4 9 1500 253 
 3 4 9 1800 270 
 4 4 9 2100 280 
 5 4 9 2400 296 
 6 4 9 2700 318 
 7 4 9 3000 348 
 0 5 9 600 208 
 1 5 9 1200 226 
 2 5 9 1500 239 
 3 5 9 1800 260 
 4 5 9 2100 277 
 5 5 9 2400 304 
 6 5 9 2700 331 
 7 5 9 3000 366 
 0 6 9 600 161 
 1 6 9 1200 189 
 2 6 9 1500 202 
 3 6 9 1800 213 
 4 6 9 2100 226 
 5 6 9 2400 254 
 6 6 9 2700 288 
 7 6 9 3000 315 
 0 7 9 600 176 
 1 7 9 1200 201 
 2 7 9 1500 219 
 3 7 9 1800 245 
 4 7 9 2100 262 
 5 7 9 2400 291 
 6 7 9 2700 320 
 7 7 9 3000 345 
 0 8 9 600 173 
 1 8 9 1200 214 
 2 8 9 1500 234 
 3 8 9 1800 259 
 4 8 9 2100 278 
 5 8 9 2400 305 
 6 8 9 2700 339 
 7 8 9 3000 367 
 