random:0T:3000
0 0 0 600 293 
 1 0 0 1200 389 
 2 0 0 1500 439 
 3 0 0 1800 498 
 4 0 0 2100 558 
 5 0 0 2400 622 
 6 0 0 2700 686 
 7 0 0 3000 758 
 0 1 0 600 299 
 1 1 0 1200 412 
 2 1 0 1500 464 
 3 1 0 1800 526 
 4 1 0 2100 578 
 5 1 0 2400 624 
 6 1 0 2700 678 
 7 1 0 3000 739 
 0 2 0 600 293 
 1 2 0 1200 422 
 2 2 0 1500 456 
 3 2 0 1800 491 
 4 2 0 2100 536 
 5 2 0 2400 596 
 6 2 0 2700 665 
 7 2 0 3000 741 
 0 3 0 600 319 
 1 3 0 1200 499 
 2 3 0 1500 602 
 3 3 0 1800 722 
 4 3 0 2100 827 
 5 3 0 2400 925 
 6 3 0 2700 1023 
 7 3 0 3000 1133 
 0 4 0 600 298 
 1 4 0 1200 399 
 2 4 0 1500 450 
 3 4 0 1800 510 
 4 4 0 2100 570 
 5 4 0 2400 645 
 6 4 0 2700 718 
 7 4 0 3000 807 
 0 5 0 600 322 
 1 5 0 1200 471 
 2 5 0 1500 550 
 3 5 0 1800 645 
 4 5 0 2100 724 
 5 5 0 2400 813 
 6 5 0 2700 883 
 7 5 0 3000 954 
 0 6 0 600 291 
 1 6 0 1200 368 
 2 6 0 1500 418 
 3 6 0 1800 468 
 4 6 0 2100 525 
 5 6 0 2400 575 
 6 6 0 2700 617 
 7 6 0 3000 671 
 0 7 0 600 296 
 1 7 0 1200 373 
 2 7 0 1500 420 
 3 7 0 1800 462 
 4 7 0 2100 502 
 5 7 0 2400 547 
 6 7 0 2700 596 
 7 7 0 3000 655 
 0 8 0 600 306 
 1 8 0 1200 442 
 2 8 0 1500 491 
 3 8 0 1800 547 
 4 8 0 2100 600 
 5 8 0 2400 644 
 6 8 0 2700 696 
 7 8 0 3000 754 
 random:1T:3000
0 0 1 600 307 
 1 0 1 1200 505 
 2 0 1 1500 566 
 3 0 1 1800 626 
 4 0 1 2100 687 
 5 0 1 2400 753 
 6 0 1 2700 813 
 7 0 1 3000 898 
 0 1 1 600 305 
 1 1 1 1200 492 
 2 1 1 1500 561 
 3 1 1 1800 611 
 4 1 1 2100 638 
 5 1 1 2400 676 
 6 1 1 2700 714 
 7 1 1 3000 782 
 0 2 1 600 323 
 1 2 1 1200 548 
 2 2 1 1500 636 
 3 2 1 1800 703 
 4 2 1 2100 737 
 5 2 1 2400 779 
 6 2 1 2700 836 
 7 2 1 3000 926 
 0 3 1 600 307 
 1 3 1 1200 576 
 2 3 1 1500 718 
 3 3 1 1800 868 
 4 3 1 2100 1021 
 5 3 1 2400 1181 
 6 3 1 2700 1344 
 7 3 1 3000 1537 
 0 4 1 600 295 
 1 4 1 1200 516 
 2 4 1 1500 573 
 3 4 1 1800 627 
 4 4 1 2100 679 
 5 4 1 2400 732 
 6 4 1 2700 778 
 7 4 1 3000 855 
 0 5 1 600 332 
 1 5 1 1200 607 
 2 5 1 1500 720 
 3 5 1 1800 786 
 4 5 1 2100 829 
 5 5 1 2400 881 
 6 5 1 2700 926 
 7 5 1 3000 989 
 0 6 1 600 279 
 1 6 1 1200 454 
 2 6 1 1500 514 
 3 6 1 1800 562 
 4 6 1 2100 599 
 5 6 1 2400 651 
 6 6 1 2700 709 
 7 6 1 3000 788 
 0 7 1 600 273 
 1 7 1 1200 465 
 2 7 1 1500 551 
 3 7 1 1800 616 
 4 7 1 2100 648 
 5 7 1 2400 682 
 6 7 1 2700 715 
 7 7 1 3000 774 
 0 8 1 600 307 
 1 8 1 1200 551 
 2 8 1 1500 633 
 3 8 1 1800 698 
 4 8 1 2100 738 
 5 8 1 2400 775 
 6 8 1 2700 817 
 7 8 1 3000 893 
 random:2T:3000
0 0 2 600 138 
 1 0 2 1200 212 
 2 0 2 1500 242 
 3 0 2 1800 262 
 4 0 2 2100 273 
 5 0 2 2400 281 
 6 0 2 2700 299 
 7 0 2 3000 317 
 0 1 2 600 160 
 1 1 2 1200 237 
 2 1 2 1500 257 
 3 1 2 1800 281 
 4 1 2 2100 304 
 5 1 2 2400 332 
 6 1 2 2700 384 
 7 1 2 3000 450 
 0 2 2 600 154 
 1 2 2 1200 265 
 2 2 2 1500 285 
 3 2 2 1800 310 
 4 2 2 2100 337 
 5 2 2 2400 366 
 6 2 2 2700 415 
 7 2 2 3000 464 
 0 3 2 600 176 
 1 3 2 1200 334 
 2 3 2 1500 414 
 3 3 2 1800 449 
 4 3 2 2100 488 
 5 3 2 2400 531 
 6 3 2 2700 576 
 7 3 2 3000 628 
 0 4 2 600 162 
 1 4 2 1200 229 
 2 4 2 1500 254 
 3 4 2 1800 285 
 4 4 2 2100 319 
 5 4 2 2400 357 
 6 4 2 2700 411 
 7 4 2 3000 471 
 0 5 2 600 163 
 1 5 2 1200 263 
 2 5 2 1500 290 
 3 5 2 1800 310 
 4 5 2 2100 331 
 5 5 2 2400 357 
 6 5 2 2700 400 
 7 5 2 3000 455 
 0 6 2 600 143 
 1 6 2 1200 214 
 2 6 2 1500 236 
 3 6 2 1800 260 
 4 6 2 2100 285 
 5 6 2 2400 318 
 6 6 2 2700 366 
 7 6 2 3000 405 
 0 7 2 600 135 
 1 7 2 1200 226 
 2 7 2 1500 271 
 3 7 2 1800 312 
 4 7 2 2100 346 
 5 7 2 2400 384 
 6 7 2 2700 439 
 7 7 2 3000 510 
 0 8 2 600 169 
 1 8 2 1200 284 
 2 8 2 1500 304 
 3 8 2 1800 322 
 4 8 2 2100 342 
 5 8 2 2400 370 
 6 8 2 2700 412 
 7 8 2 3000 468 
 random:3T:3000
0 0 3 600 259 
 1 0 3 1200 359 
 2 0 3 1500 420 
 3 0 3 1800 466 
 4 0 3 2100 520 
 5 0 3 2400 571 
 6 0 3 2700 618 
 7 0 3 3000 691 
 0 1 3 600 279 
 1 1 3 1200 398 
 2 1 3 1500 452 
 3 1 3 1800 496 
 4 1 3 2100 544 
 5 1 3 2400 602 
 6 1 3 2700 668 
 7 1 3 3000 744 
 0 2 3 600 276 
 1 2 3 1200 411 
 2 2 3 1500 483 
 3 2 3 1800 536 
 4 2 3 2100 589 
 5 2 3 2400 648 
 6 2 3 2700 710 
 7 2 3 3000 796 
 0 3 3 600 270 
 1 3 3 1200 506 
 2 3 3 1500 631 
 3 3 3 1800 749 
 4 3 3 2100 870 
 5 3 3 2400 987 
 6 3 3 2700 1109 
 7 3 3 3000 1265 
 0 4 3 600 265 
 1 4 3 1200 394 
 2 4 3 1500 453 
 3 4 3 1800 502 
 4 4 3 2100 556 
 5 4 3 2400 607 
 6 4 3 2700 659 
 7 4 3 3000 735 
 0 5 3 600 305 
 1 5 3 1200 504 
 2 5 3 1500 598 
 3 5 3 1800 631 
 4 5 3 2100 666 
 5 5 3 2400 716 
 6 5 3 2700 766 
 7 5 3 3000 844 
 0 6 3 600 271 
 1 6 3 1200 401 
 2 6 3 1500 464 
 3 6 3 1800 508 
 4 6 3 2100 558 
 5 6 3 2400 608 
 6 6 3 2700 670 
 7 6 3 3000 763 
 0 7 3 600 259 
 1 7 3 1200 382 
 2 7 3 1500 452 
 3 7 3 1800 502 
 4 7 3 2100 543 
 5 7 3 2400 590 
 6 7 3 2700 642 
 7 7 3 3000 710 
 0 8 3 600 285 
 1 8 3 1200 425 
 2 8 3 1500 498 
 3 8 3 1800 554 
 4 8 3 2100 613 
 5 8 3 2400 670 
 6 8 3 2700 723 
 7 8 3 3000 804 
 random:4T:3000
0 0 4 600 263 
 1 0 4 1200 355 
 2 0 4 1500 378 
 3 0 4 1800 390 
 4 0 4 2100 414 
 5 0 4 2400 437 
 6 0 4 2700 475 
 7 0 4 3000 530 
 0 1 4 600 266 
 1 1 4 1200 363 
 2 1 4 1500 398 
 3 1 4 1800 435 
 4 1 4 2100 480 
 5 1 4 2400 527 
 6 1 4 2700 593 
 7 1 4 3000 674 
 0 2 4 600 260 
 1 2 4 1200 370 
 2 2 4 1500 412 
 3 2 4 1800 444 
 4 2 4 2100 488 
 5 2 4 2400 541 
 6 2 4 2700 607 
 7 2 4 3000 690 
 0 3 4 600 277 
 1 3 4 1200 492 
 2 3 4 1500 597 
 3 3 4 1800 704 
 4 3 4 2100 823 
 5 3 4 2400 944 
 6 3 4 2700 1053 
 7 3 4 3000 1167 
 0 4 4 600 250 
 1 4 4 1200 352 
 2 4 4 1500 399 
 3 4 4 1800 436 
 4 4 4 2100 483 
 5 4 4 2400 534 
 6 4 4 2700 602 
 7 4 4 3000 683 
 0 5 4 600 294 
 1 5 4 1200 455 
 2 5 4 1500 500 
 3 5 4 1800 525 
 4 5 4 2100 557 
 5 5 4 2400 597 
 6 5 4 2700 652 
 7 5 4 3000 722 
 0 6 4 600 249 
 1 6 4 1200 391 
 2 6 4 1500 447 
 3 6 4 1800 485 
 4 6 4 2100 520 
 5 6 4 2400 567 
 6 6 4 2700 633 
 7 6 4 3000 716 
 0 7 4 600 281 
 1 7 4 1200 426 
 2 7 4 1500 470 
 3 7 4 1800 508 
 4 7 4 2100 536 
 5 7 4 2400 567 
 6 7 4 2700 613 
 7 7 4 3000 683 
 0 8 4 600 250 
 1 8 4 1200 367 
 2 8 4 1500 417 
 3 8 4 1800 461 
 4 8 4 2100 505 
 5 8 4 2400 561 
 6 8 4 2700 626 
 7 8 4 3000 708 
 random:5T:3000
0 0 5 600 381 
 1 0 5 1200 570 
 2 0 5 1500 648 
 3 0 5 1800 699 
 4 0 5 2100 732 
 5 0 5 2400 764 
 6 0 5 2700 805 
 7 0 5 3000 847 
 0 1 5 600 416 
 1 1 5 1200 645 
 2 1 5 1500 723 
 3 1 5 1800 793 
 4 1 5 2100 830 
 5 1 5 2400 872 
 6 1 5 2700 924 
 7 1 5 3000 989 
 0 2 5 600 419 
 1 2 5 1200 668 
 2 2 5 1500 724 
 3 2 5 1800 767 
 4 2 5 2100 797 
 5 2 5 2400 821 
 6 2 5 2700 861 
 7 2 5 3000 914 
 0 3 5 600 416 
 1 3 5 1200 714 
 2 3 5 1500 867 
 3 3 5 1800 1012 
 4 3 5 2100 1152 
 5 3 5 2400 1296 
 6 3 5 2700 1453 
 7 3 5 3000 1611 
 0 4 5 600 410 
 1 4 5 1200 608 
 2 4 5 1500 676 
 3 4 5 1800 738 
 4 4 5 2100 773 
 5 4 5 2400 815 
 6 4 5 2700 865 
 7 4 5 3000 929 
 0 5 5 600 434 
 1 5 5 1200 743 
 2 5 5 1500 829 
 3 5 5 1800 911 
 4 5 5 2100 966 
 5 5 5 2400 1005 
 6 5 5 2700 1048 
 7 5 5 3000 1093 
 0 6 5 600 420 
 1 6 5 1200 603 
 2 6 5 1500 654 
 3 6 5 1800 700 
 4 6 5 2100 748 
 5 6 5 2400 800 
 6 6 5 2700 870 
 7 6 5 3000 939 
 0 7 5 600 381 
 1 7 5 1200 556 
 2 7 5 1500 604 
 3 7 5 1800 651 
 4 7 5 2100 691 
 5 7 5 2400 733 
 6 7 5 2700 787 
 7 7 5 3000 856 
 0 8 5 600 414 
 1 8 5 1200 631 
 2 8 5 1500 701 
 3 8 5 1800 750 
 4 8 5 2100 794 
 5 8 5 2400 831 
 6 8 5 2700 879 
 7 8 5 3000 938 
 random:6T:3000
0 0 6 600 336 
 1 0 6 1200 418 
 2 0 6 1500 448 
 3 0 6 1800 478 
 4 0 6 2100 509 
 5 0 6 2400 542 
 6 0 6 2700 580 
 7 0 6 3000 645 
 0 1 6 600 320 
 1 1 6 1200 528 
 2 1 6 1500 603 
 3 1 6 1800 636 
 4 1 6 2100 664 
 5 1 6 2400 699 
 6 1 6 2700 750 
 7 1 6 3000 836 
 0 2 6 600 350 
 1 2 6 1200 582 
 2 2 6 1500 683 
 3 2 6 1800 731 
 4 2 6 2100 749 
 5 2 6 2400 777 
 6 2 6 2700 816 
 7 2 6 3000 886 
 0 3 6 600 309 
 1 3 6 1200 522 
 2 3 6 1500 634 
 3 3 6 1800 744 
 4 3 6 2100 857 
 5 3 6 2400 979 
 6 3 6 2700 1114 
 7 3 6 3000 1282 
 0 4 6 600 342 
 1 4 6 1200 552 
 2 4 6 1500 632 
 3 4 6 1800 665 
 4 4 6 2100 693 
 5 4 6 2400 733 
 6 4 6 2700 794 
 7 4 6 3000 882 
 0 5 6 600 387 
 1 5 6 1200 635 
 2 5 6 1500 725 
 3 5 6 1800 780 
 4 5 6 2100 821 
 5 5 6 2400 862 
 6 5 6 2700 911 
 7 5 6 3000 995 
 0 6 6 600 348 
 1 6 6 1200 444 
 2 6 6 1500 494 
 3 6 6 1800 539 
 4 6 6 2100 587 
 5 6 6 2400 646 
 6 6 6 2700 718 
 7 6 6 3000 815 
 0 7 6 600 339 
 1 7 6 1200 445 
 2 7 6 1500 505 
 3 7 6 1800 565 
 4 7 6 2100 622 
 5 7 6 2400 659 
 6 7 6 2700 712 
 7 7 6 3000 793 
 0 8 6 600 326 
 1 8 6 1200 534 
 2 8 6 1500 586 
 3 8 6 1800 618 
 4 8 6 2100 647 
 5 8 6 2400 670 
 6 8 6 2700 710 
 7 8 6 3000 783 
 random:7T:3000
0 0 7 600 221 
 1 0 7 1200 342 
 2 0 7 1500 385 
 3 0 7 1800 418 
 4 0 7 2100 444 
 5 0 7 2400 468 
 6 0 7 2700 503 
 7 0 7 3000 555 
 0 1 7 600 236 
 1 1 7 1200 372 
 2 1 7 1500 432 
 3 1 7 1800 482 
 4 1 7 2100 535 
 5 1 7 2400 591 
 6 1 7 2700 659 
 7 1 7 3000 736 
 0 2 7 600 265 
 1 2 7 1200 389 
 2 2 7 1500 442 
 3 2 7 1800 478 
 4 2 7 2100 521 
 5 2 7 2400 568 
 6 2 7 2700 625 
 7 2 7 3000 692 
 0 3 7 600 263 
 1 3 7 1200 457 
 2 3 7 1500 551 
 3 3 7 1800 649 
 4 3 7 2100 722 
 5 3 7 2400 805 
 6 3 7 2700 897 
 7 3 7 3000 1002 
 0 4 7 600 244 
 1 4 7 1200 375 
 2 4 7 1500 420 
 3 4 7 1800 459 
 4 4 7 2100 503 
 5 4 7 2400 549 
 6 4 7 2700 604 
 7 4 7 3000 668 
 0 5 7 600 235 
 1 5 7 1200 410 
 2 5 7 1500 493 
 3 5 7 1800 526 
 4 5 7 2100 570 
 5 5 7 2400 605 
 6 5 7 2700 643 
 7 5 7 3000 704 
 0 6 7 600 255 
 1 6 7 1200 377 
 2 6 7 1500 426 
 3 6 7 1800 479 
 4 6 7 2100 517 
 5 6 7 2400 563 
 6 6 7 2700 614 
 7 6 7 3000 684 
 0 7 7 600 249 
 1 7 7 1200 394 
 2 7 7 1500 458 
 3 7 7 1800 516 
 4 7 7 2100 564 
 5 7 7 2400 602 
 6 7 7 2700 653 
 7 7 7 3000 733 
 0 8 7 600 253 
 1 8 7 1200 374 
 2 8 7 1500 428 
 3 8 7 1800 474 
 4 8 7 2100 522 
 5 8 7 2400 572 
 6 8 7 2700 630 
 7 8 7 3000 697 
 random:8T:3000
0 0 8 600 158 
 1 0 8 1200 210 
 2 0 8 1500 229 
 3 0 8 1800 249 
 4 0 8 2100 280 
 5 0 8 2400 315 
 6 0 8 2700 347 
 7 0 8 3000 384 
 0 1 8 600 185 
 1 1 8 1200 264 
 2 1 8 1500 302 
 3 1 8 1800 343 
 4 1 8 2100 394 
 5 1 8 2400 444 
 6 1 8 2700 505 
 7 1 8 3000 566 
 0 2 8 600 169 
 1 2 8 1200 248 
 2 2 8 1500 280 
 3 2 8 1800 319 
 4 2 8 2100 354 
 5 2 8 2400 389 
 6 2 8 2700 437 
 7 2 8 3000 489 
 0 3 8 600 200 
 1 3 8 1200 350 
 2 3 8 1500 437 
 3 3 8 1800 518 
 4 3 8 2100 601 
 5 3 8 2400 681 
 6 3 8 2700 761 
 7 3 8 3000 840 
 0 4 8 600 179 
 1 4 8 1200 264 
 2 4 8 1500 299 
 3 4 8 1800 334 
 4 4 8 2100 378 
 5 4 8 2400 419 
 6 4 8 2700 472 
 7 4 8 3000 531 
 0 5 8 600 214 
 1 5 8 1200 315 
 2 5 8 1500 329 
 3 5 8 1800 353 
 4 5 8 2100 380 
 5 5 8 2400 410 
 6 5 8 2700 448 
 7 5 8 3000 494 
 0 6 8 600 163 
 1 6 8 1200 234 
 2 6 8 1500 274 
 3 6 8 1800 315 
 4 6 8 2100 355 
 5 6 8 2400 395 
 6 6 8 2700 445 
 7 6 8 3000 491 
 0 7 8 600 170 
 1 7 8 1200 242 
 2 7 8 1500 282 
 3 7 8 1800 312 
 4 7 8 2100 353 
 5 7 8 2400 397 
 6 7 8 2700 449 
 7 7 8 3000 507 
 0 8 8 600 168 
 1 8 8 1200 221 
 2 8 8 1500 243 
 3 8 8 1800 272 
 4 8 8 2100 308 
 5 8 8 2400 343 
 6 8 8 2700 385 
 7 8 8 3000 436 
 random:9T:3000
0 0 9 600 207 
 1 0 9 1200 250 
 2 0 9 1500 262 
 3 0 9 1800 273 
 4 0 9 2100 290 
 5 0 9 2400 321 
 6 0 9 2700 352 
 7 0 9 3000 368 
 0 1 9 600 209 
 1 1 9 1200 254 
 2 1 9 1500 277 
 3 1 9 1800 307 
 4 1 9 2100 337 
 5 1 9 2400 382 
 6 1 9 2700 429 
 7 1 9 3000 460 
 0 2 9 600 220 
 1 2 9 1200 270 
 2 2 9 1500 288 
 3 2 9 1800 314 
 4 2 9 2100 346 
 5 2 9 2400 393 
 6 2 9 2700 447 
 7 2 9 3000 487 
 0 3 9 600 227 
 1 3 9 1200 359 
 2 3 9 1500 427 
 3 3 9 1800 479 
 4 3 9 2100 526 
 5 3 9 2400 583 
 6 3 9 2700 651 
 7 3 9 3000 717 
 0 4 9 600 197 
 1 4 9 1200 233 
 2 4 9 1500 251 
 3 4 9 1800 277 
 4 4 9 2100 309 
 5 4 9 2400 339 
 6 4 9 2700 369 
 7 4 9 3000 404 
 0 5 9 600 249 
 1 5 9 1200 298 
 2 5 9 1500 311 
 3 5 9 1800 329 
 4 5 9 2100 351 
 5 5 9 2400 383 
 6 5 9 2700 430 
 7 5 9 3000 472 
 0 6 9 600 212 
 1 6 9 1200 257 
 2 6 9 1500 280 
 3 6 9 1800 308 
 4 6 9 2100 338 
 5 6 9 2400 378 
 6 6 9 2700 431 
 7 6 9 3000 486 
 0 7 9 600 215 
 1 7 9 1200 273 
 2 7 9 1500 296 
 3 7 9 1800 327 
 4 7 9 2100 362 
 5 7 9 2400 402 
 6 7 9 2700 459 
 7 7 9 3000 511 
 0 8 9 600 214 
 1 8 9 1200 263 
 2 8 9 1500 281 
 3 8 9 1800 307 
 4 8 9 2100 339 
 5 8 9 2400 386 
 6 8 9 2700 433 
 7 8 9 3000 480 
 