random:0T:3000
0 0 0 600 288 
 1 0 0 1200 382 
 2 0 0 1500 430 
 3 0 0 1800 486 
 4 0 0 2100 544 
 5 0 0 2400 607 
 6 0 0 2700 663 
 7 0 0 3000 725 
 0 1 0 600 293 
 1 1 0 1200 403 
 2 1 0 1500 445 
 3 1 0 1800 505 
 4 1 0 2100 565 
 5 1 0 2400 639 
 6 1 0 2700 706 
 7 1 0 3000 770 
 0 2 0 600 279 
 1 2 0 1200 371 
 2 2 0 1500 399 
 3 2 0 1800 444 
 4 2 0 2100 497 
 5 2 0 2400 561 
 6 2 0 2700 622 
 7 2 0 3000 677 
 0 3 0 600 293 
 1 3 0 1200 474 
 2 3 0 1500 579 
 3 3 0 1800 691 
 4 3 0 2100 811 
 5 3 0 2400 944 
 6 3 0 2700 1074 
 7 3 0 3000 1218 
 0 4 0 600 295 
 1 4 0 1200 406 
 2 4 0 1500 454 
 3 4 0 1800 515 
 4 4 0 2100 585 
 5 4 0 2400 646 
 6 4 0 2700 713 
 7 4 0 3000 787 
 0 5 0 600 322 
 1 5 0 1200 455 
 2 5 0 1500 514 
 3 5 0 1800 582 
 4 5 0 2100 640 
 5 5 0 2400 709 
 6 5 0 2700 781 
 7 5 0 3000 847 
 0 6 0 600 279 
 1 6 0 1200 367 
 2 6 0 1500 394 
 3 6 0 1800 439 
 4 6 0 2100 476 
 5 6 0 2400 512 
 6 6 0 2700 539 
 7 6 0 3000 578 
 0 7 0 600 298 
 1 7 0 1200 393 
 2 7 0 1500 420 
 3 7 0 1800 462 
 4 7 0 2100 490 
 5 7 0 2400 523 
 6 7 0 2700 556 
 7 7 0 3000 599 
 0 8 0 600 311 
 1 8 0 1200 398 
 2 8 0 1500 436 
 3 8 0 1800 483 
 4 8 0 2100 528 
 5 8 0 2400 582 
 6 8 0 2700 621 
 7 8 0 3000 680 
 random:1T:3000
0 0 1 600 302 
 1 0 1 1200 505 
 2 0 1 1500 571 
 3 0 1 1800 626 
 4 0 1 2100 678 
 5 0 1 2400 735 
 6 0 1 2700 785 
 7 0 1 3000 865 
 0 1 1 600 314 
 1 1 1 1200 491 
 2 1 1 1500 572 
 3 1 1 1800 646 
 4 1 1 2100 717 
 5 1 1 2400 795 
 6 1 1 2700 862 
 7 1 1 3000 945 
 0 2 1 600 290 
 1 2 1 1200 472 
 2 2 1 1500 550 
 3 2 1 1800 627 
 4 2 1 2100 688 
 5 2 1 2400 756 
 6 2 1 2700 813 
 7 2 1 3000 906 
 0 3 1 600 313 
 1 3 1 1200 603 
 2 3 1 1500 748 
 3 3 1 1800 895 
 4 3 1 2100 1046 
 5 3 1 2400 1206 
 6 3 1 2700 1370 
 7 3 1 3000 1563 
 0 4 1 600 298 
 1 4 1 1200 490 
 2 4 1 1500 572 
 3 4 1 1800 657 
 4 4 1 2100 729 
 5 4 1 2400 795 
 6 4 1 2700 850 
 7 4 1 3000 937 
 0 5 1 600 332 
 1 5 1 1200 649 
 2 5 1 1500 770 
 3 5 1 1800 874 
 4 5 1 2100 923 
 5 5 1 2400 970 
 6 5 1 2700 1012 
 7 5 1 3000 1075 
 0 6 1 600 291 
 1 6 1 1200 464 
 2 6 1 1500 527 
 3 6 1 1800 585 
 4 6 1 2100 626 
 5 6 1 2400 663 
 6 6 1 2700 701 
 7 6 1 3000 774 
 0 7 1 600 285 
 1 7 1 1200 468 
 2 7 1 1500 537 
 3 7 1 1800 596 
 4 7 1 2100 644 
 5 7 1 2400 701 
 6 7 1 2700 771 
 7 7 1 3000 867 
 0 8 1 600 309 
 1 8 1 1200 498 
 2 8 1 1500 576 
 3 8 1 1800 651 
 4 8 1 2100 719 
 5 8 1 2400 782 
 6 8 1 2700 849 
 7 8 1 3000 934 
 random:2T:3000
0 0 2 600 126 
 1 0 2 1200 227 
 2 0 2 1500 282 
 3 0 2 1800 338 
 4 0 2 2100 385 
 5 0 2 2400 411 
 6 0 2 2700 449 
 7 0 2 3000 477 
 0 1 2 600 135 
 1 1 2 1200 212 
 2 1 2 1500 240 
 3 1 2 1800 270 
 4 1 2 2100 303 
 5 1 2 2400 331 
 6 1 2 2700 374 
 7 1 2 3000 428 
 0 2 2 600 146 
 1 2 2 1200 262 
 2 2 2 1500 286 
 3 2 2 1800 311 
 4 2 2 2100 342 
 5 2 2 2400 378 
 6 2 2 2700 425 
 7 2 2 3000 490 
 0 3 2 600 172 
 1 3 2 1200 330 
 2 3 2 1500 415 
 3 3 2 1800 505 
 4 3 2 2100 560 
 5 3 2 2400 623 
 6 3 2 2700 689 
 7 3 2 3000 760 
 0 4 2 600 154 
 1 4 2 1200 239 
 2 4 2 1500 272 
 3 4 2 1800 302 
 4 4 2 2100 340 
 5 4 2 2400 372 
 6 4 2 2700 415 
 7 4 2 3000 471 
 0 5 2 600 173 
 1 5 2 1200 281 
 2 5 2 1500 319 
 3 5 2 1800 342 
 4 5 2 2100 373 
 5 5 2 2400 407 
 6 5 2 2700 454 
 7 5 2 3000 511 
 0 6 2 600 125 
 1 6 2 1200 194 
 2 6 2 1500 219 
 3 6 2 1800 249 
 4 6 2 2100 281 
 5 6 2 2400 319 
 6 6 2 2700 370 
 7 6 2 3000 434 
 0 7 2 600 129 
 1 7 2 1200 211 
 2 7 2 1500 231 
 3 7 2 1800 254 
 4 7 2 2100 277 
 5 7 2 2400 305 
 6 7 2 2700 348 
 7 7 2 3000 407 
 0 8 2 600 142 
 1 8 2 1200 261 
 2 8 2 1500 281 
 3 8 2 1800 305 
 4 8 2 2100 330 
 5 8 2 2400 359 
 6 8 2 2700 407 
 7 8 2 3000 472 
 random:3T:3000
0 0 3 600 238 
 1 0 3 1200 324 
 2 0 3 1500 366 
 3 0 3 1800 396 
 4 0 3 2100 434 
 5 0 3 2400 462 
 6 0 3 2700 505 
 7 0 3 3000 557 
 0 1 3 600 231 
 1 1 3 1200 305 
 2 1 3 1500 353 
 3 1 3 1800 396 
 4 1 3 2100 447 
 5 1 3 2400 506 
 6 1 3 2700 576 
 7 1 3 3000 660 
 0 2 3 600 286 
 1 2 3 1200 447 
 2 2 3 1500 514 
 3 2 3 1800 548 
 4 2 3 2100 599 
 5 2 3 2400 653 
 6 2 3 2700 714 
 7 2 3 3000 787 
 0 3 3 600 277 
 1 3 3 1200 479 
 2 3 3 1500 593 
 3 3 3 1800 701 
 4 3 3 2100 825 
 5 3 3 2400 956 
 6 3 3 2700 1106 
 7 3 3 3000 1258 
 0 4 3 600 247 
 1 4 3 1200 337 
 2 4 3 1500 392 
 3 4 3 1800 436 
 4 4 3 2100 495 
 5 4 3 2400 560 
 6 4 3 2700 641 
 7 4 3 3000 723 
 0 5 3 600 309 
 1 5 3 1200 518 
 2 5 3 1500 610 
 3 5 3 1800 670 
 4 5 3 2100 719 
 5 5 3 2400 769 
 6 5 3 2700 823 
 7 5 3 3000 885 
 0 6 3 600 252 
 1 6 3 1200 364 
 2 6 3 1500 423 
 3 6 3 1800 480 
 4 6 3 2100 546 
 5 6 3 2400 600 
 6 6 3 2700 662 
 7 6 3 3000 734 
 0 7 3 600 251 
 1 7 3 1200 343 
 2 7 3 1500 383 
 3 7 3 1800 418 
 4 7 3 2100 464 
 5 7 3 2400 507 
 6 7 3 2700 558 
 7 7 3 3000 622 
 0 8 3 600 285 
 1 8 3 1200 418 
 2 8 3 1500 472 
 3 8 3 1800 504 
 4 8 3 2100 545 
 5 8 3 2400 585 
 6 8 3 2700 635 
 7 8 3 3000 697 
 random:4T:3000
0 0 4 600 242 
 1 0 4 1200 315 
 2 0 4 1500 346 
 3 0 4 1800 373 
 4 0 4 2100 398 
 5 0 4 2400 425 
 6 0 4 2700 460 
 7 0 4 3000 510 
 0 1 4 600 248 
 1 1 4 1200 352 
 2 1 4 1500 377 
 3 1 4 1800 404 
 4 1 4 2100 437 
 5 1 4 2400 486 
 6 1 4 2700 544 
 7 1 4 3000 620 
 0 2 4 600 242 
 1 2 4 1200 335 
 2 2 4 1500 365 
 3 2 4 1800 391 
 4 2 4 2100 416 
 5 2 4 2400 447 
 6 2 4 2700 499 
 7 2 4 3000 574 
 0 3 4 600 263 
 1 3 4 1200 456 
 2 3 4 1500 546 
 3 3 4 1800 638 
 4 3 4 2100 734 
 5 3 4 2400 833 
 6 3 4 2700 946 
 7 3 4 3000 1091 
 0 4 4 600 222 
 1 4 4 1200 307 
 2 4 4 1500 337 
 3 4 4 1800 369 
 4 4 4 2100 413 
 5 4 4 2400 477 
 6 4 4 2700 540 
 7 4 4 3000 612 
 0 5 4 600 291 
 1 5 4 1200 432 
 2 5 4 1500 477 
 3 5 4 1800 509 
 4 5 4 2100 553 
 5 5 4 2400 605 
 6 5 4 2700 670 
 7 5 4 3000 742 
 0 6 4 600 264 
 1 6 4 1200 332 
 2 6 4 1500 372 
 3 6 4 1800 414 
 4 6 4 2100 465 
 5 6 4 2400 528 
 6 6 4 2700 599 
 7 6 4 3000 699 
 0 7 4 600 238 
 1 7 4 1200 301 
 2 7 4 1500 341 
 3 7 4 1800 379 
 4 7 4 2100 422 
 5 7 4 2400 477 
 6 7 4 2700 545 
 7 7 4 3000 640 
 0 8 4 600 258 
 1 8 4 1200 351 
 2 8 4 1500 380 
 3 8 4 1800 402 
 4 8 4 2100 429 
 5 8 4 2400 466 
 6 8 4 2700 512 
 7 8 4 3000 581 
 random:5T:3000
0 0 5 600 408 
 1 0 5 1200 621 
 2 0 5 1500 727 
 3 0 5 1800 806 
 4 0 5 2100 848 
 5 0 5 2400 890 
 6 0 5 2700 937 
 7 0 5 3000 993 
 0 1 5 600 415 
 1 1 5 1200 700 
 2 1 5 1500 799 
 3 1 5 1800 854 
 4 1 5 2100 901 
 5 1 5 2400 935 
 6 1 5 2700 969 
 7 1 5 3000 1010 
 0 2 5 600 411 
 1 2 5 1200 671 
 2 2 5 1500 763 
 3 2 5 1800 811 
 4 2 5 2100 852 
 5 2 5 2400 884 
 6 2 5 2700 932 
 7 2 5 3000 975 
 0 3 5 600 400 
 1 3 5 1200 700 
 2 3 5 1500 857 
 3 3 5 1800 1001 
 4 3 5 2100 1145 
 5 3 5 2400 1287 
 6 3 5 2700 1439 
 7 3 5 3000 1600 
 0 4 5 600 396 
 1 4 5 1200 641 
 2 4 5 1500 741 
 3 4 5 1800 800 
 4 4 5 2100 845 
 5 4 5 2400 882 
 6 4 5 2700 931 
 7 4 5 3000 973 
 0 5 5 600 445 
 1 5 5 1200 768 
 2 5 5 1500 870 
 3 5 5 1800 950 
 4 5 5 2100 1012 
 5 5 5 2400 1055 
 6 5 5 2700 1092 
 7 5 5 3000 1121 
 0 6 5 600 411 
 1 6 5 1200 629 
 2 6 5 1500 695 
 3 6 5 1800 762 
 4 6 5 2100 817 
 5 6 5 2400 859 
 6 6 5 2700 919 
 7 6 5 3000 978 
 0 7 5 600 422 
 1 7 5 1200 642 
 2 7 5 1500 706 
 3 7 5 1800 773 
 4 7 5 2100 842 
 5 7 5 2400 899 
 6 7 5 2700 966 
 7 7 5 3000 1050 
 0 8 5 600 407 
 1 8 5 1200 670 
 2 8 5 1500 769 
 3 8 5 1800 839 
 4 8 5 2100 881 
 5 8 5 2400 928 
 6 8 5 2700 993 
 7 8 5 3000 1058 
 random:6T:3000
0 0 6 600 339 
 1 0 6 1200 500 
 2 0 6 1500 546 
 3 0 6 1800 587 
 4 0 6 2100 626 
 5 0 6 2400 655 
 6 0 6 2700 696 
 7 0 6 3000 772 
 0 1 6 600 347 
 1 1 6 1200 559 
 2 1 6 1500 617 
 3 1 6 1800 650 
 4 1 6 2100 689 
 5 1 6 2400 741 
 6 1 6 2700 798 
 7 1 6 3000 894 
 0 2 6 600 353 
 1 2 6 1200 572 
 2 2 6 1500 651 
 3 2 6 1800 710 
 4 2 6 2100 747 
 5 2 6 2400 794 
 6 2 6 2700 861 
 7 2 6 3000 967 
 0 3 6 600 321 
 1 3 6 1200 559 
 2 3 6 1500 683 
 3 3 6 1800 793 
 4 3 6 2100 909 
 5 3 6 2400 1040 
 6 3 6 2700 1174 
 7 3 6 3000 1336 
 0 4 6 600 339 
 1 4 6 1200 504 
 2 4 6 1500 589 
 3 4 6 1800 630 
 4 4 6 2100 662 
 5 4 6 2400 703 
 6 4 6 2700 756 
 7 4 6 3000 844 
 0 5 6 600 383 
 1 5 6 1200 650 
 2 5 6 1500 759 
 3 5 6 1800 819 
 4 5 6 2100 853 
 5 5 6 2400 898 
 6 5 6 2700 954 
 7 5 6 3000 1050 
 0 6 6 600 325 
 1 6 6 1200 455 
 2 6 6 1500 500 
 3 6 6 1800 546 
 4 6 6 2100 601 
 5 6 6 2400 678 
 6 6 6 2700 771 
 7 6 6 3000 891 
 0 7 6 600 327 
 1 7 6 1200 478 
 2 7 6 1500 550 
 3 7 6 1800 622 
 4 7 6 2100 701 
 5 7 6 2400 792 
 6 7 6 2700 883 
 7 7 6 3000 999 
 0 8 6 600 376 
 1 8 6 1200 660 
 2 8 6 1500 742 
 3 8 6 1800 794 
 4 8 6 2100 851 
 5 8 6 2400 894 
 6 8 6 2700 952 
 7 8 6 3000 1045 
 random:7T:3000
0 0 7 600 223 
 1 0 7 1200 334 
 2 0 7 1500 384 
 3 0 7 1800 407 
 4 0 7 2100 430 
 5 0 7 2400 457 
 6 0 7 2700 489 
 7 0 7 3000 536 
 0 1 7 600 261 
 1 1 7 1200 409 
 2 1 7 1500 447 
 3 1 7 1800 475 
 4 1 7 2100 508 
 5 1 7 2400 549 
 6 1 7 2700 599 
 7 1 7 3000 660 
 0 2 7 600 237 
 1 2 7 1200 339 
 2 2 7 1500 391 
 3 2 7 1800 437 
 4 2 7 2100 485 
 5 2 7 2400 537 
 6 2 7 2700 597 
 7 2 7 3000 682 
 0 3 7 600 258 
 1 3 7 1200 420 
 2 3 7 1500 519 
 3 3 7 1800 622 
 4 3 7 2100 730 
 5 3 7 2400 841 
 6 3 7 2700 957 
 7 3 7 3000 1082 
 0 4 7 600 255 
 1 4 7 1200 396 
 2 4 7 1500 440 
 3 4 7 1800 476 
 4 4 7 2100 513 
 5 4 7 2400 556 
 6 4 7 2700 611 
 7 4 7 3000 689 
 0 5 7 600 277 
 1 5 7 1200 507 
 2 5 7 1500 579 
 3 5 7 1800 602 
 4 5 7 2100 621 
 5 5 7 2400 642 
 6 5 7 2700 676 
 7 5 7 3000 726 
 0 6 7 600 218 
 1 6 7 1200 335 
 2 6 7 1500 370 
 3 6 7 1800 397 
 4 6 7 2100 425 
 5 6 7 2400 462 
 6 6 7 2700 514 
 7 6 7 3000 594 
 0 7 7 600 238 
 1 7 7 1200 345 
 2 7 7 1500 395 
 3 7 7 1800 428 
 4 7 7 2100 466 
 5 7 7 2400 511 
 6 7 7 2700 561 
 7 7 7 3000 625 
 0 8 7 600 259 
 1 8 7 1200 402 
 2 8 7 1500 451 
 3 8 7 1800 489 
 4 8 7 2100 528 
 5 8 7 2400 568 
 6 8 7 2700 626 
 7 8 7 3000 699 
 random:8T:3000
0 0 8 600 174 
 1 0 8 1200 240 
 2 0 8 1500 261 
 3 0 8 1800 289 
 4 0 8 2100 310 
 5 0 8 2400 320 
 6 0 8 2700 340 
 7 0 8 3000 350 
 0 1 8 600 209 
 1 1 8 1200 290 
 2 1 8 1500 307 
 3 1 8 1800 327 
 4 1 8 2100 358 
 5 1 8 2400 387 
 6 1 8 2700 425 
 7 1 8 3000 475 
 0 2 8 600 204 
 1 2 8 1200 306 
 2 2 8 1500 340 
 3 2 8 1800 371 
 4 2 8 2100 411 
 5 2 8 2400 451 
 6 2 8 2700 498 
 7 2 8 3000 549 
 0 3 8 600 213 
 1 3 8 1200 377 
 2 3 8 1500 459 
 3 3 8 1800 546 
 4 3 8 2100 638 
 5 3 8 2400 729 
 6 3 8 2700 832 
 7 3 8 3000 932 
 0 4 8 600 228 
 1 4 8 1200 298 
 2 4 8 1500 310 
 3 4 8 1800 335 
 4 4 8 2100 367 
 5 4 8 2400 392 
 6 4 8 2700 430 
 7 4 8 3000 472 
 0 5 8 600 219 
 1 5 8 1200 353 
 2 5 8 1500 390 
 3 5 8 1800 430 
 4 5 8 2100 466 
 5 5 8 2400 506 
 6 5 8 2700 557 
 7 5 8 3000 611 
 0 6 8 600 169 
 1 6 8 1200 248 
 2 6 8 1500 285 
 3 6 8 1800 335 
 4 6 8 2100 384 
 5 6 8 2400 426 
 6 6 8 2700 479 
 7 6 8 3000 542 
 0 7 8 600 165 
 1 7 8 1200 241 
 2 7 8 1500 287 
 3 7 8 1800 336 
 4 7 8 2100 386 
 5 7 8 2400 431 
 6 7 8 2700 486 
 7 7 8 3000 547 
 0 8 8 600 203 
 1 8 8 1200 287 
 2 8 8 1500 312 
 3 8 8 1800 338 
 4 8 8 2100 367 
 5 8 8 2400 392 
 6 8 8 2700 424 
 7 8 8 3000 454 
 random:9T:3000
0 0 9 600 210 
 1 0 9 1200 253 
 2 0 9 1500 271 
 3 0 9 1800 297 
 4 0 9 2100 326 
 5 0 9 2400 356 
 6 0 9 2700 386 
 7 0 9 3000 416 
 0 1 9 600 256 
 1 1 9 1200 308 
 2 1 9 1500 328 
 3 1 9 1800 349 
 4 1 9 2100 376 
 5 1 9 2400 421 
 6 1 9 2700 468 
 7 1 9 3000 513 
 0 2 9 600 236 
 1 2 9 1200 299 
 2 2 9 1500 328 
 3 2 9 1800 359 
 4 2 9 2100 395 
 5 2 9 2400 443 
 6 2 9 2700 490 
 7 2 9 3000 540 
 0 3 9 600 224 
 1 3 9 1200 355 
 2 3 9 1500 424 
 3 3 9 1800 500 
 4 3 9 2100 581 
 5 3 9 2400 670 
 6 3 9 2700 767 
 7 3 9 3000 858 
 0 4 9 600 266 
 1 4 9 1200 311 
 2 4 9 1500 334 
 3 4 9 1800 359 
 4 4 9 2100 386 
 5 4 9 2400 431 
 6 4 9 2700 484 
 7 4 9 3000 524 
 0 5 9 600 254 
 1 5 9 1200 320 
 2 5 9 1500 335 
 3 5 9 1800 356 
 4 5 9 2100 383 
 5 5 9 2400 421 
 6 5 9 2700 476 
 7 5 9 3000 523 
 0 6 9 600 186 
 1 6 9 1200 232 
 2 6 9 1500 255 
 3 6 9 1800 282 
 4 6 9 2100 304 
 5 6 9 2400 336 
 6 6 9 2700 384 
 7 6 9 3000 439 
 0 7 9 600 213 
 1 7 9 1200 258 
 2 7 9 1500 280 
 3 7 9 1800 306 
 4 7 9 2100 330 
 5 7 9 2400 366 
 6 7 9 2700 405 
 7 7 9 3000 447 
 0 8 9 600 241 
 1 8 9 1200 307 
 2 8 9 1500 338 
 3 8 9 1800 369 
 4 8 9 2100 397 
 5 8 9 2400 427 
 6 8 9 2700 469 
 7 8 9 3000 509 
 