random:0T:3000
sum 0 0 0 60 81
sum 1 0 0 180 140
sum 2 0 0 360 194
sum 3 0 0 540 222
sum 4 0 0 600 231
sum 5 0 0 1200 283
sum 6 0 0 1500 302
sum 7 0 0 1800 320
sum 8 0 0 2100 345
sum 9 0 0 2400 377
sum 10 0 0 2700 421
sum 11 0 0 3000 429
miss fire 0 0 6 6 5 4 4 2 2 2 3 3 2 2 2 2 2 0 0 0 0 0 0 0 0 0 0 0 1 1 0 0 1 1 1 1 4 3 3 2 2 1 3 4 3 3 0 0 0 0 0 0 0
miss human 0 0 25 24 19 15 12 9 8 6 5 6 6 5 4 1 2 1 1 2 2 2 2 0 0 0 0 0 0 0 0 0 0 0 0 0 0 0 0 0 0 0 0 0 0 0 0 0 0 0 0 0 0
miss window 0 0 10 10 9 7 7 5 5 2 1 0 1 1 1 1 1 2 3 2 3 3 5 5 5 3 3 3 3 3 3 3 3 3 3 3 3 3 3 3 5 5 5 6 6 7 7 8 2 1 1 2 2
acm fire 0 0 6 12 17 21 25 27 29 31 34 37 39 41 43 45 47 47 47 47 47 47 47 47 47 47 47 47 48 49 49 49 50 51 52 53 57 60 63 65 67 68 71 75 78 81 81 81 81 81 81 81 81
acm human 0 0 25 49 68 83 95 104 112 118 123 129 135 140 144 145 147 148 149 151 153 155 157 157 157 157 157 157 157 157 157 157 157 157 157 157 157 157 157 157 157 157 157 157 157 157 157 157 157 157 157 157 157
acm window 0 0 10 20 29 36 43 48 53 55 56 56 57 58 59 60 61 63 66 68 71 74 79 84 89 92 95 98 101 104 107 110 113 116 119 122 125 128 131 134 139 144 149 155 161 168 175 183 185 186 187 189 191
tsim fire 0 0 6 6 6 6 6 6 6 8 9 9 9 9 11 11 11 11 11 11 11 11 11 11 11 11 11 11 12 12 12 12 13 13 13 13 16 16 16 16 16 16 18 19 19 19 19 19 19 19 19 19 19
tsim human 0 0 25 24 23 23 22 21 21 19 19 18 16 15 14 14 13 13 13 13 13 13 13 13 13 13 13 13 13 13 13 13 13 13 13 13 13 13 13 13 13 13 13 13 13 13 13 13 13 13 13 13 13
tsim window 0 0 10 10 10 10 10 10 10 10 10 10 11 11 14 14 14 15 16 16 17 17 19 19 19 19 19 19 21 21 21 21 21 21 21 21 21 21 21 21 23 23 23 24 24 25 25 26 26 26 26 28 28
sum 0 1 0 60 81
sum 1 1 0 180 124
sum 2 1 0 360 168
sum 3 1 0 540 202
sum 4 1 0 600 213
sum 5 1 0 1200 267
sum 6 1 0 1500 273
sum 7 1 0 1800 275
sum 8 1 0 2100 285
sum 9 1 0 2400 302
sum 10 1 0 2700 326
sum 11 1 0 3000 338
miss fire 1 0 6 6 3 1 1 1 0 2 3 3 3 3 4 4 2 1 1 1 1 1 0 0 0 0 0 0 1 0 0 0 1 1 1 1 4 3 3 2 2 1 3 3 3 2 2 0 0 0 0 0 0
miss human 1 0 25 24 11 10 9 8 8 8 8 7 6 5 3 2 3 0 0 0 0 0 0 0 0 0 0 0 0 0 0 0 0 0 0 0 0 0 0 0 0 0 0 0 0 0 0 0 0 0 0 0 0
miss window 1 0 10 10 10 8 7 6 4 1 1 1 2 2 2 2 1 2 3 2 3 3 3 3 2 1 0 0 0 0 0 0 0 0 0 0 0 0 0 0 2 2 2 3 3 3 3 2 2 2 2 3 3
acm fire 1 0 6 12 15 16 17 18 18 20 23 26 29 32 36 40 42 43 44 45 46 47 47 47 47 47 47 47 48 48 48 48 49 50 51 52 56 59 62 64 66 67 70 73 76 78 80 80 80 80 80 80 80
acm human 1 0 25 49 60 70 79 87 95 103 111 118 124 129 132 134 137 137 137 137 137 137 137 137 137 137 137 137 137 137 137 137 137 137 137 137 137 137 137 137 137 137 137 137 137 137 137 137 137 137 137 137 137
acm window 1 0 10 20 30 38 45 51 55 56 57 58 60 62 64 66 67 69 72 74 77 80 83 86 88 89 89 89 89 89 89 89 89 89 89 89 89 89 89 89 91 93 95 98 101 104 107 109 111 113 115 118 121
tsim fire 1 0 6 6 6 6 6 6 6 8 9 9 9 9 11 11 11 11 11 11 11 11 11 11 11 11 11 11 12 12 12 12 13 13 13 13 16 16 16 16 16 16 18 19 19 19 19 19 19 19 19 19 19
tsim human 1 0 25 24 23 23 22 21 21 19 19 18 16 15 14 14 13 13 13 13 13 13 13 13 13 13 13 13 13 13 13 13 13 13 13 13 13 13 13 13 13 13 13 13 13 13 13 13 13 13 13 13 13
tsim window 1 0 10 10 10 10 10 10 10 10 10 10 11 11 14 14 14 15 16 16 17 17 19 19 19 19 19 19 21 21 21 21 21 21 21 21 21 21 21 21 23 23 23 24 24 25 25 26 26 26 26 28 28
sum 0 2 0 60 81
sum 1 2 0 180 131
sum 2 2 0 360 191
sum 3 2 0 540 233
sum 4 2 0 600 242
sum 5 2 0 1200 299
sum 6 2 0 1500 303
sum 7 2 0 1800 307
sum 8 2 0 2100 317
sum 9 2 0 2400 332
sum 10 2 0 2700 358
sum 11 2 0 3000 378
miss fire 2 0 6 6 3 1 1 1 1 3 3 3 1 1 2 2 2 2 2 0 0 0 0 0 0 0 0 0 1 1 1 0 1 1 1 1 4 3 3 1 1 1 3 3 3 3 3 3 3 2 2 0 0
miss human 2 0 25 24 14 12 11 10 10 9 8 8 6 5 5 4 4 2 2 1 1 2 2 0 0 0 0 0 0 0 0 0 0 0 0 0 0 0 0 0 0 0 0 0 0 0 0 0 0 0 0 0 0
miss window 2 0 10 10 10 10 10 10 6 4 2 2 2 2 1 1 0 1 2 2 3 2 4 2 2 0 0 0 0 0 0 0 0 0 0 0 0 0 0 0 2 2 2 2 2 2 2 3 3 3 3 2 2
acm fire 2 0 6 12 15 16 17 18 19 22 25 28 29 30 32 34 36 38 40 40 40 40 40 40 40 40 40 40 41 42 43 43 44 45 46 47 51 54 57 58 59 60 63 66 69 72 75 78 81 83 85 85 85
acm human 2 0 25 49 63 75 86 96 106 115 123 131 137 142 147 151 155 157 159 160 161 163 165 165 165 165 165 165 165 165 165 165 165 165 165 165 165 165 165 165 165 165 165 165 165 165 165 165 165 165 165 165 165
acm window 2 0 10 20 30 40 50 60 66 70 72 74 76 78 79 80 80 81 83 85 88 90 94 96 98 98 98 98 98 98 98 98 98 98 98 98 98 98 98 98 100 102 104 106 108 110 112 115 118 121 124 126 128
tsim fire 2 0 6 6 6 6 6 6 6 8 9 9 9 9 11 11 11 11 11 11 11 11 11 11 11 11 11 11 12 12 12 12 13 13 13 13 16 16 16 16 16 16 18 19 19 19 19 19 19 19 19 19 19
tsim human 2 0 25 24 23 23 22 21 21 19 19 18 16 15 14 14 13 13 13 13 13 13 13 13 13 13 13 13 13 13 13 13 13 13 13 13 13 13 13 13 13 13 13 13 13 13 13 13 13 13 13 13 13
tsim window 2 0 10 10 10 10 10 10 10 10 10 10 11 11 14 14 14 15 16 16 17 17 19 19 19 19 19 19 21 21 21 21 21 21 21 21 21 21 21 21 23 23 23 24 24 25 25 26 26 26 26 28 28
sum 0 3 0 60 81
sum 1 3 0 180 140
sum 2 3 0 360 202
sum 3 3 0 540 251
sum 4 3 0 600 263
sum 5 3 0 1200 351
sum 6 3 0 1500 377
sum 7 3 0 1800 387
sum 8 3 0 2100 403
sum 9 3 0 2400 431
sum 10 3 0 2700 470
sum 11 3 0 3000 501
miss fire 3 0 6 6 5 3 2 2 1 3 4 3 3 0 2 2 2 2 2 0 0 0 0 0 0 0 0 0 1 1 1 0 1 1 1 1 4 4 4 4 3 2 4 5 4 4 4 2 2 0 0 0 0
miss human 3 0 25 24 17 14 11 10 10 9 9 7 5 7 6 5 4 4 3 3 1 1 1 1 0 0 0 0 0 0 0 0 0 0 0 0 0 0 0 0 0 0 0 0 0 0 0 0 0 0 0 0 0
miss window 3 0 10 10 10 10 10 9 7 7 4 3 4 4 5 5 3 4 4 4 4 4 6 6 6 5 4 4 2 1 1 1 1 1 1 1 1 1 1 1 3 3 3 4 3 4 4 5 5 5 5 7 7
acm fire 3 0 6 12 17 20 22 24 25 28 32 35 38 38 40 42 44 46 48 48 48 48 48 48 48 48 48 48 49 50 51 51 52 53 54 55 59 63 67 71 74 76 80 85 89 93 97 99 101 101 101 101 101
acm human 3 0 25 49 66 80 91 101 111 120 129 136 141 148 154 159 163 167 170 173 174 175 176 177 177 177 177 177 177 177 177 177 177 177 177 177 177 177 177 177 177 177 177 177 177 177 177 177 177 177 177 177 177
acm window 3 0 10 20 30 40 50 59 66 73 77 80 84 88 93 98 101 105 109 113 117 121 127 133 139 144 148 152 154 155 156 157 158 159 160 161 162 163 164 165 168 171 174 178 181 185 189 194 199 204 209 216 223
tsim fire 3 0 6 6 6 6 6 6 6 8 9 9 9 9 11 11 11 11 11 11 11 11 11 11 11 11 11 11 12 12 12 12 13 13 13 13 16 16 16 16 16 16 18 19 19 19 19 19 19 19 19 19 19
tsim human 3 0 25 24 23 23 22 21 21 19 19 18 16 15 14 14 13 13 13 13 13 13 13 13 13 13 13 13 13 13 13 13 13 13 13 13 13 13 13 13 13 13 13 13 13 13 13 13 13 13 13 13 13
tsim window 3 0 10 10 10 10 10 10 10 10 10 10 11 11 14 14 14 15 16 16 17 17 19 19 19 19 19 19 21 21 21 21 21 21 21 21 21 21 21 21 23 23 23 24 24 25 25 26 26 26 26 28 28
sum 0 4 0 60 81
sum 1 4 0 180 132
sum 2 4 0 360 185
sum 3 4 0 540 223
sum 4 4 0 600 234
sum 5 4 0 1200 283
sum 6 4 0 1500 290
sum 7 4 0 1800 296
sum 8 4 0 2100 308
sum 9 4 0 2400 326
sum 10 4 0 2700 356
sum 11 4 0 3000 364
miss fire 4 0 6 6 4 1 1 1 0 2 3 3 3 3 4 4 2 0 0 0 0 0 0 0 0 0 0 0 1 1 1 1 2 2 1 1 4 4 4 2 2 1 3 4 4 4 2 2 0 0 0 0 0
miss human 4 0 25 24 15 13 12 11 11 9 9 9 6 5 5 3 3 1 1 0 0 0 0 0 0 0 0 0 0 0 0 0 0 0 0 0 0 0 0 0 0 0 0 0 0 0 0 0 0 0 0 0 0
miss window 4 0 10 10 10 8 7 6 4 1 1 1 2 2 2 2 0 1 2 1 2 2 4 4 3 0 0 0 0 0 0 0 0 0 0 0 0 0 0 0 2 2 2 2 2 3 3 4 2 2 0 2 2
acm fire 4 0 6 12 16 17 18 19 19 21 24 27 30 33 37 41 43 43 43 43 43 43 43 43 43 43 43 43 44 45 46 47 49 51 52 53 57 61 65 67 69 70 73 77 81 85 87 89 89 89 89 89 89
acm human 4 0 25 49 64 77 89 100 111 120 129 138 144 149 154 157 160 161 162 162 162 162 162 162 162 162 162 162 162 162 162 162 162 162 162 162 162 162 162 162 162 162 162 162 162 162 162 162 162 162 162 162 162
acm window 4 0 10 20 30 38 45 51 55 56 57 58 60 62 64 66 66 67 69 70 72 74 78 82 85 85 85 85 85 85 85 85 85 85 85 85 85 85 85 85 87 89 91 93 95 98 101 105 107 109 109 111 113
tsim fire 4 0 6 6 6 6 6 6 6 8 9 9 9 9 11 11 11 11 11 11 11 11 11 11 11 11 11 11 12 12 12 12 13 13 13 13 16 16 16 16 16 16 18 19 19 19 19 19 19 19 19 19 19
tsim human 4 0 25 24 23 23 22 21 21 19 19 18 16 15 14 14 13 13 13 13 13 13 13 13 13 13 13 13 13 13 13 13 13 13 13 13 13 13 13 13 13 13 13 13 13 13 13 13 13 13 13 13 13
tsim window 4 0 10 10 10 10 10 10 10 10 10 10 11 11 14 14 14 15 16 16 17 17 19 19 19 19 19 19 21 21 21 21 21 21 21 21 21 21 21 21 23 23 23 24 24 25 25 26 26 26 26 28 28
sum 0 5 0 60 81
sum 1 5 0 180 142
sum 2 5 0 360 208
sum 3 5 0 540 260
sum 4 5 0 600 274
sum 5 5 0 1200 366
sum 6 5 0 1500 394
sum 7 5 0 1800 406
sum 8 5 0 2100 419
sum 9 5 0 2400 439
sum 10 5 0 2700 473
sum 11 5 0 3000 498
miss fire 5 0 6 6 4 4 4 2 1 3 2 2 2 2 4 3 3 3 3 1 1 1 1 1 1 1 1 1 2 2 1 1 2 2 2 1 4 4 3 3 2 2 4 5 4 4 4 3 3 2 2 2 2
miss human 5 0 25 24 17 16 12 9 8 6 5 6 5 4 3 3 4 4 3 3 2 2 1 1 0 0 0 0 0 0 0 0 0 0 0 0 0 0 0 0 0 0 0 0 0 0 0 0 0 0 0 0 0
miss window 5 0 10 10 10 10 10 10 10 10 9 9 7 7 5 2 2 3 4 4 4 4 6 6 6 6 2 2 1 1 1 1 0 0 0 0 0 0 0 0 2 2 2 2 2 3 3 4 4 2 2 3 3
acm fire 5 0 6 12 16 20 24 26 27 30 32 34 36 38 42 45 48 51 54 55 56 57 58 59 60 61 62 63 65 67 68 69 71 73 75 76 80 84 87 90 92 94 98 103 107 111 115 118 121 123 125 127 129
acm human 5 0 25 49 66 82 94 103 111 117 122 128 133 137 140 143 147 151 154 157 159 161 162 163 163 163 163 163 163 163 163 163 163 163 163 163 163 163 163 163 163 163 163 163 163 163 163 163 163 163 163 163 163
acm window 5 0 10 20 30 40 50 60 70 80 89 98 105 112 117 119 121 124 128 132 136 140 146 152 158 164 166 168 169 170 171 172 172 172 172 172 172 172 172 172 174 176 178 180 182 185 188 192 196 198 200 203 206
tsim fire 5 0 6 6 6 6 6 6 6 8 9 9 9 9 11 11 11 11 11 11 11 11 11 11 11 11 11 11 12 12 12 12 13 13 13 13 16 16 16 16 16 16 18 19 19 19 19 19 19 19 19 19 19
tsim human 5 0 25 24 23 23 22 21 21 19 19 18 16 15 14 14 13 13 13 13 13 13 13 13 13 13 13 13 13 13 13 13 13 13 13 13 13 13 13 13 13 13 13 13 13 13 13 13 13 13 13 13 13
tsim window 5 0 10 10 10 10 10 10 10 10 10 10 11 11 14 14 14 15 16 16 17 17 19 19 19 19 19 19 21 21 21 21 21 21 21 21 21 21 21 21 23 23 23 24 24 25 25 26 26 26 26 28 28
sum 0 6 0 60 81
sum 1 6 0 180 142
sum 2 6 0 360 196
sum 3 6 0 540 225
sum 4 6 0 600 234
sum 5 6 0 1200 278
sum 6 6 0 1500 283
sum 7 6 0 1800 285
sum 8 6 0 2100 294
sum 9 6 0 2400 310
sum 10 6 0 2700 333
sum 11 6 0 3000 349
miss fire 6 0 6 6 6 5 4 3 3 3 3 3 2 2 3 3 1 1 0 0 0 0 0 0 0 0 0 0 1 0 0 0 1 1 1 1 3 3 2 2 2 1 3 4 2 2 1 1 1 1 1 0 0
miss human 6 0 25 24 19 15 12 8 7 6 5 6 6 5 2 2 1 1 0 0 0 0 0 0 0 0 0 0 0 0 0 0 0 0 0 0 0 0 0 0 0 0 0 0 0 0 0 0 0 0 0 0 0
miss window 6 0 10 10 9 7 7 5 5 2 1 0 1 1 1 1 1 2 3 3 3 3 5 3 2 0 0 0 0 0 0 0 0 0 0 0 0 0 0 0 2 2 2 3 2 3 2 3 3 2 2 3 3
acm fire 6 0 6 12 18 23 27 30 33 36 39 42 44 46 49 52 53 54 54 54 54 54 54 54 54 54 54 54 55 55 55 55 56 57 58 59 62 65 67 69 71 72 75 79 81 83 84 85 86 87 88 88 88
acm human 6 0 25 49 68 83 95 103 110 116 121 127 133 138 140 142 143 144 144 144 144 144 144 144 144 144 144 144 144 144 144 144 144 144 144 144 144 144 144 144 144 144 144 144 144 144 144 144 144 144 144 144 144
acm window 6 0 10 20 29 36 43 48 53 55 56 56 57 58 59 60 61 63 66 69 72 75 80 83 85 85 85 85 85 85 85 85 85 85 85 85 85 85 85 85 87 89 91 94 96 99 101 104 107 109 111 114 117
tsim fire 6 0 6 6 6 6 6 6 6 8 9 9 9 9 11 11 11 11 11 11 11 11 11 11 11 11 11 11 12 12 12 12 13 13 13 13 16 16 16 16 16 16 18 19 19 19 19 19 19 19 19 19 19
tsim human 6 0 25 24 23 23 22 21 21 19 19 18 16 15 14 14 13 13 13 13 13 13 13 13 13 13 13 13 13 13 13 13 13 13 13 13 13 13 13 13 13 13 13 13 13 13 13 13 13 13 13 13 13
tsim window 6 0 10 10 10 10 10 10 10 10 10 10 11 11 14 14 14 15 16 16 17 17 19 19 19 19 19 19 21 21 21 21 21 21 21 21 21 21 21 21 23 23 23 24 24 25 25 26 26 26 26 28 28
sum 0 7 0 60 81
sum 1 7 0 180 138
sum 2 7 0 360 192
sum 3 7 0 540 219
sum 4 7 0 600 227
sum 5 7 0 1200 267
sum 6 7 0 1500 273
sum 7 7 0 1800 276
sum 8 7 0 2100 282
sum 9 7 0 2400 298
sum 10 7 0 2700 323
sum 11 7 0 3000 338
miss fire 7 0 6 6 5 4 4 3 3 2 3 2 1 1 2 2 1 1 0 0 0 0 0 0 0 0 0 0 1 1 0 0 1 1 0 0 3 2 2 2 2 1 3 3 3 2 2 0 0 0 0 0 0
miss human 7 0 25 24 18 14 12 8 7 6 5 6 6 5 2 2 1 1 0 0 0 0 0 0 0 0 0 0 0 0 0 0 0 0 0 0 0 0 0 0 0 0 0 0 0 0 0 0 0 0 0 0 0
miss window 7 0 10 10 9 7 7 5 5 2 1 0 1 1 1 1 1 2 3 3 3 3 4 3 3 0 0 0 0 0 0 0 0 0 0 0 0 0 0 0 2 2 2 3 3 3 3 3 3 3 3 3 3
acm fire 7 0 6 12 17 21 25 28 31 33 36 38 39 40 42 44 45 46 46 46 46 46 46 46 46 46 46 46 47 48 48 48 49 50 50 50 53 55 57 59 61 62 65 68 71 73 75 75 75 75 75 75 75
acm human 7 0 25 49 67 81 93 101 108 114 119 125 131 136 138 140 141 142 142 142 142 142 142 142 142 142 142 142 142 142 142 142 142 142 142 142 142 142 142 142 142 142 142 142 142 142 142 142 142 142 142 142 142
acm window 7 0 10 20 29 36 43 48 53 55 56 56 57 58 59 60 61 63 66 69 72 75 79 82 85 85 85 85 85 85 85 85 85 85 85 85 85 85 85 85 87 89 91 94 97 100 103 106 109 112 115 118 121
tsim fire 7 0 6 6 6 6 6 6 6 8 9 9 9 9 11 11 11 11 11 11 11 11 11 11 11 11 11 11 12 12 12 12 13 13 13 13 16 16 16 16 16 16 18 19 19 19 19 19 19 19 19 19 19
tsim human 7 0 25 24 23 23 22 21 21 19 19 18 16 15 14 14 13 13 13 13 13 13 13 13 13 13 13 13 13 13 13 13 13 13 13 13 13 13 13 13 13 13 13 13 13 13 13 13 13 13 13 13 13
tsim window 7 0 10 10 10 10 10 10 10 10 10 10 11 11 14 14 14 15 16 16 17 17 19 19 19 19 19 19 21 21 21 21 21 21 21 21 21 21 21 21 23 23 23 24 24 25 25 26 26 26 26 28 28
sum 0 8 0 60 81
sum 1 8 0 180 137
sum 2 8 0 360 203
sum 3 8 0 540 244
sum 4 8 0 600 253
sum 5 8 0 1200 303
sum 6 8 0 1500 313
sum 7 8 0 1800 319
sum 8 8 0 2100 328
sum 9 8 0 2400 340
sum 10 8 0 2700 368
sum 11 8 0 3000 384
miss fire 8 0 6 6 5 4 4 4 2 3 2 2 1 1 2 2 2 1 1 0 0 0 0 0 0 0 0 0 1 1 1 1 2 2 2 0 3 2 2 1 1 0 2 3 3 3 2 2 2 1 1 0 0
miss human 8 0 25 24 15 12 11 10 9 9 8 9 6 5 4 4 4 2 2 1 1 0 0 1 1 0 0 0 0 0 0 0 0 0 0 0 0 0 0 0 0 0 0 0 0 0 0 0 0 0 0 0 0
miss window 8 0 10 10 10 10 10 10 6 4 2 2 2 2 1 1 0 1 2 2 3 2 4 2 2 2 2 0 0 0 0 0 0 0 0 0 0 0 0 0 2 2 2 3 3 4 2 3 2 2 2 3 3
acm fire 8 0 6 12 17 21 25 29 31 34 36 38 39 40 42 44 46 47 48 48 48 48 48 48 48 48 48 48 49 50 51 52 54 56 58 58 61 63 65 66 67 67 69 72 75 78 80 82 84 85 86 86 86
acm human 8 0 25 49 64 76 87 97 106 115 123 132 138 143 147 151 155 157 159 160 161 161 161 162 163 163 163 163 163 163 163 163 163 163 163 163 163 163 163 163 163 163 163 163 163 163 163 163 163 163 163 163 163
acm window 8 0 10 20 30 40 50 60 66 70 72 74 76 78 79 80 80 81 83 85 88 90 94 96 98 100 102 102 102 102 102 102 102 102 102 102 102 102 102 102 104 106 108 111 114 118 120 123 125 127 129 132 135
tsim fire 8 0 6 6 6 6 6 6 6 8 9 9 9 9 11 11 11 11 11 11 11 11 11 11 11 11 11 11 12 12 12 12 13 13 13 13 16 16 16 16 16 16 18 19 19 19 19 19 19 19 19 19 19
tsim human 8 0 25 24 23 23 22 21 21 19 19 18 16 15 14 14 13 13 13 13 13 13 13 13 13 13 13 13 13 13 13 13 13 13 13 13 13 13 13 13 13 13 13 13 13 13 13 13 13 13 13 13 13
tsim window 8 0 10 10 10 10 10 10 10 10 10 10 11 11 14 14 14 15 16 16 17 17 19 19 19 19 19 19 21 21 21 21 21 21 21 21 21 21 21 21 23 23 23 24 24 25 25 26 26 26 26 28 28
sum 0 9 0 60 81
sum 1 9 0 180 122
sum 2 9 0 360 163
sum 3 9 0 540 195
sum 4 9 0 600 204
sum 5 9 0 1200 254
sum 6 9 0 1500 265
sum 7 9 0 1800 270
sum 8 9 0 2100 281
sum 9 9 0 2400 297
sum 10 9 0 2700 318
sum 11 9 0 3000 328
miss fire 9 0 6 6 3 1 1 1 0 2 3 3 3 3 4 4 2 1 1 0 0 0 0 0 0 0 0 0 1 1 1 1 1 1 1 1 4 4 3 3 1 1 2 3 3 1 1 0 0 0 0 0 0
miss human 9 0 25 24 10 9 8 7 7 7 7 7 4 3 3 3 3 0 0 0 0 0 0 0 0 0 0 0 0 0 0 0 0 0 0 0 0 0 0 0 0 0 0 0 0 0 0 0 0 0 0 0 0
miss window 9 0 10 10 10 8 7 6 4 1 1 1 2 2 2 2 1 2 3 2 3 3 3 3 3 2 2 1 0 0 0 0 0 0 0 0 0 0 0 0 2 2 2 3 2 3 3 2 2 2 2 2 2
acm fire 9 0 6 12 15 16 17 18 18 20 23 26 29 32 36 40 42 43 44 44 44 44 44 44 44 44 44 44 45 46 47 48 49 50 51 52 56 60 63 66 67 68 70 73 76 77 78 78 78 78 78 78 78
acm human 9 0 25 49 59 68 76 83 90 97 104 111 115 118 121 124 127 127 127 127 127 127 127 127 127 127 127 127 127 127 127 127 127 127 127 127 127 127 127 127 127 127 127 127 127 127 127 127 127 127 127 127 127
acm window 9 0 10 20 30 38 45 51 55 56 57 58 60 62 64 66 67 69 72 74 77 80 83 86 89 91 93 94 94 94 94 94 94 94 94 94 94 94 94 94 96 98 100 103 105 108 111 113 115 117 119 121 123
tsim fire 9 0 6 6 6 6 6 6 6 8 9 9 9 9 11 11 11 11 11 11 11 11 11 11 11 11 11 11 12 12 12 12 13 13 13 13 16 16 16 16 16 16 18 19 19 19 19 19 19 19 19 19 19
tsim human 9 0 25 24 23 23 22 21 21 19 19 18 16 15 14 14 13 13 13 13 13 13 13 13 13 13 13 13 13 13 13 13 13 13 13 13 13 13 13 13 13 13 13 13 13 13 13 13 13 13 13 13 13
tsim window 9 0 10 10 10 10 10 10 10 10 10 10 11 11 14 14 14 15 16 16 17 17 19 19 19 19 19 19 21 21 21 21 21 21 21 21 21 21 21 21 23 23 23 24 24 25 25 26 26 26 26 28 28
sum 0 10 0 60 81
sum 1 10 0 180 126
sum 2 10 0 360 170
sum 3 10 0 540 200
sum 4 10 0 600 209
sum 5 10 0 1200 258
sum 6 10 0 1500 268
sum 7 10 0 1800 270
sum 8 10 0 2100 279
sum 9 10 0 2400 297
sum 10 10 0 2700 327
sum 11 10 0 3000 354
miss fire 10 0 6 6 5 2 2 2 1 2 3 3 2 2 3 3 1 1 1 0 0 0 0 0 0 0 0 0 1 0 0 0 1 1 1 1 4 2 2 2 2 2 4 3 3 2 2 1 1 1 1 1 1
miss human 10 0 25 24 11 9 8 7 7 7 7 5 5 4 2 2 3 1 1 0 0 0 0 0 0 0 0 0 0 0 0 0 0 0 0 0 0 0 0 0 0 0 0 0 0 0 0 0 0 0 0 0 0
miss window 10 0 10 10 10 8 7 6 4 1 1 1 2 2 2 2 1 2 3 2 3 3 5 3 3 2 2 0 0 0 0 0 0 0 0 0 0 0 0 0 2 2 2 3 3 4 4 5 5 4 3 5 5
acm fire 10 0 6 12 17 19 21 23 24 26 29 32 34 36 39 42 43 44 45 45 45 45 45 45 45 45 45 45 46 46 46 46 47 48 49 50 54 56 58 60 62 64 68 71 74 76 78 79 80 81 82 83 84
acm human 10 0 25 49 60 69 77 84 91 98 105 110 115 119 121 123 126 127 128 128 128 128 128 128 128 128 128 128 128 128 128 128 128 128 128 128 128 128 128 128 128 128 128 128 128 128 128 128 128 128 128 128 128
acm window 10 0 10 20 30 38 45 51 55 56 57 58 60 62 64 66 67 69 72 74 77 80 85 88 91 93 95 95 95 95 95 95 95 95 95 95 95 95 95 95 97 99 101 104 107 111 115 120 125 129 132 137 142
tsim fire 10 0 6 6 6 6 6 6 6 8 9 9 9 9 11 11 11 11 11 11 11 11 11 11 11 11 11 11 12 12 12 12 13 13 13 13 16 16 16 16 16 16 18 19 19 19 19 19 19 19 19 19 19
tsim human 10 0 25 24 23 23 22 21 21 19 19 18 16 15 14 14 13 13 13 13 13 13 13 13 13 13 13 13 13 13 13 13 13 13 13 13 13 13 13 13 13 13 13 13 13 13 13 13 13 13 13 13 13
tsim window 10 0 10 10 10 10 10 10 10 10 10 10 11 11 14 14 14 15 16 16 17 17 19 19 19 19 19 19 21 21 21 21 21 21 21 21 21 21 21 21 23 23 23 24 24 25 25 26 26 26 26 28 28
random:1T:3000
sum 0 0 1 60 86
sum 1 0 1 180 138
sum 2 0 1 360 181
sum 3 0 1 540 220
sum 4 0 1 600 224
sum 5 0 1 1200 274
sum 6 0 1 1500 306
sum 7 0 1 1800 339
sum 8 0 1 2100 376
sum 9 0 1 2400 404
sum 10 0 1 2700 435
sum 11 0 1 3000 469
miss fire 0 1 3 3 2 2 2 1 1 2 2 3 3 6 4 3 3 1 0 0 0 0 0 0 0 0 0 0 0 0 1 1 1 2 2 3 2 2 0 1 1 1 0 0 1 1 2 1 3 2 4 2 2
miss human 0 1 27 27 15 14 9 9 8 8 10 10 1 1 7 4 2 2 0 0 0 0 0 0 0 0 0 0 0 0 0 0 0 0 0 0 0 0 0 0 0 0 0 0 0 0 0 0 0 0 0 0 0
miss window 0 1 13 13 11 8 6 4 3 3 1 0 0 0 0 0 0 2 2 2 2 4 5 6 6 7 7 6 6 6 6 6 6 6 6 6 4 4 4 5 5 5 6 6 5 5 5 5 6 4 4 3 4
acm fire 0 1 3 6 8 10 12 13 14 16 18 21 24 30 34 37 40 41 41 41 41 41 41 41 41 41 41 41 41 41 42 43 44 46 48 51 53 55 55 56 57 58 58 58 59 60 62 63 66 68 72 74 76
acm human 0 1 27 54 69 83 92 101 109 117 127 137 138 139 146 150 152 154 154 154 154 154 154 154 154 154 154 154 154 154 154 154 154 154 154 154 154 154 154 154 154 154 154 154 154 154 154 154 154 154 154 154 154
acm window 0 1 13 26 37 45 51 55 58 61 62 62 62 62 62 62 62 64 66 68 70 74 79 85 91 98 105 111 117 123 129 135 141 147 153 159 163 167 171 176 181 186 192 198 203 208 213 218 224 228 232 235 239
tsim fire 0 1 3 3 3 3 3 4 4 5 5 6 6 9 10 10 10 11 11 11 11 11 11 11 11 11 11 11 11 11 12 12 12 13 13 12 12 12 12 13 13 13 13 13 14 15 16 16 18 18 20 20 20
tsim human 0 1 27 27 27 26 25 23 22 22 20 20 20 20 20 20 19 19 19 19 19 19 19 19 19 19 19 19 19 19 19 19 19 19 19 19 19 19 19 19 19 19 19 19 19 19 19 19 19 19 19 19 19
tsim window 0 1 13 13 13 13 13 13 13 13 13 13 13 16 19 19 19 21 21 21 21 23 24 25 25 26 26 26 26 26 26 26 26 26 26 26 26 26 26 27 27 27 28 28 28 28 28 28 34 34 34 34 35
sum 0 1 1 60 86
sum 1 1 1 180 132
sum 2 1 1 360 200
sum 3 1 1 540 256
sum 4 1 1 600 266
sum 5 1 1 1200 334
sum 6 1 1 1500 363
sum 7 1 1 1800 373
sum 8 1 1 2100 384
sum 9 1 1 2400 398
sum 10 1 1 2700 423
sum 11 1 1 3000 452
miss fire 1 1 3 3 0 0 0 1 1 2 1 2 1 4 4 4 4 3 3 2 2 2 2 2 2 2 1 1 1 1 1 1 1 2 2 3 2 2 1 2 2 2 2 2 3 4 3 3 5 5 5 5 5
miss human 1 1 27 27 11 9 10 12 13 10 12 11 8 8 7 3 2 2 2 0 0 2 2 2 0 0 0 0 0 0 0 0 0 0 0 0 0 0 0 0 0 0 0 0 0 0 0 0 0 0 0 0 0
miss window 1 1 13 13 13 13 12 11 8 8 7 3 1 1 0 0 0 2 2 0 0 2 3 4 4 5 3 3 2 1 1 1 0 0 0 0 0 0 0 1 1 1 2 2 2 2 2 2 1 1 1 0 1
acm fire 1 1 3 6 6 6 6 7 8 10 11 13 14 18 22 26 30 33 36 38 40 42 44 46 48 50 51 52 53 54 55 56 57 59 61 64 66 68 69 71 73 75 77 79 82 86 89 92 97 102 107 112 117
acm human 1 1 27 54 65 74 84 96 109 119 131 142 150 158 165 168 170 172 174 174 174 176 178 180 180 180 180 180 180 180 180 180 180 180 180 180 180 180 180 180 180 180 180 180 180 180 180 180 180 180 180 180 180
acm window 1 1 13 26 39 52 64 75 83 91 98 101 102 103 103 103 103 105 107 107 107 109 112 116 120 125 128 131 133 134 135 136 136 136 136 136 136 136 136 137 138 139 141 143 145 147 149 151 152 153 154 154 155
tsim fire 1 1 3 3 3 3 3 4 4 5 5 6 6 9 10 10 10 11 11 11 11 11 11 11 11 11 11 11 11 11 12 12 12 13 13 12 12 12 12 13 13 13 13 13 14 15 16 16 18 18 20 20 20
tsim human 1 1 27 27 27 26 25 23 22 22 20 20 20 20 20 20 19 19 19 19 19 19 19 19 19 19 19 19 19 19 19 19 19 19 19 19 19 19 19 19 19 19 19 19 19 19 19 19 19 19 19 19 19
tsim window 1 1 13 13 13 13 13 13 13 13 13 13 13 16 19 19 19 21 21 21 21 23 24 25 25 26 26 26 26 26 26 26 26 26 26 26 26 26 26 27 27 27 28 28 28 28 28 28 34 34 34 34 35
sum 0 2 1 60 86
sum 1 2 1 180 134
sum 2 2 1 360 199
sum 3 2 1 540 244
sum 4 2 1 600 252
sum 5 2 1 1200 305
sum 6 2 1 1500 325
sum 7 2 1 1800 335
sum 8 2 1 2100 344
sum 9 2 1 2400 357
sum 10 2 1 2700 375
sum 11 2 1 3000 404
miss fire 2 1 3 3 0 0 0 1 1 2 1 2 1 4 4 4 4 1 1 1 1 1 1 1 0 0 0 0 0 0 1 1 1 2 1 2 2 2 2 2 2 2 2 2 3 2 3 3 4 4 5 5 5
miss human 2 1 27 27 12 10 11 11 10 7 9 8 6 6 5 3 2 1 1 0 0 1 0 0 0 0 0 0 0 0 0 0 0 0 0 0 0 0 0 0 0 0 0 0 0 0 0 0 0 0 0 0 0
miss window 2 1 13 13 13 13 12 10 9 7 6 3 1 1 0 0 0 2 2 1 1 2 3 4 4 5 4 2 2 2 2 1 0 0 0 0 0 0 0 1 1 0 1 1 1 1 1 1 1 1 1 1 2
acm fire 2 1 3 6 6 6 6 7 8 10 11 13 14 18 22 26 30 31 32 33 34 35 36 37 37 37 37 37 37 37 38 39 40 42 43 45 47 49 51 53 55 57 59 61 64 66 69 72 76 80 85 90 95
acm human 2 1 27 54 66 76 87 98 108 115 124 132 138 144 149 152 154 155 156 156 156 157 157 157 157 157 157 157 157 157 157 157 157 157 157 157 157 157 157 157 157 157 157 157 157 157 157 157 157 157 157 157 157
acm window 2 1 13 26 39 52 64 74 83 90 96 99 100 101 101 101 101 103 105 106 107 109 112 116 120 125 129 131 133 135 137 138 138 138 138 138 138 138 138 139 140 140 141 142 143 144 145 146 147 148 149 150 152
tsim fire 2 1 3 3 3 3 3 4 4 5 5 6 6 9 10 10 10 11 11 11 11 11 11 11 11 11 11 11 11 11 12 12 12 13 13 12 12 12 12 13 13 13 13 13 14 15 16 16 18 18 20 20 20
tsim human 2 1 27 27 27 26 25 23 22 22 20 20 20 20 20 20 19 19 19 19 19 19 19 19 19 19 19 19 19 19 19 19 19 19 19 19 19 19 19 19 19 19 19 19 19 19 19 19 19 19 19 19 19
tsim window 2 1 13 13 13 13 13 13 13 13 13 13 13 16 19 19 19 21 21 21 21 23 24 25 25 26 26 26 26 26 26 26 26 26 26 26 26 26 26 27 27 27 28 28 28 28 28 28 34 34 34 34 35
sum 0 3 1 60 86
sum 1 3 1 180 136
sum 2 3 1 360 201
sum 3 3 1 540 249
sum 4 3 1 600 258
sum 5 3 1 1200 380
sum 6 3 1 1500 428
sum 7 3 1 1800 468
sum 8 3 1 2100 511
sum 9 3 1 2400 555
sum 10 3 1 2700 607
sum 11 3 1 3000 671
miss fire 3 1 3 3 3 2 2 3 3 4 4 3 3 5 5 5 5 6 6 6 4 4 1 1 1 1 1 1 1 2 3 1 1 2 2 3 3 3 2 3 2 1 1 1 2 3 4 2 4 2 4 4 4
miss human 3 1 27 27 14 5 6 8 9 8 8 2 2 5 5 5 3 2 1 1 0 0 0 0 0 0 0 0 0 0 0 0 0 0 0 0 0 0 0 0 0 0 0 0 0 0 0 0 0 0 0 0 0
miss window 3 1 13 13 13 13 13 11 10 8 7 4 4 4 5 5 4 6 6 6 4 6 7 8 8 9 9 9 8 6 6 6 6 6 6 6 6 6 6 7 7 7 8 8 8 8 8 8 9 9 9 9 10
acm fire 3 1 3 6 9 11 13 16 19 23 27 30 33 38 43 48 53 59 65 71 75 79 80 81 82 83 84 85 86 88 91 92 93 95 97 100 103 106 108 111 113 114 115 116 118 121 125 127 131 133 137 141 145
acm human 3 1 27 54 68 73 79 87 96 104 112 114 116 121 126 131 134 136 137 138 138 138 138 138 138 138 138 138 138 138 138 138 138 138 138 138 138 138 138 138 138 138 138 138 138 138 138 138 138 138 138 138 138
acm window 3 1 13 26 39 52 65 76 86 94 101 105 109 113 118 123 127 133 139 145 149 155 162 170 178 187 196 205 213 219 225 231 237 243 249 255 261 267 273 280 287 294 302 310 318 326 334 342 351 360 369 378 388
tsim fire 3 1 3 3 3 3 3 4 4 5 5 6 6 9 10 10 10 11 11 11 11 11 11 11 11 11 11 11 11 11 12 12 12 13 13 12 12 12 12 13 13 13 13 13 14 15 16 16 18 18 20 20 20
tsim human 3 1 27 27 27 26 25 23 22 22 20 20 20 20 20 20 19 19 19 19 19 19 19 19 19 19 19 19 19 19 19 19 19 19 19 19 19 19 19 19 19 19 19 19 19 19 19 19 19 19 19 19 19
tsim window 3 1 13 13 13 13 13 13 13 13 13 13 13 16 19 19 19 21 21 21 21 23 24 25 25 26 26 26 26 26 26 26 26 26 26 26 26 26 26 27 27 27 28 28 28 28 28 28 34 34 34 34 35
sum 0 4 1 60 86
sum 1 4 1 180 132
sum 2 4 1 360 199
sum 3 4 1 540 250
sum 4 4 1 600 257
sum 5 4 1 1200 310
sum 6 4 1 1500 330
sum 7 4 1 1800 340
sum 8 4 1 2100 345
sum 9 4 1 2400 359
sum 10 4 1 2700 378
sum 11 4 1 3000 400
miss fire 4 1 3 3 1 1 1 2 1 2 1 2 1 4 4 4 4 3 3 1 1 1 1 1 1 1 1 1 1 1 2 0 0 1 1 1 1 1 1 2 2 2 2 2 2 3 2 2 3 3 4 3 3
miss human 4 1 27 27 10 8 9 11 12 10 10 8 5 5 6 2 1 1 1 0 0 1 1 1 0 0 0 0 0 0 0 0 0 0 0 0 0 0 0 0 0 0 0 0 0 0 0 0 0 0 0 0 0
miss window 4 1 13 13 13 13 12 11 8 8 7 3 1 1 0 0 0 2 2 0 0 2 2 3 3 4 2 2 2 1 1 1 1 0 0 0 0 0 0 1 1 1 2 2 2 2 1 1 1 1 1 1 2
acm fire 4 1 3 6 7 8 9 11 12 14 15 17 18 22 26 30 34 37 40 41 42 43 44 45 46 47 48 49 50 51 53 53 53 54 55 56 57 58 59 61 63 65 67 69 71 74 76 78 81 84 88 91 94
acm human 4 1 27 54 64 72 81 92 104 114 124 132 137 142 148 150 151 152 153 153 153 154 155 156 156 156 156 156 156 156 156 156 156 156 156 156 156 156 156 156 156 156 156 156 156 156 156 156 156 156 156 156 156
acm window 4 1 13 26 39 52 64 75 83 91 98 101 102 103 103 103 103 105 107 107 107 109 111 114 117 121 123 125 127 128 129 130 131 131 131 131 131 131 131 132 133 134 136 138 140 142 143 144 145 146 147 148 150
tsim fire 4 1 3 3 3 3 3 4 4 5 5 6 6 9 10 10 10 11 11 11 11 11 11 11 11 11 11 11 11 11 12 12 12 13 13 12 12 12 12 13 13 13 13 13 14 15 16 16 18 18 20 20 20
tsim human 4 1 27 27 27 26 25 23 22 22 20 20 20 20 20 20 19 19 19 19 19 19 19 19 19 19 19 19 19 19 19 19 19 19 19 19 19 19 19 19 19 19 19 19 19 19 19 19 19 19 19 19 19
tsim window 4 1 13 13 13 13 13 13 13 13 13 13 13 16 19 19 19 21 21 21 21 23 24 25 25 26 26 26 26 26 26 26 26 26 26 26 26 26 26 27 27 27 28 28 28 28 28 28 34 34 34 34 35
sum 0 5 1 60 86
sum 1 5 1 180 134
sum 2 5 1 360 201
sum 3 5 1 540 254
sum 4 5 1 600 264
sum 5 5 1 1200 354
sum 6 5 1 1500 368
sum 7 5 1 1800 376
sum 8 5 1 2100 389
sum 9 5 1 2400 402
sum 10 5 1 2700 424
sum 11 5 1 3000 455
miss fire 5 1 3 3 1 1 1 2 2 2 1 1 1 4 4 4 4 5 5 5 1 1 0 0 0 0 0 0 0 0 1 1 1 2 2 3 3 3 2 3 1 1 1 1 2 3 3 3 4 4 5 4 4
miss human 5 1 27 27 11 9 8 7 8 7 9 8 4 4 5 5 4 3 2 2 2 2 1 1 0 0 0 0 0 0 0 0 0 0 0 0 0 0 0 0 0 0 0 0 0 0 0 0 0 0 0 0 0
miss window 5 1 13 13 13 13 13 13 13 11 8 6 5 7 3 0 0 2 2 2 2 4 5 6 2 3 1 1 1 1 1 1 1 0 0 0 0 0 0 1 1 1 2 2 2 2 2 2 3 3 1 1 2
acm fire 5 1 3 6 7 8 9 11 13 15 16 17 18 22 26 30 34 39 44 49 50 51 51 51 51 51 51 51 51 51 52 53 54 56 58 61 64 67 69 72 73 74 75 76 78 81 84 87 91 95 100 104 108
acm human 5 1 27 54 65 74 82 89 97 104 113 121 125 129 134 139 143 146 148 150 152 154 155 156 156 156 156 156 156 156 156 156 156 156 156 156 156 156 156 156 156 156 156 156 156 156 156 156 156 156 156 156 156
acm window 5 1 13 26 39 52 65 78 91 102 110 116 121 128 131 131 131 133 135 137 139 143 148 154 156 159 160 161 162 163 164 165 166 166 166 166 166 166 166 167 168 169 171 173 175 177 179 181 184 187 188 189 191
tsim fire 5 1 3 3 3 3 3 4 4 5 5 6 6 9 10 10 10 11 11 11 11 11 11 11 11 11 11 11 11 11 12 12 12 13 13 12 12 12 12 13 13 13 13 13 14 15 16 16 18 18 20 20 20
tsim human 5 1 27 27 27 26 25 23 22 22 20 20 20 20 20 20 19 19 19 19 19 19 19 19 19 19 19 19 19 19 19 19 19 19 19 19 19 19 19 19 19 19 19 19 19 19 19 19 19 19 19 19 19
tsim window 5 1 13 13 13 13 13 13 13 13 13 13 13 16 19 19 19 21 21 21 21 23 24 25 25 26 26 26 26 26 26 26 26 26 26 26 26 26 26 27 27 27 28 28 28 28 28 28 34 34 34 34 35
sum 0 6 1 60 86
sum 1 6 1 180 136
sum 2 6 1 360 175
sum 3 6 1 540 208
sum 4 6 1 600 217
sum 5 6 1 1200 287
sum 6 6 1 1500 315
sum 7 6 1 1800 333
sum 8 6 1 2100 341
sum 9 6 1 2400 349
sum 10 6 1 2700 357
sum 11 6 1 3000 376
miss fire 6 1 3 3 1 1 1 1 1 2 2 3 3 6 6 6 6 7 3 3 3 2 2 2 2 2 2 0 0 0 1 1 1 1 1 2 2 0 0 1 1 1 0 0 1 1 2 1 3 2 4 3 3
miss human 6 1 27 27 15 14 9 8 6 6 8 8 6 6 4 4 0 0 0 0 0 0 0 0 0 0 0 0 0 0 0 0 0 0 0 0 0 0 0 0 0 0 0 0 0 0 0 0 0 0 0 0 0
miss window 6 1 13 13 11 8 6 4 3 3 1 0 0 0 0 0 0 2 2 2 1 2 3 4 4 4 4 4 4 4 4 2 1 1 1 0 0 0 0 1 1 1 2 2 1 0 0 0 1 1 1 0 1
acm fire 6 1 3 6 7 8 9 10 11 13 15 18 21 27 33 39 45 52 55 58 61 63 65 67 69 71 73 73 73 73 74 75 76 77 78 80 82 82 82 83 84 85 85 85 86 87 89 90 93 95 99 102 105
acm human 6 1 27 54 69 83 92 100 106 112 120 128 134 140 144 148 148 148 148 148 148 148 148 148 148 148 148 148 148 148 148 148 148 148 148 148 148 148 148 148 148 148 148 148 148 148 148 148 148 148 148 148 148
acm window 6 1 13 26 37 45 51 55 58 61 62 62 62 62 62 62 62 64 66 68 69 71 74 78 82 86 90 94 98 102 106 108 109 110 111 111 111 111 111 112 113 114 116 118 119 119 119 119 120 121 122 122 123
tsim fire 6 1 3 3 3 3 3 4 4 5 5 6 6 9 10 10 10 11 11 11 11 11 11 11 11 11 11 11 11 11 12 12 12 13 13 12 12 12 12 13 13 13 13 13 14 15 16 16 18 18 20 20 20
tsim human 6 1 27 27 27 26 25 23 22 22 20 20 20 20 20 20 19 19 19 19 19 19 19 19 19 19 19 19 19 19 19 19 19 19 19 19 19 19 19 19 19 19 19 19 19 19 19 19 19 19 19 19 19
tsim window 6 1 13 13 13 13 13 13 13 13 13 13 13 16 19 19 19 21 21 21 21 23 24 25 25 26 26 26 26 26 26 26 26 26 26 26 26 26 26 27 27 27 28 28 28 28 28 28 34 34 34 34 35
sum 0 7 1 60 86
sum 1 7 1 180 134
sum 2 7 1 360 172
sum 3 7 1 540 202
sum 4 7 1 600 210
sum 5 7 1 1200 269
sum 6 7 1 1500 290
sum 7 7 1 1800 296
sum 8 7 1 2100 306
sum 9 7 1 2400 317
sum 10 7 1 2700 335
sum 11 7 1 3000 365
miss fire 7 1 3 3 1 1 1 1 1 2 2 3 3 6 5 5 3 4 3 3 2 2 2 0 0 0 0 0 0 0 1 1 1 2 2 2 2 2 1 2 1 1 1 1 2 3 4 2 4 4 5 4 4
miss human 7 1 27 27 14 13 10 7 5 5 7 7 5 5 3 3 0 0 0 0 0 0 0 0 0 0 0 0 0 0 0 0 0 0 0 0 0 0 0 0 0 0 0 0 0 0 0 0 0 0 0 0 0
miss window 7 1 13 13 11 8 6 4 3 3 1 0 0 0 0 0 0 2 2 2 1 3 3 4 4 5 5 3 1 1 1 0 0 0 0 0 0 0 0 1 1 1 2 2 1 1 1 1 2 2 2 1 2
acm fire 7 1 3 6 7 8 9 10 11 13 15 18 21 27 32 37 40 44 47 50 52 54 56 56 56 56 56 56 56 56 57 58 59 61 63 65 67 69 70 72 73 74 75 76 78 81 85 87 91 95 100 104 108
acm human 7 1 27 54 68 81 91 98 103 108 115 122 127 132 135 138 138 138 138 138 138 138 138 138 138 138 138 138 138 138 138 138 138 138 138 138 138 138 138 138 138 138 138 138 138 138 138 138 138 138 138 138 138
acm window 7 1 13 26 37 45 51 55 58 61 62 62 62 62 62 62 62 64 66 68 69 72 75 79 83 88 93 96 97 98 99 99 99 99 99 99 99 99 99 100 101 102 104 106 107 108 109 110 112 114 116 117 119
tsim fire 7 1 3 3 3 3 3 4 4 5 5 6 6 9 10 10 10 11 11 11 11 11 11 11 11 11 11 11 11 11 12 12 12 13 13 12 12 12 12 13 13 13 13 13 14 15 16 16 18 18 20 20 20
tsim human 7 1 27 27 27 26 25 23 22 22 20 20 20 20 20 20 19 19 19 19 19 19 19 19 19 19 19 19 19 19 19 19 19 19 19 19 19 19 19 19 19 19 19 19 19 19 19 19 19 19 19 19 19
tsim window 7 1 13 13 13 13 13 13 13 13 13 13 13 16 19 19 19 21 21 21 21 23 24 25 25 26 26 26 26 26 26 26 26 26 26 26 26 26 26 27 27 27 28 28 28 28 28 28 34 34 34 34 35
sum 0 8 1 60 86
sum 1 8 1 180 127
sum 2 8 1 360 185
sum 3 8 1 540 231
sum 4 8 1 600 238
sum 5 8 1 1200 298
sum 6 8 1 1500 324
sum 7 8 1 1800 332
sum 8 8 1 2100 345
sum 9 8 1 2400 362
sum 10 8 1 2700 380
sum 11 8 1 3000 419
miss fire 8 1 3 3 0 0 0 1 1 2 1 2 1 4 4 4 4 2 2 2 2 2 1 1 1 1 0 0 0 0 1 1 1 2 2 3 2 2 2 3 3 2 2 1 2 1 2 2 4 5 6 6 6
miss human 8 1 27 27 8 7 8 8 9 7 9 9 5 5 6 4 3 1 1 0 0 1 0 0 0 0 0 0 0 0 0 0 0 0 0 0 0 0 0 0 0 0 0 0 0 0 0 0 0 0 0 0 0
miss window 8 1 13 13 13 13 12 10 9 7 6 3 1 1 0 0 0 2 2 1 1 2 3 4 4 5 5 5 1 1 1 1 1 1 1 0 0 0 0 1 1 1 2 2 2 2 2 2 3 2 2 2 3
acm fire 8 1 3 6 6 6 6 7 8 10 11 13 14 18 22 26 30 32 34 36 38 40 41 42 43 44 44 44 44 44 45 46 47 49 51 54 56 58 60 63 66 68 70 71 73 74 76 78 82 87 93 99 105
acm human 8 1 27 54 62 69 77 85 94 101 110 119 124 129 135 139 142 143 144 144 144 145 145 145 145 145 145 145 145 145 145 145 145 145 145 145 145 145 145 145 145 145 145 145 145 145 145 145 145 145 145 145 145
acm window 8 1 13 26 39 52 64 74 83 90 96 99 100 101 101 101 101 103 105 106 107 109 112 116 120 125 130 135 136 137 138 139 140 141 142 142 142 142 142 143 144 145 147 149 151 153 155 157 160 162 164 166 169
tsim fire 8 1 3 3 3 3 3 4 4 5 5 6 6 9 10 10 10 11 11 11 11 11 11 11 11 11 11 11 11 11 12 12 12 13 13 12 12 12 12 13 13 13 13 13 14 15 16 16 18 18 20 20 20
tsim human 8 1 27 27 27 26 25 23 22 22 20 20 20 20 20 20 19 19 19 19 19 19 19 19 19 19 19 19 19 19 19 19 19 19 19 19 19 19 19 19 19 19 19 19 19 19 19 19 19 19 19 19 19
tsim window 8 1 13 13 13 13 13 13 13 13 13 13 13 16 19 19 19 21 21 21 21 23 24 25 25 26 26 26 26 26 26 26 26 26 26 26 26 26 26 27 27 27 28 28 28 28 28 28 34 34 34 34 35
sum 0 9 1 60 86
sum 1 9 1 180 124
sum 2 9 1 360 176
sum 3 9 1 540 224
sum 4 9 1 600 231
sum 5 9 1 1200 287
sum 6 9 1 1500 310
sum 7 9 1 1800 313
sum 8 9 1 2100 316
sum 9 9 1 2400 325
sum 10 9 1 2700 339
sum 11 9 1 3000 363
miss fire 9 1 3 3 1 1 1 2 2 3 2 3 1 4 4 4 4 1 1 1 1 1 1 1 1 0 0 0 0 0 1 1 1 2 1 0 0 0 0 1 1 1 1 0 1 2 2 2 3 3 4 3 3
miss human 9 1 27 27 6 4 5 5 6 6 8 8 5 5 6 3 2 1 1 2 0 0 1 0 0 0 0 0 0 0 0 0 0 0 0 0 0 0 0 0 0 0 0 0 0 0 0 0 0 0 0 0 0
miss window 9 1 13 13 13 13 12 11 8 8 7 3 1 1 0 0 0 2 2 1 1 3 3 4 4 5 5 3 0 0 0 0 0 0 0 0 0 0 0 1 1 1 2 2 2 1 1 1 2 2 1 1 2
acm fire 9 1 3 6 7 8 9 11 13 16 18 21 22 26 30 34 38 39 40 41 42 43 44 45 46 46 46 46 46 46 47 48 49 51 52 52 52 52 52 53 54 55 56 56 57 59 61 63 66 69 73 76 79
acm human 9 1 27 54 60 64 69 74 80 86 94 102 107 112 118 121 123 124 125 127 127 127 128 128 128 128 128 128 128 128 128 128 128 128 128 128 128 128 128 128 128 128 128 128 128 128 128 128 128 128 128 128 128
acm window 9 1 13 26 39 52 64 75 83 91 98 101 102 103 103 103 103 105 107 108 109 112 115 119 123 128 133 136 136 136 136 136 136 136 136 136 136 136 136 137 138 139 141 143 145 146 147 148 150 152 153 154 156
tsim fire 9 1 3 3 3 3 3 4 4 5 5 6 6 9 10 10 10 11 11 11 11 11 11 11 11 11 11 11 11 11 12 12 12 13 13 12 12 12 12 13 13 13 13 13 14 15 16 16 18 18 20 20 20
tsim human 9 1 27 27 27 26 25 23 22 22 20 20 20 20 20 20 19 19 19 19 19 19 19 19 19 19 19 19 19 19 19 19 19 19 19 19 19 19 19 19 19 19 19 19 19 19 19 19 19 19 19 19 19
tsim window 9 1 13 13 13 13 13 13 13 13 13 13 13 16 19 19 19 21 21 21 21 23 24 25 25 26 26 26 26 26 26 26 26 26 26 26 26 26 26 27 27 27 28 28 28 28 28 28 34 34 34 34 35
sum 0 10 1 60 86
sum 1 10 1 180 134
sum 2 10 1 360 208
sum 3 10 1 540 269
sum 4 10 1 600 279
sum 5 10 1 1200 332
sum 6 10 1 1500 344
sum 7 10 1 1800 347
sum 8 10 1 2100 355
sum 9 10 1 2400 364
sum 10 10 1 2700 378
sum 11 10 1 3000 400
miss fire 10 1 3 3 0 0 0 1 1 2 1 2 1 4 4 4 4 2 2 1 1 1 1 1 1 0 0 0 0 0 1 1 1 1 1 2 2 2 0 1 1 1 2 2 1 2 3 3 4 4 4 2 2
miss human 10 1 27 27 11 11 12 14 15 14 13 11 8 8 6 2 1 1 1 0 0 0 0 0 0 0 0 0 0 0 0 0 0 0 0 0 0 0 0 0 0 0 0 0 0 0 0 0 0 0 0 0 0
miss window 10 1 13 13 13 13 12 11 8 8 7 3 1 1 0 0 0 2 2 0 0 2 3 3 3 2 2 0 0 0 0 0 0 0 0 0 0 0 0 1 1 1 1 1 1 1 0 0 1 1 1 1 2
acm fire 10 1 3 6 6 6 6 7 8 10 11 13 14 18 22 26 30 32 34 35 36 37 38 39 40 40 40 40 40 40 41 42 43 44 45 47 49 51 51 52 53 54 56 58 59 61 64 67 71 75 79 81 83
acm human 10 1 27 54 65 76 88 102 117 131 144 155 163 171 177 179 180 181 182 182 182 182 182 182 182 182 182 182 182 182 182 182 182 182 182 182 182 182 182 182 182 182 182 182 182 182 182 182 182 182 182 182 182
acm window 10 1 13 26 39 52 64 75 83 91 98 101 102 103 103 103 103 105 107 107 107 109 112 115 118 120 122 122 122 122 122 122 122 122 122 122 122 122 122 123 124 125 126 127 128 129 129 129 130 131 132 133 135
tsim fire 10 1 3 3 3 3 3 4 4 5 5 6 6 9 10 10 10 11 11 11 11 11 11 11 11 11 11 11 11 11 12 12 12 13 13 12 12 12 12 13 13 13 13 13 14 15 16 16 18 18 20 20 20
tsim human 10 1 27 27 27 26 25 23 22 22 20 20 20 20 20 20 19 19 19 19 19 19 19 19 19 19 19 19 19 19 19 19 19 19 19 19 19 19 19 19 19 19 19 19 19 19 19 19 19 19 19 19 19
tsim window 10 1 13 13 13 13 13 13 13 13 13 13 13 16 19 19 19 21 21 21 21 23 24 25 25 26 26 26 26 26 26 26 26 26 26 26 26 26 26 27 27 27 28 28 28 28 28 28 34 34 34 34 35
