random:0T:3000
sum 0 0 0 60 81
sum 1 0 0 180 137
sum 2 0 0 360 191
sum 3 0 0 540 219
sum 4 0 0 600 226
sum 5 0 0 1200 264
sum 6 0 0 1500 278
sum 7 0 0 1800 293
sum 8 0 0 2100 309
sum 9 0 0 2400 329
sum 10 0 0 2700 338
sum 11 0 0 3000 342
miss fire 0 0 6 6 2 1 1 1 1 2 3 3 2 2 3 2 1 1 0 0 0 0 0 0 0 0 0 0 1 1 1 1 1 1 0 0 3 2 2 0 0 0 2 3 1 1 0 0 0 0 0 0 0
miss human 0 0 25 24 21 19 17 14 11 8 6 6 5 4 3 3 3 3 1 1 0 0 0 0 1 1 0 0 0 0 0 0 0 0 0 0 0 0 0 0 0 0 0 0 0 0 0 0 0 0 0 0 0
miss window 0 0 10 10 7 6 5 2 2 0 0 0 0 0 0 0 0 1 1 1 2 2 4 4 2 2 2 2 2 2 2 2 2 2 2 2 2 2 2 2 4 4 4 2 0 1 0 1 0 0 0 2 2
acm fire 0 0 6 12 14 15 16 17 18 20 23 26 28 30 33 35 36 37 37 37 37 37 37 37 37 37 37 37 38 39 40 41 42 43 43 43 46 48 50 50 50 50 52 55 56 57 57 57 57 57 57 57 57
acm human 0 0 25 49 70 89 106 120 131 139 145 151 156 160 163 166 169 172 173 174 174 174 174 174 175 176 176 176 176 176 176 176 176 176 176 176 176 176 176 176 176 176 176 176 176 176 176 176 176 176 176 176 176
acm window 0 0 10 20 27 33 38 40 42 42 42 42 42 42 42 42 42 43 44 45 47 49 53 57 59 61 63 65 67 69 71 73 75 77 79 81 83 85 87 89 93 97 101 103 103 104 104 105 105 105 105 107 109
tsim fire 0 0 6 6 6 6 6 6 6 8 9 9 9 9 11 11 11 11 11 11 11 11 11 11 11 11 11 11 12 12 12 12 13 13 13 13 16 16 16 16 16 16 18 19 19 19 19 19 19 19 19 19 19
tsim human 0 0 25 24 23 23 22 21 21 19 19 18 16 15 14 14 13 13 13 13 13 13 13 13 13 13 13 13 13 13 13 13 13 13 13 13 13 13 13 13 13 13 13 13 13 13 13 13 13 13 13 13 13
tsim window 0 0 10 10 10 10 10 10 10 10 10 10 11 11 14 14 14 15 16 16 17 17 19 19 19 19 19 19 21 21 21 21 21 21 21 21 21 21 21 21 23 23 23 24 24 25 25 26 26 26 26 28 28
sum 0 1 0 60 81
sum 1 1 0 180 127
sum 2 1 0 360 167
sum 3 1 0 540 198
sum 4 1 0 600 208
sum 5 1 0 1200 246
sum 6 1 0 1500 256
sum 7 1 0 1800 260
sum 8 1 0 2100 268
sum 9 1 0 2400 289
sum 10 1 0 2700 300
sum 11 1 0 3000 314
miss fire 1 0 6 6 1 1 0 0 0 2 3 3 1 1 3 1 1 1 0 0 0 0 0 0 0 0 0 0 1 1 1 0 1 1 1 0 3 3 3 3 3 2 4 1 1 0 0 0 0 0 0 0 0
miss human 1 0 25 24 15 13 11 7 5 5 5 6 6 5 4 3 1 1 0 0 1 0 0 0 0 0 0 0 0 0 0 0 0 0 0 0 0 0 0 0 0 0 0 0 0 0 0 0 0 0 0 0 0
miss window 1 0 10 10 9 7 6 6 5 3 2 2 3 3 0 0 0 1 2 2 2 2 4 4 3 3 0 0 0 0 0 0 0 0 0 0 0 0 0 0 2 2 2 1 1 2 2 3 3 3 2 3 3
acm fire 1 0 6 12 13 14 14 14 14 16 19 22 23 24 27 28 29 30 30 30 30 30 30 30 30 30 30 30 31 32 33 33 34 35 36 36 39 42 45 48 51 53 57 58 59 59 59 59 59 59 59 59 59
acm human 1 0 25 49 64 77 88 95 100 105 110 116 122 127 131 134 135 136 136 136 137 137 137 137 137 137 137 137 137 137 137 137 137 137 137 137 137 137 137 137 137 137 137 137 137 137 137 137 137 137 137 137 137
acm window 1 0 10 20 29 36 42 48 53 56 58 60 63 66 66 66 66 67 69 71 73 75 79 83 86 89 89 89 89 89 89 89 89 89 89 89 89 89 89 89 91 93 95 96 97 99 101 104 107 110 112 115 118
tsim fire 1 0 6 6 6 6 6 6 6 8 9 9 9 9 11 11 11 11 11 11 11 11 11 11 11 11 11 11 12 12 12 12 13 13 13 13 16 16 16 16 16 16 18 19 19 19 19 19 19 19 19 19 19
tsim human 1 0 25 24 23 23 22 21 21 19 19 18 16 15 14 14 13 13 13 13 13 13 13 13 13 13 13 13 13 13 13 13 13 13 13 13 13 13 13 13 13 13 13 13 13 13 13 13 13 13 13 13 13
tsim window 1 0 10 10 10 10 10 10 10 10 10 10 11 11 14 14 14 15 16 16 17 17 19 19 19 19 19 19 21 21 21 21 21 21 21 21 21 21 21 21 23 23 23 24 24 25 25 26 26 26 26 28 28
sum 0 2 0 60 81
sum 1 2 0 180 128
sum 2 2 0 360 173
sum 3 2 0 540 209
sum 4 2 0 600 220
sum 5 2 0 1200 277
sum 6 2 0 1500 292
sum 7 2 0 1800 301
sum 8 2 0 2100 309
sum 9 2 0 2400 328
sum 10 2 0 2700 348
sum 11 2 0 3000 355
miss fire 2 0 6 6 2 1 1 0 0 2 3 3 1 1 2 2 2 2 0 0 0 0 0 0 0 0 0 0 1 1 1 1 2 1 1 0 3 3 3 3 3 1 3 4 3 3 0 0 0 0 0 0 0
miss human 2 0 25 24 16 9 8 6 5 5 5 6 6 5 4 4 5 5 2 2 1 1 2 2 0 0 1 1 1 1 1 0 0 0 0 0 0 0 0 0 0 0 0 0 0 0 0 0 0 0 0 0 0
miss window 2 0 10 10 10 9 9 9 7 6 3 3 4 4 1 0 0 1 2 2 2 2 3 3 3 3 1 1 0 0 0 0 0 0 0 0 0 0 0 0 2 2 2 2 2 3 1 2 2 1 0 2 2
acm fire 2 0 6 12 14 15 16 16 16 18 21 24 25 26 28 30 32 34 34 34 34 34 34 34 34 34 34 34 35 36 37 38 40 41 42 42 45 48 51 54 57 58 61 65 68 71 71 71 71 71 71 71 71
acm human 2 0 25 49 65 74 82 88 93 98 103 109 115 120 124 128 133 138 140 142 143 144 146 148 148 148 149 150 151 152 153 153 153 153 153 153 153 153 153 153 153 153 153 153 153 153 153 153 153 153 153 153 153
acm window 2 0 10 20 30 39 48 57 64 70 73 76 80 84 85 85 85 86 88 90 92 94 97 100 103 106 107 108 108 108 108 108 108 108 108 108 108 108 108 108 110 112 114 116 118 121 122 124 126 127 127 129 131
tsim fire 2 0 6 6 6 6 6 6 6 8 9 9 9 9 11 11 11 11 11 11 11 11 11 11 11 11 11 11 12 12 12 12 13 13 13 13 16 16 16 16 16 16 18 19 19 19 19 19 19 19 19 19 19
tsim human 2 0 25 24 23 23 22 21 21 19 19 18 16 15 14 14 13 13 13 13 13 13 13 13 13 13 13 13 13 13 13 13 13 13 13 13 13 13 13 13 13 13 13 13 13 13 13 13 13 13 13 13 13
tsim window 2 0 10 10 10 10 10 10 10 10 10 10 11 11 14 14 14 15 16 16 17 17 19 19 19 19 19 19 21 21 21 21 21 21 21 21 21 21 21 21 23 23 23 24 24 25 25 26 26 26 26 28 28
sum 0 3 0 60 81
sum 1 3 0 180 135
sum 2 3 0 360 192
sum 3 3 0 540 227
sum 4 3 0 600 234
sum 5 3 0 1200 306
sum 6 3 0 1500 344
sum 7 3 0 1800 379
sum 8 3 0 2100 420
sum 9 3 0 2400 462
sum 10 3 0 2700 517
sum 11 3 0 3000 572
miss fire 3 0 6 6 1 1 1 1 1 3 4 2 2 0 2 2 2 2 1 1 0 0 0 0 0 0 0 0 1 1 1 0 1 1 1 1 4 4 2 2 0 0 2 2 2 2 1 1 1 1 1 0 0
miss human 3 0 25 24 19 14 11 9 7 5 5 5 3 4 3 3 2 2 1 0 0 0 0 0 0 0 0 0 0 0 0 0 0 0 0 0 0 0 0 0 0 0 0 0 0 0 0 0 0 0 0 0 0
miss window 3 0 10 10 10 9 9 9 9 6 4 1 2 2 4 4 3 4 5 5 6 6 8 8 8 8 7 7 7 6 6 6 6 6 6 6 6 6 6 6 8 8 8 9 9 10 9 10 10 10 10 11 11
acm fire 3 0 6 12 13 14 15 16 17 20 24 26 28 28 30 32 34 36 37 38 38 38 38 38 38 38 38 38 39 40 41 41 42 43 44 45 49 53 55 57 57 57 59 61 63 65 66 67 68 69 70 70 70
acm human 3 0 25 49 68 82 93 102 109 114 119 124 127 131 134 137 139 141 142 142 142 142 142 142 142 142 142 142 142 142 142 142 142 142 142 142 142 142 142 142 142 142 142 142 142 142 142 142 142 142 142 142 142
acm window 3 0 10 20 30 39 48 57 66 72 76 77 79 81 85 89 92 96 101 106 112 118 126 134 142 150 157 164 171 177 183 189 195 201 207 213 219 225 231 237 245 253 261 270 279 289 298 308 318 328 338 349 360
tsim fire 3 0 6 6 6 6 6 6 6 8 9 9 9 9 11 11 11 11 11 11 11 11 11 11 11 11 11 11 12 12 12 12 13 13 13 13 16 16 16 16 16 16 18 19 19 19 19 19 19 19 19 19 19
tsim human 3 0 25 24 23 23 22 21 21 19 19 18 16 15 14 14 13 13 13 13 13 13 13 13 13 13 13 13 13 13 13 13 13 13 13 13 13 13 13 13 13 13 13 13 13 13 13 13 13 13 13 13 13
tsim window 3 0 10 10 10 10 10 10 10 10 10 10 11 11 14 14 14 15 16 16 17 17 19 19 19 19 19 19 21 21 21 21 21 21 21 21 21 21 21 21 23 23 23 24 24 25 25 26 26 26 26 28 28
sum 0 4 0 60 81
sum 1 4 0 180 128
sum 2 4 0 360 168
sum 3 4 0 540 202
sum 4 4 0 600 213
sum 5 4 0 1200 251
sum 6 4 0 1500 263
sum 7 4 0 1800 266
sum 8 4 0 2100 270
sum 9 4 0 2400 280
sum 10 4 0 2700 294
sum 11 4 0 3000 305
miss fire 4 0 6 6 3 3 2 2 1 3 4 4 3 3 3 1 1 1 0 0 0 0 0 0 0 0 0 0 1 1 0 0 1 0 0 0 3 1 1 1 0 0 2 3 0 0 0 0 0 0 0 0 0
miss human 4 0 25 24 15 10 8 5 5 5 5 6 5 4 3 3 1 1 0 0 1 0 0 0 0 0 0 0 0 0 0 0 0 0 0 0 0 0 0 0 0 0 0 0 0 0 0 0 0 0 0 0 0
miss window 4 0 10 10 9 7 6 6 5 3 2 2 3 3 0 0 0 1 2 2 2 2 4 4 3 3 2 0 0 0 0 0 0 0 0 0 0 0 0 0 2 2 2 3 2 3 1 2 2 2 1 3 3
acm fire 4 0 6 12 15 18 20 22 23 26 30 34 37 40 43 44 45 46 46 46 46 46 46 46 46 46 46 46 47 48 48 48 49 49 49 49 52 53 54 55 55 55 57 60 60 60 60 60 60 60 60 60 60
acm human 4 0 25 49 64 74 82 87 92 97 102 108 113 117 120 123 124 125 125 125 126 126 126 126 126 126 126 126 126 126 126 126 126 126 126 126 126 126 126 126 126 126 126 126 126 126 126 126 126 126 126 126 126
acm window 4 0 10 20 29 36 42 48 53 56 58 60 63 66 66 66 66 67 69 71 73 75 79 83 86 89 91 91 91 91 91 91 91 91 91 91 91 91 91 91 93 95 97 100 102 105 106 108 110 112 113 116 119
tsim fire 4 0 6 6 6 6 6 6 6 8 9 9 9 9 11 11 11 11 11 11 11 11 11 11 11 11 11 11 12 12 12 12 13 13 13 13 16 16 16 16 16 16 18 19 19 19 19 19 19 19 19 19 19
tsim human 4 0 25 24 23 23 22 21 21 19 19 18 16 15 14 14 13 13 13 13 13 13 13 13 13 13 13 13 13 13 13 13 13 13 13 13 13 13 13 13 13 13 13 13 13 13 13 13 13 13 13 13 13
tsim window 4 0 10 10 10 10 10 10 10 10 10 10 11 11 14 14 14 15 16 16 17 17 19 19 19 19 19 19 21 21 21 21 21 21 21 21 21 21 21 21 23 23 23 24 24 25 25 26 26 26 26 28 28
sum 0 5 0 60 81
sum 1 5 0 180 125
sum 2 5 0 360 169
sum 3 5 0 540 199
sum 4 5 0 600 209
sum 5 5 0 1200 270
sum 6 5 0 1500 279
sum 7 5 0 1800 283
sum 8 5 0 2100 291
sum 9 5 0 2400 302
sum 10 5 0 2700 328
sum 11 5 0 3000 335
miss fire 5 0 6 6 2 1 1 0 0 2 3 2 2 2 4 3 2 2 1 0 0 0 0 0 0 0 0 0 1 1 1 0 1 1 1 1 4 1 1 1 1 0 2 3 3 2 2 0 0 0 0 0 0
miss human 5 0 25 24 14 10 9 7 7 5 4 5 5 4 3 2 3 3 3 2 2 3 3 1 1 1 0 0 0 0 0 0 0 0 0 0 0 0 0 0 0 0 0 0 0 0 0 0 0 0 0 0 0
miss window 5 0 10 10 9 8 8 6 6 3 3 3 3 3 3 1 0 1 2 2 3 1 3 2 2 2 0 0 0 0 0 0 0 0 0 0 0 0 0 0 2 2 2 3 3 4 4 2 2 1 0 2 2
acm fire 5 0 6 12 14 15 16 16 16 18 21 23 25 27 31 34 36 38 39 39 39 39 39 39 39 39 39 39 40 41 42 42 43 44 45 46 50 51 52 53 54 54 56 59 62 64 66 66 66 66 66 66 66
acm human 5 0 25 49 63 73 82 89 96 101 105 110 115 119 122 124 127 130 133 135 137 140 143 144 145 146 146 146 146 146 146 146 146 146 146 146 146 146 146 146 146 146 146 146 146 146 146 146 146 146 146 146 146
acm window 5 0 10 20 29 37 45 51 57 60 63 66 69 72 75 76 76 77 79 81 84 85 88 90 92 94 94 94 94 94 94 94 94 94 94 94 94 94 94 94 96 98 100 103 106 110 114 116 118 119 119 121 123
tsim fire 5 0 6 6 6 6 6 6 6 8 9 9 9 9 11 11 11 11 11 11 11 11 11 11 11 11 11 11 12 12 12 12 13 13 13 13 16 16 16 16 16 16 18 19 19 19 19 19 19 19 19 19 19
tsim human 5 0 25 24 23 23 22 21 21 19 19 18 16 15 14 14 13 13 13 13 13 13 13 13 13 13 13 13 13 13 13 13 13 13 13 13 13 13 13 13 13 13 13 13 13 13 13 13 13 13 13 13 13
tsim window 5 0 10 10 10 10 10 10 10 10 10 10 11 11 14 14 14 15 16 16 17 17 19 19 19 19 19 19 21 21 21 21 21 21 21 21 21 21 21 21 23 23 23 24 24 25 25 26 26 26 26 28 28
sum 0 6 0 60 81
sum 1 6 0 180 137
sum 2 6 0 360 191
sum 3 6 0 540 219
sum 4 6 0 600 228
sum 5 6 0 1200 264
sum 6 6 0 1500 273
sum 7 6 0 1800 275
sum 8 6 0 2100 280
sum 9 6 0 2400 288
sum 10 6 0 2700 309
sum 11 6 0 3000 319
miss fire 6 0 6 6 2 1 1 1 1 2 3 3 3 3 3 2 2 0 0 0 0 0 0 0 0 0 0 0 1 0 0 0 1 1 0 0 3 1 1 0 0 0 2 2 2 2 2 1 1 1 1 0 0
miss human 6 0 25 24 21 19 17 14 11 8 6 6 5 4 3 2 3 1 1 3 0 0 0 0 1 1 0 0 0 0 0 0 0 0 0 0 0 0 0 0 0 0 0 0 0 0 0 0 0 0 0 0 0
miss window 6 0 10 10 7 6 5 2 2 0 0 0 1 1 0 0 0 1 2 0 1 1 3 3 1 1 1 1 0 0 0 0 0 0 0 0 0 0 0 0 2 2 1 2 2 3 2 3 3 0 0 2 2
acm fire 6 0 6 12 14 15 16 17 18 20 23 26 29 32 35 37 39 39 39 39 39 39 39 39 39 39 39 39 40 40 40 40 41 42 42 42 45 46 47 47 47 47 49 51 53 55 57 58 59 60 61 61 61
acm human 6 0 25 49 70 89 106 120 131 139 145 151 156 160 163 165 168 169 170 173 173 173 173 173 174 175 175 175 175 175 175 175 175 175 175 175 175 175 175 175 175 175 175 175 175 175 175 175 175 175 175 175 175
acm window 6 0 10 20 27 33 38 40 42 42 42 42 43 44 44 44 44 45 47 47 48 49 52 55 56 57 58 59 59 59 59 59 59 59 59 59 59 59 59 59 61 63 64 66 68 71 73 76 79 79 79 81 83
tsim fire 6 0 6 6 6 6 6 6 6 8 9 9 9 9 11 11 11 11 11 11 11 11 11 11 11 11 11 11 12 12 12 12 13 13 13 13 16 16 16 16 16 16 18 19 19 19 19 19 19 19 19 19 19
tsim human 6 0 25 24 23 23 22 21 21 19 19 18 16 15 14 14 13 13 13 13 13 13 13 13 13 13 13 13 13 13 13 13 13 13 13 13 13 13 13 13 13 13 13 13 13 13 13 13 13 13 13 13 13
tsim window 6 0 10 10 10 10 10 10 10 10 10 10 11 11 14 14 14 15 16 16 17 17 19 19 19 19 19 19 21 21 21 21 21 21 21 21 21 21 21 21 23 23 23 24 24 25 25 26 26 26 26 28 28
sum 0 7 0 60 81
sum 1 7 0 180 137
sum 2 7 0 360 191
sum 3 7 0 540 217
sum 4 7 0 600 225
sum 5 7 0 1200 263
sum 6 7 0 1500 268
sum 7 7 0 1800 273
sum 8 7 0 2100 283
sum 9 7 0 2400 302
sum 10 7 0 2700 332
sum 11 7 0 3000 360
miss fire 7 0 6 6 2 1 1 1 1 2 2 2 2 2 3 2 2 0 0 0 0 0 0 0 0 0 0 0 1 1 1 1 1 1 1 1 4 3 3 3 3 2 4 4 4 3 3 2 2 2 2 1 1
miss human 7 0 25 24 21 19 17 14 11 8 6 6 5 4 3 3 4 1 1 0 0 1 1 1 1 1 0 0 0 0 0 0 0 0 0 0 0 0 0 0 0 0 0 0 0 0 0 0 0 0 0 0 0
miss window 7 0 10 10 7 6 5 2 2 0 0 0 1 1 0 0 0 1 2 1 2 1 3 2 0 0 0 0 0 0 0 0 0 0 0 0 0 0 0 0 2 1 1 2 2 3 3 4 4 4 4 4 4
acm fire 7 0 6 12 14 15 16 17 18 20 22 24 26 28 31 33 35 35 35 35 35 35 35 35 35 35 35 35 36 37 38 39 40 41 42 43 47 50 53 56 59 61 65 69 73 76 79 81 83 85 87 88 89
acm human 7 0 25 49 70 89 106 120 131 139 145 151 156 160 163 166 170 171 172 172 172 173 174 175 176 177 177 177 177 177 177 177 177 177 177 177 177 177 177 177 177 177 177 177 177 177 177 177 177 177 177 177 177
acm window 7 0 10 20 27 33 38 40 42 42 42 42 43 44 44 44 44 45 47 48 50 51 54 56 56 56 56 56 56 56 56 56 56 56 56 56 56 56 56 56 58 59 60 62 64 67 70 74 78 82 86 90 94
tsim fire 7 0 6 6 6 6 6 6 6 8 9 9 9 9 11 11 11 11 11 11 11 11 11 11 11 11 11 11 12 12 12 12 13 13 13 13 16 16 16 16 16 16 18 19 19 19 19 19 19 19 19 19 19
tsim human 7 0 25 24 23 23 22 21 21 19 19 18 16 15 14 14 13 13 13 13 13 13 13 13 13 13 13 13 13 13 13 13 13 13 13 13 13 13 13 13 13 13 13 13 13 13 13 13 13 13 13 13 13
tsim window 7 0 10 10 10 10 10 10 10 10 10 10 11 11 14 14 14 15 16 16 17 17 19 19 19 19 19 19 21 21 21 21 21 21 21 21 21 21 21 21 23 23 23 24 24 25 25 26 26 26 26 28 28
sum 0 8 0 60 81
sum 1 8 0 180 131
sum 2 8 0 360 183
sum 3 8 0 540 224
sum 4 8 0 600 236
sum 5 8 0 1200 298
sum 6 8 0 1500 307
sum 7 8 0 1800 315
sum 8 8 0 2100 323
sum 9 8 0 2400 337
sum 10 8 0 2700 354
sum 11 8 0 3000 365
miss fire 8 0 6 6 2 1 1 1 0 2 3 3 1 1 2 2 2 2 2 2 0 0 0 0 0 0 0 0 1 1 1 1 2 2 0 0 3 3 2 2 1 1 3 2 2 1 1 0 0 0 0 0 0
miss human 8 0 25 24 18 10 9 8 8 7 7 7 7 6 4 4 5 5 2 2 1 1 2 2 0 0 1 1 1 1 0 0 0 0 0 0 0 0 0 0 0 0 0 0 0 0 0 0 0 0 0 0 0
miss window 8 0 10 10 10 9 9 9 7 6 3 3 4 4 1 0 0 1 2 2 2 2 3 3 1 1 0 0 0 0 0 0 0 0 0 0 0 0 0 0 2 2 1 2 2 2 2 3 3 1 1 3 3
acm fire 8 0 6 12 14 15 16 17 17 19 22 25 26 27 29 31 33 35 37 39 39 39 39 39 39 39 39 39 40 41 42 43 45 47 47 47 50 53 55 57 58 59 62 64 66 67 68 68 68 68 68 68 68
acm human 8 0 25 49 67 77 86 94 102 109 116 123 130 136 140 144 149 154 156 158 159 160 162 164 164 164 165 166 167 168 168 168 168 168 168 168 168 168 168 168 168 168 168 168 168 168 168 168 168 168 168 168 168
acm window 8 0 10 20 30 39 48 57 64 70 73 76 80 84 85 85 85 86 88 90 92 94 97 100 101 102 102 102 102 102 102 102 102 102 102 102 102 102 102 102 104 106 107 109 111 113 115 118 121 122 123 126 129
tsim fire 8 0 6 6 6 6 6 6 6 8 9 9 9 9 11 11 11 11 11 11 11 11 11 11 11 11 11 11 12 12 12 12 13 13 13 13 16 16 16 16 16 16 18 19 19 19 19 19 19 19 19 19 19
tsim human 8 0 25 24 23 23 22 21 21 19 19 18 16 15 14 14 13 13 13 13 13 13 13 13 13 13 13 13 13 13 13 13 13 13 13 13 13 13 13 13 13 13 13 13 13 13 13 13 13 13 13 13 13
tsim window 8 0 10 10 10 10 10 10 10 10 10 10 11 11 14 14 14 15 16 16 17 17 19 19 19 19 19 19 21 21 21 21 21 21 21 21 21 21 21 21 23 23 23 24 24 25 25 26 26 26 26 28 28
sum 0 9 0 60 81
sum 1 9 0 180 138
sum 2 9 0 360 194
sum 3 9 0 540 234
sum 4 9 0 600 245
sum 5 9 0 1200 286
sum 6 9 0 1500 299
sum 7 9 0 1800 304
sum 8 9 0 2100 313
sum 9 9 0 2400 331
sum 10 9 0 2700 361
sum 11 9 0 3000 381
miss fire 9 0 6 6 3 3 2 2 1 2 3 3 1 1 3 3 1 1 0 0 0 0 0 0 0 0 0 0 1 1 1 0 1 1 1 1 3 3 2 2 2 2 4 4 4 3 3 1 1 1 1 0 0
miss human 9 0 25 24 20 15 13 11 10 8 8 9 7 6 4 3 1 1 0 0 1 0 0 0 0 0 0 0 0 0 0 0 0 0 0 0 0 0 0 0 0 0 0 0 0 0 0 0 0 0 0 0 0
miss window 9 0 10 10 9 7 6 6 5 3 2 2 3 3 0 0 0 1 2 2 2 2 4 4 3 2 2 2 1 0 0 0 0 0 0 0 0 0 0 0 2 2 2 3 3 3 3 3 3 3 3 4 4
acm fire 9 0 6 12 15 18 20 22 23 25 28 31 32 33 36 39 40 41 41 41 41 41 41 41 41 41 41 41 42 43 44 44 45 46 47 48 51 54 56 58 60 62 66 70 74 77 80 81 82 83 84 84 84
acm human 9 0 25 49 69 84 97 108 118 126 134 143 150 156 160 163 164 165 165 165 166 166 166 166 166 166 166 166 166 166 166 166 166 166 166 166 166 166 166 166 166 166 166 166 166 166 166 166 166 166 166 166 166
acm window 9 0 10 20 29 36 42 48 53 56 58 60 63 66 66 66 66 67 69 71 73 75 79 83 86 88 90 92 93 93 93 93 93 93 93 93 93 93 93 93 95 97 99 102 105 108 111 114 117 120 123 127 131
tsim fire 9 0 6 6 6 6 6 6 6 8 9 9 9 9 11 11 11 11 11 11 11 11 11 11 11 11 11 11 12 12 12 12 13 13 13 13 16 16 16 16 16 16 18 19 19 19 19 19 19 19 19 19 19
tsim human 9 0 25 24 23 23 22 21 21 19 19 18 16 15 14 14 13 13 13 13 13 13 13 13 13 13 13 13 13 13 13 13 13 13 13 13 13 13 13 13 13 13 13 13 13 13 13 13 13 13 13 13 13
tsim window 9 0 10 10 10 10 10 10 10 10 10 10 11 11 14 14 14 15 16 16 17 17 19 19 19 19 19 19 21 21 21 21 21 21 21 21 21 21 21 21 23 23 23 24 24 25 25 26 26 26 26 28 28
sum 0 10 0 60 81
sum 1 10 0 180 127
sum 2 10 0 360 169
sum 3 10 0 540 203
sum 4 10 0 600 215
sum 5 10 0 1200 258
sum 6 10 0 1500 270
sum 7 10 0 1800 276
sum 8 10 0 2100 284
sum 9 10 0 2400 295
sum 10 10 0 2700 310
sum 11 10 0 3000 327
miss fire 10 0 6 6 3 3 2 2 1 2 3 3 2 2 3 3 1 1 0 0 0 0 0 0 0 0 0 0 1 1 1 1 2 2 0 0 3 3 1 1 1 0 2 1 1 0 0 0 0 0 0 0 0
miss human 10 0 25 24 14 10 8 6 6 6 6 7 7 6 4 4 1 1 0 0 1 0 0 0 0 0 0 0 0 0 0 0 0 0 0 0 0 0 0 0 0 0 0 0 0 0 0 0 0 0 0 0 0
miss window 10 0 10 10 9 7 6 6 5 3 2 2 3 3 0 0 0 1 2 2 2 2 4 4 2 2 2 2 0 0 0 0 0 0 0 0 0 0 0 0 2 2 2 2 2 3 3 3 3 3 3 4 4
acm fire 10 0 6 12 15 18 20 22 23 25 28 31 33 35 38 41 42 43 43 43 43 43 43 43 43 43 43 43 44 45 46 47 49 51 51 51 54 57 58 59 60 60 62 63 64 64 64 64 64 64 64 64 64
acm human 10 0 25 49 63 73 81 87 93 99 105 112 119 125 129 133 134 135 135 135 136 136 136 136 136 136 136 136 136 136 136 136 136 136 136 136 136 136 136 136 136 136 136 136 136 136 136 136 136 136 136 136 136
acm window 10 0 10 20 29 36 42 48 53 56 58 60 63 66 66 66 66 67 69 71 73 75 79 83 85 87 89 91 91 91 91 91 91 91 91 91 91 91 91 91 93 95 97 99 101 104 107 110 113 116 119 123 127
tsim fire 10 0 6 6 6 6 6 6 6 8 9 9 9 9 11 11 11 11 11 11 11 11 11 11 11 11 11 11 12 12 12 12 13 13 13 13 16 16 16 16 16 16 18 19 19 19 19 19 19 19 19 19 19
tsim human 10 0 25 24 23 23 22 21 21 19 19 18 16 15 14 14 13 13 13 13 13 13 13 13 13 13 13 13 13 13 13 13 13 13 13 13 13 13 13 13 13 13 13 13 13 13 13 13 13 13 13 13 13
tsim window 10 0 10 10 10 10 10 10 10 10 10 10 11 11 14 14 14 15 16 16 17 17 19 19 19 19 19 19 21 21 21 21 21 21 21 21 21 21 21 21 23 23 23 24 24 25 25 26 26 26 26 28 28
random:1T:3000
sum 0 0 1 60 86
sum 1 0 1 180 144
sum 2 0 1 360 179
sum 3 0 1 540 198
sum 4 0 1 600 202
sum 5 0 1 1200 247
sum 6 0 1 1500 273
sum 7 0 1 1800 278
sum 8 0 1 2100 280
sum 9 0 1 2400 287
sum 10 0 1 2700 295
sum 11 0 1 3000 306
miss fire 0 1 3 3 1 1 1 2 1 2 2 2 2 5 4 3 2 3 1 1 0 0 0 0 0 0 0 0 0 0 0 0 0 1 1 0 0 0 0 1 1 0 0 0 1 2 1 1 2 2 2 1 1
miss human 0 1 27 27 24 19 13 6 4 3 5 5 2 2 4 3 0 0 0 0 0 0 0 0 0 0 0 0 0 0 0 0 0 0 0 0 0 0 0 0 0 0 0 0 0 0 0 0 0 0 0 0 0
miss window 0 1 13 13 7 6 5 3 0 0 0 0 0 0 0 0 0 2 2 2 2 4 5 6 6 6 6 2 1 1 1 1 1 0 0 0 0 0 0 1 1 1 2 1 1 1 0 0 1 1 0 0 1
acm fire 0 1 3 6 7 8 9 11 12 14 16 18 20 25 29 32 34 37 38 39 39 39 39 39 39 39 39 39 39 39 39 39 39 40 41 41 41 41 41 42 43 43 43 43 44 46 47 48 50 52 54 55 56
acm human 0 1 27 54 78 97 110 116 120 123 128 133 135 137 141 144 144 144 144 144 144 144 144 144 144 144 144 144 144 144 144 144 144 144 144 144 144 144 144 144 144 144 144 144 144 144 144 144 144 144 144 144 144
acm window 0 1 13 26 33 39 44 47 47 47 47 47 47 47 47 47 47 49 51 53 55 59 64 70 76 82 88 90 91 92 93 94 95 95 95 95 95 95 95 96 97 98 100 101 102 103 103 103 104 105 105 105 106
tsim fire 0 1 3 3 3 3 3 4 4 5 5 6 6 9 10 10 10 11 11 11 11 11 11 11 11 11 11 11 11 11 12 12 12 13 13 12 12 12 12 13 13 13 13 13 14 15 16 16 18 18 20 20 20
tsim human 0 1 27 27 27 26 25 23 22 22 20 20 20 20 20 20 19 19 19 19 19 19 19 19 19 19 19 19 19 19 19 19 19 19 19 19 19 19 19 19 19 19 19 19 19 19 19 19 19 19 19 19 19
tsim window 0 1 13 13 13 13 13 13 13 13 13 13 13 16 19 19 19 21 21 21 21 23 24 25 25 26 26 26 26 26 26 26 26 26 26 26 26 26 26 27 27 27 28 28 28 28 28 28 34 34 34 34 35
sum 0 1 1 60 86
sum 1 1 1 180 134
sum 2 1 1 360 189
sum 3 1 1 540 225
sum 4 1 1 600 232
sum 5 1 1 1200 287
sum 6 1 1 1500 301
sum 7 1 1 1800 304
sum 8 1 1 2100 312
sum 9 1 1 2400 327
sum 10 1 1 2700 345
sum 11 1 1 3000 381
miss fire 1 1 3 3 1 0 0 1 1 2 1 2 2 5 6 4 4 1 1 1 1 1 0 0 0 0 0 0 0 0 1 0 0 1 1 2 2 2 2 3 2 2 2 2 3 2 3 3 5 5 7 5 5
miss human 1 1 27 27 14 8 9 10 8 7 8 6 5 5 6 3 2 1 1 0 0 0 0 0 0 0 0 0 0 0 0 0 0 0 0 0 0 0 0 0 0 0 0 0 0 0 0 0 0 0 0 0 0
miss window 1 1 13 13 13 12 11 8 7 6 3 1 0 0 0 0 0 2 2 1 1 3 4 5 3 3 2 1 1 1 0 0 0 0 0 0 0 0 0 1 1 1 1 1 1 1 1 1 2 2 2 1 2
acm fire 1 1 3 6 7 7 7 8 9 11 12 14 16 21 27 31 35 36 37 38 39 40 40 40 40 40 40 40 40 40 41 41 41 42 43 45 47 49 51 54 56 58 60 62 65 67 70 73 78 83 90 95 100
acm human 1 1 27 54 68 76 85 95 103 110 118 124 129 134 140 143 145 146 147 147 147 147 147 147 147 147 147 147 147 147 147 147 147 147 147 147 147 147 147 147 147 147 147 147 147 147 147 147 147 147 147 147 147
acm window 1 1 13 26 39 51 62 70 77 83 86 87 87 87 87 87 87 89 91 92 93 96 100 105 108 111 113 114 115 116 116 116 116 116 116 116 116 116 116 117 118 119 120 121 122 123 124 125 127 129 131 132 134
tsim fire 1 1 3 3 3 3 3 4 4 5 5 6 6 9 10 10 10 11 11 11 11 11 11 11 11 11 11 11 11 11 12 12 12 13 13 12 12 12 12 13 13 13 13 13 14 15 16 16 18 18 20 20 20
tsim human 1 1 27 27 27 26 25 23 22 22 20 20 20 20 20 20 19 19 19 19 19 19 19 19 19 19 19 19 19 19 19 19 19 19 19 19 19 19 19 19 19 19 19 19 19 19 19 19 19 19 19 19 19
tsim window 1 1 13 13 13 13 13 13 13 13 13 13 13 16 19 19 19 21 21 21 21 23 24 25 25 26 26 26 26 26 26 26 26 26 26 26 26 26 26 27 27 27 28 28 28 28 28 28 34 34 34 34 35
sum 0 2 1 60 86
sum 1 2 1 180 128
sum 2 2 1 360 177
sum 3 2 1 540 213
sum 4 2 1 600 222
sum 5 2 1 1200 349
sum 6 2 1 1500 387
sum 7 2 1 1800 405
sum 8 2 1 2100 412
sum 9 2 1 2400 420
sum 10 2 1 2700 429
sum 11 2 1 3000 455
miss fire 2 1 3 3 1 1 1 2 1 2 2 3 3 6 7 7 7 8 8 8 7 7 2 2 2 2 2 2 2 0 1 1 1 2 1 2 1 1 1 2 0 0 1 0 1 2 2 2 4 4 4 4 4
miss human 2 1 27 27 10 5 6 5 5 4 6 6 6 6 6 6 5 5 5 5 2 2 1 1 2 2 2 2 2 0 0 0 0 0 0 0 0 0 0 0 0 0 0 0 0 0 0 0 0 0 0 0 0
miss window 2 1 13 13 13 12 12 10 7 5 4 4 0 0 0 0 0 2 2 2 2 4 5 6 4 3 3 3 3 3 3 1 1 0 0 0 0 0 0 1 1 1 1 1 1 0 0 0 1 1 1 1 2
acm fire 2 1 3 6 7 8 9 11 12 14 16 19 22 28 35 42 49 57 65 73 80 87 89 91 93 95 97 99 101 101 102 103 104 106 107 109 110 111 112 114 114 114 115 115 116 118 120 122 126 130 134 138 142
acm human 2 1 27 54 64 69 75 80 85 89 95 101 107 113 119 125 130 135 140 145 147 149 150 151 153 155 157 159 161 161 161 161 161 161 161 161 161 161 161 161 161 161 161 161 161 161 161 161 161 161 161 161 161
acm window 2 1 13 26 39 51 63 73 80 85 89 93 93 93 93 93 93 95 97 99 101 105 110 116 120 123 126 129 132 135 138 139 140 140 140 140 140 140 140 141 142 143 144 145 146 146 146 146 147 148 149 150 152
tsim fire 2 1 3 3 3 3 3 4 4 5 5 6 6 9 10 10 10 11 11 11 11 11 11 11 11 11 11 11 11 11 12 12 12 13 13 12 12 12 12 13 13 13 13 13 14 15 16 16 18 18 20 20 20
tsim human 2 1 27 27 27 26 25 23 22 22 20 20 20 20 20 20 19 19 19 19 19 19 19 19 19 19 19 19 19 19 19 19 19 19 19 19 19 19 19 19 19 19 19 19 19 19 19 19 19 19 19 19 19
tsim window 2 1 13 13 13 13 13 13 13 13 13 13 13 16 19 19 19 21 21 21 21 23 24 25 25 26 26 26 26 26 26 26 26 26 26 26 26 26 26 27 27 27 28 28 28 28 28 28 34 34 34 34 35
sum 0 3 1 60 86
sum 1 3 1 180 127
sum 2 3 1 360 183
sum 3 3 1 540 217
sum 4 3 1 600 221
sum 5 3 1 1200 293
sum 6 3 1 1500 313
sum 7 3 1 1800 322
sum 8 3 1 2100 339
sum 9 3 1 2400 351
sum 10 3 1 2700 368
sum 11 3 1 3000 408
miss fire 3 1 3 3 0 0 0 1 1 2 1 0 0 3 4 3 3 2 1 0 0 0 0 0 0 0 0 0 0 0 1 1 1 2 2 3 3 2 0 1 1 0 0 0 1 1 2 2 4 4 5 4 4
miss human 3 1 27 27 10 6 7 8 9 8 10 2 2 7 5 5 4 4 4 2 1 1 0 0 0 0 0 0 0 0 0 0 0 0 0 0 0 0 0 0 0 0 0 0 0 0 0 0 0 0 0 0 0
miss window 3 1 13 13 13 12 12 10 8 5 4 2 2 2 3 3 2 3 1 1 1 3 4 5 4 5 3 3 2 1 1 1 1 1 1 1 1 1 1 2 2 2 3 3 3 2 2 1 4 4 4 3 4
acm fire 3 1 3 6 6 6 6 7 8 10 11 11 11 14 18 21 24 26 27 27 27 27 27 27 27 27 27 27 27 27 28 29 30 32 34 37 40 42 42 43 44 44 44 44 45 46 48 50 54 58 63 67 71
acm human 3 1 27 54 64 70 77 85 94 102 112 114 116 123 128 133 137 141 145 147 148 149 149 149 149 149 149 149 149 149 149 149 149 149 149 149 149 149 149 149 149 149 149 149 149 149 149 149 149 149 149 149 149
acm window 3 1 13 26 39 51 63 73 81 86 90 92 94 96 99 102 104 107 108 109 110 113 117 122 126 131 134 137 139 140 141 142 143 144 145 146 147 148 149 151 153 155 158 161 164 166 168 169 173 177 181 184 188
tsim fire 3 1 3 3 3 3 3 4 4 5 5 6 6 9 10 10 10 11 11 11 11 11 11 11 11 11 11 11 11 11 12 12 12 13 13 12 12 12 12 13 13 13 13 13 14 15 16 16 18 18 20 20 20
tsim human 3 1 27 27 27 26 25 23 22 22 20 20 20 20 20 20 19 19 19 19 19 19 19 19 19 19 19 19 19 19 19 19 19 19 19 19 19 19 19 19 19 19 19 19 19 19 19 19 19 19 19 19 19
tsim window 3 1 13 13 13 13 13 13 13 13 13 13 13 16 19 19 19 21 21 21 21 23 24 25 25 26 26 26 26 26 26 26 26 26 26 26 26 26 26 27 27 27 28 28 28 28 28 28 34 34 34 34 35
sum 0 4 1 60 86
sum 1 4 1 180 133
sum 2 4 1 360 190
sum 3 4 1 540 235
sum 4 4 1 600 245
sum 5 4 1 1200 312
sum 6 4 1 1500 327
sum 7 4 1 1800 329
sum 8 4 1 2100 335
sum 9 4 1 2400 344
sum 10 4 1 2700 353
sum 11 4 1 3000 377
miss fire 4 1 3 3 0 0 0 1 1 2 1 2 2 5 6 6 6 2 2 1 1 1 0 0 0 0 0 0 0 0 1 0 0 1 1 2 2 0 0 1 1 1 1 1 1 2 3 2 4 2 4 4 4
miss human 4 1 27 27 13 9 9 10 10 10 11 9 8 8 8 2 1 1 1 0 0 1 0 0 0 0 0 0 0 0 0 0 0 0 0 0 0 0 0 0 0 0 0 0 0 0 0 0 0 0 0 0 0
miss window 4 1 13 13 13 12 11 8 7 6 3 1 0 0 0 0 0 2 2 2 2 3 4 5 4 4 1 1 1 0 0 0 0 0 0 0 0 0 0 1 1 1 2 0 0 0 0 0 1 1 1 1 2
acm fire 4 1 3 6 6 6 6 7 8 10 11 13 15 20 26 32 38 40 42 43 44 45 45 45 45 45 45 45 45 45 46 46 46 47 48 50 52 52 52 53 54 55 56 57 58 60 63 65 69 71 75 79 83
acm human 4 1 27 54 67 76 85 95 105 115 126 135 143 151 159 161 162 163 164 164 164 165 165 165 165 165 165 165 165 165 165 165 165 165 165 165 165 165 165 165 165 165 165 165 165 165 165 165 165 165 165 165 165
acm window 4 1 13 26 39 51 62 70 77 83 86 87 87 87 87 87 87 89 91 93 95 98 102 107 111 115 116 117 118 118 118 118 118 118 118 118 118 118 118 119 120 121 123 123 123 123 123 123 124 125 126 127 129
tsim fire 4 1 3 3 3 3 3 4 4 5 5 6 6 9 10 10 10 11 11 11 11 11 11 11 11 11 11 11 11 11 12 12 12 13 13 12 12 12 12 13 13 13 13 13 14 15 16 16 18 18 20 20 20
tsim human 4 1 27 27 27 26 25 23 22 22 20 20 20 20 20 20 19 19 19 19 19 19 19 19 19 19 19 19 19 19 19 19 19 19 19 19 19 19 19 19 19 19 19 19 19 19 19 19 19 19 19 19 19
tsim window 4 1 13 13 13 13 13 13 13 13 13 13 13 16 19 19 19 21 21 21 21 23 24 25 25 26 26 26 26 26 26 26 26 26 26 26 26 26 26 27 27 27 28 28 28 28 28 28 34 34 34 34 35
sum 0 5 1 60 86
sum 1 5 1 180 135
sum 2 5 1 360 195
sum 3 5 1 540 240
sum 4 5 1 600 250
sum 5 5 1 1200 347
sum 6 5 1 1500 380
sum 7 5 1 1800 384
sum 8 5 1 2100 390
sum 9 5 1 2400 398
sum 10 5 1 2700 416
sum 11 5 1 3000 448
miss fire 5 1 3 3 1 1 1 1 1 2 2 2 1 4 5 5 5 6 6 1 1 1 1 1 1 1 0 0 0 0 1 1 0 1 1 2 2 0 0 1 1 1 0 0 1 2 3 3 5 4 6 4 4
miss human 5 1 27 27 13 10 10 10 10 7 9 9 8 8 8 6 5 4 4 2 2 2 4 4 4 4 1 1 0 0 0 0 0 0 0 0 0 0 0 0 0 0 0 0 0 0 0 0 0 0 0 0 0
miss window 5 1 13 13 12 12 10 9 8 6 5 3 1 1 1 0 0 2 2 2 2 4 3 3 3 4 3 3 1 1 0 0 0 0 0 0 0 0 0 1 1 1 2 2 2 2 2 1 2 2 2 1 2
acm fire 5 1 3 6 7 8 9 10 11 13 15 17 18 22 27 32 37 43 49 50 51 52 53 54 55 56 56 56 56 56 57 58 58 59 60 62 64 64 64 65 66 67 67 67 68 70 73 76 81 85 91 95 99
acm human 5 1 27 54 67 77 87 97 107 114 123 132 140 148 156 162 167 171 175 177 179 181 185 189 193 197 198 199 199 199 199 199 199 199 199 199 199 199 199 199 199 199 199 199 199 199 199 199 199 199 199 199 199
acm window 5 1 13 26 38 50 60 69 77 83 88 91 92 93 94 94 94 96 98 100 102 106 109 112 115 119 122 125 126 127 127 127 127 127 127 127 127 127 127 128 129 130 132 134 136 138 140 141 143 145 147 148 150
tsim fire 5 1 3 3 3 3 3 4 4 5 5 6 6 9 10 10 10 11 11 11 11 11 11 11 11 11 11 11 11 11 12 12 12 13 13 12 12 12 12 13 13 13 13 13 14 15 16 16 18 18 20 20 20
tsim human 5 1 27 27 27 26 25 23 22 22 20 20 20 20 20 20 19 19 19 19 19 19 19 19 19 19 19 19 19 19 19 19 19 19 19 19 19 19 19 19 19 19 19 19 19 19 19 19 19 19 19 19 19
tsim window 5 1 13 13 13 13 13 13 13 13 13 13 13 16 19 19 19 21 21 21 21 23 24 25 25 26 26 26 26 26 26 26 26 26 26 26 26 26 26 27 27 27 28 28 28 28 28 28 34 34 34 34 35
sum 0 6 1 60 86
sum 1 6 1 180 144
sum 2 6 1 360 179
sum 3 6 1 540 199
sum 4 6 1 600 207
sum 5 6 1 1200 283
sum 6 6 1 1500 304
sum 7 6 1 1800 316
sum 8 6 1 2100 332
sum 9 6 1 2400 347
sum 10 6 1 2700 361
sum 11 6 1 3000 389
miss fire 6 1 3 3 1 1 1 2 1 2 2 3 3 6 6 6 1 2 2 2 2 2 2 2 1 1 1 1 1 1 2 2 1 2 2 3 2 2 2 3 2 2 2 2 3 2 3 2 4 3 5 5 5
miss human 6 1 27 27 24 19 13 6 4 3 5 5 5 5 4 4 2 2 2 3 3 3 0 0 0 0 0 0 0 0 0 0 0 0 0 0 0 0 0 0 0 0 0 0 0 0 0 0 0 0 0 0 0
miss window 6 1 13 13 7 6 5 3 0 0 0 0 0 0 0 0 0 2 2 2 2 4 5 6 3 4 1 1 1 1 1 1 1 1 1 1 1 1 0 1 1 1 1 1 1 0 0 0 1 1 1 1 2
acm fire 6 1 3 6 7 8 9 11 12 14 16 19 22 28 34 40 41 43 45 47 49 51 53 55 56 57 58 59 60 61 63 65 66 68 70 73 75 77 79 82 84 86 88 90 93 95 98 100 104 107 112 117 122
acm human 6 1 27 54 78 97 110 116 120 123 128 133 138 143 147 151 153 155 157 160 163 166 166 166 166 166 166 166 166 166 166 166 166 166 166 166 166 166 166 166 166 166 166 166 166 166 166 166 166 166 166 166 166
acm window 6 1 13 26 33 39 44 47 47 47 47 47 47 47 47 47 47 49 51 53 55 59 64 70 73 77 78 79 80 81 82 83 84 85 86 87 88 89 89 90 91 92 93 94 95 95 95 95 96 97 98 99 101
tsim fire 6 1 3 3 3 3 3 4 4 5 5 6 6 9 10 10 10 11 11 11 11 11 11 11 11 11 11 11 11 11 12 12 12 13 13 12 12 12 12 13 13 13 13 13 14 15 16 16 18 18 20 20 20
tsim human 6 1 27 27 27 26 25 23 22 22 20 20 20 20 20 20 19 19 19 19 19 19 19 19 19 19 19 19 19 19 19 19 19 19 19 19 19 19 19 19 19 19 19 19 19 19 19 19 19 19 19 19 19
tsim window 6 1 13 13 13 13 13 13 13 13 13 13 13 16 19 19 19 21 21 21 21 23 24 25 25 26 26 26 26 26 26 26 26 26 26 26 26 26 26 27 27 27 28 28 28 28 28 28 34 34 34 34 35
sum 0 7 1 60 86
sum 1 7 1 180 144
sum 2 7 1 360 179
sum 3 7 1 540 198
sum 4 7 1 600 205
sum 5 7 1 1200 282
sum 6 7 1 1500 308
sum 7 7 1 1800 313
sum 8 7 1 2100 318
sum 9 7 1 2400 324
sum 10 7 1 2700 334
sum 11 7 1 3000 354
miss fire 7 1 3 3 1 1 1 2 1 2 2 2 2 5 6 5 5 4 4 2 2 2 2 2 2 0 0 0 0 0 1 1 1 2 1 2 0 0 0 1 1 1 0 0 1 1 2 2 4 3 5 1 1
miss human 7 1 27 27 24 19 13 6 4 3 5 5 5 5 5 4 3 3 3 2 2 2 2 1 1 0 0 1 0 0 0 0 0 0 0 0 0 0 0 0 0 0 0 0 0 0 0 0 0 0 0 0 0
miss window 7 1 13 13 7 6 5 3 0 0 0 0 0 0 0 0 0 2 2 0 0 2 3 4 4 5 5 1 1 1 0 0 0 0 0 0 0 0 0 1 1 0 1 1 1 1 1 0 1 1 1 1 2
acm fire 7 1 3 6 7 8 9 11 12 14 16 18 20 25 31 36 41 45 49 51 53 55 57 59 61 61 61 61 61 61 62 63 64 66 67 69 69 69 69 70 71 72 72 72 73 74 76 78 82 85 90 91 92
acm human 7 1 27 54 78 97 110 116 120 123 128 133 138 143 148 152 155 158 161 163 165 167 169 170 171 171 171 172 172 172 172 172 172 172 172 172 172 172 172 172 172 172 172 172 172 172 172 172 172 172 172 172 172
acm window 7 1 13 26 33 39 44 47 47 47 47 47 47 47 47 47 47 49 51 51 51 53 56 60 64 69 74 75 76 77 77 77 77 77 77 77 77 77 77 78 79 79 80 81 82 83 84 84 85 86 87 88 90
tsim fire 7 1 3 3 3 3 3 4 4 5 5 6 6 9 10 10 10 11 11 11 11 11 11 11 11 11 11 11 11 11 12 12 12 13 13 12 12 12 12 13 13 13 13 13 14 15 16 16 18 18 20 20 20
tsim human 7 1 27 27 27 26 25 23 22 22 20 20 20 20 20 20 19 19 19 19 19 19 19 19 19 19 19 19 19 19 19 19 19 19 19 19 19 19 19 19 19 19 19 19 19 19 19 19 19 19 19 19 19
tsim window 7 1 13 13 13 13 13 13 13 13 13 13 13 16 19 19 19 21 21 21 21 23 24 25 25 26 26 26 26 26 26 26 26 26 26 26 26 26 26 27 27 27 28 28 28 28 28 28 34 34 34 34 35
sum 0 8 1 60 86
sum 1 8 1 180 138
sum 2 8 1 360 206
sum 3 8 1 540 249
sum 4 8 1 600 260
sum 5 8 1 1200 348
sum 6 8 1 1500 364
sum 7 8 1 1800 368
sum 8 8 1 2100 377
sum 9 8 1 2400 389
sum 10 8 1 2700 404
sum 11 8 1 3000 431
miss fire 8 1 3 3 0 0 0 1 1 2 2 3 3 6 7 7 7 1 1 1 1 1 0 0 0 0 0 0 0 0 1 1 1 2 2 3 1 1 1 2 2 1 1 0 1 2 3 2 4 3 5 3 3
miss human 8 1 27 27 15 12 13 12 12 7 8 8 8 8 7 6 5 4 4 3 3 4 1 1 0 0 0 0 0 0 0 0 0 0 0 0 0 0 0 0 0 0 0 0 0 0 0 0 0 0 0 0 0
miss window 8 1 13 13 13 12 12 10 7 5 4 4 0 0 0 0 0 2 2 1 1 2 3 4 3 4 2 2 1 0 0 0 0 0 0 0 0 0 0 1 1 1 2 2 2 1 1 1 2 2 2 1 2
acm fire 8 1 3 6 6 6 6 7 8 10 12 15 18 24 31 38 45 46 47 48 49 50 50 50 50 50 50 50 50 50 51 52 53 55 57 60 61 62 63 65 67 68 69 69 70 72 75 77 81 84 89 92 95
acm human 8 1 27 54 69 81 94 106 118 125 133 141 149 157 164 170 175 179 183 186 189 193 194 195 195 195 195 195 195 195 195 195 195 195 195 195 195 195 195 195 195 195 195 195 195 195 195 195 195 195 195 195 195
acm window 8 1 13 26 39 51 63 73 80 85 89 93 93 93 93 93 93 95 97 98 99 101 104 108 111 115 117 119 120 120 120 120 120 120 120 120 120 120 120 121 122 123 125 127 129 130 131 132 134 136 138 139 141
tsim fire 8 1 3 3 3 3 3 4 4 5 5 6 6 9 10 10 10 11 11 11 11 11 11 11 11 11 11 11 11 11 12 12 12 13 13 12 12 12 12 13 13 13 13 13 14 15 16 16 18 18 20 20 20
tsim human 8 1 27 27 27 26 25 23 22 22 20 20 20 20 20 20 19 19 19 19 19 19 19 19 19 19 19 19 19 19 19 19 19 19 19 19 19 19 19 19 19 19 19 19 19 19 19 19 19 19 19 19 19
tsim window 8 1 13 13 13 13 13 13 13 13 13 13 13 16 19 19 19 21 21 21 21 23 24 25 25 26 26 26 26 26 26 26 26 26 26 26 26 26 26 27 27 27 28 28 28 28 28 28 34 34 34 34 35
sum 0 9 1 60 86
sum 1 9 1 180 131
sum 2 9 1 360 182
sum 3 9 1 540 217
sum 4 9 1 600 225
sum 5 9 1 1200 296
sum 6 9 1 1500 315
sum 7 9 1 1800 330
sum 8 9 1 2100 339
sum 9 9 1 2400 348
sum 10 9 1 2700 358
sum 11 9 1 3000 380
miss fire 9 1 3 3 0 0 0 1 1 2 1 2 2 5 6 4 4 2 2 2 2 2 1 1 1 1 1 1 1 1 2 2 1 2 2 2 2 0 0 1 1 1 1 0 1 1 2 2 4 3 5 3 3
miss human 9 1 27 27 13 7 8 8 7 6 8 6 6 6 6 6 5 1 1 0 0 0 0 0 0 0 0 0 0 0 0 0 0 0 0 0 0 0 0 0 0 0 0 0 0 0 0 0 0 0 0 0 0
miss window 9 1 13 13 13 12 11 8 7 6 3 1 0 0 0 0 0 2 2 2 2 4 4 5 2 3 2 2 2 2 2 1 1 1 0 0 0 0 0 1 1 1 2 1 1 1 1 0 1 1 1 0 1
acm fire 9 1 3 6 6 6 6 7 8 10 11 13 15 20 26 30 34 36 38 40 42 44 45 46 47 48 49 50 51 52 54 56 57 59 61 63 65 65 65 66 67 68 69 69 70 71 73 75 79 82 87 90 93
acm human 9 1 27 54 67 74 82 90 97 103 111 117 123 129 135 141 146 147 148 148 148 148 148 148 148 148 148 148 148 148 148 148 148 148 148 148 148 148 148 148 148 148 148 148 148 148 148 148 148 148 148 148 148
acm window 9 1 13 26 39 51 62 70 77 83 86 87 87 87 87 87 87 89 91 93 95 99 103 108 110 113 115 117 119 121 123 124 125 126 126 126 126 126 126 127 128 129 131 132 133 134 135 135 136 137 138 138 139
tsim fire 9 1 3 3 3 3 3 4 4 5 5 6 6 9 10 10 10 11 11 11 11 11 11 11 11 11 11 11 11 11 12 12 12 13 13 12 12 12 12 13 13 13 13 13 14 15 16 16 18 18 20 20 20
tsim human 9 1 27 27 27 26 25 23 22 22 20 20 20 20 20 20 19 19 19 19 19 19 19 19 19 19 19 19 19 19 19 19 19 19 19 19 19 19 19 19 19 19 19 19 19 19 19 19 19 19 19 19 19
tsim window 9 1 13 13 13 13 13 13 13 13 13 13 13 16 19 19 19 21 21 21 21 23 24 25 25 26 26 26 26 26 26 26 26 26 26 26 26 26 26 27 27 27 28 28 28 28 28 28 34 34 34 34 35
sum 0 10 1 60 86
sum 1 10 1 180 137
sum 2 10 1 360 199
sum 3 10 1 540 240
sum 4 10 1 600 250
sum 5 10 1 1200 350
sum 6 10 1 1500 390
sum 7 10 1 1800 392
sum 8 10 1 2100 396
sum 9 10 1 2400 401
sum 10 10 1 2700 410
sum 11 10 1 3000 427
miss fire 10 1 3 3 0 0 0 1 1 2 1 2 2 5 6 6 5 6 4 4 4 4 4 4 4 4 0 0 0 0 1 1 0 1 0 1 1 1 1 2 0 0 0 0 1 1 2 1 3 2 4 2 2
miss human 10 1 27 27 15 11 11 11 12 8 10 8 8 8 8 8 4 4 1 1 0 0 1 1 0 0 0 0 0 0 0 0 0 0 0 0 0 0 0 0 0 0 0 0 0 0 0 0 0 0 0 0 0
miss window 10 1 13 13 13 12 11 8 7 6 3 1 0 0 0 0 0 2 2 2 2 4 5 6 5 6 5 5 0 0 0 0 0 0 0 0 0 0 0 1 0 0 1 1 1 1 1 0 1 1 1 0 1
acm fire 10 1 3 6 6 6 6 7 8 10 11 13 15 20 26 32 37 43 47 51 55 59 63 67 71 75 75 75 75 75 76 77 77 78 78 79 80 81 82 84 84 84 84 84 85 86 88 89 92 94 98 100 102
acm human 10 1 27 54 69 80 91 102 114 122 132 140 148 156 164 172 176 180 181 182 182 182 183 184 184 184 184 184 184 184 184 184 184 184 184 184 184 184 184 184 184 184 184 184 184 184 184 184 184 184 184 184 184
acm window 10 1 13 26 39 51 62 70 77 83 86 87 87 87 87 87 87 89 91 93 95 99 104 110 115 121 126 131 131 131 131 131 131 131 131 131 131 131 131 132 132 132 133 134 135 136 137 137 138 139 140 140 141
tsim fire 10 1 3 3 3 3 3 4 4 5 5 6 6 9 10 10 10 11 11 11 11 11 11 11 11 11 11 11 11 11 12 12 12 13 13 12 12 12 12 13 13 13 13 13 14 15 16 16 18 18 20 20 20
tsim human 10 1 27 27 27 26 25 23 22 22 20 20 20 20 20 20 19 19 19 19 19 19 19 19 19 19 19 19 19 19 19 19 19 19 19 19 19 19 19 19 19 19 19 19 19 19 19 19 19 19 19 19 19
tsim window 10 1 13 13 13 13 13 13 13 13 13 13 13 16 19 19 19 21 21 21 21 23 24 25 25 26 26 26 26 26 26 26 26 26 26 26 26 26 26 27 27 27 28 28 28 28 28 28 34 34 34 34 35
