random:0T:3000
sum 0 0 0 60 58
sum 1 0 0 180 90
sum 2 0 0 360 112
sum 3 0 0 540 133
sum 4 0 0 600 137
sum 5 0 0 1200 152
sum 6 0 0 1500 152
sum 7 0 0 1800 153
sum 8 0 0 2100 160
sum 9 0 0 2400 164
sum 10 0 0 2700 169
sum 11 0 0 3000 173
miss fire 0 0 3 3 2 1 0 0 1 2 2 2 0 0 0 0 0 1 1 1 0 0 0 0 0 0 0 0 0 0 0 0 0 1 2 1 1 2 1 1 0 0 0 0 0 0 0 0 0 1 1 1 1
miss human 0 0 18 18 12 12 7 7 7 7 4 4 4 4 3 2 1 0 0 0 0 0 0 0 0 0 0 0 0 0 0 0 0 0 0 0 0 0 0 0 0 0 0 0 0 0 0 0 0 0 0 0 0
miss window 0 0 8 8 3 2 0 0 0 0 0 0 0 0 0 0 1 0 0 1 0 0 0 0 0 0 0 0 1 0 0 0 0 0 0 0 0 0 0 0 0 1 1 0 1 1 1 2 0 0 0 0 0
acm fire 0 0 3 6 8 9 9 9 10 12 14 16 16 16 16 16 16 17 18 19 19 19 19 19 19 19 19 19 19 19 19 19 19 20 22 23 24 26 27 28 28 28 28 28 28 28 28 28 28 29 30 31 32
acm human 0 0 18 36 48 60 67 74 81 88 92 96 100 104 107 109 110 110 110 110 110 110 110 110 110 110 110 110 110 110 110 110 110 110 110 110 110 110 110 110 110 110 110 110 110 110 110 110 110 110 110 110 110
acm window 0 0 8 16 19 21 21 21 21 21 21 21 21 21 21 21 22 22 22 23 23 23 23 23 23 23 23 23 24 24 24 24 24 24 24 24 24 24 24 24 24 25 26 26 27 28 29 31 31 31 31 31 31
tsim fire 0 0 3 3 3 3 3 3 4 5 5 5 5 5 5 5 5 6 6 6 6 6 6 6 6 6 6 6 6 6 6 6 6 7 8 8 8 9 10 10 10 10 10 10 10 10 10 10 10 11 11 11 11
tsim human 0 0 18 18 18 17 16 15 15 15 14 14 13 11 10 10 9 8 8 8 8 8 8 8 8 8 8 8 8 8 8 8 8 8 8 8 8 8 8 8 8 8 8 8 8 8 8 8 8 8 8 8 8
tsim window 0 0 8 8 8 8 8 8 8 8 8 8 8 8 8 8 9 9 9 10 10 10 10 10 10 10 10 10 11 11 11 11 11 13 13 13 13 13 13 13 13 14 14 14 15 15 15 17 17 17 17 17 17
sum 0 1 0 60 58
sum 1 1 0 180 96
sum 2 1 0 360 129
sum 3 1 0 540 148
sum 4 1 0 600 152
sum 5 1 0 1200 172
sum 6 1 0 1500 172
sum 7 1 0 1800 176
sum 8 1 0 2100 184
sum 9 1 0 2400 194
sum 10 1 0 2700 199
sum 11 1 0 3000 205
miss fire 1 0 3 3 0 0 0 0 1 2 2 2 0 0 0 0 0 1 0 0 0 0 0 0 0 0 0 0 0 0 0 0 0 1 2 2 2 1 2 2 2 1 1 0 0 0 0 0 0 1 1 1 1
miss human 1 0 18 18 13 12 10 7 5 5 4 4 4 4 3 3 2 1 0 0 0 0 0 0 0 0 0 0 0 0 0 0 0 0 0 0 0 0 0 0 0 0 0 0 0 0 0 0 0 0 0 0 0
miss window 1 0 8 8 7 6 5 3 2 0 0 0 0 0 0 0 1 1 0 1 1 1 1 0 0 0 0 0 1 1 1 1 0 0 0 0 0 0 0 0 0 1 1 1 2 0 0 2 1 1 0 0 0
acm fire 1 0 3 6 6 6 6 6 7 9 11 13 13 13 13 13 13 14 14 14 14 14 14 14 14 14 14 14 14 14 14 14 14 15 17 19 21 22 24 26 28 29 30 30 30 30 30 30 30 31 32 33 34
acm human 1 0 18 36 49 61 71 78 83 88 92 96 100 104 107 110 112 113 113 113 113 113 113 113 113 113 113 113 113 113 113 113 113 113 113 113 113 113 113 113 113 113 113 113 113 113 113 113 113 113 113 113 113
acm window 1 0 8 16 23 29 34 37 39 39 39 39 39 39 39 39 40 41 41 42 43 44 45 45 45 45 45 45 46 47 48 49 49 49 49 49 49 49 49 49 49 50 51 52 54 54 54 56 57 58 58 58 58
tsim fire 1 0 3 3 3 3 3 3 4 5 5 5 5 5 5 5 5 6 6 6 6 6 6 6 6 6 6 6 6 6 6 6 6 7 8 8 8 9 10 10 10 10 10 10 10 10 10 10 10 11 11 11 11
tsim human 1 0 18 18 18 17 16 15 15 15 14 14 13 11 10 10 9 8 8 8 8 8 8 8 8 8 8 8 8 8 8 8 8 8 8 8 8 8 8 8 8 8 8 8 8 8 8 8 8 8 8 8 8
tsim window 1 0 8 8 8 8 8 8 8 8 8 8 8 8 8 8 9 9 9 10 10 10 10 10 10 10 10 10 11 11 11 11 11 13 13 13 13 13 13 13 13 14 14 14 15 15 15 17 17 17 17 17 17
sum 0 2 0 60 58
sum 1 2 0 180 91
sum 2 2 0 360 122
sum 3 2 0 540 140
sum 4 2 0 600 144
sum 5 2 0 1200 162
sum 6 2 0 1500 162
sum 7 2 0 1800 164
sum 8 2 0 2100 168
sum 9 2 0 2400 172
sum 10 2 0 2700 181
sum 11 2 0 3000 191
miss fire 2 0 3 3 0 0 0 0 1 2 1 1 0 0 0 0 0 1 0 0 0 0 0 0 0 0 0 0 0 0 0 0 0 1 1 1 0 1 1 1 0 0 0 0 0 0 0 0 0 1 1 1 1
miss human 2 0 18 18 11 8 7 8 8 6 4 4 4 4 3 3 2 1 0 0 0 0 0 0 0 0 0 0 0 0 0 0 0 0 0 0 0 0 0 0 0 0 0 0 0 0 0 0 0 0 0 0 0
miss window 2 0 8 8 8 6 3 2 2 0 0 0 0 0 0 0 1 0 0 1 1 1 0 0 0 0 0 0 1 1 0 0 0 0 0 0 0 0 0 0 0 1 1 1 2 2 1 3 2 2 2 0 0
acm fire 2 0 3 6 6 6 6 6 7 9 10 11 11 11 11 11 11 12 12 12 12 12 12 12 12 12 12 12 12 12 12 12 12 13 14 15 15 16 17 18 18 18 18 18 18 18 18 18 18 19 20 21 22
acm human 2 0 18 36 47 55 62 70 78 84 88 92 96 100 103 106 108 109 109 109 109 109 109 109 109 109 109 109 109 109 109 109 109 109 109 109 109 109 109 109 109 109 109 109 109 109 109 109 109 109 109 109 109
acm window 2 0 8 16 24 30 33 35 37 37 37 37 37 37 37 37 38 38 38 39 40 41 41 41 41 41 41 41 42 43 43 43 43 43 43 43 43 43 43 43 43 44 45 46 48 50 51 54 56 58 60 60 60
tsim fire 2 0 3 3 3 3 3 3 4 5 5 5 5 5 5 5 5 6 6 6 6 6 6 6 6 6 6 6 6 6 6 6 6 7 8 8 8 9 10 10 10 10 10 10 10 10 10 10 10 11 11 11 11
tsim human 2 0 18 18 18 17 16 15 15 15 14 14 13 11 10 10 9 8 8 8 8 8 8 8 8 8 8 8 8 8 8 8 8 8 8 8 8 8 8 8 8 8 8 8 8 8 8 8 8 8 8 8 8
tsim window 2 0 8 8 8 8 8 8 8 8 8 8 8 8 8 8 9 9 9 10 10 10 10 10 10 10 10 10 11 11 11 11 11 13 13 13 13 13 13 13 13 14 14 14 15 15 15 17 17 17 17 17 17
sum 0 3 0 60 58
sum 1 3 0 180 92
sum 2 3 0 360 128
sum 3 3 0 540 153
sum 4 3 0 600 158
sum 5 3 0 1200 181
sum 6 3 0 1500 182
sum 7 3 0 1800 185
sum 8 3 0 2100 189
sum 9 3 0 2400 195
sum 10 3 0 2700 206
sum 11 3 0 3000 214
miss fire 3 0 3 3 1 1 1 1 1 2 2 1 1 0 0 0 0 1 1 0 0 0 0 0 0 0 0 0 0 0 0 0 0 1 1 1 0 1 1 1 1 1 0 0 0 0 0 0 0 1 1 0 0
miss human 3 0 18 18 9 9 7 8 8 8 6 5 4 4 3 2 1 0 0 0 0 0 0 0 0 0 0 0 0 0 0 0 0 0 0 0 0 0 0 0 0 0 0 0 0 0 0 0 0 0 0 0 0
miss window 3 0 8 8 8 6 4 3 3 1 0 0 0 0 0 0 1 1 1 2 2 2 2 1 0 0 0 0 1 1 1 0 0 0 0 0 0 0 0 0 0 1 1 1 2 2 2 4 4 2 0 0 0
acm fire 3 0 3 6 7 8 9 10 11 13 15 16 17 17 17 17 17 18 19 19 19 19 19 19 19 19 19 19 19 19 19 19 19 20 21 22 22 23 24 25 26 27 27 27 27 27 27 27 27 28 29 29 29
acm human 3 0 18 36 45 54 61 69 77 85 91 96 100 104 107 109 110 110 110 110 110 110 110 110 110 110 110 110 110 110 110 110 110 110 110 110 110 110 110 110 110 110 110 110 110 110 110 110 110 110 110 110 110
acm window 3 0 8 16 24 30 34 37 40 41 41 41 41 41 41 41 42 43 44 46 48 50 52 53 53 53 53 53 54 55 56 56 56 56 56 56 56 56 56 56 56 57 58 59 61 63 65 69 73 75 75 75 75
tsim fire 3 0 3 3 3 3 3 3 4 5 5 5 5 5 5 5 5 6 6 6 6 6 6 6 6 6 6 6 6 6 6 6 6 7 8 8 8 9 10 10 10 10 10 10 10 10 10 10 10 11 11 11 11
tsim human 3 0 18 18 18 17 16 15 15 15 14 14 13 11 10 10 9 8 8 8 8 8 8 8 8 8 8 8 8 8 8 8 8 8 8 8 8 8 8 8 8 8 8 8 8 8 8 8 8 8 8 8 8
tsim window 3 0 8 8 8 8 8 8 8 8 8 8 8 8 8 8 9 9 9 10 10 10 10 10 10 10 10 10 11 11 11 11 11 13 13 13 13 13 13 13 13 14 14 14 15 15 15 17 17 17 17 17 17
sum 0 4 0 60 58
sum 1 4 0 180 90
sum 2 4 0 360 121
sum 3 4 0 540 141
sum 4 4 0 600 146
sum 5 4 0 1200 164
sum 6 4 0 1500 164
sum 7 4 0 1800 167
sum 8 4 0 2100 176
sum 9 4 0 2400 185
sum 10 4 0 2700 193
sum 11 4 0 3000 203
miss fire 4 0 3 3 0 0 0 0 1 2 2 2 1 1 0 0 0 1 0 0 0 0 0 0 0 0 0 0 0 0 0 0 0 1 2 2 2 2 3 1 1 1 1 1 0 0 0 0 0 1 1 1 1
miss human 4 0 18 18 10 9 7 7 6 6 4 4 4 4 2 2 1 0 0 0 0 0 0 0 0 0 0 0 0 0 0 0 0 0 0 0 0 0 0 0 0 0 0 0 0 0 0 0 0 0 0 0 0
miss window 4 0 8 8 7 6 5 3 2 0 0 0 0 0 0 0 1 1 1 2 1 1 0 0 0 0 0 0 1 1 1 0 0 0 0 0 0 0 0 0 0 1 1 1 2 2 0 2 2 1 1 1 1
acm fire 4 0 3 6 6 6 6 6 7 9 11 13 14 15 15 15 15 16 16 16 16 16 16 16 16 16 16 16 16 16 16 16 16 17 19 21 23 25 28 29 30 31 32 33 33 33 33 33 33 34 35 36 37
acm human 4 0 18 36 46 55 62 69 75 81 85 89 93 97 99 101 102 102 102 102 102 102 102 102 102 102 102 102 102 102 102 102 102 102 102 102 102 102 102 102 102 102 102 102 102 102 102 102 102 102 102 102 102
acm window 4 0 8 16 23 29 34 37 39 39 39 39 39 39 39 39 40 41 42 44 45 46 46 46 46 46 46 46 47 48 49 49 49 49 49 49 49 49 49 49 49 50 51 52 54 56 56 58 60 61 62 63 64
tsim fire 4 0 3 3 3 3 3 3 4 5 5 5 5 5 5 5 5 6 6 6 6 6 6 6 6 6 6 6 6 6 6 6 6 7 8 8 8 9 10 10 10 10 10 10 10 10 10 10 10 11 11 11 11
tsim human 4 0 18 18 18 17 16 15 15 15 14 14 13 11 10 10 9 8 8 8 8 8 8 8 8 8 8 8 8 8 8 8 8 8 8 8 8 8 8 8 8 8 8 8 8 8 8 8 8 8 8 8 8
tsim window 4 0 8 8 8 8 8 8 8 8 8 8 8 8 8 8 9 9 9 10 10 10 10 10 10 10 10 10 11 11 11 11 11 13 13 13 13 13 13 13 13 14 14 14 15 15 15 17 17 17 17 17 17
sum 0 5 0 60 58
sum 1 5 0 180 88
sum 2 5 0 360 112
sum 3 5 0 540 132
sum 4 5 0 600 136
sum 5 5 0 1200 153
sum 6 5 0 1500 153
sum 7 5 0 1800 156
sum 8 5 0 2100 164
sum 9 5 0 2400 171
sum 10 5 0 2700 177
sum 11 5 0 3000 185
miss fire 5 0 3 3 1 1 0 0 1 2 2 1 1 0 0 0 0 1 1 0 0 0 0 0 0 0 0 0 0 0 0 0 0 1 2 2 1 2 1 1 1 1 1 1 0 0 0 0 0 1 1 0 0
miss human 5 0 18 18 10 8 7 6 6 6 5 4 3 4 3 2 1 0 0 0 0 0 0 0 0 0 0 0 0 0 0 0 0 0 0 0 0 0 0 0 0 0 0 0 0 0 0 0 0 0 0 0 0
miss window 5 0 8 8 6 4 2 1 1 0 0 0 0 0 0 0 1 1 1 1 1 0 0 0 0 0 0 0 1 1 1 0 0 0 0 0 0 0 0 0 0 1 1 1 1 1 0 2 2 2 2 0 0
acm fire 5 0 3 6 7 8 8 8 9 11 13 14 15 15 15 15 15 16 17 17 17 17 17 17 17 17 17 17 17 17 17 17 17 18 20 22 23 25 26 27 28 29 30 31 31 31 31 31 31 32 33 33 33
acm human 5 0 18 36 46 54 61 67 73 79 84 88 91 95 98 100 101 101 101 101 101 101 101 101 101 101 101 101 101 101 101 101 101 101 101 101 101 101 101 101 101 101 101 101 101 101 101 101 101 101 101 101 101
acm window 5 0 8 16 22 26 28 29 30 30 30 30 30 30 30 30 31 32 33 34 35 35 35 35 35 35 35 35 36 37 38 38 38 38 38 38 38 38 38 38 38 39 40 41 42 43 43 45 47 49 51 51 51
tsim fire 5 0 3 3 3 3 3 3 4 5 5 5 5 5 5 5 5 6 6 6 6 6 6 6 6 6 6 6 6 6 6 6 6 7 8 8 8 9 10 10 10 10 10 10 10 10 10 10 10 11 11 11 11
tsim human 5 0 18 18 18 17 16 15 15 15 14 14 13 11 10 10 9 8 8 8 8 8 8 8 8 8 8 8 8 8 8 8 8 8 8 8 8 8 8 8 8 8 8 8 8 8 8 8 8 8 8 8 8
tsim window 5 0 8 8 8 8 8 8 8 8 8 8 8 8 8 8 9 9 9 10 10 10 10 10 10 10 10 10 11 11 11 11 11 13 13 13 13 13 13 13 13 14 14 14 15 15 15 17 17 17 17 17 17
sum 0 6 0 60 58
sum 1 6 0 180 90
sum 2 6 0 360 112
sum 3 6 0 540 130
sum 4 6 0 600 134
sum 5 6 0 1200 153
sum 6 6 0 1500 153
sum 7 6 0 1800 155
sum 8 6 0 2100 159
sum 9 6 0 2400 165
sum 10 6 0 2700 172
sum 11 6 0 3000 177
miss fire 6 0 3 3 2 1 0 0 1 1 1 1 0 0 0 0 0 1 1 1 1 1 0 0 0 0 0 0 0 0 0 0 0 1 2 0 0 1 2 2 0 0 0 0 0 0 0 0 0 1 1 1 1
miss human 6 0 18 18 12 12 7 7 7 7 4 4 4 4 3 2 1 0 0 0 0 0 0 0 0 0 0 0 0 0 0 0 0 0 0 0 0 0 0 0 0 0 0 0 0 0 0 0 0 0 0 0 0
miss window 6 0 8 8 3 2 0 0 0 0 0 0 0 0 0 0 1 1 1 1 0 0 0 0 0 0 0 0 1 1 0 0 0 0 0 0 0 0 0 0 0 1 1 1 1 1 1 3 1 0 0 0 0
acm fire 6 0 3 6 8 9 9 9 10 11 12 13 13 13 13 13 13 14 15 16 17 18 18 18 18 18 18 18 18 18 18 18 18 19 21 21 21 22 24 26 26 26 26 26 26 26 26 26 26 27 28 29 30
acm human 6 0 18 36 48 60 67 74 81 88 92 96 100 104 107 109 110 110 110 110 110 110 110 110 110 110 110 110 110 110 110 110 110 110 110 110 110 110 110 110 110 110 110 110 110 110 110 110 110 110 110 110 110
acm window 6 0 8 16 19 21 21 21 21 21 21 21 21 21 21 21 22 23 24 25 25 25 25 25 25 25 25 25 26 27 27 27 27 27 27 27 27 27 27 27 27 28 29 30 31 32 33 36 37 37 37 37 37
tsim fire 6 0 3 3 3 3 3 3 4 5 5 5 5 5 5 5 5 6 6 6 6 6 6 6 6 6 6 6 6 6 6 6 6 7 8 8 8 9 10 10 10 10 10 10 10 10 10 10 10 11 11 11 11
tsim human 6 0 18 18 18 17 16 15 15 15 14 14 13 11 10 10 9 8 8 8 8 8 8 8 8 8 8 8 8 8 8 8 8 8 8 8 8 8 8 8 8 8 8 8 8 8 8 8 8 8 8 8 8
tsim window 6 0 8 8 8 8 8 8 8 8 8 8 8 8 8 8 9 9 9 10 10 10 10 10 10 10 10 10 11 11 11 11 11 13 13 13 13 13 13 13 13 14 14 14 15 15 15 17 17 17 17 17 17
sum 0 7 0 60 58
sum 1 7 0 180 90
sum 2 7 0 360 112
sum 3 7 0 540 131
sum 4 7 0 600 136
sum 5 7 0 1200 155
sum 6 7 0 1500 155
sum 7 7 0 1800 157
sum 8 7 0 2100 163
sum 9 7 0 2400 173
sum 10 7 0 2700 184
sum 11 7 0 3000 195
miss fire 7 0 3 3 2 1 0 0 1 2 1 1 1 1 0 0 0 1 0 0 0 0 0 0 0 0 0 0 0 0 0 0 0 1 2 1 1 1 2 2 2 2 0 0 0 0 0 0 0 1 0 0 0
miss human 7 0 18 18 12 12 7 7 7 7 4 4 4 4 3 3 2 1 0 0 0 0 0 0 0 0 0 0 0 0 0 0 0 0 0 0 0 0 0 0 0 0 0 0 0 0 0 0 0 0 0 0 0
miss window 7 0 8 8 3 2 0 0 0 0 0 0 0 0 0 0 1 0 0 1 1 1 0 0 0 0 0 0 1 1 0 0 0 0 0 0 0 0 0 0 0 1 1 1 2 2 2 4 3 3 2 1 1
acm fire 7 0 3 6 8 9 9 9 10 12 13 14 15 16 16 16 16 17 17 17 17 17 17 17 17 17 17 17 17 17 17 17 17 18 20 21 22 23 25 27 29 31 31 31 31 31 31 31 31 32 32 32 32
acm human 7 0 18 36 48 60 67 74 81 88 92 96 100 104 107 110 112 113 113 113 113 113 113 113 113 113 113 113 113 113 113 113 113 113 113 113 113 113 113 113 113 113 113 113 113 113 113 113 113 113 113 113 113
acm window 7 0 8 16 19 21 21 21 21 21 21 21 21 21 21 21 22 22 22 23 24 25 25 25 25 25 25 25 26 27 27 27 27 27 27 27 27 27 27 27 27 28 29 30 32 34 36 40 43 46 48 49 50
tsim fire 7 0 3 3 3 3 3 3 4 5 5 5 5 5 5 5 5 6 6 6 6 6 6 6 6 6 6 6 6 6 6 6 6 7 8 8 8 9 10 10 10 10 10 10 10 10 10 10 10 11 11 11 11
tsim human 7 0 18 18 18 17 16 15 15 15 14 14 13 11 10 10 9 8 8 8 8 8 8 8 8 8 8 8 8 8 8 8 8 8 8 8 8 8 8 8 8 8 8 8 8 8 8 8 8 8 8 8 8
tsim window 7 0 8 8 8 8 8 8 8 8 8 8 8 8 8 8 9 9 9 10 10 10 10 10 10 10 10 10 11 11 11 11 11 13 13 13 13 13 13 13 13 14 14 14 15 15 15 17 17 17 17 17 17
sum 0 8 0 60 58
sum 1 8 0 180 92
sum 2 8 0 360 123
sum 3 8 0 540 143
sum 4 8 0 600 148
sum 5 8 0 1200 164
sum 6 8 0 1500 164
sum 7 8 0 1800 167
sum 8 8 0 2100 171
sum 9 8 0 2400 177
sum 10 8 0 2700 187
sum 11 8 0 3000 203
miss fire 8 0 3 3 0 0 0 0 1 2 2 2 1 1 0 0 0 1 0 0 0 0 0 0 0 0 0 0 0 0 0 0 0 1 2 0 0 1 2 2 0 0 0 0 0 0 0 0 0 1 1 1 1
miss human 8 0 18 18 11 9 7 8 8 6 4 4 4 4 2 2 1 1 0 0 0 0 0 0 0 0 0 0 0 0 0 0 0 0 0 0 0 0 0 0 0 0 0 0 0 0 0 0 0 0 0 0 0
miss window 8 0 8 8 8 6 3 2 2 0 0 0 0 0 0 0 1 0 0 1 1 1 0 0 0 0 0 0 1 1 1 0 0 0 0 0 0 0 0 0 0 1 1 1 2 2 2 3 3 3 2 2 2
acm fire 8 0 3 6 6 6 6 6 7 9 11 13 14 15 15 15 15 16 16 16 16 16 16 16 16 16 16 16 16 16 16 16 16 17 19 19 19 20 22 24 24 24 24 24 24 24 24 24 24 25 26 27 28
acm human 8 0 18 36 47 56 63 71 79 85 89 93 97 101 103 105 106 107 107 107 107 107 107 107 107 107 107 107 107 107 107 107 107 107 107 107 107 107 107 107 107 107 107 107 107 107 107 107 107 107 107 107 107
acm window 8 0 8 16 24 30 33 35 37 37 37 37 37 37 37 37 38 38 38 39 40 41 41 41 41 41 41 41 42 43 44 44 44 44 44 44 44 44 44 44 44 45 46 47 49 51 53 56 59 62 64 66 68
tsim fire 8 0 3 3 3 3 3 3 4 5 5 5 5 5 5 5 5 6 6 6 6 6 6 6 6 6 6 6 6 6 6 6 6 7 8 8 8 9 10 10 10 10 10 10 10 10 10 10 10 11 11 11 11
tsim human 8 0 18 18 18 17 16 15 15 15 14 14 13 11 10 10 9 8 8 8 8 8 8 8 8 8 8 8 8 8 8 8 8 8 8 8 8 8 8 8 8 8 8 8 8 8 8 8 8 8 8 8 8
tsim window 8 0 8 8 8 8 8 8 8 8 8 8 8 8 8 8 9 9 9 10 10 10 10 10 10 10 10 10 11 11 11 11 11 13 13 13 13 13 13 13 13 14 14 14 15 15 15 17 17 17 17 17 17
sum 0 9 0 60 58
sum 1 9 0 180 88
sum 2 9 0 360 119
sum 3 9 0 540 137
sum 4 9 0 600 141
sum 5 9 0 1200 159
sum 6 9 0 1500 159
sum 7 9 0 1800 164
sum 8 9 0 2100 168
sum 9 9 0 2400 173
sum 10 9 0 2700 179
sum 11 9 0 3000 190
miss fire 9 0 3 3 0 0 0 0 1 2 1 1 0 0 0 0 0 1 0 0 0 0 0 0 0 0 0 0 0 0 0 0 0 1 2 0 0 1 2 2 0 0 0 0 0 0 0 0 0 1 1 0 0
miss human 9 0 18 18 9 8 6 7 7 6 4 4 4 4 3 3 2 1 0 0 0 0 0 0 0 0 0 0 0 0 0 0 0 0 0 0 0 0 0 0 0 0 0 0 0 0 0 0 0 0 0 0 0
miss window 9 0 8 8 7 6 5 3 2 0 0 0 0 0 0 0 1 1 0 1 1 0 0 0 0 0 0 0 1 1 1 1 1 0 0 0 0 0 0 0 0 1 0 0 1 1 1 3 3 2 2 1 1
acm fire 9 0 3 6 6 6 6 6 7 9 10 11 11 11 11 11 11 12 12 12 12 12 12 12 12 12 12 12 12 12 12 12 12 13 15 15 15 16 18 20 20 20 20 20 20 20 20 20 20 21 22 22 22
acm human 9 0 18 36 45 53 59 66 73 79 83 87 91 95 98 101 103 104 104 104 104 104 104 104 104 104 104 104 104 104 104 104 104 104 104 104 104 104 104 104 104 104 104 104 104 104 104 104 104 104 104 104 104
acm window 9 0 8 16 23 29 34 37 39 39 39 39 39 39 39 39 40 41 41 42 43 43 43 43 43 43 43 43 44 45 46 47 48 48 48 48 48 48 48 48 48 49 49 49 50 51 52 55 58 60 62 63 64
tsim fire 9 0 3 3 3 3 3 3 4 5 5 5 5 5 5 5 5 6 6 6 6 6 6 6 6 6 6 6 6 6 6 6 6 7 8 8 8 9 10 10 10 10 10 10 10 10 10 10 10 11 11 11 11
tsim human 9 0 18 18 18 17 16 15 15 15 14 14 13 11 10 10 9 8 8 8 8 8 8 8 8 8 8 8 8 8 8 8 8 8 8 8 8 8 8 8 8 8 8 8 8 8 8 8 8 8 8 8 8
tsim window 9 0 8 8 8 8 8 8 8 8 8 8 8 8 8 8 9 9 9 10 10 10 10 10 10 10 10 10 11 11 11 11 11 13 13 13 13 13 13 13 13 14 14 14 15 15 15 17 17 17 17 17 17
sum 0 10 0 60 58
sum 1 10 0 180 92
sum 2 10 0 360 126
sum 3 10 0 540 146
sum 4 10 0 600 151
sum 5 10 0 1200 165
sum 6 10 0 1500 165
sum 7 10 0 1800 167
sum 8 10 0 2100 173
sum 9 10 0 2400 176
sum 10 10 0 2700 179
sum 11 10 0 3000 187
miss fire 10 0 3 3 0 0 0 0 1 2 2 2 0 0 0 0 0 1 0 0 0 0 0 0 0 0 0 0 0 0 0 0 0 1 2 1 1 1 2 0 0 0 0 0 0 0 0 0 0 1 1 0 0
miss human 10 0 18 18 11 10 8 8 7 6 4 4 5 3 2 2 1 0 0 0 0 0 0 0 0 0 0 0 0 0 0 0 0 0 0 0 0 0 0 0 0 0 0 0 0 0 0 0 0 0 0 0 0
miss window 10 0 8 8 7 6 5 3 2 0 0 0 0 0 0 0 1 1 1 2 0 0 0 0 0 0 0 0 1 1 0 0 0 0 0 0 0 0 0 0 0 1 0 0 1 0 0 2 2 2 2 0 0
acm fire 10 0 3 6 6 6 6 6 7 9 11 13 13 13 13 13 13 14 14 14 14 14 14 14 14 14 14 14 14 14 14 14 14 15 17 18 19 20 22 22 22 22 22 22 22 22 22 22 22 23 24 24 24
acm human 10 0 18 36 47 57 65 73 80 86 90 94 99 102 104 106 107 107 107 107 107 107 107 107 107 107 107 107 107 107 107 107 107 107 107 107 107 107 107 107 107 107 107 107 107 107 107 107 107 107 107 107 107
acm window 10 0 8 16 23 29 34 37 39 39 39 39 39 39 39 39 40 41 42 44 44 44 44 44 44 44 44 44 45 46 46 46 46 46 46 46 46 46 46 46 46 47 47 47 48 48 48 50 52 54 56 56 56
tsim fire 10 0 3 3 3 3 3 3 4 5 5 5 5 5 5 5 5 6 6 6 6 6 6 6 6 6 6 6 6 6 6 6 6 7 8 8 8 9 10 10 10 10 10 10 10 10 10 10 10 11 11 11 11
tsim human 10 0 18 18 18 17 16 15 15 15 14 14 13 11 10 10 9 8 8 8 8 8 8 8 8 8 8 8 8 8 8 8 8 8 8 8 8 8 8 8 8 8 8 8 8 8 8 8 8 8 8 8 8
tsim window 10 0 8 8 8 8 8 8 8 8 8 8 8 8 8 8 9 9 9 10 10 10 10 10 10 10 10 10 11 11 11 11 11 13 13 13 13 13 13 13 13 14 14 14 15 15 15 17 17 17 17 17 17
random:1T:3000
sum 0 0 1 60 61
sum 1 0 1 180 98
sum 2 0 1 360 130
sum 3 0 1 540 153
sum 4 0 1 600 160
sum 5 0 1 1200 196
sum 6 0 1 1500 206
sum 7 0 1 1800 217
sum 8 0 1 2100 224
sum 9 0 1 2400 229
sum 10 0 1 2700 236
sum 11 0 1 3000 243
miss fire 0 1 2 2 0 0 0 1 0 0 0 1 1 1 3 3 4 2 3 0 0 0 0 0 0 0 0 0 0 1 1 0 0 0 0 1 0 1 1 0 0 0 1 1 2 1 1 1 1 1 1 0 0
miss human 0 1 23 22 18 13 11 9 6 6 8 8 6 6 6 1 3 1 0 0 0 0 0 0 0 0 0 0 0 0 0 0 0 0 0 0 0 0 0 0 0 0 0 0 0 0 0 0 0 0 0 0 0
miss window 0 1 6 6 3 3 2 2 1 0 0 0 0 0 0 0 0 0 0 0 1 1 1 0 2 2 3 3 3 2 2 1 1 1 1 1 1 1 1 1 1 0 0 0 1 0 0 0 0 0 1 1 2
acm fire 0 1 2 4 4 4 4 5 5 5 5 6 7 8 11 14 18 20 23 23 23 23 23 23 23 23 23 23 23 24 25 25 25 25 25 26 26 27 28 28 28 28 29 30 32 33 34 35 36 37 38 38 38
acm human 0 1 23 45 63 76 87 96 102 108 116 124 130 136 142 143 146 147 147 147 147 147 147 147 147 147 147 147 147 147 147 147 147 147 147 147 147 147 147 147 147 147 147 147 147 147 147 147 147 147 147 147 147
acm window 0 1 6 12 15 18 20 22 23 23 23 23 23 23 23 23 23 23 23 23 24 25 26 26 28 30 33 36 39 41 43 44 45 46 47 48 49 50 51 52 53 53 53 53 54 54 54 54 54 54 55 56 58
tsim fire 0 1 2 2 2 2 2 3 3 3 3 4 4 4 6 6 7 7 8 8 8 8 8 8 8 8 8 8 8 8 8 8 8 8 8 7 7 8 8 8 8 8 9 10 11 11 11 11 11 12 12 12 12
tsim human 0 1 23 22 22 21 21 18 18 17 15 15 14 14 14 14 16 14 13 13 13 13 13 13 13 13 13 13 13 13 13 13 13 13 13 13 13 13 13 13 13 13 13 13 13 13 13 13 13 13 13 13 13
tsim window 0 1 6 6 6 6 6 6 6 6 6 6 6 6 6 6 9 9 12 12 13 13 13 13 15 15 16 16 16 17 17 17 17 17 17 17 17 17 17 17 17 17 17 17 18 18 18 18 18 18 19 19 20
sum 0 1 1 60 61
sum 1 1 1 180 94
sum 2 1 1 360 129
sum 3 1 1 540 153
sum 4 1 1 600 155
sum 5 1 1 1200 182
sum 6 1 1 1500 191
sum 7 1 1 1800 200
sum 8 1 1 2100 204
sum 9 1 1 2400 211
sum 10 1 1 2700 223
sum 11 1 1 3000 229
miss fire 1 1 2 2 0 0 0 1 1 0 0 1 1 1 2 2 3 2 3 1 1 1 1 1 0 0 0 0 0 0 0 0 0 0 0 1 1 2 2 2 2 0 1 2 3 3 1 1 0 1 1 1 1
miss human 1 1 23 22 13 10 7 6 6 6 7 7 1 1 1 1 3 1 0 0 0 0 0 0 0 0 0 0 0 0 0 0 0 0 0 0 0 0 0 0 0 0 0 0 0 0 0 0 0 0 0 0 0
miss window 1 1 6 6 5 5 5 5 4 1 1 1 0 0 0 0 0 0 0 0 1 1 1 0 2 2 2 2 2 2 2 2 1 0 0 0 0 0 0 0 0 0 0 0 1 1 0 0 0 0 1 0 1
acm fire 1 1 2 4 4 4 4 5 6 6 6 7 8 9 11 13 16 18 21 22 23 24 25 26 26 26 26 26 26 26 26 26 26 26 26 27 28 30 32 34 36 36 37 39 42 45 46 47 47 48 49 50 51
acm human 1 1 23 45 58 68 75 81 87 93 100 107 108 109 110 111 114 115 115 115 115 115 115 115 115 115 115 115 115 115 115 115 115 115 115 115 115 115 115 115 115 115 115 115 115 115 115 115 115 115 115 115 115
acm window 1 1 6 12 17 22 27 32 36 37 38 39 39 39 39 39 39 39 39 39 40 41 42 42 44 46 48 50 52 54 56 58 59 59 59 59 59 59 59 59 59 59 59 59 60 61 61 61 61 61 62 62 63
tsim fire 1 1 2 2 2 2 2 3 3 3 3 4 4 4 6 6 7 7 8 8 8 8 8 8 8 8 8 8 8 8 8 8 8 8 8 7 7 8 8 8 8 8 9 10 11 11 11 11 11 12 12 12 12
tsim human 1 1 23 22 22 21 21 18 18 17 15 15 14 14 14 14 16 14 13 13 13 13 13 13 13 13 13 13 13 13 13 13 13 13 13 13 13 13 13 13 13 13 13 13 13 13 13 13 13 13 13 13 13
tsim window 1 1 6 6 6 6 6 6 6 6 6 6 6 6 6 6 9 9 12 12 13 13 13 13 15 15 16 16 16 17 17 17 17 17 17 17 17 17 17 17 17 17 17 17 18 18 18 18 18 18 19 19 20
sum 0 2 1 60 61
sum 1 2 1 180 91
sum 2 2 1 360 131
sum 3 2 1 540 161
sum 4 2 1 600 168
sum 5 2 1 1200 241
sum 6 2 1 1500 258
sum 7 2 1 1800 269
sum 8 2 1 2100 275
sum 9 2 1 2400 283
sum 10 2 1 2700 298
sum 11 2 1 3000 312
miss fire 2 1 2 2 1 1 1 2 2 1 1 1 1 1 3 3 3 3 2 2 1 1 1 0 0 0 0 0 0 0 0 0 0 0 0 1 1 2 2 2 1 1 2 3 3 3 1 1 2 2 2 2 2
miss human 2 1 23 22 10 8 7 7 7 7 7 7 6 6 6 6 7 5 4 4 4 4 4 2 2 0 0 2 0 0 0 0 0 0 0 0 0 0 0 0 0 0 0 0 0 0 0 0 0 0 0 0 0
miss window 2 1 6 6 5 5 5 5 4 3 2 1 0 0 0 0 0 0 0 0 1 1 1 1 3 2 3 2 2 3 2 2 2 2 0 0 0 0 0 0 0 0 0 0 1 1 1 1 0 0 1 1 2
acm fire 2 1 2 4 5 6 7 9 11 12 13 14 15 16 19 22 25 28 30 32 33 34 35 35 35 35 35 35 35 35 35 35 35 35 35 36 37 39 41 43 44 45 47 50 53 56 57 58 60 62 64 66 68
acm human 2 1 23 45 55 63 70 77 84 91 98 105 111 117 123 129 136 141 145 149 153 157 161 163 165 165 165 167 167 167 167 167 167 167 167 167 167 167 167 167 167 167 167 167 167 167 167 167 167 167 167 167 167
acm window 2 1 6 12 17 22 27 32 36 39 41 42 42 42 42 42 42 42 42 42 43 44 45 46 49 51 54 56 58 61 63 65 67 69 69 69 69 69 69 69 69 69 69 69 70 71 72 73 73 73 74 75 77
tsim fire 2 1 2 2 2 2 2 3 3 3 3 4 4 4 6 6 7 7 8 8 8 8 8 8 8 8 8 8 8 8 8 8 8 8 8 7 7 8 8 8 8 8 9 10 11 11 11 11 11 12 12 12 12
tsim human 2 1 23 22 22 21 21 18 18 17 15 15 14 14 14 14 16 14 13 13 13 13 13 13 13 13 13 13 13 13 13 13 13 13 13 13 13 13 13 13 13 13 13 13 13 13 13 13 13 13 13 13 13
tsim window 2 1 6 6 6 6 6 6 6 6 6 6 6 6 6 6 9 9 12 12 13 13 13 13 15 15 16 16 16 17 17 17 17 17 17 17 17 17 17 17 17 17 17 17 18 18 18 18 18 18 19 19 20
sum 0 3 1 60 61
sum 1 3 1 180 87
sum 2 3 1 360 131
sum 3 3 1 540 163
sum 4 3 1 600 167
sum 5 3 1 1200 208
sum 6 3 1 1500 221
sum 7 3 1 1800 235
sum 8 3 1 2100 244
sum 9 3 1 2400 245
sum 10 3 1 2700 261
sum 11 3 1 3000 276
miss fire 3 1 2 2 0 0 0 1 1 1 0 1 1 0 2 1 2 0 1 0 0 0 0 0 0 0 0 0 0 0 0 0 0 0 0 1 1 2 0 0 0 0 1 2 3 3 3 1 1 2 1 1 1
miss human 3 1 23 22 7 7 7 10 9 9 10 3 2 7 6 5 6 4 1 1 0 0 0 0 0 0 0 0 0 0 0 0 0 0 0 0 0 0 0 0 0 0 0 0 0 0 0 0 0 0 0 0 0
miss window 3 1 6 6 6 6 6 6 4 4 3 1 1 1 1 0 0 0 0 0 1 1 1 1 3 3 3 3 2 3 3 3 3 2 2 1 0 0 0 0 0 0 0 0 1 1 1 1 1 1 2 2 3
acm fire 3 1 2 4 4 4 4 5 6 7 7 8 9 9 11 12 14 14 15 15 15 15 15 15 15 15 15 15 15 15 15 15 15 15 15 16 17 19 19 19 19 19 20 22 25 28 31 32 33 35 36 37 38
acm human 3 1 23 45 52 59 66 76 85 94 104 107 109 116 122 127 133 137 138 139 139 139 139 139 139 139 139 139 139 139 139 139 139 139 139 139 139 139 139 139 139 139 139 139 139 139 139 139 139 139 139 139 139
acm window 3 1 6 12 18 24 30 36 40 44 47 48 49 50 51 51 51 51 51 51 52 53 54 55 58 61 64 67 69 72 75 78 81 83 85 86 86 86 86 86 86 86 86 86 87 88 89 90 91 92 94 96 99
tsim fire 3 1 2 2 2 2 2 3 3 3 3 4 4 4 6 6 7 7 8 8 8 8 8 8 8 8 8 8 8 8 8 8 8 8 8 7 7 8 8 8 8 8 9 10 11 11 11 11 11 12 12 12 12
tsim human 3 1 23 22 22 21 21 18 18 17 15 15 14 14 14 14 16 14 13 13 13 13 13 13 13 13 13 13 13 13 13 13 13 13 13 13 13 13 13 13 13 13 13 13 13 13 13 13 13 13 13 13 13
tsim window 3 1 6 6 6 6 6 6 6 6 6 6 6 6 6 6 9 9 12 12 13 13 13 13 15 15 16 16 16 17 17 17 17 17 17 17 17 17 17 17 17 17 17 17 18 18 18 18 18 18 19 19 20
sum 0 4 1 60 61
sum 1 4 1 180 91
sum 2 4 1 360 132
sum 3 4 1 540 166
sum 4 4 1 600 168
sum 5 4 1 1200 189
sum 6 4 1 1500 201
sum 7 4 1 1800 207
sum 8 4 1 2100 211
sum 9 4 1 2400 214
sum 10 4 1 2700 228
sum 11 4 1 3000 236
miss fire 4 1 2 2 1 1 1 2 2 0 0 1 1 1 3 3 1 1 1 1 0 0 0 0 0 0 0 0 0 0 0 0 0 0 0 1 1 2 2 0 0 0 1 2 3 3 2 2 0 1 1 1 1
miss human 4 1 23 22 10 8 6 8 8 9 11 10 1 1 1 1 3 1 0 0 0 0 0 0 0 0 0 0 0 0 0 0 0 0 0 0 0 0 0 0 0 0 0 0 0 0 0 0 0 0 0 0 0
miss window 4 1 6 6 5 5 5 5 4 1 1 1 0 0 0 0 0 0 0 0 1 1 1 1 3 3 3 2 1 2 1 1 1 0 0 0 0 0 0 0 0 0 0 0 1 1 0 0 0 0 1 1 2
acm fire 4 1 2 4 5 6 7 9 11 11 11 12 13 14 17 20 21 22 23 24 24 24 24 24 24 24 24 24 24 24 24 24 24 24 24 25 26 28 30 30 30 30 31 33 36 39 41 43 43 44 45 46 47
acm human 4 1 23 45 55 63 69 77 85 94 105 115 116 117 118 119 122 123 123 123 123 123 123 123 123 123 123 123 123 123 123 123 123 123 123 123 123 123 123 123 123 123 123 123 123 123 123 123 123 123 123 123 123
acm window 4 1 6 12 17 22 27 32 36 37 38 39 39 39 39 39 39 39 39 39 40 41 42 43 46 49 52 54 55 57 58 59 60 60 60 60 60 60 60 60 60 60 60 60 61 62 62 62 62 62 63 64 66
tsim fire 4 1 2 2 2 2 2 3 3 3 3 4 4 4 6 6 7 7 8 8 8 8 8 8 8 8 8 8 8 8 8 8 8 8 8 7 7 8 8 8 8 8 9 10 11 11 11 11 11 12 12 12 12
tsim human 4 1 23 22 22 21 21 18 18 17 15 15 14 14 14 14 16 14 13 13 13 13 13 13 13 13 13 13 13 13 13 13 13 13 13 13 13 13 13 13 13 13 13 13 13 13 13 13 13 13 13 13 13
tsim window 4 1 6 6 6 6 6 6 6 6 6 6 6 6 6 6 9 9 12 12 13 13 13 13 15 15 16 16 16 17 17 17 17 17 17 17 17 17 17 17 17 17 17 17 18 18 18 18 18 18 19 19 20
sum 0 5 1 60 61
sum 1 5 1 180 90
sum 2 5 1 360 124
sum 3 5 1 540 154
sum 4 5 1 600 162
sum 5 5 1 1200 214
sum 6 5 1 1500 229
sum 7 5 1 1800 235
sum 8 5 1 2100 239
sum 9 5 1 2400 245
sum 10 5 1 2700 261
sum 11 5 1 3000 270
miss fire 5 1 2 2 1 0 0 1 1 0 0 1 1 1 3 3 2 2 1 1 0 0 0 0 0 0 0 0 0 0 0 0 0 0 0 1 1 1 1 1 1 1 2 3 3 3 3 0 0 1 1 1 1
miss human 5 1 23 22 9 7 5 6 6 6 8 8 6 6 5 5 6 4 3 3 1 1 1 1 3 0 0 0 0 0 0 0 0 0 0 0 0 0 0 0 0 0 0 0 0 0 0 0 0 0 0 0 0
miss window 5 1 6 6 6 6 5 5 5 3 3 1 1 1 0 0 0 0 0 0 1 1 1 1 3 2 3 2 2 1 1 1 1 1 0 0 0 0 0 0 0 0 0 0 1 1 1 1 1 0 1 1 2
acm fire 5 1 2 4 5 5 5 6 7 7 7 8 9 10 13 16 18 20 21 22 22 22 22 22 22 22 22 22 22 22 22 22 22 22 22 23 24 25 26 27 28 29 31 34 37 40 43 43 43 44 45 46 47
acm human 5 1 23 45 54 61 66 72 78 84 92 100 106 112 117 122 128 132 135 138 139 140 141 142 145 145 145 145 145 145 145 145 145 145 145 145 145 145 145 145 145 145 145 145 145 145 145 145 145 145 145 145 145
acm window 5 1 6 12 18 24 29 34 39 42 45 46 47 48 48 48 48 48 48 48 49 50 51 52 55 57 60 62 64 65 66 67 68 69 69 69 69 69 69 69 69 69 69 69 70 71 72 73 74 74 75 76 78
tsim fire 5 1 2 2 2 2 2 3 3 3 3 4 4 4 6 6 7 7 8 8 8 8 8 8 8 8 8 8 8 8 8 8 8 8 8 7 7 8 8 8 8 8 9 10 11 11 11 11 11 12 12 12 12
tsim human 5 1 23 22 22 21 21 18 18 17 15 15 14 14 14 14 16 14 13 13 13 13 13 13 13 13 13 13 13 13 13 13 13 13 13 13 13 13 13 13 13 13 13 13 13 13 13 13 13 13 13 13 13
tsim window 5 1 6 6 6 6 6 6 6 6 6 6 6 6 6 6 9 9 12 12 13 13 13 13 15 15 16 16 16 17 17 17 17 17 17 17 17 17 17 17 17 17 17 17 18 18 18 18 18 18 19 19 20
sum 0 6 1 60 61
sum 1 6 1 180 98
sum 2 6 1 360 130
sum 3 6 1 540 153
sum 4 6 1 600 159
sum 5 6 1 1200 202
sum 6 6 1 1500 219
sum 7 6 1 1800 231
sum 8 6 1 2100 235
sum 9 6 1 2400 238
sum 10 6 1 2700 253
sum 11 6 1 3000 264
miss fire 6 1 2 2 0 0 0 1 0 0 0 1 1 1 2 2 3 3 2 2 1 1 0 0 0 0 0 0 0 0 0 0 0 0 0 1 1 2 1 1 0 0 1 2 3 3 3 1 1 2 2 2 2
miss human 6 1 23 22 18 13 11 9 6 6 8 8 5 5 3 3 5 3 1 1 1 1 0 0 0 1 1 1 0 0 0 0 0 0 0 0 0 0 0 0 0 0 0 0 0 0 0 0 0 0 0 0 0
miss window 6 1 6 6 3 3 2 2 1 0 0 0 0 0 0 0 0 0 0 0 1 1 1 1 3 3 4 3 3 4 3 2 0 0 0 0 0 0 0 0 0 0 0 0 1 1 1 0 0 0 1 0 1
acm fire 6 1 2 4 4 4 4 5 5 5 5 6 7 8 10 12 15 18 20 22 23 24 24 24 24 24 24 24 24 24 24 24 24 24 24 25 26 28 29 30 30 30 31 33 36 39 42 43 44 46 48 50 52
acm human 6 1 23 45 63 76 87 96 102 108 116 124 129 134 137 140 145 148 149 150 151 152 152 152 152 153 154 155 155 155 155 155 155 155 155 155 155 155 155 155 155 155 155 155 155 155 155 155 155 155 155 155 155
acm window 6 1 6 12 15 18 20 22 23 23 23 23 23 23 23 23 23 23 23 23 24 25 26 27 30 33 37 40 43 47 50 52 52 52 52 52 52 52 52 52 52 52 52 52 53 54 55 55 55 55 56 56 57
tsim fire 6 1 2 2 2 2 2 3 3 3 3 4 4 4 6 6 7 7 8 8 8 8 8 8 8 8 8 8 8 8 8 8 8 8 8 7 7 8 8 8 8 8 9 10 11 11 11 11 11 12 12 12 12
tsim human 6 1 23 22 22 21 21 18 18 17 15 15 14 14 14 14 16 14 13 13 13 13 13 13 13 13 13 13 13 13 13 13 13 13 13 13 13 13 13 13 13 13 13 13 13 13 13 13 13 13 13 13 13
tsim window 6 1 6 6 6 6 6 6 6 6 6 6 6 6 6 6 9 9 12 12 13 13 13 13 15 15 16 16 16 17 17 17 17 17 17 17 17 17 17 17 17 17 17 17 18 18 18 18 18 18 19 19 20
sum 0 7 1 60 61
sum 1 7 1 180 98
sum 2 7 1 360 130
sum 3 7 1 540 153
sum 4 7 1 600 158
sum 5 7 1 1200 186
sum 6 7 1 1500 198
sum 7 7 1 1800 211
sum 8 7 1 2100 219
sum 9 7 1 2400 220
sum 10 7 1 2700 232
sum 11 7 1 3000 243
miss fire 7 1 2 2 0 0 0 1 0 0 0 1 1 1 2 2 2 2 2 2 0 0 0 0 0 0 0 0 0 0 0 0 0 0 0 1 1 2 0 0 0 0 1 2 2 2 2 1 1 2 2 1 1
miss human 7 1 23 22 18 13 11 9 6 6 8 8 4 4 2 2 3 1 0 0 0 0 0 0 0 0 0 0 0 0 0 0 0 0 0 0 0 0 0 0 0 0 0 0 0 0 0 0 0 0 0 0 0
miss window 7 1 6 6 3 3 2 2 1 0 0 0 0 0 0 0 0 0 0 0 1 1 1 1 3 3 3 2 2 3 3 3 2 2 1 1 0 0 0 0 0 0 0 0 1 1 1 0 0 0 1 1 2
acm fire 7 1 2 4 4 4 4 5 5 5 5 6 7 8 10 12 14 16 18 20 20 20 20 20 20 20 20 20 20 20 20 20 20 20 20 21 22 24 24 24 24 24 25 27 29 31 33 34 35 37 39 40 41
acm human 7 1 23 45 63 76 87 96 102 108 116 124 128 132 134 136 139 140 140 140 140 140 140 140 140 140 140 140 140 140 140 140 140 140 140 140 140 140 140 140 140 140 140 140 140 140 140 140 140 140 140 140 140
acm window 7 1 6 12 15 18 20 22 23 23 23 23 23 23 23 23 23 23 23 23 24 25 26 27 30 33 36 38 40 43 46 49 51 53 54 55 55 55 55 55 55 55 55 55 56 57 58 58 58 58 59 60 62
tsim fire 7 1 2 2 2 2 2 3 3 3 3 4 4 4 6 6 7 7 8 8 8 8 8 8 8 8 8 8 8 8 8 8 8 8 8 7 7 8 8 8 8 8 9 10 11 11 11 11 11 12 12 12 12
tsim human 7 1 23 22 22 21 21 18 18 17 15 15 14 14 14 14 16 14 13 13 13 13 13 13 13 13 13 13 13 13 13 13 13 13 13 13 13 13 13 13 13 13 13 13 13 13 13 13 13 13 13 13 13
tsim window 7 1 6 6 6 6 6 6 6 6 6 6 6 6 6 6 9 9 12 12 13 13 13 13 15 15 16 16 16 17 17 17 17 17 17 17 17 17 17 17 17 17 17 17 18 18 18 18 18 18 19 19 20
sum 0 8 1 60 61
sum 1 8 1 180 91
sum 2 8 1 360 131
sum 3 8 1 540 159
sum 4 8 1 600 166
sum 5 8 1 1200 240
sum 6 8 1 1500 258
sum 7 8 1 1800 267
sum 8 8 1 2100 270
sum 9 8 1 2400 276
sum 10 8 1 2700 285
sum 11 8 1 3000 295
miss fire 8 1 2 2 0 0 0 1 1 0 0 1 1 1 3 3 4 4 5 1 1 1 1 1 1 0 0 0 0 0 0 0 0 0 0 1 1 1 1 1 1 1 2 1 2 1 1 0 0 1 0 0 0
miss human 8 1 23 22 11 9 9 8 7 7 7 7 6 6 6 6 8 5 4 3 3 3 3 1 1 0 0 0 0 0 0 0 0 0 0 0 0 0 0 0 0 0 0 0 0 0 0 0 0 0 0 0 0
miss window 8 1 6 6 5 5 5 5 4 3 2 1 0 0 0 0 0 0 0 0 1 1 1 1 3 3 4 3 3 3 1 1 1 0 0 0 0 0 0 0 0 0 0 0 1 1 1 1 1 1 2 2 3
acm fire 8 1 2 4 4 4 4 5 6 6 6 7 8 9 12 15 19 23 28 29 30 31 32 33 34 34 34 34 34 34 34 34 34 34 34 35 36 37 38 39 40 41 43 44 46 47 48 48 48 49 49 49 49
acm human 8 1 23 45 56 65 74 82 89 96 103 110 116 122 128 134 142 147 151 154 157 160 163 164 165 165 165 165 165 165 165 165 165 165 165 165 165 165 165 165 165 165 165 165 165 165 165 165 165 165 165 165 165
acm window 8 1 6 12 17 22 27 32 36 39 41 42 42 42 42 42 42 42 42 42 43 44 45 46 49 52 56 59 62 65 66 67 68 68 68 68 68 68 68 68 68 68 68 68 69 70 71 72 73 74 76 78 81
tsim fire 8 1 2 2 2 2 2 3 3 3 3 4 4 4 6 6 7 7 8 8 8 8 8 8 8 8 8 8 8 8 8 8 8 8 8 7 7 8 8 8 8 8 9 10 11 11 11 11 11 12 12 12 12
tsim human 8 1 23 22 22 21 21 18 18 17 15 15 14 14 14 14 16 14 13 13 13 13 13 13 13 13 13 13 13 13 13 13 13 13 13 13 13 13 13 13 13 13 13 13 13 13 13 13 13 13 13 13 13
tsim window 8 1 6 6 6 6 6 6 6 6 6 6 6 6 6 6 9 9 12 12 13 13 13 13 15 15 16 16 16 17 17 17 17 17 17 17 17 17 17 17 17 17 17 17 18 18 18 18 18 18 19 19 20
sum 0 9 1 60 61
sum 1 9 1 180 89
sum 2 9 1 360 127
sum 3 9 1 540 161
sum 4 9 1 600 163
sum 5 9 1 1200 193
sum 6 9 1 1500 207
sum 7 9 1 1800 216
sum 8 9 1 2100 221
sum 9 9 1 2400 222
sum 10 9 1 2700 232
sum 11 9 1 3000 240
miss fire 9 1 2 2 0 0 0 1 1 0 0 1 1 1 2 2 3 2 3 3 2 2 0 0 0 0 0 0 0 0 0 0 0 0 0 1 1 2 0 0 0 0 1 2 3 2 2 0 0 1 1 1 1
miss human 9 1 23 22 10 8 6 8 8 9 11 10 1 1 1 1 3 1 0 0 0 0 0 0 0 0 0 0 0 0 0 0 0 0 0 0 0 0 0 0 0 0 0 0 0 0 0 0 0 0 0 0 0
miss window 9 1 6 6 5 5 5 5 4 1 1 1 0 0 0 0 0 0 0 0 1 1 1 1 3 3 4 3 2 3 2 1 1 1 0 0 0 0 0 0 0 0 0 0 1 0 0 0 0 0 1 1 2
acm fire 9 1 2 4 4 4 4 5 6 6 6 7 8 9 11 13 16 18 21 24 26 28 28 28 28 28 28 28 28 28 28 28 28 28 28 29 30 32 32 32 32 32 33 35 38 40 42 42 42 43 44 45 46
acm human 9 1 23 45 55 63 69 77 85 94 105 115 116 117 118 119 122 123 123 123 123 123 123 123 123 123 123 123 123 123 123 123 123 123 123 123 123 123 123 123 123 123 123 123 123 123 123 123 123 123 123 123 123
acm window 9 1 6 12 17 22 27 32 36 37 38 39 39 39 39 39 39 39 39 39 40 41 42 43 46 49 53 56 58 61 63 64 65 66 66 66 66 66 66 66 66 66 66 66 67 67 67 67 67 67 68 69 71
tsim fire 9 1 2 2 2 2 2 3 3 3 3 4 4 4 6 6 7 7 8 8 8 8 8 8 8 8 8 8 8 8 8 8 8 8 8 7 7 8 8 8 8 8 9 10 11 11 11 11 11 12 12 12 12
tsim human 9 1 23 22 22 21 21 18 18 17 15 15 14 14 14 14 16 14 13 13 13 13 13 13 13 13 13 13 13 13 13 13 13 13 13 13 13 13 13 13 13 13 13 13 13 13 13 13 13 13 13 13 13
tsim window 9 1 6 6 6 6 6 6 6 6 6 6 6 6 6 6 9 9 12 12 13 13 13 13 15 15 16 16 16 17 17 17 17 17 17 17 17 17 17 17 17 17 17 17 18 18 18 18 18 18 19 19 20
sum 0 10 1 60 61
sum 1 10 1 180 102
sum 2 10 1 360 138
sum 3 10 1 540 160
sum 4 10 1 600 162
sum 5 10 1 1200 183
sum 6 10 1 1500 192
sum 7 10 1 1800 199
sum 8 10 1 2100 203
sum 9 10 1 2400 209
sum 10 10 1 2700 223
sum 11 10 1 3000 233
miss fire 10 1 2 2 1 1 1 2 2 0 0 1 1 1 2 2 2 2 1 1 0 0 0 0 0 0 0 0 0 0 1 1 1 1 0 1 0 1 1 1 1 1 2 2 3 3 1 1 0 1 0 0 0
miss human 10 1 23 22 17 12 7 5 5 5 7 6 1 1 1 1 3 1 0 0 0 0 0 0 0 0 0 0 0 0 0 0 0 0 0 0 0 0 0 0 0 0 0 0 0 0 0 0 0 0 0 0 0
miss window 10 1 6 6 5 5 5 5 4 1 1 1 0 0 0 0 0 0 0 0 1 1 1 1 2 2 2 2 0 1 1 1 1 1 0 0 0 0 0 0 0 0 0 0 1 1 1 1 1 1 2 2 3
acm fire 10 1 2 4 5 6 7 9 11 11 11 12 13 14 16 18 20 22 23 24 24 24 24 24 24 24 24 24 24 24 25 26 27 28 28 29 29 30 31 32 33 34 36 38 41 44 45 46 46 47 47 47 47
acm human 10 1 23 45 62 74 81 86 91 96 103 109 110 111 112 113 116 117 117 117 117 117 117 117 117 117 117 117 117 117 117 117 117 117 117 117 117 117 117 117 117 117 117 117 117 117 117 117 117 117 117 117 117
acm window 10 1 6 12 17 22 27 32 36 37 38 39 39 39 39 39 39 39 39 39 40 41 42 43 45 47 49 51 51 52 53 54 55 56 56 56 56 56 56 56 56 56 56 56 57 58 59 60 61 62 64 66 69
tsim fire 10 1 2 2 2 2 2 3 3 3 3 4 4 4 6 6 7 7 8 8 8 8 8 8 8 8 8 8 8 8 8 8 8 8 8 7 7 8 8 8 8 8 9 10 11 11 11 11 11 12 12 12 12
tsim human 10 1 23 22 22 21 21 18 18 17 15 15 14 14 14 14 16 14 13 13 13 13 13 13 13 13 13 13 13 13 13 13 13 13 13 13 13 13 13 13 13 13 13 13 13 13 13 13 13 13 13 13 13
tsim window 10 1 6 6 6 6 6 6 6 6 6 6 6 6 6 6 9 9 12 12 13 13 13 13 15 15 16 16 16 17 17 17 17 17 17 17 17 17 17 17 17 17 17 17 18 18 18 18 18 18 19 19 20
