random:0T:3000
sum 0 0 0 60 49 
sum 1 0 0 180 88 
sum 2 0 0 240 102 
sum 3 0 0 360 125 
sum 4 0 0 540 141 
sum 5 0 0 600 143 
sum 6 0 0 1200 160 
sum 7 0 0 1500 160 
sum 8 0 0 1800 165 
sum 9 0 0 2100 168 
sum 10 0 0 2400 170 
sum 11 0 0 2700 173 
sum 12 0 0 3000 176 
miss fire 0 0 2 2 2 2 2 2 2 0 1 1 1 1 1 0 0 0 0 0 0 0 0 0 0 0 0 0 1 1 1 1 1 0 0 0 1 0 1 0 0 0 0 0 0 0 0 0 0 0 0 0 0 
miss human 0 0 16 15 12 11 7 6 4 3 4 4 1 0 3 3 3 2 0 0 0 0 0 0 0 0 0 0 0 0 0 0 0 0 0 0 0 0 0 0 0 0 0 0 0 0 0 0 0 0 0 0 0 
miss window 0 0 7 7 6 6 5 5 4 2 1 0 0 0 0 0 0 0 1 1 1 1 0 0 0 0 0 0 0 0 0 0 0 0 0 0 1 1 1 0 0 0 0 0 0 0 2 1 1 1 1 0 0 
acm fire 0 0 2 4 6 8 10 12 14 14 15 16 17 18 19 19 19 19 19 19 19 19 19 19 19 19 19 19 20 21 22 23 24 24 24 24 25 25 26 26 26 26 26 26 26 26 26 26 26 26 26 26 26 
acm human 0 0 16 31 43 54 61 67 71 74 78 82 83 83 86 89 92 94 94 94 94 94 94 94 94 94 94 94 94 94 94 94 94 94 94 94 94 94 94 94 94 94 94 94 94 94 94 94 94 94 94 94 94 
acm window 0 0 7 14 20 26 31 36 40 42 43 43 43 43 43 43 43 43 44 45 46 47 47 47 47 47 47 47 47 47 47 47 47 47 47 47 48 49 50 50 50 50 50 50 50 50 52 53 54 55 56 56 56 
tsim fire 0 0 2 2 2 2 2 2 2 2 3 3 3 3 3 3 3 3 3 3 3 3 3 3 3 3 3 3 4 4 4 4 4 4 4 4 5 5 6 6 6 6 6 6 6 6 6 6 6 6 6 6 6 
tsim human 0 0 16 15 15 15 15 14 12 12 11 9 9 8 7 7 7 7 7 7 7 7 7 7 7 7 7 7 7 7 7 7 7 7 7 7 7 7 7 7 7 7 7 7 7 7 7 7 7 7 7 7 7 
tsim window 0 0 7 7 7 7 7 7 7 7 7 7 7 7 7 7 7 7 8 8 8 8 8 8 8 8 8 8 10 10 10 10 10 10 10 10 11 11 11 11 11 11 11 11 11 11 13 13 13 13 13 13 13 
runtime -1 0 0 0.6534671783447266 0.44605112075805664 0.5123624801635742 0.5204410552978516 0.5178191661834717 0.5863504409790039 0.5768966674804688 0.6063878536224365 0.2263195514678955 
avg_run -1 0 0 0.5162328349219428
al_time -1 0 0 0.01538538932800293 0.016674280166625977 0.013006210327148438 0.05285286903381348 0.5011708736419678 0.0188138484954834 0.016442537307739258 0.02305459976196289 0.014677286148071289 
avg_all -1 0 0 0.07467532157897949
sum 0 1 0 60 49 
sum 1 1 0 180 83 
sum 2 1 0 240 97 
sum 3 1 0 360 119 
sum 4 1 0 540 143 
sum 5 1 0 600 151 
sum 6 1 0 1200 173 
sum 7 1 0 1500 173 
sum 8 1 0 1800 178 
sum 9 1 0 2100 187 
sum 10 1 0 2400 203 
sum 11 1 0 2700 216 
sum 12 1 0 3000 227 
miss fire 1 0 2 2 2 0 0 0 0 0 1 1 1 1 0 0 0 0 0 0 0 0 0 0 0 0 0 0 1 1 1 1 1 1 1 1 2 2 3 3 2 2 2 2 2 2 2 1 1 1 1 1 1 
miss human 1 0 16 15 10 8 8 7 5 4 5 4 4 3 4 4 1 1 0 0 0 0 0 0 0 0 0 0 0 0 0 0 0 0 0 0 0 0 0 0 0 0 0 0 0 0 0 0 0 0 0 0 0 
miss window 1 0 7 7 7 7 6 6 4 3 3 3 3 3 1 0 0 0 1 1 1 1 0 0 0 0 0 0 0 0 0 0 0 0 0 0 1 1 1 1 1 1 0 0 0 0 2 2 2 1 1 1 1 
acm fire 1 0 2 4 6 6 6 6 6 6 7 8 9 10 10 10 10 10 10 10 10 10 10 10 10 10 10 10 11 12 13 14 15 16 17 18 20 22 25 28 30 32 34 36 38 40 42 43 44 45 46 47 48 
acm human 1 0 16 31 41 49 57 64 69 73 78 82 86 89 93 97 98 99 99 99 99 99 99 99 99 99 99 99 99 99 99 99 99 99 99 99 99 99 99 99 99 99 99 99 99 99 99 99 99 99 99 99 99 
acm window 1 0 7 14 21 28 34 40 44 47 50 53 56 59 60 60 60 60 61 62 63 64 64 64 64 64 64 64 64 64 64 64 64 64 64 64 65 66 67 68 69 70 70 70 70 70 72 74 76 77 78 79 80 
tsim fire 1 0 2 2 2 2 2 2 2 2 3 3 3 3 3 3 3 3 3 3 3 3 3 3 3 3 3 3 4 4 4 4 4 4 4 4 5 5 6 6 6 6 6 6 6 6 6 6 6 6 6 6 6 
tsim human 1 0 16 15 15 15 15 14 12 12 11 9 9 8 7 7 7 7 7 7 7 7 7 7 7 7 7 7 7 7 7 7 7 7 7 7 7 7 7 7 7 7 7 7 7 7 7 7 7 7 7 7 7 
tsim window 1 0 7 7 7 7 7 7 7 7 7 7 7 7 7 7 7 7 8 8 8 8 8 8 8 8 8 8 10 10 10 10 10 10 10 10 11 11 11 11 11 11 11 11 11 11 13 13 13 13 13 13 13 
runtime -1 1 0 0.3460421562194824 4.1660239696502686 4.733161687850952 6.3055665493011475 8.663826942443848 6.544917821884155 5.643505096435547 2.8664684295654297 
avg_run -1 1 0 4.908689081668854
al_time -1 1 0 0.016565561294555664 0.01373910903930664 0.012771844863891602 0.012603521347045898 0.017165184020996094 0.497974157333374 0.01939678192138672 0.014757156372070312 
avg_all -1 1 0 0.07562166452407837
