random:4T:3000
sum 0 7 4 60 35 
sum 1 7 4 180 55 
sum 2 7 4 240 63 
sum 3 7 4 360 68 
sum 4 7 4 540 72 
sum 5 7 4 600 75 
sum 6 7 4 1200 85 
sum 7 7 4 1500 90 
sum 8 7 4 1800 96 
sum 9 7 4 2100 98 
sum 10 7 4 2400 99 
sum 11 7 4 2700 100 
sum 12 7 4 3000 105 
miss fire 7 4 1 1 0 0 0 0 0 0 0 0 1 1 1 1 0 0 0 0 0 1 0 0 0 0 0 0 0 0 0 0 0 0 0 0 0 1 1 0 0 0 0 0 0 0 0 0 0 0 0 0 0 
miss human 7 4 12 11 8 7 6 2 2 1 1 2 2 2 1 1 1 0 0 0 0 0 0 0 0 0 0 0 0 0 0 0 0 0 0 0 0 0 0 0 0 0 0 0 0 0 0 0 0 0 0 0 0 
miss window 7 4 5 5 3 2 2 1 0 0 0 0 0 0 0 0 0 0 0 0 0 0 1 1 1 1 1 1 1 2 1 1 1 1 0 0 0 0 0 0 0 0 0 0 0 0 0 1 1 1 1 1 1 
acm fire 7 4 1 2 2 2 2 2 2 2 2 2 3 4 5 6 6 6 6 6 6 7 7 7 7 7 7 7 7 7 7 7 7 7 7 7 7 8 9 9 9 9 9 9 9 9 9 9 9 9 9 9 9 
acm human 7 4 12 23 31 38 44 46 48 49 50 52 54 56 57 58 59 59 59 59 59 59 59 59 59 59 59 59 59 59 59 59 59 59 59 59 59 59 59 59 59 59 59 59 59 59 59 59 59 59 59 59 59 
acm window 7 4 5 10 13 15 17 18 18 18 18 18 18 18 18 18 18 18 18 18 18 18 19 20 21 22 23 24 25 27 28 29 30 31 31 31 31 31 31 31 31 31 31 31 31 31 31 32 33 34 35 36 37 
tsim fire 7 4 1 1 1 1 1 1 1 1 1 1 2 2 2 2 2 2 2 2 2 3 3 3 3 3 3 3 3 3 3 3 3 3 3 3 3 4 4 4 4 4 4 4 4 4 4 4 4 4 4 4 4 
tsim human 7 4 12 11 10 10 10 9 9 9 9 8 8 8 7 7 7 7 7 7 7 7 7 7 7 7 7 7 7 7 7 7 7 7 7 7 7 7 7 7 7 7 7 7 7 7 7 7 7 7 7 7 7 
tsim window 7 4 5 5 5 5 5 5 5 5 5 5 5 5 5 5 5 5 5 5 5 11 12 12 12 12 12 12 12 13 13 13 13 13 13 13 13 13 13 13 13 13 13 13 13 13 13 14 14 14 14 14 14 
runtime -1 7 4 7.247968912124634 3.978386163711548 3.926046371459961 4.32328200340271 4.002058029174805 4.046651840209961 3.62768292427063 0.6022770404815674 
avg_run -1 7 4 3.969294160604477
al_time -1 7 4 0.039215803146362305 0.035817861557006836 0.02911996841430664 1.3188807964324951 0.04648113250732422 0.07238507270812988 0.034323930740356445 0.024315834045410156 
avg_all -1 7 4 0.20006754994392395
