random:4T:3000
sum 0 7 4 60 35 
sum 1 7 4 180 55 
sum 2 7 4 240 63 
sum 3 7 4 360 68 
sum 4 7 4 540 72 
sum 5 7 4 600 74 
sum 6 7 4 1200 79 
sum 7 7 4 1500 83 
sum 8 7 4 1800 87 
sum 9 7 4 2100 93 
sum 10 7 4 2400 99 
sum 11 7 4 2700 100 
sum 12 7 4 3000 105 
miss fire 7 4 1 1 0 0 0 0 0 0 0 0 1 1 0 0 0 0 0 0 0 1 1 1 1 1 0 0 0 0 0 0 0 0 0 0 0 1 1 1 1 0 0 0 0 0 0 0 0 0 0 0 0 
miss human 7 4 12 11 8 7 6 2 2 1 1 2 1 1 0 0 0 0 0 0 0 0 0 0 0 0 0 0 0 0 0 0 0 0 0 0 0 0 0 0 0 0 0 0 0 0 0 0 0 0 0 0 0 
miss window 7 4 5 5 3 2 2 1 0 0 0 0 0 0 0 0 0 0 0 0 0 0 1 1 0 0 0 0 0 1 1 1 1 1 1 1 1 1 1 1 1 0 0 0 0 0 0 1 1 1 1 1 1 
acm fire 7 4 1 2 2 2 2 2 2 2 2 2 3 4 4 4 4 4 4 4 4 5 6 7 8 9 9 9 9 9 9 9 9 9 9 9 9 10 11 12 13 13 13 13 13 13 13 13 13 13 13 13 13 
acm human 7 4 12 23 31 38 44 46 48 49 50 52 53 54 54 54 54 54 54 54 54 54 54 54 54 54 54 54 54 54 54 54 54 54 54 54 54 54 54 54 54 54 54 54 54 54 54 54 54 54 54 54 54 
acm window 7 4 5 10 13 15 17 18 18 18 18 18 18 18 18 18 18 18 18 18 18 18 19 20 20 20 20 20 20 21 22 23 24 25 26 27 28 29 30 31 32 32 32 32 32 32 32 33 34 35 36 37 38 
tsim fire 7 4 1 1 1 1 1 1 1 1 1 1 2 2 2 2 2 2 2 2 2 3 3 3 3 3 3 3 3 3 3 3 3 3 3 3 3 4 4 4 4 4 4 4 4 4 4 4 4 4 4 4 4 
tsim human 7 4 12 11 10 10 10 9 9 9 9 8 8 8 7 7 7 7 7 7 7 7 7 7 7 7 7 7 7 7 7 7 7 7 7 7 7 7 7 7 7 7 7 7 7 7 7 7 7 7 7 7 7 
tsim window 7 4 5 5 5 5 5 5 5 5 5 5 5 5 5 5 5 5 5 5 5 11 12 12 12 12 12 12 12 13 13 13 13 13 13 13 13 13 13 13 13 13 13 13 13 13 13 14 14 14 14 14 14 
runtime -1 7 4 6.366643190383911 3.045516014099121 2.8998501300811768 3.3101911544799805 3.415940999984741 3.3398630619049072 3.52581524848938 
avg_run -1 7 4 3.700545685631888
al_time -1 7 4 0.0353238582611084 0.028653860092163086 0.03186392784118652 1.2901520729064941 0.03381180763244629 0.055355072021484375 0.037261009216308594 
avg_all -1 7 4 0.2160602297101702
