random:4T:3000
sum 0 7 4 60 35 
sum 1 7 4 180 55 
sum 2 7 4 240 64 
sum 3 7 4 360 69 
sum 4 7 4 540 73 
sum 5 7 4 600 75 
sum 6 7 4 1200 81 
sum 7 7 4 1500 86 
sum 8 7 4 1800 92 
sum 9 7 4 2100 98 
sum 10 7 4 2400 107 
sum 11 7 4 2700 109 
sum 12 7 4 3000 114 
miss fire 7 4 1 1 0 0 0 0 0 0 0 0 1 1 1 1 0 0 0 0 0 1 0 0 0 0 0 0 0 0 0 0 0 0 0 0 0 1 1 1 1 1 0 0 0 0 0 0 0 0 0 0 0 
miss human 7 4 12 11 8 8 7 3 2 1 1 2 1 1 0 0 0 0 0 0 0 0 0 0 0 0 0 0 0 0 0 0 0 0 0 0 0 0 0 0 0 0 0 0 0 0 0 0 0 0 0 0 0 
miss window 7 4 5 5 2 2 2 0 0 0 0 0 0 0 0 0 0 0 0 0 0 0 1 1 1 1 1 1 1 2 1 1 1 1 1 1 1 1 1 1 1 1 1 1 0 0 0 1 1 1 1 1 1 
acm fire 7 4 1 2 2 2 2 2 2 2 2 2 3 4 5 6 6 6 6 6 6 7 7 7 7 7 7 7 7 7 7 7 7 7 7 7 7 8 9 10 11 12 12 12 12 12 12 12 12 12 12 12 12 
acm human 7 4 12 23 31 39 46 49 51 52 53 55 56 57 57 57 57 57 57 57 57 57 57 57 57 57 57 57 57 57 57 57 57 57 57 57 57 57 57 57 57 57 57 57 57 57 57 57 57 57 57 57 57 
acm window 7 4 5 10 12 14 16 16 16 16 16 16 16 16 16 16 16 16 16 16 16 16 17 18 19 20 21 22 23 25 26 27 28 29 30 31 32 33 34 35 36 37 38 39 39 39 39 40 41 42 43 44 45 
tsim fire 7 4 1 1 1 1 1 1 1 1 1 1 2 2 2 2 2 2 2 2 2 3 3 3 3 3 3 3 3 3 3 3 3 3 3 3 3 4 4 4 4 4 4 4 4 4 4 4 4 4 4 4 4 
tsim human 7 4 12 11 10 10 10 9 9 9 9 8 8 8 7 7 7 7 7 7 7 7 7 7 7 7 7 7 7 7 7 7 7 7 7 7 7 7 7 7 7 7 7 7 7 7 7 7 7 7 7 7 7 
tsim window 7 4 5 5 5 5 5 5 5 5 5 5 5 5 5 5 5 5 5 5 5 11 12 12 12 12 12 12 12 13 13 13 13 13 13 13 13 13 13 13 13 13 13 13 13 13 13 14 14 14 14 14 14 
runtime -1 7 4 2.9890971183776855 1.5977649688720703 1.6021771430969238 1.1151840686798096 1.9447963237762451 1.5754821300506592 1.3940379619598389 
avg_run -1 7 4 1.7455056735447474
al_time -1 7 4 0.018344879150390625 0.01453399658203125 0.014352798461914062 0.5943951606750488 0.020174026489257812 0.022683143615722656 0.018758773803710938 
avg_all -1 7 4 0.10046325411115374
