random:0T:3000
sum 0 7 0 60 58 
sum 1 7 0 180 91 
sum 2 7 0 240 100 
sum 3 7 0 360 115 
sum 4 7 0 540 138 
sum 5 7 0 600 144 
sum 6 7 0 1200 170 
sum 7 7 0 1500 170 
sum 8 7 0 1800 175 
sum 9 7 0 2100 189 
sum 10 7 0 2400 201 
sum 11 7 0 2700 211 
sum 12 7 0 3000 219 
miss fire 7 0 3 3 2 2 1 0 1 2 1 1 1 1 0 0 0 1 0 0 0 0 0 0 0 0 0 0 0 0 0 0 0 1 2 2 2 3 2 2 2 2 2 1 1 0 0 0 0 1 0 0 0 
miss human 7 0 18 18 11 9 7 7 7 7 6 6 5 7 4 4 1 0 0 0 0 0 0 0 0 0 0 0 0 0 0 0 0 0 0 0 0 0 0 0 0 0 0 0 0 0 0 0 0 0 0 0 0 
miss window 7 0 8 8 6 3 1 0 0 0 0 0 0 0 0 0 1 1 1 2 1 1 1 0 0 0 0 0 1 1 1 1 1 1 1 1 1 0 0 0 0 1 1 1 2 1 1 3 2 2 1 1 1 
acm fire 7 0 3 6 8 10 11 11 12 14 15 16 17 18 18 18 18 19 19 19 19 19 19 19 19 19 19 19 19 19 19 19 19 20 22 24 26 29 31 33 35 37 39 40 41 41 41 41 41 42 42 42 42 
acm human 7 0 18 36 47 56 63 70 77 84 90 96 101 108 112 116 117 117 117 117 117 117 117 117 117 117 117 117 117 117 117 117 117 117 117 117 117 117 117 117 117 117 117 117 117 117 117 117 117 117 117 117 117 
acm window 7 0 8 16 22 25 26 26 26 26 26 26 26 26 26 26 27 28 29 31 32 33 34 34 34 34 34 34 35 36 37 38 39 40 41 42 43 43 43 43 43 44 45 46 48 49 50 53 55 57 58 59 60 
tsim fire 7 0 3 3 3 3 3 3 4 5 5 5 5 5 5 5 5 6 6 6 6 6 6 6 6 6 6 6 6 6 6 6 6 7 8 8 8 9 10 10 10 10 10 10 10 10 10 10 10 11 11 11 11 
tsim human 7 0 18 18 18 17 16 15 15 15 14 14 13 11 10 10 9 8 8 8 8 8 8 8 8 8 8 8 8 8 8 8 8 8 8 8 8 8 8 8 8 8 8 8 8 8 8 8 8 8 8 8 8 
tsim window 7 0 8 8 8 8 8 8 8 8 8 8 8 8 8 8 9 9 9 10 10 10 10 10 10 10 10 10 11 11 11 11 11 13 13 13 13 13 13 13 13 14 14 14 15 15 15 17 17 17 17 17 17 
runtime -1 7 0 1.7232904434204102 0.6139695644378662 0.7089717388153076 0.6529927253723145 0.5495121479034424 0.5090813636779785 0.5335738658905029 1.1416983604431152 0.7918241024017334 0.30765819549560547 
avg_run -1 7 0 0.7532572507858276
al_time -1 7 0 0.020555973052978516 0.014984607696533203 0.016321897506713867 0.015199661254882812 0.02154231071472168 0.022525787353515625 0.560715913772583 0.038260459899902344 0.04041290283203125 0.026162385940551758 
avg_all -1 7 0 0.0776681900024414
random:1T:3000
sum 0 7 1 60 61 
sum 1 7 1 180 95 
sum 2 7 1 240 102 
sum 3 7 1 360 118 
sum 4 7 1 540 144 
sum 5 7 1 600 153 
sum 6 7 1 1200 233 
sum 7 7 1 1500 244 
sum 8 7 1 1800 252 
sum 9 7 1 2100 256 
sum 10 7 1 2400 258 
sum 11 7 1 2700 268 
sum 12 7 1 3000 278 
miss fire 7 1 2 2 1 1 1 1 1 1 1 2 2 2 4 4 3 3 4 3 3 0 0 0 0 0 0 0 0 0 0 0 0 0 0 1 1 1 1 0 0 0 1 1 2 1 1 1 0 1 1 1 1 
miss human 7 1 23 22 13 9 5 7 7 6 8 8 7 7 7 7 9 7 6 3 3 1 1 0 0 1 1 0 0 0 0 0 0 0 0 0 0 0 0 0 0 0 0 0 0 0 0 0 0 0 0 0 0 
miss window 7 1 6 6 6 4 1 0 0 0 0 0 0 0 0 0 0 0 0 0 1 1 1 1 3 3 1 1 1 2 2 2 1 1 0 0 0 0 0 0 0 0 0 0 1 1 1 1 1 1 1 1 2 
acm fire 7 1 2 4 5 6 7 8 9 10 11 13 15 17 21 25 28 31 35 38 41 41 41 41 41 41 41 41 41 41 41 41 41 41 41 42 43 44 45 45 45 45 46 47 49 50 51 52 52 53 54 55 56 
acm human 7 1 23 45 58 67 72 79 86 92 100 108 115 122 129 136 145 152 158 161 164 165 166 166 166 167 168 168 168 168 168 168 168 168 168 168 168 168 168 168 168 168 168 168 168 168 168 168 168 168 168 168 168 
acm window 7 1 6 12 18 22 23 23 23 23 23 23 23 23 23 23 23 23 23 23 24 25 26 27 30 33 34 35 36 38 40 42 43 44 44 44 44 44 44 44 44 44 44 44 45 46 47 48 49 50 51 52 54 
tsim fire 7 1 2 2 2 2 2 3 3 3 3 4 4 4 6 6 7 7 8 8 8 8 8 8 8 8 8 8 8 8 8 8 8 8 8 7 7 8 8 8 8 8 9 10 11 11 11 11 11 12 12 12 12 
tsim human 7 1 23 22 22 21 21 18 18 17 15 15 14 14 14 14 16 14 13 13 13 13 13 13 13 13 13 13 13 13 13 13 13 13 13 13 13 13 13 13 13 13 13 13 13 13 13 13 13 13 13 13 13 
tsim window 7 1 6 6 6 6 6 6 6 6 6 6 6 6 6 6 9 9 12 12 13 13 13 13 15 15 16 16 16 17 17 17 17 17 17 17 17 17 17 17 17 17 17 17 18 18 18 18 18 18 19 19 20 
runtime -1 7 1 4.9572155475616455 2.4916040897369385 2.804720401763916 2.3599324226379395 1.9720962047576904 2.063406467437744 1.7779285907745361 2.74107027053833 2.3793225288391113 1.8594443798065186 0.9461328983306885 
avg_run -1 7 1 2.3957158001986416
al_time -1 7 1 0.0552215576171875 0.050867557525634766 1.957995891571045 0.056409597396850586 0.03252458572387695 0.03461170196533203 0.028973817825317383 0.03281760215759277 0.058197975158691406 0.05963468551635742 0.052840232849121094 
avg_all -1 7 1 0.2200086550279097
random:2T:3000
sum 0 7 2 60 42 
sum 1 7 2 180 57 
sum 2 7 2 240 61 
sum 3 7 2 360 72 
sum 4 7 2 540 92 
sum 5 7 2 600 97 
sum 6 7 2 1200 115 
sum 7 7 2 1500 115 
sum 8 7 2 1800 116 
sum 9 7 2 2100 118 
sum 10 7 2 2400 123 
sum 11 7 2 2700 129 
sum 12 7 2 3000 131 
miss fire 7 2 3 3 1 1 1 1 2 2 2 1 1 0 0 0 0 0 0 0 0 0 0 0 0 0 0 0 0 0 0 0 1 1 1 0 0 0 0 0 1 0 1 1 3 0 1 1 1 0 0 0 0 
miss human 7 2 13 11 6 5 3 4 4 4 4 6 4 4 3 1 2 1 1 0 0 0 0 0 0 0 0 0 0 0 0 0 0 0 0 0 0 0 0 0 0 0 0 0 0 0 0 0 0 0 0 0 0 
miss window 7 2 6 6 2 0 0 0 0 0 1 0 0 0 0 0 0 0 0 2 2 1 1 0 0 0 0 0 0 0 0 0 0 0 0 0 0 0 0 0 1 1 1 0 0 0 0 0 1 0 0 0 0 
acm fire 7 2 3 6 7 8 9 10 12 14 16 17 18 18 18 18 18 18 18 18 18 18 18 18 18 18 18 18 18 18 18 18 19 20 21 21 21 21 21 21 22 22 23 24 27 27 28 29 30 30 30 30 30 
acm human 7 2 13 24 30 35 38 42 46 50 54 60 64 68 71 72 74 75 76 76 76 76 76 76 76 76 76 76 76 76 76 76 76 76 76 76 76 76 76 76 76 76 76 76 76 76 76 76 76 76 76 76 76 
acm window 7 2 6 12 14 14 14 14 14 14 15 15 15 15 15 15 15 15 15 17 19 20 21 21 21 21 21 21 21 21 21 21 21 21 21 21 21 21 21 21 22 23 24 24 24 24 24 24 25 25 25 25 25 
tsim fire 7 2 3 3 3 4 4 4 5 5 5 6 6 6 6 6 6 6 6 6 6 6 6 6 6 6 6 6 6 6 6 6 7 7 7 6 6 6 6 6 7 7 8 8 10 10 11 12 12 12 12 12 12 
tsim human 7 2 13 11 11 10 10 9 9 9 9 11 9 8 7 7 6 6 6 6 6 6 6 6 6 6 6 6 6 6 6 6 6 6 6 6 6 6 6 6 6 6 6 6 6 6 6 6 6 6 6 6 6 
tsim window 7 2 6 6 6 6 6 6 6 6 7 9 9 9 9 9 9 9 9 11 11 11 11 11 11 11 11 11 11 11 11 11 11 11 11 11 11 11 11 11 12 12 12 12 12 12 12 19 20 20 20 20 20 
runtime -1 7 2 1.092362880706787 1.6401360034942627 1.6118385791778564 0.7899971008300781 0.7657699584960938 0.7936112880706787 0.8104109764099121 0.7517712116241455 0.6581132411956787 0.733635663986206 0.796992301940918 0.48147058486938477 0.38359594345092773 0.4730038642883301 
avg_run -1 7 2 0.8416221141815186
al_time -1 7 2 0.01693415641784668 0.028870344161987305 0.48363804817199707 0.017414331436157227 0.01708817481994629 0.017665863037109375 0.017760515213012695 0.024729251861572266 0.017894983291625977 0.023402690887451172 0.021803855895996094 0.019414186477661133 0.969801664352417 0.017633914947509766 
avg_all -1 7 2 0.12100371292659215
random:3T:3000
sum 0 7 3 60 102 
sum 1 7 3 180 177 
sum 2 7 3 240 204 
sum 3 7 3 360 247 
sum 4 7 3 540 269 
sum 5 7 3 600 279 
sum 6 7 3 1200 362 
sum 7 7 3 1500 370 
sum 8 7 3 1800 380 
sum 9 7 3 2100 392 
sum 10 7 3 2400 405 
sum 11 7 3 2700 420 
sum 12 7 3 3000 426 
miss fire 7 3 3 4 2 2 2 2 2 1 0 0 2 2 2 2 2 1 1 1 1 0 0 0 0 1 1 1 1 2 2 2 2 2 2 2 2 3 3 2 2 2 4 2 2 2 2 0 0 0 0 0 0 
miss human 7 3 25 31 24 20 17 16 11 7 5 6 8 9 9 9 9 9 9 2 2 1 1 0 0 0 0 0 0 0 0 0 0 0 0 0 0 0 0 0 0 0 0 0 0 0 0 0 0 0 0 0 0 
miss window 7 3 17 22 17 10 8 7 5 2 1 0 0 1 1 1 1 1 1 1 1 1 2 1 1 1 1 1 1 0 0 0 0 0 0 0 1 0 0 0 0 0 0 0 1 2 2 2 2 1 1 1 1 
acm fire 7 3 3 7 9 11 13 15 17 18 18 18 20 22 24 26 28 29 30 31 32 32 32 32 32 33 34 35 36 38 40 42 44 46 48 50 52 55 58 60 62 64 68 70 72 74 76 76 76 76 76 76 76 
acm human 7 3 25 56 80 100 117 133 144 151 156 162 170 179 188 197 206 215 224 226 228 229 230 230 230 230 230 230 230 230 230 230 230 230 230 230 230 230 230 230 230 230 230 230 230 230 230 230 230 230 230 230 230 
acm window 7 3 17 39 56 66 74 81 86 88 89 89 89 90 91 92 93 94 95 96 97 98 100 101 102 103 104 105 106 106 106 106 106 106 106 106 107 107 107 107 107 107 107 107 108 110 112 114 116 117 118 119 120 
tsim fire 7 3 3 4 4 4 4 4 4 4 4 4 6 6 6 6 6 6 6 6 6 6 6 6 6 7 7 7 7 8 8 8 8 8 8 9 9 10 10 10 10 10 12 12 12 12 12 12 12 12 12 12 12 
tsim human 7 3 25 31 30 30 28 25 23 23 22 20 18 17 17 17 17 17 17 17 17 17 17 17 17 17 17 17 17 17 17 17 17 17 17 17 17 17 17 17 17 17 17 17 17 17 17 17 17 17 17 17 17 
tsim window 7 3 17 22 22 22 22 22 22 22 22 22 22 23 23 23 23 23 23 23 23 24 25 25 25 27 27 27 27 27 27 27 27 27 27 27 28 28 28 28 28 28 29 29 30 31 31 31 31 32 32 32 32 
runtime -1 7 3 4.844141960144043 3.338033437728882 4.097199201583862 2.930166006088257 1.6349406242370605 1.422194480895996 1.8586180210113525 1.4393227100372314 2.15262508392334 0.9217371940612793 
avg_run -1 7 3 2.46389787197113
al_time -1 7 3 0.05830717086791992 0.0571286678314209 0.053078651428222656 0.027851581573486328 0.02997112274169922 0.9653053283691406 0.03291654586791992 0.033942461013793945 0.03430581092834473 0.05688810348510742 
avg_all -1 7 3 0.13496954441070558
random:4T:3000
sum 0 7 4 60 59 
sum 1 7 4 180 92 
sum 2 7 4 240 100 
sum 3 7 4 360 109 
sum 4 7 4 540 120 
sum 5 7 4 600 129 
sum 6 7 4 1200 155 
sum 7 7 4 1500 162 
sum 8 7 4 1800 163 
sum 9 7 4 2100 163 
sum 10 7 4 2400 168 
sum 11 7 4 2700 174 
sum 12 7 4 3000 183 
miss fire 7 4 2 2 1 1 0 0 1 1 1 1 4 4 0 0 0 0 0 1 1 1 0 0 0 0 0 0 0 0 0 0 0 0 0 0 0 0 0 0 1 2 2 1 1 0 2 2 1 1 1 2 2 
miss human 7 4 16 15 9 7 4 3 2 2 3 3 5 5 2 0 1 1 1 1 1 1 0 0 1 0 0 0 0 0 0 0 0 0 0 0 0 0 0 0 0 0 0 0 0 0 0 0 0 0 0 0 0 
miss window 7 4 12 12 8 7 4 2 1 0 0 0 0 0 0 0 0 0 1 1 3 0 1 1 1 1 1 2 1 0 0 0 0 0 0 0 0 0 0 0 0 0 0 0 0 0 0 0 0 0 0 1 1 
acm fire 7 4 2 4 5 6 6 6 7 8 9 10 14 18 18 18 18 18 18 19 20 21 21 21 21 21 21 21 21 21 21 21 21 21 21 21 21 21 21 21 22 24 26 27 28 28 30 32 33 34 35 37 39 
acm human 7 4 16 31 40 47 51 54 56 58 61 64 69 74 76 76 77 78 79 80 81 82 82 82 83 83 83 83 83 83 83 83 83 83 83 83 83 83 83 83 83 83 83 83 83 83 83 83 83 83 83 83 83 
acm window 7 4 12 24 32 39 43 45 46 46 46 46 46 46 46 46 46 46 47 48 51 51 52 53 54 55 56 58 59 59 59 59 59 59 59 59 59 59 59 59 59 59 59 59 59 59 59 59 59 59 59 60 61 
tsim fire 7 4 2 2 2 2 2 2 3 3 3 3 6 6 6 6 6 6 6 7 7 7 7 7 7 7 7 7 7 7 7 7 7 7 7 6 6 6 6 6 7 8 8 8 8 8 10 10 10 10 11 12 12 
tsim human 7 4 16 15 15 15 15 14 14 14 13 13 15 15 13 11 11 11 11 11 11 11 11 11 11 11 11 11 11 11 11 11 11 11 11 11 11 11 11 11 11 11 11 11 11 11 11 11 11 11 11 11 11 
tsim window 7 4 12 12 12 12 12 12 12 12 12 12 15 15 15 15 15 15 16 16 18 18 19 19 19 19 19 20 20 20 20 20 20 20 20 20 20 20 20 20 20 20 20 20 20 20 25 25 25 25 25 26 26 
runtime -1 7 4 1.5822646617889404 0.4927980899810791 0.9100377559661865 0.7696189880371094 0.5670876502990723 0.5395495891571045 0.5038700103759766 0.493410587310791 0.417177677154541 0.4407057762145996 0.7366611957550049 0.34743332862854004 
avg_run -1 7 4 0.6500512758890787
al_time -1 7 4 0.02415013313293457 1.4069850444793701 0.019405841827392578 0.022410154342651367 0.01972675323486328 0.023099184036254883 0.045926570892333984 0.021341323852539062 0.01879405975341797 1.2176713943481445 0.02126765251159668 0.01771068572998047 
avg_all -1 7 4 0.2382073998451233
random:5T:3000
sum 0 7 5 60 92 
sum 1 7 5 180 145 
sum 2 7 5 240 161 
sum 3 7 5 360 189 
sum 4 7 5 540 219 
sum 5 7 5 600 227 
sum 6 7 5 1200 328 
sum 7 7 5 1500 355 
sum 8 7 5 1800 360 
sum 9 7 5 2100 364 
sum 10 7 5 2400 369 
sum 11 7 5 2700 387 
sum 12 7 5 3000 417 
miss fire 7 5 2 2 3 2 1 1 2 1 1 1 1 3 3 3 4 3 2 2 2 2 1 1 1 1 0 0 1 1 1 1 1 1 1 0 1 1 1 1 1 1 1 2 3 3 3 4 4 3 4 4 5 
miss human 7 5 33 31 21 14 12 9 11 9 9 7 7 8 7 7 7 6 5 5 4 4 3 3 1 1 0 0 0 0 0 0 0 0 0 0 0 0 0 0 0 0 0 0 0 0 0 0 0 0 0 0 0 
miss window 7 5 12 12 7 6 3 3 2 1 1 0 0 1 1 1 2 2 2 2 2 3 4 4 3 4 4 4 0 0 0 0 0 0 0 0 0 0 0 0 0 0 0 0 0 1 1 1 1 1 2 3 3 
acm fire 7 5 2 4 7 9 10 11 13 14 15 16 17 20 23 26 30 33 35 37 39 41 42 43 44 45 45 45 46 47 48 49 50 51 52 52 53 54 55 56 57 58 59 61 64 67 70 74 78 81 85 89 94 
acm human 7 5 33 64 85 99 111 120 131 140 149 156 163 171 178 185 192 198 203 208 212 216 219 222 223 224 224 224 224 224 224 224 224 224 224 224 224 224 224 224 224 224 224 224 224 224 224 224 224 224 224 224 224 
acm window 7 5 12 24 31 37 40 43 45 46 47 47 47 48 49 50 52 54 56 58 60 63 67 71 74 78 82 86 86 86 86 86 86 86 86 86 86 86 86 86 86 86 86 86 86 87 88 89 90 91 93 96 99 
tsim fire 7 5 2 2 3 3 3 3 4 4 4 4 4 6 6 6 7 7 7 7 7 7 7 7 7 7 7 7 7 7 7 7 7 7 7 6 7 7 7 7 7 7 8 9 10 10 10 11 11 11 12 12 13 
tsim human 7 5 33 31 31 30 30 29 31 30 28 28 27 24 23 23 23 22 21 21 21 21 21 21 21 21 21 21 21 21 21 21 21 21 21 21 21 21 21 21 21 21 21 21 21 21 21 21 21 21 21 21 21 
tsim window 7 5 12 12 12 12 12 12 15 15 15 15 15 16 16 16 20 20 20 20 20 21 22 22 22 23 23 23 23 23 23 23 23 23 23 23 23 23 23 23 23 23 23 23 24 25 25 25 25 25 26 27 27 
runtime -1 7 5 2.36026930809021 1.2611539363861084 1.4121003150939941 1.7455124855041504 1.5847678184509277 1.5074689388275146 1.3324646949768066 1.1655523777008057 1.0501432418823242 0.2903153896331787 
avg_run -1 7 5 1.370974850654602
al_time -1 7 5 0.025445938110351562 0.02545022964477539 0.7642941474914551 0.024852275848388672 0.024605751037597656 0.024735689163208008 0.026520729064941406 0.028516292572021484 0.02886033058166504 0.019687414169311523 
avg_all -1 7 5 0.09929687976837158
random:6T:3000
sum 0 7 6 60 79 
sum 1 7 6 180 136 
sum 2 7 6 240 158 
sum 3 7 6 360 187 
sum 4 7 6 540 222 
sum 5 7 6 600 233 
sum 6 7 6 1200 332 
sum 7 7 6 1500 341 
sum 8 7 6 1800 341 
sum 9 7 6 2100 345 
sum 10 7 6 2400 353 
sum 11 7 6 2700 370 
sum 12 7 6 3000 391 
miss fire 7 6 2 2 2 2 0 2 2 4 2 3 3 3 3 3 3 2 2 0 0 0 0 0 0 0 0 0 0 0 0 0 0 0 0 2 2 0 0 0 2 3 3 3 4 3 3 4 4 4 3 2 2 
miss human 7 6 28 27 18 22 17 12 10 9 8 9 8 9 10 8 8 4 4 3 3 2 2 3 3 0 0 0 0 0 0 0 0 0 0 0 0 0 0 0 0 0 0 0 0 0 0 0 0 0 0 0 0 
miss window 7 6 10 10 7 6 5 2 1 0 0 0 0 0 1 1 3 3 5 5 6 3 3 3 0 0 0 0 0 0 0 0 0 0 0 0 0 0 0 0 0 0 0 0 0 0 0 0 0 0 1 2 3 
acm fire 7 6 2 4 6 8 8 10 12 16 18 21 24 27 30 33 36 38 40 40 40 40 40 40 40 40 40 40 40 40 40 40 40 40 40 42 44 44 44 44 46 49 52 55 59 62 65 69 73 77 80 82 84 
acm human 7 6 28 55 73 95 112 124 134 143 151 160 168 177 187 195 203 207 211 214 217 219 221 224 227 227 227 227 227 227 227 227 227 227 227 227 227 227 227 227 227 227 227 227 227 227 227 227 227 227 227 227 227 
acm window 7 6 10 20 27 33 38 40 41 41 41 41 41 41 42 43 46 49 54 59 65 68 71 74 74 74 74 74 74 74 74 74 74 74 74 74 74 74 74 74 74 74 74 74 74 74 74 74 74 74 75 77 80 
tsim fire 7 6 2 2 2 3 3 5 5 7 7 8 8 8 8 8 8 8 8 8 8 8 8 8 8 8 8 8 8 8 8 8 8 8 8 6 6 6 6 6 8 10 10 11 12 13 13 14 15 15 15 15 15 
tsim human 7 6 28 27 25 30 26 26 23 23 22 21 21 20 20 18 18 18 18 18 18 18 18 18 18 18 18 18 18 18 18 18 18 18 18 18 18 18 18 18 18 18 18 18 18 18 18 18 18 18 18 18 18 
tsim window 7 6 10 10 10 13 13 17 17 17 17 17 17 17 18 18 20 20 22 22 23 23 23 23 23 23 23 23 23 23 23 23 23 23 23 23 23 23 23 23 23 23 23 24 27 27 27 27 27 27 28 30 31 
runtime -1 7 6 2.0848259925842285 1.0299580097198486 1.8065216541290283 1.7933673858642578 1.6015839576721191 1.4664103984832764 1.7670187950134277 1.54441237449646 1.6398606300354004 1.4217529296875 1.226933240890503 2.9188170433044434 1.5246329307556152 0.3398923873901367 
avg_run -1 7 6 1.5832848378590174
al_time -1 7 6 0.026764392852783203 2.7260613441467285 0.0256955623626709 0.02492237091064453 0.025964021682739258 0.02431654930114746 0.03070211410522461 0.02449321746826172 0.02491903305053711 0.025274276733398438 1.6965680122375488 0.028452634811401367 0.06078219413757324 1.995893955230713 
avg_all -1 7 6 0.481486405645098
random:7T:3000
sum 0 7 7 60 70 
sum 1 7 7 180 103 
sum 2 7 7 240 114 
sum 3 7 7 360 128 
sum 4 7 7 540 141 
sum 5 7 7 600 145 
sum 6 7 7 1200 173 
sum 7 7 7 1500 174 
sum 8 7 7 1800 176 
sum 9 7 7 2100 185 
sum 10 7 7 2400 187 
sum 11 7 7 2700 201 
sum 12 7 7 3000 214 
miss fire 7 7 3 3 0 0 0 0 1 1 1 1 1 2 2 2 1 1 1 2 0 0 0 0 0 0 0 0 0 0 0 0 0 1 2 2 2 2 1 1 0 0 0 0 0 0 1 1 2 0 0 0 0 
miss human 7 7 23 23 15 12 10 8 5 4 4 2 2 2 2 2 0 0 0 0 0 0 0 0 0 0 0 0 0 0 0 0 0 0 0 0 0 0 0 0 0 0 0 0 0 0 0 0 0 0 0 0 0 
miss window 7 7 9 9 3 3 1 0 0 0 0 0 1 1 1 1 1 1 1 2 1 1 1 0 0 0 0 1 1 1 0 0 0 0 0 0 0 0 0 0 0 0 0 1 2 3 3 3 3 2 2 2 2 
acm fire 7 7 3 6 6 6 6 6 7 8 9 10 11 13 15 17 18 19 20 22 22 22 22 22 22 22 22 22 22 22 22 22 22 23 25 27 29 31 32 33 33 33 33 33 33 33 34 35 37 37 37 37 37 
acm human 7 7 23 46 61 73 83 91 96 100 104 106 108 110 112 114 114 114 114 114 114 114 114 114 114 114 114 114 114 114 114 114 114 114 114 114 114 114 114 114 114 114 114 114 114 114 114 114 114 114 114 114 114 
acm window 7 7 9 18 21 24 25 25 25 25 25 25 26 27 28 29 30 31 32 34 35 36 37 37 37 37 37 38 39 40 40 40 40 40 40 40 40 40 40 40 40 40 40 41 43 46 49 52 55 57 59 61 63 
tsim fire 7 7 3 3 3 3 3 3 4 4 4 4 4 5 5 5 5 5 5 6 6 6 6 6 6 6 6 6 6 6 6 6 6 7 8 8 9 9 9 9 9 9 9 9 9 9 10 11 12 12 12 12 12 
tsim human 7 7 23 23 20 19 19 18 18 17 17 13 12 12 12 12 12 12 12 12 12 12 12 12 12 12 12 12 12 12 12 12 12 12 12 12 12 12 12 12 12 12 12 12 12 12 12 12 12 12 12 12 12 
tsim window 7 7 9 9 9 9 9 9 9 9 9 9 10 14 14 14 14 14 14 21 21 21 21 21 21 21 21 22 22 22 22 22 22 22 22 22 22 22 22 22 22 22 22 23 24 25 25 25 27 27 27 27 27 
runtime -1 7 7 1.9783263206481934 0.654510498046875 0.7621374130249023 0.7641596794128418 1.0185108184814453 0.8698391914367676 0.7588543891906738 0.7883682250976562 0.7607686519622803 0.41686534881591797 0.4486868381500244 
avg_run -1 7 7 0.8382752158425071
al_time -1 7 7 0.022243261337280273 0.019495248794555664 0.01813530921936035 0.6717948913574219 0.02570939064025879 0.024312257766723633 0.019573211669921875 0.020170927047729492 0.02622675895690918 1.227715015411377 0.018787622451782227 
avg_all -1 7 7 0.19037853587757458
random:8T:3000
sum 0 7 8 60 52 
sum 1 7 8 180 88 
sum 2 7 8 240 95 
sum 3 7 8 360 111 
sum 4 7 8 540 119 
sum 5 7 8 600 122 
sum 6 7 8 1200 153 
sum 7 7 8 1500 155 
sum 8 7 8 1800 158 
sum 9 7 8 2100 163 
sum 10 7 8 2400 165 
sum 11 7 8 2700 172 
sum 12 7 8 3000 183 
miss fire 7 8 2 2 1 1 1 2 2 1 0 0 0 0 0 1 1 1 0 0 1 0 0 0 0 0 0 0 0 0 0 0 0 0 0 0 0 0 0 0 1 1 0 2 2 1 1 1 2 1 1 1 1 
miss human 7 8 15 15 14 11 5 5 5 3 2 1 3 3 3 3 2 2 2 2 2 0 0 0 0 0 0 0 0 0 0 0 0 0 0 0 0 0 0 0 0 0 0 0 0 0 0 0 0 0 0 0 0 
miss window 7 8 9 9 6 3 1 1 1 1 0 0 0 0 1 1 2 2 1 1 0 0 0 0 1 1 0 0 0 0 1 1 1 1 1 1 1 1 0 0 0 0 0 0 0 0 0 0 0 1 1 1 2 
acm fire 7 8 2 4 5 6 7 9 11 12 12 12 12 12 12 13 14 15 15 15 16 16 16 16 16 16 16 16 16 16 16 16 16 16 16 16 16 16 16 16 17 18 18 20 22 23 24 25 27 28 29 30 31 
acm human 7 8 15 30 44 55 60 65 70 73 75 76 79 82 85 88 90 92 94 96 98 98 98 98 98 98 98 98 98 98 98 98 98 98 98 98 98 98 98 98 98 98 98 98 98 98 98 98 98 98 98 98 98 
acm window 7 8 9 18 24 27 28 29 30 31 31 31 31 31 32 33 35 37 38 39 39 39 39 39 40 41 41 41 41 41 42 43 44 45 46 47 48 49 49 49 49 49 49 49 49 49 49 49 49 50 51 52 54 
tsim fire 7 8 2 2 2 2 2 3 4 4 4 4 4 4 4 5 5 5 5 5 6 6 6 6 6 6 6 6 6 6 6 6 6 6 6 6 6 6 6 6 7 7 7 9 9 9 9 9 10 10 10 10 10 
tsim human 7 8 15 15 15 15 14 14 12 10 10 9 8 6 6 6 6 6 6 6 6 6 6 6 6 6 6 6 6 6 6 6 6 6 6 6 6 6 6 6 6 6 6 6 6 6 6 6 6 6 6 6 6 
tsim window 7 8 9 9 9 9 9 9 9 9 9 9 9 9 10 15 16 16 16 16 16 16 16 16 17 17 17 17 17 17 18 18 18 18 18 18 18 18 18 18 18 18 18 18 18 18 18 18 18 19 19 19 20 
runtime -1 7 8 2.211933135986328 0.9338717460632324 1.1416950225830078 0.9939494132995605 0.8974812030792236 0.7930731773376465 1.005544662475586 0.7346231937408447 0.5017881393432617 0.23222851753234863 
avg_run -1 7 8 0.944618821144104
al_time -1 7 8 0.021273374557495117 0.018202781677246094 0.017415761947631836 0.5778403282165527 0.02240276336669922 0.024086475372314453 0.023967742919921875 0.02061748504638672 0.0214691162109375 0.0158843994140625 
avg_all -1 7 8 0.0763160228729248
random:9T:3000
sum 0 7 9 60 74 
sum 1 7 9 180 120 
sum 2 7 9 240 135 
sum 3 7 9 360 159 
sum 4 7 9 540 179 
sum 5 7 9 600 183 
sum 6 7 9 1200 204 
sum 7 7 9 1500 210 
sum 8 7 9 1800 218 
sum 9 7 9 2100 222 
sum 10 7 9 2400 230 
sum 11 7 9 2700 241 
sum 12 7 9 3000 254 
miss fire 7 9 2 2 1 0 0 0 1 1 2 1 0 0 0 0 1 1 1 2 2 1 1 1 0 0 0 0 0 0 0 0 0 0 1 1 1 1 2 2 2 1 1 1 1 1 2 2 3 1 1 0 1 
miss human 7 9 25 25 18 13 11 11 7 6 5 4 4 3 2 1 1 0 0 0 0 0 0 0 0 0 0 0 0 0 0 0 0 0 0 0 0 0 0 0 0 0 0 0 0 0 0 0 0 0 0 0 0 
miss window 7 9 10 10 8 6 4 3 2 1 0 0 0 0 0 0 0 0 1 2 2 0 0 1 1 1 1 1 1 2 2 2 1 0 0 0 0 0 0 0 0 0 0 0 1 1 1 1 2 2 2 0 1 
acm fire 7 9 2 4 5 5 5 5 6 7 9 10 10 10 10 10 11 12 13 15 17 18 19 20 20 20 20 20 20 20 20 20 20 20 21 22 23 24 26 28 30 31 32 33 34 35 37 39 42 43 44 44 45 
acm human 7 9 25 50 68 81 92 103 110 116 121 125 129 132 134 135 136 136 136 136 136 136 136 136 136 136 136 136 136 136 136 136 136 136 136 136 136 136 136 136 136 136 136 136 136 136 136 136 136 136 136 136 136 
acm window 7 9 10 20 28 34 38 41 43 44 44 44 44 44 44 44 44 44 45 47 49 49 49 50 51 52 53 54 55 57 59 61 62 62 62 62 62 62 62 62 62 62 62 62 63 64 65 66 68 70 72 72 73 
tsim fire 7 9 2 2 2 2 2 2 3 3 4 4 4 4 4 4 5 5 5 6 6 6 6 6 6 6 6 6 6 6 6 6 6 6 8 8 8 8 9 9 9 9 9 10 10 10 12 12 13 13 13 13 14 
tsim human 7 9 25 25 25 25 25 24 21 21 20 19 16 15 14 14 14 14 14 14 14 14 14 14 14 14 14 14 14 14 14 14 14 14 14 14 14 14 14 14 14 14 14 14 14 14 14 14 14 14 14 14 14 
tsim window 7 9 10 10 10 10 10 10 10 10 10 10 10 10 10 10 13 13 14 15 15 15 15 16 16 16 16 16 16 17 17 17 17 17 17 17 17 17 17 17 17 17 17 17 18 18 18 18 19 19 19 19 20 
runtime -1 7 9 1.6047897338867188 0.4477696418762207 0.5371799468994141 0.5175673961639404 0.4503445625305176 0.5650770664215088 0.44264864921569824 0.5147614479064941 0.42130351066589355 0.4067261219024658 0.2758667469024658 0.19086194038391113 0.12300753593444824 
avg_run -1 7 9 0.49983879236074596
al_time -1 7 9 0.02181077003479004 0.015069246292114258 0.014414310455322266 0.014498233795166016 0.5004081726074219 0.018837690353393555 0.023036479949951172 0.021934032440185547 0.017743587493896484 0.01921701431274414 0.0184018611907959 0.019245624542236328 0.014091014862060547 
avg_all -1 7 9 0.05528523371769832
