random:0T:3000
sum 0 7 0 60 49 
sum 1 7 0 180 88 
sum 2 7 0 240 102 
sum 3 7 0 360 126 
sum 4 7 0 540 144 
sum 5 7 0 600 149 
sum 6 7 0 1200 170 
sum 7 7 0 1500 170 
sum 8 7 0 1800 175 
sum 9 7 0 2100 181 
sum 10 7 0 2400 190 
sum 11 7 0 2700 194 
sum 12 7 0 3000 204 
miss fire 7 0 2 2 2 2 2 2 2 0 1 1 1 1 0 0 0 0 0 0 0 0 0 0 0 0 0 0 1 1 1 1 1 1 1 0 1 1 2 2 2 1 1 0 0 0 0 0 0 0 0 0 0 
miss human 7 0 16 15 12 11 7 6 5 4 5 4 4 3 4 3 3 1 1 0 0 0 1 0 0 0 0 0 0 0 0 0 0 0 0 0 0 0 0 0 0 0 0 0 0 0 0 0 0 0 0 0 0 
miss window 7 0 7 7 6 6 5 5 4 2 1 0 0 0 0 0 0 0 1 1 1 1 0 0 0 0 0 0 0 0 0 0 0 0 0 0 1 1 1 0 0 0 0 0 0 0 2 2 2 2 2 2 2 
acm fire 7 0 2 4 6 8 10 12 14 14 15 16 17 18 18 18 18 18 18 18 18 18 18 18 18 18 18 18 19 20 21 22 23 24 25 25 26 27 29 31 33 34 35 35 35 35 35 35 35 35 35 35 35 
acm human 7 0 16 31 43 54 61 67 72 76 81 85 89 92 96 99 102 103 104 104 104 104 105 105 105 105 105 105 105 105 105 105 105 105 105 105 105 105 105 105 105 105 105 105 105 105 105 105 105 105 105 105 105 
acm window 7 0 7 14 20 26 31 36 40 42 43 43 43 43 43 43 43 43 44 45 46 47 47 47 47 47 47 47 47 47 47 47 47 47 47 47 48 49 50 50 50 50 50 50 50 50 52 54 56 58 60 62 64 
tsim fire 7 0 2 2 2 2 2 2 2 2 3 3 3 3 3 3 3 3 3 3 3 3 3 3 3 3 3 3 4 4 4 4 4 4 4 4 5 5 6 6 6 6 6 6 6 6 6 6 6 6 6 6 6 
tsim human 7 0 16 15 15 15 15 14 12 12 11 9 9 8 7 7 7 7 7 7 7 7 7 7 7 7 7 7 7 7 7 7 7 7 7 7 7 7 7 7 7 7 7 7 7 7 7 7 7 7 7 7 7 
tsim window 7 0 7 7 7 7 7 7 7 7 7 7 7 7 7 7 7 7 8 8 8 8 8 8 8 8 8 8 10 10 10 10 10 10 10 10 11 11 11 11 11 11 11 11 11 11 13 13 13 13 13 13 13 
runtime -1 7 0 8.227719068527222 2.7136385440826416 1.8505544662475586 1.773754596710205 1.9327449798583984 1.2764794826507568 1.7415595054626465 2.985344648361206 2.9275426864624023 3.5688538551330566 
avg_run -1 7 0 2.899819183349609
al_time -1 7 0 0.029805421829223633 0.014566421508789062 0.014678478240966797 0.01343679428100586 0.01592731475830078 0.01621556282043457 0.5993847846984863 0.019910335540771484 0.03253674507141113 0.03505873680114746 
avg_all -1 7 0 0.07915205955505371
random:1T:3000
sum 0 7 1 60 22 
sum 1 7 1 180 38 
sum 2 7 1 240 42 
sum 3 7 1 360 56 
sum 4 7 1 540 72 
sum 5 7 1 600 75 
sum 6 7 1 1200 102 
sum 7 7 1 1500 102 
sum 8 7 1 1800 102 
sum 9 7 1 2100 107 
sum 10 7 1 2400 119 
sum 11 7 1 2700 136 
sum 12 7 1 3000 158 
miss fire 7 1 1 1 1 1 0 3 4 4 3 2 2 2 0 0 0 0 0 0 0 0 0 0 0 0 0 0 0 0 0 0 0 0 1 2 1 1 3 3 2 2 2 2 1 2 2 2 2 2 2 0 0 
miss human 7 1 7 7 5 4 3 2 3 3 2 2 1 1 1 0 0 0 0 0 0 0 0 0 0 0 0 0 0 0 0 0 0 0 0 0 0 0 0 0 0 0 0 0 0 0 0 0 0 0 0 0 0 
miss window 7 1 3 3 3 2 1 0 2 0 0 0 0 0 0 0 3 4 4 4 4 4 0 0 0 0 0 0 0 0 0 0 0 0 0 0 0 0 0 0 0 0 0 0 1 1 3 3 4 4 4 2 2 
acm fire 7 1 1 2 3 4 4 7 11 15 18 20 22 24 24 24 24 24 24 24 24 24 24 24 24 24 24 24 24 24 24 24 24 24 25 27 28 29 32 35 37 39 41 43 44 46 48 50 52 54 56 56 56 
acm human 7 1 7 14 19 23 26 28 31 34 36 38 39 40 41 41 41 41 41 41 41 41 41 41 41 41 41 41 41 41 41 41 41 41 41 41 41 41 41 41 41 41 41 41 41 41 41 41 41 41 41 41 41 
acm window 7 1 3 6 9 11 12 12 14 14 14 14 14 14 14 14 17 21 25 29 33 37 37 37 37 37 37 37 37 37 37 37 37 37 37 37 37 37 37 37 37 37 37 37 38 39 42 45 49 53 57 59 61 
tsim fire 7 1 1 1 1 1 1 4 5 5 5 5 5 5 5 5 5 5 5 5 5 5 5 5 5 5 5 5 5 5 5 5 5 5 6 5 5 5 7 7 8 8 8 8 8 9 9 9 9 9 9 9 9 
tsim human 7 1 7 7 6 6 5 5 6 6 5 5 5 5 5 4 4 4 4 4 4 4 4 4 4 4 4 4 4 4 4 4 4 4 4 4 4 4 4 4 4 4 4 4 4 4 4 4 4 4 4 4 4 
tsim window 7 1 3 3 3 3 3 3 6 6 6 6 6 6 6 6 9 10 10 10 10 10 10 10 10 10 10 10 10 10 10 10 10 10 10 10 10 10 10 10 15 15 15 15 16 16 18 18 19 19 19 19 19 
runtime -1 7 1 3.9939424991607666 3.0020909309387207 3.743344306945801 3.4595401287078857 3.4433674812316895 1.5270121097564697 1.7432949542999268 2.366839647293091 3.615809679031372 0.2538795471191406 
avg_run -1 7 1 2.7149121284484865
al_time -1 7 1 0.028082609176635742 0.9860823154449463 0.03353595733642578 0.03258681297302246 0.028512954711914062 0.016850709915161133 0.015319347381591797 1.2258548736572266 0.02025318145751953 0.041461944580078125 
avg_all -1 7 1 0.24285407066345216
random:2T:3000
sum 0 7 2 60 40 
sum 1 7 2 180 70 
sum 2 7 2 240 79 
sum 3 7 2 360 98 
sum 4 7 2 540 123 
sum 5 7 2 600 130 
sum 6 7 2 1200 141 
sum 7 7 2 1500 141 
sum 8 7 2 1800 142 
sum 9 7 2 2100 147 
sum 10 7 2 2400 154 
sum 11 7 2 2700 164 
sum 12 7 2 3000 172 
miss fire 7 2 2 2 2 1 0 0 0 1 1 1 1 1 0 0 0 0 0 0 0 0 0 0 0 0 0 0 0 0 0 0 1 1 1 1 1 1 1 1 1 1 1 1 1 1 1 1 1 0 0 0 0 
miss human 7 2 13 13 10 10 7 8 9 8 7 5 5 5 2 2 0 0 0 0 0 0 0 0 0 0 0 0 0 0 0 0 0 0 0 0 0 0 0 0 0 0 0 0 0 0 0 0 0 0 0 0 0 
miss window 7 2 5 5 5 2 2 2 0 0 1 1 1 1 0 0 0 0 0 0 0 0 0 0 0 0 0 0 0 0 0 0 0 0 0 0 0 0 0 0 0 1 1 1 1 1 1 1 1 1 1 2 2 
acm fire 7 2 2 4 6 7 7 7 7 8 9 10 11 12 12 12 12 12 12 12 12 12 12 12 12 12 12 12 12 12 12 12 13 14 15 16 17 18 19 20 21 22 23 24 25 26 27 28 29 29 29 29 29 
acm human 7 2 13 26 36 46 53 61 70 78 85 90 95 100 102 104 104 104 104 104 104 104 104 104 104 104 104 104 104 104 104 104 104 104 104 104 104 104 104 104 104 104 104 104 104 104 104 104 104 104 104 104 104 
acm window 7 2 5 10 15 17 19 21 21 21 22 23 24 25 25 25 25 25 25 25 25 25 25 25 25 25 25 25 25 25 25 25 25 25 25 25 25 25 25 25 25 26 27 28 29 30 31 32 33 34 35 37 39 
tsim fire 7 2 2 2 2 2 2 2 2 3 3 3 3 3 3 3 3 3 3 3 3 3 3 3 3 3 3 3 3 3 3 3 4 4 4 4 4 4 4 4 5 5 5 5 5 6 6 6 6 6 6 6 6 
tsim human 7 2 13 13 13 13 13 12 11 11 9 7 7 7 6 6 5 5 5 5 5 5 5 5 5 5 5 5 5 5 5 5 5 5 5 5 5 5 5 5 5 5 5 5 5 5 5 5 5 5 5 5 5 
tsim window 7 2 5 5 5 5 5 5 5 5 6 6 6 6 6 6 6 6 6 6 6 6 6 6 6 6 6 6 6 6 6 6 6 6 6 6 6 6 6 6 6 7 7 7 7 9 9 9 9 9 9 10 10 
runtime -1 7 2 3.3346455097198486 2.742853879928589 2.5144031047821045 2.8485469818115234 1.6513705253601074 1.0333807468414307 1.4949655532836914 2.0398199558258057 1.2162699699401855 
avg_run -1 7 2 2.0973618030548096
al_time -1 7 2 0.01635456085205078 0.025091886520385742 0.024346113204956055 0.0269930362701416 0.016475200653076172 0.01709151268005371 0.01578545570373535 0.9890515804290771 0.024783849716186523 
avg_all -1 7 2 0.1284414662255181
random:3T:3000
sum 0 7 3 60 63 
sum 1 7 3 180 106 
sum 2 7 3 240 121 
sum 3 7 3 360 147 
sum 4 7 3 540 170 
sum 5 7 3 600 178 
sum 6 7 3 1200 208 
sum 7 7 3 1500 208 
sum 8 7 3 1800 208 
sum 9 7 3 2100 209 
sum 10 7 3 2400 210 
sum 11 7 3 2700 214 
sum 12 7 3 3000 216 
miss fire 7 3 2 2 2 0 0 1 1 1 1 1 1 1 0 0 0 0 0 0 0 0 0 0 0 0 0 0 0 0 0 0 0 0 0 0 1 0 0 0 0 0 1 2 1 1 0 0 0 0 0 0 0 
miss human 7 3 18 17 12 11 11 11 7 5 5 7 6 6 7 5 5 0 0 0 0 0 0 0 0 0 0 0 0 0 0 0 0 0 0 0 0 0 0 0 0 0 0 0 0 0 0 0 0 0 0 0 0 
miss window 7 3 12 12 10 8 4 3 3 1 1 1 1 1 1 2 2 0 0 0 0 0 0 0 0 0 0 0 0 0 0 0 0 0 0 0 0 0 0 0 0 0 0 0 0 0 0 0 0 0 0 1 1 
acm fire 7 3 2 4 6 6 6 7 8 9 10 11 12 13 13 13 13 13 13 13 13 13 13 13 13 13 13 13 13 13 13 13 13 13 13 13 14 14 14 14 14 14 15 17 18 19 19 19 19 19 19 19 19 
acm human 7 3 18 35 47 58 69 80 87 92 97 104 110 116 123 128 133 133 133 133 133 133 133 133 133 133 133 133 133 133 133 133 133 133 133 133 133 133 133 133 133 133 133 133 133 133 133 133 133 133 133 133 133 
acm window 7 3 12 24 34 42 46 49 52 53 54 55 56 57 58 60 62 62 62 62 62 62 62 62 62 62 62 62 62 62 62 62 62 62 62 62 62 62 62 62 62 62 62 62 62 62 62 62 62 62 62 63 64 
tsim fire 7 3 2 2 2 2 2 3 3 3 3 3 3 3 3 3 3 3 3 3 3 3 3 3 3 3 3 3 3 3 3 3 3 3 3 3 4 4 4 4 4 4 5 6 6 6 6 6 6 6 6 6 6 
tsim human 7 3 18 17 17 17 15 15 14 13 12 10 10 10 9 8 8 8 8 8 8 8 8 8 8 8 8 8 8 8 8 8 8 8 8 8 8 8 8 8 8 8 8 8 8 8 8 8 8 8 8 8 8 
tsim window 7 3 12 12 12 12 12 12 13 13 13 13 13 13 13 14 14 14 14 14 14 14 14 14 14 14 14 14 14 14 14 14 14 14 14 14 14 14 14 14 14 14 14 15 15 15 15 15 15 15 15 16 16 
runtime -1 7 3 5.825579881668091 1.707350492477417 4.414511203765869 4.093959331512451 1.8066442012786865 1.2928104400634766 1.7833313941955566 3.0823171138763428 2.7323615550994873 
avg_run -1 7 3 2.9709850682152643
al_time -1 7 3 0.04998159408569336 0.014714717864990234 0.02852034568786621 0.02760457992553711 0.017374515533447266 0.018071651458740234 0.018752098083496094 0.9940047264099121 0.035552978515625 
avg_all -1 7 3 0.13384191195170084
random:4T:3000
sum 0 7 4 60 35 
sum 1 7 4 180 55 
sum 2 7 4 240 63 
sum 3 7 4 360 68 
sum 4 7 4 540 72 
sum 5 7 4 600 74 
sum 6 7 4 1200 79 
sum 7 7 4 1500 81 
sum 8 7 4 1800 82 
sum 9 7 4 2100 83 
sum 10 7 4 2400 86 
sum 11 7 4 2700 87 
sum 12 7 4 3000 92 
miss fire 7 4 1 1 0 0 0 0 0 0 0 0 1 1 0 0 0 0 0 0 0 1 1 1 0 0 0 0 0 0 0 0 0 0 0 0 0 1 1 1 1 0 0 0 0 0 0 0 0 0 0 0 0 
miss human 7 4 12 11 8 7 6 2 2 1 1 2 1 1 0 0 0 0 0 0 0 0 0 0 0 0 0 0 0 0 0 0 0 0 0 0 0 0 0 0 0 0 0 0 0 0 0 0 0 0 0 0 0 
miss window 7 4 5 5 3 2 2 1 0 0 0 0 0 0 0 0 0 0 0 0 0 0 1 1 0 0 0 0 0 1 0 0 0 0 0 0 0 0 0 0 0 0 0 0 0 0 0 1 1 1 1 1 1 
acm fire 7 4 1 2 2 2 2 2 2 2 2 2 3 4 4 4 4 4 4 4 4 5 6 7 7 7 7 7 7 7 7 7 7 7 7 7 7 8 9 10 11 11 11 11 11 11 11 11 11 11 11 11 11 
acm human 7 4 12 23 31 38 44 46 48 49 50 52 53 54 54 54 54 54 54 54 54 54 54 54 54 54 54 54 54 54 54 54 54 54 54 54 54 54 54 54 54 54 54 54 54 54 54 54 54 54 54 54 54 
acm window 7 4 5 10 13 15 17 18 18 18 18 18 18 18 18 18 18 18 18 18 18 18 19 20 20 20 20 20 20 21 21 21 21 21 21 21 21 21 21 21 21 21 21 21 21 21 21 22 23 24 25 26 27 
tsim fire 7 4 1 1 1 1 1 1 1 1 1 1 2 2 2 2 2 2 2 2 2 3 3 3 3 3 3 3 3 3 3 3 3 3 3 3 3 4 4 4 4 4 4 4 4 4 4 4 4 4 4 4 4 
tsim human 7 4 12 11 10 10 10 9 9 9 9 8 8 8 7 7 7 7 7 7 7 7 7 7 7 7 7 7 7 7 7 7 7 7 7 7 7 7 7 7 7 7 7 7 7 7 7 7 7 7 7 7 7 
tsim window 7 4 5 5 5 5 5 5 5 5 5 5 5 5 5 5 5 5 5 5 5 11 12 12 12 12 12 12 12 13 13 13 13 13 13 13 13 13 13 13 13 13 13 13 13 13 13 14 14 14 14 14 14 
runtime -1 7 4 2.530734062194824 1.3418772220611572 1.310225248336792 1.6037397384643555 2.4955649375915527 2.0101358890533447 
avg_run -1 7 4 1.8820461829503377
al_time -1 7 4 0.014551877975463867 0.011806011199951172 0.47778987884521484 0.018085479736328125 0.032990455627441406 0.05177426338195801 
avg_all -1 7 4 0.1011663277943929
random:5T:3000
sum 0 7 5 60 36 
sum 1 7 5 180 60 
sum 2 7 5 240 70 
sum 3 7 5 360 86 
sum 4 7 5 540 106 
sum 5 7 5 600 115 
sum 6 7 5 1200 147 
sum 7 7 5 1500 151 
sum 8 7 5 1800 152 
sum 9 7 5 2100 154 
sum 10 7 5 2400 156 
sum 11 7 5 2700 167 
sum 12 7 5 3000 173 
miss fire 7 5 1 1 1 0 1 1 1 1 2 2 3 3 2 2 0 0 0 0 0 0 0 0 0 0 0 0 0 0 0 0 1 1 1 0 0 0 0 0 0 1 1 1 3 2 3 2 2 0 0 1 1 
miss human 7 5 11 11 9 7 6 6 5 3 6 6 6 4 5 2 2 2 1 1 0 0 0 0 0 0 0 0 0 0 0 0 0 0 0 0 0 0 0 0 0 0 0 0 0 0 0 0 0 0 0 0 0 
miss window 7 5 6 6 4 3 3 2 1 0 0 0 0 0 0 0 1 1 1 2 1 1 1 1 1 1 1 0 0 0 0 0 0 0 0 0 0 0 0 0 0 0 0 0 0 0 0 0 0 0 0 1 1 
acm fire 7 5 1 2 3 3 4 5 6 7 9 11 14 17 19 21 21 21 21 21 21 21 21 21 21 21 21 21 21 21 21 21 22 23 24 24 24 24 24 24 24 25 26 27 30 32 35 37 39 39 39 40 41 
acm human 7 5 11 22 31 38 44 50 55 58 64 70 76 80 85 87 89 91 92 93 93 93 93 93 93 93 93 93 93 93 93 93 93 93 93 93 93 93 93 93 93 93 93 93 93 93 93 93 93 93 93 93 93 
acm window 7 5 6 12 16 19 22 24 25 25 25 25 25 25 25 25 26 27 28 30 31 32 33 34 35 36 37 37 37 37 37 37 37 37 37 37 37 37 37 37 37 37 37 37 37 37 37 37 37 37 37 38 39 
tsim fire 7 5 1 1 1 1 2 2 2 2 3 3 4 4 4 4 4 4 4 4 4 4 4 4 4 4 4 4 4 4 4 4 4 4 4 3 3 3 3 3 3 4 4 4 6 6 7 7 7 7 7 8 8 
tsim human 7 5 11 11 11 10 10 10 9 8 11 11 11 9 9 6 6 6 6 6 6 6 6 6 6 6 6 6 6 6 6 6 6 6 6 6 6 6 6 6 6 6 6 6 6 6 6 6 6 6 6 6 6 
tsim window 7 5 6 6 6 6 6 6 6 6 9 9 9 9 9 9 10 10 10 11 12 12 12 12 12 12 12 12 12 12 12 12 12 12 12 12 12 12 12 12 12 12 12 12 12 12 12 12 12 12 12 14 14 
runtime -1 7 5 2.596497058868408 0.6974167823791504 2.1655075550079346 1.9053521156311035 1.8765454292297363 1.7974276542663574 1.6154406070709229 1.6996614933013916 1.1564648151397705 0.9577009677886963 0.6519687175750732 0.46512293815612793 
avg_run -1 7 5 1.4654255112012227
al_time -1 7 5 0.014479637145996094 0.4820730686187744 0.015305280685424805 0.015474319458007812 0.014629602432250977 0.014244318008422852 0.044005393981933594 0.01727604866027832 0.01524043083190918 0.014729022979736328 0.015738487243652344 0.012138605117797852 
avg_all -1 7 5 0.056277851263682045
random:6T:3000
sum 0 7 6 60 46 
sum 1 7 6 180 79 
sum 2 7 6 240 94 
sum 3 7 6 360 105 
sum 4 7 6 540 122 
sum 5 7 6 600 126 
sum 6 7 6 1200 151 
sum 7 7 6 1500 155 
sum 8 7 6 1800 155 
sum 9 7 6 2100 158 
sum 10 7 6 2400 159 
sum 11 7 6 2700 172 
sum 12 7 6 3000 186 
miss fire 7 6 1 1 2 2 3 0 0 0 0 0 1 1 0 0 0 0 0 0 0 0 0 0 0 0 0 0 0 0 0 0 0 0 0 1 2 0 0 0 0 0 1 2 3 1 2 2 2 1 1 1 1 
miss human 7 6 15 15 10 9 8 5 3 4 6 6 3 3 2 1 0 1 1 1 1 1 1 1 1 1 0 0 0 0 0 0 0 0 0 0 0 0 0 0 0 0 0 0 0 0 0 0 0 0 0 0 0 
miss window 7 6 7 7 5 5 4 2 1 1 0 0 0 1 1 2 2 2 1 0 1 1 1 1 0 0 0 0 0 0 0 0 0 0 0 0 0 0 0 0 0 0 0 0 0 1 1 1 1 1 1 2 3 
acm fire 7 6 1 2 4 6 9 9 9 9 9 9 10 11 11 11 11 11 11 11 11 11 11 11 11 11 11 11 11 11 11 11 11 11 11 12 14 14 14 14 14 14 15 17 20 21 23 25 27 28 29 30 31 
acm human 7 6 15 30 40 49 57 62 65 69 75 81 84 87 89 90 90 91 92 93 94 95 96 97 98 99 99 99 99 99 99 99 99 99 99 99 99 99 99 99 99 99 99 99 99 99 99 99 99 99 99 99 99 
acm window 7 6 7 14 19 24 28 30 31 32 32 32 32 33 34 36 38 40 41 41 42 43 44 45 45 45 45 45 45 45 45 45 45 45 45 45 45 45 45 45 45 45 45 45 45 46 47 48 49 50 51 53 56 
tsim fire 7 6 1 1 2 2 3 3 3 3 3 3 4 4 4 4 4 4 4 4 4 4 4 4 4 4 4 4 4 4 4 4 4 4 4 3 4 4 4 4 4 4 5 6 7 7 8 8 8 8 8 8 8 
tsim human 7 6 15 15 14 13 13 13 13 12 8 8 8 8 8 7 7 6 6 6 6 6 6 6 6 6 6 6 6 6 6 6 6 6 6 6 6 6 6 6 6 6 6 6 6 6 6 6 6 6 6 6 6 
tsim window 7 6 7 7 7 7 7 7 7 7 7 7 10 11 11 12 12 12 12 12 13 13 13 13 13 13 13 13 13 13 13 13 13 13 13 13 13 13 13 13 13 13 13 13 13 14 15 15 15 15 15 16 17 
runtime -1 7 6 2.56282377243042 1.4868781566619873 2.196021795272827 3.8968968391418457 3.898787260055542 1.9286956787109375 1.6818525791168213 1.7817292213439941 2.159569263458252 2.2541825771331787 
avg_run -1 7 6 2.3847437143325805
al_time -1 7 6 0.015076875686645508 0.49573659896850586 0.01563239097595215 0.036244869232177734 0.029192209243774414 0.019464969635009766 0.015955686569213867 0.03390765190124512 1.2695744037628174 0.02922368049621582 
avg_all -1 7 6 0.19600093364715576
random:7T:3000
sum 0 7 7 60 33 
sum 1 7 7 180 54 
sum 2 7 7 240 63 
sum 3 7 7 360 74 
sum 4 7 7 540 85 
sum 5 7 7 600 89 
sum 6 7 7 1200 109 
sum 7 7 7 1500 111 
sum 8 7 7 1800 111 
sum 9 7 7 2100 113 
sum 10 7 7 2400 116 
sum 11 7 7 2700 124 
sum 12 7 7 3000 134 
miss fire 7 7 1 1 0 0 0 0 0 0 1 1 1 1 1 1 1 1 1 1 0 0 0 0 0 0 0 0 0 0 0 0 0 0 0 0 1 1 1 1 1 0 0 0 0 0 1 1 0 0 0 0 0 
miss human 7 7 11 10 9 8 8 6 5 3 3 3 3 3 2 3 2 1 1 1 0 0 0 0 0 0 0 0 0 0 0 0 0 0 0 0 0 0 0 0 0 0 0 0 0 0 0 0 0 0 0 0 0 
miss window 7 7 5 5 3 1 1 0 0 0 0 0 0 0 0 0 0 0 0 0 0 0 0 0 0 0 1 1 0 0 0 0 0 0 0 0 0 0 0 0 0 0 0 0 0 2 2 2 2 2 2 2 2 
acm fire 7 7 1 2 2 2 2 2 2 2 3 4 5 6 7 8 9 10 11 12 12 12 12 12 12 12 12 12 12 12 12 12 12 12 12 12 13 14 15 16 17 17 17 17 17 17 18 19 19 19 19 19 19 
acm human 7 7 11 21 30 38 46 52 57 60 63 66 69 72 74 77 79 80 81 82 82 82 82 82 82 82 82 82 82 82 82 82 82 82 82 82 82 82 82 82 82 82 82 82 82 82 82 82 82 82 82 82 82 
acm window 7 7 5 10 13 14 15 15 15 15 15 15 15 15 15 15 15 15 15 15 15 15 15 15 15 15 16 17 17 17 17 17 17 17 17 17 17 17 17 17 17 17 17 17 17 19 21 23 25 27 29 31 33 
tsim fire 7 7 1 1 1 1 1 1 1 1 2 2 2 2 2 2 3 3 3 3 3 3 3 3 3 3 3 3 3 3 3 3 3 3 3 3 4 5 5 5 5 5 5 5 5 5 6 6 6 6 6 6 6 
tsim human 7 7 11 10 10 10 10 10 10 8 8 8 8 8 7 6 5 4 4 4 4 4 4 4 4 4 4 4 4 4 4 4 4 4 4 4 4 4 4 4 4 4 4 4 4 4 4 4 4 4 4 4 4 
tsim window 7 7 5 5 5 5 5 5 5 5 5 5 5 5 5 5 11 11 11 11 11 11 11 11 11 11 12 12 12 12 12 12 12 12 12 12 12 12 12 12 12 12 12 12 12 14 16 16 16 16 16 16 16 
runtime -1 7 7 5.043801307678223 2.495389223098755 2.5013210773468018 3.88792085647583 2.47639799118042 2.5376033782958984 2.64424729347229 2.7519495487213135 2.356260299682617 
avg_run -1 7 7 2.9660989973280163
al_time -1 7 7 0.027011394500732422 0.02531123161315918 0.9645020961761475 0.028329133987426758 0.016453266143798828 0.029393434524536133 0.030532121658325195 0.6278090476989746 0.029984712600708008 
avg_all -1 7 7 0.19770293765597874
random:8T:3000
sum 0 7 8 60 24 
sum 1 7 8 180 39 
sum 2 7 8 240 44 
sum 3 7 8 360 52 
sum 4 7 8 540 62 
sum 5 7 8 600 65 
sum 6 7 8 1200 77 
sum 7 7 8 1500 77 
sum 8 7 8 1800 77 
sum 9 7 8 2100 78 
sum 10 7 8 2400 83 
sum 11 7 8 2700 88 
sum 12 7 8 3000 90 
miss fire 7 8 1 1 0 0 0 0 0 0 1 0 0 1 1 1 1 0 0 0 0 0 0 0 0 0 0 0 0 0 0 0 0 0 0 0 0 1 1 1 1 1 1 1 1 1 0 0 1 1 0 0 0 
miss human 7 8 6 6 6 5 4 4 4 3 3 3 3 1 1 1 0 0 0 0 0 0 0 0 0 0 0 0 0 0 0 0 0 0 0 0 0 0 0 0 0 0 0 0 0 0 0 0 0 0 0 0 0 
miss window 7 8 5 5 2 2 1 0 0 0 0 0 0 0 0 0 0 0 0 1 2 1 1 0 0 0 0 0 0 0 0 0 0 0 0 0 0 0 0 0 0 0 0 0 0 0 1 1 0 0 0 0 0 
acm fire 7 8 1 2 2 2 2 2 2 2 3 3 3 4 5 6 7 7 7 7 7 7 7 7 7 7 7 7 7 7 7 7 7 7 7 7 7 8 9 10 11 12 13 14 15 16 16 16 17 18 18 18 18 
acm human 7 8 6 12 18 23 27 31 35 38 41 44 47 48 49 50 50 50 50 50 50 50 50 50 50 50 50 50 50 50 50 50 50 50 50 50 50 50 50 50 50 50 50 50 50 50 50 50 50 50 50 50 50 
acm window 7 8 5 10 12 14 15 15 15 15 15 15 15 15 15 15 15 15 15 16 18 19 20 20 20 20 20 20 20 20 20 20 20 20 20 20 20 20 20 20 20 20 20 20 20 20 21 22 22 22 22 22 22 
tsim fire 7 8 1 1 1 1 1 1 1 1 2 2 2 3 3 3 3 3 3 3 3 3 3 3 3 3 3 3 3 3 3 3 3 3 3 3 3 4 4 4 4 4 4 4 4 4 4 4 5 5 5 5 5 
tsim human 7 8 6 6 6 6 5 5 5 4 4 4 4 2 2 2 1 1 1 1 1 1 1 1 1 1 1 1 1 1 1 1 1 1 1 1 1 1 1 1 1 1 1 1 1 1 1 1 1 1 1 1 1 
tsim window 7 8 5 5 5 5 5 5 5 5 5 5 5 10 10 10 10 10 10 11 12 12 12 12 12 12 12 12 12 12 12 12 12 12 12 12 12 12 12 12 12 12 12 12 12 12 13 13 13 13 13 13 13 
runtime -1 7 8 4.9511399269104 3.504441499710083 5.299887180328369 1.9572820663452148 1.4172477722167969 1.0903749465942383 0.45966339111328125 
avg_run -1 7 8 2.668576683316912
al_time -1 7 8 0.027820825576782227 0.9235289096832275 0.01968693733215332 0.016165971755981445 0.01769232749938965 0.015720367431640625 0.011275768280029297 
avg_all -1 7 8 0.14741301536560059
random:9T:3000
sum 0 7 9 60 50 
sum 1 7 9 180 89 
sum 2 7 9 240 108 
sum 3 7 9 360 135 
sum 4 7 9 540 158 
sum 5 7 9 600 162 
sum 6 7 9 1200 177 
sum 7 7 9 1500 179 
sum 8 7 9 1800 179 
sum 9 7 9 2100 180 
sum 10 7 9 2400 184 
sum 11 7 9 2700 184 
sum 12 7 9 3000 190 
miss fire 7 9 1 1 1 1 1 1 1 0 1 1 1 1 0 0 0 0 0 0 0 0 0 0 1 0 0 0 0 0 0 0 0 0 0 0 0 0 0 0 2 1 1 0 0 0 0 0 0 1 1 0 2 
miss human 7 9 20 20 15 15 15 12 9 6 8 7 3 4 2 2 1 1 0 0 0 0 0 0 0 0 0 0 0 0 0 0 0 0 0 0 0 0 0 0 0 0 0 0 0 0 0 0 0 0 0 0 0 
miss window 7 9 4 4 4 3 3 2 2 0 0 0 0 0 0 0 0 0 0 1 1 1 1 1 0 0 0 0 0 0 0 0 0 0 1 0 0 0 0 0 0 0 0 0 0 0 0 0 0 1 1 0 0 
acm fire 7 9 1 2 3 4 5 6 7 7 8 9 10 11 11 11 11 11 11 11 11 11 11 11 12 12 12 12 12 12 12 12 12 12 12 12 12 12 12 12 14 15 16 16 16 16 16 16 16 17 18 18 20 
acm human 7 9 20 40 55 70 85 97 106 112 120 127 130 134 136 138 139 140 140 140 140 140 140 140 140 140 140 140 140 140 140 140 140 140 140 140 140 140 140 140 140 140 140 140 140 140 140 140 140 140 140 140 140 
acm window 7 9 4 8 12 15 18 20 22 22 22 22 22 22 22 22 22 22 22 23 24 25 26 27 27 27 27 27 27 27 27 27 27 27 28 28 28 28 28 28 28 28 28 28 28 28 28 28 28 29 30 30 30 
tsim fire 7 9 1 1 1 1 1 1 1 1 2 2 2 2 2 2 2 2 2 2 2 2 2 2 3 3 3 3 3 3 3 3 3 3 3 3 3 3 3 3 5 5 5 5 5 5 5 5 5 6 6 6 8 
tsim human 7 9 20 20 19 19 19 18 16 16 14 13 11 8 4 4 4 4 4 4 4 4 4 4 4 4 4 4 4 4 4 4 4 4 4 4 4 4 4 4 4 4 4 4 4 4 4 4 4 4 4 4 4 
tsim window 7 9 4 4 4 4 4 4 4 4 4 4 4 4 4 4 4 4 4 5 5 5 5 5 10 10 10 10 10 10 10 10 10 10 11 11 11 11 11 11 11 11 11 11 11 11 11 11 11 12 12 12 12 
runtime -1 7 9 2.525341510772705 1.2999732494354248 1.1046226024627686 0.7743129730224609 1.0996105670928955 1.1261506080627441 1.4527549743652344 1.2476255893707275 1.1919994354248047 1.2381324768066406 
avg_run -1 7 9 1.3060523986816406
al_time -1 7 9 0.014706134796142578 0.011877298355102539 0.011739253997802734 0.011484384536743164 0.011636018753051758 0.47707080841064453 0.017518281936645508 0.016515016555786133 0.015242815017700195 0.018819570541381836 
avg_all -1 7 9 0.0606609582901001
