random:0T:3000
sum 0 7 0 60 58 
sum 1 7 0 180 108 
sum 2 7 0 240 121 
sum 3 7 0 360 145 
sum 4 7 0 540 167 
sum 5 7 0 600 172 
sum 6 7 0 1200 217 
sum 7 7 0 1500 220 
sum 8 7 0 1800 221 
sum 9 7 0 2100 231 
sum 10 7 0 2400 243 
sum 11 7 0 2700 258 
sum 12 7 0 3000 270 
miss fire 7 0 3 3 3 3 0 0 1 2 2 1 1 1 1 1 1 2 1 1 0 0 0 0 0 0 0 0 0 0 0 0 0 1 2 2 2 3 2 2 2 2 2 2 1 1 0 0 0 1 1 0 0 
miss human 7 0 18 18 17 15 11 12 9 7 5 5 4 6 5 5 4 3 2 2 1 1 0 0 1 1 0 0 0 0 0 0 0 0 0 0 0 0 0 0 0 0 0 0 0 0 0 0 0 0 0 0 0 
miss window 7 0 8 8 6 6 2 2 0 0 0 0 0 0 0 0 1 1 1 2 1 1 1 1 0 0 0 0 1 0 0 0 0 0 0 0 0 0 0 0 0 1 1 1 2 2 2 4 2 2 2 2 2 
acm fire 7 0 3 6 9 12 12 12 13 15 17 18 19 20 21 22 23 25 26 27 27 27 27 27 27 27 27 27 27 27 27 27 27 28 30 32 34 37 39 41 43 45 47 49 50 51 51 51 51 52 53 53 53 
acm human 7 0 18 36 53 68 79 91 100 107 112 117 121 127 132 137 141 144 146 148 149 150 150 150 151 152 152 152 152 152 152 152 152 152 152 152 152 152 152 152 152 152 152 152 152 152 152 152 152 152 152 152 152 
acm window 7 0 8 16 22 28 30 32 32 32 32 32 32 32 32 32 33 34 35 37 38 39 40 41 41 41 41 41 42 42 42 42 42 42 42 42 42 42 42 42 42 43 44 45 47 49 51 55 57 59 61 63 65 
tsim fire 7 0 3 3 3 3 3 3 4 5 5 5 5 5 5 5 5 6 6 6 6 6 6 6 6 6 6 6 6 6 6 6 6 7 8 8 8 9 10 10 10 10 10 10 10 10 10 10 10 11 11 11 11 
tsim human 7 0 18 18 18 17 16 15 15 15 14 14 13 11 10 10 9 8 8 8 8 8 8 8 8 8 8 8 8 8 8 8 8 8 8 8 8 8 8 8 8 8 8 8 8 8 8 8 8 8 8 8 8 
tsim window 7 0 8 8 8 8 8 8 8 8 8 8 8 8 8 8 9 9 9 10 10 10 10 10 10 10 10 10 11 11 11 11 11 13 13 13 13 13 13 13 13 14 14 14 15 15 15 17 17 17 17 17 17 
runtime -1 7 0 3.35492205619812 2.5434746742248535 1.648686408996582 1.6492314338684082 1.6326849460601807 1.1200165748596191 1.635324239730835 2.74127197265625 2.2839388847351074 1.1306016445159912 
avg_run -1 7 0 1.9740152835845948
al_time -1 7 0 0.014699459075927734 0.016434192657470703 0.014932632446289062 0.01448822021484375 0.016447067260742188 0.01709723472595215 0.6493732929229736 0.019792795181274414 0.01728677749633789 0.019724369049072266 
avg_all -1 7 0 0.08002760410308837
random:1T:3000
sum 0 7 1 60 61 
sum 1 7 1 180 110 
sum 2 7 1 240 129 
sum 3 7 1 360 159 
sum 4 7 1 540 196 
sum 5 7 1 600 205 
sum 6 7 1 1200 298 
sum 7 7 1 1500 334 
sum 8 7 1 1800 354 
sum 9 7 1 2100 367 
sum 10 7 1 2400 375 
sum 11 7 1 2700 398 
sum 12 7 1 3000 426 
miss fire 7 1 2 2 1 0 0 1 1 1 1 2 2 2 4 4 5 5 6 6 6 6 3 3 2 2 2 2 1 1 0 0 0 0 0 1 1 2 1 1 1 1 2 3 4 4 4 4 4 5 4 3 3 
miss human 7 1 23 22 21 19 17 13 11 9 9 9 5 5 5 5 6 4 3 3 3 3 2 2 2 2 2 2 2 2 1 1 2 2 2 0 0 0 0 0 0 0 0 0 0 0 0 0 0 0 0 0 0 
miss window 7 1 6 6 5 3 2 2 2 2 2 2 2 2 1 1 0 0 0 0 1 1 1 1 3 3 4 4 2 3 2 2 1 1 1 1 1 1 1 1 0 0 0 0 1 1 1 1 1 1 2 2 3 
acm fire 7 1 2 4 5 5 5 6 7 8 9 11 13 15 19 23 28 33 39 45 51 57 60 63 65 67 69 71 72 73 73 73 73 73 73 74 75 77 78 79 80 81 83 86 90 94 98 102 106 111 115 118 121 
acm human 7 1 23 45 66 85 102 115 126 135 144 153 158 163 168 173 179 183 186 189 192 195 197 199 201 203 205 207 209 211 212 213 215 217 219 219 219 219 219 219 219 219 219 219 219 219 219 219 219 219 219 219 219 
acm window 7 1 6 12 17 20 22 24 26 28 30 32 34 36 37 38 38 38 38 38 39 40 41 42 45 48 52 56 58 61 63 65 66 67 68 69 70 71 72 73 73 73 73 73 74 75 76 77 78 79 81 83 86 
tsim fire 7 1 2 2 2 2 2 3 3 3 3 4 4 4 6 6 7 7 8 8 8 8 8 8 8 8 8 8 8 8 8 8 8 8 8 7 7 8 8 8 8 8 9 10 11 11 11 11 11 12 12 12 12 
tsim human 7 1 23 22 22 21 21 18 18 17 15 15 14 14 14 14 16 14 13 13 13 13 13 13 13 13 13 13 13 13 13 13 13 13 13 13 13 13 13 13 13 13 13 13 13 13 13 13 13 13 13 13 13 
tsim window 7 1 6 6 6 6 6 6 6 6 6 6 6 6 6 6 9 9 12 12 13 13 13 13 15 15 16 16 16 17 17 17 17 17 17 17 17 17 17 17 17 17 17 17 18 18 18 18 18 18 19 19 20 
runtime -1 7 1 12.599828481674194 9.170082807540894 6.017179727554321 10.647450685501099 10.426043272018433 6.95819354057312 7.796343564987183 6.963262557983398 7.899864673614502 7.617639541625977 2.6671559810638428 
avg_run -1 7 1 8.06936771219427
al_time -1 7 1 0.019333600997924805 0.04203343391418457 2.520174980163574 0.023239850997924805 0.04923105239868164 0.024369239807128906 0.04794168472290039 0.08305859565734863 0.046167850494384766 0.05533766746520996 0.046998023986816406 
avg_all -1 7 1 0.26889872550964355
random:2T:3000
sum 0 7 2 60 42 
sum 1 7 2 180 74 
sum 2 7 2 240 86 
sum 3 7 2 360 100 
sum 4 7 2 540 119 
sum 5 7 2 600 125 
sum 6 7 2 1200 137 
sum 7 7 2 1500 137 
sum 8 7 2 1800 143 
sum 9 7 2 2100 150 
sum 10 7 2 2400 158 
sum 11 7 2 2700 171 
sum 12 7 2 3000 180 
miss fire 7 2 3 3 3 2 2 1 2 2 2 2 2 0 0 0 0 0 0 0 0 0 0 0 0 0 0 0 1 1 1 1 2 2 2 1 1 1 1 1 1 1 2 2 3 3 2 3 2 2 0 0 0 
miss human 7 2 13 11 10 7 7 5 4 3 3 5 3 3 2 1 0 1 0 0 0 0 0 0 0 0 0 0 0 0 0 0 0 0 0 0 0 0 0 0 0 0 0 0 0 0 0 0 0 0 0 0 0 
miss window 7 2 6 6 6 4 3 1 1 0 1 1 1 0 0 0 0 0 0 2 2 1 0 0 0 0 0 0 0 0 0 0 0 0 0 0 0 0 0 0 1 1 0 0 0 0 0 0 1 1 1 1 1 
acm fire 7 2 3 6 9 11 13 14 16 18 20 22 24 24 24 24 24 24 24 24 24 24 24 24 24 24 24 24 25 26 27 28 30 32 34 35 36 37 38 39 40 41 43 45 48 51 53 56 58 60 60 60 60 
acm human 7 2 13 24 34 41 48 53 57 60 63 68 71 74 76 77 77 78 78 78 78 78 78 78 78 78 78 78 78 78 78 78 78 78 78 78 78 78 78 78 78 78 78 78 78 78 78 78 78 78 78 78 78 
acm window 7 2 6 12 18 22 25 26 27 27 28 29 30 30 30 30 30 30 30 32 34 35 35 35 35 35 35 35 35 35 35 35 35 35 35 35 35 35 35 35 36 37 37 37 37 37 37 37 38 39 40 41 42 
tsim fire 7 2 3 3 3 4 4 4 5 5 5 6 6 6 6 6 6 6 6 6 6 6 6 6 6 6 6 6 6 6 6 6 7 7 7 6 6 6 6 6 7 7 8 8 10 10 11 12 12 12 12 12 12 
tsim human 7 2 13 11 11 10 10 9 9 9 9 11 9 8 7 7 6 6 6 6 6 6 6 6 6 6 6 6 6 6 6 6 6 6 6 6 6 6 6 6 6 6 6 6 6 6 6 6 6 6 6 6 6 
tsim window 7 2 6 6 6 6 6 6 6 6 7 9 9 9 9 9 9 9 9 11 11 11 11 11 11 11 11 11 11 11 11 11 11 11 11 11 11 11 11 11 12 12 12 12 12 12 12 19 20 20 20 20 20 
runtime -1 7 2 2.1916260719299316 1.47776460647583 1.8602654933929443 1.892519235610962 1.8396203517913818 3.4018285274505615 1.624568223953247 1.6166331768035889 1.1417005062103271 0.7510616779327393 0.5870919227600098 0.8030838966369629 
avg_run -1 7 2 1.5989803075790405
al_time -1 7 2 0.013432741165161133 0.48316526412963867 0.014027833938598633 0.014969348907470703 0.05341148376464844 0.019089460372924805 0.014356374740600586 0.016437768936157227 0.015522956848144531 0.015507221221923828 1.1199486255645752 0.01304483413696289 
avg_all -1 7 2 0.14940949281056723
random:3T:3000
sum 0 7 3 60 102 
sum 1 7 3 180 187 
sum 2 7 3 240 218 
sum 3 7 3 360 277 
sum 4 7 3 540 341 
sum 5 7 3 600 354 
sum 6 7 3 1200 454 
sum 7 7 3 1500 483 
sum 8 7 3 1800 499 
sum 9 7 3 2100 506 
sum 10 7 3 2400 512 
sum 11 7 3 2700 521 
sum 12 7 3 3000 535 
miss fire 7 3 3 4 3 3 1 1 1 1 1 1 3 3 3 3 3 3 2 2 2 1 1 1 1 2 2 2 1 2 2 0 0 0 0 1 1 1 1 0 0 0 2 2 0 0 0 0 0 0 0 0 0 
miss human 7 3 25 31 26 23 18 19 16 15 13 11 7 8 10 9 6 5 5 4 4 4 2 2 2 2 2 2 2 2 2 0 0 2 0 0 0 0 0 0 0 0 0 0 0 0 0 0 0 0 0 0 0 
miss window 7 3 17 22 16 14 12 11 11 10 7 5 3 4 3 2 2 1 1 1 1 2 3 3 3 3 1 1 1 1 1 1 1 0 0 0 1 1 1 1 1 0 0 0 1 2 2 2 2 3 3 3 3 
acm fire 7 3 3 7 10 13 14 15 16 17 18 19 22 25 28 31 34 37 39 41 43 44 45 46 47 49 51 53 54 56 58 58 58 58 58 59 60 61 62 62 62 62 64 66 66 66 66 66 66 66 66 66 66 
acm human 7 3 25 56 82 105 123 142 158 173 186 197 204 212 222 231 237 242 247 251 255 259 261 263 265 267 269 271 273 275 277 277 277 279 279 279 279 279 279 279 279 279 279 279 279 279 279 279 279 279 279 279 279 
acm window 7 3 17 39 55 69 81 92 103 113 120 125 128 132 135 137 139 140 141 142 143 145 148 151 154 157 158 159 160 161 162 163 164 164 164 164 165 166 167 168 169 169 169 169 170 172 174 176 178 181 184 187 190 
tsim fire 7 3 3 4 4 4 4 4 4 4 4 4 6 6 6 6 6 6 6 6 6 6 6 6 6 7 7 7 7 8 8 8 8 8 8 9 9 10 10 10 10 10 12 12 12 12 12 12 12 12 12 12 12 
tsim human 7 3 25 31 30 30 28 25 23 23 22 20 18 17 17 17 17 17 17 17 17 17 17 17 17 17 17 17 17 17 17 17 17 17 17 17 17 17 17 17 17 17 17 17 17 17 17 17 17 17 17 17 17 
tsim window 7 3 17 22 22 22 22 22 22 22 22 22 22 23 23 23 23 23 23 23 23 24 25 25 25 27 27 27 27 27 27 27 27 27 27 27 28 28 28 28 28 28 29 29 30 31 31 31 31 32 32 32 32 
runtime -1 7 3 10.953261375427246 8.68754267692566 4.722073554992676 4.408047676086426 4.34195613861084 3.3412601947784424 2.9219062328338623 3.469722270965576 4.255728483200073 3.767949342727661 
avg_run -1 7 3 5.086944794654846
al_time -1 7 3 0.020822763442993164 0.026755332946777344 0.021979093551635742 1.2735967636108398 0.025223255157470703 0.024639129638671875 0.025608301162719727 0.025035619735717773 0.028081417083740234 0.05125308036804199 
avg_all -1 7 3 0.15229947566986085
random:4T:3000
sum 0 7 4 60 59 
sum 1 7 4 180 97 
sum 2 7 4 240 111 
sum 3 7 4 360 132 
sum 4 7 4 540 147 
sum 5 7 4 600 155 
sum 6 7 4 1200 197 
sum 7 7 4 1500 207 
sum 8 7 4 1800 208 
sum 9 7 4 2100 211 
sum 10 7 4 2400 221 
sum 11 7 4 2700 227 
sum 12 7 4 3000 244 
miss fire 7 4 2 2 1 0 0 0 1 1 1 1 3 3 1 1 1 1 1 2 2 2 1 1 1 1 1 0 0 0 0 0 0 0 0 1 1 1 1 1 2 3 3 1 1 0 2 2 2 2 3 4 4 
miss human 7 4 16 15 12 10 9 7 5 4 3 3 5 5 3 1 1 1 1 1 1 1 0 0 1 0 0 0 0 0 0 0 0 0 0 0 0 0 0 0 0 0 0 0 0 0 0 0 0 0 0 0 0 
miss window 7 4 12 12 9 6 5 5 3 2 0 0 0 0 0 0 0 0 1 1 3 3 4 4 0 0 0 1 1 0 0 0 0 0 0 0 0 0 0 0 0 0 0 0 0 0 0 0 0 0 0 1 1 
acm fire 7 4 2 4 5 5 5 5 6 7 8 9 12 15 16 17 18 19 20 22 24 26 27 28 29 30 31 31 31 31 31 31 31 31 31 32 33 34 35 36 38 41 44 45 46 46 48 50 52 54 57 61 65 
acm human 7 4 16 31 43 53 62 69 74 78 81 84 89 94 97 98 99 100 101 102 103 104 104 104 105 105 105 105 105 105 105 105 105 105 105 105 105 105 105 105 105 105 105 105 105 105 105 105 105 105 105 105 105 
acm window 7 4 12 24 33 39 44 49 52 54 54 54 54 54 54 54 54 54 55 56 59 62 66 70 70 70 70 71 72 72 72 72 72 72 72 72 72 72 72 72 72 72 72 72 72 72 72 72 72 72 72 73 74 
tsim fire 7 4 2 2 2 2 2 2 3 3 3 3 6 6 6 6 6 6 6 7 7 7 7 7 7 7 7 7 7 7 7 7 7 7 7 6 6 6 6 6 7 8 8 8 8 8 10 10 10 10 11 12 12 
tsim human 7 4 16 15 15 15 15 14 14 14 13 13 15 15 13 11 11 11 11 11 11 11 11 11 11 11 11 11 11 11 11 11 11 11 11 11 11 11 11 11 11 11 11 11 11 11 11 11 11 11 11 11 11 
tsim window 7 4 12 12 12 12 12 12 12 12 12 12 15 15 15 15 15 15 16 16 18 18 19 19 19 19 19 20 20 20 20 20 20 20 20 20 20 20 20 20 20 20 20 20 20 20 25 25 25 25 25 26 26 
runtime -1 7 4 2.8865411281585693 3.048640251159668 1.824195146560669 2.022423505783081 1.4439992904663086 1.3666105270385742 1.2758803367614746 1.2510902881622314 0.808560848236084 
avg_run -1 7 4 1.7697712580362956
al_time -1 7 4 0.014246940612792969 1.3622546195983887 0.0184633731842041 0.016036033630371094 0.01490330696105957 0.017530202865600586 0.01666116714477539 0.041030168533325195 0.01358342170715332 
avg_all -1 7 4 0.16830102602640787
random:5T:3000
sum 0 7 5 60 92 
sum 1 7 5 180 173 
sum 2 7 5 240 206 
sum 3 7 5 360 267 
sum 4 7 5 540 335 
sum 5 7 5 600 350 
sum 6 7 5 1200 455 
sum 7 7 5 1500 475 
sum 8 7 5 1800 485 
sum 9 7 5 2100 491 
sum 10 7 5 2400 496 
sum 11 7 5 2700 508 
sum 12 7 5 3000 523 
miss fire 7 5 2 2 3 3 3 3 4 4 4 3 3 5 2 1 2 2 1 0 0 0 0 0 0 0 0 0 0 0 0 0 0 0 0 1 2 2 2 2 0 0 1 2 3 3 0 1 1 1 2 2 3 
miss human 7 5 33 31 29 27 22 19 18 17 13 11 10 13 10 9 9 8 7 7 6 6 5 5 2 2 1 1 0 0 0 0 0 0 0 0 0 0 0 0 0 0 0 0 0 0 0 0 0 0 0 0 0 
miss window 7 5 12 12 10 9 8 8 9 8 5 3 2 3 0 0 1 1 1 1 1 2 2 2 1 2 2 2 2 2 2 2 2 1 0 0 0 0 0 0 0 0 0 0 0 1 1 1 1 1 2 1 1 
acm fire 7 5 2 4 7 10 13 16 20 24 28 31 34 39 41 42 44 46 47 47 47 47 47 47 47 47 47 47 47 47 47 47 47 47 47 48 50 52 54 56 56 56 57 59 62 65 65 66 67 68 70 72 75 
acm human 7 5 33 64 93 120 142 161 179 196 209 220 230 243 253 262 271 279 286 293 299 305 310 315 317 319 320 321 321 321 321 321 321 321 321 321 321 321 321 321 321 321 321 321 321 321 321 321 321 321 321 321 321 
acm window 7 5 12 24 34 43 51 59 68 76 81 84 86 89 89 89 90 91 92 93 94 96 98 100 101 103 105 107 109 111 113 115 117 118 118 118 118 118 118 118 118 118 118 118 118 119 120 121 122 123 125 126 127 
tsim fire 7 5 2 2 3 3 3 3 4 4 4 4 4 6 6 6 7 7 7 7 7 7 7 7 7 7 7 7 7 7 7 7 7 7 7 6 7 7 7 7 7 7 8 9 10 10 10 11 11 11 12 12 13 
tsim human 7 5 33 31 31 30 30 29 31 30 28 28 27 24 23 23 23 22 21 21 21 21 21 21 21 21 21 21 21 21 21 21 21 21 21 21 21 21 21 21 21 21 21 21 21 21 21 21 21 21 21 21 21 
tsim window 7 5 12 12 12 12 12 12 15 15 15 15 15 16 16 16 20 20 20 20 20 21 22 22 22 23 23 23 23 23 23 23 23 23 23 23 23 23 23 23 23 23 23 23 24 25 25 25 25 25 26 27 27 
runtime -1 7 5 6.739397048950195 4.239306926727295 4.537621736526489 3.7522878646850586 3.4036478996276855 3.1239638328552246 3.590662717819214 4.285550832748413 3.4964845180511475 2.061993360519409 4.683680057525635 
avg_run -1 7 5 3.9922360723668877
al_time -1 7 5 0.01696467399597168 3.1789357662200928 0.020162582397460938 0.02015376091003418 0.019945144653320312 0.019651174545288086 0.020047903060913086 0.025177717208862305 0.021743297576904297 2.6711902618408203 0.02058124542236328 
avg_all -1 7 5 0.5485957752574574
random:6T:3000
sum 0 7 6 60 79 
sum 1 7 6 180 151 
sum 2 7 6 240 185 
sum 3 7 6 360 239 
sum 4 7 6 540 290 
sum 5 7 6 600 303 
sum 6 7 6 1200 419 
sum 7 7 6 1500 443 
sum 8 7 6 1800 462 
sum 9 7 6 2100 473 
sum 10 7 6 2400 487 
sum 11 7 6 2700 508 
sum 12 7 6 3000 531 
miss fire 7 6 2 2 2 3 3 5 0 2 2 3 3 3 3 3 3 3 3 3 3 1 1 1 1 1 1 1 1 1 1 1 0 0 0 2 2 2 2 2 4 3 3 4 4 5 4 4 3 3 3 3 3 
miss human 7 6 28 27 22 26 22 18 14 12 10 8 8 9 9 7 4 4 4 4 4 3 3 4 2 2 3 3 3 3 2 2 0 0 2 2 0 0 0 0 0 0 0 0 0 0 0 0 0 0 0 0 0 
miss window 7 6 10 10 9 10 9 10 7 5 5 4 2 2 2 1 3 3 5 5 6 6 6 1 1 1 1 1 1 1 1 1 1 1 0 0 0 0 0 0 0 0 0 0 0 0 0 0 0 0 2 2 4 
acm fire 7 6 2 4 6 9 12 17 17 19 21 24 27 30 33 36 39 42 45 48 51 52 53 54 55 56 57 58 59 60 61 62 62 62 62 64 66 68 70 72 76 79 82 86 90 95 99 103 106 109 112 115 118 
acm human 7 6 28 55 77 103 125 143 157 169 179 187 195 204 213 220 224 228 232 236 240 243 246 250 252 254 257 260 263 266 268 270 270 270 272 274 274 274 274 274 274 274 274 274 274 274 274 274 274 274 274 274 274 
acm window 7 6 10 20 29 39 48 58 65 70 75 79 81 83 85 86 89 92 97 102 108 114 120 121 122 123 124 125 126 127 128 129 130 131 131 131 131 131 131 131 131 131 131 131 131 131 131 131 131 131 133 135 139 
tsim fire 7 6 2 2 2 3 3 5 5 7 7 8 8 8 8 8 8 8 8 8 8 8 8 8 8 8 8 8 8 8 8 8 8 8 8 6 6 6 6 6 8 10 10 11 12 13 14 14 14 14 14 14 14 
tsim human 7 6 28 27 25 30 26 26 23 23 22 21 21 20 20 18 18 18 18 18 18 18 18 18 18 18 18 18 18 18 18 18 18 18 18 18 18 18 18 18 18 18 18 18 18 18 18 18 18 18 18 18 18 
tsim window 7 6 10 10 10 13 13 17 17 17 17 17 17 17 18 18 20 20 22 22 23 23 23 23 23 23 23 23 23 23 23 23 23 23 23 23 23 23 23 23 23 23 23 24 27 27 27 27 27 27 29 29 31 
runtime -1 7 6 6.70332932472229 4.394099950790405 5.158491611480713 4.398226022720337 3.1296682357788086 2.4773755073547363 2.939913511276245 2.840585947036743 2.6459038257598877 2.275052547454834 1.5578529834747314 0.8871481418609619 
avg_run -1 7 6 3.2839706341425576
al_time -1 7 6 0.04740262031555176 3.542484998703003 0.020559310913085938 0.043921470642089844 0.021368980407714844 0.020593643188476562 0.021500349044799805 0.022725582122802734 0.021036148071289062 0.0225830078125 0.02156805992126465 0.01646733283996582 
avg_all -1 7 6 0.31851762533187866
random:7T:3000
sum 0 7 7 60 70 
sum 1 7 7 180 122 
sum 2 7 7 240 142 
sum 3 7 7 360 176 
sum 4 7 7 540 206 
sum 5 7 7 600 210 
sum 6 7 7 1200 235 
sum 7 7 7 1500 243 
sum 8 7 7 1800 253 
sum 9 7 7 2100 267 
sum 10 7 7 2400 277 
sum 11 7 7 2700 296 
sum 12 7 7 3000 313 
miss fire 7 7 3 3 3 2 0 0 1 1 1 1 1 2 1 1 1 0 0 1 1 1 1 1 1 1 1 1 1 1 1 1 1 2 2 2 3 2 2 2 2 2 2 2 1 1 1 2 3 3 3 1 1 
miss human 7 7 23 23 18 15 15 13 12 9 7 4 2 2 2 2 2 1 1 0 0 0 0 0 0 0 0 0 0 0 0 0 0 0 0 0 0 0 0 0 0 0 0 0 0 0 0 0 0 0 0 0 0 
miss window 7 7 9 9 8 6 5 4 4 3 2 2 1 1 1 0 0 0 0 1 1 1 1 1 1 0 0 1 1 1 1 1 1 1 1 1 0 0 0 0 0 0 0 1 2 3 3 3 2 1 1 1 1 
acm fire 7 7 3 6 9 11 11 11 12 13 14 15 16 18 19 20 21 21 21 22 23 24 25 26 27 28 29 30 31 32 33 34 35 37 39 41 44 46 48 50 52 54 56 58 59 60 61 63 66 69 72 73 74 
acm human 7 7 23 46 64 79 94 107 119 128 135 139 141 143 145 147 149 150 151 151 151 151 151 151 151 151 151 151 151 151 151 151 151 151 151 151 151 151 151 151 151 151 151 151 151 151 151 151 151 151 151 151 151 
acm window 7 7 9 18 26 32 37 41 45 48 50 52 53 54 55 55 55 55 55 56 57 58 59 60 61 61 61 62 63 64 65 66 67 68 69 70 70 70 70 70 70 70 70 71 73 76 79 82 84 85 86 87 88 
tsim fire 7 7 3 3 3 3 3 3 4 4 4 4 4 5 5 5 5 5 5 6 6 6 6 6 6 6 6 6 6 6 6 6 6 7 8 8 9 9 9 9 9 9 9 9 9 9 10 11 12 12 12 12 12 
tsim human 7 7 23 23 20 19 19 18 18 17 17 13 12 12 12 12 12 12 12 12 12 12 12 12 12 12 12 12 12 12 12 12 12 12 12 12 12 12 12 12 12 12 12 12 12 12 12 12 12 12 12 12 12 
tsim window 7 7 9 9 9 9 9 9 9 9 9 9 10 14 14 14 14 14 14 21 21 21 21 21 21 21 21 22 22 22 22 22 22 22 22 22 22 22 22 22 22 22 22 23 24 25 25 25 27 27 27 27 27 
runtime -1 7 7 4.457671403884888 2.1221957206726074 1.838606595993042 1.8800911903381348 1.4327211380004883 1.4330615997314453 1.5023539066314697 2.4515135288238525 2.0254604816436768 1.5596694946289062 1.1295208930969238 0.29955339431762695 
avg_run -1 7 7 1.8443682789802551
al_time -1 7 7 0.014487743377685547 0.014594078063964844 0.01493215560913086 0.014427423477172852 0.014328479766845703 0.01682734489440918 0.6439058780670166 0.016609668731689453 0.018975257873535156 0.0169525146484375 0.01806950569152832 1.7799651622772217 
avg_all -1 7 7 0.21533960103988647
random:8T:3000
sum 0 7 8 60 52 
sum 1 7 8 180 98 
sum 2 7 8 240 119 
sum 3 7 8 360 154 
sum 4 7 8 540 182 
sum 5 7 8 600 185 
sum 6 7 8 1200 231 
sum 7 7 8 1500 246 
sum 8 7 8 1800 250 
sum 9 7 8 2100 250 
sum 10 7 8 2400 252 
sum 11 7 8 2700 262 
sum 12 7 8 3000 277 
miss fire 7 8 2 2 1 1 1 1 1 1 1 1 1 1 0 1 1 1 1 1 2 0 0 0 0 0 0 0 0 0 0 0 0 0 0 0 0 0 0 0 1 1 0 2 2 2 2 2 2 2 2 2 2 
miss human 7 8 15 15 15 15 13 11 10 8 8 4 2 4 4 4 3 3 4 3 3 2 2 2 3 3 3 0 0 0 0 0 0 0 0 0 0 0 0 0 0 0 0 0 0 0 0 0 0 0 0 0 0 
miss window 7 8 9 9 7 7 7 6 6 2 2 1 0 0 1 1 2 2 0 0 0 0 0 0 1 1 1 1 1 1 2 0 0 0 0 0 0 0 0 0 0 0 0 0 0 0 0 0 0 1 1 1 2 
acm fire 7 8 2 4 5 6 7 8 9 10 11 12 13 14 14 15 16 17 18 19 21 21 21 21 21 21 21 21 21 21 21 21 21 21 21 21 21 21 21 21 22 23 23 25 27 29 31 33 35 37 39 41 43 
acm human 7 8 15 30 45 60 73 84 94 102 110 114 116 120 124 128 131 134 138 141 144 146 148 150 153 156 159 159 159 159 159 159 159 159 159 159 159 159 159 159 159 159 159 159 159 159 159 159 159 159 159 159 159 
acm window 7 8 9 18 25 32 39 45 51 53 55 56 56 56 57 58 60 62 62 62 62 62 62 62 63 64 65 66 67 68 70 70 70 70 70 70 70 70 70 70 70 70 70 70 70 70 70 70 70 71 72 73 75 
tsim fire 7 8 2 2 2 2 2 3 4 4 4 4 4 4 4 5 5 5 5 5 6 6 6 6 6 6 6 6 6 6 6 6 6 6 6 6 6 6 6 6 7 7 7 9 9 9 9 9 10 10 10 10 10 
tsim human 7 8 15 15 15 15 14 14 12 10 10 9 8 6 6 6 6 6 6 6 6 6 6 6 6 6 6 6 6 6 6 6 6 6 6 6 6 6 6 6 6 6 6 6 6 6 6 6 6 6 6 6 6 
tsim window 7 8 9 9 9 9 9 9 9 9 9 9 9 9 10 15 16 16 16 16 16 16 16 16 17 17 17 17 17 17 18 18 18 18 18 18 18 18 18 18 18 18 18 18 18 18 18 18 18 19 19 19 20 
runtime -1 7 8 4.555703401565552 3.7123351097106934 2.1640846729278564 2.3390347957611084 1.9558017253875732 2.140717029571533 1.9735932350158691 1.8582777976989746 1.794607400894165 0.5858469009399414 
avg_run -1 7 8 2.3080002069473267
al_time -1 7 8 0.014580726623535156 0.014783859252929688 0.014763832092285156 0.7788722515106201 0.017624616622924805 0.0158998966217041 0.018555164337158203 0.016942501068115234 0.018986940383911133 0.01423788070678711 
avg_all -1 7 8 0.09252476692199707
random:9T:3000
sum 0 7 9 60 74 
sum 1 7 9 180 125 
sum 2 7 9 240 148 
sum 3 7 9 360 175 
sum 4 7 9 540 196 
sum 5 7 9 600 202 
sum 6 7 9 1200 246 
sum 7 7 9 1500 259 
sum 8 7 9 1800 263 
sum 9 7 9 2100 276 
sum 10 7 9 2400 285 
sum 11 7 9 2700 297 
sum 12 7 9 3000 316 
miss fire 7 9 2 2 2 2 2 1 1 1 2 1 1 1 0 0 1 1 0 1 1 1 1 0 0 0 0 0 0 0 0 0 0 0 2 2 2 2 3 2 2 2 0 1 1 1 3 2 3 2 2 2 3 
miss human 7 9 25 25 18 16 15 14 8 7 5 4 5 4 3 3 3 3 2 2 2 3 3 0 0 0 0 0 0 0 0 0 0 0 0 0 0 0 0 0 0 0 0 0 0 0 0 0 0 0 0 0 0 
miss window 7 9 10 10 7 6 6 2 1 1 0 0 0 0 0 0 0 0 1 2 2 2 2 3 3 3 2 2 0 1 1 1 1 1 1 1 1 1 0 0 0 0 0 0 1 1 1 1 2 1 1 1 2 
acm fire 7 9 2 4 6 8 10 11 12 13 15 16 17 18 18 18 19 20 20 21 22 23 24 24 24 24 24 24 24 24 24 24 24 24 26 28 30 32 35 37 39 41 41 42 43 44 47 49 52 54 56 58 61 
acm human 7 9 25 50 68 84 99 113 121 128 133 137 142 146 149 152 155 158 160 162 164 167 170 170 170 170 170 170 170 170 170 170 170 170 170 170 170 170 170 170 170 170 170 170 170 170 170 170 170 170 170 170 170 
acm window 7 9 10 20 27 33 39 41 42 43 43 43 43 43 43 43 43 43 44 46 48 50 52 55 58 61 63 65 65 66 67 68 69 70 71 72 73 74 74 74 74 74 74 74 75 76 77 78 80 81 82 83 85 
tsim fire 7 9 2 2 2 2 2 2 3 3 4 4 4 4 4 4 5 5 5 6 6 6 6 6 6 6 6 6 6 6 6 6 6 6 8 8 8 8 9 9 9 9 9 10 10 10 12 12 13 13 13 13 14 
tsim human 7 9 25 25 25 25 25 24 21 21 20 19 16 15 14 14 14 14 14 14 14 14 14 14 14 14 14 14 14 14 14 14 14 14 14 14 14 14 14 14 14 14 14 14 14 14 14 14 14 14 14 14 14 
tsim window 7 9 10 10 10 10 10 10 10 10 10 10 10 10 10 10 13 13 14 15 15 15 15 16 16 16 16 16 16 17 17 17 17 17 17 17 17 17 17 17 17 17 17 17 18 18 18 18 19 19 19 19 20 
runtime -1 7 9 2.671640396118164 1.8119444847106934 1.199880838394165 1.624194860458374 1.6528100967407227 1.6228299140930176 1.5298714637756348 1.3795750141143799 1.359189510345459 0.8351857662200928 0.40651869773864746 
avg_run -1 7 9 1.463058276609941
al_time -1 7 9 0.013324260711669922 0.011852025985717773 0.5004873275756836 0.015270233154296875 0.014681816101074219 0.01638627052307129 0.014925241470336914 0.015670299530029297 0.03890681266784668 0.015484809875488281 0.011398553848266602 
avg_all -1 7 9 0.060762513767589225
