random:0T:3000
sum 0 7 0 60 58 
sum 1 7 0 180 104 
sum 2 7 0 240 120 
sum 3 7 0 360 151 
sum 4 7 0 540 179 
sum 5 7 0 600 185 
sum 6 7 0 1200 249 
sum 7 7 0 1500 266 
sum 8 7 0 1800 277 
sum 9 7 0 2100 289 
sum 10 7 0 2400 305 
sum 11 7 0 2700 318 
sum 12 7 0 3000 331 
miss fire 7 0 3 3 3 2 2 2 3 2 2 2 1 1 0 0 0 1 1 1 1 1 1 1 1 1 1 1 1 1 1 1 1 1 2 2 2 3 4 3 3 3 1 1 1 1 1 1 0 1 0 0 0 
miss human 7 0 18 18 14 14 9 9 8 7 6 6 5 7 6 6 5 4 4 4 4 4 2 2 0 0 0 0 0 0 0 0 0 0 0 0 0 0 0 0 0 0 0 0 0 0 0 0 0 0 0 0 0 
miss window 7 0 8 8 7 6 5 5 4 2 1 0 0 0 0 0 1 1 1 2 2 2 2 2 2 2 2 2 2 1 1 1 1 1 1 0 0 0 0 0 0 1 1 1 2 1 1 3 3 3 2 2 2 
acm fire 7 0 3 6 9 11 13 15 18 20 22 24 25 26 26 26 26 27 28 29 30 31 32 33 34 35 36 37 38 39 40 41 42 43 45 47 49 52 56 59 62 65 66 67 68 69 70 71 71 72 72 72 72 
acm human 7 0 18 36 50 64 73 82 90 97 103 109 114 121 127 133 138 142 146 150 154 158 160 162 162 162 162 162 162 162 162 162 162 162 162 162 162 162 162 162 162 162 162 162 162 162 162 162 162 162 162 162 162 
acm window 7 0 8 16 23 29 34 39 43 45 46 46 46 46 46 46 47 48 49 51 53 55 57 59 61 63 65 67 69 70 71 72 73 74 75 75 75 75 75 75 75 76 77 78 80 81 82 85 88 91 93 95 97 
tsim fire 7 0 3 3 3 3 3 3 4 5 5 5 5 5 5 5 5 6 6 6 6 6 6 6 6 6 6 6 6 6 6 6 6 7 8 8 8 9 10 10 10 10 10 10 10 10 10 10 10 11 11 11 11 
tsim human 7 0 18 18 18 17 16 15 15 15 14 14 13 11 10 10 9 8 8 8 8 8 8 8 8 8 8 8 8 8 8 8 8 8 8 8 8 8 8 8 8 8 8 8 8 8 8 8 8 8 8 8 8 
tsim window 7 0 8 8 8 8 8 8 8 8 8 8 8 8 8 8 9 9 9 10 10 10 10 10 10 10 10 10 11 11 11 11 11 13 13 13 13 13 13 13 13 14 14 14 15 15 15 17 17 17 17 17 17 
runtime -1 7 0 8.112563133239746 3.1229162216186523 2.6007018089294434 4.302462577819824 4.133715629577637 3.088240623474121 3.0029337406158447 3.693643093109131 0.7167704105377197 0.29491305351257324 
avg_run -1 7 0 3.3068860292434694
al_time -1 7 0 0.029572725296020508 0.03262948989868164 0.026994705200195312 0.02939605712890625 0.03518986701965332 0.017833948135375977 1.1836152076721191 0.04182863235473633 0.018305540084838867 0.01305532455444336 
avg_all -1 7 0 0.14284214973449708
random:1T:3000
sum 0 7 1 60 61 
sum 1 7 1 180 106 
sum 2 7 1 240 123 
sum 3 7 1 360 154 
sum 4 7 1 540 186 
sum 5 7 1 600 195 
sum 6 7 1 1200 283 
sum 7 7 1 1500 330 
sum 8 7 1 1800 379 
sum 9 7 1 2100 420 
sum 10 7 1 2400 455 
sum 11 7 1 2700 478 
sum 12 7 1 3000 498 
miss fire 7 1 2 2 1 1 1 2 2 0 0 2 2 2 3 1 2 2 3 3 3 3 3 3 2 2 2 2 2 1 1 1 1 1 0 1 1 2 2 2 2 3 3 4 4 4 4 4 4 4 4 1 1 
miss human 7 1 23 22 18 13 10 9 7 7 8 7 5 5 6 6 8 5 4 4 4 4 4 4 4 4 4 4 4 4 4 4 3 3 4 2 2 0 0 0 0 0 0 0 0 0 0 0 0 0 0 0 0 
miss window 7 1 6 6 6 6 6 6 5 3 3 2 2 2 2 1 1 1 0 0 2 2 2 2 3 3 4 4 4 5 5 5 5 5 5 5 5 5 5 5 5 5 3 1 1 1 0 0 0 0 2 2 2 
acm fire 7 1 2 4 5 6 7 9 11 11 11 13 15 17 20 21 23 25 28 31 34 37 40 43 45 47 49 51 53 54 55 56 57 58 58 59 60 62 64 66 68 71 74 78 82 86 90 94 98 102 106 107 108 
acm human 7 1 23 45 63 76 86 95 102 109 117 124 129 134 140 146 154 159 163 167 171 175 179 183 187 191 195 199 203 207 211 215 218 221 225 227 229 229 229 229 229 229 229 229 229 229 229 229 229 229 229 229 229 
acm window 7 1 6 12 18 24 30 36 41 44 47 49 51 53 55 56 57 58 58 58 60 62 64 66 69 72 76 80 84 89 94 99 104 109 114 119 124 129 134 139 144 149 152 153 154 155 155 155 155 155 157 159 161 
tsim fire 7 1 2 2 2 2 2 3 3 3 3 5 5 5 6 6 7 7 8 8 8 8 8 8 8 8 8 8 8 8 8 8 8 8 8 7 7 8 8 8 8 9 9 10 11 11 11 11 11 13 13 13 13 
tsim human 7 1 23 22 22 21 21 18 18 17 15 15 14 14 14 14 16 14 13 13 13 13 13 13 13 13 13 13 13 13 13 13 13 13 13 13 13 13 13 13 13 13 13 13 13 13 13 13 13 13 13 13 13 
tsim window 7 1 6 6 6 6 6 6 6 6 6 6 6 6 6 6 9 9 12 12 14 14 14 14 15 15 16 16 16 17 17 17 17 17 17 17 17 17 17 17 17 17 17 17 18 18 18 18 18 18 20 20 20 
runtime -1 7 1 10.462263822555542 6.995044469833374 6.02112340927124 3.4714853763580322 10.980220794677734 13.187126636505127 10.832950592041016 7.420993089675903 2.6999170780181885 1.2057533264160156 
avg_run -1 7 1 7.327687859535217
al_time -1 7 1 0.022686004638671875 0.024825572967529297 0.024460554122924805 2.6329872608184814 0.054038047790527344 0.05346393585205078 0.03075242042541504 0.0293428897857666 0.0525362491607666 0.05338263511657715 
avg_all -1 7 1 0.2978475570678711
random:2T:3000
sum 0 7 2 60 42 
sum 1 7 2 180 71 
sum 2 7 2 240 79 
sum 3 7 2 360 95 
sum 4 7 2 540 119 
sum 5 7 2 600 127 
sum 6 7 2 1200 149 
sum 7 7 2 1500 149 
sum 8 7 2 1800 150 
sum 9 7 2 2100 153 
sum 10 7 2 2400 167 
sum 11 7 2 2700 181 
sum 12 7 2 3000 200 
miss fire 7 2 3 3 1 2 1 1 1 2 2 3 3 3 0 0 0 0 0 0 0 0 0 0 0 0 0 0 0 0 0 0 1 0 0 1 1 1 1 1 2 3 4 2 3 1 2 2 2 2 2 2 2 
miss human 7 2 13 11 9 8 4 5 5 4 4 6 4 3 2 2 1 1 0 0 0 0 0 0 0 0 0 0 0 0 0 0 0 0 0 0 0 0 0 0 0 0 0 0 0 0 0 0 0 0 0 0 0 
miss window 7 2 6 6 6 3 3 3 1 1 1 1 1 1 0 0 0 0 1 2 2 2 2 0 0 0 0 0 0 0 0 0 0 0 0 0 0 0 0 0 1 1 1 1 1 1 1 0 1 2 2 2 2 
acm fire 7 2 3 6 7 9 10 11 12 14 16 19 22 25 25 25 25 25 25 25 25 25 25 25 25 25 25 25 25 25 25 25 26 26 26 27 28 29 30 31 33 36 40 42 45 46 48 50 52 54 56 58 60 
acm human 7 2 13 24 33 41 45 50 55 59 63 69 73 76 78 80 81 82 82 82 82 82 82 82 82 82 82 82 82 82 82 82 82 82 82 82 82 82 82 82 82 82 82 82 82 82 82 82 82 82 82 82 82 
acm window 7 2 6 12 18 21 24 27 28 29 30 31 32 33 33 33 33 33 34 36 38 40 42 42 42 42 42 42 42 42 42 42 42 42 42 42 42 42 42 42 43 44 45 46 47 48 49 49 50 52 54 56 58 
tsim fire 7 2 3 3 3 4 4 4 4 5 5 6 6 6 6 6 6 6 6 6 6 6 6 6 6 6 6 6 6 6 6 6 7 7 7 6 6 6 6 6 7 8 9 9 10 10 11 12 12 12 12 12 12 
tsim human 7 2 13 11 11 10 10 9 9 9 9 11 9 8 7 7 6 6 6 6 6 6 6 6 6 6 6 6 6 6 6 6 6 6 6 6 6 6 6 6 6 6 6 6 6 6 6 6 6 6 6 6 6 
tsim window 7 2 6 6 6 6 6 6 6 6 7 9 9 9 9 9 9 9 10 11 11 11 11 11 11 11 11 11 11 11 11 11 11 11 11 11 11 11 11 11 12 12 12 12 12 12 12 19 20 21 21 21 21 
runtime -1 7 2 4.671268939971924 4.111919641494751 4.419249534606934 4.073559761047363 4.912362575531006 4.1911680698394775 3.6703922748565674 2.6007087230682373 2.1193251609802246 1.231954574584961 1.3801801204681396 
avg_run -1 7 2 3.398371761495417
al_time -1 7 2 0.03184914588928223 0.9407241344451904 0.03160214424133301 0.030441999435424805 0.031923770904541016 0.04114532470703125 0.034745216369628906 0.021240234375 0.01822829246520996 0.0336759090423584 0.02819371223449707 
avg_all -1 7 2 0.11306998946449974
random:3T:3000
sum 0 7 3 60 102 
sum 1 7 3 180 194 
sum 2 7 3 240 229 
sum 3 7 3 360 282 
sum 4 7 3 540 334 
sum 5 7 3 600 347 
sum 6 7 3 1200 437 
sum 7 7 3 1500 472 
sum 8 7 3 1800 508 
sum 9 7 3 2100 544 
sum 10 7 3 2400 581 
sum 11 7 3 2700 613 
sum 12 7 3 3000 632 
miss fire 7 3 3 4 4 2 2 0 0 0 0 0 2 2 2 2 2 2 2 2 2 2 2 2 2 3 2 2 2 3 3 3 3 3 3 4 4 5 5 4 4 1 3 1 1 1 1 1 1 1 1 1 1 
miss human 7 3 25 31 27 23 19 19 13 12 11 7 5 6 5 5 5 5 5 4 4 4 1 1 1 1 3 3 3 2 1 1 0 0 0 0 0 0 0 0 0 0 0 0 0 0 0 0 0 0 0 0 0 
miss window 7 3 17 22 19 17 14 11 10 8 7 7 6 7 5 4 1 1 1 1 1 2 3 3 3 3 3 3 3 3 3 3 3 3 3 3 4 4 4 4 4 4 4 4 5 6 6 6 5 3 2 2 2 
acm fire 7 3 3 7 11 13 15 15 15 15 15 15 17 19 21 23 25 27 29 31 33 35 37 39 41 44 46 48 50 53 56 59 62 65 68 72 76 81 86 90 94 95 98 99 100 101 102 103 104 105 106 107 108 
acm human 7 3 25 56 83 106 125 144 157 169 180 187 192 198 203 208 213 218 223 227 231 235 236 237 238 239 242 245 248 250 251 252 252 252 252 252 252 252 252 252 252 252 252 252 252 252 252 252 252 252 252 252 252 
acm window 7 3 17 39 58 75 89 100 110 118 125 132 138 145 150 154 155 156 157 158 159 161 164 167 170 173 176 179 182 185 188 191 194 197 200 203 207 211 215 219 223 227 231 235 240 246 252 258 263 266 268 270 272 
tsim fire 7 3 3 4 4 4 4 4 4 4 4 4 6 6 6 6 6 6 6 6 6 6 6 6 6 7 7 7 7 8 8 8 8 8 8 9 9 10 10 10 10 10 12 12 12 12 12 12 12 12 12 12 12 
tsim human 7 3 25 31 30 30 28 25 23 23 22 20 18 17 17 17 17 17 17 17 17 17 17 17 17 17 17 17 17 17 17 17 17 17 17 17 17 17 17 17 17 17 17 17 17 17 17 17 17 17 17 17 17 
tsim window 7 3 17 22 22 22 22 22 22 22 22 22 22 23 23 23 23 23 23 23 23 24 25 25 25 27 27 27 27 27 27 27 27 27 27 27 28 28 28 28 28 28 29 29 30 31 31 31 31 32 32 32 32 
runtime -1 7 3 15.515182733535767 18.051741123199463 5.9910993576049805 9.801172494888306 15.490101099014282 14.195965051651001 9.374139308929443 
avg_run -1 7 3 12.631343024117607
al_time -1 7 3 0.04720020294189453 0.027446508407592773 0.054795265197753906 3.0664806365966797 0.05706906318664551 0.059444427490234375 0.03126883506774902 
avg_all -1 7 3 0.4776721341269357
random:4T:3000
sum 0 7 4 60 59 
sum 1 7 4 180 104 
sum 2 7 4 240 123 
sum 3 7 4 360 151 
sum 4 7 4 540 168 
sum 5 7 4 600 177 
sum 6 7 4 1200 228 
sum 7 7 4 1500 233 
sum 8 7 4 1800 238 
sum 9 7 4 2100 242 
sum 10 7 4 2400 250 
sum 11 7 4 2700 259 
sum 12 7 4 3000 275 
miss fire 7 4 2 2 1 1 1 1 1 1 1 1 4 4 3 3 3 3 3 4 2 2 0 0 0 0 0 0 0 0 0 0 0 0 0 1 1 1 1 1 2 3 1 1 1 1 3 3 3 3 4 2 2 
miss human 7 4 16 15 13 12 10 8 6 3 4 4 5 5 3 1 1 1 1 1 1 1 0 0 1 0 0 0 0 0 0 0 0 0 0 0 0 0 0 0 0 0 0 0 0 0 0 0 0 0 0 0 0 
miss window 7 4 12 12 9 9 8 7 5 2 1 0 0 0 0 0 0 0 1 1 2 2 3 3 0 0 0 1 1 1 1 1 1 1 0 0 0 0 0 0 0 0 0 0 0 0 0 0 0 0 0 1 1 
acm fire 7 4 2 4 5 6 7 8 9 10 11 12 16 20 23 26 29 32 35 39 41 43 43 43 43 43 43 43 43 43 43 43 43 43 43 44 45 46 47 48 50 53 54 55 56 57 60 63 66 69 73 75 77 
acm human 7 4 16 31 44 56 66 74 80 83 87 91 96 101 104 105 106 107 108 109 110 111 111 111 112 112 112 112 112 112 112 112 112 112 112 112 112 112 112 112 112 112 112 112 112 112 112 112 112 112 112 112 112 
acm window 7 4 12 24 33 42 50 57 62 64 65 65 65 65 65 65 65 65 66 67 69 71 74 77 77 77 77 78 79 80 81 82 83 84 84 84 84 84 84 84 84 84 84 84 84 84 84 84 84 84 84 85 86 
tsim fire 7 4 2 2 2 2 2 2 3 3 3 3 6 6 6 6 6 6 6 7 7 7 7 7 7 7 7 7 7 7 7 7 7 7 7 6 6 6 6 6 7 8 8 8 8 8 10 10 10 10 11 12 12 
tsim human 7 4 16 15 15 15 15 14 14 14 13 13 15 15 13 11 11 11 11 11 11 11 11 11 11 11 11 11 11 11 11 11 11 11 11 11 11 11 11 11 11 11 11 11 11 11 11 11 11 11 11 11 11 
tsim window 7 4 12 12 12 12 12 12 12 12 12 12 15 15 15 15 15 15 16 16 18 18 19 19 19 19 19 20 20 20 20 20 20 20 20 20 20 20 20 20 20 20 20 20 20 20 25 25 25 25 25 26 26 
runtime -1 7 4 4.425854921340942 1.8077235221862793 2.0128707885742188 2.8165664672851562 3.0871922969818115 2.4363009929656982 1.94581937789917 1.5606365203857422 
avg_run -1 7 4 2.5116206109523773
al_time -1 7 4 0.016794443130493164 0.016038179397583008 0.6238954067230225 0.01910710334777832 0.019300460815429688 0.021124839782714844 0.021246910095214844 0.787900447845459 
avg_all -1 7 4 0.19067597389221191
random:5T:3000
sum 0 7 5 60 92 
sum 1 7 5 180 171 
sum 2 7 5 240 202 
sum 3 7 5 360 248 
sum 4 7 5 540 301 
sum 5 7 5 600 316 
sum 6 7 5 1200 404 
sum 7 7 5 1500 428 
sum 8 7 5 1800 452 
sum 9 7 5 2100 475 
sum 10 7 5 2400 485 
sum 11 7 5 2700 506 
sum 12 7 5 3000 521 
miss fire 7 5 2 2 3 2 1 1 2 2 2 2 2 4 3 3 4 3 3 3 3 2 2 2 0 0 0 0 0 0 0 0 1 1 1 0 1 2 1 1 1 1 2 3 4 4 3 4 3 3 1 1 2 
miss human 7 5 33 31 29 26 22 15 15 13 13 10 11 8 6 6 6 5 3 3 3 3 0 0 1 1 1 1 1 1 1 0 0 0 0 0 0 0 0 0 0 0 0 0 0 0 0 0 0 0 0 0 0 
miss window 7 5 12 12 10 9 8 7 6 4 4 3 2 3 1 1 1 1 1 1 1 2 3 3 3 4 4 4 4 4 4 4 4 4 4 4 4 2 2 2 0 0 0 0 0 1 1 1 1 1 1 1 1 
acm fire 7 5 2 4 7 9 10 11 13 15 17 19 21 25 28 31 35 38 41 44 47 49 51 53 53 53 53 53 53 53 53 53 54 55 56 56 57 59 60 61 62 63 65 68 72 76 79 83 86 89 90 91 93 
acm human 7 5 33 64 93 119 141 156 171 184 197 207 218 226 232 238 244 249 252 255 258 261 261 261 262 263 264 265 266 267 268 268 268 268 268 268 268 268 268 268 268 268 268 268 268 268 268 268 268 268 268 268 268 
acm window 7 5 12 24 34 43 51 58 64 68 72 75 77 80 81 82 83 84 85 86 87 89 92 95 98 102 106 110 114 118 122 126 130 134 138 142 146 148 150 152 152 152 152 152 152 153 154 155 156 157 158 159 160 
tsim fire 7 5 2 2 3 3 3 3 4 4 4 4 4 6 6 6 7 7 7 7 7 7 7 7 7 7 7 7 7 7 7 7 7 7 7 6 7 7 7 7 7 7 8 9 10 10 10 11 11 11 12 12 13 
tsim human 7 5 33 31 31 30 30 29 31 30 28 28 27 24 23 23 23 22 21 21 21 21 21 21 21 21 21 21 21 21 21 21 21 21 21 21 21 21 21 21 21 21 21 21 21 21 21 21 21 21 21 21 21 
tsim window 7 5 12 12 12 12 12 12 15 15 15 15 15 16 16 16 20 20 20 20 20 21 22 22 22 23 23 23 23 23 23 23 23 23 23 23 23 23 23 23 23 23 23 23 24 25 25 25 25 25 26 27 27 
runtime -1 7 5 9.55631971359253 7.7106451988220215 4.348559856414795 6.924886226654053 5.760443687438965 3.4462122917175293 2.042863607406616 1.8214874267578125 
avg_run -1 7 5 5.20142725110054
al_time -1 7 5 0.047098636627197266 0.024769067764282227 1.27565598487854 0.03166031837463379 0.03001260757446289 0.02687215805053711 1.5007538795471191 0.024427413940429688 
avg_all -1 7 5 0.37015625834465027
random:6T:3000
sum 0 7 6 60 79 
sum 1 7 6 180 152 
sum 2 7 6 240 186 
sum 3 7 6 360 253 
sum 4 7 6 540 330 
sum 5 7 6 600 345 
sum 6 7 6 1200 473 
sum 7 7 6 1500 533 
sum 8 7 6 1800 568 
sum 9 7 6 2100 586 
sum 10 7 6 2400 609 
sum 11 7 6 2700 635 
sum 12 7 6 3000 663 
miss fire 7 6 2 2 2 3 3 5 5 7 7 2 2 2 1 1 1 1 1 1 1 1 1 1 0 0 0 0 0 0 0 0 0 0 0 2 2 2 2 2 4 6 6 5 6 5 6 4 4 4 4 4 4 
miss human 7 6 28 27 21 25 22 19 18 18 12 12 10 11 9 7 7 7 7 7 7 7 7 7 7 7 4 4 2 2 4 1 1 0 0 1 1 1 1 1 1 0 0 0 0 0 0 0 0 0 0 0 0 
miss window 7 6 10 10 10 12 9 11 9 8 7 4 3 3 3 1 3 3 5 5 6 6 6 6 6 6 6 6 6 6 5 4 4 3 3 3 0 0 0 0 0 0 0 0 0 0 0 0 0 0 2 2 4 
acm fire 7 6 2 4 6 9 12 17 22 29 36 38 40 42 43 44 45 46 47 48 49 50 51 52 52 52 52 52 52 52 52 52 52 52 52 54 56 58 60 62 66 72 78 83 89 94 100 104 108 112 116 120 124 
acm human 7 6 28 55 76 101 123 142 160 178 190 202 212 223 232 239 246 253 260 267 274 281 288 295 302 309 313 317 319 321 325 326 327 327 327 328 329 330 331 332 333 333 333 333 333 333 333 333 333 333 333 333 333 
acm window 7 6 10 20 30 42 51 62 71 79 86 90 93 96 99 100 103 106 111 116 122 128 134 140 146 152 158 164 170 176 181 185 189 192 195 198 198 198 198 198 198 198 198 198 198 198 198 198 198 198 200 202 206 
tsim fire 7 6 2 2 2 3 3 5 5 7 7 8 8 8 8 8 8 8 8 8 8 8 8 8 8 8 8 8 8 8 8 8 8 8 8 6 6 6 6 6 8 10 10 11 12 13 14 14 14 14 14 14 14 
tsim human 7 6 28 27 25 30 26 26 23 23 22 21 21 20 20 18 18 18 18 18 18 18 18 18 18 18 18 18 18 18 18 18 18 18 18 18 18 18 18 18 18 18 18 18 18 18 18 18 18 18 18 18 18 
tsim window 7 6 10 10 10 13 13 17 17 17 17 17 17 17 18 18 20 20 22 22 23 23 23 23 23 23 23 23 23 23 23 23 23 23 23 23 23 23 23 23 23 23 23 24 27 27 27 27 27 27 29 29 31 
runtime -1 7 6 8.293331384658813 6.591300010681152 3.0422720909118652 6.5620386600494385 6.633737802505493 5.384346961975098 5.31706428527832 3.9733285903930664 3.714081287384033 3.5087432861328125 4.401174783706665 
avg_run -1 7 6 5.220129013061523
al_time -1 7 6 0.020597219467163086 0.020648717880249023 2.2063519954681396 0.027058124542236328 0.028940916061401367 0.026499032974243164 0.028908967971801758 0.02682781219482422 0.027168989181518555 1.4850058555603027 0.025455474853515625 
avg_all -1 7 6 0.35667846419594507
random:7T:3000
sum 0 7 7 60 70 
sum 1 7 7 180 118 
sum 2 7 7 240 138 
sum 3 7 7 360 169 
sum 4 7 7 540 187 
sum 5 7 7 600 191 
sum 6 7 7 1200 237 
sum 7 7 7 1500 255 
sum 8 7 7 1800 265 
sum 9 7 7 2100 277 
sum 10 7 7 2400 280 
sum 11 7 7 2700 295 
sum 12 7 7 3000 325 
miss fire 7 7 3 3 2 0 0 0 1 1 1 1 1 2 2 2 1 1 1 2 2 2 2 2 0 0 0 0 0 0 0 0 0 1 2 2 3 3 1 1 1 0 0 0 0 0 1 2 3 3 3 3 3 
miss human 7 7 23 23 18 16 16 14 11 6 6 2 2 2 3 2 1 1 1 1 1 1 1 1 1 1 1 1 1 1 1 1 1 1 0 0 0 0 0 0 0 0 0 0 0 0 0 0 0 0 0 0 0 
miss window 7 7 9 9 7 5 4 3 2 1 0 0 1 2 1 1 1 1 1 2 2 2 2 2 2 2 2 3 3 2 0 0 0 0 0 0 0 0 0 0 0 0 0 1 2 3 3 3 3 3 3 3 3 
acm fire 7 7 3 6 8 8 8 8 9 10 11 12 13 15 17 19 20 21 22 24 26 28 30 32 32 32 32 32 32 32 32 32 32 33 35 37 40 43 44 45 46 46 46 46 46 46 47 49 52 55 58 61 64 
acm human 7 7 23 46 64 80 96 110 121 127 133 135 137 139 142 144 145 146 147 148 149 150 151 152 153 154 155 156 157 158 159 160 161 162 162 162 162 162 162 162 162 162 162 162 162 162 162 162 162 162 162 162 162 
acm window 7 7 9 18 25 30 34 37 39 40 40 40 41 43 44 45 46 47 48 50 52 54 56 58 60 62 64 67 70 72 72 72 72 72 72 72 72 72 72 72 72 72 72 73 75 78 81 84 87 90 93 96 99 
tsim fire 7 7 3 3 3 3 3 3 4 4 4 4 4 5 5 5 5 5 5 6 6 6 6 6 6 6 6 6 6 6 6 6 6 7 8 8 9 9 9 9 9 9 9 9 9 9 10 11 12 12 12 12 12 
tsim human 7 7 23 23 20 19 19 18 18 17 17 13 12 12 12 12 12 12 12 12 12 12 12 12 12 12 12 12 12 12 12 12 12 12 12 12 12 12 12 12 12 12 12 12 12 12 12 12 12 12 12 12 12 
tsim window 7 7 9 9 9 9 9 9 9 9 9 9 10 14 14 14 14 14 14 21 21 21 21 21 21 21 21 22 22 22 22 22 22 22 22 22 22 22 22 22 22 22 22 23 24 25 25 25 27 27 27 27 27 
runtime -1 7 7 6.391791105270386 2.97265625 1.6208999156951904 4.148171663284302 3.647852659225464 2.603177547454834 2.522970199584961 2.250877618789673 
avg_run -1 7 7 3.269799619913101
al_time -1 7 7 0.0196530818939209 0.019935131072998047 0.7816598415374756 0.024650096893310547 0.020438194274902344 0.021286964416503906 0.021348953247070312 0.021659374237060547 
avg_all -1 7 7 0.11632895469665527
random:8T:3000
sum 0 7 8 60 52 
sum 1 7 8 180 93 
sum 2 7 8 240 109 
sum 3 7 8 360 139 
sum 4 7 8 540 157 
sum 5 7 8 600 160 
sum 6 7 8 1200 227 
sum 7 7 8 1500 257 
sum 8 7 8 1800 269 
sum 9 7 8 2100 273 
sum 10 7 8 2400 276 
sum 11 7 8 2700 282 
sum 12 7 8 3000 292 
miss fire 7 8 2 2 2 2 2 2 3 3 2 1 1 1 1 1 1 1 1 1 2 2 2 2 2 2 2 2 0 0 0 0 0 0 0 0 0 0 0 0 1 1 1 2 2 1 1 0 1 1 1 1 1 
miss human 7 8 15 15 15 10 8 8 8 3 3 1 2 4 4 4 4 4 4 4 4 4 2 2 2 2 0 0 0 0 0 0 0 0 0 0 0 0 0 0 0 0 0 0 0 0 0 0 0 0 0 0 0 
miss window 7 8 9 9 6 6 6 5 4 3 2 0 0 0 1 1 2 2 2 2 2 2 2 2 3 3 3 3 3 3 4 1 1 1 1 1 1 0 0 0 0 0 0 0 0 0 0 0 0 1 1 1 2 
acm fire 7 8 2 4 6 8 10 12 15 18 20 21 22 23 24 25 26 27 28 29 31 33 35 37 39 41 43 45 45 45 45 45 45 45 45 45 45 45 45 45 46 47 48 50 52 53 54 54 55 56 57 58 59 
acm human 7 8 15 30 45 55 63 71 79 82 85 86 88 92 96 100 104 108 112 116 120 124 126 128 130 132 132 132 132 132 132 132 132 132 132 132 132 132 132 132 132 132 132 132 132 132 132 132 132 132 132 132 132 
acm window 7 8 9 18 24 30 36 41 45 48 50 50 50 50 51 52 54 56 58 60 62 64 66 68 71 74 77 80 83 86 90 91 92 93 94 95 96 96 96 96 96 96 96 96 96 96 96 96 96 97 98 99 101 
tsim fire 7 8 2 2 2 2 2 3 4 4 4 4 4 4 4 5 5 5 5 5 6 6 6 6 6 6 6 6 6 6 6 6 6 6 6 6 6 6 6 6 7 7 7 9 9 9 9 9 10 10 10 10 10 
tsim human 7 8 15 15 15 15 14 14 12 10 10 9 8 6 6 6 6 6 6 6 6 6 6 6 6 6 6 6 6 6 6 6 6 6 6 6 6 6 6 6 6 6 6 6 6 6 6 6 6 6 6 6 6 
tsim window 7 8 9 9 9 9 9 9 9 9 9 9 9 9 10 15 16 16 16 16 16 16 16 16 17 17 17 17 17 17 18 18 18 18 18 18 18 18 18 18 18 18 18 18 18 18 18 18 18 19 19 19 20 
runtime -1 7 8 6.925073623657227 3.160672426223755 2.3699791431427 3.1807780265808105 3.3354828357696533 2.6139965057373047 2.305485486984253 2.267868757247925 1.2392370700836182 
avg_run -1 7 8 3.0442859861585827
al_time -1 7 8 0.019885540008544922 0.019087553024291992 0.018744468688964844 0.8099496364593506 0.0234220027923584 0.02218341827392578 0.04872322082519531 0.021591901779174805 0.01833486557006836 
avg_all -1 7 8 0.1113247341579861
random:9T:3000
sum 0 7 9 60 74 
sum 1 7 9 180 128 
sum 2 7 9 240 152 
sum 3 7 9 360 193 
sum 4 7 9 540 218 
sum 5 7 9 600 224 
sum 6 7 9 1200 285 
sum 7 7 9 1500 306 
sum 8 7 9 1800 314 
sum 9 7 9 2100 323 
sum 10 7 9 2400 329 
sum 11 7 9 2700 345 
sum 12 7 9 3000 369 
miss fire 7 9 2 2 1 1 1 1 2 0 1 1 1 1 1 1 2 2 2 3 3 3 3 3 0 0 0 0 0 0 0 0 0 0 2 1 1 0 1 1 1 1 1 2 2 2 3 3 4 4 2 2 3 
miss human 7 9 25 25 19 17 16 15 12 9 6 4 5 4 3 3 3 3 3 3 3 3 3 3 1 1 0 0 0 0 0 0 0 0 0 0 0 0 0 0 0 0 0 0 0 0 0 0 0 0 0 0 0 
miss window 7 9 10 10 8 8 7 6 5 3 1 0 0 0 0 0 0 0 1 2 2 2 2 3 3 3 2 2 2 3 1 1 1 1 1 1 1 1 1 0 0 0 0 0 1 1 1 1 2 2 2 1 2 
acm fire 7 9 2 4 5 6 7 8 10 10 11 12 13 14 15 16 18 20 22 25 28 31 34 37 37 37 37 37 37 37 37 37 37 37 39 40 41 41 42 43 44 45 46 48 50 52 55 58 62 66 68 70 73 
acm human 7 9 25 50 69 86 102 117 129 138 144 148 153 157 160 163 166 169 172 175 178 181 184 187 188 189 189 189 189 189 189 189 189 189 189 189 189 189 189 189 189 189 189 189 189 189 189 189 189 189 189 189 189 
acm window 7 9 10 20 28 36 43 49 54 57 58 58 58 58 58 58 58 58 59 61 63 65 67 70 73 76 78 80 82 85 86 87 88 89 90 91 92 93 94 94 94 94 94 94 95 96 97 98 100 102 104 105 107 
tsim fire 7 9 2 2 2 2 2 2 3 3 4 4 4 4 4 4 5 5 5 6 6 6 6 6 6 6 6 6 6 6 6 6 6 6 8 8 8 8 9 9 9 9 9 10 10 10 12 12 13 13 13 13 14 
tsim human 7 9 25 25 25 25 25 24 21 21 20 19 16 15 14 14 14 14 14 14 14 14 14 14 14 14 14 14 14 14 14 14 14 14 14 14 14 14 14 14 14 14 14 14 14 14 14 14 14 14 14 14 14 
tsim window 7 9 10 10 10 10 10 10 10 10 10 10 10 10 10 10 13 13 14 15 15 15 15 16 16 16 16 16 16 17 17 17 17 17 17 17 17 17 17 17 17 17 17 17 18 18 18 18 19 19 19 19 20 
runtime -1 7 9 4.336982011795044 1.6110193729400635 1.4040005207061768 2.4840586185455322 2.276573896408081 1.9349803924560547 1.6935303211212158 1.7443406581878662 1.1952941417694092 0.3711237907409668 
avg_run -1 7 9 1.905190372467041
al_time -1 7 9 0.01579570770263672 0.015848875045776367 0.6159594058990479 0.01808476448059082 0.018100261688232422 0.019258975982666016 0.0167849063873291 0.02151775360107422 0.019069194793701172 0.014104127883911133 
avg_all -1 7 9 0.07745239734649659
