random:0T:3000
sum 0 7 0 60 81 
sum 1 7 0 180 141 
sum 2 7 0 240 164 
sum 3 7 0 360 193 
sum 4 7 0 540 220 
sum 5 7 0 600 226 
sum 6 7 0 1200 287 
sum 7 7 0 1500 291 
sum 8 7 0 1800 297 
sum 9 7 0 2100 312 
sum 10 7 0 2400 334 
sum 11 7 0 2700 362 
sum 12 7 0 3000 377 
miss fire 7 0 6 6 5 4 4 2 2 2 3 2 0 0 2 2 2 2 2 2 0 0 0 0 0 0 0 0 1 1 1 1 2 2 2 2 5 4 4 3 3 2 4 3 3 3 3 2 2 2 2 0 0 
miss human 7 0 25 24 19 16 12 8 6 6 5 6 5 4 4 4 5 5 2 2 1 1 2 0 0 0 0 0 0 0 0 0 0 0 0 0 0 0 0 0 0 0 0 0 0 0 0 0 0 0 0 0 0 
miss window 7 0 10 10 9 7 7 6 5 2 1 0 1 1 1 1 1 2 3 3 2 2 3 2 2 0 0 0 0 0 0 0 0 0 0 0 0 0 0 0 2 2 2 3 3 3 2 3 3 3 1 1 1 
acm fire 7 0 6 12 17 21 25 27 29 31 34 36 36 36 38 40 42 44 46 48 48 48 48 48 48 48 48 48 49 50 51 52 54 56 58 60 65 69 73 76 79 81 85 88 91 94 97 99 101 103 105 105 105 
acm human 7 0 25 49 68 84 96 104 110 116 121 127 132 136 140 144 149 154 156 158 159 160 162 162 162 162 162 162 162 162 162 162 162 162 162 162 162 162 162 162 162 162 162 162 162 162 162 162 162 162 162 162 162 
acm window 7 0 10 20 29 36 43 49 54 56 57 57 58 59 60 61 62 64 67 70 72 74 77 79 81 81 81 81 81 81 81 81 81 81 81 81 81 81 81 81 83 85 87 90 93 96 98 101 104 107 108 109 110 
tsim fire 7 0 6 6 6 6 6 6 6 8 9 9 9 9 11 11 11 11 11 11 11 11 11 11 11 11 11 11 12 12 12 12 13 13 13 13 16 16 16 16 16 16 18 19 19 19 19 19 19 19 19 19 19 
tsim human 7 0 25 24 23 23 22 21 21 19 19 18 16 15 14 14 13 13 13 13 13 13 13 13 13 13 13 13 13 13 13 13 13 13 13 13 13 13 13 13 13 13 13 13 13 13 13 13 13 13 13 13 13 
tsim window 7 0 10 10 10 10 10 10 10 10 10 10 11 11 14 14 14 15 16 16 17 17 19 19 19 19 19 19 21 21 21 21 21 21 21 21 21 21 21 21 23 23 23 24 24 25 25 26 26 26 26 28 28 
runtime -1 7 0 6.322728157043457 2.6975746154785156 3.4329001903533936 3.6966326236724854 3.5969161987304688 3.2186639308929443 2.7616820335388184 2.7223618030548096 3.1548449993133545 1.454019546508789 1.2180213928222656 0.8184082508087158 0.15369391441345215 
avg_run -1 7 0 2.7114190505101132
al_time -1 7 0 0.053426265716552734 0.05449795722961426 0.0532536506652832 0.05826306343078613 0.05512118339538574 0.06577348709106445 0.05412745475769043 0.052382707595825195 0.05538010597229004 0.9508719444274902 0.03632235527038574 0.03599262237548828 0.06143999099731445 
avg_all -1 7 0 0.12206559914809006
random:1T:3000
sum 0 7 1 60 86 
sum 1 7 1 180 139 
sum 2 7 1 240 156 
sum 3 7 1 360 178 
sum 4 7 1 540 213 
sum 5 7 1 600 223 
sum 6 7 1 1200 311 
sum 7 7 1 1500 326 
sum 8 7 1 1800 329 
sum 9 7 1 2100 340 
sum 10 7 1 2400 352 
sum 11 7 1 2700 369 
sum 12 7 1 3000 397 
miss fire 7 1 3 3 2 2 2 1 1 2 2 3 3 6 7 7 6 7 2 2 0 0 0 0 0 0 0 0 0 0 1 1 1 2 2 3 2 2 1 2 2 2 0 0 1 2 3 2 4 4 5 4 4 
miss human 7 1 27 27 16 14 9 7 7 7 9 8 7 7 7 7 6 6 2 2 1 1 0 0 1 1 0 0 0 0 0 0 0 0 0 0 0 0 0 0 0 0 0 0 0 0 0 0 0 0 0 0 0 
miss window 7 1 13 13 11 8 6 3 3 3 1 0 0 0 0 0 0 2 1 1 1 3 4 5 4 2 1 1 0 0 0 0 0 0 0 0 0 0 0 1 1 1 2 2 2 2 2 1 2 1 1 1 2 
acm fire 7 1 3 6 8 10 12 13 14 16 18 21 24 30 37 44 50 57 59 61 61 61 61 61 61 61 61 61 61 61 62 63 64 66 68 71 73 75 76 78 80 82 82 82 83 85 88 90 94 98 103 107 111 
acm human 7 1 27 54 70 84 93 100 107 114 123 131 138 145 152 159 165 171 173 175 176 177 177 177 178 179 179 179 179 179 179 179 179 179 179 179 179 179 179 179 179 179 179 179 179 179 179 179 179 179 179 179 179 
acm window 7 1 13 26 37 45 51 54 57 60 61 61 61 61 61 61 61 63 64 65 66 69 73 78 82 84 85 86 86 86 86 86 86 86 86 86 86 86 86 87 88 89 91 93 95 97 99 100 102 103 104 105 107 
tsim fire 7 1 3 3 3 3 3 4 4 5 5 6 6 9 10 10 10 11 11 11 11 11 11 11 11 11 11 11 11 11 12 12 12 13 13 12 12 12 12 13 13 13 13 13 14 15 16 16 18 18 20 20 20 
tsim human 7 1 27 27 27 26 25 23 22 22 20 20 20 20 20 20 19 19 19 19 19 19 19 19 19 19 19 19 19 19 19 19 19 19 19 19 19 19 19 19 19 19 19 19 19 19 19 19 19 19 19 19 19 
tsim window 7 1 13 13 13 13 13 13 13 13 13 13 13 16 19 19 19 21 21 21 21 23 24 25 25 26 26 26 26 26 26 26 26 26 26 26 26 26 26 27 27 27 28 28 28 28 28 28 34 34 34 34 35 
runtime -1 7 1 6.594172954559326 2.75368595123291 3.3902368545532227 3.3747456073760986 4.61711859703064 3.918125629425049 1.7550950050354004 1.6618173122406006 1.5766637325286865 1.688758134841919 1.0427167415618896 0.763533353805542 0.31270647048950195 
avg_run -1 7 1 2.57302894959083
al_time -1 7 1 0.05581474304199219 0.04645800590515137 0.051221370697021484 3.5046064853668213 0.061063528060913086 0.062192678451538086 0.04023432731628418 0.03163743019104004 0.03425788879394531 0.03284263610839844 0.05936098098754883 0.03411364555358887 0.032035112380981445 
avg_all -1 7 1 0.3112183717580942
random:2T:3000
sum 0 7 2 60 46 
sum 1 7 2 180 67 
sum 2 7 2 240 73 
sum 3 7 2 360 80 
sum 4 7 2 540 96 
sum 5 7 2 600 103 
sum 6 7 2 1200 121 
sum 7 7 2 1500 122 
sum 8 7 2 1800 122 
sum 9 7 2 2100 126 
sum 10 7 2 2400 129 
sum 11 7 2 2700 143 
sum 12 7 2 3000 166 
miss fire 7 2 4 4 2 1 1 0 0 1 3 1 3 0 0 0 0 0 0 0 0 0 0 0 0 0 0 0 0 0 0 0 0 0 1 1 1 1 0 0 0 1 2 4 2 2 1 2 4 4 2 2 2 
miss human 7 2 12 12 7 7 5 3 4 4 4 2 2 1 1 1 1 0 0 0 0 0 0 0 0 0 0 0 0 0 0 0 0 0 0 0 0 0 0 0 0 0 0 0 0 0 0 0 0 0 0 0 0 
miss window 7 2 7 7 3 1 0 0 0 0 0 1 2 1 1 1 1 1 1 1 3 2 2 1 0 0 0 0 0 0 0 0 0 0 0 0 0 0 0 0 0 0 0 1 1 1 0 0 1 1 1 3 3 
acm fire 7 2 4 8 10 11 12 12 12 13 16 17 20 20 20 20 20 20 20 20 20 20 20 20 20 20 20 20 20 20 20 20 20 20 21 22 23 24 24 24 24 25 27 31 33 35 36 38 42 46 48 50 52 
acm human 7 2 12 24 31 38 43 46 50 54 58 60 62 63 64 65 66 66 66 66 66 66 66 66 66 66 66 66 66 66 66 66 66 66 66 66 66 66 66 66 66 66 66 66 66 66 66 66 66 66 66 66 66 
acm window 7 2 7 14 17 18 18 18 18 18 18 19 21 22 23 24 25 26 27 28 31 33 35 36 36 36 36 36 36 36 36 36 36 36 36 36 36 36 36 36 36 36 36 37 38 39 39 39 40 41 42 45 48 
tsim fire 7 2 4 4 4 4 5 5 5 6 8 8 10 10 10 10 10 10 10 10 10 10 10 10 10 10 10 10 10 10 10 10 10 10 11 9 9 9 9 9 9 10 11 13 13 13 14 15 18 18 18 18 18 
tsim human 7 2 12 12 12 12 12 12 11 11 11 10 10 9 9 9 9 8 8 8 8 8 8 8 8 8 8 8 8 8 8 8 8 8 8 8 8 8 8 8 8 8 8 8 8 8 8 8 8 8 8 8 8 
tsim window 7 2 7 7 7 7 7 7 7 7 7 8 11 11 11 11 11 11 12 12 14 14 14 14 14 14 14 14 14 14 14 14 14 14 14 14 14 14 14 14 14 14 14 15 15 15 15 15 23 23 23 25 25 
runtime -1 7 2 1.0010120868682861 0.7951154708862305 0.7960953712463379 0.7912306785583496 0.7760920524597168 0.756988525390625 0.6483683586120605 0.5853285789489746 0.7211391925811768 0.4647810459136963 0.3414638042449951 0.2720918655395508 0.2575230598449707 
avg_run -1 7 2 0.6313253916226901
al_time -1 7 2 0.01660609245300293 0.015572309494018555 0.5698857307434082 0.018440961837768555 0.04471111297607422 0.02448725700378418 0.023867130279541016 0.018569231033325195 0.023251771926879883 0.018961429595947266 0.019166946411132812 0.9787800312042236 0.014772415161132812 
avg_all -1 7 2 0.1374671092400184
random:3T:3000
sum 0 7 3 60 116 
sum 1 7 3 180 199 
sum 2 7 3 240 231 
sum 3 7 3 360 282 
sum 4 7 3 540 322 
sum 5 7 3 600 329 
sum 6 7 3 1200 397 
sum 7 7 3 1500 404 
sum 8 7 3 1800 410 
sum 9 7 3 2100 423 
sum 10 7 3 2400 436 
sum 11 7 3 2700 448 
sum 12 7 3 3000 461 
miss fire 7 3 5 5 5 3 4 4 3 3 2 1 0 1 1 2 2 2 1 1 0 0 0 0 0 1 1 0 0 0 1 1 1 2 2 1 1 2 2 1 1 1 3 1 2 3 2 2 2 1 1 3 3 
miss human 7 3 30 30 23 19 18 16 11 9 7 6 6 5 7 6 5 5 4 4 3 3 0 0 0 0 0 0 0 0 0 0 0 0 0 0 0 0 0 0 0 0 0 0 0 0 0 0 0 0 0 0 0 
miss window 7 3 23 23 20 13 10 10 7 6 4 2 1 1 1 2 3 3 2 2 1 1 0 1 1 1 1 1 1 1 1 0 0 1 1 1 1 1 1 1 1 1 1 1 1 0 0 0 0 0 0 0 3 
acm fire 7 3 5 10 15 18 22 26 29 32 34 35 35 36 37 39 41 43 44 45 45 45 45 45 45 46 47 47 47 47 48 49 50 52 54 55 56 58 60 61 62 63 66 67 69 72 74 76 78 79 80 83 86 
acm human 7 3 30 60 83 102 120 136 147 156 163 169 175 180 187 193 198 203 207 211 214 217 217 217 217 217 217 217 217 217 217 217 217 217 217 217 217 217 217 217 217 217 217 217 217 217 217 217 217 217 217 217 217 
acm window 7 3 23 46 66 79 89 99 106 112 116 118 119 120 121 123 126 129 131 133 134 135 135 136 137 138 139 140 141 142 143 143 143 144 145 146 147 148 149 150 151 152 153 154 155 155 155 155 155 155 155 155 158 
tsim fire 7 3 5 5 5 5 6 6 7 7 7 8 8 9 9 10 10 10 10 10 10 10 10 10 10 11 11 11 11 11 12 12 12 13 13 12 12 13 13 13 13 13 15 15 16 17 17 17 17 17 17 19 19 
tsim human 7 3 30 30 28 28 28 27 27 26 25 24 22 21 19 18 17 17 17 17 17 17 17 17 17 17 17 17 17 17 17 17 17 17 17 17 17 17 17 17 17 17 17 17 17 17 17 17 17 17 17 17 17 
tsim window 7 3 23 23 23 23 23 24 24 24 24 24 24 24 24 25 26 26 26 26 27 27 27 28 28 30 31 31 31 31 31 31 31 32 32 32 32 32 32 33 33 33 33 33 34 34 34 34 34 34 34 34 37 
runtime -1 7 3 3.9924182891845703 2.0725016593933105 2.1416661739349365 1.9639675617218018 1.7522172927856445 1.5984416007995605 1.3458278179168701 1.4746415615081787 1.5889816284179688 1.8674569129943848 1.9054207801818848 1.4839849472045898 1.0169498920440674 0.5180776119232178 
avg_run -1 7 3 1.7658966950007848
al_time -1 7 3 0.030241966247558594 0.028087377548217773 0.028365373611450195 0.027883529663085938 0.027824878692626953 0.027739286422729492 0.9197804927825928 0.03682112693786621 0.030697107315063477 0.030963420867919922 0.034540414810180664 0.033808231353759766 0.03377509117126465 0.023787736892700195 
avg_all -1 7 3 0.09387971673692976
random:4T:3000
sum 0 7 4 60 81 
sum 1 7 4 180 131 
sum 2 7 4 240 146 
sum 3 7 4 360 160 
sum 4 7 4 540 179 
sum 5 7 4 600 183 
sum 6 7 4 1200 217 
sum 7 7 4 1500 231 
sum 8 7 4 1800 232 
sum 9 7 4 2100 239 
sum 10 7 4 2400 245 
sum 11 7 4 2700 255 
sum 12 7 4 3000 278 
miss fire 7 4 3 3 1 1 0 0 1 2 2 2 2 3 4 5 2 2 0 0 0 0 0 1 1 1 0 0 0 0 0 0 0 0 0 2 0 0 0 0 1 1 2 1 1 0 2 3 4 4 5 4 5 
miss human 7 4 23 22 16 10 7 5 4 6 4 3 2 2 2 2 1 1 0 0 1 1 1 1 0 0 0 0 0 0 0 0 0 0 0 0 0 0 0 0 0 0 0 0 0 0 0 0 0 0 0 0 0 
miss window 7 4 15 15 12 10 8 4 0 0 0 0 0 0 0 0 0 1 2 2 0 1 1 4 2 2 1 1 0 0 0 0 1 1 1 1 1 1 1 1 0 0 0 0 1 1 1 0 0 0 0 0 1 
acm fire 7 4 3 6 7 8 8 8 9 11 13 15 17 20 24 29 31 33 33 33 33 33 33 34 35 36 36 36 36 36 36 36 36 36 36 38 38 38 38 38 39 40 42 43 44 44 46 49 53 57 62 66 71 
acm human 7 4 23 45 61 71 78 83 87 93 97 100 102 104 106 108 109 110 110 110 111 112 113 114 114 114 114 114 114 114 114 114 114 114 114 114 114 114 114 114 114 114 114 114 114 114 114 114 114 114 114 114 114 
acm window 7 4 15 30 42 52 60 64 64 64 64 64 64 64 64 64 64 65 67 69 69 70 71 75 77 79 80 81 81 81 81 81 82 83 84 85 86 87 88 89 89 89 89 89 90 91 92 92 92 92 92 92 93 
tsim fire 7 4 3 3 3 3 3 3 4 5 5 5 5 6 8 9 9 9 9 9 9 9 9 10 10 10 10 10 10 10 10 10 10 10 10 10 10 10 10 10 10 10 11 12 12 12 14 15 16 16 17 18 19 
tsim human 7 4 23 22 22 22 22 22 21 23 23 23 22 20 19 19 19 19 19 19 19 19 19 19 19 19 19 19 19 19 19 19 19 19 19 19 19 19 19 19 19 19 19 19 19 19 19 19 19 19 19 19 19 
tsim window 7 4 15 15 15 15 15 15 15 18 18 18 18 18 18 18 18 19 20 20 20 21 21 24 24 24 24 24 24 24 24 24 25 25 25 25 25 25 25 25 25 25 25 25 26 26 26 31 31 31 31 31 32 
runtime -1 7 4 1.9002890586853027 0.7004003524780273 1.3655214309692383 1.0523300170898438 1.0114614963531494 0.9776217937469482 0.8408100605010986 0.9732112884521484 0.7172226905822754 0.5497019290924072 
avg_run -1 7 4 1.008857011795044
al_time -1 7 4 0.023215293884277344 0.590125322341919 0.02082991600036621 0.02143692970275879 0.025476455688476562 0.021503686904907227 0.030380725860595703 0.02761983871459961 0.04902148246765137 0.025755643844604492 
avg_all -1 7 4 0.08353652954101562
random:5T:3000
sum 0 7 5 60 119 
sum 1 7 5 180 199 
sum 2 7 5 240 230 
sum 3 7 5 360 280 
sum 4 7 5 540 344 
sum 5 7 5 600 362 
sum 6 7 5 1200 471 
sum 7 7 5 1500 490 
sum 8 7 5 1800 501 
sum 9 7 5 2100 514 
sum 10 7 5 2400 538 
sum 11 7 5 2700 561 
sum 12 7 5 3000 586 
miss fire 7 5 4 4 3 3 3 3 4 4 5 5 5 5 5 5 5 5 2 2 3 3 2 2 2 2 2 2 1 1 1 0 0 0 0 1 1 1 2 3 3 3 3 2 4 5 3 4 3 3 4 3 3 
miss human 7 5 42 41 32 25 21 16 16 11 11 13 12 11 10 8 8 8 3 3 1 1 0 0 0 0 0 0 0 0 0 0 0 0 0 0 0 0 0 0 0 0 0 0 0 0 0 0 0 0 0 0 0 
miss window 7 5 14 14 9 8 7 5 6 6 5 4 1 1 0 0 1 2 2 2 4 4 3 3 2 2 1 1 0 2 2 2 2 2 2 2 2 2 2 2 2 2 2 1 1 1 0 2 2 2 1 1 3 
acm fire 7 5 4 8 11 14 17 20 24 28 33 38 43 48 53 58 63 68 70 72 75 78 80 82 84 86 88 90 91 92 93 93 93 93 93 94 95 96 98 101 104 107 110 112 116 121 124 128 131 134 138 141 144 
acm human 7 5 42 83 115 140 161 177 193 204 215 228 240 251 261 269 277 285 288 291 292 293 293 293 293 293 293 293 293 293 293 293 293 293 293 293 293 293 293 293 293 293 293 293 293 293 293 293 293 293 293 293 293 
acm window 7 5 14 28 37 45 52 57 63 69 74 78 79 80 80 80 81 83 85 87 91 95 98 101 103 105 106 107 107 109 111 113 115 117 119 121 123 125 127 129 131 133 135 136 137 138 138 140 142 144 145 146 149 
tsim fire 7 5 4 4 4 4 4 4 6 6 7 7 9 9 9 9 9 9 9 9 11 11 11 11 11 11 12 12 12 12 12 12 12 12 12 11 11 11 12 13 13 13 13 13 15 16 16 17 18 18 19 19 19 
tsim human 7 5 42 41 40 40 39 36 32 29 28 26 24 23 23 23 23 23 23 23 23 23 23 23 23 23 23 23 23 23 23 23 23 23 23 23 23 23 23 23 23 23 23 23 23 23 23 23 23 23 23 23 23 
tsim window 7 5 14 14 14 14 15 15 18 18 18 18 18 18 18 18 19 20 20 20 27 27 28 28 28 28 28 28 28 30 30 30 30 30 30 30 31 31 31 31 31 31 31 31 31 31 31 33 33 33 33 33 35 
runtime -1 7 5 4.548612356185913 2.3415091037750244 1.8266069889068604 1.86244535446167 2.1209957599639893 2.148874044418335 1.683124303817749 1.8143677711486816 1.77323317527771 1.791224479675293 1.6043438911437988 1.3598113059997559 1.225226640701294 0.582693338394165 0.16290616989135742 
avg_run -1 7 5 1.7897316455841064
al_time -1 7 5 0.031151771545410156 0.0278928279876709 0.02812981605529785 0.028555631637573242 0.18111777305603027 0.02889227867126465 0.02891230583190918 0.030461549758911133 0.031705617904663086 0.03370809555053711 0.03189873695373535 0.031429290771484375 0.1081686019897461 0.03258991241455078 0.0212404727935791 
avg_all -1 7 5 0.04505697886149088
random:6T:3000
sum 0 7 6 60 100 
sum 1 7 6 180 171 
sum 2 7 6 240 200 
sum 3 7 6 360 235 
sum 4 7 6 540 282 
sum 5 7 6 600 294 
sum 6 7 6 1200 355 
sum 7 7 6 1500 357 
sum 8 7 6 1800 360 
sum 9 7 6 2100 367 
sum 10 7 6 2400 387 
sum 11 7 6 2700 417 
sum 12 7 6 3000 446 
miss fire 7 6 3 3 3 2 2 1 2 5 5 7 5 5 4 4 1 1 0 0 0 0 0 0 0 0 0 0 0 0 1 1 1 1 1 2 2 1 1 3 5 5 6 7 5 6 6 6 6 3 3 3 3 
miss human 7 6 31 31 23 21 19 16 11 11 10 7 7 6 3 3 3 3 0 0 0 0 0 0 0 0 0 0 0 0 0 0 0 0 0 0 0 0 0 0 0 0 0 0 0 0 0 0 0 0 0 0 0 
miss window 7 6 16 16 13 9 8 4 1 1 1 0 0 0 0 1 2 2 2 4 6 7 4 1 1 0 0 0 0 0 0 0 0 0 0 0 0 0 0 0 0 0 0 0 0 0 0 0 0 1 4 2 4 
acm fire 7 6 3 6 9 11 13 14 16 21 26 33 38 43 47 51 52 53 53 53 53 53 53 53 53 53 53 53 53 53 54 55 56 57 58 60 62 63 64 67 72 77 83 90 95 101 107 113 119 122 125 128 131 
acm human 7 6 31 62 85 106 125 141 152 163 173 180 187 193 196 199 202 205 205 205 205 205 205 205 205 205 205 205 205 205 205 205 205 205 205 205 205 205 205 205 205 205 205 205 205 205 205 205 205 205 205 205 205 
acm window 7 6 16 32 45 54 62 66 67 68 69 69 69 69 69 70 72 74 76 80 86 93 97 98 99 99 99 99 99 99 99 99 99 99 99 99 99 99 99 99 99 99 99 99 99 99 99 99 99 100 104 106 110 
tsim fire 7 6 3 3 3 3 3 4 5 8 9 11 11 11 11 11 11 11 11 11 11 11 11 11 11 11 11 11 11 11 11 11 11 11 11 8 8 8 8 10 12 12 13 14 15 16 16 18 18 18 18 19 19 
tsim human 7 6 31 31 29 29 27 26 24 26 26 24 24 23 22 22 22 22 22 22 22 22 22 22 22 22 22 22 22 22 22 22 22 22 22 22 22 22 22 22 22 22 22 22 22 22 22 22 22 22 22 22 22 
tsim window 7 6 16 16 16 16 16 16 20 23 23 23 23 23 23 24 25 25 26 28 30 31 31 31 31 31 31 31 31 31 31 31 31 31 31 31 31 31 31 31 31 31 31 34 34 34 34 35 35 36 39 39 41 
runtime -1 7 6 2.949585437774658 1.4677009582519531 1.7850213050842285 1.9379379749298096 1.9964101314544678 1.5966899394989014 1.3455755710601807 1.350663423538208 1.2015554904937744 1.2631430625915527 0.6810488700866699 0.39530253410339355 0.19895339012145996 
avg_run -1 7 6 1.3976606222299428
al_time -1 7 6 0.026046037673950195 0.022198915481567383 1.8094775676727295 0.029757261276245117 0.030724763870239258 0.03366732597351074 0.03523564338684082 0.02880859375 0.031211376190185547 0.030759811401367188 0.030278921127319336 0.029484987258911133 0.022189855575561523 
avg_all -1 7 6 0.16614162004910982
random:7T:3000
sum 0 7 7 60 84 
sum 1 7 7 180 143 
sum 2 7 7 240 157 
sum 3 7 7 360 173 
sum 4 7 7 540 198 
sum 5 7 7 600 206 
sum 6 7 7 1200 253 
sum 7 7 7 1500 255 
sum 8 7 7 1800 267 
sum 9 7 7 2100 280 
sum 10 7 7 2400 305 
sum 11 7 7 2700 334 
sum 12 7 7 3000 359 
miss fire 7 7 4 4 2 3 3 1 1 3 3 2 2 2 0 0 0 1 1 1 1 1 0 0 0 0 0 0 0 0 0 2 2 2 1 3 3 3 3 5 5 3 3 4 4 4 5 4 4 4 4 2 2 
miss human 7 7 22 22 17 15 6 5 4 5 5 4 5 5 3 3 3 3 2 2 0 0 0 0 0 0 0 0 0 0 0 0 0 0 0 0 0 0 0 0 0 0 0 0 0 0 0 0 0 0 0 0 0 
miss window 7 7 16 16 14 8 5 4 1 1 1 1 1 2 2 2 3 4 3 3 0 0 0 0 0 0 1 1 1 2 2 2 1 1 0 0 0 0 0 1 1 2 2 1 1 1 3 2 3 2 2 1 1 
acm fire 7 7 4 8 10 13 16 17 18 21 24 26 28 30 30 30 30 31 32 33 34 35 35 35 35 35 35 35 35 35 35 37 39 41 42 45 48 51 54 59 64 67 70 74 78 82 87 91 95 99 103 105 107 
acm human 7 7 22 44 61 76 82 87 91 96 101 105 110 115 118 121 124 127 129 131 131 131 131 131 131 131 131 131 131 131 131 131 131 131 131 131 131 131 131 131 131 131 131 131 131 131 131 131 131 131 131 131 131 
acm window 7 7 16 32 46 54 59 63 64 65 66 67 68 70 72 74 77 81 84 87 87 87 87 87 87 87 88 89 90 92 94 96 97 98 98 98 98 98 98 99 100 102 104 105 106 107 110 112 115 117 119 120 121 
tsim fire 7 7 4 4 4 5 5 5 5 7 7 8 8 8 8 8 8 9 9 9 10 10 10 10 10 10 10 10 10 10 10 12 12 12 12 12 12 13 13 15 15 15 15 16 16 17 18 18 18 19 19 19 19 
tsim human 7 7 22 22 20 19 17 17 17 19 19 16 14 14 14 12 12 12 12 12 12 12 12 12 12 12 12 12 12 12 12 12 12 12 12 12 12 12 12 12 12 12 12 12 12 12 12 12 12 12 12 12 12 
tsim window 7 7 16 16 16 16 16 16 16 18 19 19 19 20 20 20 21 26 26 26 26 26 26 26 26 26 27 27 27 28 28 28 28 28 28 28 28 28 28 29 29 30 30 30 30 32 34 34 35 35 35 35 35 
runtime -1 7 7 2.4081966876983643 1.3772304058074951 1.29636549949646 1.1844837665557861 1.108246088027954 1.2835381031036377 1.1159727573394775 0.8931231498718262 0.89308762550354 1.183945655822754 1.0700161457061768 0.7145366668701172 0.5172991752624512 0.4257621765136719 0.31639933586120605 0.2147057056427002 
avg_run -1 7 7 1.0001818090677261
al_time -1 7 7 1.9250328540802002 0.023485183715820312 0.022753477096557617 0.022619247436523438 0.023079395294189453 0.024080753326416016 0.027549028396606445 0.023155689239501953 0.02511119842529297 0.025704145431518555 0.024774789810180664 0.024220705032348633 0.02463078498840332 0.02433490753173828 1.5368592739105225 0.017995834350585938 
avg_all -1 7 7 0.2372117042541504
random:8T:3000
sum 0 7 8 60 54 
sum 1 7 8 180 90 
sum 2 7 8 240 98 
sum 3 7 8 360 118 
sum 4 7 8 540 145 
sum 5 7 8 600 152 
sum 6 7 8 1200 196 
sum 7 7 8 1500 199 
sum 8 7 8 1800 205 
sum 9 7 8 2100 208 
sum 10 7 8 2400 212 
sum 11 7 8 2700 223 
sum 12 7 8 3000 238 
miss fire 7 8 3 3 2 2 2 3 5 5 5 4 3 3 1 1 1 0 0 1 1 1 1 0 0 0 0 0 0 0 0 0 0 0 0 1 0 0 1 1 1 0 0 0 2 1 1 1 2 3 2 0 1 
miss human 7 8 14 14 12 10 4 4 4 2 3 4 4 3 2 2 2 1 1 0 0 0 0 0 0 0 0 0 0 0 0 0 0 0 0 0 0 0 0 0 0 0 0 0 0 0 0 0 0 0 0 0 0 
miss window 7 8 10 10 6 4 2 2 2 2 2 0 0 0 0 0 0 3 4 4 4 4 4 0 0 1 1 1 1 2 1 1 1 1 1 0 0 0 0 0 0 0 1 1 1 1 1 2 2 2 1 1 1 
acm fire 7 8 3 6 8 10 12 15 20 25 30 34 37 40 41 42 43 43 43 44 45 46 47 47 47 47 47 47 47 47 47 47 47 47 47 48 48 48 49 50 51 51 51 51 53 54 55 56 58 61 63 63 64 
acm human 7 8 14 28 40 50 54 58 62 64 67 71 75 78 80 82 84 85 86 86 86 86 86 86 86 86 86 86 86 86 86 86 86 86 86 86 86 86 86 86 86 86 86 86 86 86 86 86 86 86 86 86 86 
acm window 7 8 10 20 26 30 32 34 36 38 40 40 40 40 40 40 40 43 47 51 55 59 63 63 63 64 65 66 67 69 70 71 72 73 74 74 74 74 74 74 74 74 75 76 77 78 79 81 83 85 86 87 88 
tsim fire 7 8 3 3 3 3 3 4 6 7 7 8 8 8 9 9 9 9 9 10 10 10 10 10 10 10 10 10 10 10 10 10 10 10 10 11 11 11 12 12 12 12 12 12 14 14 14 14 15 16 16 16 17 
tsim human 7 8 14 14 14 14 11 11 11 9 8 10 10 9 8 8 8 8 8 8 8 8 8 8 8 8 8 8 8 8 8 8 8 8 8 8 8 8 8 8 8 8 8 8 8 8 8 8 8 8 8 8 8 
tsim window 7 8 10 10 10 10 10 10 10 10 10 10 10 10 10 10 10 13 14 20 20 20 20 20 20 21 21 21 21 22 22 22 22 22 22 22 22 22 22 22 22 22 23 23 23 23 23 24 25 25 25 25 25 
runtime -1 7 8 1.9353244304656982 1.2888014316558838 1.1841762065887451 0.9943108558654785 0.8993911743164062 0.8394169807434082 0.7782833576202393 0.9338138103485107 1.1753623485565186 0.789182186126709 0.47228240966796875 0.35226869583129883 
avg_run -1 7 8 0.9702178239822388
al_time -1 7 8 0.021993637084960938 0.7137341499328613 0.02155447006225586 0.02019333839416504 0.019587039947509766 0.020632266998291016 0.024487733840942383 0.021329164505004883 0.044907331466674805 0.022670269012451172 1.1912949085235596 0.04601454734802246 
avg_all -1 7 8 0.18069990475972494
random:9T:3000
sum 0 7 9 60 105 
sum 1 7 9 180 168 
sum 2 7 9 240 193 
sum 3 7 9 360 225 
sum 4 7 9 540 259 
sum 5 7 9 600 269 
sum 6 7 9 1200 294 
sum 7 7 9 1500 306 
sum 8 7 9 1800 318 
sum 9 7 9 2100 330 
sum 10 7 9 2400 348 
sum 11 7 9 2700 351 
sum 12 7 9 3000 377 
miss fire 7 9 3 3 1 0 0 0 0 1 2 3 3 0 0 0 0 0 0 0 0 0 1 1 1 0 2 2 2 1 1 1 3 2 2 1 1 1 3 3 4 3 3 0 0 0 1 1 3 3 3 2 2 
miss human 7 9 33 32 22 21 17 13 10 9 8 7 7 5 4 3 3 0 0 1 1 0 0 0 0 0 0 0 0 0 0 0 0 0 0 0 0 0 0 0 0 0 0 0 0 0 0 0 0 0 0 0 0 
miss window 7 9 17 17 11 8 8 6 3 3 1 0 0 0 0 0 0 2 2 0 0 1 2 2 1 1 1 1 1 1 1 0 1 1 1 1 2 0 0 0 0 1 1 0 0 0 0 1 1 3 3 3 3 
acm fire 7 9 3 6 7 7 7 7 7 8 10 13 16 16 16 16 16 16 16 16 16 16 17 18 19 19 21 23 25 26 27 28 31 33 35 36 37 38 41 44 48 51 54 54 54 54 55 56 59 62 65 67 69 
acm human 7 9 33 65 87 108 125 138 148 157 165 172 179 184 188 191 194 194 194 195 196 196 196 196 196 196 196 196 196 196 196 196 196 196 196 196 196 196 196 196 196 196 196 196 196 196 196 196 196 196 196 196 196 
acm window 7 9 17 34 45 53 61 67 70 73 74 74 74 74 74 74 74 76 78 78 78 79 81 83 84 85 86 87 88 89 90 90 91 92 93 94 96 96 96 96 96 97 98 98 98 98 98 99 100 103 106 109 112 
tsim fire 7 9 3 3 3 3 3 3 3 4 5 7 7 7 7 7 7 7 7 7 7 7 8 8 8 8 10 10 10 10 10 10 12 12 12 12 12 12 14 15 16 16 16 16 16 16 17 17 19 19 19 19 19 
tsim human 7 9 33 32 31 31 30 29 28 28 28 28 28 27 26 25 25 22 22 22 22 22 22 22 22 22 22 22 22 22 22 22 22 22 22 22 22 22 22 22 22 22 22 22 22 22 22 22 22 22 22 22 22 
tsim window 7 9 17 17 17 17 17 17 17 17 17 17 17 17 17 17 17 19 19 19 19 20 24 24 24 24 24 24 24 24 24 24 25 25 25 25 26 26 26 26 26 27 27 27 27 27 27 28 28 30 30 30 30 
runtime -1 7 9 1.9685091972351074 0.8184773921966553 0.7600407600402832 0.5964539051055908 0.8488130569458008 0.7717173099517822 0.688122034072876 0.7652559280395508 0.6856417655944824 0.6603822708129883 0.6336860656738281 
avg_run -1 7 9 0.8360999714244496
al_time -1 7 9 0.02244877815246582 0.018285274505615234 0.056543827056884766 0.5859642028808594 0.02325439453125 0.02397322654724121 0.02050948143005371 0.023077011108398438 0.02197718620300293 0.02176523208618164 0.028446435928344727 
avg_all -1 7 9 0.07693136822093617
