random:0T:3000
sum 0 7 0 60 49 
sum 1 7 0 180 91 
sum 2 7 0 240 107 
sum 3 7 0 360 120 
sum 4 7 0 540 134 
sum 5 7 0 600 139 
sum 6 7 0 1200 144 
sum 7 7 0 1500 144 
sum 8 7 0 1800 145 
sum 9 7 0 2100 149 
sum 10 7 0 2400 157 
sum 11 7 0 2700 161 
sum 12 7 0 3000 171 
miss fire 7 0 2 2 2 2 2 0 0 0 1 1 1 1 0 0 0 0 0 0 0 0 0 0 0 0 0 0 1 0 0 0 0 0 0 0 1 1 1 1 1 0 0 0 0 0 0 0 0 0 0 0 0 
miss human 7 0 16 15 15 11 10 6 5 4 4 4 4 3 0 0 0 0 0 0 0 0 0 0 0 0 0 0 0 0 0 0 0 0 0 0 0 0 0 0 0 0 0 0 0 0 0 0 0 0 0 0 0 
miss window 7 0 7 7 7 5 4 1 1 0 0 0 0 0 0 0 0 0 1 0 0 0 0 0 0 0 0 0 0 0 0 0 0 0 0 0 1 1 1 1 1 1 1 0 0 0 2 2 2 2 2 2 2 
acm fire 7 0 2 4 6 8 10 10 10 10 11 12 13 14 14 14 14 14 14 14 14 14 14 14 14 14 14 14 15 15 15 15 15 15 15 15 16 17 18 19 20 20 20 20 20 20 20 20 20 20 20 20 20 
acm human 7 0 16 31 46 57 67 73 78 82 86 90 94 97 97 97 97 97 97 97 97 97 97 97 97 97 97 97 97 97 97 97 97 97 97 97 97 97 97 97 97 97 97 97 97 97 97 97 97 97 97 97 97 
acm window 7 0 7 14 21 26 30 31 32 32 32 32 32 32 32 32 32 32 33 33 33 33 33 33 33 33 33 33 33 33 33 33 33 33 33 33 34 35 36 37 38 39 40 40 40 40 42 44 46 48 50 52 54 
tsim fire 7 0 2 2 2 2 2 2 2 2 3 3 3 3 3 3 3 3 3 3 3 3 3 3 3 3 3 3 4 4 4 4 4 4 4 4 5 5 6 6 6 6 6 6 6 6 6 6 6 6 6 6 6 
tsim human 7 0 16 15 15 15 15 14 12 12 11 9 9 8 7 7 7 7 7 7 7 7 7 7 7 7 7 7 7 7 7 7 7 7 7 7 7 7 7 7 7 7 7 7 7 7 7 7 7 7 7 7 7 
tsim window 7 0 7 7 7 7 7 7 7 7 7 7 7 7 7 7 7 7 8 8 8 8 8 8 8 8 8 8 10 10 10 10 10 10 10 10 11 11 11 11 11 11 11 11 11 11 13 13 13 13 13 13 13 
runtime -1 7 0 3.203580379486084 2.139416217803955 1.450639009475708 1.438781976699829 1.1761372089385986 1.8065519332885742 1.624579668045044 1.5653369426727295 
avg_run -1 7 0 1.8006279170513153
al_time -1 7 0 0.014103412628173828 0.011646270751953125 0.012763023376464844 0.0159451961517334 0.5326383113861084 0.017609357833862305 0.01496124267578125 0.017882108688354492 
avg_all -1 7 0 0.07969361543655396
random:1T:3000
sum 0 7 1 60 22 
sum 1 7 1 180 34 
sum 2 7 1 240 36 
sum 3 7 1 360 47 
sum 4 7 1 540 58 
sum 5 7 1 600 60 
sum 6 7 1 1200 81 
sum 7 7 1 1500 81 
sum 8 7 1 1800 82 
sum 9 7 1 2100 85 
sum 10 7 1 2400 102 
sum 11 7 1 2700 121 
sum 12 7 1 3000 126 
miss fire 7 1 1 1 0 0 0 3 4 4 2 1 1 1 1 0 0 0 0 0 0 0 0 0 0 0 0 0 0 0 0 1 0 0 0 1 1 1 2 2 3 3 2 2 2 4 2 2 0 0 0 0 0 
miss human 7 1 7 7 5 4 2 2 2 2 1 1 1 1 1 0 0 0 0 0 0 0 0 0 0 0 0 0 0 0 0 0 0 0 0 0 0 0 0 0 0 0 0 0 0 0 0 0 0 0 0 0 0 
miss window 7 1 3 3 2 1 0 0 0 0 0 0 0 0 0 0 3 4 4 4 2 0 0 0 0 0 0 0 0 0 0 0 0 0 0 0 0 0 1 1 1 1 1 1 1 1 2 2 1 1 1 1 1 
acm fire 7 1 1 2 2 2 2 5 9 13 15 16 17 18 19 19 19 19 19 19 19 19 19 19 19 19 19 19 19 19 19 20 20 20 20 21 22 23 25 27 30 33 35 37 39 43 45 47 47 47 47 47 47 
acm human 7 1 7 14 19 23 25 27 29 31 32 33 34 35 36 36 36 36 36 36 36 36 36 36 36 36 36 36 36 36 36 36 36 36 36 36 36 36 36 36 36 36 36 36 36 36 36 36 36 36 36 36 36 
acm window 7 1 3 6 8 9 9 9 9 9 9 9 9 9 9 9 12 16 20 24 26 26 26 26 26 26 26 26 26 26 26 26 26 26 26 26 26 26 27 28 29 30 31 32 33 34 36 38 39 40 41 42 43 
tsim fire 7 1 1 1 1 1 1 4 5 5 5 5 5 5 5 5 5 5 5 5 5 5 5 5 5 5 5 5 5 5 5 6 6 6 6 5 5 5 6 6 7 7 7 7 7 9 9 9 9 9 9 9 9 
tsim human 7 1 7 7 6 6 5 5 6 6 5 5 5 5 5 4 4 4 4 4 4 4 4 4 4 4 4 4 4 4 4 4 4 4 4 4 4 4 4 4 4 4 4 4 4 4 4 4 4 4 4 4 4 
tsim window 7 1 3 3 3 3 3 3 6 6 6 6 6 6 6 6 9 10 10 10 10 10 10 10 10 10 10 10 10 10 10 10 10 10 10 10 10 10 11 11 16 16 16 16 16 16 17 17 18 18 18 18 18 
runtime -1 7 1 1.8302030563354492 1.9765980243682861 1.6506760120391846 1.0318851470947266 0.8584415912628174 4.164822101593018 1.9975817203521729 1.174356460571289 0.6278507709503174 
avg_run -1 7 1 1.7013794316185846
al_time -1 7 1 0.8514823913574219 0.013570308685302734 0.013995647430419922 0.015089988708496094 1.2656152248382568 0.01563549041748047 0.015584945678710938 0.016053438186645508 0.011661767959594727 
avg_all -1 7 1 0.24652102258470324
random:2T:3000
sum 0 7 2 60 40 
sum 1 7 2 180 70 
sum 2 7 2 240 81 
sum 3 7 2 360 96 
sum 4 7 2 540 116 
sum 5 7 2 600 120 
sum 6 7 2 1200 124 
sum 7 7 2 1500 124 
sum 8 7 2 1800 125 
sum 9 7 2 2100 127 
sum 10 7 2 2400 130 
sum 11 7 2 2700 137 
sum 12 7 2 3000 140 
miss fire 7 2 2 2 2 0 0 0 0 1 1 0 0 0 0 0 0 0 0 0 0 0 0 0 0 0 0 0 0 0 0 0 1 1 1 0 0 0 0 0 1 0 0 0 0 1 1 0 0 0 0 0 0 
miss human 7 2 13 13 11 9 8 6 6 5 7 3 3 2 1 1 0 0 0 0 0 0 0 0 0 0 0 0 0 0 0 0 0 0 0 0 0 0 0 0 0 0 0 0 0 0 0 0 0 0 0 0 0 
miss window 7 2 5 5 5 3 3 2 1 1 1 1 1 0 0 0 0 0 0 0 0 0 0 0 0 0 0 0 0 0 0 0 0 0 0 0 0 0 0 0 0 1 1 1 1 1 1 1 1 0 0 1 1 
acm fire 7 2 2 4 6 6 6 6 6 7 8 8 8 8 8 8 8 8 8 8 8 8 8 8 8 8 8 8 8 8 8 8 9 10 11 11 11 11 11 11 12 12 12 12 12 13 14 14 14 14 14 14 14 
acm human 7 2 13 26 37 46 54 60 66 71 78 81 84 86 87 88 88 88 88 88 88 88 88 88 88 88 88 88 88 88 88 88 88 88 88 88 88 88 88 88 88 88 88 88 88 88 88 88 88 88 88 88 88 
acm window 7 2 5 10 15 18 21 23 24 25 26 27 28 28 28 28 28 28 28 28 28 28 28 28 28 28 28 28 28 28 28 28 28 28 28 28 28 28 28 28 28 29 30 31 32 33 34 35 36 36 36 37 38 
tsim fire 7 2 2 2 2 2 2 2 2 3 3 3 3 3 3 3 3 3 3 3 3 3 3 3 3 3 3 3 3 3 3 3 4 4 4 4 4 4 4 4 5 5 5 5 5 6 6 6 6 6 6 6 6 
tsim human 7 2 13 13 13 13 13 12 11 11 9 7 7 7 6 6 5 5 5 5 5 5 5 5 5 5 5 5 5 5 5 5 5 5 5 5 5 5 5 5 5 5 5 5 5 5 5 5 5 5 5 5 5 
tsim window 7 2 5 5 5 5 5 5 5 5 6 6 6 6 6 6 6 6 6 6 6 6 6 6 6 6 6 6 6 6 6 6 6 6 6 6 6 6 6 6 6 7 7 7 7 9 9 9 9 9 9 10 10 
runtime -1 7 2 2.6794002056121826 1.2164888381958008 1.1464791297912598 1.1728651523590088 1.1135880947113037 1.302300214767456 1.313086986541748 0.7859280109405518 
avg_run -1 7 2 1.341267079114914
al_time -1 7 2 0.013526678085327148 0.011240482330322266 0.011410713195800781 0.013603925704956055 0.014474153518676758 0.013756275177001953 0.4351935386657715 0.012926578521728516 
avg_all -1 7 2 0.06576654314994812
random:3T:3000
sum 0 7 3 60 63 
sum 1 7 3 180 110 
sum 2 7 3 240 127 
sum 3 7 3 360 154 
sum 4 7 3 540 174 
sum 5 7 3 600 180 
sum 6 7 3 1200 239 
sum 7 7 3 1500 260 
sum 8 7 3 1800 264 
sum 9 7 3 2100 266 
sum 10 7 3 2400 269 
sum 11 7 3 2700 278 
sum 12 7 3 3000 285 
miss fire 7 3 2 2 2 0 0 1 1 1 1 0 0 0 0 0 0 0 0 0 0 0 0 0 0 0 0 0 0 0 0 0 0 0 0 0 1 1 1 1 0 0 1 2 2 2 2 1 1 1 1 1 1 
miss human 7 3 18 17 14 13 11 9 5 3 3 5 5 5 6 5 5 5 5 5 5 5 4 4 4 4 2 2 1 1 0 0 0 0 0 0 0 0 0 0 0 0 0 0 0 0 0 0 0 0 0 0 0 
miss window 7 3 12 12 10 8 6 5 6 4 2 1 1 1 0 1 1 1 1 1 1 1 1 1 1 1 1 1 1 1 0 0 0 0 0 0 0 0 0 0 0 0 0 0 0 0 0 0 0 0 0 1 1 
acm fire 7 3 2 4 6 6 6 7 8 9 10 10 10 10 10 10 10 10 10 10 10 10 10 10 10 10 10 10 10 10 10 10 10 10 10 10 11 12 13 14 14 14 15 17 19 21 23 24 25 26 27 28 29 
acm human 7 3 18 35 49 62 73 82 87 90 93 98 103 108 114 119 124 129 134 139 144 149 153 157 161 165 167 169 170 171 171 171 171 171 171 171 171 171 171 171 171 171 171 171 171 171 171 171 171 171 171 171 171 
acm window 7 3 12 24 34 42 48 53 59 63 65 66 67 68 68 69 70 71 72 73 74 75 76 77 78 79 80 81 82 83 83 83 83 83 83 83 83 83 83 83 83 83 83 83 83 83 83 83 83 83 83 84 85 
tsim fire 7 3 2 2 2 2 2 3 3 3 3 3 3 3 3 3 3 3 3 3 3 3 3 3 3 3 3 3 3 3 3 3 3 3 3 3 4 4 4 4 4 4 5 6 6 6 6 6 6 6 6 6 6 
tsim human 7 3 18 17 17 17 15 15 14 13 12 10 10 10 9 8 8 8 8 8 8 8 8 8 8 8 8 8 8 8 8 8 8 8 8 8 8 8 8 8 8 8 8 8 8 8 8 8 8 8 8 8 8 
tsim window 7 3 12 12 12 12 12 12 13 13 13 13 13 13 13 14 14 14 14 14 14 14 14 14 14 14 14 14 14 14 14 14 14 14 14 14 14 14 14 14 14 14 14 15 15 15 15 15 15 15 15 16 16 
runtime -1 7 3 3.2527589797973633 2.0560925006866455 1.4420382976531982 1.0892162322998047 1.2214508056640625 1.2252614498138428 1.3689417839050293 1.4070358276367188 1.1273691654205322 
avg_run -1 7 3 1.576685004764133
al_time -1 7 3 0.014255762100219727 0.015121221542358398 0.013930082321166992 0.013013839721679688 0.012766838073730469 0.014468669891357422 0.014048337936401367 0.6015090942382812 0.014126777648925781 
avg_all -1 7 3 0.07924895816379124
random:4T:3000
sum 0 7 4 60 35 
sum 1 7 4 180 55 
sum 2 7 4 240 64 
sum 3 7 4 360 69 
sum 4 7 4 540 73 
sum 5 7 4 600 75 
sum 6 7 4 1200 81 
sum 7 7 4 1500 86 
sum 8 7 4 1800 92 
sum 9 7 4 2100 98 
sum 10 7 4 2400 107 
sum 11 7 4 2700 109 
sum 12 7 4 3000 114 
miss fire 7 4 1 1 0 0 0 0 0 0 0 0 1 1 1 1 0 0 0 0 0 1 0 0 0 0 0 0 0 0 0 0 0 0 0 0 0 1 1 1 1 1 0 0 0 0 0 0 0 0 0 0 0 
miss human 7 4 12 11 8 8 7 3 2 1 1 2 1 1 0 0 0 0 0 0 0 0 0 0 0 0 0 0 0 0 0 0 0 0 0 0 0 0 0 0 0 0 0 0 0 0 0 0 0 0 0 0 0 
miss window 7 4 5 5 2 2 2 0 0 0 0 0 0 0 0 0 0 0 0 0 0 0 1 1 1 1 1 1 1 2 1 1 1 1 1 1 1 1 1 1 1 1 1 1 0 0 0 1 1 1 1 1 1 
acm fire 7 4 1 2 2 2 2 2 2 2 2 2 3 4 5 6 6 6 6 6 6 7 7 7 7 7 7 7 7 7 7 7 7 7 7 7 7 8 9 10 11 12 12 12 12 12 12 12 12 12 12 12 12 
acm human 7 4 12 23 31 39 46 49 51 52 53 55 56 57 57 57 57 57 57 57 57 57 57 57 57 57 57 57 57 57 57 57 57 57 57 57 57 57 57 57 57 57 57 57 57 57 57 57 57 57 57 57 57 
acm window 7 4 5 10 12 14 16 16 16 16 16 16 16 16 16 16 16 16 16 16 16 16 17 18 19 20 21 22 23 25 26 27 28 29 30 31 32 33 34 35 36 37 38 39 39 39 39 40 41 42 43 44 45 
tsim fire 7 4 1 1 1 1 1 1 1 1 1 1 2 2 2 2 2 2 2 2 2 3 3 3 3 3 3 3 3 3 3 3 3 3 3 3 3 4 4 4 4 4 4 4 4 4 4 4 4 4 4 4 4 
tsim human 7 4 12 11 10 10 10 9 9 9 9 8 8 8 7 7 7 7 7 7 7 7 7 7 7 7 7 7 7 7 7 7 7 7 7 7 7 7 7 7 7 7 7 7 7 7 7 7 7 7 7 7 7 
tsim window 7 4 5 5 5 5 5 5 5 5 5 5 5 5 5 5 5 5 5 5 5 11 12 12 12 12 12 12 12 13 13 13 13 13 13 13 13 13 13 13 13 13 13 13 13 13 13 14 14 14 14 14 14 
runtime -1 7 4 1.7409591674804688 1.0633070468902588 1.0746400356292725 0.7723913192749023 1.3818035125732422 1.1608803272247314 1.0164811611175537 
avg_run -1 7 4 1.1729232243129186
al_time -1 7 4 0.012637853622436523 0.009912729263305664 0.036664724349975586 0.42725539207458496 0.014838457107543945 0.04231524467468262 0.014550447463989258 
avg_all -1 7 4 0.07973926407950264
random:5T:3000
sum 0 7 5 60 36 
sum 1 7 5 180 61 
sum 2 7 5 240 71 
sum 3 7 5 360 86 
sum 4 7 5 540 102 
sum 5 7 5 600 108 
sum 6 7 5 1200 130 
sum 7 7 5 1500 135 
sum 8 7 5 1800 140 
sum 9 7 5 2100 142 
sum 10 7 5 2400 144 
sum 11 7 5 2700 151 
sum 12 7 5 3000 157 
miss fire 7 5 1 1 1 0 1 1 1 1 2 1 1 1 1 1 1 1 0 0 0 0 0 1 1 1 1 1 1 1 1 1 1 1 1 0 0 0 0 0 0 1 1 0 2 1 2 2 2 1 1 0 0 
miss human 7 5 11 11 9 8 7 7 5 2 5 5 5 3 2 1 1 1 0 0 1 1 1 0 0 0 0 0 0 0 0 0 0 0 0 0 0 0 0 0 0 0 0 0 0 0 0 0 0 0 0 0 0 
miss window 7 5 6 6 4 3 2 1 0 0 0 0 0 0 0 0 1 1 1 2 1 0 0 0 0 0 0 0 0 0 0 0 0 0 0 0 0 0 0 0 0 0 0 0 0 0 0 0 0 0 0 1 1 
acm fire 7 5 1 2 3 3 4 5 6 7 9 10 11 12 13 14 15 16 16 16 16 16 16 17 18 19 20 21 22 23 24 25 26 27 28 28 28 28 28 28 28 29 30 30 32 33 35 37 39 40 41 41 41 
acm human 7 5 11 22 31 39 46 53 58 60 65 70 75 78 80 81 82 83 83 83 84 85 86 86 86 86 86 86 86 86 86 86 86 86 86 86 86 86 86 86 86 86 86 86 86 86 86 86 86 86 86 86 86 
acm window 7 5 6 12 16 19 21 22 22 22 22 22 22 22 22 22 23 24 25 27 28 28 28 28 28 28 28 28 28 28 28 28 28 28 28 28 28 28 28 28 28 28 28 28 28 28 28 28 28 28 28 29 30 
tsim fire 7 5 1 1 1 1 2 2 2 2 3 3 4 4 4 4 4 4 4 4 4 4 4 4 4 4 4 4 4 4 4 4 4 4 4 3 3 3 3 3 3 4 4 4 6 6 7 7 7 7 7 8 8 
tsim human 7 5 11 11 11 10 10 10 9 8 11 11 11 9 9 6 6 6 6 6 6 6 6 6 6 6 6 6 6 6 6 6 6 6 6 6 6 6 6 6 6 6 6 6 6 6 6 6 6 6 6 6 6 
tsim window 7 5 6 6 6 6 6 6 6 6 9 9 9 9 9 9 10 10 10 11 12 12 12 12 12 12 12 12 12 12 12 12 12 12 12 12 12 12 12 12 12 12 12 12 12 12 12 12 12 12 12 14 14 
runtime -1 7 5 2.3671817779541016 2.6126341819763184 1.3926877975463867 1.356579065322876 1.025355339050293 1.1048057079315186 1.3528904914855957 1.1584722995758057 1.1573801040649414 0.886206865310669 0.3843815326690674 0.13029789924621582 
avg_run -1 7 5 1.2440727551778157
al_time -1 7 5 0.7981123924255371 0.04700946807861328 0.01149439811706543 0.012130975723266602 0.013512611389160156 0.013394355773925781 0.014842748641967773 0.012335538864135742 0.0129547119140625 0.014005899429321289 0.013708829879760742 1.2365691661834717 
avg_all -1 7 5 0.18333925803502402
random:6T:3000
sum 0 7 6 60 46 
sum 1 7 6 180 76 
sum 2 7 6 240 86 
sum 3 7 6 360 98 
sum 4 7 6 540 114 
sum 5 7 6 600 118 
sum 6 7 6 1200 146 
sum 7 7 6 1500 146 
sum 8 7 6 1800 146 
sum 9 7 6 2100 151 
sum 10 7 6 2400 154 
sum 11 7 6 2700 167 
sum 12 7 6 3000 177 
miss fire 7 6 1 1 2 2 1 1 1 0 0 0 1 1 0 0 0 0 0 0 0 0 0 0 0 0 0 0 0 0 0 0 0 0 0 1 2 2 2 0 0 0 1 1 2 2 3 2 2 0 0 0 0 
miss human 7 6 15 15 11 6 6 5 4 4 6 6 3 3 1 2 3 2 2 2 2 2 0 0 0 0 0 0 0 0 0 0 0 0 0 0 0 0 0 0 0 0 0 0 0 0 0 0 0 0 0 0 0 
miss window 7 6 7 7 5 4 3 1 0 0 0 0 0 1 0 1 1 1 1 1 1 1 0 0 0 0 0 0 0 0 0 0 0 0 0 0 0 0 0 0 0 0 0 0 0 1 1 1 1 1 1 2 3 
acm fire 7 6 1 2 4 6 7 8 9 9 9 9 10 11 11 11 11 11 11 11 11 11 11 11 11 11 11 11 11 11 11 11 11 11 11 12 14 16 18 18 18 18 19 20 22 24 27 29 31 31 31 31 31 
acm human 7 6 15 30 41 47 53 58 62 66 72 78 81 84 85 87 90 92 94 96 98 100 100 100 100 100 100 100 100 100 100 100 100 100 100 100 100 100 100 100 100 100 100 100 100 100 100 100 100 100 100 100 100 
acm window 7 6 7 14 19 23 26 27 27 27 27 27 27 28 28 29 30 31 32 33 34 35 35 35 35 35 35 35 35 35 35 35 35 35 35 35 35 35 35 35 35 35 35 35 35 36 37 38 39 40 41 43 46 
tsim fire 7 6 1 1 2 2 3 3 3 3 3 3 4 4 4 4 4 4 4 4 4 4 4 4 4 4 4 4 4 4 4 4 4 4 4 3 4 4 4 4 4 4 5 6 7 7 8 8 8 8 8 8 8 
tsim human 7 6 15 15 14 13 13 13 13 12 8 8 8 8 8 7 7 6 6 6 6 6 6 6 6 6 6 6 6 6 6 6 6 6 6 6 6 6 6 6 6 6 6 6 6 6 6 6 6 6 6 6 6 
tsim window 7 6 7 7 7 7 7 7 7 7 7 7 10 11 11 12 12 12 12 12 13 13 13 13 13 13 13 13 13 13 13 13 13 13 13 13 13 13 13 13 13 13 13 13 13 14 15 15 15 15 15 16 17 
runtime -1 7 6 1.7696406841278076 0.960996150970459 1.6543028354644775 1.110642671585083 1.1005408763885498 0.9355363845825195 1.0843994617462158 0.8524138927459717 0.5949957370758057 0.9885964393615723 
avg_run -1 7 6 1.105206513404846
al_time -1 7 6 0.012678384780883789 0.4544520378112793 0.014993667602539062 0.012259244918823242 0.015614032745361328 0.013453006744384766 0.013976573944091797 0.01348876953125 1.1723122596740723 0.01307225227355957 
avg_all -1 7 6 0.1736300230026245
random:7T:3000
sum 0 7 7 60 33 
sum 1 7 7 180 53 
sum 2 7 7 240 63 
sum 3 7 7 360 82 
sum 4 7 7 540 93 
sum 5 7 7 600 97 
sum 6 7 7 1200 109 
sum 7 7 7 1500 111 
sum 8 7 7 1800 111 
sum 9 7 7 2100 113 
sum 10 7 7 2400 114 
sum 11 7 7 2700 122 
sum 12 7 7 3000 133 
miss fire 7 7 1 1 0 0 0 0 0 0 1 1 1 0 0 0 1 1 0 0 0 0 0 0 0 0 0 0 0 0 0 0 0 0 0 0 1 1 1 0 0 0 0 0 0 0 1 1 1 1 1 0 0 
miss human 7 7 11 10 8 8 8 8 8 3 3 3 3 4 3 2 1 0 0 0 0 0 0 0 0 0 0 0 0 0 0 0 0 0 0 0 0 0 0 0 0 0 0 0 0 0 0 0 0 0 0 0 0 
miss window 7 7 5 5 2 2 2 2 1 0 0 0 0 0 0 0 0 0 0 0 0 0 0 0 0 0 1 1 0 0 0 0 0 0 0 0 0 0 0 0 0 0 0 0 0 2 2 2 2 2 2 1 1 
acm fire 7 7 1 2 2 2 2 2 2 2 3 4 5 5 5 5 6 7 7 7 7 7 7 7 7 7 7 7 7 7 7 7 7 7 7 7 8 9 10 10 10 10 10 10 10 10 11 12 13 14 15 15 15 
acm human 7 7 11 21 29 37 45 53 61 64 67 70 73 77 80 82 83 83 83 83 83 83 83 83 83 83 83 83 83 83 83 83 83 83 83 83 83 83 83 83 83 83 83 83 83 83 83 83 83 83 83 83 83 
acm window 7 7 5 10 12 14 16 18 19 19 19 19 19 19 19 19 19 19 19 19 19 19 19 19 19 19 20 21 21 21 21 21 21 21 21 21 21 21 21 21 21 21 21 21 21 23 25 27 29 31 33 34 35 
tsim fire 7 7 1 1 1 1 1 1 1 1 2 2 2 2 2 2 3 3 3 3 3 3 3 3 3 3 3 3 3 3 3 3 3 3 3 3 4 5 5 5 5 5 5 5 5 5 6 6 6 6 6 6 6 
tsim human 7 7 11 10 10 10 10 10 10 8 8 8 8 8 7 6 5 4 4 4 4 4 4 4 4 4 4 4 4 4 4 4 4 4 4 4 4 4 4 4 4 4 4 4 4 4 4 4 4 4 4 4 4 
tsim window 7 7 5 5 5 5 5 5 5 5 5 5 5 5 5 5 11 11 11 11 11 11 11 11 11 11 12 12 12 12 12 12 12 12 12 12 12 12 12 12 12 12 12 12 12 14 16 16 16 16 16 16 16 
runtime -1 7 7 1.7949042320251465 0.8124170303344727 0.9234840869903564 1.677020788192749 2.4087653160095215 1.728302001953125 2.655557155609131 1.9838976860046387 0.6519675254821777 
avg_run -1 7 7 1.6262573136223688
al_time -1 7 7 0.012032270431518555 0.009898185729980469 0.019443750381469727 0.8449184894561768 0.026950359344482422 0.02707648277282715 0.023012399673461914 0.02443408966064453 2.370793104171753 
avg_all -1 7 7 0.37317323684692383
random:8T:3000
sum 0 7 8 60 24 
sum 1 7 8 180 43 
sum 2 7 8 240 51 
sum 3 7 8 360 62 
sum 4 7 8 540 73 
sum 5 7 8 600 77 
sum 6 7 8 1200 91 
sum 7 7 8 1500 91 
sum 8 7 8 1800 91 
sum 9 7 8 2100 92 
sum 10 7 8 2400 97 
sum 11 7 8 2700 101 
sum 12 7 8 3000 107 
miss fire 7 8 1 1 0 0 0 0 0 0 1 1 1 2 1 1 1 1 0 0 0 0 0 0 0 0 0 0 0 0 0 0 0 0 0 0 0 1 1 1 1 1 1 1 1 0 0 0 1 0 0 0 0 
miss human 7 8 6 6 6 5 4 4 4 3 3 3 3 1 1 1 0 0 0 0 0 0 0 0 0 0 0 0 0 0 0 0 0 0 0 0 0 0 0 0 0 0 0 0 0 0 0 0 0 0 0 0 0 
miss window 7 8 5 5 4 4 4 2 1 0 0 0 0 0 0 0 0 0 0 1 2 1 1 0 0 0 0 0 0 0 0 0 0 0 0 0 0 0 0 0 0 0 0 0 0 0 1 1 1 1 1 1 1 
acm fire 7 8 1 2 2 2 2 2 2 2 3 4 5 7 8 9 10 11 11 11 11 11 11 11 11 11 11 11 11 11 11 11 11 11 11 11 11 12 13 14 15 16 17 18 19 19 19 19 20 20 20 20 20 
acm human 7 8 6 12 18 23 27 31 35 38 41 44 47 48 49 50 50 50 50 50 50 50 50 50 50 50 50 50 50 50 50 50 50 50 50 50 50 50 50 50 50 50 50 50 50 50 50 50 50 50 50 50 50 
acm window 7 8 5 10 14 18 22 24 25 25 25 25 25 25 25 25 25 25 25 26 28 29 30 30 30 30 30 30 30 30 30 30 30 30 30 30 30 30 30 30 30 30 30 30 30 30 31 32 33 34 35 36 37 
tsim fire 7 8 1 1 1 1 1 1 1 1 2 2 2 3 3 3 3 3 3 3 3 3 3 3 3 3 3 3 3 3 3 3 3 3 3 3 3 4 4 4 4 4 4 4 4 4 4 4 5 5 5 5 5 
tsim human 7 8 6 6 6 6 5 5 5 4 4 4 4 2 2 2 1 1 1 1 1 1 1 1 1 1 1 1 1 1 1 1 1 1 1 1 1 1 1 1 1 1 1 1 1 1 1 1 1 1 1 1 1 
tsim window 7 8 5 5 5 5 5 5 5 5 5 5 5 10 10 10 10 10 10 11 12 12 12 12 12 12 12 12 12 12 12 12 12 12 12 12 12 12 12 12 12 12 12 12 12 12 13 13 13 13 13 13 13 
runtime -1 7 8 3.5626585483551025 2.481161594390869 2.680572509765625 5.02170205116272 1.902040958404541 2.8617348670959473 1.4015254974365234 0.47159266471862793 
avg_run -1 7 8 2.5478735864162445
al_time -1 7 8 0.022778034210205078 0.018773794174194336 0.8387582302093506 0.03023982048034668 0.024034738540649414 0.02848076820373535 0.024683237075805664 0.018543720245361328 
avg_all -1 7 8 0.12578654289245605
random:9T:3000
sum 0 7 9 60 50 
sum 1 7 9 180 87 
sum 2 7 9 240 99 
sum 3 7 9 360 117 
sum 4 7 9 540 141 
sum 5 7 9 600 146 
sum 6 7 9 1200 173 
sum 7 7 9 1500 178 
sum 8 7 9 1800 178 
sum 9 7 9 2100 182 
sum 10 7 9 2400 191 
sum 11 7 9 2700 192 
sum 12 7 9 3000 202 
miss fire 7 9 1 1 1 1 0 0 0 0 1 1 1 1 1 1 1 1 1 1 1 1 1 1 1 1 1 0 0 0 0 0 0 0 0 0 0 0 0 0 2 2 1 1 0 0 0 0 0 1 1 1 3 
miss human 7 9 20 20 15 14 12 10 8 7 8 7 4 7 2 2 1 1 0 0 0 0 0 0 0 0 0 0 0 0 0 0 0 0 0 0 0 0 0 0 0 0 0 0 0 0 0 0 0 0 0 0 0 
miss window 7 9 4 4 3 3 0 0 0 0 0 0 0 0 0 0 0 0 0 1 1 1 1 1 0 0 0 0 0 0 0 0 0 0 1 1 1 1 1 1 1 1 0 0 0 0 0 0 0 1 1 1 1 
acm fire 7 9 1 2 3 4 4 4 4 4 5 6 7 8 9 10 11 12 13 14 15 16 17 18 19 20 21 21 21 21 21 21 21 21 21 21 21 21 21 21 23 25 26 27 27 27 27 27 27 28 29 30 33 
acm human 7 9 20 40 55 69 81 91 99 106 114 121 125 132 134 136 137 138 138 138 138 138 138 138 138 138 138 138 138 138 138 138 138 138 138 138 138 138 138 138 138 138 138 138 138 138 138 138 138 138 138 138 138 
acm window 7 9 4 8 11 14 14 14 14 14 14 14 14 14 14 14 14 14 14 15 16 17 18 19 19 19 19 19 19 19 19 19 19 19 20 21 22 23 24 25 26 27 27 27 27 27 27 27 27 28 29 30 31 
tsim fire 7 9 1 1 1 1 1 1 1 1 2 2 2 2 2 2 2 2 2 2 2 2 2 2 3 3 3 3 3 3 3 3 3 3 3 3 3 3 3 3 5 5 5 5 5 5 5 5 5 6 6 6 8 
tsim human 7 9 20 20 19 19 19 18 16 16 14 13 11 8 4 4 4 4 4 4 4 4 4 4 4 4 4 4 4 4 4 4 4 4 4 4 4 4 4 4 4 4 4 4 4 4 4 4 4 4 4 4 4 
tsim window 7 9 4 4 4 4 4 4 4 4 4 4 4 4 4 4 4 4 4 5 5 5 5 5 10 10 10 10 10 10 10 10 10 10 11 11 11 11 11 11 11 11 11 11 11 11 11 11 11 12 12 12 12 
runtime -1 7 9 1.7760765552520752 0.8449759483337402 0.8829140663146973 0.7290754318237305 0.8293304443359375 0.6991004943847656 0.656644344329834 1.3868179321289062 1.0647099018096924 1.0756242275238037 1.498143196105957 
avg_run -1 7 9 1.0403102311221035
al_time -1 7 9 0.012593507766723633 0.01021718978881836 0.00960397720336914 0.009618759155273438 0.010486125946044922 0.010108232498168945 0.4228489398956299 0.014688730239868164 0.01392507553100586 0.012485265731811523 0.023526430130004883 
avg_all -1 7 9 0.050009293989701706
