random:0T:3000
sum 0 7 0 60 81 
sum 1 7 0 180 139 
sum 2 7 0 240 159 
sum 3 7 0 360 188 
sum 4 7 0 540 214 
sum 5 7 0 600 217 
sum 6 7 0 1200 236 
sum 7 7 0 1500 241 
sum 8 7 0 1800 247 
sum 9 7 0 2100 259 
sum 10 7 0 2400 280 
sum 11 7 0 2700 299 
sum 12 7 0 3000 318 
miss fire 7 0 6 6 6 5 4 2 2 4 2 2 0 0 2 2 0 0 0 0 0 0 0 0 0 0 0 0 1 1 1 1 2 2 2 1 4 3 3 3 3 3 3 4 0 0 0 0 0 0 0 0 0 
miss human 7 0 25 24 16 14 9 7 5 5 4 5 2 1 0 0 0 0 0 1 0 0 0 0 0 0 0 0 0 0 0 0 0 0 0 0 0 0 0 0 0 0 0 0 0 0 0 0 0 0 0 0 0 
miss window 7 0 10 10 9 8 7 7 6 4 0 0 1 1 0 0 0 1 2 1 2 2 4 3 2 0 0 0 0 0 0 0 0 0 0 0 0 0 0 0 2 2 2 3 3 4 2 3 3 3 3 5 5 
acm fire 7 0 6 12 18 23 27 29 31 35 37 39 39 39 41 43 43 43 43 43 43 43 43 43 43 43 43 43 44 45 46 47 49 51 53 54 58 61 64 67 70 73 76 80 80 80 80 80 80 80 80 80 80 
acm human 7 0 25 49 65 79 88 95 100 105 109 114 116 117 117 117 117 117 117 118 118 118 118 118 118 118 118 118 118 118 118 118 118 118 118 118 118 118 118 118 118 118 118 118 118 118 118 118 118 118 118 118 118 
acm window 7 0 10 20 29 37 44 51 57 61 61 61 62 63 63 63 63 64 66 67 69 71 75 78 80 80 80 80 80 80 80 80 80 80 80 80 80 80 80 80 82 84 86 89 92 96 98 101 104 107 110 115 120 
tsim fire 7 0 6 6 6 6 6 6 6 8 9 9 9 9 11 11 11 11 11 11 11 11 11 11 11 11 11 11 12 12 12 12 13 13 13 13 16 16 16 16 16 16 18 19 19 19 19 19 19 19 19 19 19 
tsim human 7 0 25 24 23 23 22 21 21 19 19 18 16 15 14 14 13 13 13 13 13 13 13 13 13 13 13 13 13 13 13 13 13 13 13 13 13 13 13 13 13 13 13 13 13 13 13 13 13 13 13 13 13 
tsim window 7 0 10 10 10 10 10 10 10 10 10 10 11 11 14 14 14 15 16 16 17 17 19 19 19 19 19 19 21 21 21 21 21 21 21 21 21 21 21 21 23 23 23 24 24 25 25 26 26 26 26 28 28 
runtime -1 7 0 6.534418821334839 3.474475145339966 3.231477975845337 3.3369009494781494 3.1056766510009766 2.7699673175811768 2.8998444080352783 3.243967056274414 3.5126354694366455 2.6092264652252197 
avg_run -1 7 0 3.4718590259552
al_time -1 7 0 0.05995059013366699 0.050150394439697266 0.04956412315368652 0.05832958221435547 0.06388545036315918 0.06238842010498047 1.8607685565948486 0.06589412689208984 0.06416583061218262 0.06517910957336426 
avg_all -1 7 0 0.24002761840820314
random:1T:3000
sum 0 7 1 60 86 
sum 1 7 1 180 137 
sum 2 7 1 240 156 
sum 3 7 1 360 184 
sum 4 7 1 540 220 
sum 5 7 1 600 227 
sum 6 7 1 1200 311 
sum 7 7 1 1500 345 
sum 8 7 1 1800 350 
sum 9 7 1 2100 361 
sum 10 7 1 2400 372 
sum 11 7 1 2700 390 
sum 12 7 1 3000 419 
miss fire 7 1 3 3 2 1 1 2 1 3 3 4 3 5 5 5 4 5 3 3 3 3 3 3 3 3 0 0 0 0 1 1 1 2 2 3 2 2 2 2 2 0 0 0 1 2 3 2 5 5 6 3 3 
miss human 7 1 27 27 15 14 11 10 7 6 8 8 4 4 4 4 3 3 2 2 1 1 0 0 0 0 0 0 0 0 0 0 0 0 0 0 0 0 0 0 0 0 0 0 0 0 0 0 0 0 0 0 0 
miss window 7 1 13 13 11 8 7 5 3 3 1 0 0 0 0 0 0 3 3 3 3 4 5 6 5 6 4 4 2 0 0 0 0 0 0 0 0 0 0 1 1 1 2 2 2 2 2 2 2 1 1 1 2 
acm fire 7 1 3 6 8 9 10 12 13 16 19 23 26 31 36 41 45 50 53 56 59 62 65 68 71 74 74 74 74 74 75 76 77 79 81 84 86 88 90 92 94 94 94 94 95 97 100 102 107 112 118 121 124 
acm human 7 1 27 54 69 83 94 104 111 117 125 133 137 141 145 149 152 155 157 159 160 161 161 161 161 161 161 161 161 161 161 161 161 161 161 161 161 161 161 161 161 161 161 161 161 161 161 161 161 161 161 161 161 
acm window 7 1 13 26 37 45 52 57 60 63 64 64 64 64 64 64 64 67 70 73 76 80 85 91 96 102 106 110 112 112 112 112 112 112 112 112 112 112 112 113 114 115 117 119 121 123 125 127 129 130 131 132 134 
tsim fire 7 1 3 3 3 3 3 4 4 6 6 7 7 9 10 10 10 11 11 11 11 11 11 11 11 11 11 11 11 11 12 12 12 13 14 13 13 13 13 13 13 13 13 13 14 15 16 16 19 19 20 20 20 
tsim human 7 1 27 27 27 26 25 23 22 22 20 20 20 20 20 20 19 19 19 19 19 19 19 19 19 19 19 19 19 19 19 19 19 19 19 19 19 19 19 19 19 19 19 19 19 19 19 19 19 19 19 19 19 
tsim window 7 1 13 13 13 13 13 13 13 13 13 13 13 16 19 19 19 22 22 22 22 23 24 25 25 26 26 26 26 26 26 26 26 26 26 26 26 26 26 27 27 27 28 28 28 29 29 29 34 34 34 34 35 
runtime -1 7 1 6.617504119873047 3.9542601108551025 3.365670919418335 3.616363286972046 3.730058193206787 3.7712242603302 4.335590839385986 4.432854890823364 3.5171587467193604 4.18804931640625 3.6039113998413086 3.548832654953003 3.616260051727295 2.040012836456299 0.5113561153411865 
avg_run -1 7 1 3.656607182820638
al_time -1 7 1 0.06028604507446289 0.050286293029785156 1.7927937507629395 2.0877110958099365 0.057212114334106445 0.05590415000915527 0.10457324981689453 0.06090211868286133 0.07565808296203613 0.06265926361083984 0.1081533432006836 0.06382179260253906 0.06833481788635254 0.06580424308776855 0.06038308143615723 
avg_all -1 7 1 0.3182988961537679
random:2T:3000
sum 0 7 2 60 46 
sum 1 7 2 180 68 
sum 2 7 2 240 74 
sum 3 7 2 360 83 
sum 4 7 2 540 102 
sum 5 7 2 600 106 
sum 6 7 2 1200 127 
sum 7 7 2 1500 127 
sum 8 7 2 1800 127 
sum 9 7 2 2100 131 
sum 10 7 2 2400 136 
sum 11 7 2 2700 152 
sum 12 7 2 3000 172 
miss fire 7 2 4 4 2 0 1 1 1 2 4 4 1 1 1 1 1 0 0 0 0 0 0 0 0 0 0 0 0 0 0 0 0 0 1 1 1 1 1 0 1 1 2 3 3 2 2 3 2 3 2 2 2 
miss human 7 2 12 12 8 6 5 4 3 3 3 2 2 1 1 1 1 0 0 0 0 0 0 0 0 0 0 0 0 0 0 0 0 0 0 0 0 0 0 0 0 0 0 0 0 0 0 0 0 0 0 0 0 
miss window 7 2 7 7 4 2 0 0 0 0 0 1 1 1 1 1 1 0 1 2 3 3 0 0 0 0 0 0 0 0 0 0 0 0 0 0 0 0 0 0 0 0 0 1 1 0 0 1 1 2 2 2 2 
acm fire 7 2 4 8 10 10 11 12 13 15 19 23 24 25 26 27 28 28 28 28 28 28 28 28 28 28 28 28 28 28 28 28 28 28 29 30 31 32 33 33 34 35 37 40 43 45 47 50 52 55 57 59 61 
acm human 7 2 12 24 32 38 43 47 50 53 56 58 60 61 62 63 64 64 64 64 64 64 64 64 64 64 64 64 64 64 64 64 64 64 64 64 64 64 64 64 64 64 64 64 64 64 64 64 64 64 64 64 64 
acm window 7 2 7 14 18 20 20 20 20 20 20 21 22 23 24 25 26 26 27 29 32 35 35 35 35 35 35 35 35 35 35 35 35 35 35 35 35 35 35 35 35 35 35 36 37 37 37 38 39 41 43 45 47 
tsim fire 7 2 4 4 4 4 5 5 5 6 9 9 10 10 10 10 10 10 10 10 10 10 10 10 10 10 10 10 10 10 10 10 10 10 11 9 9 9 9 9 10 10 11 13 13 14 14 15 16 17 17 17 17 
tsim human 7 2 12 12 12 12 12 12 11 11 11 10 10 9 9 9 9 8 8 8 8 8 8 8 8 8 8 8 8 8 8 8 8 8 8 8 8 8 8 8 8 8 8 8 8 8 8 8 8 8 8 8 8 
tsim window 7 2 7 7 7 7 7 7 7 7 7 8 11 11 11 11 11 11 12 13 14 14 14 14 14 14 14 14 14 14 14 14 14 14 14 14 14 14 14 14 14 14 14 15 15 15 15 23 23 24 24 24 24 
runtime -1 7 2 1.6440057754516602 1.597862720489502 1.6417324542999268 1.2078382968902588 1.5265729427337646 1.2621703147888184 1.5697259902954102 1.1825149059295654 0.9364700317382812 0.8101940155029297 0.7335691452026367 0.49408936500549316 0.5013718605041504 
avg_run -1 7 2 1.1621629091409535
al_time -1 7 2 0.031087398529052734 0.028224945068359375 0.031215190887451172 0.9709951877593994 0.04669618606567383 0.0466303825378418 0.04050135612487793 0.03720974922180176 0.03671145439147949 0.0376887321472168 0.04070854187011719 1.1624689102172852 0.030675888061523438 
avg_all -1 7 2 0.19544722483708307
random:3T:3000
sum 0 7 3 60 116 
sum 1 7 3 180 198 
sum 2 7 3 240 231 
sum 3 7 3 360 281 
sum 4 7 3 540 322 
sum 5 7 3 600 330 
sum 6 7 3 1200 397 
sum 7 7 3 1500 406 
sum 8 7 3 1800 416 
sum 9 7 3 2100 429 
sum 10 7 3 2400 444 
sum 11 7 3 2700 454 
sum 12 7 3 3000 466 
miss fire 7 3 5 5 5 3 4 3 4 3 2 1 1 2 2 3 3 3 0 0 0 0 0 0 0 1 1 1 1 1 2 2 1 2 2 1 2 3 3 2 2 2 2 2 2 3 1 1 1 1 1 3 3 
miss human 7 3 30 30 22 20 19 15 12 9 7 7 6 5 9 8 5 5 2 2 1 1 2 0 0 1 1 0 0 0 0 0 0 0 0 0 0 0 0 0 0 0 0 0 0 0 0 0 0 0 0 0 0 
miss window 7 3 23 23 19 13 10 9 7 6 4 2 1 1 1 2 3 3 1 1 1 1 0 1 1 0 1 1 1 1 1 0 0 1 1 1 0 0 0 1 1 1 1 1 0 0 0 0 0 0 0 0 3 
acm fire 7 3 5 10 15 18 22 25 29 32 34 35 36 38 40 43 46 49 49 49 49 49 49 49 49 50 51 52 53 54 56 58 59 61 63 64 66 69 72 74 76 78 80 82 84 87 88 89 90 91 92 95 98 
acm human 7 3 30 60 82 102 121 136 148 157 164 171 177 182 191 199 204 209 211 213 214 215 217 217 217 218 219 219 219 219 219 219 219 219 219 219 219 219 219 219 219 219 219 219 219 219 219 219 219 219 219 219 219 
acm window 7 3 23 46 65 78 88 97 104 110 114 116 117 118 119 121 124 127 128 129 130 131 131 132 133 133 134 135 136 137 138 138 138 139 140 141 141 141 141 142 143 144 145 146 146 146 146 146 146 146 146 146 149 
tsim fire 7 3 5 5 5 5 6 6 7 7 7 8 8 9 9 10 10 10 10 10 10 10 10 10 10 11 11 11 11 11 12 12 12 13 13 12 12 13 13 13 13 13 15 15 16 17 17 17 17 17 17 19 19 
tsim human 7 3 30 30 28 28 28 27 27 26 25 24 22 21 19 18 17 17 17 17 17 17 17 17 17 17 17 17 17 17 17 17 17 17 17 17 17 17 17 17 17 17 17 17 17 17 17 17 17 17 17 17 17 
tsim window 7 3 23 23 23 23 23 24 24 24 24 24 24 24 24 25 26 26 26 26 27 27 27 28 28 30 31 31 31 31 31 31 31 32 32 32 32 32 32 33 33 33 33 33 34 34 34 34 34 34 34 34 37 
runtime -1 7 3 10.025108814239502 4.37307333946228 4.317573308944702 4.751823425292969 4.373343467712402 3.4452850818634033 2.9793691635131836 4.506024599075317 4.1901795864105225 4.810731887817383 3.672696113586426 2.6850507259368896 
avg_run -1 7 3 4.510854959487915
al_time -1 7 3 0.06015753746032715 0.056044578552246094 0.05708599090576172 0.05788612365722656 0.05953216552734375 0.06160902976989746 2.0510642528533936 0.11182069778442383 0.06843352317810059 0.11377739906311035 0.06818151473999023 0.05819082260131836 
avg_all -1 7 3 0.23531530300776163
random:4T:3000
sum 0 7 4 60 81 
sum 1 7 4 180 137 
sum 2 7 4 240 153 
sum 3 7 4 360 168 
sum 4 7 4 540 187 
sum 5 7 4 600 194 
sum 6 7 4 1200 230 
sum 7 7 4 1500 245 
sum 8 7 4 1800 248 
sum 9 7 4 2100 255 
sum 10 7 4 2400 256 
sum 11 7 4 2700 270 
sum 12 7 4 3000 298 
miss fire 7 4 3 3 2 2 1 0 1 2 2 2 2 1 3 3 3 2 2 0 0 0 0 1 0 0 0 0 0 0 0 0 0 0 0 2 2 2 0 0 0 0 1 1 1 1 3 4 5 5 5 4 5 
miss human 7 4 23 22 17 10 6 4 3 5 4 4 5 3 2 1 1 1 1 0 0 0 0 0 0 0 0 0 0 0 0 0 0 0 0 0 0 0 0 0 0 0 0 0 0 0 0 0 0 0 0 0 0 
miss window 7 4 15 15 13 12 9 6 1 0 0 0 0 0 0 0 0 1 2 2 2 3 3 6 3 3 1 1 1 1 0 0 1 1 0 0 0 0 0 0 0 0 0 0 1 1 1 1 1 1 1 0 1 
acm fire 7 4 3 6 8 10 11 11 12 14 16 18 20 21 24 27 30 32 34 34 34 34 34 35 35 35 35 35 35 35 35 35 35 35 35 37 39 41 41 41 41 41 42 43 44 45 48 52 57 62 67 71 76 
acm human 7 4 23 45 62 72 78 82 85 90 94 98 103 106 108 109 110 111 112 112 112 112 112 112 112 112 112 112 112 112 112 112 112 112 112 112 112 112 112 112 112 112 112 112 112 112 112 112 112 112 112 112 112 
acm window 7 4 15 30 43 55 64 70 71 71 71 71 71 71 71 71 71 72 74 76 78 81 84 90 93 96 97 98 99 100 100 100 101 102 102 102 102 102 102 102 102 102 102 102 103 104 105 106 107 108 109 109 110 
tsim fire 7 4 3 3 3 3 3 3 4 5 5 5 5 6 8 9 9 9 9 9 9 9 9 10 10 10 10 10 10 10 10 10 10 10 10 10 10 10 10 10 10 10 11 12 12 12 14 15 16 16 17 18 19 
tsim human 7 4 23 22 22 22 22 22 21 23 23 23 22 20 19 19 19 19 19 19 19 19 19 19 19 19 19 19 19 19 19 19 19 19 19 19 19 19 19 19 19 19 19 19 19 19 19 19 19 19 19 19 19 
tsim window 7 4 15 15 15 15 15 15 15 18 18 18 18 18 18 18 18 19 20 20 20 21 21 24 24 24 24 24 24 24 24 24 25 25 25 25 25 25 25 25 25 25 25 25 26 26 26 31 31 31 31 31 32 
runtime -1 7 4 4.5087571144104 1.479809045791626 1.8568804264068604 1.6662697792053223 1.7026052474975586 1.6558997631072998 1.8381152153015137 1.7334539890289307 2.005896806716919 1.563621997833252 1.0642971992492676 0.26254701614379883 
avg_run -1 7 4 1.7781794667243958
al_time -1 7 4 0.05183219909667969 1.313237190246582 0.042565345764160156 0.04331684112548828 0.04198575019836426 0.04465317726135254 0.045262813568115234 0.05844426155090332 0.05284881591796875 0.08950352668762207 0.053479671478271484 0.04449629783630371 
avg_all -1 7 4 0.15680215756098428
random:5T:3000
sum 0 7 5 60 119 
sum 1 7 5 180 199 
sum 2 7 5 240 230 
sum 3 7 5 360 271 
sum 4 7 5 540 328 
sum 5 7 5 600 346 
sum 6 7 5 1200 439 
sum 7 7 5 1500 453 
sum 8 7 5 1800 466 
sum 9 7 5 2100 475 
sum 10 7 5 2400 490 
sum 11 7 5 2700 508 
sum 12 7 5 3000 534 
miss fire 7 5 4 4 3 3 2 2 4 4 5 5 7 7 4 4 4 2 2 2 4 1 1 1 1 0 1 1 1 1 1 1 1 1 1 0 0 0 2 3 3 1 1 1 2 3 3 4 5 5 2 2 2 
miss human 7 5 42 41 32 25 21 12 13 10 11 11 9 8 10 8 8 3 3 2 2 0 0 0 0 0 0 0 0 0 0 0 0 0 0 0 0 0 0 0 0 0 0 0 0 0 0 0 0 0 0 0 0 
miss window 7 5 14 14 9 8 8 4 6 5 3 3 2 2 0 0 1 2 2 1 3 3 4 4 4 1 1 0 0 2 2 2 2 1 1 1 2 2 1 1 1 1 1 1 1 1 0 2 2 2 2 1 3 
acm fire 7 5 4 8 11 14 16 18 22 26 31 36 43 50 54 58 62 64 66 68 72 73 74 75 76 76 77 78 79 80 81 82 83 84 85 85 85 85 87 90 93 94 95 96 98 101 104 108 113 118 120 122 124 
acm human 7 5 42 83 115 140 161 173 186 196 207 218 227 235 245 253 261 264 267 269 271 271 271 271 271 271 271 271 271 271 271 271 271 271 271 271 271 271 271 271 271 271 271 271 271 271 271 271 271 271 271 271 271 
acm window 7 5 14 28 37 45 53 57 63 68 71 74 76 78 78 78 79 81 83 84 87 90 94 98 102 103 104 104 104 106 108 110 112 113 114 115 117 119 120 121 122 123 124 125 126 127 127 129 131 133 135 136 139 
tsim fire 7 5 4 4 4 4 4 4 6 6 7 7 9 9 9 9 9 9 9 9 11 11 11 11 11 11 12 12 12 12 12 12 12 12 12 11 11 11 12 13 13 13 13 13 15 16 16 17 18 18 19 19 19 
tsim human 7 5 42 41 40 40 39 36 32 29 28 26 24 23 23 23 23 23 23 23 23 23 23 23 23 23 23 23 23 23 23 23 23 23 23 23 23 23 23 23 23 23 23 23 23 23 23 23 23 23 23 23 23 
tsim window 7 5 14 14 14 14 15 15 18 18 18 18 18 18 18 18 19 20 20 20 27 27 28 28 28 28 28 28 28 30 30 30 30 30 30 30 31 31 31 31 31 31 31 31 31 31 31 33 33 33 33 33 35 
runtime -1 7 5 8.407367467880249 3.3235881328582764 1.8880810737609863 1.8715450763702393 2.1100850105285645 2.06130313873291 1.8053617477416992 1.6432018280029297 1.7292900085449219 1.5529277324676514 1.2243983745574951 0.45235753059387207 
avg_run -1 7 5 2.3391255935033164
al_time -1 7 5 0.033544063568115234 0.06880831718444824 0.030104637145996094 0.030210256576538086 0.20731616020202637 0.06192970275878906 0.03253602981567383 0.04282236099243164 0.06732463836669922 0.0732264518737793 0.039795637130737305 0.02750563621520996 
avg_all -1 7 5 0.059593657652537026
random:6T:3000
sum 0 7 6 60 100 
sum 1 7 6 180 167 
sum 2 7 6 240 198 
sum 3 7 6 360 242 
sum 4 7 6 540 288 
sum 5 7 6 600 297 
sum 6 7 6 1200 352 
sum 7 7 6 1500 361 
sum 8 7 6 1800 361 
sum 9 7 6 2100 366 
sum 10 7 6 2400 380 
sum 11 7 6 2700 390 
sum 12 7 6 3000 413 
miss fire 7 6 3 3 3 2 2 3 1 4 4 5 3 3 2 2 2 0 0 0 0 0 0 0 0 0 0 0 0 0 0 0 0 0 2 1 1 1 1 2 4 3 4 2 3 1 1 3 3 3 3 2 2 
miss human 7 6 31 31 22 20 21 19 13 12 10 8 6 5 5 2 2 1 1 0 0 0 1 1 0 0 0 0 0 0 0 0 0 0 0 0 0 0 0 0 0 0 0 0 0 0 0 0 0 0 0 0 0 
miss window 7 6 16 16 12 8 8 6 2 1 1 1 0 0 0 1 2 2 3 4 6 7 4 4 2 2 0 0 0 0 0 0 0 0 0 0 0 0 0 0 0 0 0 0 0 0 0 0 0 1 3 2 4 
acm fire 7 6 3 6 9 11 13 16 17 21 25 30 33 36 38 40 42 42 42 42 42 42 42 42 42 42 42 42 42 42 42 42 42 42 44 45 46 47 48 50 54 57 61 63 66 67 68 71 74 77 80 82 84 
acm human 7 6 31 62 84 104 125 144 157 169 179 187 193 198 203 205 207 208 209 209 209 209 210 211 211 211 211 211 211 211 211 211 211 211 211 211 211 211 211 211 211 211 211 211 211 211 211 211 211 211 211 211 211 
acm window 7 6 16 32 44 52 60 66 68 69 70 71 71 71 71 72 74 76 79 83 89 96 100 104 106 108 108 108 108 108 108 108 108 108 108 108 108 108 108 108 108 108 108 108 108 108 108 108 108 109 112 114 118 
tsim fire 7 6 3 3 3 3 3 4 5 8 9 11 11 11 11 11 11 11 11 11 11 11 11 11 11 11 11 11 11 11 11 11 11 11 11 8 8 8 8 10 12 12 13 14 15 16 16 18 18 18 18 19 19 
tsim human 7 6 31 31 29 29 27 26 24 26 26 24 24 23 22 22 22 22 22 22 22 22 22 22 22 22 22 22 22 22 22 22 22 22 22 22 22 22 22 22 22 22 22 22 22 22 22 22 22 22 22 22 22 
tsim window 7 6 16 16 16 16 16 16 20 23 23 23 23 23 23 24 25 25 26 28 30 31 31 31 31 31 31 31 31 31 31 31 31 31 31 31 31 31 31 31 31 31 31 34 34 34 34 35 35 36 38 38 40 
runtime -1 7 6 4.295414924621582 1.630969524383545 2.3926100730895996 2.72326922416687 2.4587595462799072 2.0179524421691895 2.1278014183044434 1.9710898399353027 2.196716070175171 1.7646799087524414 1.4600982666015625 
avg_run -1 7 6 2.2763055671345103
al_time -1 7 6 0.032543182373046875 0.9079239368438721 1.0635647773742676 0.031617164611816406 0.03622555732727051 0.03870058059692383 0.0358736515045166 0.03082585334777832 0.03207087516784668 0.033315181732177734 0.038520097732543945 
avg_all -1 7 6 0.20738007805564188
random:7T:3000
sum 0 7 7 60 84 
sum 1 7 7 180 141 
sum 2 7 7 240 157 
sum 3 7 7 360 180 
sum 4 7 7 540 208 
sum 5 7 7 600 216 
sum 6 7 7 1200 256 
sum 7 7 7 1500 257 
sum 8 7 7 1800 265 
sum 9 7 7 2100 275 
sum 10 7 7 2400 292 
sum 11 7 7 2700 327 
sum 12 7 7 3000 362 
miss fire 7 7 4 4 2 3 3 3 1 2 2 3 3 3 1 1 0 1 1 1 2 1 1 0 0 0 0 0 0 0 0 2 2 1 1 3 1 2 1 3 3 2 2 3 3 4 5 4 4 2 2 2 2 
miss human 7 7 22 22 17 14 7 7 6 7 6 5 4 4 4 4 1 1 0 0 1 0 0 0 0 0 0 0 0 0 0 0 0 0 0 0 0 0 0 0 0 0 0 0 0 0 0 0 0 0 0 0 0 
miss window 7 7 16 16 13 8 6 3 3 1 1 1 1 2 2 2 1 2 2 2 0 0 0 0 0 0 1 0 0 1 1 1 1 1 1 0 0 0 0 1 1 2 2 2 2 3 5 4 5 5 5 4 4 
acm fire 7 7 4 8 10 13 16 19 20 22 24 27 30 33 34 35 35 36 37 38 40 41 42 42 42 42 42 42 42 42 42 44 46 47 48 51 52 54 55 58 61 63 65 68 71 75 80 84 88 90 92 94 96 
acm human 7 7 22 44 61 75 82 89 95 102 108 113 117 121 125 129 130 131 131 131 132 132 132 132 132 132 132 132 132 132 132 132 132 132 132 132 132 132 132 132 132 132 132 132 132 132 132 132 132 132 132 132 132 
acm window 7 7 16 32 45 53 59 62 65 66 67 68 69 71 73 75 76 78 80 82 82 82 82 82 82 82 83 83 83 84 85 86 87 88 89 89 89 89 89 90 91 93 95 97 99 102 107 111 116 121 126 130 134 
tsim fire 7 7 4 4 4 5 5 5 5 7 7 8 8 8 8 8 8 9 9 9 10 10 10 10 10 10 10 10 10 10 10 12 12 12 12 12 12 13 13 15 15 15 15 16 16 17 18 18 18 19 19 19 19 
tsim human 7 7 22 22 20 19 17 17 17 19 19 16 14 14 14 12 12 12 12 12 12 12 12 12 12 12 12 12 12 12 12 12 12 12 12 12 12 12 12 12 12 12 12 12 12 12 12 12 12 12 12 12 12 
tsim window 7 7 16 16 16 16 16 16 16 18 19 19 19 20 20 20 21 26 26 26 26 26 26 26 26 26 27 27 27 28 28 28 28 28 28 28 28 28 28 29 29 30 30 30 30 32 34 34 35 35 35 35 35 
runtime -1 7 7 3.2998311519622803 1.8254971504211426 1.7747390270233154 1.8315470218658447 1.6645517349243164 1.909679651260376 1.5384068489074707 1.4854927062988281 1.0270307064056396 1.333385705947876 1.328909158706665 0.7292144298553467 0.7514486312866211 
avg_run -1 7 7 1.5769026096050556
al_time -1 7 7 0.030031442642211914 0.022638559341430664 0.7611575126647949 0.02436375617980957 0.025859355926513672 0.053170204162597656 0.0354151725769043 0.02613973617553711 0.025954246520996094 0.028202295303344727 0.058821678161621094 0.8499166965484619 0.02307438850402832 
avg_all -1 7 7 0.15113423420832708
random:8T:3000
sum 0 7 8 60 54 
sum 1 7 8 180 87 
sum 2 7 8 240 97 
sum 3 7 8 360 110 
sum 4 7 8 540 118 
sum 5 7 8 600 122 
sum 6 7 8 1200 152 
sum 7 7 8 1500 156 
sum 8 7 8 1800 164 
sum 9 7 8 2100 170 
sum 10 7 8 2400 177 
sum 11 7 8 2700 192 
sum 12 7 8 3000 205 
miss fire 7 8 3 3 2 2 2 3 3 1 1 2 1 1 1 1 0 0 0 1 1 0 0 0 0 0 0 0 0 0 0 0 0 0 0 1 1 1 2 1 1 1 1 1 3 2 2 2 3 2 2 0 1 
miss human 7 8 14 14 12 8 5 3 2 0 1 3 3 2 1 1 1 1 1 1 1 0 0 0 0 0 0 0 0 0 0 0 0 0 0 0 0 0 0 0 0 0 0 0 0 0 0 0 0 0 0 0 0 
miss window 7 8 10 10 5 4 3 2 0 0 0 0 0 0 0 0 0 3 4 4 3 1 1 1 0 1 1 1 1 2 2 2 1 1 1 1 0 0 0 0 0 0 1 1 1 1 1 1 1 1 1 1 1 
acm fire 7 8 3 6 8 10 12 15 18 19 20 22 23 24 25 26 26 26 26 27 28 28 28 28 28 28 28 28 28 28 28 28 28 28 28 29 30 31 33 34 35 36 37 38 41 43 45 47 50 52 54 54 55 
acm human 7 8 14 28 40 48 53 56 58 58 59 62 65 67 68 69 70 71 72 73 74 74 74 74 74 74 74 74 74 74 74 74 74 74 74 74 74 74 74 74 74 74 74 74 74 74 74 74 74 74 74 74 74 
acm window 7 8 10 20 25 29 32 34 34 34 34 34 34 34 34 34 34 37 41 45 48 49 50 51 51 52 53 54 55 57 59 61 62 63 64 65 65 65 65 65 65 65 66 67 68 69 70 71 72 73 74 75 76 
tsim fire 7 8 3 3 3 3 3 4 6 7 7 8 8 8 9 9 9 9 9 10 10 10 10 10 10 10 10 10 10 10 10 10 10 10 10 11 11 11 12 12 12 12 12 12 14 14 14 14 15 16 16 16 17 
tsim human 7 8 14 14 14 14 11 11 11 9 8 10 10 9 8 8 8 8 8 8 8 8 8 8 8 8 8 8 8 8 8 8 8 8 8 8 8 8 8 8 8 8 8 8 8 8 8 8 8 8 8 8 8 
tsim window 7 8 10 10 10 10 10 10 10 10 10 10 10 10 10 10 10 13 14 20 20 20 20 20 20 21 21 21 21 22 22 22 22 22 22 22 22 22 22 22 22 22 23 23 23 23 23 24 25 25 25 25 25 
runtime -1 7 8 1.7169756889343262 1.2468433380126953 1.0860536098480225 1.0312390327453613 1.199265718460083 0.8416807651519775 0.8208169937133789 1.1085896492004395 0.9485270977020264 0.5128893852233887 0.27352404594421387 0.16494226455688477 
avg_run -1 7 8 0.9126122991243998
al_time -1 7 8 0.04883408546447754 0.019948959350585938 0.6382889747619629 0.02044677734375 0.024185895919799805 0.022716760635375977 0.025874614715576172 0.02410101890563965 0.024396657943725586 0.02489781379699707 0.7471773624420166 0.018153667449951172 
avg_all -1 7 8 0.1365852157274882
random:9T:3000
sum 0 7 9 60 105 
sum 1 7 9 180 172 
sum 2 7 9 240 198 
sum 3 7 9 360 222 
sum 4 7 9 540 250 
sum 5 7 9 600 261 
sum 6 7 9 1200 287 
sum 7 7 9 1500 297 
sum 8 7 9 1800 310 
sum 9 7 9 2100 324 
sum 10 7 9 2400 338 
sum 11 7 9 2700 348 
sum 12 7 9 3000 368 
miss fire 7 9 3 3 2 2 1 0 0 1 2 4 4 1 1 0 0 0 0 0 0 0 1 1 0 0 2 2 2 1 1 1 3 2 2 2 2 2 2 3 3 3 2 2 2 1 2 2 3 3 2 1 1 
miss human 7 9 33 32 22 20 16 10 8 7 7 7 7 6 5 3 3 0 0 0 0 0 0 0 0 0 0 0 0 0 0 0 0 0 0 0 0 0 0 0 0 0 0 0 0 0 0 0 0 0 0 0 0 
miss window 7 9 17 17 11 10 9 4 2 0 0 0 0 0 0 0 0 2 1 1 0 1 1 1 1 1 1 1 1 1 1 1 1 1 1 0 1 1 0 0 0 1 0 0 0 0 0 1 1 3 2 2 2 
acm fire 7 9 3 6 8 10 11 11 11 12 14 18 22 23 24 24 24 24 24 24 24 24 25 26 26 26 28 30 32 33 34 35 38 40 42 44 46 48 50 53 56 59 61 63 65 66 68 70 73 76 78 79 80 
acm human 7 9 33 65 87 107 123 133 141 148 155 162 169 175 180 183 186 186 186 186 186 186 186 186 186 186 186 186 186 186 186 186 186 186 186 186 186 186 186 186 186 186 186 186 186 186 186 186 186 186 186 186 186 
acm window 7 9 17 34 45 55 64 68 70 70 70 70 70 70 70 70 70 72 73 74 74 75 76 77 78 79 80 81 82 83 84 85 86 87 88 88 89 90 90 90 90 91 91 91 91 91 91 92 93 96 98 100 102 
tsim fire 7 9 3 3 3 3 3 3 3 4 5 7 7 7 7 7 7 7 7 7 7 7 8 8 8 8 10 10 10 10 10 10 12 12 12 12 12 12 14 15 16 16 16 16 16 16 17 17 19 19 19 19 19 
tsim human 7 9 33 32 31 31 30 29 28 28 28 28 28 27 26 25 25 22 22 22 22 22 22 22 22 22 22 22 22 22 22 22 22 22 22 22 22 22 22 22 22 22 22 22 22 22 22 22 22 22 22 22 22 
tsim window 7 9 17 17 17 17 17 17 17 17 17 17 17 17 17 17 17 19 19 19 19 20 24 24 24 24 24 24 24 24 24 24 25 25 25 25 26 26 26 26 26 27 27 27 27 27 27 28 28 30 30 30 30 
runtime -1 7 9 2.168494939804077 0.5713891983032227 0.5098121166229248 0.48564624786376953 0.5251731872558594 0.8120996952056885 0.7063441276550293 0.6354243755340576 0.7253904342651367 0.7033786773681641 0.6997644901275635 0.4421989917755127 0.315096378326416 0.20728635787963867 
avg_run -1 7 9 0.6791070869990757
al_time -1 7 9 0.02576923370361328 0.019181013107299805 0.01961374282836914 0.02014017105102539 0.6496059894561768 0.02385687828063965 0.050704002380371094 0.025593996047973633 0.022121429443359375 0.022378921508789062 0.024822711944580078 0.02564859390258789 0.023192167282104492 0.02289557456970215 
avg_all -1 7 9 0.0696803161076137
