random:0T:3000
sum 0 7 0 60 58 
sum 1 7 0 180 91 
sum 2 7 0 240 100 
sum 3 7 0 360 115 
sum 4 7 0 540 136 
sum 5 7 0 600 139 
sum 6 7 0 1200 166 
sum 7 7 0 1500 169 
sum 8 7 0 1800 171 
sum 9 7 0 2100 178 
sum 10 7 0 2400 190 
sum 11 7 0 2700 197 
sum 12 7 0 3000 214 
miss fire 7 0 3 3 2 2 1 0 1 2 1 1 0 0 0 0 0 1 1 1 0 0 0 0 0 0 0 0 0 0 0 0 0 1 2 1 1 2 3 3 2 2 1 1 0 0 0 0 0 1 1 0 0 
miss human 7 0 18 18 11 9 7 7 7 7 5 5 3 5 3 3 2 0 0 0 0 0 0 0 0 0 0 0 0 0 0 0 0 0 0 0 0 0 0 0 0 0 0 0 0 0 0 0 0 0 0 0 0 
miss window 7 0 8 8 6 3 1 0 0 0 0 0 0 0 0 0 1 1 1 2 2 2 2 1 1 1 0 0 1 1 0 0 0 0 0 0 0 0 0 0 0 1 0 0 1 1 1 3 3 3 3 3 3 
acm fire 7 0 3 6 8 10 11 11 12 14 15 16 16 16 16 16 16 17 18 19 19 19 19 19 19 19 19 19 19 19 19 19 19 20 22 23 24 26 29 32 34 36 37 38 38 38 38 38 38 39 40 40 40 
acm human 7 0 18 36 47 56 63 70 77 84 89 94 97 102 105 108 110 110 110 110 110 110 110 110 110 110 110 110 110 110 110 110 110 110 110 110 110 110 110 110 110 110 110 110 110 110 110 110 110 110 110 110 110 
acm window 7 0 8 16 22 25 26 26 26 26 26 26 26 26 26 26 27 28 29 31 33 35 37 38 39 40 40 40 41 42 42 42 42 42 42 42 42 42 42 42 42 43 43 43 44 45 46 49 52 55 58 61 64 
tsim fire 7 0 3 3 3 3 3 3 4 5 5 5 5 5 5 5 5 6 6 6 6 6 6 6 6 6 6 6 6 6 6 6 6 7 8 8 8 9 10 10 10 10 10 10 10 10 10 10 10 11 11 11 11 
tsim human 7 0 18 18 18 17 16 15 15 15 14 14 13 11 10 10 9 8 8 8 8 8 8 8 8 8 8 8 8 8 8 8 8 8 8 8 8 8 8 8 8 8 8 8 8 8 8 8 8 8 8 8 8 
tsim window 7 0 8 8 8 8 8 8 8 8 8 8 8 8 8 8 9 9 9 10 10 10 10 10 10 10 10 10 11 11 11 11 11 13 13 13 13 13 13 13 13 14 14 14 15 15 15 17 17 17 17 17 17 
runtime -1 7 0 1.7272462844848633 0.740746259689331 0.7469775676727295 0.5127856731414795 0.6132791042327881 0.55283522605896 0.5485548973083496 0.5717868804931641 0.8745651245117188 0.6239798069000244 0.48213744163513184 
avg_run -1 7 0 0.7268085696480491
al_time -1 7 0 0.020923137664794922 0.01638507843017578 0.01660776138305664 0.01675558090209961 0.017607927322387695 0.022687196731567383 0.02013683319091797 0.5653097629547119 0.02058887481689453 0.020000219345092773 0.026187419891357422 
avg_all -1 7 0 0.06938089023936879
random:1T:3000
sum 0 7 1 60 61 
sum 1 7 1 180 97 
sum 2 7 1 240 105 
sum 3 7 1 360 121 
sum 4 7 1 540 145 
sum 5 7 1 600 154 
sum 6 7 1 1200 218 
sum 7 7 1 1500 229 
sum 8 7 1 1800 241 
sum 9 7 1 2100 244 
sum 10 7 1 2400 250 
sum 11 7 1 2700 262 
sum 12 7 1 3000 280 
miss fire 7 1 2 2 2 2 1 1 1 1 1 3 3 3 4 3 4 3 4 1 1 1 1 0 0 0 0 0 0 0 0 0 0 1 1 0 0 1 1 1 1 2 1 2 2 2 2 2 2 3 3 2 2 
miss human 7 1 23 22 13 9 6 7 7 5 7 7 6 6 6 6 8 3 2 1 1 0 0 0 0 0 0 0 0 0 0 0 0 0 0 0 0 0 0 0 0 0 0 0 0 0 0 0 0 0 0 0 0 
miss window 7 1 6 6 6 4 1 0 0 0 0 0 0 0 0 0 0 0 0 0 2 2 2 1 2 2 3 3 3 4 2 2 1 0 0 0 0 0 0 0 0 0 0 0 1 1 0 0 0 0 2 2 2 
acm fire 7 1 2 4 6 8 9 10 11 12 13 16 19 22 26 29 33 36 40 41 42 43 44 44 44 44 44 44 44 44 44 44 44 45 46 46 46 47 48 49 50 52 53 55 57 59 61 63 65 68 71 73 75 
acm human 7 1 23 45 58 67 73 80 87 92 99 106 112 118 124 130 138 141 143 144 145 145 145 145 145 145 145 145 145 145 145 145 145 145 145 145 145 145 145 145 145 145 145 145 145 145 145 145 145 145 145 145 145 
acm window 7 1 6 12 18 22 23 23 23 23 23 23 23 23 23 23 23 23 23 23 25 27 29 30 32 34 37 40 43 47 49 51 52 52 52 52 52 52 52 52 52 52 52 52 53 54 54 54 54 54 56 58 60 
tsim fire 7 1 2 2 2 2 2 3 3 3 3 5 5 5 6 6 7 7 8 8 8 8 8 8 8 8 8 8 8 8 8 8 8 8 8 7 7 8 8 8 8 9 9 10 11 11 11 11 11 13 13 13 13 
tsim human 7 1 23 22 22 21 21 18 18 17 15 15 14 14 14 14 16 14 13 13 13 13 13 13 13 13 13 13 13 13 13 13 13 13 13 13 13 13 13 13 13 13 13 13 13 13 13 13 13 13 13 13 13 
tsim window 7 1 6 6 6 6 6 6 6 6 6 6 6 6 6 6 9 9 12 12 14 14 14 14 15 15 16 16 16 17 17 17 17 17 17 17 17 17 17 17 17 17 17 17 18 18 18 18 18 18 20 20 20 
runtime -1 7 1 2.654869556427002 1.3010520935058594 1.4588243961334229 1.4462709426879883 1.5766370296478271 1.5322251319885254 2.407182216644287 1.6222612857818604 2.117788791656494 1.5772836208343506 0.48471689224243164 0.13808012008666992 
avg_run -1 7 1 1.5264326731363933
al_time -1 7 1 0.030800580978393555 0.024120092391967773 0.025079011917114258 1.057370662689209 0.029053926467895508 0.998039960861206 0.03806591033935547 0.0407712459564209 0.03232836723327637 0.03488349914550781 0.03059220314025879 0.022589683532714844 
avg_all -1 7 1 0.1969745953877767
random:2T:3000
sum 0 7 2 60 42 
sum 1 7 2 180 57 
sum 2 7 2 240 61 
sum 3 7 2 360 72 
sum 4 7 2 540 92 
sum 5 7 2 600 97 
sum 6 7 2 1200 115 
sum 7 7 2 1500 115 
sum 8 7 2 1800 116 
sum 9 7 2 2100 118 
sum 10 7 2 2400 123 
sum 11 7 2 2700 129 
sum 12 7 2 3000 131 
miss fire 7 2 3 3 1 1 1 1 2 2 2 1 1 0 0 0 0 0 0 0 0 0 0 0 0 0 0 0 0 0 0 0 1 1 1 0 0 0 0 0 1 0 1 1 3 0 1 1 1 0 0 0 0 
miss human 7 2 13 11 6 5 3 4 4 4 4 6 4 4 3 1 2 1 1 0 0 0 0 0 0 0 0 0 0 0 0 0 0 0 0 0 0 0 0 0 0 0 0 0 0 0 0 0 0 0 0 0 0 
miss window 7 2 6 6 2 0 0 0 0 0 1 0 0 0 0 0 0 0 0 2 2 1 1 0 0 0 0 0 0 0 0 0 0 0 0 0 0 0 0 0 1 1 1 0 0 0 0 0 1 0 0 0 0 
acm fire 7 2 3 6 7 8 9 10 12 14 16 17 18 18 18 18 18 18 18 18 18 18 18 18 18 18 18 18 18 18 18 18 19 20 21 21 21 21 21 21 22 22 23 24 27 27 28 29 30 30 30 30 30 
acm human 7 2 13 24 30 35 38 42 46 50 54 60 64 68 71 72 74 75 76 76 76 76 76 76 76 76 76 76 76 76 76 76 76 76 76 76 76 76 76 76 76 76 76 76 76 76 76 76 76 76 76 76 76 
acm window 7 2 6 12 14 14 14 14 14 14 15 15 15 15 15 15 15 15 15 17 19 20 21 21 21 21 21 21 21 21 21 21 21 21 21 21 21 21 21 21 22 23 24 24 24 24 24 24 25 25 25 25 25 
tsim fire 7 2 3 3 3 4 4 4 5 5 5 6 6 6 6 6 6 6 6 6 6 6 6 6 6 6 6 6 6 6 6 6 7 7 7 6 6 6 6 6 7 7 8 8 10 10 11 12 12 12 12 12 12 
tsim human 7 2 13 11 11 10 10 9 9 9 9 11 9 8 7 7 6 6 6 6 6 6 6 6 6 6 6 6 6 6 6 6 6 6 6 6 6 6 6 6 6 6 6 6 6 6 6 6 6 6 6 6 6 
tsim window 7 2 6 6 6 6 6 6 6 6 7 9 9 9 9 9 9 9 9 11 11 11 11 11 11 11 11 11 11 11 11 11 11 11 11 11 11 11 11 11 12 12 12 12 12 12 12 19 20 20 20 20 20 
runtime -1 7 2 1.0684704780578613 0.8785083293914795 0.8406293392181396 0.7865774631500244 0.771141529083252 0.7992866039276123 0.8153843879699707 0.7741959095001221 0.6533288955688477 0.7311067581176758 0.7367470264434814 0.47359561920166016 0.3830292224884033 0.47548794746398926 
avg_run -1 7 2 0.7276778221130371
al_time -1 7 2 0.018067598342895508 0.016213655471801758 0.4925673007965088 0.018297195434570312 0.017923831939697266 0.018770217895507812 0.018824100494384766 0.027263641357421875 0.01869940757751465 0.025301694869995117 0.022998571395874023 0.02041006088256836 0.9821562767028809 0.018344879150390625 
avg_all -1 7 2 0.12255988802228655
random:3T:3000
sum 0 7 3 60 102 
sum 1 7 3 180 177 
sum 2 7 3 240 204 
sum 3 7 3 360 247 
sum 4 7 3 540 269 
sum 5 7 3 600 279 
sum 6 7 3 1200 354 
sum 7 7 3 1500 366 
sum 8 7 3 1800 373 
sum 9 7 3 2100 378 
sum 10 7 3 2400 382 
sum 11 7 3 2700 388 
sum 12 7 3 3000 397 
miss fire 7 3 3 4 2 2 2 2 2 1 0 0 2 2 2 2 2 1 1 1 1 0 0 0 0 1 1 1 0 1 1 1 0 0 0 1 1 1 1 0 0 0 2 0 0 0 0 0 0 0 0 0 0 
miss human 7 3 25 31 24 20 17 16 11 7 5 6 8 9 9 9 9 4 4 3 3 1 1 0 0 0 0 0 0 0 0 0 0 0 0 0 0 0 0 0 0 0 0 0 0 0 0 0 0 0 0 0 0 
miss window 7 3 17 22 17 10 8 7 5 2 1 0 0 1 1 1 1 1 1 1 1 1 2 2 2 2 2 1 1 1 1 1 0 0 0 0 1 1 1 0 0 0 0 0 1 2 2 1 1 2 2 2 2 
acm fire 7 3 3 7 9 11 13 15 17 18 18 18 20 22 24 26 28 29 30 31 32 32 32 32 32 33 34 35 35 36 37 38 38 38 38 39 40 41 42 42 42 42 44 44 44 44 44 44 44 44 44 44 44 
acm human 7 3 25 56 80 100 117 133 144 151 156 162 170 179 188 197 206 210 214 217 220 221 222 222 222 222 222 222 222 222 222 222 222 222 222 222 222 222 222 222 222 222 222 222 222 222 222 222 222 222 222 222 222 
acm window 7 3 17 39 56 66 74 81 86 88 89 89 89 90 91 92 93 94 95 96 97 98 100 102 104 106 108 109 110 111 112 113 113 113 113 113 114 115 116 116 116 116 116 116 117 119 121 122 123 125 127 129 131 
tsim fire 7 3 3 4 4 4 4 4 4 4 4 4 6 6 6 6 6 6 6 6 6 6 6 6 6 7 7 7 7 8 8 8 8 8 8 9 9 10 10 10 10 10 12 12 12 12 12 12 12 12 12 12 12 
tsim human 7 3 25 31 30 30 28 25 23 23 22 20 18 17 17 17 17 17 17 17 17 17 17 17 17 17 17 17 17 17 17 17 17 17 17 17 17 17 17 17 17 17 17 17 17 17 17 17 17 17 17 17 17 
tsim window 7 3 17 22 22 22 22 22 22 22 22 22 22 23 23 23 23 23 23 23 23 24 25 25 25 27 27 27 27 27 27 27 27 27 27 27 28 28 28 28 28 28 29 29 30 31 31 31 31 32 32 32 32 
runtime -1 7 3 8.689920663833618 1.6824839115142822 2.131909132003784 2.0202462673187256 1.476351261138916 1.5200138092041016 1.314040184020996 1.8391916751861572 1.5549836158752441 1.647576093673706 1.6640121936798096 2.019683837890625 
avg_run -1 7 3 2.2967010537783303
al_time -1 7 3 0.03242039680480957 0.029437780380249023 0.02945685386657715 0.029447078704833984 0.06548023223876953 0.027658462524414062 0.9749734401702881 0.034514427185058594 0.03585362434387207 0.03213953971862793 0.035186052322387695 0.03596210479736328 
avg_all -1 7 3 0.11354416608810425
random:4T:3000
sum 0 7 4 60 59 
sum 1 7 4 180 92 
sum 2 7 4 240 100 
sum 3 7 4 360 109 
sum 4 7 4 540 118 
sum 5 7 4 600 125 
sum 6 7 4 1200 148 
sum 7 7 4 1500 152 
sum 8 7 4 1800 158 
sum 9 7 4 2100 165 
sum 10 7 4 2400 171 
sum 11 7 4 2700 178 
sum 12 7 4 3000 185 
miss fire 7 4 2 2 1 1 0 0 1 1 1 1 3 3 2 2 1 1 0 1 1 1 0 0 0 0 0 0 0 0 0 0 1 1 1 0 0 0 0 0 1 2 2 2 1 1 3 0 0 0 1 2 2 
miss human 7 4 16 15 9 7 4 3 2 2 2 2 4 4 2 0 0 0 0 0 0 0 0 0 0 0 0 0 0 0 0 0 0 0 0 0 0 0 0 0 0 0 0 0 0 0 0 0 0 0 0 0 0 
miss window 7 4 12 12 8 7 4 2 1 0 0 0 0 0 0 0 0 0 1 1 2 0 1 1 1 1 0 1 1 1 1 1 1 1 1 1 1 1 1 0 0 0 0 0 0 0 0 0 0 0 0 1 1 
acm fire 7 4 2 4 5 6 6 6 7 8 9 10 13 16 18 20 21 22 22 23 24 25 25 25 25 25 25 25 25 25 25 25 26 27 28 28 28 28 28 28 29 31 33 35 36 37 40 40 40 40 41 43 45 
acm human 7 4 16 31 40 47 51 54 56 58 60 62 66 70 72 72 72 72 72 72 72 72 72 72 72 72 72 72 72 72 72 72 72 72 72 72 72 72 72 72 72 72 72 72 72 72 72 72 72 72 72 72 72 
acm window 7 4 12 24 32 39 43 45 46 46 46 46 46 46 46 46 46 46 47 48 50 50 51 52 53 54 54 55 56 57 58 59 60 61 62 63 64 65 66 66 66 66 66 66 66 66 66 66 66 66 66 67 68 
tsim fire 7 4 2 2 2 2 2 2 3 3 3 3 6 6 6 6 6 6 6 7 7 7 7 7 7 7 7 7 7 7 7 7 7 7 7 6 6 6 6 6 7 8 8 8 8 8 10 10 10 10 11 12 12 
tsim human 7 4 16 15 15 15 15 14 14 14 13 13 15 15 13 11 11 11 11 11 11 11 11 11 11 11 11 11 11 11 11 11 11 11 11 11 11 11 11 11 11 11 11 11 11 11 11 11 11 11 11 11 11 
tsim window 7 4 12 12 12 12 12 12 12 12 12 12 15 15 15 15 15 15 16 16 18 18 19 19 19 19 19 20 20 20 20 20 20 20 20 20 20 20 20 20 20 20 20 20 20 20 25 25 25 25 25 26 26 
runtime -1 7 4 1.6037535667419434 0.6940732002258301 0.5433297157287598 0.6686272621154785 0.7424149513244629 0.6488418579101562 0.6976690292358398 0.6000256538391113 0.6045913696289062 0.5232741832733154 1.3092656135559082 
avg_run -1 7 4 0.785078763961792
al_time -1 7 4 0.021081924438476562 0.01694798469543457 0.01669621467590332 0.5604119300842285 0.02028656005859375 0.02301025390625 0.02647995948791504 0.02268195152282715 0.026575803756713867 1.2695128917694092 0.02224874496459961 
avg_all -1 7 4 0.18417583812366833
random:5T:3000
sum 0 7 5 60 92 
sum 1 7 5 180 145 
sum 2 7 5 240 161 
sum 3 7 5 360 189 
sum 4 7 5 540 219 
sum 5 7 5 600 227 
sum 6 7 5 1200 298 
sum 7 7 5 1500 306 
sum 8 7 5 1800 306 
sum 9 7 5 2100 311 
sum 10 7 5 2400 312 
sum 11 7 5 2700 330 
sum 12 7 5 3000 354 
miss fire 7 5 2 2 3 2 1 1 2 1 1 1 1 3 3 3 4 4 0 0 0 0 0 0 0 0 0 0 0 0 0 0 0 0 0 1 2 2 0 0 0 0 1 2 3 3 3 4 4 4 5 1 2 
miss human 7 5 33 31 21 14 12 9 11 9 9 7 7 8 7 7 6 5 1 1 0 0 1 0 0 0 0 0 0 0 0 0 0 0 0 0 0 0 0 0 0 0 0 0 0 0 0 0 0 0 0 0 0 
miss window 7 5 12 12 7 6 3 3 2 1 1 0 0 1 1 1 2 2 2 2 2 3 2 2 2 2 1 1 0 0 0 0 0 0 0 0 0 0 0 0 0 0 0 0 0 1 1 1 1 1 2 2 2 
acm fire 7 5 2 4 7 9 10 11 13 14 15 16 17 20 23 26 30 34 34 34 34 34 34 34 34 34 34 34 34 34 34 34 34 34 34 35 37 39 39 39 39 39 40 42 45 48 51 55 59 63 68 69 71 
acm human 7 5 33 64 85 99 111 120 131 140 149 156 163 171 178 185 191 196 197 198 198 198 199 199 199 199 199 199 199 199 199 199 199 199 199 199 199 199 199 199 199 199 199 199 199 199 199 199 199 199 199 199 199 
acm window 7 5 12 24 31 37 40 43 45 46 47 47 47 48 49 50 52 54 56 58 60 63 65 67 69 71 72 73 73 73 73 73 73 73 73 73 73 73 73 73 73 73 73 73 73 74 75 76 77 78 80 82 84 
tsim fire 7 5 2 2 3 3 3 3 4 4 4 4 4 6 6 6 7 7 7 7 7 7 7 7 7 7 7 7 7 7 7 7 7 7 7 6 7 7 7 7 7 7 8 9 10 10 10 11 11 11 12 12 13 
tsim human 7 5 33 31 31 30 30 29 31 30 28 28 27 24 23 23 23 22 21 21 21 21 21 21 21 21 21 21 21 21 21 21 21 21 21 21 21 21 21 21 21 21 21 21 21 21 21 21 21 21 21 21 21 
tsim window 7 5 12 12 12 12 12 12 15 15 15 15 15 16 16 16 20 20 20 20 20 21 22 22 22 23 23 23 23 23 23 23 23 23 23 23 23 23 23 23 23 23 23 23 24 25 25 25 25 25 26 27 27 
runtime -1 7 5 2.5074994564056396 1.3375575542449951 1.514399766921997 1.4753592014312744 1.35579252243042 1.3677494525909424 1.1077098846435547 1.1333792209625244 0.8990507125854492 
avg_run -1 7 5 1.4109441969129775
al_time -1 7 5 0.02747964859008789 0.05964207649230957 1.106384038925171 0.02848339080810547 0.0276186466217041 0.03306293487548828 0.02982950210571289 0.030147552490234375 2.0019655227661133 
avg_all -1 7 5 0.3716237015194363
random:6T:3000
sum 0 7 6 60 79 
sum 1 7 6 180 136 
sum 2 7 6 240 158 
sum 3 7 6 360 187 
sum 4 7 6 540 222 
sum 5 7 6 600 235 
sum 6 7 6 1200 331 
sum 7 7 6 1500 346 
sum 8 7 6 1800 351 
sum 9 7 6 2100 356 
sum 10 7 6 2400 370 
sum 11 7 6 2700 387 
sum 12 7 6 3000 404 
miss fire 7 6 2 2 2 2 0 2 2 4 2 3 3 3 1 1 1 1 1 1 1 1 1 0 0 0 0 0 1 1 1 1 1 1 1 1 1 1 1 1 3 5 4 5 2 3 3 4 4 4 1 1 1 
miss human 7 6 28 27 18 22 17 12 10 9 8 9 10 9 8 6 5 5 6 6 6 2 2 1 1 0 0 1 0 0 0 0 0 0 0 0 0 0 0 0 0 0 0 0 0 0 0 0 0 0 0 0 0 
miss window 7 6 10 10 7 6 5 2 1 0 0 0 0 0 1 1 2 2 4 4 5 5 5 5 5 1 1 0 0 0 0 0 0 0 0 0 0 0 0 0 0 0 0 0 0 0 0 0 0 0 1 2 3 
acm fire 7 6 2 4 6 8 8 10 12 16 18 21 24 27 28 29 30 31 32 33 34 35 36 36 36 36 36 36 37 38 39 40 41 42 43 44 45 46 47 48 51 56 60 65 67 70 73 77 81 85 86 87 88 
acm human 7 6 28 55 73 95 112 124 134 143 151 160 170 179 187 193 198 203 209 215 221 223 225 226 227 227 227 228 228 228 228 228 228 228 228 228 228 228 228 228 228 228 228 228 228 228 228 228 228 228 228 228 228 
acm window 7 6 10 20 27 33 38 40 41 41 41 41 41 41 42 43 45 47 51 55 60 65 70 75 80 81 82 82 82 82 82 82 82 82 82 82 82 82 82 82 82 82 82 82 82 82 82 82 82 82 83 85 88 
tsim fire 7 6 2 2 2 3 3 5 5 7 7 8 8 8 8 8 8 8 8 8 8 8 8 8 8 8 8 8 8 8 8 8 8 8 8 6 6 6 6 6 8 10 10 11 12 13 13 14 15 15 15 15 15 
tsim human 7 6 28 27 25 30 26 26 23 23 22 21 21 20 20 18 18 18 18 18 18 18 18 18 18 18 18 18 18 18 18 18 18 18 18 18 18 18 18 18 18 18 18 18 18 18 18 18 18 18 18 18 18 
tsim window 7 6 10 10 10 13 13 17 17 17 17 17 17 17 18 18 20 20 22 22 23 23 23 23 23 23 23 23 23 23 23 23 23 23 23 23 23 23 23 23 23 23 23 24 27 27 27 27 27 27 28 30 31 
runtime -1 7 6 2.148555040359497 2.8954970836639404 2.2298243045806885 1.6667685508728027 1.9884848594665527 2.0666630268096924 1.8957371711730957 2.0436534881591797 1.8239376544952393 1.9064228534698486 2.930673122406006 1.177130937576294 0.35606956481933594 
avg_run -1 7 6 1.9330321275270903
al_time -1 7 6 2.905604362487793 0.053028106689453125 0.026594161987304688 0.02740788459777832 0.025381088256835938 0.025601863861083984 0.026249170303344727 0.02948784828186035 0.0286557674407959 2.012267589569092 0.03011608123779297 0.029729604721069336 0.028636455535888672 
avg_all -1 7 6 0.4037507680746225
random:7T:3000
sum 0 7 7 60 70 
sum 1 7 7 180 103 
sum 2 7 7 240 114 
sum 3 7 7 360 128 
sum 4 7 7 540 140 
sum 5 7 7 600 144 
sum 6 7 7 1200 162 
sum 7 7 7 1500 163 
sum 8 7 7 1800 163 
sum 9 7 7 2100 172 
sum 10 7 7 2400 175 
sum 11 7 7 2700 190 
sum 12 7 7 3000 206 
miss fire 7 7 3 3 0 0 0 0 1 1 1 1 1 2 2 1 1 1 1 1 1 1 1 0 0 0 0 0 0 0 0 0 0 1 2 2 3 1 1 1 1 0 0 0 0 0 1 2 2 2 1 1 1 
miss human 7 7 23 23 15 12 10 8 5 4 4 1 2 1 1 0 0 0 0 0 0 0 0 0 0 0 0 0 0 0 0 0 0 0 0 0 0 0 0 0 0 0 0 0 0 0 0 0 0 0 0 0 0 
miss window 7 7 9 9 3 3 1 0 0 0 0 0 1 1 1 0 0 0 0 1 1 0 0 0 0 0 0 1 0 0 0 0 0 0 0 0 0 0 0 0 0 0 0 1 2 3 3 3 3 3 1 1 1 
acm fire 7 7 3 6 6 6 6 6 7 8 9 10 11 13 15 16 17 18 19 20 21 22 23 23 23 23 23 23 23 23 23 23 23 24 26 28 31 32 33 34 35 35 35 35 35 35 36 38 40 42 43 44 45 
acm human 7 7 23 46 61 73 83 91 96 100 104 105 107 108 109 109 109 109 109 109 109 109 109 109 109 109 109 109 109 109 109 109 109 109 109 109 109 109 109 109 109 109 109 109 109 109 109 109 109 109 109 109 109 
acm window 7 7 9 18 21 24 25 25 25 25 25 25 26 27 28 28 28 28 28 29 30 30 30 30 30 30 30 31 31 31 31 31 31 31 31 31 31 31 31 31 31 31 31 32 34 37 40 43 46 49 50 51 52 
tsim fire 7 7 3 3 3 3 3 3 4 4 4 4 4 5 5 5 5 5 5 6 6 6 6 6 6 6 6 6 6 6 6 6 6 7 8 8 9 9 9 9 9 9 9 9 9 9 10 11 12 12 12 12 12 
tsim human 7 7 23 23 20 19 19 18 18 17 17 13 12 12 12 12 12 12 12 12 12 12 12 12 12 12 12 12 12 12 12 12 12 12 12 12 12 12 12 12 12 12 12 12 12 12 12 12 12 12 12 12 12 
tsim window 7 7 9 9 9 9 9 9 9 9 9 9 10 14 14 14 14 14 14 21 21 21 21 21 21 21 21 22 22 22 22 22 22 22 22 22 22 22 22 22 22 22 22 23 24 25 25 25 27 27 27 27 27 
runtime -1 7 7 2.026137590408325 0.7507636547088623 0.7265312671661377 0.8186478614807129 0.7049307823181152 0.7212724685668945 0.9652469158172607 0.8454859256744385 0.860593318939209 0.7053115367889404 0.3710660934448242 0.2668187618255615 
avg_run -1 7 7 0.8135671814282736
al_time -1 7 7 0.022977113723754883 0.01729416847229004 0.01796746253967285 0.017575502395629883 0.018078088760375977 0.6122837066650391 0.027483463287353516 0.022791147232055664 0.023311138153076172 0.026765108108520508 1.2687389850616455 0.01636648178100586 
avg_all -1 7 7 0.17430269718170166
random:8T:3000
sum 0 7 8 60 52 
sum 1 7 8 180 88 
sum 2 7 8 240 95 
sum 3 7 8 360 111 
sum 4 7 8 540 120 
sum 5 7 8 600 123 
sum 6 7 8 1200 154 
sum 7 7 8 1500 162 
sum 8 7 8 1800 166 
sum 9 7 8 2100 171 
sum 10 7 8 2400 175 
sum 11 7 8 2700 184 
sum 12 7 8 3000 197 
miss fire 7 8 2 2 1 1 1 2 2 1 0 0 0 0 0 1 1 0 0 0 1 1 1 1 1 0 0 0 0 0 0 0 0 0 0 0 0 0 0 0 1 0 0 2 2 2 2 1 2 2 2 1 1 
miss human 7 8 15 15 14 11 5 5 5 3 2 2 3 3 3 4 4 2 2 1 1 1 1 1 1 0 0 0 1 0 0 0 0 0 0 0 0 0 0 0 0 0 0 0 0 0 0 0 0 0 0 0 0 
miss window 7 8 9 9 6 3 1 1 1 1 0 0 0 0 1 0 1 1 1 0 0 0 0 0 1 1 1 1 0 0 1 1 1 1 1 1 1 1 1 1 1 0 0 0 0 0 0 0 0 1 1 1 2 
acm fire 7 8 2 4 5 6 7 9 11 12 12 12 12 12 12 13 14 14 14 14 15 16 17 18 19 19 19 19 19 19 19 19 19 19 19 19 19 19 19 19 20 20 20 22 24 26 28 29 31 33 35 36 37 
acm human 7 8 15 30 44 55 60 65 70 73 75 77 80 83 86 90 94 96 98 99 100 101 102 103 104 104 104 104 105 105 105 105 105 105 105 105 105 105 105 105 105 105 105 105 105 105 105 105 105 105 105 105 105 
acm window 7 8 9 18 24 27 28 29 30 31 31 31 31 31 32 32 33 34 35 35 35 35 35 35 36 37 38 39 39 39 40 41 42 43 44 45 46 47 48 49 50 50 50 50 50 50 50 50 50 51 52 53 55 
tsim fire 7 8 2 2 2 2 2 3 4 4 4 4 4 4 4 5 5 5 5 5 6 6 6 6 6 6 6 6 6 6 6 6 6 6 6 6 6 6 6 6 7 7 7 9 9 9 9 9 10 10 10 10 10 
tsim human 7 8 15 15 15 15 14 14 12 10 10 9 8 6 6 6 6 6 6 6 6 6 6 6 6 6 6 6 6 6 6 6 6 6 6 6 6 6 6 6 6 6 6 6 6 6 6 6 6 6 6 6 6 
tsim window 7 8 9 9 9 9 9 9 9 9 9 9 9 9 10 15 16 16 16 16 16 16 16 16 17 17 17 17 17 17 18 18 18 18 18 18 18 18 18 18 18 18 18 18 18 18 18 18 18 19 19 19 20 
runtime -1 7 8 2.229928731918335 1.1671743392944336 1.1006383895874023 0.9929206371307373 0.6692140102386475 0.9220592975616455 0.7900204658508301 1.0895884037017822 0.841439962387085 0.41875219345092773 0.10086989402770996 
avg_run -1 7 8 0.938418756831776
al_time -1 7 8 0.022164106369018555 0.021915912628173828 0.01817631721496582 0.01863551139831543 0.6242263317108154 0.022160768508911133 0.026000499725341797 0.019721269607543945 0.02383732795715332 0.022633075714111328 0.01620650291442871 
avg_all -1 7 8 0.07597069306807085
random:9T:3000
sum 0 7 9 60 74 
sum 1 7 9 180 120 
sum 2 7 9 240 135 
sum 3 7 9 360 159 
sum 4 7 9 540 180 
sum 5 7 9 600 184 
sum 6 7 9 1200 209 
sum 7 7 9 1500 219 
sum 8 7 9 1800 221 
sum 9 7 9 2100 227 
sum 10 7 9 2400 233 
sum 11 7 9 2700 240 
sum 12 7 9 3000 259 
miss fire 7 9 2 2 1 0 0 0 1 1 2 2 0 0 0 0 1 1 0 1 0 0 0 0 0 0 0 0 0 0 0 0 0 0 2 2 1 1 2 2 1 1 0 1 1 0 2 2 3 3 2 2 3 
miss human 7 9 25 25 18 13 11 11 7 6 5 4 4 3 2 2 2 2 1 1 0 0 0 1 1 1 1 0 0 0 0 0 0 0 0 0 0 0 0 0 0 0 0 0 0 0 0 0 0 0 0 0 0 
miss window 7 9 10 10 8 6 4 3 2 1 0 0 0 0 0 0 0 0 1 2 2 2 2 2 1 1 1 1 1 1 0 0 0 0 0 0 0 0 0 0 0 0 0 0 1 0 0 0 1 1 1 1 2 
acm fire 7 9 2 4 5 5 5 5 6 7 9 11 11 11 11 11 12 13 13 14 14 14 14 14 14 14 14 14 14 14 14 14 14 14 16 18 19 20 22 24 25 26 26 27 28 28 30 32 35 38 40 42 45 
acm human 7 9 25 50 68 81 92 103 110 116 121 125 129 132 134 136 138 140 141 142 142 142 142 143 144 145 146 146 146 146 146 146 146 146 146 146 146 146 146 146 146 146 146 146 146 146 146 146 146 146 146 146 146 
acm window 7 9 10 20 28 34 38 41 43 44 44 44 44 44 44 44 44 44 45 47 49 51 53 55 56 57 58 59 60 61 61 61 61 61 61 61 61 61 61 61 61 61 61 61 62 62 62 62 63 64 65 66 68 
tsim fire 7 9 2 2 2 2 2 2 3 3 4 4 4 4 4 4 5 5 5 6 6 6 6 6 6 6 6 6 6 6 6 6 6 6 8 8 8 8 9 9 9 9 9 10 10 10 12 12 13 13 13 13 14 
tsim human 7 9 25 25 25 25 25 24 21 21 20 19 16 15 14 14 14 14 14 14 14 14 14 14 14 14 14 14 14 14 14 14 14 14 14 14 14 14 14 14 14 14 14 14 14 14 14 14 14 14 14 14 14 
tsim window 7 9 10 10 10 10 10 10 10 10 10 10 10 10 10 10 13 13 14 15 15 15 15 16 16 16 16 16 16 17 17 17 17 17 17 17 17 17 17 17 17 17 17 17 18 18 18 18 19 19 19 19 20 
runtime -1 7 9 1.6078815460205078 0.575669527053833 0.4564650058746338 0.468670129776001 0.605480432510376 0.5242908000946045 0.4630622863769531 0.4755666255950928 0.44790196418762207 0.394625186920166 0.3784184455871582 0.14971494674682617 
avg_run -1 7 9 0.5456455747286478
al_time -1 7 9 0.05216240882873535 0.015281438827514648 0.014595746994018555 0.5112302303314209 0.018602848052978516 0.02120804786682129 0.02385568618774414 0.019379615783691406 0.01846027374267578 0.01840519905090332 0.02085423469543457 0.013659477233886719 
avg_all -1 7 9 0.062307933966318764
