random:0T:3000
sum 0 7 0 60 58 
sum 1 7 0 180 106 
sum 2 7 0 240 122 
sum 3 7 0 360 156 
sum 4 7 0 540 184 
sum 5 7 0 600 190 
sum 6 7 0 1200 226 
sum 7 7 0 1500 231 
sum 8 7 0 1800 237 
sum 9 7 0 2100 248 
sum 10 7 0 2400 261 
sum 11 7 0 2700 276 
sum 12 7 0 3000 293 
miss fire 7 0 3 3 3 3 2 2 3 4 1 1 1 1 0 0 0 1 1 1 1 0 0 0 0 0 0 0 0 0 0 0 0 1 2 1 1 2 3 2 2 2 2 2 1 1 0 0 0 1 1 1 1 
miss human 7 0 18 18 14 14 9 10 9 8 6 6 5 7 6 4 3 1 1 0 0 0 0 0 0 0 0 0 0 0 0 0 0 0 0 0 0 0 0 0 0 0 0 0 0 0 0 0 0 0 0 0 0 
miss window 7 0 8 8 7 7 5 5 5 2 0 0 0 0 0 0 1 1 1 2 2 1 1 1 1 1 1 1 2 1 1 1 1 1 1 1 1 0 0 0 0 1 1 1 2 2 2 4 3 3 3 2 2 
acm fire 7 0 3 6 9 12 14 16 19 23 24 25 26 27 27 27 27 28 29 30 31 31 31 31 31 31 31 31 31 31 31 31 31 32 34 35 36 38 41 43 45 47 49 51 52 53 53 53 53 54 55 56 57 
acm human 7 0 18 36 50 64 73 83 92 100 106 112 117 124 130 134 137 138 139 139 139 139 139 139 139 139 139 139 139 139 139 139 139 139 139 139 139 139 139 139 139 139 139 139 139 139 139 139 139 139 139 139 139 
acm window 7 0 8 16 23 30 35 40 45 47 47 47 47 47 47 47 48 49 50 52 54 55 56 57 58 59 60 61 63 64 65 66 67 68 69 70 71 71 71 71 71 72 73 74 76 78 80 84 87 90 93 95 97 
tsim fire 7 0 3 3 3 3 3 3 4 5 5 5 5 5 5 5 5 6 6 6 6 6 6 6 6 6 6 6 6 6 6 6 6 7 8 8 8 9 10 10 10 10 10 10 10 10 10 10 10 11 11 11 11 
tsim human 7 0 18 18 18 17 16 15 15 15 14 14 13 11 10 10 9 8 8 8 8 8 8 8 8 8 8 8 8 8 8 8 8 8 8 8 8 8 8 8 8 8 8 8 8 8 8 8 8 8 8 8 8 
tsim window 7 0 8 8 8 8 8 8 8 8 8 8 8 8 8 8 9 9 9 10 10 10 10 10 10 10 10 10 11 11 11 11 11 13 13 13 13 13 13 13 13 14 14 14 15 15 15 17 17 17 17 17 17 
runtime -1 7 0 7.046799182891846 2.1078476905822754 4.096882581710815 3.088545799255371 3.0809578895568848 2.969597101211548 2.374173402786255 2.3809990882873535 1.7483923435211182 2.185730218887329 1.5095646381378174 
avg_run -1 7 0 2.9626809033480557
al_time -1 7 0 0.02667546272277832 0.024487018585205078 0.07067108154296875 0.02605438232421875 0.02686905860900879 0.03033614158630371 0.028160810470581055 0.028810501098632812 0.015629291534423828 0.848273754119873 0.02916741371154785 
avg_all -1 7 0 0.10501226511868564
random:1T:3000
sum 0 7 1 60 61 
sum 1 7 1 180 108 
sum 2 7 1 240 127 
sum 3 7 1 360 155 
sum 4 7 1 540 188 
sum 5 7 1 600 194 
sum 6 7 1 1200 264 
sum 7 7 1 1500 290 
sum 8 7 1 1800 304 
sum 9 7 1 2100 313 
sum 10 7 1 2400 325 
sum 11 7 1 2700 341 
sum 12 7 1 3000 364 
miss fire 7 1 2 2 1 1 1 2 2 2 2 1 1 1 3 3 1 1 2 2 2 1 1 1 0 0 0 0 0 0 0 0 0 0 0 1 1 2 2 2 2 1 2 2 3 3 2 2 2 3 3 3 3 
miss human 7 1 23 22 18 17 15 10 8 7 9 8 5 5 6 6 8 5 4 4 4 4 4 4 2 2 1 1 1 2 2 0 0 0 1 1 1 1 1 1 1 0 0 0 0 0 0 0 0 0 0 0 0 
miss window 7 1 6 6 5 5 3 3 3 2 2 0 0 0 0 0 0 0 0 0 1 1 1 1 3 3 4 4 4 2 1 1 1 1 0 0 0 0 0 0 0 0 0 0 1 1 1 1 1 1 2 2 3 
acm fire 7 1 2 4 5 6 7 9 11 13 15 16 17 18 21 24 25 26 28 30 32 33 34 35 35 35 35 35 35 35 35 35 35 35 35 36 37 39 41 43 45 46 48 50 53 56 58 60 62 65 68 71 74 
acm human 7 1 23 45 63 80 95 105 113 120 129 137 142 147 153 159 167 172 176 180 184 188 192 196 198 200 201 202 203 205 207 207 207 207 208 209 210 211 212 213 214 214 214 214 214 214 214 214 214 214 214 214 214 
acm window 7 1 6 12 17 22 25 28 31 33 35 35 35 35 35 35 35 35 35 35 36 37 38 39 42 45 49 53 57 59 60 61 62 63 63 63 63 63 63 63 63 63 63 63 64 65 66 67 68 69 71 73 76 
tsim fire 7 1 2 2 2 2 2 3 3 3 3 4 4 4 6 6 7 7 8 8 8 8 8 8 8 8 8 8 8 8 8 8 8 8 8 7 7 8 8 8 8 8 9 10 11 11 11 11 11 12 12 12 12 
tsim human 7 1 23 22 22 21 21 18 18 17 15 15 14 14 14 14 16 14 13 13 13 13 13 13 13 13 13 13 13 13 13 13 13 13 13 13 13 13 13 13 13 13 13 13 13 13 13 13 13 13 13 13 13 
tsim window 7 1 6 6 6 6 6 6 6 6 6 6 6 6 6 6 9 9 12 12 13 13 13 13 15 15 16 16 16 17 17 17 17 17 17 17 17 17 17 17 17 17 17 17 18 18 18 18 18 18 19 19 20 
runtime -1 7 1 18.697009086608887 12.143259286880493 10.350380659103394 10.492483854293823 7.078444480895996 7.537978649139404 10.047496795654297 7.146087884902954 4.259823799133301 
avg_run -1 7 1 9.750329388512505
al_time -1 7 1 0.037322044372558594 2.500714063644409 3.049295663833618 0.04766535758972168 0.026687145233154297 0.0505368709564209 0.04960751533508301 0.08756041526794434 0.041292428970336914 
avg_all -1 7 1 0.6545201672448052
random:2T:3000
sum 0 7 2 60 42 
sum 1 7 2 180 70 
sum 2 7 2 240 79 
sum 3 7 2 360 92 
sum 4 7 2 540 114 
sum 5 7 2 600 121 
sum 6 7 2 1200 137 
sum 7 7 2 1500 137 
sum 8 7 2 1800 138 
sum 9 7 2 2100 142 
sum 10 7 2 2400 151 
sum 11 7 2 2700 166 
sum 12 7 2 3000 183 
miss fire 7 2 3 3 3 2 2 1 1 2 2 2 2 0 0 0 0 0 0 0 0 0 0 0 0 0 0 0 0 0 0 0 1 1 1 2 0 0 0 0 1 2 3 3 3 3 1 2 2 2 2 1 1 
miss human 7 2 13 11 8 6 4 5 5 4 4 6 4 3 2 2 2 2 2 0 0 0 0 0 0 0 0 0 0 0 0 0 0 0 0 0 0 0 0 0 0 0 0 0 0 0 0 0 0 0 0 0 0 
miss window 7 2 6 6 6 3 3 1 0 0 1 1 1 0 0 0 0 0 1 1 1 0 0 0 0 0 0 0 0 0 0 0 0 0 0 0 0 0 0 0 1 1 1 1 1 1 0 0 1 2 2 2 2 
acm fire 7 2 3 6 9 11 13 14 15 17 19 21 23 23 23 23 23 23 23 23 23 23 23 23 23 23 23 23 23 23 23 23 24 25 26 28 28 28 28 28 29 31 34 37 40 43 44 46 48 50 52 53 54 
acm human 7 2 13 24 32 38 42 47 52 56 60 66 70 73 75 77 79 81 83 83 83 83 83 83 83 83 83 83 83 83 83 83 83 83 83 83 83 83 83 83 83 83 83 83 83 83 83 83 83 83 83 83 83 
acm window 7 2 6 12 18 21 24 25 25 25 26 27 28 28 28 28 28 28 29 30 31 31 31 31 31 31 31 31 31 31 31 31 31 31 31 31 31 31 31 31 32 33 34 35 36 37 37 37 38 40 42 44 46 
tsim fire 7 2 3 3 3 4 4 4 4 5 5 6 6 6 6 6 6 6 6 6 6 6 6 6 6 6 6 6 6 6 6 6 7 7 7 6 6 6 6 6 7 8 9 9 10 10 11 12 12 12 12 12 12 
tsim human 7 2 13 11 11 10 10 9 9 9 9 11 9 8 7 7 6 6 6 6 6 6 6 6 6 6 6 6 6 6 6 6 6 6 6 6 6 6 6 6 6 6 6 6 6 6 6 6 6 6 6 6 6 
tsim window 7 2 6 6 6 6 6 6 6 6 7 9 9 9 9 9 9 9 10 11 11 11 11 11 11 11 11 11 11 11 11 11 11 11 11 11 11 11 11 11 12 12 12 12 12 12 12 19 20 21 21 21 21 
runtime -1 7 2 5.386881589889526 3.5510737895965576 3.4515414237976074 3.2486469745635986 3.7475640773773193 2.8163998126983643 2.4292800426483154 1.8178181648254395 2.3199732303619385 0.9334757328033447 0.1340188980102539 
avg_run -1 7 2 2.712424885142933
al_time -1 7 2 0.02657032012939453 0.9317994117736816 0.01713728904724121 0.028710603713989258 0.03433513641357422 0.03197765350341797 0.01629042625427246 0.030700206756591797 0.016447067260742188 0.018163204193115234 0.010801315307617188 
avg_all -1 7 2 0.10572114857760342
random:3T:3000
sum 0 7 3 60 102 
sum 1 7 3 180 199 
sum 2 7 3 240 237 
sum 3 7 3 360 290 
sum 4 7 3 540 348 
sum 5 7 3 600 365 
sum 6 7 3 1200 468 
sum 7 7 3 1500 501 
sum 8 7 3 1800 508 
sum 9 7 3 2100 514 
sum 10 7 3 2400 522 
sum 11 7 3 2700 539 
sum 12 7 3 3000 563 
miss fire 7 3 3 4 4 4 2 0 0 0 0 0 2 2 2 2 2 2 2 2 2 2 2 2 2 3 1 1 0 1 0 0 0 0 0 1 1 2 1 1 0 0 2 2 2 2 2 2 2 2 2 2 2 
miss human 7 3 25 31 27 23 20 17 14 13 12 11 8 9 7 6 6 6 5 5 5 4 3 3 3 3 0 0 0 0 0 0 0 0 0 0 0 0 0 0 0 0 0 0 0 0 0 0 0 0 0 0 0 
miss window 7 3 17 22 21 18 16 13 9 8 7 7 7 8 4 3 3 1 1 1 1 2 3 3 3 3 3 3 2 2 1 1 0 0 0 0 1 1 1 1 1 1 0 0 1 2 2 2 2 3 3 3 3 
acm fire 7 3 3 7 11 15 17 17 17 17 17 17 19 21 23 25 27 29 31 33 35 37 39 41 43 46 47 48 48 49 49 49 49 49 49 50 51 53 54 55 55 55 57 59 61 63 65 67 69 71 73 75 77 
acm human 7 3 25 56 83 106 126 143 157 170 182 193 201 210 217 223 229 235 240 245 250 254 257 260 263 266 266 266 266 266 266 266 266 266 266 266 266 266 266 266 266 266 266 266 266 266 266 266 266 266 266 266 266 
acm window 7 3 17 39 60 78 94 107 116 124 131 138 145 153 157 160 163 164 165 166 167 169 172 175 178 181 184 187 189 191 192 193 193 193 193 193 194 195 196 197 198 199 199 199 200 202 204 206 208 211 214 217 220 
tsim fire 7 3 3 4 4 4 4 4 4 4 4 4 6 6 6 6 6 6 6 6 6 6 6 6 6 7 7 7 7 8 8 8 8 8 8 9 9 10 10 10 10 10 12 12 12 12 12 12 12 12 12 12 12 
tsim human 7 3 25 31 30 30 28 25 23 23 22 20 18 17 17 17 17 17 17 17 17 17 17 17 17 17 17 17 17 17 17 17 17 17 17 17 17 17 17 17 17 17 17 17 17 17 17 17 17 17 17 17 17 
tsim window 7 3 17 22 22 22 22 22 22 22 22 22 22 23 23 23 23 23 23 23 23 24 25 25 25 27 27 27 27 27 27 27 27 27 27 27 28 28 28 28 28 28 29 29 30 31 31 31 31 32 32 32 32 
runtime -1 7 3 12.322497367858887 12.772842407226562 12.254250764846802 6.206746816635132 5.6769328117370605 8.3204345703125 8.004595279693604 4.86461877822876 0.5501601696014404 
avg_run -1 7 3 7.885897662904528
al_time -1 7 3 0.021527528762817383 0.02481818199157715 2.949169397354126 0.026300907135009766 0.026456594467163086 0.05609536170959473 0.026987314224243164 0.06344032287597656 0.02008795738220215 
avg_all -1 7 3 0.3572092851003011
random:4T:3000
sum 0 7 4 60 59 
sum 1 7 4 180 106 
sum 2 7 4 240 126 
sum 3 7 4 360 154 
sum 4 7 4 540 171 
sum 5 7 4 600 180 
sum 6 7 4 1200 231 
sum 7 7 4 1500 252 
sum 8 7 4 1800 273 
sum 9 7 4 2100 281 
sum 10 7 4 2400 288 
sum 11 7 4 2700 298 
sum 12 7 4 3000 313 
miss fire 7 4 2 2 2 1 1 1 1 1 1 1 4 4 3 3 3 1 1 2 2 2 2 0 0 0 0 0 0 0 1 1 0 0 0 1 1 1 0 0 1 2 2 2 1 1 3 3 2 2 3 3 3 
miss human 7 4 16 15 13 12 11 8 6 3 4 4 5 5 3 1 1 1 1 1 1 1 1 0 0 1 1 1 1 1 0 0 0 0 0 0 0 0 0 0 0 0 0 0 0 0 0 0 0 0 0 0 0 
miss window 7 4 12 12 10 9 8 7 5 2 1 0 0 0 0 0 0 0 1 1 3 3 4 4 4 3 3 4 4 4 4 4 1 1 1 1 1 1 1 1 0 0 0 0 0 0 0 0 0 0 0 1 1 
acm fire 7 4 2 4 6 7 8 9 10 11 12 13 17 21 24 27 30 31 32 34 36 38 40 40 40 40 40 40 40 40 41 42 42 42 42 43 44 45 45 45 46 48 50 52 53 54 57 60 62 64 67 70 73 
acm human 7 4 16 31 44 56 67 75 81 84 88 92 97 102 105 106 107 108 109 110 111 112 113 113 113 114 115 116 117 118 118 118 118 118 118 118 118 118 118 118 118 118 118 118 118 118 118 118 118 118 118 118 118 
acm window 7 4 12 24 34 43 51 58 63 65 66 66 66 66 66 66 66 66 67 68 71 74 78 82 86 89 92 96 100 104 108 112 113 114 115 116 117 118 119 120 120 120 120 120 120 120 120 120 120 120 120 121 122 
tsim fire 7 4 2 2 2 2 2 2 3 3 3 3 6 6 6 6 6 6 6 7 7 7 7 7 7 7 7 7 7 7 7 7 7 7 7 6 6 6 6 6 7 8 8 8 8 8 10 10 10 10 11 12 12 
tsim human 7 4 16 15 15 15 15 14 14 14 13 13 15 15 13 11 11 11 11 11 11 11 11 11 11 11 11 11 11 11 11 11 11 11 11 11 11 11 11 11 11 11 11 11 11 11 11 11 11 11 11 11 11 
tsim window 7 4 12 12 12 12 12 12 12 12 12 12 15 15 15 15 15 15 16 16 18 18 19 19 19 19 19 20 20 20 20 20 20 20 20 20 20 20 20 20 20 20 20 20 20 20 25 25 25 25 25 26 26 
runtime -1 7 4 3.9562313556671143 1.328869104385376 2.278942108154297 3.930403470993042 3.1910364627838135 3.8251547813415527 3.5369975566864014 1.3476133346557617 1.5019237995147705 
avg_run -1 7 4 2.7663524415757923
al_time -1 7 4 0.01494741439819336 0.013377189636230469 1.2671771049499512 0.03407740592956543 0.03621244430541992 0.03762984275817871 0.018747329711914062 0.017647266387939453 0.03340911865234375 
avg_all -1 7 4 0.16369167963663736
random:5T:3000
sum 0 7 5 60 92 
sum 1 7 5 180 168 
sum 2 7 5 240 197 
sum 3 7 5 360 247 
sum 4 7 5 540 308 
sum 5 7 5 600 322 
sum 6 7 5 1200 408 
sum 7 7 5 1500 428 
sum 8 7 5 1800 430 
sum 9 7 5 2100 435 
sum 10 7 5 2400 436 
sum 11 7 5 2700 454 
sum 12 7 5 3000 484 
miss fire 7 5 2 2 2 2 1 0 1 1 1 1 1 3 3 3 4 2 0 0 0 0 0 0 0 0 0 0 0 0 0 0 0 0 0 1 2 2 0 0 0 0 1 2 3 3 3 4 4 4 5 3 4 
miss human 7 5 33 31 28 26 22 19 18 18 14 12 12 9 7 7 6 5 4 4 4 2 2 0 0 0 0 0 0 0 0 0 0 0 0 0 0 0 0 0 0 0 0 0 0 0 0 0 0 0 0 0 0 
miss window 7 5 12 12 10 8 6 5 7 6 5 3 1 2 1 1 2 2 2 2 2 3 4 4 4 5 5 2 1 1 0 0 0 0 0 0 0 0 0 0 0 0 0 0 0 1 1 1 1 1 2 3 3 
acm fire 7 5 2 4 6 8 9 9 10 11 12 13 14 17 20 23 27 29 29 29 29 29 29 29 29 29 29 29 29 29 29 29 29 29 29 30 32 34 34 34 34 34 35 37 40 43 46 50 54 58 63 66 70 
acm human 7 5 33 64 92 118 140 159 177 195 209 221 233 242 249 256 262 267 271 275 279 281 283 283 283 283 283 283 283 283 283 283 283 283 283 283 283 283 283 283 283 283 283 283 283 283 283 283 283 283 283 283 283 
acm window 7 5 12 24 34 42 48 53 60 66 71 74 75 77 78 79 81 83 85 87 89 92 96 100 104 109 114 116 117 118 118 118 118 118 118 118 118 118 118 118 118 118 118 118 118 119 120 121 122 123 125 128 131 
tsim fire 7 5 2 2 3 3 3 3 4 4 4 4 4 6 6 6 7 7 7 7 7 7 7 7 7 7 7 7 7 7 7 7 7 7 7 6 7 7 7 7 7 7 8 9 10 10 10 11 11 11 12 12 13 
tsim human 7 5 33 31 31 30 30 29 31 30 28 28 27 24 23 23 23 22 21 21 21 21 21 21 21 21 21 21 21 21 21 21 21 21 21 21 21 21 21 21 21 21 21 21 21 21 21 21 21 21 21 21 21 
tsim window 7 5 12 12 12 12 12 12 15 15 15 15 15 16 16 16 20 20 20 20 20 21 22 22 22 23 23 23 23 23 23 23 23 23 23 23 23 23 23 23 23 23 23 23 24 25 25 25 25 25 26 27 27 
runtime -1 7 5 15.582362413406372 12.703983545303345 9.060487031936646 7.747814416885376 4.775225400924683 4.062031030654907 3.8394951820373535 3.2774462699890137 0.9334197044372559 
avg_run -1 7 5 6.886918332841661
al_time -1 7 5 0.03704071044921875 2.4995765686035156 0.044161319732666016 0.023758888244628906 0.05092048645019531 0.04947686195373535 0.02351093292236328 0.023541927337646484 1.5343079566955566 
avg_all -1 7 5 0.47625507248772514
random:6T:3000
sum 0 7 6 60 79 
sum 1 7 6 180 145 
sum 2 7 6 240 179 
sum 3 7 6 360 239 
sum 4 7 6 540 297 
sum 5 7 6 600 311 
sum 6 7 6 1200 418 
sum 7 7 6 1500 448 
sum 8 7 6 1800 462 
sum 9 7 6 2100 465 
sum 10 7 6 2400 473 
sum 11 7 6 2700 498 
sum 12 7 6 3000 531 
miss fire 7 6 2 2 1 2 2 4 4 6 4 4 4 4 4 4 3 1 1 1 1 1 1 1 1 1 1 1 1 1 0 0 0 0 0 1 1 1 0 0 2 3 3 4 5 6 5 5 5 5 5 5 5 
miss human 7 6 28 27 19 23 21 20 15 14 10 10 8 9 9 6 4 4 4 3 3 3 4 4 4 4 4 4 3 3 1 1 0 0 0 0 0 0 0 0 0 0 0 0 0 0 0 0 0 0 0 0 0 
miss window 7 6 10 10 9 12 11 9 8 5 3 2 2 2 2 1 3 3 5 5 6 6 4 1 1 1 1 1 1 1 1 1 0 0 0 0 0 0 0 0 0 0 0 0 0 0 0 0 0 0 2 2 4 
acm fire 7 6 2 4 5 7 9 13 17 23 27 31 35 39 43 47 50 51 52 53 54 55 56 57 58 59 60 61 62 63 63 63 63 63 63 64 65 66 66 66 68 71 74 78 83 89 94 99 104 109 114 119 124 
acm human 7 6 28 55 74 97 118 138 153 167 177 187 195 204 213 219 223 227 231 234 237 240 244 248 252 256 260 264 267 270 271 272 272 272 272 272 272 272 272 272 272 272 272 272 272 272 272 272 272 272 272 272 272 
acm window 7 6 10 20 29 41 52 61 69 74 77 79 81 83 85 86 89 92 97 102 108 114 118 119 120 121 122 123 124 125 126 127 127 127 127 127 127 127 127 127 127 127 127 127 127 127 127 127 127 127 129 131 135 
tsim fire 7 6 2 2 2 3 3 5 5 7 7 8 8 8 8 8 8 8 8 8 8 8 8 8 8 8 8 8 8 8 8 8 8 8 8 6 6 6 6 6 8 10 10 11 12 13 14 14 14 14 14 14 14 
tsim human 7 6 28 27 25 30 26 26 23 23 22 21 21 20 20 18 18 18 18 18 18 18 18 18 18 18 18 18 18 18 18 18 18 18 18 18 18 18 18 18 18 18 18 18 18 18 18 18 18 18 18 18 18 
tsim window 7 6 10 10 10 13 13 17 17 17 17 17 17 17 18 18 20 20 22 22 23 23 23 23 23 23 23 23 23 23 23 23 23 23 23 23 23 23 23 23 23 23 23 24 27 27 27 27 27 27 29 29 31 
runtime -1 7 6 8.054987668991089 5.617023944854736 5.736581087112427 6.713242530822754 3.6632864475250244 3.850710868835449 3.272294044494629 3.3977012634277344 4.766871690750122 4.679121494293213 
avg_run -1 7 6 4.975182104110718
al_time -1 7 6 0.017958641052246094 2.2397866249084473 0.02819514274597168 0.024473190307617188 0.024346351623535156 0.024535417556762695 0.025011539459228516 0.024903297424316406 1.4877204895019531 0.024735212326049805 
avg_all -1 7 6 0.39216659069061277
random:7T:3000
sum 0 7 7 60 70 
sum 1 7 7 180 125 
sum 2 7 7 240 145 
sum 3 7 7 360 177 
sum 4 7 7 540 194 
sum 5 7 7 600 197 
sum 6 7 7 1200 225 
sum 7 7 7 1500 230 
sum 8 7 7 1800 235 
sum 9 7 7 2100 247 
sum 10 7 7 2400 257 
sum 11 7 7 2700 278 
sum 12 7 7 3000 301 
miss fire 7 7 3 3 3 2 0 0 1 1 1 1 1 2 2 1 1 1 1 2 2 2 2 1 1 1 1 0 0 0 0 0 0 1 2 2 3 2 2 2 2 2 2 2 2 1 2 3 4 4 3 3 3 
miss human 7 7 23 23 19 16 16 14 12 8 4 0 1 1 1 1 1 0 0 0 0 0 0 0 0 0 0 0 0 0 0 0 0 0 0 0 0 0 0 0 0 0 0 0 0 0 0 0 0 0 0 0 0 
miss window 7 7 9 9 9 6 4 3 2 1 1 0 1 1 1 1 1 1 1 1 1 0 0 0 0 0 0 1 1 1 1 1 1 1 1 0 0 0 0 0 0 0 0 1 2 3 3 2 2 2 2 0 0 
acm fire 7 7 3 6 9 11 11 11 12 13 14 15 16 18 20 21 22 23 24 26 28 30 32 33 34 35 36 36 36 36 36 36 36 37 39 41 44 46 48 50 52 54 56 58 60 61 63 66 70 74 77 80 83 
acm human 7 7 23 46 65 81 97 111 123 131 135 135 136 137 138 139 140 140 140 140 140 140 140 140 140 140 140 140 140 140 140 140 140 140 140 140 140 140 140 140 140 140 140 140 140 140 140 140 140 140 140 140 140 
acm window 7 7 9 18 27 33 37 40 42 43 44 44 45 46 47 48 49 50 51 52 53 53 53 53 53 53 53 54 55 56 57 58 59 60 61 61 61 61 61 61 61 61 61 62 64 67 70 72 74 76 78 78 78 
tsim fire 7 7 3 3 3 3 3 3 4 4 4 4 4 5 5 5 5 5 5 6 6 6 6 6 6 6 6 6 6 6 6 6 6 7 8 8 9 9 9 9 9 9 9 9 9 9 10 11 12 12 12 12 12 
tsim human 7 7 23 23 20 19 19 18 18 17 17 13 12 12 12 12 12 12 12 12 12 12 12 12 12 12 12 12 12 12 12 12 12 12 12 12 12 12 12 12 12 12 12 12 12 12 12 12 12 12 12 12 12 
tsim window 7 7 9 9 9 9 9 9 9 9 9 9 10 14 14 14 14 14 14 21 21 21 21 21 21 21 21 22 22 22 22 22 22 22 22 22 22 22 22 22 22 22 22 23 24 25 25 25 27 27 27 27 27 
runtime -1 7 7 5.9957311153411865 3.4410665035247803 3.224738597869873 2.8181099891662598 3.5741684436798096 2.8459651470184326 2.082862377166748 1.669769287109375 0.5793278217315674 
avg_run -1 7 7 2.9146376980675592
al_time -1 7 7 0.016855716705322266 0.017694473266601562 0.016881704330444336 0.8389127254486084 0.019520044326782227 0.023867368698120117 0.022436857223510742 0.021289587020874023 0.016149044036865234 
avg_all -1 7 7 0.11040083567301433
random:8T:3000
sum 0 7 8 60 52 
sum 1 7 8 180 92 
sum 2 7 8 240 110 
sum 3 7 8 360 145 
sum 4 7 8 540 167 
sum 5 7 8 600 171 
sum 6 7 8 1200 226 
sum 7 7 8 1500 234 
sum 8 7 8 1800 236 
sum 9 7 8 2100 236 
sum 10 7 8 2400 239 
sum 11 7 8 2700 246 
sum 12 7 8 3000 259 
miss fire 7 8 2 2 0 0 0 1 2 2 2 2 2 2 2 2 2 2 2 0 1 0 0 0 0 0 0 0 0 0 0 0 0 0 0 0 0 0 0 0 1 1 1 2 2 1 1 1 2 2 2 1 1 
miss human 7 8 15 15 14 14 12 11 10 6 3 1 2 4 4 4 4 4 4 2 2 1 1 1 1 2 0 0 0 0 0 0 0 0 0 0 0 0 0 0 0 0 0 0 0 0 0 0 0 0 0 0 0 
miss window 7 8 9 9 6 6 6 6 5 4 2 0 0 0 1 1 2 2 2 2 2 0 0 0 1 1 1 1 0 0 1 1 0 0 0 0 0 0 0 0 0 0 0 0 0 0 0 0 0 1 1 1 2 
acm fire 7 8 2 4 4 4 4 5 7 9 11 13 15 17 19 21 23 25 27 27 28 28 28 28 28 28 28 28 28 28 28 28 28 28 28 28 28 28 28 28 29 30 31 33 35 36 37 38 40 42 44 45 46 
acm human 7 8 15 30 44 58 70 81 91 97 100 101 103 107 111 115 119 123 127 129 131 132 133 134 135 137 137 137 137 137 137 137 137 137 137 137 137 137 137 137 137 137 137 137 137 137 137 137 137 137 137 137 137 
acm window 7 8 9 18 24 30 36 42 47 51 53 53 53 53 54 55 57 59 61 63 65 65 65 65 66 67 68 69 69 69 70 71 71 71 71 71 71 71 71 71 71 71 71 71 71 71 71 71 71 72 73 74 76 
tsim fire 7 8 2 2 2 2 2 3 4 4 4 4 4 4 4 5 5 5 5 5 6 6 6 6 6 6 6 6 6 6 6 6 6 6 6 6 6 6 6 6 7 7 7 9 9 9 9 9 10 10 10 10 10 
tsim human 7 8 15 15 15 15 14 14 12 10 10 9 8 6 6 6 6 6 6 6 6 6 6 6 6 6 6 6 6 6 6 6 6 6 6 6 6 6 6 6 6 6 6 6 6 6 6 6 6 6 6 6 6 
tsim window 7 8 9 9 9 9 9 9 9 9 9 9 9 9 10 15 16 16 16 16 16 16 16 16 17 17 17 17 17 17 18 18 18 18 18 18 18 18 18 18 18 18 18 18 18 18 18 18 18 19 19 19 20 
runtime -1 7 8 6.334690093994141 5.065730571746826 2.8613510131835938 3.4168455600738525 3.1180717945098877 2.655970811843872 2.256817579269409 2.714364528656006 1.9655425548553467 1.8876423835754395 
avg_run -1 7 8 3.2277026891708376
al_time -1 7 8 0.016756534576416016 0.019245147705078125 0.01653766632080078 0.8375604152679443 0.020489931106567383 0.018491029739379883 0.021071910858154297 0.020458459854125977 0.01885533332824707 0.021773815155029297 
avg_all -1 7 8 0.10112402439117432
random:9T:3000
sum 0 7 9 60 74 
sum 1 7 9 180 128 
sum 2 7 9 240 153 
sum 3 7 9 360 192 
sum 4 7 9 540 216 
sum 5 7 9 600 221 
sum 6 7 9 1200 252 
sum 7 7 9 1500 269 
sum 8 7 9 1800 275 
sum 9 7 9 2100 287 
sum 10 7 9 2400 298 
sum 11 7 9 2700 314 
sum 12 7 9 3000 330 
miss fire 7 9 2 2 1 1 1 1 2 1 1 1 1 1 0 0 1 0 0 1 1 1 1 1 0 0 0 0 0 0 0 0 0 0 2 2 2 1 2 2 2 2 2 2 2 2 3 3 2 2 1 1 2 
miss human 7 9 25 25 19 17 16 15 10 9 6 3 4 3 2 2 2 1 1 1 1 1 2 2 0 0 0 0 0 0 0 0 0 0 0 0 0 0 0 0 0 0 0 0 0 0 0 0 0 0 0 0 0 
miss window 7 9 10 10 8 8 8 6 5 3 0 0 0 0 0 0 0 0 1 2 2 2 2 3 3 3 3 2 2 1 1 1 1 1 1 1 1 1 1 0 0 0 0 0 1 1 1 1 2 2 1 1 2 
acm fire 7 9 2 4 5 6 7 8 10 11 12 13 14 15 15 15 16 16 16 17 18 19 20 21 21 21 21 21 21 21 21 21 21 21 23 25 27 28 30 32 34 36 38 40 42 44 47 50 52 54 55 56 58 
acm human 7 9 25 50 69 86 102 117 127 136 142 145 149 152 154 156 158 159 160 161 162 163 165 167 167 167 167 167 167 167 167 167 167 167 167 167 167 167 167 167 167 167 167 167 167 167 167 167 167 167 167 167 167 
acm window 7 9 10 20 28 36 44 50 55 58 58 58 58 58 58 58 58 58 59 61 63 65 67 70 73 76 79 81 83 84 85 86 87 88 89 90 91 92 93 93 93 93 93 93 94 95 96 97 99 101 102 103 105 
tsim fire 7 9 2 2 2 2 2 2 3 3 4 4 4 4 4 4 5 5 5 6 6 6 6 6 6 6 6 6 6 6 6 6 6 6 8 8 8 8 9 9 9 9 9 10 10 10 12 12 13 13 13 13 14 
tsim human 7 9 25 25 25 25 25 24 21 21 20 19 16 15 14 14 14 14 14 14 14 14 14 14 14 14 14 14 14 14 14 14 14 14 14 14 14 14 14 14 14 14 14 14 14 14 14 14 14 14 14 14 14 
tsim window 7 9 10 10 10 10 10 10 10 10 10 10 10 10 10 10 13 13 14 15 15 15 15 16 16 16 16 16 16 17 17 17 17 17 17 17 17 17 17 17 17 17 17 17 18 18 18 18 19 19 19 19 20 
runtime -1 7 9 3.9027512073516846 1.3145391941070557 1.2347493171691895 2.0297131538391113 1.516036033630371 1.5528240203857422 1.7630808353424072 1.1198148727416992 0.9304461479187012 0.5180692672729492 0.33858299255371094 
avg_run -1 7 9 1.4746006402102383
al_time -1 7 9 0.015092611312866211 0.012639522552490234 0.6060214042663574 0.018238067626953125 0.016007184982299805 0.019922733306884766 0.019834280014038086 0.016696691513061523 0.016582250595092773 0.017432212829589844 0.01179361343383789 
avg_all -1 7 9 0.07002368840304288
