random:0T:3000
sum 0 7 0 60 81 
sum 1 7 0 180 141 
sum 2 7 0 240 160 
sum 3 7 0 360 187 
sum 4 7 0 540 210 
sum 5 7 0 600 213 
sum 6 7 0 1200 233 
sum 7 7 0 1500 253 
sum 8 7 0 1800 261 
sum 9 7 0 2100 277 
sum 10 7 0 2400 298 
sum 11 7 0 2700 327 
sum 12 7 0 3000 349 
miss fire 7 0 6 6 5 5 3 2 2 4 2 1 0 0 2 2 0 0 0 0 0 0 0 0 0 0 0 0 1 1 1 1 2 2 2 2 5 5 4 4 2 2 3 4 4 2 2 2 1 1 1 1 1 
miss human 7 0 25 24 17 15 10 7 6 5 4 5 2 1 0 0 0 0 1 0 0 0 0 0 0 0 0 0 0 0 0 0 0 0 0 0 0 0 0 0 0 0 0 0 0 0 0 0 0 0 0 0 0 
miss window 7 0 10 10 9 9 6 5 5 2 0 0 1 1 1 1 0 1 1 1 2 2 4 4 4 4 4 4 2 0 0 0 0 0 0 0 0 0 0 0 2 2 2 3 2 3 3 4 4 4 3 3 3 
acm fire 7 0 6 12 17 22 25 27 29 33 35 36 36 36 38 40 40 40 40 40 40 40 40 40 40 40 40 40 41 42 43 44 46 48 50 52 57 62 66 70 72 74 77 81 85 87 89 91 92 93 94 95 96 
acm human 7 0 25 49 66 81 91 98 104 109 113 118 120 121 121 121 121 121 122 122 122 122 122 122 122 122 122 122 122 122 122 122 122 122 122 122 122 122 122 122 122 122 122 122 122 122 122 122 122 122 122 122 122 
acm window 7 0 10 20 29 38 44 49 54 56 56 56 57 58 59 60 60 61 62 63 65 67 71 75 79 83 87 91 93 93 93 93 93 93 93 93 93 93 93 93 95 97 99 102 104 107 110 114 118 122 125 128 131 
tsim fire 7 0 6 6 6 6 6 6 6 8 9 9 9 9 11 11 11 11 11 11 11 11 11 11 11 11 11 11 12 12 12 12 13 13 13 13 16 16 16 16 16 16 18 19 19 19 19 19 19 19 19 19 19 
tsim human 7 0 25 24 23 23 22 21 21 19 19 18 16 15 14 14 13 13 13 13 13 13 13 13 13 13 13 13 13 13 13 13 13 13 13 13 13 13 13 13 13 13 13 13 13 13 13 13 13 13 13 13 13 
tsim window 7 0 10 10 10 10 10 10 10 10 10 10 11 11 14 14 14 15 16 16 17 17 19 19 19 19 19 19 21 21 21 21 21 21 21 21 21 21 21 21 23 23 23 24 24 25 25 26 26 26 26 28 28 
runtime -1 7 0 2.718106508255005 1.5505728721618652 1.2930874824523926 2.4582090377807617 2.2335805892944336 2.1822469234466553 1.6612560749053955 2.3519325256347656 2.210512161254883 1.6508002281188965 1.1510851383209229 
avg_run -1 7 0 1.9510354128750889
al_time -1 7 0 0.027303695678710938 0.022928953170776367 0.0233609676361084 0.04756879806518555 0.05290722846984863 0.05698132514953613 0.024739742279052734 0.9025177955627441 0.05485105514526367 0.05829930305480957 0.04481959342956543 
avg_all -1 7 0 0.11966167796741832
random:1T:3000
sum 0 7 1 60 86 
sum 1 7 1 180 139 
sum 2 7 1 240 156 
sum 3 7 1 360 184 
sum 4 7 1 540 217 
sum 5 7 1 600 225 
sum 6 7 1 1200 283 
sum 7 7 1 1500 299 
sum 8 7 1 1800 309 
sum 9 7 1 2100 325 
sum 10 7 1 2400 330 
sum 11 7 1 2700 350 
sum 12 7 1 3000 373 
miss fire 7 1 3 3 2 2 1 2 1 3 3 4 4 6 3 3 1 2 2 2 2 0 0 0 0 0 0 0 0 0 1 1 1 2 2 3 3 3 0 0 0 0 0 0 1 2 2 2 4 4 3 2 2 
miss human 7 1 27 27 17 14 9 10 6 5 7 7 4 4 4 4 0 0 3 3 3 0 0 0 0 0 0 0 0 0 0 0 0 0 0 0 0 0 0 0 0 0 0 0 0 0 0 0 0 0 0 0 0 
miss window 7 1 13 13 10 8 7 6 3 2 2 0 0 0 0 0 0 3 2 2 2 3 4 4 3 3 3 3 3 1 1 1 1 1 1 1 0 0 0 1 1 1 2 2 2 3 3 3 2 2 1 1 2 
acm fire 7 1 3 6 8 10 11 13 14 17 20 24 28 34 37 40 41 43 45 47 49 49 49 49 49 49 49 49 49 49 50 51 52 54 56 59 62 65 65 65 65 65 65 65 66 68 70 72 76 80 83 85 87 
acm human 7 1 27 54 71 85 94 104 110 115 122 129 133 137 141 145 145 145 148 151 154 154 154 154 154 154 154 154 154 154 154 154 154 154 154 154 154 154 154 154 154 154 154 154 154 154 154 154 154 154 154 154 154 
acm window 7 1 13 26 36 44 51 57 60 62 64 64 64 64 64 64 64 67 69 71 73 76 80 84 87 90 93 96 99 100 101 102 103 104 105 106 106 106 106 107 108 109 111 113 115 118 121 124 126 128 129 130 132 
tsim fire 7 1 3 3 3 3 3 4 4 6 6 7 7 9 10 10 10 11 11 11 11 11 11 11 11 11 11 11 11 11 12 12 12 13 14 13 13 13 13 13 13 13 13 13 14 15 16 16 19 19 20 20 20 
tsim human 7 1 27 27 27 26 25 23 22 22 20 20 20 20 20 20 19 19 19 19 19 19 19 19 19 19 19 19 19 19 19 19 19 19 19 19 19 19 19 19 19 19 19 19 19 19 19 19 19 19 19 19 19 
tsim window 7 1 13 13 13 13 13 13 13 13 13 13 13 16 19 19 19 22 22 22 22 23 24 25 25 26 26 26 26 26 26 26 26 26 26 26 26 26 26 27 27 27 28 28 28 29 29 29 34 34 34 34 35 
runtime -1 7 1 5.256511926651001 2.391422748565674 2.8808109760284424 3.1877174377441406 2.913860559463501 2.8962175846099854 2.277007818222046 1.3304901123046875 0.9770359992980957 0.8377063274383545 0.7408208847045898 0.44330835342407227 
avg_run -1 7 1 2.1777425607045493
al_time -1 7 1 0.04990053176879883 0.0238494873046875 3.784956693649292 0.05746889114379883 0.06003236770629883 0.05515241622924805 0.0319066047668457 0.033567190170288086 0.0296478271484375 0.02902960777282715 0.030025482177734375 0.03038787841796875 
avg_all -1 7 1 0.3513270815213521
random:2T:3000
sum 0 7 2 60 46 
sum 1 7 2 180 68 
sum 2 7 2 240 74 
sum 3 7 2 360 83 
sum 4 7 2 540 102 
sum 5 7 2 600 107 
sum 6 7 2 1200 129 
sum 7 7 2 1500 133 
sum 8 7 2 1800 138 
sum 9 7 2 2100 143 
sum 10 7 2 2400 147 
sum 11 7 2 2700 157 
sum 12 7 2 3000 175 
miss fire 7 2 4 4 2 0 1 1 1 2 4 4 3 3 1 1 0 0 0 0 0 0 0 0 0 0 1 1 1 1 1 1 1 1 2 2 0 0 0 0 1 1 2 2 2 1 2 1 4 2 2 0 0 
miss human 7 2 12 12 8 6 5 4 3 3 3 2 2 1 1 1 1 0 0 0 0 0 0 0 0 0 0 0 0 0 0 0 0 0 0 0 0 0 0 0 0 0 0 0 0 0 0 0 0 0 0 0 0 
miss window 7 2 7 7 4 2 0 0 0 0 0 1 0 0 0 0 0 0 1 2 4 3 3 2 0 0 0 0 0 0 0 0 0 0 0 0 0 0 0 0 0 0 0 1 1 0 0 0 1 2 2 1 4 
acm fire 7 2 4 8 10 10 11 12 13 15 19 23 26 29 30 31 31 31 31 31 31 31 31 31 31 31 32 33 34 35 36 37 38 39 41 43 43 43 43 43 44 45 47 49 51 52 54 55 59 61 63 63 63 
acm human 7 2 12 24 32 38 43 47 50 53 56 58 60 61 62 63 64 64 64 64 64 64 64 64 64 64 64 64 64 64 64 64 64 64 64 64 64 64 64 64 64 64 64 64 64 64 64 64 64 64 64 64 64 
acm window 7 2 7 14 18 20 20 20 20 20 20 21 21 21 21 21 21 21 22 24 28 31 34 36 36 36 36 36 36 36 36 36 36 36 36 36 36 36 36 36 36 36 36 37 38 38 38 38 39 41 43 44 48 
tsim fire 7 2 4 4 4 4 5 5 5 6 8 8 10 10 10 10 10 10 10 10 10 10 10 10 10 10 10 10 10 10 10 10 10 10 11 9 9 9 9 9 10 11 12 14 14 14 15 15 18 18 18 18 18 
tsim human 7 2 12 12 12 12 12 12 11 11 11 10 10 9 9 9 9 8 8 8 8 8 8 8 8 8 8 8 8 8 8 8 8 8 8 8 8 8 8 8 8 8 8 8 8 8 8 8 8 8 8 8 8 
tsim window 7 2 7 7 7 7 7 7 7 7 7 8 10 10 10 10 10 10 11 12 14 14 14 14 14 14 14 14 14 14 14 14 14 14 14 14 14 14 14 14 14 14 14 15 15 15 15 15 23 24 24 24 27 
runtime -1 7 2 0.7842085361480713 0.6805059909820557 0.7230918407440186 0.6302502155303955 0.6066560745239258 0.6813368797302246 0.5930726528167725 0.6232073307037354 0.5264253616333008 0.5111091136932373 0.6878767013549805 0.323239803314209 0.26608800888061523 0.1540818214416504 0.06331467628479004 
avg_run -1 7 2 0.5236310005187989
al_time -1 7 2 0.014281034469604492 0.014020204544067383 0.014215946197509766 0.048187971115112305 0.511387825012207 0.02150750160217285 0.0261533260345459 0.017623186111450195 0.018268585205078125 0.018647432327270508 0.017310142517089844 0.018834352493286133 0.019046783447265625 0.01885843276977539 0.6130886077880859 
avg_all -1 7 2 0.09276208877563477
random:3T:3000
sum 0 7 3 60 116 
sum 1 7 3 180 194 
sum 2 7 3 240 221 
sum 3 7 3 360 265 
sum 4 7 3 540 299 
sum 5 7 3 600 307 
sum 6 7 3 1200 358 
sum 7 7 3 1500 365 
sum 8 7 3 1800 373 
sum 9 7 3 2100 387 
sum 10 7 3 2400 397 
sum 11 7 3 2700 401 
sum 12 7 3 3000 410 
miss fire 7 3 5 5 5 1 2 2 3 1 1 2 2 3 2 3 2 2 0 0 0 0 0 0 0 1 1 1 0 0 1 1 1 2 1 2 2 3 3 1 1 0 1 1 0 0 1 1 1 2 2 1 2 
miss human 7 3 30 30 24 18 16 15 10 6 7 5 4 5 7 6 3 3 2 2 0 0 0 0 0 0 0 0 0 0 0 0 0 0 0 0 0 0 0 0 0 0 0 0 0 0 0 0 0 0 0 0 0 
miss window 7 3 23 23 19 11 9 8 6 5 4 3 2 2 0 1 2 2 1 1 1 1 0 1 1 0 1 1 1 1 1 1 1 2 1 1 0 0 0 1 1 1 1 1 0 0 0 0 0 0 0 0 1 
acm fire 7 3 5 10 15 16 18 20 23 24 25 27 29 32 34 37 39 41 41 41 41 41 41 41 41 42 43 44 44 44 45 46 47 49 50 52 54 57 60 61 62 62 63 64 64 64 65 66 67 69 71 72 74 
acm human 7 3 30 60 84 102 118 133 143 149 156 161 165 170 177 183 186 189 191 193 193 193 193 193 193 193 193 193 193 193 193 193 193 193 193 193 193 193 193 193 193 193 193 193 193 193 193 193 193 193 193 193 193 
acm window 7 3 23 46 65 76 85 93 99 104 108 111 113 115 115 116 118 120 121 122 123 124 124 125 126 126 127 128 129 130 131 132 133 135 136 137 137 137 137 138 139 140 141 142 142 142 142 142 142 142 142 142 143 
tsim fire 7 3 5 5 5 5 6 6 7 7 7 8 8 9 9 10 10 10 10 10 10 10 10 10 10 11 11 11 11 11 12 12 12 13 13 12 12 13 13 13 13 13 14 14 14 14 15 15 15 16 17 17 18 
tsim human 7 3 30 30 28 28 28 27 27 26 25 24 22 21 19 18 17 17 17 17 17 17 17 17 17 17 17 17 17 17 17 17 17 17 17 17 17 17 17 17 17 17 17 17 17 17 17 17 17 17 17 17 17 
tsim window 7 3 23 23 23 23 23 24 24 24 24 24 24 24 24 25 26 26 26 26 27 27 27 28 28 30 31 31 31 31 31 31 31 32 32 32 32 32 32 33 33 33 33 33 33 33 34 34 34 34 34 34 35 
runtime -1 7 3 4.639359474182129 3.7514142990112305 2.236894369125366 2.065944194793701 2.3451778888702393 2.38513445854187 2.0687687397003174 1.8412818908691406 1.7098681926727295 2.0333735942840576 1.8343963623046875 2.0370230674743652 0.8493084907531738 
avg_run -1 7 3 2.29214961712177
al_time -1 7 3 0.052674293518066406 0.025144577026367188 0.02705216407775879 0.027065515518188477 0.027379751205444336 0.027836322784423828 1.088501214981079 0.032782554626464844 0.033600568771362305 0.030295372009277344 0.03193974494934082 0.10118627548217773 0.057804107666015625 
avg_all -1 7 3 0.12025095866276668
random:4T:3000
sum 0 7 4 60 81 
sum 1 7 4 180 131 
sum 2 7 4 240 146 
sum 3 7 4 360 161 
sum 4 7 4 540 183 
sum 5 7 4 600 187 
sum 6 7 4 1200 221 
sum 7 7 4 1500 237 
sum 8 7 4 1800 240 
sum 9 7 4 2100 247 
sum 10 7 4 2400 250 
sum 11 7 4 2700 267 
sum 12 7 4 3000 298 
miss fire 7 4 3 3 1 1 1 0 1 2 2 2 0 1 3 4 2 2 2 1 1 0 0 1 1 1 0 0 0 0 0 0 0 0 0 2 2 2 2 0 0 0 1 2 2 2 3 4 5 5 6 5 6 
miss human 7 4 23 22 18 13 8 4 5 5 5 5 4 2 1 1 1 1 1 0 0 0 0 0 0 0 0 0 0 0 0 0 0 0 0 0 0 0 0 0 0 0 0 0 0 0 0 0 0 0 0 0 0 
miss window 7 4 15 15 10 7 6 3 2 1 0 0 0 0 0 0 0 1 2 2 2 2 2 4 3 2 2 2 1 1 0 0 1 1 0 0 0 0 0 0 0 0 0 0 1 1 1 1 1 1 1 0 1 
acm fire 7 4 3 6 7 8 9 9 10 12 14 16 16 17 20 24 26 28 30 31 32 32 32 33 34 35 35 35 35 35 35 35 35 35 35 37 39 41 43 43 43 43 44 46 48 50 53 57 62 67 73 78 84 
acm human 7 4 23 45 63 76 84 88 93 98 103 108 112 114 115 116 117 118 119 119 119 119 119 119 119 119 119 119 119 119 119 119 119 119 119 119 119 119 119 119 119 119 119 119 119 119 119 119 119 119 119 119 119 
acm window 7 4 15 30 40 47 53 56 58 59 59 59 59 59 59 59 59 60 62 64 66 68 70 74 77 79 81 83 84 85 85 85 86 87 87 87 87 87 87 87 87 87 87 87 88 89 90 91 92 93 94 94 95 
tsim fire 7 4 3 3 3 3 3 3 4 5 5 5 5 6 8 9 9 9 9 9 9 9 9 10 10 10 10 10 10 10 10 10 10 10 10 10 10 10 10 10 10 10 11 12 12 12 14 15 16 16 17 18 19 
tsim human 7 4 23 22 22 22 22 22 21 23 23 23 22 20 19 19 19 19 19 19 19 19 19 19 19 19 19 19 19 19 19 19 19 19 19 19 19 19 19 19 19 19 19 19 19 19 19 19 19 19 19 19 19 
tsim window 7 4 15 15 15 15 15 15 15 18 18 18 18 18 18 18 18 19 20 20 20 21 21 24 24 24 24 24 24 24 24 24 25 25 25 25 25 25 25 25 25 25 25 25 26 26 26 31 31 31 31 31 32 
runtime -1 7 4 2.5402634143829346 0.6753063201904297 1.0925076007843018 0.6976168155670166 0.7636356353759766 0.665865421295166 0.817584753036499 0.6303865909576416 0.5688223838806152 0.6503057479858398 0.3402721881866455 0.12924885749816895 
avg_run -1 7 4 0.7976513107617696
al_time -1 7 4 0.020192623138427734 0.7126710414886475 0.02062511444091797 0.021109819412231445 0.02059006690979004 0.02422189712524414 0.02621912956237793 0.022983551025390625 0.02124953269958496 0.02413773536682129 0.023906230926513672 0.020397424697875977 
avg_all -1 7 4 0.07985868056615193
random:5T:3000
sum 0 7 5 60 119 
sum 1 7 5 180 199 
sum 2 7 5 240 226 
sum 3 7 5 360 273 
sum 4 7 5 540 332 
sum 5 7 5 600 349 
sum 6 7 5 1200 428 
sum 7 7 5 1500 436 
sum 8 7 5 1800 447 
sum 9 7 5 2100 456 
sum 10 7 5 2400 464 
sum 11 7 5 2700 475 
sum 12 7 5 3000 498 
miss fire 7 5 4 4 3 3 2 2 4 4 5 5 3 3 2 2 1 1 1 1 2 2 1 1 0 0 1 1 1 1 1 1 0 0 0 1 1 1 2 3 1 1 1 0 2 2 2 3 3 3 4 2 2 
miss human 7 5 42 41 33 24 18 14 16 12 12 12 14 13 10 10 8 8 3 3 0 0 0 0 0 0 0 0 0 0 0 0 0 0 0 0 0 0 0 0 0 0 0 0 0 0 0 0 0 0 0 0 0 
miss window 7 5 14 14 10 7 7 5 6 4 3 2 0 0 0 0 1 2 0 0 2 2 1 1 1 1 1 1 0 2 2 2 1 1 1 1 2 1 0 0 0 0 0 0 0 0 0 2 2 2 1 1 3 
acm fire 7 5 4 8 11 14 16 18 22 26 31 36 39 42 44 46 47 48 49 50 52 54 55 56 56 56 57 58 59 60 61 62 62 62 62 63 64 65 67 70 71 72 73 73 75 77 79 82 85 88 92 94 96 
acm human 7 5 42 83 116 140 158 172 188 200 212 224 238 251 261 271 279 287 290 293 293 293 293 293 293 293 293 293 293 293 293 293 293 293 293 293 293 293 293 293 293 293 293 293 293 293 293 293 293 293 293 293 293 
acm window 7 5 14 28 38 45 52 57 63 67 70 72 72 72 72 72 73 75 75 75 77 79 80 81 82 83 84 85 85 87 89 91 92 93 94 95 97 98 98 98 98 98 98 98 98 98 98 100 102 104 105 106 109 
tsim fire 7 5 4 4 4 4 4 4 6 6 7 7 9 9 9 9 9 9 9 9 11 11 11 11 11 11 12 12 12 12 12 12 12 12 12 11 11 11 12 13 13 13 13 13 15 16 16 17 18 18 19 19 19 
tsim human 7 5 42 41 40 40 39 36 32 29 28 26 24 23 23 23 23 23 23 23 23 23 23 23 23 23 23 23 23 23 23 23 23 23 23 23 23 23 23 23 23 23 23 23 23 23 23 23 23 23 23 23 23 
tsim window 7 5 14 14 14 14 15 15 18 18 18 18 18 18 18 18 19 20 20 20 27 27 28 28 28 28 28 28 28 30 30 30 30 30 30 30 31 31 31 31 31 31 31 31 31 31 31 33 33 33 33 33 35 
runtime -1 7 5 4.5880045890808105 4.907339572906494 1.6245603561401367 2.059865951538086 3.1493046283721924 3.0865399837493896 2.7064192295074463 2.435856580734253 2.9530351161956787 2.758812427520752 1.8899965286254883 1.855752944946289 0.9744713306427002 
avg_run -1 7 5 2.6915353261507473
al_time -1 7 5 0.05717134475708008 0.026924610137939453 0.028768539428710938 0.053629159927368164 0.05520939826965332 0.056751251220703125 0.4164152145385742 0.06559348106384277 0.1421825885772705 0.0316920280456543 0.05952048301696777 0.03202104568481445 0.033446311950683594 
avg_all -1 7 5 0.08148657358609714
random:6T:3000
sum 0 7 6 60 100 
sum 1 7 6 180 168 
sum 2 7 6 240 198 
sum 3 7 6 360 241 
sum 4 7 6 540 291 
sum 5 7 6 600 300 
sum 6 7 6 1200 363 
sum 7 7 6 1500 370 
sum 8 7 6 1800 372 
sum 9 7 6 2100 377 
sum 10 7 6 2400 393 
sum 11 7 6 2700 418 
sum 12 7 6 3000 453 
miss fire 7 6 3 3 2 2 2 3 1 4 4 6 3 3 3 2 2 1 1 1 1 1 0 0 0 0 0 0 1 1 0 0 0 0 0 3 1 1 1 2 4 4 5 6 4 5 4 6 4 4 4 4 4 
miss human 7 6 31 31 24 20 20 19 13 13 12 7 6 5 5 3 3 2 2 1 1 2 0 0 1 1 1 1 0 0 0 0 0 0 0 0 0 0 0 0 0 0 0 0 0 0 0 0 0 0 0 0 0 
miss window 7 6 16 16 11 9 8 5 2 2 1 1 0 0 0 1 2 1 2 4 6 5 3 3 0 0 0 0 0 0 0 0 0 0 0 0 0 0 0 0 0 0 0 0 0 0 0 0 0 1 4 4 6 
acm fire 7 6 3 6 8 10 12 15 16 20 24 30 33 36 39 41 43 44 45 46 47 48 48 48 48 48 48 48 49 50 50 50 50 50 50 53 54 55 56 58 62 66 71 77 81 86 90 96 100 104 108 112 116 
acm human 7 6 31 62 86 106 126 145 158 171 183 190 196 201 206 209 212 214 216 217 218 220 220 220 221 222 223 224 224 224 224 224 224 224 224 224 224 224 224 224 224 224 224 224 224 224 224 224 224 224 224 224 224 
acm window 7 6 16 32 43 52 60 65 67 69 70 71 71 71 71 72 74 75 77 81 87 92 95 98 98 98 98 98 98 98 98 98 98 98 98 98 98 98 98 98 98 98 98 98 98 98 98 98 98 99 103 107 113 
tsim fire 7 6 3 3 3 3 3 4 5 8 9 11 11 11 11 11 11 11 11 11 11 11 11 11 11 11 11 11 11 11 11 11 11 11 11 8 8 8 8 10 12 12 13 14 15 16 16 18 18 18 18 19 19 
tsim human 7 6 31 31 29 29 27 26 24 26 26 24 24 23 22 22 22 22 22 22 22 22 22 22 22 22 22 22 22 22 22 22 22 22 22 22 22 22 22 22 22 22 22 22 22 22 22 22 22 22 22 22 22 
tsim window 7 6 16 16 16 16 16 16 20 23 23 23 23 23 23 24 25 25 26 28 30 31 31 31 31 31 31 31 31 31 31 31 31 31 31 31 31 31 31 31 31 31 31 34 34 34 34 35 35 36 39 39 41 
runtime -1 7 6 5.504519701004028 4.576188802719116 2.864527702331543 2.4031717777252197 2.123012065887451 1.8977556228637695 1.3637487888336182 1.8411171436309814 1.5252201557159424 1.7286927700042725 1.315809726715088 0.9154617786407471 0.7849936485290527 0.25597643852233887 
avg_run -1 7 6 2.0785854373659407
al_time -1 7 6 0.04809427261352539 2.7327992916107178 0.02811288833618164 0.027364253997802734 0.029583454132080078 0.03367424011230469 0.035202980041503906 0.02966761589050293 0.028115510940551758 0.029920578002929688 0.029188156127929688 0.028933286666870117 1.2280337810516357 0.024209260940551758 
avg_all -1 7 6 0.309492826461792
random:7T:3000
sum 0 7 7 60 84 
sum 1 7 7 180 141 
sum 2 7 7 240 157 
sum 3 7 7 360 179 
sum 4 7 7 540 205 
sum 5 7 7 600 213 
sum 6 7 7 1200 256 
sum 7 7 7 1500 258 
sum 8 7 7 1800 271 
sum 9 7 7 2100 289 
sum 10 7 7 2400 309 
sum 11 7 7 2700 340 
sum 12 7 7 3000 370 
miss fire 7 7 4 4 3 3 3 3 0 2 2 3 2 2 1 1 0 1 1 1 1 1 1 0 0 0 0 0 0 0 0 2 2 1 1 3 3 3 3 3 3 2 2 3 2 3 4 3 3 4 2 1 1 
miss human 7 7 22 22 17 14 7 7 6 6 5 4 5 5 4 4 2 2 0 0 0 0 0 0 0 0 0 0 0 0 0 0 0 0 0 0 0 0 0 0 0 0 0 0 0 0 0 0 0 0 0 0 0 
miss window 7 7 16 16 13 7 6 4 2 2 1 1 1 2 2 2 1 2 2 2 1 1 1 0 0 0 1 1 1 2 2 2 2 2 2 1 1 1 1 1 1 2 2 2 2 3 5 4 5 5 5 2 2 
acm fire 7 7 4 8 11 14 17 20 20 22 24 27 29 31 32 33 33 34 35 36 37 38 39 39 39 39 39 39 39 39 39 41 43 44 45 48 51 54 57 60 63 65 67 70 72 75 79 82 85 89 91 92 93 
acm human 7 7 22 44 61 75 82 89 95 101 106 110 115 120 124 128 130 132 132 132 132 132 132 132 132 132 132 132 132 132 132 132 132 132 132 132 132 132 132 132 132 132 132 132 132 132 132 132 132 132 132 132 132 
acm window 7 7 16 32 45 52 58 62 64 66 67 68 69 71 73 75 76 78 80 82 83 84 85 85 85 85 86 87 88 90 92 94 96 98 100 101 102 103 104 105 106 108 110 112 114 117 122 126 131 136 141 143 145 
tsim fire 7 7 4 4 4 5 5 5 5 7 7 8 8 8 8 8 8 9 9 9 10 10 10 10 10 10 10 10 10 10 10 12 12 12 12 12 12 13 13 15 15 15 15 16 16 17 18 18 18 19 19 19 19 
tsim human 7 7 22 22 20 19 17 17 17 19 19 16 14 14 14 12 12 12 12 12 12 12 12 12 12 12 12 12 12 12 12 12 12 12 12 12 12 12 12 12 12 12 12 12 12 12 12 12 12 12 12 12 12 
tsim window 7 7 16 16 16 16 16 16 16 18 19 19 19 20 20 20 21 26 26 26 26 26 26 26 26 26 27 27 27 28 28 28 28 28 28 28 28 28 28 29 29 30 30 30 30 32 34 34 35 35 35 35 35 
runtime -1 7 7 3.0089738368988037 1.7593441009521484 1.461068868637085 2.4195401668548584 2.34822940826416 2.5034327507019043 2.4828484058380127 2.1945652961730957 1.6672022342681885 1.3293225765228271 1.121082067489624 0.8339881896972656 0.8947000503540039 0.39821887016296387 
avg_run -1 7 7 1.7444654873439245
al_time -1 7 7 0.8078694343566895 0.048757076263427734 0.023168087005615234 0.0424954891204834 0.044309377670288086 0.04642653465270996 0.09319639205932617 0.04915499687194824 0.024913549423217773 0.025423288345336914 0.026187896728515625 0.9556002616882324 0.02814340591430664 0.05220150947570801 
avg_all -1 7 7 0.16198909282684326
random:8T:3000
sum 0 7 8 60 54 
sum 1 7 8 180 85 
sum 2 7 8 240 94 
sum 3 7 8 360 104 
sum 4 7 8 540 115 
sum 5 7 8 600 120 
sum 6 7 8 1200 143 
sum 7 7 8 1500 147 
sum 8 7 8 1800 153 
sum 9 7 8 2100 159 
sum 10 7 8 2400 161 
sum 11 7 8 2700 173 
sum 12 7 8 3000 184 
miss fire 7 8 3 3 0 0 0 1 3 3 2 2 2 0 1 1 1 1 1 1 1 0 0 0 0 0 0 0 0 0 0 0 0 0 0 1 0 0 1 0 0 0 0 0 2 2 1 1 1 2 1 1 2 
miss human 7 8 14 14 13 11 7 3 2 0 1 3 3 1 0 0 0 0 0 0 0 0 0 0 0 0 0 0 0 0 0 0 0 0 0 0 0 0 0 0 0 0 0 0 0 0 0 0 0 0 0 0 0 
miss window 7 8 10 10 4 3 2 1 0 0 0 0 0 0 0 0 0 3 4 3 3 1 1 1 0 1 1 1 1 2 1 1 1 1 1 1 1 1 0 0 0 0 1 1 1 1 1 2 2 2 0 0 0 
acm fire 7 8 3 6 6 6 6 7 10 13 15 17 19 19 20 21 22 23 24 25 26 26 26 26 26 26 26 26 26 26 26 26 26 26 26 27 27 27 28 28 28 28 28 28 30 32 33 34 35 37 38 39 41 
acm human 7 8 14 28 41 52 59 62 64 64 65 68 71 72 72 72 72 72 72 72 72 72 72 72 72 72 72 72 72 72 72 72 72 72 72 72 72 72 72 72 72 72 72 72 72 72 72 72 72 72 72 72 72 
acm window 7 8 10 20 24 27 29 30 30 30 30 30 30 30 30 30 30 33 37 40 43 44 45 46 46 47 48 49 50 52 53 54 55 56 57 58 59 60 60 60 60 60 61 62 63 64 65 67 69 71 71 71 71 
tsim fire 7 8 3 3 3 3 3 4 6 7 7 8 8 8 9 9 9 9 9 10 10 10 10 10 10 10 10 10 10 10 10 10 10 10 10 11 11 11 12 12 12 12 12 12 14 14 14 14 15 16 16 16 17 
tsim human 7 8 14 14 14 14 11 11 11 9 8 10 10 9 8 8 8 8 8 8 8 8 8 8 8 8 8 8 8 8 8 8 8 8 8 8 8 8 8 8 8 8 8 8 8 8 8 8 8 8 8 8 8 
tsim window 7 8 10 10 10 10 10 10 10 10 10 10 10 10 10 10 10 13 14 20 20 20 20 20 20 21 21 21 21 22 22 22 22 22 22 22 22 22 22 22 22 22 23 23 23 23 23 24 25 25 25 25 25 
runtime -1 7 8 3.8008604049682617 1.9598517417907715 1.32423996925354 0.9459726810455322 1.0833985805511475 0.8621039390563965 0.7710278034210205 1.0166237354278564 0.9287593364715576 0.857841968536377 0.4702117443084717 0.3398311138153076 0.2728688716888428 
avg_run -1 7 8 1.1256609146411602
al_time -1 7 8 0.07498860359191895 1.1387743949890137 0.019598960876464844 0.019008874893188477 0.01995849609375 0.01965165138244629 0.02376699447631836 0.023550987243652344 0.021366357803344727 0.025050640106201172 0.045717477798461914 0.7942042350769043 0.017606258392333984 
avg_all -1 7 8 0.17255722559415376
random:9T:3000
sum 0 7 9 60 105 
sum 1 7 9 180 163 
sum 2 7 9 240 186 
sum 3 7 9 360 209 
sum 4 7 9 540 241 
sum 5 7 9 600 251 
sum 6 7 9 1200 284 
sum 7 7 9 1500 293 
sum 8 7 9 1800 298 
sum 9 7 9 2100 309 
sum 10 7 9 2400 325 
sum 11 7 9 2700 337 
sum 12 7 9 3000 362 
miss fire 7 9 3 3 0 0 0 0 0 1 2 4 2 2 1 1 0 0 0 0 0 0 1 0 0 0 2 2 1 1 0 0 2 2 1 1 0 0 2 3 4 2 2 2 1 1 2 2 4 3 3 2 2 
miss human 7 9 33 32 22 19 18 12 9 9 8 8 8 7 5 4 3 0 0 0 0 0 0 0 0 0 0 0 0 0 0 0 0 0 0 0 0 0 0 0 0 0 0 0 0 0 0 0 0 0 0 0 0 
miss window 7 9 17 17 9 8 5 2 0 0 0 0 0 0 0 0 0 2 2 1 1 1 2 1 1 1 1 1 0 0 0 0 1 1 1 1 2 2 1 0 0 1 1 1 1 1 0 1 1 3 3 2 2 
acm fire 7 9 3 6 6 6 6 6 6 7 9 13 15 17 18 19 19 19 19 19 19 19 20 20 20 20 22 24 25 26 26 26 28 30 31 32 32 32 34 37 41 43 45 47 48 49 51 53 57 60 63 65 67 
acm human 7 9 33 65 87 106 124 136 145 154 162 170 178 185 190 194 197 197 197 197 197 197 197 197 197 197 197 197 197 197 197 197 197 197 197 197 197 197 197 197 197 197 197 197 197 197 197 197 197 197 197 197 197 
acm window 7 9 17 34 43 51 56 58 58 58 58 58 58 58 58 58 58 60 62 63 64 65 67 68 69 70 71 72 72 72 72 72 73 74 75 76 78 80 81 81 81 82 83 84 85 86 86 87 88 91 94 96 98 
tsim fire 7 9 3 3 3 3 3 3 3 4 5 7 7 7 7 7 7 7 7 7 7 7 8 8 8 8 10 10 10 10 10 10 12 12 12 12 12 12 14 15 16 16 16 16 16 16 17 17 19 19 19 19 19 
tsim human 7 9 33 32 31 31 30 29 28 28 28 28 28 27 26 25 25 22 22 22 22 22 22 22 22 22 22 22 22 22 22 22 22 22 22 22 22 22 22 22 22 22 22 22 22 22 22 22 22 22 22 22 22 
tsim window 7 9 17 17 17 17 17 17 17 17 17 17 17 17 17 17 17 19 19 19 19 20 24 24 24 24 24 24 24 24 24 24 25 25 25 25 26 26 26 26 26 27 27 27 27 27 27 28 28 30 30 30 30 
runtime -1 7 9 1.69044828414917 0.5253663063049316 0.4547617435455322 0.5041220188140869 0.4724864959716797 0.47378969192504883 0.6257390975952148 0.6283855438232422 0.6305036544799805 0.5904591083526611 0.586284875869751 0.6240062713623047 0.48825621604919434 0.14741849899291992 0.04758000373840332 
avg_run -1 7 9 0.5659738540649414
al_time -1 7 9 0.020153045654296875 0.01757049560546875 0.017863035202026367 0.017874717712402344 0.01906132698059082 0.6890106201171875 0.021996498107910156 0.02059316635131836 0.022890806198120117 0.020886898040771484 0.02472066879272461 0.050425052642822266 0.02565741539001465 0.02162480354309082 0.015624284744262695 
avg_all -1 7 9 0.06706352233886718
