random:0T:3000
sum 0 7 0 60 58 
sum 1 7 0 180 104 
sum 2 7 0 240 120 
sum 3 7 0 360 151 
sum 4 7 0 540 179 
sum 5 7 0 600 185 
sum 6 7 0 1200 250 
sum 7 7 0 1500 268 
sum 8 7 0 1800 280 
sum 9 7 0 2100 298 
sum 10 7 0 2400 317 
sum 11 7 0 2700 338 
sum 12 7 0 3000 368 
miss fire 7 0 3 3 3 2 2 2 3 2 2 2 1 1 0 0 0 1 1 1 1 1 1 1 1 1 1 1 1 1 1 1 1 2 3 3 2 3 3 3 3 3 3 2 2 2 2 2 2 3 3 2 2 
miss human 7 0 18 18 14 14 9 9 8 7 6 6 5 7 6 6 5 4 4 4 4 4 3 3 0 0 0 0 0 0 0 0 0 0 0 0 0 0 0 0 0 0 0 0 0 0 0 0 0 0 0 0 0 
miss window 7 0 8 8 7 6 5 5 4 2 1 0 0 0 0 0 1 1 1 2 2 2 2 2 2 2 2 2 2 2 1 1 1 1 1 1 1 1 1 1 0 1 1 1 2 2 2 4 4 4 4 3 3 
acm fire 7 0 3 6 9 11 13 15 18 20 22 24 25 26 26 26 26 27 28 29 30 31 32 33 34 35 36 37 38 39 40 41 42 44 47 50 52 55 58 61 64 67 70 72 74 76 78 80 82 85 88 90 92 
acm human 7 0 18 36 50 64 73 82 90 97 103 109 114 121 127 133 138 142 146 150 154 158 161 164 164 164 164 164 164 164 164 164 164 164 164 164 164 164 164 164 164 164 164 164 164 164 164 164 164 164 164 164 164 
acm window 7 0 8 16 23 29 34 39 43 45 46 46 46 46 46 46 47 48 49 51 53 55 57 59 61 63 65 67 69 71 72 73 74 75 76 77 78 79 80 81 81 82 83 84 86 88 90 94 98 102 106 109 112 
tsim fire 7 0 3 3 3 3 3 3 4 5 5 5 5 5 5 5 5 6 6 6 6 6 6 6 6 6 6 6 6 6 6 6 6 7 8 8 8 9 10 10 10 10 10 10 10 10 10 10 10 11 11 11 11 
tsim human 7 0 18 18 18 17 16 15 15 15 14 14 13 11 10 10 9 8 8 8 8 8 8 8 8 8 8 8 8 8 8 8 8 8 8 8 8 8 8 8 8 8 8 8 8 8 8 8 8 8 8 8 8 
tsim window 7 0 8 8 8 8 8 8 8 8 8 8 8 8 8 8 9 9 9 10 10 10 10 10 10 10 10 10 11 11 11 11 11 13 13 13 13 13 13 13 13 14 14 14 15 15 15 17 17 17 17 17 17 
runtime -1 7 0 8.331438541412354 2.9954466819763184 2.6644325256347656 4.597074747085571 4.043894052505493 3.357531785964966 2.899717330932617 2.6453332901000977 0.2485201358795166 
avg_run -1 7 0 3.531487676832411
al_time -1 7 0 0.03108072280883789 0.03441262245178223 0.0658729076385498 0.029346942901611328 0.03889751434326172 0.03042316436767578 0.03517031669616699 0.038159847259521484 0.02387857437133789 
avg_all -1 7 0 0.03636029031541613
random:1T:3000
sum 0 7 1 60 61 
sum 1 7 1 180 108 
sum 2 7 1 240 126 
sum 3 7 1 360 160 
sum 4 7 1 540 195 
sum 5 7 1 600 204 
sum 6 7 1 1200 283 
sum 7 7 1 1500 328 
sum 8 7 1 1800 372 
sum 9 7 1 2100 409 
sum 10 7 1 2400 435 
sum 11 7 1 2700 451 
sum 12 7 1 3000 467 
miss fire 7 1 2 2 2 2 2 3 3 1 1 2 2 2 4 1 1 1 2 2 2 2 2 2 2 2 2 2 1 0 0 0 0 0 0 1 1 2 2 2 2 2 3 4 2 2 3 3 3 4 3 1 1 
miss human 7 1 23 22 18 13 10 9 8 8 8 7 5 5 6 6 8 5 4 4 4 4 4 4 4 4 4 4 4 4 4 4 3 3 3 1 1 0 0 0 0 0 0 0 0 0 0 0 0 0 0 0 0 
miss window 7 1 6 6 6 6 6 6 5 3 3 2 2 2 2 1 1 1 0 0 1 1 1 1 3 3 4 4 4 5 5 5 5 5 5 5 5 5 5 5 5 0 0 0 1 1 0 0 0 0 1 1 2 
acm fire 7 1 2 4 6 8 10 13 16 17 18 20 22 24 28 29 30 31 33 35 37 39 41 43 45 47 49 51 52 52 52 52 52 52 52 53 54 56 58 60 62 64 67 71 73 75 78 81 84 88 91 92 93 
acm human 7 1 23 45 63 76 86 95 103 111 119 126 131 136 142 148 156 161 165 169 173 177 181 185 189 193 197 201 205 209 213 217 220 223 226 227 228 228 228 228 228 228 228 228 228 228 228 228 228 228 228 228 228 
acm window 7 1 6 12 18 24 30 36 41 44 47 49 51 53 55 56 57 58 58 58 59 60 61 62 65 68 72 76 80 85 90 95 100 105 110 115 120 125 130 135 140 140 140 140 141 142 142 142 142 142 143 144 146 
tsim fire 7 1 2 2 2 2 2 3 3 3 3 4 4 4 6 6 7 7 8 8 8 8 8 8 8 8 8 8 8 8 8 8 8 8 8 7 7 8 8 8 8 8 9 10 11 11 11 11 11 12 12 12 12 
tsim human 7 1 23 22 22 21 21 18 18 17 15 15 14 14 14 14 16 14 13 13 13 13 13 13 13 13 13 13 13 13 13 13 13 13 13 13 13 13 13 13 13 13 13 13 13 13 13 13 13 13 13 13 13 
tsim window 7 1 6 6 6 6 6 6 6 6 6 6 6 6 6 6 9 9 12 12 13 13 13 13 15 15 16 16 16 17 17 17 17 17 17 17 17 17 17 17 17 17 17 17 18 18 18 18 18 18 19 19 20 
runtime -1 7 1 19.972789525985718 13.106189250946045 5.078183889389038 3.464777946472168 8.912508726119995 7.869827032089233 6.4763023853302 3.233098268508911 0.8367507457733154 
avg_run -1 7 1 7.661158641179402
al_time -1 7 1 0.04126167297363281 0.04564213752746582 0.02473306655883789 4.886487722396851 0.027031660079956055 0.027814626693725586 0.029926776885986328 0.03013443946838379 0.027712345123291016 
avg_all -1 7 1 0.5711938275231255
random:2T:3000
sum 0 7 2 60 42 
sum 1 7 2 180 70 
sum 2 7 2 240 78 
sum 3 7 2 360 95 
sum 4 7 2 540 119 
sum 5 7 2 600 127 
sum 6 7 2 1200 148 
sum 7 7 2 1500 151 
sum 8 7 2 1800 154 
sum 9 7 2 2100 161 
sum 10 7 2 2400 173 
sum 11 7 2 2700 190 
sum 12 7 2 3000 207 
miss fire 7 2 3 3 2 2 1 1 2 2 2 3 3 3 0 0 0 0 0 0 0 0 0 0 0 0 0 0 0 0 0 1 2 2 2 1 1 1 1 1 2 2 3 2 4 2 3 4 4 3 3 1 1 
miss human 7 2 13 11 8 7 4 5 5 4 4 6 4 3 2 2 1 1 0 0 0 0 0 0 0 0 0 0 0 0 0 0 0 0 0 0 0 0 0 0 0 0 0 0 0 0 0 0 0 0 0 0 0 
miss window 7 2 6 6 6 3 3 3 1 1 1 1 1 1 0 0 0 0 0 2 2 2 2 2 1 0 0 0 0 0 0 0 0 0 0 0 0 0 0 0 1 1 1 1 1 0 0 0 1 1 1 1 1 
acm fire 7 2 3 6 8 10 11 12 14 16 18 21 24 27 27 27 27 27 27 27 27 27 27 27 27 27 27 27 27 27 27 28 30 32 34 35 36 37 38 39 41 43 46 48 52 54 57 61 65 68 71 72 73 
acm human 7 2 13 24 32 39 43 48 53 57 61 67 71 74 76 78 79 80 80 80 80 80 80 80 80 80 80 80 80 80 80 80 80 80 80 80 80 80 80 80 80 80 80 80 80 80 80 80 80 80 80 80 80 
acm window 7 2 6 12 18 21 24 27 28 29 30 31 32 33 33 33 33 33 33 35 37 39 41 43 44 44 44 44 44 44 44 44 44 44 44 44 44 44 44 44 45 46 47 48 49 49 49 49 50 51 52 53 54 
tsim fire 7 2 3 3 3 4 4 4 5 5 5 6 6 6 6 6 6 6 6 6 6 6 6 6 6 6 6 6 6 6 6 6 7 7 7 6 6 6 6 6 7 7 8 8 10 10 11 12 12 12 12 12 12 
tsim human 7 2 13 11 11 10 10 9 9 9 9 11 9 8 7 7 6 6 6 6 6 6 6 6 6 6 6 6 6 6 6 6 6 6 6 6 6 6 6 6 6 6 6 6 6 6 6 6 6 6 6 6 6 
tsim window 7 2 6 6 6 6 6 6 6 6 7 9 9 9 9 9 9 9 9 11 11 11 11 11 11 11 11 11 11 11 11 11 11 11 11 11 11 11 11 11 12 12 12 12 12 12 12 19 20 20 20 20 20 
runtime -1 7 2 3.376662015914917 2.011125326156616 1.7538318634033203 1.5686259269714355 1.505037784576416 1.513047695159912 1.5117743015289307 1.836216688156128 1.455397129058838 0.9112963676452637 0.7456216812133789 0.3684210777282715 
avg_run -1 7 2 1.546421488126119
al_time -1 7 2 0.01650404930114746 0.5399899482727051 0.016136646270751953 0.015552282333374023 0.016748666763305664 0.019775867462158203 0.020589828491210938 0.01634669303894043 0.05427145957946777 0.017224550247192383 1.1850831508636475 0.014688491821289062 
avg_all -1 7 2 0.1610759695370992
random:3T:3000
sum 0 7 3 60 102 
sum 1 7 3 180 194 
sum 2 7 3 240 229 
sum 3 7 3 360 282 
sum 4 7 3 540 330 
sum 5 7 3 600 343 
sum 6 7 3 1200 432 
sum 7 7 3 1500 462 
sum 8 7 3 1800 493 
sum 9 7 3 2100 524 
sum 10 7 3 2400 562 
sum 11 7 3 2700 592 
sum 12 7 3 3000 611 
miss fire 7 3 3 4 4 2 2 0 0 0 0 0 2 2 2 2 2 2 2 2 2 2 1 1 1 2 1 1 1 2 2 2 2 2 2 3 3 4 4 4 4 2 4 3 3 3 3 2 2 2 2 2 2 
miss human 7 3 25 31 27 23 19 19 13 10 9 7 5 6 5 5 5 5 5 4 4 4 1 1 1 1 3 3 3 2 1 1 0 0 0 0 0 0 0 0 0 0 0 0 0 0 0 0 0 0 0 0 0 
miss window 7 3 17 22 19 17 14 11 10 8 7 7 6 7 5 4 1 1 1 1 1 2 3 3 3 3 3 3 3 3 3 3 3 3 3 3 4 4 4 4 4 4 4 4 5 4 2 1 1 2 2 2 2 
acm fire 7 3 3 7 11 13 15 15 15 15 15 15 17 19 21 23 25 27 29 31 33 35 36 37 38 40 41 42 43 45 47 49 51 53 55 58 61 65 69 73 77 79 83 86 89 92 95 97 99 101 103 105 107 
acm human 7 3 25 56 83 106 125 144 157 167 176 183 188 194 199 204 209 214 219 223 227 231 232 233 234 235 238 241 244 246 247 248 248 248 248 248 248 248 248 248 248 248 248 248 248 248 248 248 248 248 248 248 248 
acm window 7 3 17 39 58 75 89 100 110 118 125 132 138 145 150 154 155 156 157 158 159 161 164 167 170 173 176 179 182 185 188 191 194 197 200 203 207 211 215 219 223 227 231 235 240 244 246 247 248 250 252 254 256 
tsim fire 7 3 3 4 4 4 4 4 4 4 4 4 6 6 6 6 6 6 6 6 6 6 6 6 6 7 7 7 7 8 8 8 8 8 8 9 9 10 10 10 10 10 12 12 12 12 12 12 12 12 12 12 12 
tsim human 7 3 25 31 30 30 28 25 23 23 22 20 18 17 17 17 17 17 17 17 17 17 17 17 17 17 17 17 17 17 17 17 17 17 17 17 17 17 17 17 17 17 17 17 17 17 17 17 17 17 17 17 17 
tsim window 7 3 17 22 22 22 22 22 22 22 22 22 22 23 23 23 23 23 23 23 23 24 25 25 25 27 27 27 27 27 27 27 27 27 27 27 28 28 28 28 28 28 29 29 30 31 31 31 31 32 32 32 32 
runtime -1 7 3 13.694985151290894 10.099756240844727 5.371068954467773 5.089556694030762 7.139452695846558 5.623997449874878 2.428396224975586 
avg_run -1 7 3 7.063887630190168
al_time -1 7 3 0.023778676986694336 0.02652573585510254 0.027097225189208984 3.9196226596832275 0.05643010139465332 0.03133273124694824 0.023255348205566406 
avg_all -1 7 3 0.5868632112230573
random:4T:3000
sum 0 7 4 60 59 
sum 1 7 4 180 104 
sum 2 7 4 240 123 
sum 3 7 4 360 151 
sum 4 7 4 540 168 
sum 5 7 4 600 177 
sum 6 7 4 1200 238 
sum 7 7 4 1500 262 
sum 8 7 4 1800 269 
sum 9 7 4 2100 275 
sum 10 7 4 2400 280 
sum 11 7 4 2700 287 
sum 12 7 4 3000 299 
miss fire 7 4 2 2 1 1 1 1 1 1 1 1 4 4 3 3 3 3 3 4 4 4 2 2 1 1 0 0 0 0 0 0 0 0 0 1 1 1 0 0 1 2 2 1 1 1 3 1 1 1 2 3 3 
miss human 7 4 16 15 13 12 10 8 6 3 4 4 5 5 3 1 1 1 1 1 1 1 1 1 1 1 0 0 0 0 0 0 0 0 0 0 0 0 0 0 0 0 0 0 0 0 0 0 0 0 0 0 0 
miss window 7 4 12 12 9 9 8 7 5 2 1 0 0 0 0 0 0 0 1 1 3 3 4 4 3 3 3 4 2 2 1 1 1 1 1 1 0 0 0 0 0 0 0 0 0 0 0 0 0 0 0 1 1 
acm fire 7 4 2 4 5 6 7 8 9 10 11 12 16 20 23 26 29 32 35 39 43 47 49 51 52 53 53 53 53 53 53 53 53 53 53 54 55 56 56 56 57 59 61 62 63 64 67 68 69 70 72 75 78 
acm human 7 4 16 31 44 56 66 74 80 83 87 91 96 101 104 105 106 107 108 109 110 111 112 113 114 115 115 115 115 115 115 115 115 115 115 115 115 115 115 115 115 115 115 115 115 115 115 115 115 115 115 115 115 
acm window 7 4 12 24 33 42 50 57 62 64 65 65 65 65 65 65 65 65 66 67 70 73 77 81 84 87 90 94 96 98 99 100 101 102 103 104 104 104 104 104 104 104 104 104 104 104 104 104 104 104 104 105 106 
tsim fire 7 4 2 2 2 2 2 2 3 3 3 3 6 6 6 6 6 6 6 7 7 7 7 7 7 7 7 7 7 7 7 7 7 7 7 6 6 6 6 6 7 8 8 8 8 8 10 10 10 10 11 12 12 
tsim human 7 4 16 15 15 15 15 14 14 14 13 13 15 15 13 11 11 11 11 11 11 11 11 11 11 11 11 11 11 11 11 11 11 11 11 11 11 11 11 11 11 11 11 11 11 11 11 11 11 11 11 11 11 
tsim window 7 4 12 12 12 12 12 12 12 12 12 12 15 15 15 15 15 15 16 16 18 18 19 19 19 19 19 20 20 20 20 20 20 20 20 20 20 20 20 20 20 20 20 20 20 20 25 25 25 25 25 26 26 
runtime -1 7 4 4.111616849899292 1.653815746307373 1.872115135192871 1.7162384986877441 2.2081422805786133 2.1828906536102295 1.8432574272155762 1.4316332340240479 1.7369918823242188 1.2884564399719238 3.3647658824920654 
avg_run -1 7 4 2.128174911845814
al_time -1 7 4 0.015636682510375977 0.015680789947509766 0.014671802520751953 0.5180320739746094 0.01810455322265625 0.017272233963012695 0.04627823829650879 0.017655611038208008 0.017195940017700195 1.4573712348937988 0.018929243087768555 
avg_all -1 7 4 0.19607530940662732
random:5T:3000
sum 0 7 5 60 92 
sum 1 7 5 180 169 
sum 2 7 5 240 199 
sum 3 7 5 360 245 
sum 4 7 5 540 308 
sum 5 7 5 600 323 
sum 6 7 5 1200 419 
sum 7 7 5 1500 461 
sum 8 7 5 1800 493 
sum 9 7 5 2100 517 
sum 10 7 5 2400 529 
sum 11 7 5 2700 546 
sum 12 7 5 3000 569 
miss fire 7 5 2 2 3 2 1 0 1 1 1 1 1 3 3 3 4 4 2 2 2 2 2 2 2 2 2 2 2 2 0 0 0 0 0 1 2 2 2 2 2 1 2 3 4 2 2 3 3 3 2 2 3 
miss human 7 5 33 31 28 25 21 15 16 17 15 12 12 9 6 6 6 5 3 3 3 3 1 1 2 2 2 2 2 1 0 0 1 1 0 0 0 0 0 0 0 0 0 0 0 0 0 0 0 0 0 0 0 
miss window 7 5 12 12 10 9 8 7 7 7 6 3 2 3 2 2 2 2 2 2 2 3 4 4 4 5 5 5 5 5 5 5 4 4 4 4 3 3 2 1 0 0 0 0 0 1 1 1 1 1 2 3 3 
acm fire 7 5 2 4 7 9 10 10 11 12 13 14 15 18 21 24 28 32 34 36 38 40 42 44 46 48 50 52 54 56 56 56 56 56 56 57 59 61 63 65 67 68 70 73 77 79 81 84 87 90 92 94 97 
acm human 7 5 33 64 92 117 138 153 169 186 201 213 225 234 240 246 252 257 260 263 266 269 270 271 273 275 277 279 281 282 282 282 283 284 284 284 284 284 284 284 284 284 284 284 284 284 284 284 284 284 284 284 284 
acm window 7 5 12 24 34 43 51 58 65 72 78 81 83 86 88 90 92 94 96 98 100 103 107 111 115 120 125 130 135 140 145 150 154 158 162 166 169 172 174 175 175 175 175 175 175 176 177 178 179 180 182 185 188 
tsim fire 7 5 2 2 3 3 3 3 4 4 4 4 4 6 6 6 7 7 7 7 7 7 7 7 7 7 7 7 7 7 7 7 7 7 7 6 7 7 7 7 7 7 8 9 10 10 10 11 11 11 12 12 13 
tsim human 7 5 33 31 31 30 30 29 31 30 28 28 27 24 23 23 23 22 21 21 21 21 21 21 21 21 21 21 21 21 21 21 21 21 21 21 21 21 21 21 21 21 21 21 21 21 21 21 21 21 21 21 21 
tsim window 7 5 12 12 12 12 12 12 15 15 15 15 15 16 16 16 20 20 20 20 20 21 22 22 22 23 23 23 23 23 23 23 23 23 23 23 23 23 23 23 23 23 23 23 24 25 25 25 25 25 26 27 27 
runtime -1 7 5 8.493954181671143 6.71208119392395 4.099431991577148 7.562137603759766 6.03670334815979 3.4141387939453125 2.5507001876831055 2.217118740081787 1.6501202583312988 
avg_run -1 7 5 4.748487366570367
al_time -1 7 5 0.020307540893554688 0.021866321563720703 3.1687021255493164 0.026532649993896484 0.026808977127075195 0.025599241256713867 0.023868322372436523 2.664334297180176 0.022024869918823242 
avg_all -1 7 5 0.6666715939839681
random:6T:3000
sum 0 7 6 60 79 
sum 1 7 6 180 154 
sum 2 7 6 240 189 
sum 3 7 6 360 258 
sum 4 7 6 540 338 
sum 5 7 6 600 354 
sum 6 7 6 1200 484 
sum 7 7 6 1500 544 
sum 8 7 6 1800 583 
sum 9 7 6 2100 605 
sum 10 7 6 2400 625 
sum 11 7 6 2700 650 
sum 12 7 6 3000 673 
miss fire 7 6 2 2 2 3 3 5 5 7 7 2 2 2 1 1 1 1 1 1 1 1 1 1 0 0 0 0 0 0 0 0 0 0 0 2 2 2 2 2 4 6 5 6 3 4 6 6 4 4 3 3 3 
miss human 7 6 28 27 22 26 23 20 19 19 13 13 11 12 10 7 7 7 7 7 7 7 7 7 7 7 4 4 3 3 4 4 1 1 0 0 1 1 1 0 0 0 0 0 0 0 0 0 0 0 0 0 0 
miss window 7 6 10 10 10 12 9 11 9 8 7 4 3 3 3 1 3 3 5 5 6 6 6 6 6 6 6 6 6 6 4 4 4 4 4 4 1 0 0 0 0 0 0 0 0 0 0 0 0 0 2 1 3 
acm fire 7 6 2 4 6 9 12 17 22 29 36 38 40 42 43 44 45 46 47 48 49 50 51 52 52 52 52 52 52 52 52 52 52 52 52 54 56 58 60 62 66 72 77 83 86 90 96 102 106 110 113 116 119 
acm human 7 6 28 55 77 103 126 146 165 184 197 210 221 233 243 250 257 264 271 278 285 292 299 306 313 320 324 328 331 334 338 342 343 344 344 344 345 346 347 347 347 347 347 347 347 347 347 347 347 347 347 347 347 
acm window 7 6 10 20 30 42 51 62 71 79 86 90 93 96 99 100 103 106 111 116 122 128 134 140 146 152 158 164 170 176 180 184 188 192 196 200 201 201 201 201 201 201 201 201 201 201 201 201 201 201 203 204 207 
tsim fire 7 6 2 2 2 3 3 5 5 7 7 8 8 8 8 8 8 8 8 8 8 8 8 8 8 8 8 8 8 8 8 8 8 8 8 6 6 6 6 6 8 10 10 11 12 13 14 14 14 14 14 14 14 
tsim human 7 6 28 27 25 30 26 26 23 23 22 21 21 20 20 18 18 18 18 18 18 18 18 18 18 18 18 18 18 18 18 18 18 18 18 18 18 18 18 18 18 18 18 18 18 18 18 18 18 18 18 18 18 
tsim window 7 6 10 10 10 13 13 17 17 17 17 17 17 17 18 18 20 20 22 22 23 23 23 23 23 23 23 23 23 23 23 23 23 23 23 23 23 23 23 23 23 23 23 24 27 27 27 27 27 27 29 29 31 
runtime -1 7 6 7.503432273864746 6.009900093078613 2.7658495903015137 6.478990793228149 6.24860692024231 5.455086946487427 5.3294689655303955 3.6996729373931885 3.796586275100708 6.029714584350586 2.2176713943481445 1.2496533393859863 
avg_run -1 7 6 4.732052842775981
al_time -1 7 6 0.018622398376464844 0.0185699462890625 3.903907060623169 0.02456808090209961 0.027480602264404297 0.049106597900390625 0.024912357330322266 0.02445673942565918 2.7196130752563477 0.027634620666503906 0.02776479721069336 0.02233433723449707 
avg_all -1 7 6 0.5740808844566345
random:7T:3000
sum 0 7 7 60 70 
sum 1 7 7 180 116 
sum 2 7 7 240 135 
sum 3 7 7 360 166 
sum 4 7 7 540 187 
sum 5 7 7 600 192 
sum 6 7 7 1200 239 
sum 7 7 7 1500 257 
sum 8 7 7 1800 269 
sum 9 7 7 2100 280 
sum 10 7 7 2400 280 
sum 11 7 7 2700 295 
sum 12 7 7 3000 318 
miss fire 7 7 3 3 2 0 0 0 1 1 1 1 1 2 2 2 1 1 1 2 2 2 2 2 0 0 0 0 0 0 0 0 0 1 2 2 2 2 0 0 0 0 0 0 0 0 1 2 2 2 2 1 1 
miss human 7 7 23 23 17 15 15 13 12 7 7 3 3 3 3 2 1 1 1 1 1 1 1 1 1 1 1 1 1 1 1 1 1 1 0 0 0 0 0 0 0 0 0 0 0 0 0 0 0 0 0 0 0 
miss window 7 7 9 9 7 5 4 3 2 1 0 0 1 2 1 1 1 1 1 2 2 2 2 2 2 2 2 3 3 1 1 1 1 1 0 0 0 0 0 0 0 0 0 1 2 3 3 3 3 3 3 3 3 
acm fire 7 7 3 6 8 8 8 8 9 10 11 12 13 15 17 19 20 21 22 24 26 28 30 32 32 32 32 32 32 32 32 32 32 33 35 37 39 41 41 41 41 41 41 41 41 41 42 44 46 48 50 51 52 
acm human 7 7 23 46 63 78 93 106 118 125 132 135 138 141 144 146 147 148 149 150 151 152 153 154 155 156 157 158 159 160 161 162 163 164 164 164 164 164 164 164 164 164 164 164 164 164 164 164 164 164 164 164 164 
acm window 7 7 9 18 25 30 34 37 39 40 40 40 41 43 44 45 46 47 48 50 52 54 56 58 60 62 64 67 70 71 72 73 74 75 75 75 75 75 75 75 75 75 75 76 78 81 84 87 90 93 96 99 102 
tsim fire 7 7 3 3 3 3 3 3 4 4 4 4 4 5 5 5 5 5 5 6 6 6 6 6 6 6 6 6 6 6 6 6 6 7 8 8 9 9 9 9 9 9 9 9 9 9 10 11 12 12 12 12 12 
tsim human 7 7 23 23 20 19 19 18 18 17 17 13 12 12 12 12 12 12 12 12 12 12 12 12 12 12 12 12 12 12 12 12 12 12 12 12 12 12 12 12 12 12 12 12 12 12 12 12 12 12 12 12 12 
tsim window 7 7 9 9 9 9 9 9 9 9 9 9 10 14 14 14 14 14 14 21 21 21 21 21 21 21 21 22 22 22 22 22 22 22 22 22 22 22 22 22 22 22 22 23 24 25 25 25 27 27 27 27 27 
runtime -1 7 7 5.851240396499634 2.8594582080841064 1.6050846576690674 3.859544515609741 3.2218875885009766 2.6659648418426514 2.5619544982910156 1.0862202644348145 
avg_run -1 7 7 2.963919371366501
al_time -1 7 7 0.018075227737426758 0.018203020095825195 1.636230707168579 0.022341489791870117 0.019526004791259766 0.01981329917907715 0.02365875244140625 0.04455113410949707 
avg_all -1 7 7 0.22529995441436768
random:8T:3000
sum 0 7 8 60 52 
sum 1 7 8 180 93 
sum 2 7 8 240 109 
sum 3 7 8 360 139 
sum 4 7 8 540 157 
sum 5 7 8 600 160 
sum 6 7 8 1200 227 
sum 7 7 8 1500 257 
sum 8 7 8 1800 271 
sum 9 7 8 2100 274 
sum 10 7 8 2400 276 
sum 11 7 8 2700 282 
sum 12 7 8 3000 290 
miss fire 7 8 2 2 2 2 2 2 3 3 2 1 1 1 1 1 1 1 1 1 2 2 2 2 1 1 1 1 0 0 0 0 0 0 0 0 0 0 0 0 1 1 0 2 1 1 1 1 1 1 1 0 0 
miss human 7 8 15 15 15 10 8 8 8 3 3 1 2 4 4 4 4 4 4 4 4 4 2 2 4 4 0 0 0 0 0 0 0 0 0 0 0 0 0 0 0 0 0 0 0 0 0 0 0 0 0 0 0 
miss window 7 8 9 9 6 6 6 5 4 3 2 0 0 0 1 1 2 2 2 2 2 2 2 2 3 3 3 3 3 3 4 3 1 1 1 1 0 0 0 0 0 0 0 0 0 0 0 0 0 1 1 1 2 
acm fire 7 8 2 4 6 8 10 12 15 18 20 21 22 23 24 25 26 27 28 29 31 33 35 37 38 39 40 41 41 41 41 41 41 41 41 41 41 41 41 41 42 43 43 45 46 47 48 49 50 51 52 52 52 
acm human 7 8 15 30 45 55 63 71 79 82 85 86 88 92 96 100 104 108 112 116 120 124 126 128 132 136 136 136 136 136 136 136 136 136 136 136 136 136 136 136 136 136 136 136 136 136 136 136 136 136 136 136 136 
acm window 7 8 9 18 24 30 36 41 45 48 50 50 50 50 51 52 54 56 58 60 62 64 66 68 71 74 77 80 83 86 90 93 94 95 96 97 97 97 97 97 97 97 97 97 97 97 97 97 97 98 99 100 102 
tsim fire 7 8 2 2 2 2 2 3 4 4 4 4 4 4 4 5 5 5 5 5 6 6 6 6 6 6 6 6 6 6 6 6 6 6 6 6 6 6 6 6 7 7 7 9 9 9 9 9 10 10 10 10 10 
tsim human 7 8 15 15 15 15 14 14 12 10 10 9 8 6 6 6 6 6 6 6 6 6 6 6 6 6 6 6 6 6 6 6 6 6 6 6 6 6 6 6 6 6 6 6 6 6 6 6 6 6 6 6 6 
tsim window 7 8 9 9 9 9 9 9 9 9 9 9 9 9 10 15 16 16 16 16 16 16 16 16 17 17 17 17 17 17 18 18 18 18 18 18 18 18 18 18 18 18 18 18 18 18 18 18 18 19 19 19 20 
runtime -1 7 8 6.354339599609375 2.9077577590942383 2.1486990451812744 3.2377285957336426 3.541408061981201 3.3023924827575684 2.8848657608032227 2.134855270385742 1.2180414199829102 
avg_run -1 7 8 3.0811208883921304
al_time -1 7 8 0.018143177032470703 0.01733684539794922 0.017544269561767578 0.655803918838501 0.02254462242126465 0.020496368408203125 0.019048690795898438 0.020606040954589844 0.020651578903198242 
avg_all -1 7 8 0.09024172359042698
random:9T:3000
sum 0 7 9 60 74 
sum 1 7 9 180 128 
sum 2 7 9 240 152 
sum 3 7 9 360 191 
sum 4 7 9 540 214 
sum 5 7 9 600 220 
sum 6 7 9 1200 281 
sum 7 7 9 1500 302 
sum 8 7 9 1800 307 
sum 9 7 9 2100 314 
sum 10 7 9 2400 320 
sum 11 7 9 2700 328 
sum 12 7 9 3000 345 
miss fire 7 9 2 2 1 1 1 1 2 0 1 1 1 1 1 1 2 2 2 3 3 3 3 3 0 0 0 0 0 0 0 0 0 0 2 2 1 1 2 1 1 1 1 2 0 0 2 1 2 2 2 2 3 
miss human 7 9 25 25 19 17 16 14 11 8 5 4 5 4 3 3 3 3 3 3 3 3 3 3 0 0 0 0 0 0 0 0 0 0 0 0 0 0 0 0 0 0 0 0 0 0 0 0 0 0 0 0 0 
miss window 7 9 10 10 8 8 7 6 5 3 1 0 0 0 0 0 0 0 1 2 2 2 2 3 3 3 3 3 1 1 1 1 1 1 0 0 0 0 0 0 0 0 0 0 1 1 1 0 1 1 1 1 2 
acm fire 7 9 2 4 5 6 7 8 10 10 11 12 13 14 15 16 18 20 22 25 28 31 34 37 37 37 37 37 37 37 37 37 37 37 39 41 42 43 45 46 47 48 49 51 51 51 53 54 56 58 60 62 65 
acm human 7 9 25 50 69 86 102 116 127 135 140 144 149 153 156 159 162 165 168 171 174 177 180 183 183 183 183 183 183 183 183 183 183 183 183 183 183 183 183 183 183 183 183 183 183 183 183 183 183 183 183 183 183 
acm window 7 9 10 20 28 36 43 49 54 57 58 58 58 58 58 58 58 58 59 61 63 65 67 70 73 76 79 82 83 84 85 86 87 88 88 88 88 88 88 88 88 88 88 88 89 90 91 91 92 93 94 95 97 
tsim fire 7 9 2 2 2 2 2 2 3 3 4 4 4 4 4 4 5 5 5 6 6 6 6 6 6 6 6 6 6 6 6 6 6 6 8 8 8 8 9 9 9 9 9 10 10 10 12 12 13 13 13 13 14 
tsim human 7 9 25 25 25 25 25 24 21 21 20 19 16 15 14 14 14 14 14 14 14 14 14 14 14 14 14 14 14 14 14 14 14 14 14 14 14 14 14 14 14 14 14 14 14 14 14 14 14 14 14 14 14 
tsim window 7 9 10 10 10 10 10 10 10 10 10 10 10 10 10 10 13 13 14 15 15 15 15 16 16 16 16 16 16 17 17 17 17 17 17 17 17 17 17 17 17 17 17 17 18 18 18 18 19 19 19 19 20 
runtime -1 7 9 4.0299108028411865 1.5403711795806885 1.3429760932922363 4.195629596710205 3.6710498332977295 2.005267858505249 2.068603038787842 1.613757610321045 0.7355833053588867 
avg_run -1 7 9 2.3559054798550076
al_time -1 7 9 0.047708988189697266 0.014912605285644531 1.5211920738220215 0.016377925872802734 0.02134227752685547 0.01737380027770996 0.01861262321472168 0.04200124740600586 0.01390218734741211 
avg_all -1 7 9 0.1903804143269857
