random:0T:3000
sum 0 7 0 60 49 
sum 1 7 0 180 88 
sum 2 7 0 240 102 
sum 3 7 0 360 126 
sum 4 7 0 540 144 
sum 5 7 0 600 149 
sum 6 7 0 1200 192 
sum 7 7 0 1500 199 
sum 8 7 0 1800 201 
sum 9 7 0 2100 204 
sum 10 7 0 2400 212 
sum 11 7 0 2700 216 
sum 12 7 0 3000 226 
miss fire 7 0 2 2 2 2 2 2 2 0 1 1 1 1 0 0 0 0 0 0 0 0 0 0 0 0 0 0 1 1 0 0 0 0 0 0 1 1 2 2 2 2 0 0 0 0 0 0 0 0 0 0 0 
miss human 7 0 16 15 12 11 7 6 5 4 5 4 4 3 4 4 4 4 4 4 4 4 2 2 0 0 0 0 0 0 0 0 0 0 0 0 0 0 0 0 0 0 0 0 0 0 0 0 0 0 0 0 0 
miss window 7 0 7 7 6 6 5 5 4 2 1 0 0 0 0 0 0 0 1 1 1 1 1 1 1 1 1 1 0 0 0 0 0 0 0 0 1 0 0 0 0 0 0 0 0 0 2 2 2 2 2 2 2 
acm fire 7 0 2 4 6 8 10 12 14 14 15 16 17 18 18 18 18 18 18 18 18 18 18 18 18 18 18 18 19 20 20 20 20 20 20 20 21 22 24 26 28 30 30 30 30 30 30 30 30 30 30 30 30 
acm human 7 0 16 31 43 54 61 67 72 76 81 85 89 92 96 100 104 108 112 116 120 124 126 128 128 128 128 128 128 128 128 128 128 128 128 128 128 128 128 128 128 128 128 128 128 128 128 128 128 128 128 128 128 
acm window 7 0 7 14 20 26 31 36 40 42 43 43 43 43 43 43 43 43 44 45 46 47 48 49 50 51 52 53 53 53 53 53 53 53 53 53 54 54 54 54 54 54 54 54 54 54 56 58 60 62 64 66 68 
tsim fire 7 0 2 2 2 2 2 2 2 2 3 3 3 3 3 3 3 3 3 3 3 3 3 3 3 3 3 3 4 4 4 4 4 4 4 4 5 5 6 6 6 6 6 6 6 6 6 6 6 6 6 6 6 
tsim human 7 0 16 15 15 15 15 14 12 12 11 9 9 8 7 7 7 7 7 7 7 7 7 7 7 7 7 7 7 7 7 7 7 7 7 7 7 7 7 7 7 7 7 7 7 7 7 7 7 7 7 7 7 
tsim window 7 0 7 7 7 7 7 7 7 7 7 7 7 7 7 7 7 7 8 8 8 8 8 8 8 8 8 8 10 10 10 10 10 10 10 10 11 11 11 11 11 11 11 11 11 11 13 13 13 13 13 13 13 
runtime -1 7 0 8.488474607467651 3.357495069503784 2.7112810611724854 4.112806558609009 3.6581618785858154 2.868572950363159 2.123112678527832 3.7213943004608154 
avg_run -1 7 0 3.880162388086319
al_time -1 7 0 0.0319516658782959 0.03377532958984375 0.025971174240112305 0.027380704879760742 1.1117169857025146 0.021846532821655273 0.018514156341552734 0.03661608695983887 
avg_all -1 7 0 0.16347157955169678
random:1T:3000
sum 0 7 1 60 22 
sum 1 7 1 180 37 
sum 2 7 1 240 41 
sum 3 7 1 360 55 
sum 4 7 1 540 72 
sum 5 7 1 600 76 
sum 6 7 1 1200 106 
sum 7 7 1 1500 106 
sum 8 7 1 1800 108 
sum 9 7 1 2100 112 
sum 10 7 1 2400 128 
sum 11 7 1 2700 146 
sum 12 7 1 3000 163 
miss fire 7 1 1 1 1 1 0 3 4 4 3 3 3 3 3 1 1 1 0 0 0 0 0 0 0 0 0 0 0 0 0 1 1 1 0 1 1 1 2 2 3 3 1 1 1 3 3 3 1 1 1 1 1 
miss human 7 1 7 7 5 4 3 2 3 3 2 2 1 1 1 0 0 0 0 0 0 0 0 0 0 0 0 0 0 0 0 0 0 0 0 0 0 0 0 0 0 0 0 0 0 0 0 0 0 0 0 0 0 
miss window 7 1 3 3 2 2 1 0 2 0 0 0 0 0 0 0 3 4 4 4 4 0 0 0 0 0 0 0 0 0 0 0 0 0 0 0 0 0 1 1 1 1 1 1 1 1 2 2 3 3 2 2 2 
acm fire 7 1 1 2 3 4 4 7 11 15 18 21 24 27 30 31 32 33 33 33 33 33 33 33 33 33 33 33 33 33 33 34 35 36 36 37 38 39 41 43 46 49 50 51 52 55 58 61 62 63 64 65 66 
acm human 7 1 7 14 19 23 26 28 31 34 36 38 39 40 41 41 41 41 41 41 41 41 41 41 41 41 41 41 41 41 41 41 41 41 41 41 41 41 41 41 41 41 41 41 41 41 41 41 41 41 41 41 41 
acm window 7 1 3 6 8 10 11 11 13 13 13 13 13 13 13 13 16 20 24 28 32 32 32 32 32 32 32 32 32 32 32 32 32 32 32 32 32 32 33 34 35 36 37 38 39 40 42 44 47 50 52 54 56 
tsim fire 7 1 1 1 1 1 1 4 5 5 5 5 5 5 5 5 5 5 5 5 5 5 5 5 5 5 5 5 5 5 5 6 6 6 6 5 5 5 6 6 7 7 7 7 7 9 9 9 9 9 9 9 9 
tsim human 7 1 7 7 6 6 5 5 6 6 5 5 5 5 5 4 4 4 4 4 4 4 4 4 4 4 4 4 4 4 4 4 4 4 4 4 4 4 4 4 4 4 4 4 4 4 4 4 4 4 4 4 4 
tsim window 7 1 3 3 3 3 3 3 6 6 6 6 6 6 6 6 9 10 10 10 10 10 10 10 10 10 10 10 10 10 10 10 10 10 10 10 10 10 11 11 16 16 16 16 16 16 17 17 18 18 18 18 18 
runtime -1 7 1 4.557173013687134 1.6844840049743652 2.2400779724121094 2.2850544452667236 2.2282702922821045 2.8967480659484863 8.153582334518433 1.126136302947998 0.6378004550933838 
avg_run -1 7 1 2.867702987458971
al_time -1 7 1 0.027639389038085938 0.8691935539245605 0.04075360298156738 0.03259754180908203 0.0175626277923584 2.4706246852874756 0.019907236099243164 0.019048213958740234 0.014171600341796875 
avg_all -1 7 1 0.3901664945814345
random:2T:3000
sum 0 7 2 60 40 
sum 1 7 2 180 67 
sum 2 7 2 240 76 
sum 3 7 2 360 95 
sum 4 7 2 540 120 
sum 5 7 2 600 127 
sum 6 7 2 1200 138 
sum 7 7 2 1500 138 
sum 8 7 2 1800 139 
sum 9 7 2 2100 144 
sum 10 7 2 2400 153 
sum 11 7 2 2700 158 
sum 12 7 2 3000 160 
miss fire 7 2 2 2 0 0 0 0 0 1 1 1 1 1 0 0 0 0 0 0 0 0 0 0 0 0 0 0 0 0 0 0 1 1 1 1 1 1 1 1 2 2 1 1 1 1 1 0 0 0 0 0 0 
miss human 7 2 13 13 10 10 7 8 9 8 7 5 5 5 2 2 0 0 0 0 0 0 0 0 0 0 0 0 0 0 0 0 0 0 0 0 0 0 0 0 0 0 0 0 0 0 0 0 0 0 0 0 0 
miss window 7 2 5 5 5 2 2 2 0 0 1 1 1 1 0 0 0 0 0 0 0 0 0 0 0 0 0 0 0 0 0 0 0 0 0 0 0 0 0 0 0 1 1 1 0 0 0 0 0 0 0 1 1 
acm fire 7 2 2 4 4 4 4 4 4 5 6 7 8 9 9 9 9 9 9 9 9 9 9 9 9 9 9 9 9 9 9 9 10 11 12 13 14 15 16 17 19 21 22 23 24 25 26 26 26 26 26 26 26 
acm human 7 2 13 26 36 46 53 61 70 78 85 90 95 100 102 104 104 104 104 104 104 104 104 104 104 104 104 104 104 104 104 104 104 104 104 104 104 104 104 104 104 104 104 104 104 104 104 104 104 104 104 104 104 
acm window 7 2 5 10 15 17 19 21 21 21 22 23 24 25 25 25 25 25 25 25 25 25 25 25 25 25 25 25 25 25 25 25 25 25 25 25 25 25 25 25 25 26 27 28 28 28 28 28 28 28 28 29 30 
tsim fire 7 2 2 2 2 2 2 2 2 3 3 3 3 3 3 3 3 3 3 3 3 3 3 3 3 3 3 3 3 3 3 3 4 4 4 4 4 4 4 4 5 5 5 5 5 6 6 6 6 6 6 6 6 
tsim human 7 2 13 13 13 13 13 12 11 11 9 7 7 7 6 6 5 5 5 5 5 5 5 5 5 5 5 5 5 5 5 5 5 5 5 5 5 5 5 5 5 5 5 5 5 5 5 5 5 5 5 5 5 
tsim window 7 2 5 5 5 5 5 5 5 5 6 6 6 6 6 6 6 6 6 6 6 6 6 6 6 6 6 6 6 6 6 6 6 6 6 6 6 6 6 6 6 7 7 7 7 9 9 9 9 9 9 10 10 
runtime -1 7 2 6.739202499389648 2.8491039276123047 2.498227834701538 2.63761043548584 1.5812439918518066 1.0196912288665771 1.313974142074585 2.363879442214966 2.061436414718628 1.259291410446167 
avg_run -1 7 2 2.432366132736206
al_time -1 7 2 0.03185677528381348 0.025171756744384766 0.02413010597229004 0.047812700271606445 0.016483545303344727 0.014744758605957031 0.01317739486694336 0.026580095291137695 0.8114211559295654 0.014225244522094727 
avg_all -1 7 2 0.10256035327911377
random:3T:3000
sum 0 7 3 60 63 
sum 1 7 3 180 106 
sum 2 7 3 240 121 
sum 3 7 3 360 147 
sum 4 7 3 540 170 
sum 5 7 3 600 178 
sum 6 7 3 1200 253 
sum 7 7 3 1500 253 
sum 8 7 3 1800 253 
sum 9 7 3 2100 255 
sum 10 7 3 2400 259 
sum 11 7 3 2700 263 
sum 12 7 3 3000 265 
miss fire 7 3 2 2 2 0 0 1 1 1 1 1 1 1 0 0 0 0 0 0 0 0 0 0 0 0 0 0 0 0 0 0 0 0 0 0 1 1 1 1 1 0 1 2 2 0 0 0 0 0 0 0 0 
miss human 7 3 18 17 12 11 11 11 7 5 5 7 6 6 7 6 6 6 6 6 4 4 6 0 0 0 0 0 0 0 0 0 0 0 0 0 0 0 0 0 0 0 0 0 0 0 0 0 0 0 0 0 0 
miss window 7 3 12 12 10 8 4 3 3 1 1 1 1 1 1 2 2 2 2 2 2 2 1 0 0 0 0 0 0 0 0 0 0 0 0 0 0 0 0 0 0 0 0 0 0 0 0 0 0 0 0 1 1 
acm fire 7 3 2 4 6 6 6 7 8 9 10 11 12 13 13 13 13 13 13 13 13 13 13 13 13 13 13 13 13 13 13 13 13 13 13 13 14 15 16 17 18 18 19 21 23 23 23 23 23 23 23 23 23 
acm human 7 3 18 35 47 58 69 80 87 92 97 104 110 116 123 129 135 141 147 153 157 161 167 167 167 167 167 167 167 167 167 167 167 167 167 167 167 167 167 167 167 167 167 167 167 167 167 167 167 167 167 167 167 
acm window 7 3 12 24 34 42 46 49 52 53 54 55 56 57 58 60 62 64 66 68 70 72 73 73 73 73 73 73 73 73 73 73 73 73 73 73 73 73 73 73 73 73 73 73 73 73 73 73 73 73 73 74 75 
tsim fire 7 3 2 2 2 2 2 3 3 3 3 3 3 3 3 3 3 3 3 3 3 3 3 3 3 3 3 3 3 3 3 3 3 3 3 3 4 4 4 4 4 4 5 6 6 6 6 6 6 6 6 6 6 
tsim human 7 3 18 17 17 17 15 15 14 13 12 10 10 10 9 8 8 8 8 8 8 8 8 8 8 8 8 8 8 8 8 8 8 8 8 8 8 8 8 8 8 8 8 8 8 8 8 8 8 8 8 8 8 
tsim window 7 3 12 12 12 12 12 12 13 13 13 13 13 13 13 14 14 14 14 14 14 14 14 14 14 14 14 14 14 14 14 14 14 14 14 14 14 14 14 14 14 14 14 15 15 15 15 15 15 15 15 16 16 
runtime -1 7 3 8.556339263916016 3.5150904655456543 4.269935131072998 3.5070106983184814 1.1717610359191895 3.2383997440338135 3.3152995109558105 3.8530642986297607 
avg_run -1 7 3 3.9283625185489655
al_time -1 7 3 0.03194856643676758 0.031991004943847656 0.030910968780517578 0.015612125396728516 0.016615629196166992 0.033411502838134766 1.276209831237793 0.01855611801147461 
avg_all -1 7 3 0.18190696835517883
random:4T:3000
sum 0 7 4 60 35 
sum 1 7 4 180 55 
sum 2 7 4 240 63 
sum 3 7 4 360 68 
sum 4 7 4 540 72 
sum 5 7 4 600 75 
sum 6 7 4 1200 85 
sum 7 7 4 1500 90 
sum 8 7 4 1800 97 
sum 9 7 4 2100 102 
sum 10 7 4 2400 105 
sum 11 7 4 2700 106 
sum 12 7 4 3000 111 
miss fire 7 4 1 1 0 0 0 0 0 0 0 0 1 1 1 1 0 0 0 0 0 1 0 0 0 0 0 0 0 0 0 0 0 0 0 0 0 1 1 1 1 0 0 0 0 0 0 0 0 0 0 0 0 
miss human 7 4 12 11 8 7 6 2 2 1 1 2 2 2 1 1 1 0 0 0 0 0 0 0 0 0 0 0 0 0 0 0 0 0 0 0 0 0 0 0 0 0 0 0 0 0 0 0 0 0 0 0 0 
miss window 7 4 5 5 3 2 2 1 0 0 0 0 0 0 0 0 0 0 0 0 0 0 1 1 1 1 1 1 1 2 2 1 1 1 1 1 1 0 0 0 0 0 0 0 0 0 0 1 1 1 1 1 1 
acm fire 7 4 1 2 2 2 2 2 2 2 2 2 3 4 5 6 6 6 6 6 6 7 7 7 7 7 7 7 7 7 7 7 7 7 7 7 7 8 9 10 11 11 11 11 11 11 11 11 11 11 11 11 11 
acm human 7 4 12 23 31 38 44 46 48 49 50 52 54 56 57 58 59 59 59 59 59 59 59 59 59 59 59 59 59 59 59 59 59 59 59 59 59 59 59 59 59 59 59 59 59 59 59 59 59 59 59 59 59 
acm window 7 4 5 10 13 15 17 18 18 18 18 18 18 18 18 18 18 18 18 18 18 18 19 20 21 22 23 24 25 27 29 30 31 32 33 34 35 35 35 35 35 35 35 35 35 35 35 36 37 38 39 40 41 
tsim fire 7 4 1 1 1 1 1 1 1 1 1 1 2 2 2 2 2 2 2 2 2 3 3 3 3 3 3 3 3 3 3 3 3 3 3 3 3 4 4 4 4 4 4 4 4 4 4 4 4 4 4 4 4 
tsim human 7 4 12 11 10 10 10 9 9 9 9 8 8 8 7 7 7 7 7 7 7 7 7 7 7 7 7 7 7 7 7 7 7 7 7 7 7 7 7 7 7 7 7 7 7 7 7 7 7 7 7 7 7 
tsim window 7 4 5 5 5 5 5 5 5 5 5 5 5 5 5 5 5 5 5 5 5 11 12 12 12 12 12 12 12 13 13 13 13 13 13 13 13 13 13 13 13 13 13 13 13 13 13 14 14 14 14 14 14 
runtime -1 7 4 4.893212080001831 2.713460922241211 2.72066068649292 2.918637752532959 2.2626330852508545 1.5121636390686035 2.051884174346924 
avg_run -1 7 4 2.7246646199907576
al_time -1 7 4 0.0264434814453125 0.024926185607910156 0.02144169807434082 0.8935244083404541 0.01851201057434082 0.017729997634887695 0.030902385711669922 
avg_all -1 7 4 0.14764002391270228
random:5T:3000
sum 0 7 5 60 36 
sum 1 7 5 180 60 
sum 2 7 5 240 70 
sum 3 7 5 360 86 
sum 4 7 5 540 106 
sum 5 7 5 600 115 
sum 6 7 5 1200 147 
sum 7 7 5 1500 150 
sum 8 7 5 1800 153 
sum 9 7 5 2100 155 
sum 10 7 5 2400 157 
sum 11 7 5 2700 170 
sum 12 7 5 3000 182 
miss fire 7 5 1 1 1 0 1 1 1 1 2 2 3 3 3 3 2 2 0 0 0 0 0 0 0 0 0 0 0 0 1 1 1 1 1 0 0 0 0 0 0 1 1 1 3 3 3 3 2 2 2 2 2 
miss human 7 5 11 11 9 7 6 6 5 3 6 6 6 4 4 1 1 1 0 0 0 0 0 0 0 0 0 0 0 0 0 0 0 0 0 0 0 0 0 0 0 0 0 0 0 0 0 0 0 0 0 0 0 
miss window 7 5 6 6 4 3 3 2 1 0 0 0 0 0 0 0 1 1 1 2 1 1 1 1 1 1 0 0 0 0 0 0 0 0 0 0 0 0 0 0 0 0 0 0 0 0 0 0 0 0 0 1 1 
acm fire 7 5 1 2 3 3 4 5 6 7 9 11 14 17 20 23 25 27 27 27 27 27 27 27 27 27 27 27 27 27 28 29 30 31 32 32 32 32 32 32 32 33 34 35 38 41 44 47 49 51 53 55 57 
acm human 7 5 11 22 31 38 44 50 55 58 64 70 76 80 84 85 86 87 87 87 87 87 87 87 87 87 87 87 87 87 87 87 87 87 87 87 87 87 87 87 87 87 87 87 87 87 87 87 87 87 87 87 87 
acm window 7 5 6 12 16 19 22 24 25 25 25 25 25 25 25 25 26 27 28 30 31 32 33 34 35 36 36 36 36 36 36 36 36 36 36 36 36 36 36 36 36 36 36 36 36 36 36 36 36 36 36 37 38 
tsim fire 7 5 1 1 1 1 2 2 2 2 3 3 4 4 4 4 4 4 4 4 4 4 4 4 4 4 4 4 4 4 4 4 4 4 4 3 3 3 3 3 3 4 4 4 6 6 7 7 7 7 7 8 8 
tsim human 7 5 11 11 11 10 10 10 9 8 11 11 11 9 9 6 6 6 6 6 6 6 6 6 6 6 6 6 6 6 6 6 6 6 6 6 6 6 6 6 6 6 6 6 6 6 6 6 6 6 6 6 6 
tsim window 7 5 6 6 6 6 6 6 6 6 9 9 9 9 9 9 10 10 10 11 12 12 12 12 12 12 12 12 12 12 12 12 12 12 12 12 12 12 12 12 12 12 12 12 12 12 12 12 12 12 12 14 14 
runtime -1 7 5 2.6049938201904297 1.4402575492858887 2.531917095184326 2.7281692028045654 2.2626659870147705 1.385533332824707 2.0157358646392822 0.9633686542510986 0.4725644588470459 0.15141034126281738 
avg_run -1 7 5 1.6556616306304932
al_time -1 7 5 0.014178276062011719 0.7934494018554688 0.015133142471313477 0.015182256698608398 0.01659250259399414 0.01842498779296875 0.017224788665771484 0.014937162399291992 0.014874458312988281 0.010902643203735352 
avg_all -1 7 5 0.09308996200561523
random:6T:3000
sum 0 7 6 60 46 
sum 1 7 6 180 79 
sum 2 7 6 240 91 
sum 3 7 6 360 104 
sum 4 7 6 540 122 
sum 5 7 6 600 129 
sum 6 7 6 1200 195 
sum 7 7 6 1500 202 
sum 8 7 6 1800 202 
sum 9 7 6 2100 207 
sum 10 7 6 2400 208 
sum 11 7 6 2700 227 
sum 12 7 6 3000 243 
miss fire 7 6 1 1 2 2 2 0 0 0 0 0 1 1 1 1 1 1 1 1 0 0 0 0 0 0 0 0 0 0 0 0 0 0 0 1 2 2 0 0 0 0 1 2 3 3 4 4 4 1 1 1 1 
miss human 7 6 15 15 10 9 6 6 4 5 6 6 6 6 6 5 5 4 4 4 2 2 0 0 0 0 0 0 0 0 0 0 0 0 0 0 0 0 0 0 0 0 0 0 0 0 0 0 0 0 0 0 0 
miss window 7 6 7 7 5 5 4 2 1 1 0 0 0 1 1 2 2 2 2 2 3 3 3 3 2 2 0 0 0 0 0 0 0 0 0 0 0 0 0 0 0 0 0 0 0 1 1 1 1 1 1 2 3 
acm fire 7 6 1 2 4 6 8 8 8 8 8 8 9 10 11 12 13 14 15 16 16 16 16 16 16 16 16 16 16 16 16 16 16 16 16 17 19 21 21 21 21 21 22 24 27 30 34 38 42 43 44 45 46 
acm human 7 6 15 30 40 49 55 61 65 70 76 82 88 94 100 105 110 114 118 122 124 126 126 126 126 126 126 126 126 126 126 126 126 126 126 126 126 126 126 126 126 126 126 126 126 126 126 126 126 126 126 126 126 
acm window 7 6 7 14 19 24 28 30 31 32 32 32 32 33 34 36 38 40 42 44 47 50 53 56 58 60 60 60 60 60 60 60 60 60 60 60 60 60 60 60 60 60 60 60 60 61 62 63 64 65 66 68 71 
tsim fire 7 6 1 1 2 2 3 3 3 3 3 3 4 4 4 4 4 4 4 4 4 4 4 4 4 4 4 4 4 4 4 4 4 4 4 3 4 4 4 4 4 4 5 6 7 7 8 8 8 8 8 8 8 
tsim human 7 6 15 15 14 13 13 13 13 12 8 8 8 8 8 7 7 6 6 6 6 6 6 6 6 6 6 6 6 6 6 6 6 6 6 6 6 6 6 6 6 6 6 6 6 6 6 6 6 6 6 6 6 
tsim window 7 6 7 7 7 7 7 7 7 7 7 7 10 11 11 12 12 12 12 12 13 13 13 13 13 13 13 13 13 13 13 13 13 13 13 13 13 13 13 13 13 13 13 13 13 14 15 15 15 15 15 16 17 
runtime -1 7 6 2.4342832565307617 1.6325726509094238 1.7608766555786133 1.4580988883972168 1.2167260646820068 2.407658576965332 2.458240270614624 2.069438934326172 0.9100487232208252 
avg_run -1 7 6 1.8164382245805528
al_time -1 7 6 0.013877153396606445 0.8986425399780273 0.015269279479980469 0.01493215560913086 0.04178333282470703 0.030875682830810547 0.031161069869995117 0.032575130462646484 0.024657487869262695 
avg_all -1 7 6 0.12264153692457411
random:7T:3000
sum 0 7 7 60 33 
sum 1 7 7 180 54 
sum 2 7 7 240 62 
sum 3 7 7 360 74 
sum 4 7 7 540 85 
sum 5 7 7 600 89 
sum 6 7 7 1200 110 
sum 7 7 7 1500 112 
sum 8 7 7 1800 112 
sum 9 7 7 2100 115 
sum 10 7 7 2400 117 
sum 11 7 7 2700 125 
sum 12 7 7 3000 136 
miss fire 7 7 1 1 0 0 0 0 0 0 1 1 1 1 1 1 2 2 2 0 0 0 0 0 0 0 0 0 0 0 0 0 0 0 0 0 1 2 1 1 0 0 0 0 0 0 1 1 1 0 0 0 0 
miss human 7 7 11 10 9 8 7 6 6 3 3 3 3 3 2 3 2 1 1 0 0 0 0 0 0 0 0 0 0 0 0 0 0 0 0 0 0 0 0 0 0 0 0 0 0 0 0 0 0 0 0 0 0 
miss window 7 7 5 5 3 1 1 0 0 0 0 0 0 0 0 0 0 0 0 0 0 0 0 0 0 0 1 1 0 0 0 0 0 0 0 0 0 0 0 0 0 0 0 0 0 2 2 2 2 2 2 2 2 
acm fire 7 7 1 2 2 2 2 2 2 2 3 4 5 6 7 8 10 12 14 14 14 14 14 14 14 14 14 14 14 14 14 14 14 14 14 14 15 17 18 19 19 19 19 19 19 19 20 21 22 22 22 22 22 
acm human 7 7 11 21 30 38 45 51 57 60 63 66 69 72 74 77 79 80 81 81 81 81 81 81 81 81 81 81 81 81 81 81 81 81 81 81 81 81 81 81 81 81 81 81 81 81 81 81 81 81 81 81 81 
acm window 7 7 5 10 13 14 15 15 15 15 15 15 15 15 15 15 15 15 15 15 15 15 15 15 15 15 16 17 17 17 17 17 17 17 17 17 17 17 17 17 17 17 17 17 17 19 21 23 25 27 29 31 33 
tsim fire 7 7 1 1 1 1 1 1 1 1 2 2 2 2 2 2 3 3 3 3 3 3 3 3 3 3 3 3 3 3 3 3 3 3 3 3 4 5 5 5 5 5 5 5 5 5 6 6 6 6 6 6 6 
tsim human 7 7 11 10 10 10 10 10 10 8 8 8 8 8 7 6 5 4 4 4 4 4 4 4 4 4 4 4 4 4 4 4 4 4 4 4 4 4 4 4 4 4 4 4 4 4 4 4 4 4 4 4 4 
tsim window 7 7 5 5 5 5 5 5 5 5 5 5 5 5 5 5 11 11 11 11 11 11 11 11 11 11 12 12 12 12 12 12 12 12 12 12 12 12 12 12 12 12 12 12 12 14 16 16 16 16 16 16 16 
runtime -1 7 7 2.326996088027954 1.1811084747314453 1.985077142715454 2.0047388076782227 1.1278934478759766 1.3833496570587158 1.3829236030578613 1.4399559497833252 
avg_run -1 7 7 1.6040053963661194
al_time -1 7 7 0.013902664184570312 0.7854559421539307 0.03986549377441406 0.01770162582397461 0.01694488525390625 0.014044523239135742 1.1522619724273682 0.014937639236450195 
avg_all -1 7 7 0.25688934326171875
random:8T:3000
sum 0 7 8 60 24 
sum 1 7 8 180 39 
sum 2 7 8 240 44 
sum 3 7 8 360 52 
sum 4 7 8 540 63 
sum 5 7 8 600 67 
sum 6 7 8 1200 80 
sum 7 7 8 1500 80 
sum 8 7 8 1800 80 
sum 9 7 8 2100 81 
sum 10 7 8 2400 83 
sum 11 7 8 2700 85 
sum 12 7 8 3000 92 
miss fire 7 8 1 1 0 0 0 0 0 0 1 1 1 2 2 1 1 0 0 0 0 0 0 0 0 0 0 0 0 0 0 0 0 0 0 0 0 1 1 1 0 0 0 0 0 0 0 0 1 1 0 0 0 
miss human 7 8 6 6 6 5 4 4 4 3 3 3 3 1 1 1 0 0 0 0 0 0 0 0 0 0 0 0 0 0 0 0 0 0 0 0 0 0 0 0 0 0 0 0 0 0 0 0 0 0 0 0 0 
miss window 7 8 5 5 2 2 1 0 0 0 0 0 0 0 0 0 0 0 0 1 2 1 0 0 0 0 0 0 0 0 0 0 0 0 0 0 0 0 0 0 0 0 0 0 0 0 1 1 1 1 1 1 1 
acm fire 7 8 1 2 2 2 2 2 2 2 3 4 5 7 9 10 11 11 11 11 11 11 11 11 11 11 11 11 11 11 11 11 11 11 11 11 11 12 13 14 14 14 14 14 14 14 14 14 15 16 16 16 16 
acm human 7 8 6 12 18 23 27 31 35 38 41 44 47 48 49 50 50 50 50 50 50 50 50 50 50 50 50 50 50 50 50 50 50 50 50 50 50 50 50 50 50 50 50 50 50 50 50 50 50 50 50 50 50 
acm window 7 8 5 10 12 14 15 15 15 15 15 15 15 15 15 15 15 15 15 16 18 19 19 19 19 19 19 19 19 19 19 19 19 19 19 19 19 19 19 19 19 19 19 19 19 19 20 21 22 23 24 25 26 
tsim fire 7 8 1 1 1 1 1 1 1 1 2 2 2 3 3 3 3 3 3 3 3 3 3 3 3 3 3 3 3 3 3 3 3 3 3 3 3 4 4 4 4 4 4 4 4 4 4 4 5 5 5 5 5 
tsim human 7 8 6 6 6 6 5 5 5 4 4 4 4 2 2 2 1 1 1 1 1 1 1 1 1 1 1 1 1 1 1 1 1 1 1 1 1 1 1 1 1 1 1 1 1 1 1 1 1 1 1 1 1 
tsim window 7 8 5 5 5 5 5 5 5 5 5 5 5 10 10 10 10 10 10 11 12 12 12 12 12 12 12 12 12 12 12 12 12 12 12 12 12 12 12 12 12 12 12 12 12 12 13 13 13 13 13 13 13 
runtime -1 7 8 2.456360340118408 1.1570889949798584 1.7571508884429932 2.9031636714935303 1.460068702697754 1.3750214576721191 1.6586735248565674 0.33177876472473145 
avg_run -1 7 8 1.6374132931232452
al_time -1 7 8 0.013993978500366211 0.011649370193481445 0.43116188049316406 0.01897597312927246 0.015583515167236328 0.015289306640625 0.018874168395996094 0.011144161224365234 
avg_all -1 7 8 0.06708404421806335
random:9T:3000
sum 0 7 9 60 50 
sum 1 7 9 180 89 
sum 2 7 9 240 108 
sum 3 7 9 360 135 
sum 4 7 9 540 158 
sum 5 7 9 600 164 
sum 6 7 9 1200 223 
sum 7 7 9 1500 226 
sum 8 7 9 1800 226 
sum 9 7 9 2100 229 
sum 10 7 9 2400 233 
sum 11 7 9 2700 233 
sum 12 7 9 3000 243 
miss fire 7 9 1 1 1 1 1 1 1 0 1 1 1 1 0 0 0 0 0 0 0 0 0 0 1 1 1 0 0 0 0 0 0 0 0 0 0 0 0 0 2 1 1 0 0 0 0 0 0 1 1 1 3 
miss human 7 9 20 20 15 15 15 12 9 6 8 7 5 8 8 8 8 7 7 4 4 1 1 0 0 0 0 0 0 0 0 0 0 0 0 0 0 0 0 0 0 0 0 0 0 0 0 0 0 0 0 0 0 
miss window 7 9 4 4 4 3 3 2 2 0 0 0 0 0 0 0 0 0 0 1 1 0 0 0 0 0 0 0 0 0 0 0 0 0 1 1 1 0 0 0 0 0 0 0 0 0 0 0 0 1 1 1 1 
acm fire 7 9 1 2 3 4 5 6 7 7 8 9 10 11 11 11 11 11 11 11 11 11 11 11 12 13 14 14 14 14 14 14 14 14 14 14 14 14 14 14 16 17 18 18 18 18 18 18 18 19 20 21 24 
acm human 7 9 20 40 55 70 85 97 106 112 120 127 132 140 148 156 164 171 178 182 186 187 188 188 188 188 188 188 188 188 188 188 188 188 188 188 188 188 188 188 188 188 188 188 188 188 188 188 188 188 188 188 188 
acm window 7 9 4 8 12 15 18 20 22 22 22 22 22 22 22 22 22 22 22 23 24 24 24 24 24 24 24 24 24 24 24 24 24 24 25 26 27 27 27 27 27 27 27 27 27 27 27 27 27 28 29 30 31 
tsim fire 7 9 1 1 1 1 1 1 1 1 2 2 2 2 2 2 2 2 2 2 2 2 2 2 3 3 3 3 3 3 3 3 3 3 3 3 3 3 3 3 5 5 5 5 5 5 5 5 5 6 6 6 8 
tsim human 7 9 20 20 19 19 19 18 16 16 14 13 11 8 4 4 4 4 4 4 4 4 4 4 4 4 4 4 4 4 4 4 4 4 4 4 4 4 4 4 4 4 4 4 4 4 4 4 4 4 4 4 4 
tsim window 7 9 4 4 4 4 4 4 4 4 4 4 4 4 4 4 4 4 4 5 5 5 5 5 10 10 10 10 10 10 10 10 10 10 11 11 11 11 11 11 11 11 11 11 11 11 11 11 11 12 12 12 12 
runtime -1 7 9 2.5113284587860107 1.3899259567260742 1.1371848583221436 0.9563257694244385 0.8090822696685791 0.8413963317871094 0.8822894096374512 1.7023518085479736 1.478562355041504 1.11378812789917 1.1821393966674805 
avg_run -1 7 9 1.2731249765916304
al_time -1 7 9 0.014269351959228516 0.012934207916259766 0.04592585563659668 0.011465787887573242 0.011410951614379883 0.0108642578125 0.43717122077941895 0.017580747604370117 0.01563858985900879 0.014432668685913086 0.015166997909545898 
avg_all -1 7 9 0.05516914887861772
