random:0T:3000
sum 0 7 0 60 58 
sum 1 7 0 180 89 
sum 2 7 0 240 99 
sum 3 7 0 360 118 
sum 4 7 0 540 140 
sum 5 7 0 600 146 
sum 6 7 0 1200 169 
sum 7 7 0 1500 169 
sum 8 7 0 1800 174 
sum 9 7 0 2100 187 
sum 10 7 0 2400 204 
sum 11 7 0 2700 220 
sum 12 7 0 3000 239 
miss fire 7 0 3 3 2 1 1 1 2 2 1 0 0 0 0 0 0 1 1 1 0 0 0 0 0 0 0 0 0 0 0 0 0 1 2 2 1 2 3 3 3 2 2 1 1 1 1 1 1 2 1 0 0 
miss human 7 0 18 18 13 8 7 7 7 7 6 6 6 6 2 2 1 0 0 0 0 0 0 0 0 0 0 0 0 0 0 0 0 0 0 0 0 0 0 0 0 0 0 0 0 0 0 0 0 0 0 0 0 
miss window 7 0 8 8 5 2 2 1 1 0 0 0 0 0 0 0 1 1 1 2 2 2 0 0 0 0 0 0 1 1 1 1 1 1 1 1 1 1 1 1 0 1 1 1 2 2 2 4 4 4 3 2 2 
acm fire 7 0 3 6 8 9 10 11 13 15 16 16 16 16 16 16 16 17 18 19 19 19 19 19 19 19 19 19 19 19 19 19 19 20 22 24 25 27 30 33 36 38 40 41 42 43 44 45 46 48 49 49 49 
acm human 7 0 18 36 49 57 64 71 78 85 91 97 103 109 111 113 114 114 114 114 114 114 114 114 114 114 114 114 114 114 114 114 114 114 114 114 114 114 114 114 114 114 114 114 114 114 114 114 114 114 114 114 114 
acm window 7 0 8 16 21 23 25 26 27 27 27 27 27 27 27 27 28 29 30 32 34 36 36 36 36 36 36 36 37 38 39 40 41 42 43 44 45 46 47 48 48 49 50 51 53 55 57 61 65 69 72 74 76 
tsim fire 7 0 3 3 3 3 3 3 4 5 5 5 5 5 5 5 5 6 6 6 6 6 6 6 6 6 6 6 6 6 6 6 6 7 8 8 8 9 10 10 10 10 10 10 10 10 10 10 10 11 11 11 11 
tsim human 7 0 18 18 18 17 16 15 15 15 14 14 13 11 10 10 9 8 8 8 8 8 8 8 8 8 8 8 8 8 8 8 8 8 8 8 8 8 8 8 8 8 8 8 8 8 8 8 8 8 8 8 8 
tsim window 7 0 8 8 8 8 8 8 8 8 8 8 8 8 8 8 9 9 9 10 10 10 10 10 10 10 10 10 11 11 11 11 11 13 13 13 13 13 13 13 13 14 14 14 15 15 15 17 17 17 17 17 17 
runtime -1 7 0 2.1825525760650635 0.790276288986206 1.2681362628936768 1.9691071510314941 1.220465898513794 1.474440336227417 1.734311819076538 1.2507457733154297 1.0334124565124512 0.2242872714996338 
avg_run -1 7 0 1.3147735834121703
al_time -1 7 0 0.023241043090820312 0.014461755752563477 0.029300451278686523 0.033411264419555664 0.03672313690185547 1.0945398807525635 0.04234671592712402 0.034134626388549805 0.043497562408447266 0.033290863037109375 
avg_all -1 7 0 0.13849472999572754
random:1T:3000
sum 0 7 1 60 61 
sum 1 7 1 180 94 
sum 2 7 1 240 104 
sum 3 7 1 360 121 
sum 4 7 1 540 150 
sum 5 7 1 600 159 
sum 6 7 1 1200 222 
sum 7 7 1 1500 233 
sum 8 7 1 1800 248 
sum 9 7 1 2100 252 
sum 10 7 1 2400 263 
sum 11 7 1 2700 284 
sum 12 7 1 3000 306 
miss fire 7 1 2 2 1 1 1 2 1 1 1 2 2 2 4 3 3 3 2 2 0 0 0 0 0 0 0 0 0 0 0 0 0 0 0 1 1 2 2 2 2 2 3 4 3 3 4 3 3 3 3 2 2 
miss human 7 1 23 22 13 8 6 7 6 7 9 9 7 7 7 7 7 5 3 3 1 1 0 0 0 0 0 0 0 0 0 0 0 0 0 0 0 0 0 0 0 0 0 0 0 0 0 0 0 0 0 0 0 
miss window 7 1 6 6 6 4 3 1 0 0 0 0 0 0 0 0 0 0 0 0 1 1 1 1 2 2 3 3 3 4 3 3 2 0 0 0 0 0 0 0 0 0 0 0 1 1 1 1 1 1 2 2 3 
acm fire 7 1 2 4 5 6 7 9 10 11 12 14 16 18 22 25 28 31 33 35 35 35 35 35 35 35 35 35 35 35 35 35 35 35 35 36 37 39 41 43 45 47 50 54 57 60 64 67 70 73 76 78 80 
acm human 7 1 23 45 58 66 72 79 85 92 101 110 117 124 131 138 145 150 153 156 157 158 158 158 158 158 158 158 158 158 158 158 158 158 158 158 158 158 158 158 158 158 158 158 158 158 158 158 158 158 158 158 158 
acm window 7 1 6 12 18 22 25 26 26 26 26 26 26 26 26 26 26 26 26 26 27 28 29 30 32 34 37 40 43 47 50 53 55 55 55 55 55 55 55 55 55 55 55 55 56 57 58 59 60 61 63 65 68 
tsim fire 7 1 2 2 2 2 2 3 3 3 3 4 4 4 6 6 7 7 8 8 8 8 8 8 8 8 8 8 8 8 8 8 8 8 8 7 7 8 8 8 8 8 9 10 11 11 11 11 11 12 12 12 12 
tsim human 7 1 23 22 22 21 21 18 18 17 15 15 14 14 14 14 16 14 13 13 13 13 13 13 13 13 13 13 13 13 13 13 13 13 13 13 13 13 13 13 13 13 13 13 13 13 13 13 13 13 13 13 13 
tsim window 7 1 6 6 6 6 6 6 6 6 6 6 6 6 6 6 9 9 12 12 13 13 13 13 15 15 16 16 16 17 17 17 17 17 17 17 17 17 17 17 17 17 17 17 18 18 18 18 18 18 19 19 20 
runtime -1 7 1 4.658254861831665 2.5998268127441406 3.031965732574463 3.8554494380950928 3.4239423274993896 3.0699267387390137 3.145543336868286 2.964581251144409 2.4355547428131104 1.6135668754577637 0.8200869560241699 0.33573317527770996 
avg_run -1 7 1 2.6628693540891013
al_time -1 7 1 0.051354408264160156 0.04292488098144531 1.834930658340454 2.065293788909912 0.05560040473937988 0.054717063903808594 0.06443023681640625 0.0728611946105957 0.05618476867675781 0.05575418472290039 0.054986000061035156 0.03994107246398926 
avg_all -1 7 1 0.37074822187423706
random:2T:3000
sum 0 7 2 60 42 
sum 1 7 2 180 60 
sum 2 7 2 240 64 
sum 3 7 2 360 75 
sum 4 7 2 540 92 
sum 5 7 2 600 95 
sum 6 7 2 1200 108 
sum 7 7 2 1500 108 
sum 8 7 2 1800 109 
sum 9 7 2 2100 111 
sum 10 7 2 2400 117 
sum 11 7 2 2700 127 
sum 12 7 2 3000 136 
miss fire 7 2 3 3 1 1 1 1 2 2 0 1 1 1 0 0 0 0 0 0 0 0 0 0 0 0 0 0 0 0 0 0 1 1 1 0 0 0 0 0 1 1 1 1 3 1 2 2 2 2 0 0 0 
miss human 7 2 13 11 7 4 3 4 4 4 3 5 2 3 1 1 1 1 1 0 0 0 0 0 0 0 0 0 0 0 0 0 0 0 0 0 0 0 0 0 0 0 0 0 0 0 0 0 0 0 0 0 0 
miss window 7 2 6 6 3 2 0 0 0 0 1 1 0 0 0 0 0 0 0 2 2 0 0 0 0 0 0 0 0 0 0 0 0 0 0 0 0 0 0 0 1 1 1 1 0 0 0 0 1 1 1 1 1 
acm fire 7 2 3 6 7 8 9 10 12 14 14 15 16 17 17 17 17 17 17 17 17 17 17 17 17 17 17 17 17 17 17 17 18 19 20 20 20 20 20 20 21 22 23 24 27 28 30 32 34 36 36 36 36 
acm human 7 2 13 24 31 35 38 42 46 50 53 58 60 63 64 65 66 67 68 68 68 68 68 68 68 68 68 68 68 68 68 68 68 68 68 68 68 68 68 68 68 68 68 68 68 68 68 68 68 68 68 68 68 
acm window 7 2 6 12 15 17 17 17 17 17 18 19 19 19 19 19 19 19 19 21 23 23 23 23 23 23 23 23 23 23 23 23 23 23 23 23 23 23 23 23 24 25 26 27 27 27 27 27 28 29 30 31 32 
tsim fire 7 2 3 3 3 4 4 4 5 5 5 6 6 6 6 6 6 6 6 6 6 6 6 6 6 6 6 6 6 6 6 6 7 7 7 6 6 6 6 6 7 7 8 8 10 10 11 12 12 12 12 12 12 
tsim human 7 2 13 11 11 10 10 9 9 9 9 11 9 8 7 7 6 6 6 6 6 6 6 6 6 6 6 6 6 6 6 6 6 6 6 6 6 6 6 6 6 6 6 6 6 6 6 6 6 6 6 6 6 
tsim window 7 2 6 6 6 6 6 6 6 6 7 9 9 9 9 9 9 9 9 11 11 11 11 11 11 11 11 11 11 11 11 11 11 11 11 11 11 11 11 11 12 12 12 12 12 12 12 19 20 20 20 20 20 
runtime -1 7 2 1.6470625400543213 1.5728120803833008 1.5172476768493652 1.38702392578125 1.4413666725158691 1.5589299201965332 1.461402416229248 1.3404953479766846 1.3664591312408447 1.244751214981079 0.8981399536132812 0.6405563354492188 0.4757659435272217 
avg_run -1 7 2 1.2732317814460168
al_time -1 7 2 0.030565500259399414 0.026808977127075195 0.02812361717224121 0.961686372756958 0.03714251518249512 0.04676318168640137 0.03911709785461426 0.04230618476867676 0.03335094451904297 0.03797626495361328 0.03492474555969238 1.119438886642456 0.06654119491577148 
avg_all -1 7 2 0.1926727294921875
random:3T:3000
sum 0 7 3 60 102 
sum 1 7 3 180 177 
sum 2 7 3 240 205 
sum 3 7 3 360 246 
sum 4 7 3 540 264 
sum 5 7 3 600 271 
sum 6 7 3 1200 348 
sum 7 7 3 1500 359 
sum 8 7 3 1800 368 
sum 9 7 3 2100 380 
sum 10 7 3 2400 393 
sum 11 7 3 2700 414 
sum 12 7 3 3000 423 
miss fire 7 3 3 4 2 2 2 2 2 1 0 0 2 2 2 2 2 2 2 2 1 1 0 0 0 1 1 1 1 2 2 2 2 2 2 2 2 3 3 2 2 2 4 4 3 3 2 2 1 1 0 0 0 
miss human 7 3 25 31 23 21 18 15 10 6 3 5 5 6 7 6 6 6 6 6 2 2 1 1 2 2 0 0 0 0 0 0 0 0 0 0 0 0 0 0 0 0 0 0 0 0 0 0 0 0 0 0 0 
miss window 7 3 17 22 17 10 8 7 5 2 1 0 0 1 1 1 1 1 1 1 1 2 3 3 0 0 0 0 0 0 0 0 0 0 0 0 1 0 0 0 0 0 0 0 1 2 2 2 1 2 2 1 1 
acm fire 7 3 3 7 9 11 13 15 17 18 18 18 20 22 24 26 28 30 32 34 35 36 36 36 36 37 38 39 40 42 44 46 48 50 52 54 56 59 62 64 66 68 72 76 79 82 84 86 87 88 88 88 88 
acm human 7 3 25 56 79 100 118 133 143 149 152 157 162 168 175 181 187 193 199 205 207 209 210 211 213 215 215 215 215 215 215 215 215 215 215 215 215 215 215 215 215 215 215 215 215 215 215 215 215 215 215 215 215 
acm window 7 3 17 39 56 66 74 81 86 88 89 89 89 90 91 92 93 94 95 96 97 99 102 105 105 105 105 105 105 105 105 105 105 105 105 105 106 106 106 106 106 106 106 106 107 109 111 113 114 116 118 119 120 
tsim fire 7 3 3 4 4 4 4 4 4 4 4 4 6 6 6 6 6 6 6 6 6 6 6 6 6 7 7 7 7 8 8 8 8 8 8 9 9 10 10 10 10 10 12 12 12 12 12 12 12 12 12 12 12 
tsim human 7 3 25 31 30 30 28 25 23 23 22 20 18 17 17 17 17 17 17 17 17 17 17 17 17 17 17 17 17 17 17 17 17 17 17 17 17 17 17 17 17 17 17 17 17 17 17 17 17 17 17 17 17 
tsim window 7 3 17 22 22 22 22 22 22 22 22 22 22 23 23 23 23 23 23 23 23 24 25 25 25 27 27 27 27 27 27 27 27 27 27 27 28 28 28 28 28 28 29 29 30 31 31 31 31 32 32 32 32 
runtime -1 7 3 8.888880491256714 4.372840404510498 4.719301700592041 4.171791315078735 3.30247163772583 3.828571319580078 3.7683632373809814 3.60630464553833 2.604250192642212 2.767735481262207 2.9135942459106445 1.4784691333770752 
avg_run -1 7 3 3.868547817071279
al_time -1 7 3 0.1086888313293457 0.057112932205200195 0.08881044387817383 0.055889129638671875 0.05152082443237305 2.0931854248046875 0.060639381408691406 0.06586718559265137 0.09525513648986816 0.05911445617675781 0.059780120849609375 0.04950571060180664 
avg_all -1 7 3 0.23711413145065308
random:4T:3000
sum 0 7 4 60 59 
sum 1 7 4 180 91 
sum 2 7 4 240 103 
sum 3 7 4 360 113 
sum 4 7 4 540 124 
sum 5 7 4 600 132 
sum 6 7 4 1200 165 
sum 7 7 4 1500 173 
sum 8 7 4 1800 177 
sum 9 7 4 2100 179 
sum 10 7 4 2400 184 
sum 11 7 4 2700 190 
sum 12 7 4 3000 197 
miss fire 7 4 2 2 1 1 1 0 1 1 1 1 4 4 1 1 0 0 0 1 1 1 1 0 0 0 0 0 0 0 0 0 0 1 1 0 0 0 0 0 1 2 2 1 1 0 2 2 0 0 1 2 2 
miss human 7 4 16 15 10 6 5 3 2 2 3 3 4 4 3 3 2 2 0 0 0 0 0 0 0 0 0 0 0 0 0 0 0 0 0 0 0 0 0 0 0 0 0 0 0 0 0 0 0 0 0 0 0 
miss window 7 4 12 12 8 6 6 3 1 0 0 0 0 0 0 0 0 0 1 1 2 2 3 2 2 1 1 2 2 1 1 0 0 0 0 0 0 0 0 0 0 0 0 0 0 0 0 0 0 0 0 1 1 
acm fire 7 4 2 4 5 6 7 7 8 9 10 11 15 19 20 21 21 21 21 22 23 24 25 25 25 25 25 25 25 25 25 25 25 26 27 27 27 27 27 27 28 30 32 33 34 34 36 38 38 38 39 41 43 
acm human 7 4 16 31 41 47 52 55 57 59 62 65 69 73 76 79 81 83 83 83 83 83 83 83 83 83 83 83 83 83 83 83 83 83 83 83 83 83 83 83 83 83 83 83 83 83 83 83 83 83 83 83 83 
acm window 7 4 12 24 32 38 44 47 48 48 48 48 48 48 48 48 48 48 49 50 52 54 57 59 61 62 63 65 67 68 69 69 69 69 69 69 69 69 69 69 69 69 69 69 69 69 69 69 69 69 69 70 71 
tsim fire 7 4 2 2 2 2 2 2 3 3 3 3 6 6 6 6 6 6 6 7 7 7 7 7 7 7 7 7 7 7 7 7 7 7 7 6 6 6 6 6 7 8 8 8 8 8 10 10 10 10 11 12 12 
tsim human 7 4 16 15 15 15 15 14 14 14 13 13 15 15 13 11 11 11 11 11 11 11 11 11 11 11 11 11 11 11 11 11 11 11 11 11 11 11 11 11 11 11 11 11 11 11 11 11 11 11 11 11 11 
tsim window 7 4 12 12 12 12 12 12 12 12 12 12 15 15 15 15 15 15 16 16 18 18 19 19 19 19 19 20 20 20 20 20 20 20 20 20 20 20 20 20 20 20 20 20 20 20 25 25 25 25 25 26 26 
runtime -1 7 4 4.540064334869385 1.6206564903259277 1.7260410785675049 1.54691481590271 1.5162765979766846 1.613851547241211 1.545684814453125 1.589592695236206 1.7036776542663574 1.3001375198364258 0.9901337623596191 1.0013604164123535 
avg_run -1 7 4 1.7245326439539592
al_time -1 7 4 0.04834413528442383 1.1343345642089844 0.08597064018249512 0.03597116470336914 0.03644371032714844 0.0376436710357666 0.04764056205749512 0.047369956970214844 0.03610110282897949 0.03796124458312988 1.3105652332305908 0.03695201873779297 
avg_all -1 7 4 0.24127483367919922
random:5T:3000
sum 0 7 5 60 92 
sum 1 7 5 180 142 
sum 2 7 5 240 159 
sum 3 7 5 360 181 
sum 4 7 5 540 205 
sum 5 7 5 600 214 
sum 6 7 5 1200 311 
sum 7 7 5 1500 333 
sum 8 7 5 1800 337 
sum 9 7 5 2100 342 
sum 10 7 5 2400 345 
sum 11 7 5 2700 356 
sum 12 7 5 3000 375 
miss fire 7 5 2 2 2 0 0 0 1 1 1 1 1 3 3 3 4 4 3 3 2 2 1 1 1 1 1 1 1 0 0 0 0 0 0 1 2 2 2 0 0 0 1 1 2 2 2 3 2 2 3 3 4 
miss human 7 5 33 31 22 14 12 9 9 7 7 7 8 9 8 8 8 7 5 5 1 1 0 0 0 1 1 0 0 0 0 0 0 0 0 0 0 0 0 0 0 0 0 0 0 0 0 0 0 0 0 0 0 
miss window 7 5 12 12 7 5 5 2 1 0 0 0 0 1 1 1 2 2 2 2 1 2 3 3 3 3 3 3 3 0 0 0 0 0 0 0 0 0 0 0 0 0 0 0 0 1 0 0 0 0 1 2 2 
acm fire 7 5 2 4 6 6 6 6 7 8 9 10 11 14 17 20 24 28 31 34 36 38 39 40 41 42 43 44 45 45 45 45 45 45 45 46 48 50 52 52 52 52 53 54 56 58 60 63 65 67 70 73 77 
acm human 7 5 33 64 86 100 112 121 130 137 144 151 159 168 176 184 192 199 204 209 210 211 211 211 211 212 213 213 213 213 213 213 213 213 213 213 213 213 213 213 213 213 213 213 213 213 213 213 213 213 213 213 213 
acm window 7 5 12 24 31 36 41 43 44 44 44 44 44 45 46 47 49 51 53 55 56 58 61 64 67 70 73 76 79 79 79 79 79 79 79 79 79 79 79 79 79 79 79 79 79 80 80 80 80 80 81 83 85 
tsim fire 7 5 2 2 3 3 3 3 4 4 4 4 4 6 6 6 7 7 7 7 7 7 7 7 7 7 7 7 7 7 7 7 7 7 7 6 7 7 7 7 7 7 8 9 10 10 10 11 11 11 12 12 13 
tsim human 7 5 33 31 31 30 30 29 31 30 28 28 27 24 23 23 23 22 21 21 21 21 21 21 21 21 21 21 21 21 21 21 21 21 21 21 21 21 21 21 21 21 21 21 21 21 21 21 21 21 21 21 21 
tsim window 7 5 12 12 12 12 12 12 15 15 15 15 15 16 16 16 20 20 20 20 20 21 22 22 22 23 23 23 23 23 23 23 23 23 23 23 23 23 23 23 23 23 23 23 24 25 25 25 25 25 26 27 27 
runtime -1 7 5 4.900368928909302 1.3799569606781006 1.272956371307373 1.293950080871582 1.5389821529388428 1.384946584701538 1.3106043338775635 1.2857146263122559 1.0888862609863281 0.7691733837127686 0.4306020736694336 
avg_run -1 7 5 1.5141947052695535
al_time -1 7 5 0.0282742977142334 0.024660825729370117 0.02325606346130371 0.9069442749023438 0.030274391174316406 0.02701592445373535 0.0357968807220459 0.027811765670776367 0.026967525482177734 0.03081512451171875 0.02259540557861328 
avg_all -1 7 5 0.10767386176369408
random:6T:3000
sum 0 7 6 60 79 
sum 1 7 6 180 137 
sum 2 7 6 240 162 
sum 3 7 6 360 198 
sum 4 7 6 540 239 
sum 5 7 6 600 252 
sum 6 7 6 1200 334 
sum 7 7 6 1500 343 
sum 8 7 6 1800 343 
sum 9 7 6 2100 346 
sum 10 7 6 2400 354 
sum 11 7 6 2700 371 
sum 12 7 6 3000 395 
miss fire 7 6 2 2 2 2 2 2 2 4 2 3 3 3 2 2 2 0 0 0 0 0 0 0 0 0 0 0 0 0 0 0 0 0 0 1 1 1 0 0 2 3 3 2 3 4 4 4 4 4 4 2 2 
miss human 7 6 28 27 18 22 18 15 13 12 9 10 10 11 10 6 6 4 4 0 0 4 4 4 4 0 0 0 0 0 0 0 0 0 0 0 0 0 0 0 0 0 0 0 0 0 0 0 0 0 0 0 0 
miss window 7 6 10 10 8 6 5 3 1 1 0 0 0 0 1 1 3 3 5 3 4 2 2 1 0 0 0 0 0 0 0 0 0 0 0 0 0 0 0 0 0 0 0 0 0 0 0 0 0 0 2 2 4 
acm fire 7 6 2 4 6 8 10 12 14 18 20 23 26 29 31 33 35 35 35 35 35 35 35 35 35 35 35 35 35 35 35 35 35 35 35 36 37 38 38 38 40 43 46 48 51 55 59 63 67 71 75 77 79 
acm human 7 6 28 55 73 95 113 128 141 153 162 172 182 193 203 209 215 219 223 223 223 227 231 235 239 239 239 239 239 239 239 239 239 239 239 239 239 239 239 239 239 239 239 239 239 239 239 239 239 239 239 239 239 
acm window 7 6 10 20 28 34 39 42 43 44 44 44 44 44 45 46 49 52 57 60 64 66 68 69 69 69 69 69 69 69 69 69 69 69 69 69 69 69 69 69 69 69 69 69 69 69 69 69 69 69 71 73 77 
tsim fire 7 6 2 2 2 3 3 5 5 7 7 8 8 8 8 8 8 8 8 8 8 8 8 8 8 8 8 8 8 8 8 8 8 8 8 6 6 6 6 6 8 10 10 11 12 13 14 14 14 14 14 14 14 
tsim human 7 6 28 27 25 30 26 26 23 23 22 21 21 20 20 18 18 18 18 18 18 18 18 18 18 18 18 18 18 18 18 18 18 18 18 18 18 18 18 18 18 18 18 18 18 18 18 18 18 18 18 18 18 
tsim window 7 6 10 10 10 13 13 17 17 17 17 17 17 17 18 18 20 20 22 22 23 23 23 23 23 23 23 23 23 23 23 23 23 23 23 23 23 23 23 23 23 23 23 24 27 27 27 27 27 27 29 29 31 
runtime -1 7 6 2.4778599739074707 1.3706533908843994 1.4377551078796387 1.5521626472473145 1.707916021347046 1.3913891315460205 1.1713364124298096 1.2499125003814697 1.2580809593200684 1.0244677066802979 0.9815897941589355 
avg_run -1 7 6 1.4202839677984065
al_time -1 7 6 0.029215335845947266 1.6329419612884521 0.028319120407104492 0.0656731128692627 0.03233170509338379 0.03741908073425293 0.02837967872619629 0.029026508331298828 0.028389930725097656 0.029172420501708984 0.030621767044067383 
avg_all -1 7 6 0.17922642014243387
random:7T:3000
sum 0 7 7 60 70 
sum 1 7 7 180 105 
sum 2 7 7 240 116 
sum 3 7 7 360 130 
sum 4 7 7 540 143 
sum 5 7 7 600 146 
sum 6 7 7 1200 169 
sum 7 7 7 1500 170 
sum 8 7 7 1800 170 
sum 9 7 7 2100 177 
sum 10 7 7 2400 177 
sum 11 7 7 2700 190 
sum 12 7 7 3000 207 
miss fire 7 7 3 3 0 0 0 0 1 1 1 1 1 2 2 2 1 1 0 1 1 1 0 0 0 0 0 0 0 0 0 0 0 1 1 1 2 2 0 0 0 0 0 0 0 0 1 2 2 2 1 1 1 
miss human 7 7 23 23 15 13 10 7 6 4 4 2 1 1 1 1 0 0 0 0 0 0 0 0 0 0 0 0 0 0 0 0 0 0 0 0 0 0 0 0 0 0 0 0 0 0 0 0 0 0 0 0 0 
miss window 7 7 9 9 5 2 1 0 0 0 0 0 1 1 1 1 1 1 1 2 1 0 0 0 0 0 0 1 0 0 0 0 0 0 0 0 0 0 0 0 0 0 0 1 2 3 2 2 2 2 2 2 2 
acm fire 7 7 3 6 6 6 6 6 7 8 9 10 11 13 15 17 18 19 19 20 21 22 22 22 22 22 22 22 22 22 22 22 22 23 24 25 27 29 29 29 29 29 29 29 29 29 30 32 34 36 37 38 39 
acm human 7 7 23 46 61 74 84 91 97 101 105 107 108 109 110 111 111 111 111 111 111 111 111 111 111 111 111 111 111 111 111 111 111 111 111 111 111 111 111 111 111 111 111 111 111 111 111 111 111 111 111 111 111 
acm window 7 7 9 18 23 25 26 26 26 26 26 26 27 28 29 30 31 32 33 35 36 36 36 36 36 36 36 37 37 37 37 37 37 37 37 37 37 37 37 37 37 37 37 38 40 43 45 47 49 51 53 55 57 
tsim fire 7 7 3 3 3 3 3 3 4 4 4 4 4 5 5 5 5 5 5 6 6 6 6 6 6 6 6 6 6 6 6 6 6 7 8 8 9 9 9 9 9 9 9 9 9 9 10 11 12 12 12 12 12 
tsim human 7 7 23 23 20 19 19 18 18 17 17 13 12 12 12 12 12 12 12 12 12 12 12 12 12 12 12 12 12 12 12 12 12 12 12 12 12 12 12 12 12 12 12 12 12 12 12 12 12 12 12 12 12 
tsim window 7 7 9 9 9 9 9 9 9 9 9 9 10 14 14 14 14 14 14 21 21 21 21 21 21 21 21 22 22 22 22 22 22 22 22 22 22 22 22 22 22 22 22 23 24 25 25 25 27 27 27 27 27 
runtime -1 7 7 2.27543568611145 0.5786998271942139 0.8543334007263184 0.8181381225585938 0.9683418273925781 1.0656898021697998 0.9651036262512207 0.8607890605926514 0.41346144676208496 0.3504657745361328 
avg_run -1 7 7 0.9150458574295044
al_time -1 7 7 0.028316974639892578 0.047907114028930664 0.019799232482910156 0.6653156280517578 0.028270959854125977 0.022359609603881836 0.02432847023010254 0.032206058502197266 0.7641079425811768 0.01981067657470703 
avg_all -1 7 7 0.16524226665496827
random:8T:3000
sum 0 7 8 60 52 
sum 1 7 8 180 83 
sum 2 7 8 240 94 
sum 3 7 8 360 108 
sum 4 7 8 540 116 
sum 5 7 8 600 119 
sum 6 7 8 1200 148 
sum 7 7 8 1500 151 
sum 8 7 8 1800 154 
sum 9 7 8 2100 155 
sum 10 7 8 2400 156 
sum 11 7 8 2700 164 
sum 12 7 8 3000 172 
miss fire 7 8 2 2 1 1 1 2 2 1 1 1 1 1 0 1 1 1 0 0 1 1 1 1 0 0 0 0 0 0 0 0 0 0 0 0 0 0 0 0 1 0 0 2 2 2 1 1 1 1 1 1 1 
miss human 7 8 15 15 13 9 8 5 4 2 2 1 2 4 3 3 2 2 1 1 0 0 0 0 0 0 0 0 0 0 0 0 0 0 0 0 0 0 0 0 0 0 0 0 0 0 0 0 0 0 0 0 0 
miss window 7 8 9 9 4 3 2 1 0 0 0 0 0 0 1 1 2 2 0 0 0 0 0 0 1 1 0 0 0 0 1 1 1 1 0 0 0 0 0 0 0 0 0 0 0 0 0 0 0 1 1 0 1 
acm fire 7 8 2 4 5 6 7 9 11 12 13 14 15 16 16 17 18 19 19 19 20 21 22 23 23 23 23 23 23 23 23 23 23 23 23 23 23 23 23 23 24 24 24 26 28 30 31 32 33 34 35 36 37 
acm human 7 8 15 30 43 52 60 65 69 71 73 74 76 80 83 86 88 90 91 92 92 92 92 92 92 92 92 92 92 92 92 92 92 92 92 92 92 92 92 92 92 92 92 92 92 92 92 92 92 92 92 92 92 
acm window 7 8 9 18 22 25 27 28 28 28 28 28 28 28 29 30 32 34 34 34 34 34 34 34 35 36 36 36 36 36 37 38 39 40 40 40 40 40 40 40 40 40 40 40 40 40 40 40 40 41 42 42 43 
tsim fire 7 8 2 2 2 2 2 3 4 4 4 4 4 4 4 5 5 5 5 5 6 6 6 6 6 6 6 6 6 6 6 6 6 6 6 6 6 6 6 6 7 7 7 9 9 9 9 9 10 10 10 10 10 
tsim human 7 8 15 15 15 15 14 14 12 10 10 9 8 6 6 6 6 6 6 6 6 6 6 6 6 6 6 6 6 6 6 6 6 6 6 6 6 6 6 6 6 6 6 6 6 6 6 6 6 6 6 6 6 
tsim window 7 8 9 9 9 9 9 9 9 9 9 9 9 9 10 15 16 16 16 16 16 16 16 16 17 17 17 17 17 17 18 18 18 18 18 18 18 18 18 18 18 18 18 18 18 18 18 18 18 19 19 19 20 
runtime -1 7 8 1.7870609760284424 0.8975489139556885 1.4227213859558105 1.0451693534851074 1.0824639797210693 0.8745377063751221 0.7771599292755127 1.0058460235595703 1.1324949264526367 0.8998475074768066 0.4547302722930908 0.385481595993042 
avg_run -1 7 8 0.9804218808809916
al_time -1 7 8 0.02294301986694336 0.017276763916015625 0.019397735595703125 0.018618345260620117 0.018712759017944336 0.01930522918701172 0.666339635848999 0.02778768539428711 0.02646160125732422 0.024978160858154297 0.021502971649169922 0.020575523376464844 
avg_all -1 7 8 0.07532495260238647
random:9T:3000
sum 0 7 9 60 74 
sum 1 7 9 180 118 
sum 2 7 9 240 136 
sum 3 7 9 360 163 
sum 4 7 9 540 181 
sum 5 7 9 600 187 
sum 6 7 9 1200 207 
sum 7 7 9 1500 215 
sum 8 7 9 1800 216 
sum 9 7 9 2100 220 
sum 10 7 9 2400 222 
sum 11 7 9 2700 231 
sum 12 7 9 3000 245 
miss fire 7 9 2 2 1 0 0 0 1 1 2 2 2 2 0 0 1 1 0 1 1 1 1 0 0 0 0 0 0 0 0 0 0 0 2 1 1 0 1 1 0 0 0 1 1 0 2 1 2 1 1 1 2 
miss human 7 9 25 25 18 14 14 13 8 6 4 3 4 3 0 0 0 0 0 0 0 0 0 0 0 0 0 0 0 0 0 0 0 0 0 0 0 0 0 0 0 0 0 0 0 0 0 0 0 0 0 0 0 
miss window 7 9 10 10 7 4 4 3 2 0 0 0 0 0 0 0 0 0 1 2 2 2 2 2 2 2 1 1 0 1 0 0 0 0 0 0 0 0 0 0 0 0 0 0 1 1 1 1 2 2 2 0 1 
acm fire 7 9 2 4 5 5 5 5 6 7 9 11 13 15 15 15 16 17 17 18 19 20 21 21 21 21 21 21 21 21 21 21 21 21 23 24 25 25 26 27 27 27 27 28 29 29 31 32 34 35 36 37 39 
acm human 7 9 25 50 68 82 96 109 117 123 127 130 134 137 137 137 137 137 137 137 137 137 137 137 137 137 137 137 137 137 137 137 137 137 137 137 137 137 137 137 137 137 137 137 137 137 137 137 137 137 137 137 137 
acm window 7 9 10 20 27 31 35 38 40 40 40 40 40 40 40 40 40 40 41 43 45 47 49 51 53 55 56 57 57 58 58 58 58 58 58 58 58 58 58 58 58 58 58 58 59 60 61 62 64 66 68 68 69 
tsim fire 7 9 2 2 2 2 2 2 3 3 4 4 4 4 4 4 5 5 5 6 6 6 6 6 6 6 6 6 6 6 6 6 6 6 8 8 8 8 9 9 9 9 9 10 10 10 12 12 13 13 13 13 14 
tsim human 7 9 25 25 25 25 25 24 21 21 20 19 16 15 14 14 14 14 14 14 14 14 14 14 14 14 14 14 14 14 14 14 14 14 14 14 14 14 14 14 14 14 14 14 14 14 14 14 14 14 14 14 14 
tsim window 7 9 10 10 10 10 10 10 10 10 10 10 10 10 10 10 13 13 14 15 15 15 15 16 16 16 16 16 16 17 17 17 17 17 17 17 17 17 17 17 17 17 17 17 18 18 18 18 19 19 19 19 20 
runtime -1 7 9 2.263920783996582 0.5760490894317627 0.5188126564025879 0.4180319309234619 0.6534883975982666 0.671579122543335 0.5594313144683838 0.5811314582824707 0.6044776439666748 0.63205885887146 0.3899385929107666 0.21586346626281738 0.16182684898376465 
avg_run -1 7 9 0.6343546280494103
al_time -1 7 9 0.02411818504333496 0.01489877700805664 0.01643967628479004 0.5684943199157715 0.021843910217285156 0.023700952529907227 0.019104719161987305 0.018168210983276367 0.0479886531829834 0.02254343032836914 0.019689083099365234 0.019521713256835938 0.016189098358154297 
avg_all -1 7 9 0.06405390225923978
