random:0T:3000
sum 0 7 0 60 58 
sum 1 7 0 180 104 
sum 2 7 0 240 120 
sum 3 7 0 360 151 
sum 4 7 0 540 179 
sum 5 7 0 600 185 
sum 6 7 0 1200 219 
sum 7 7 0 1500 221 
sum 8 7 0 1800 225 
sum 9 7 0 2100 232 
sum 10 7 0 2400 246 
sum 11 7 0 2700 262 
sum 12 7 0 3000 280 
miss fire 7 0 3 3 3 2 2 2 3 2 2 2 1 1 0 0 0 1 1 1 1 1 1 0 0 0 0 0 0 0 0 0 0 1 2 1 1 2 3 3 2 2 2 1 1 1 1 1 0 1 1 1 1 
miss human 7 0 18 18 14 14 9 9 8 7 6 6 5 7 6 4 3 0 0 0 0 0 0 0 0 0 0 0 0 0 0 0 0 0 0 0 0 0 0 0 0 0 0 0 0 0 0 0 0 0 0 0 0 
miss window 7 0 8 8 7 6 5 5 4 2 1 0 0 0 0 0 1 1 1 1 1 1 1 1 1 0 0 0 1 1 1 1 0 0 0 0 0 0 0 0 0 1 1 1 2 2 2 4 4 4 2 2 2 
acm fire 7 0 3 6 9 11 13 15 18 20 22 24 25 26 26 26 26 27 28 29 30 31 32 32 32 32 32 32 32 32 32 32 32 33 35 36 37 39 42 45 47 49 51 52 53 54 55 56 56 57 58 59 60 
acm human 7 0 18 36 50 64 73 82 90 97 103 109 114 121 127 131 134 134 134 134 134 134 134 134 134 134 134 134 134 134 134 134 134 134 134 134 134 134 134 134 134 134 134 134 134 134 134 134 134 134 134 134 134 
acm window 7 0 8 16 23 29 34 39 43 45 46 46 46 46 46 46 47 48 49 50 51 52 53 54 55 55 55 55 56 57 58 59 59 59 59 59 59 59 59 59 59 60 61 62 64 66 68 72 76 80 82 84 86 
tsim fire 7 0 3 3 3 3 3 3 4 5 5 5 5 5 5 5 5 6 6 6 6 6 6 6 6 6 6 6 6 6 6 6 6 7 8 8 8 9 10 10 10 10 10 10 10 10 10 10 10 11 11 11 11 
tsim human 7 0 18 18 18 17 16 15 15 15 14 14 13 11 10 10 9 8 8 8 8 8 8 8 8 8 8 8 8 8 8 8 8 8 8 8 8 8 8 8 8 8 8 8 8 8 8 8 8 8 8 8 8 
tsim window 7 0 8 8 8 8 8 8 8 8 8 8 8 8 8 8 9 9 9 10 10 10 10 10 10 10 10 10 11 11 11 11 11 13 13 13 13 13 13 13 13 14 14 14 15 15 15 17 17 17 17 17 17 
runtime -1 7 0 4.329231023788452 1.5583851337432861 2.4778401851654053 2.2758572101593018 2.006547689437866 2.001124143600464 3.873952865600586 4.065540552139282 3.465801239013672 3.2436578273773193 1.3311996459960938 
avg_run -1 7 0 2.7844670469110664
al_time -1 7 0 0.017090559005737305 0.015546560287475586 0.016078710556030273 0.01596808433532715 0.017714500427246094 0.0193026065826416 1.1040775775909424 0.04117417335510254 0.037442684173583984 0.041889190673828125 0.03293943405151367 
avg_all -1 7 0 0.12356582554903897
random:1T:3000
sum 0 7 1 60 61 
sum 1 7 1 180 106 
sum 2 7 1 240 123 
sum 3 7 1 360 154 
sum 4 7 1 540 186 
sum 5 7 1 600 195 
sum 6 7 1 1200 283 
sum 7 7 1 1500 320 
sum 8 7 1 1800 345 
sum 9 7 1 2100 363 
sum 10 7 1 2400 375 
sum 11 7 1 2700 390 
sum 12 7 1 3000 415 
miss fire 7 1 2 2 1 1 1 2 2 0 0 2 2 2 3 1 2 2 3 3 3 3 3 3 2 2 2 2 1 1 1 1 1 1 1 2 2 2 2 1 1 2 2 2 3 2 2 2 2 4 4 3 3 
miss human 7 1 23 22 18 13 10 9 7 7 8 7 5 5 6 6 8 5 4 4 4 4 4 4 3 3 0 0 0 0 0 0 0 0 0 0 0 0 0 0 0 0 0 0 0 0 0 0 0 0 0 0 0 
miss window 7 1 6 6 6 6 6 6 5 3 3 2 2 2 2 1 1 1 0 0 2 2 2 2 3 3 4 4 4 5 5 3 3 2 2 2 2 2 2 1 1 0 0 0 1 1 1 1 1 1 3 2 2 
acm fire 7 1 2 4 5 6 7 9 11 11 11 13 15 17 20 21 23 25 28 31 34 37 40 43 45 47 49 51 52 53 54 55 56 57 58 60 62 64 66 67 68 70 72 74 77 79 81 83 85 89 93 96 99 
acm human 7 1 23 45 63 76 86 95 102 109 117 124 129 134 140 146 154 159 163 167 171 175 179 183 186 189 189 189 189 189 189 189 189 189 189 189 189 189 189 189 189 189 189 189 189 189 189 189 189 189 189 189 189 
acm window 7 1 6 12 18 24 30 36 41 44 47 49 51 53 55 56 57 58 58 58 60 62 64 66 69 72 76 80 84 89 94 97 100 102 104 106 108 110 112 113 114 114 114 114 115 116 117 118 119 120 123 125 127 
tsim fire 7 1 2 2 2 2 2 3 3 3 3 5 5 5 6 6 7 7 8 8 8 8 8 8 8 8 8 8 8 8 8 8 8 8 8 7 7 8 8 8 8 9 9 10 11 11 11 11 11 13 13 13 13 
tsim human 7 1 23 22 22 21 21 18 18 17 15 15 14 14 14 14 16 14 13 13 13 13 13 13 13 13 13 13 13 13 13 13 13 13 13 13 13 13 13 13 13 13 13 13 13 13 13 13 13 13 13 13 13 
tsim window 7 1 6 6 6 6 6 6 6 6 6 6 6 6 6 6 9 9 12 12 14 14 14 14 15 15 16 16 16 17 17 17 17 17 17 17 17 17 17 17 17 17 17 17 18 18 18 18 18 18 20 20 20 
runtime -1 7 1 16.089500188827515 7.254204273223877 5.640407562255859 10.590579748153687 8.374510288238525 10.225590229034424 7.8779497146606445 8.926480531692505 7.06021785736084 4.325094223022461 0.6037495136260986 
avg_run -1 7 1 7.906207648190585
al_time -1 7 1 0.021933555603027344 0.027033329010009766 1.1055607795715332 0.04918169975280762 2.441739797592163 0.1004486083984375 0.08878111839294434 0.05766654014587402 0.055405378341674805 0.05888199806213379 0.04500627517700195 
avg_all -1 7 1 0.3683308254588734
random:2T:3000
sum 0 7 2 60 42 
sum 1 7 2 180 70 
sum 2 7 2 240 78 
sum 3 7 2 360 95 
sum 4 7 2 540 119 
sum 5 7 2 600 127 
sum 6 7 2 1200 148 
sum 7 7 2 1500 151 
sum 8 7 2 1800 154 
sum 9 7 2 2100 161 
sum 10 7 2 2400 173 
sum 11 7 2 2700 190 
sum 12 7 2 3000 207 
miss fire 7 2 3 3 2 2 1 1 2 2 2 3 3 3 0 0 0 0 0 0 0 0 0 0 0 0 0 0 0 0 0 1 2 2 2 1 1 1 1 1 2 2 3 2 4 2 3 4 4 3 3 1 1 
miss human 7 2 13 11 8 7 4 5 5 4 4 6 4 3 2 2 1 1 0 0 0 0 0 0 0 0 0 0 0 0 0 0 0 0 0 0 0 0 0 0 0 0 0 0 0 0 0 0 0 0 0 0 0 
miss window 7 2 6 6 6 3 3 3 1 1 1 1 1 1 0 0 0 0 0 2 2 2 2 2 1 0 0 0 0 0 0 0 0 0 0 0 0 0 0 0 1 1 1 1 1 0 0 0 1 1 1 1 1 
acm fire 7 2 3 6 8 10 11 12 14 16 18 21 24 27 27 27 27 27 27 27 27 27 27 27 27 27 27 27 27 27 27 28 30 32 34 35 36 37 38 39 41 43 46 48 52 54 57 61 65 68 71 72 73 
acm human 7 2 13 24 32 39 43 48 53 57 61 67 71 74 76 78 79 80 80 80 80 80 80 80 80 80 80 80 80 80 80 80 80 80 80 80 80 80 80 80 80 80 80 80 80 80 80 80 80 80 80 80 80 
acm window 7 2 6 12 18 21 24 27 28 29 30 31 32 33 33 33 33 33 33 35 37 39 41 43 44 44 44 44 44 44 44 44 44 44 44 44 44 44 44 44 45 46 47 48 49 49 49 49 50 51 52 53 54 
tsim fire 7 2 3 3 3 4 4 4 5 5 5 6 6 6 6 6 6 6 6 6 6 6 6 6 6 6 6 6 6 6 6 6 7 7 7 6 6 6 6 6 7 7 8 8 10 10 11 12 12 12 12 12 12 
tsim human 7 2 13 11 11 10 10 9 9 9 9 11 9 8 7 7 6 6 6 6 6 6 6 6 6 6 6 6 6 6 6 6 6 6 6 6 6 6 6 6 6 6 6 6 6 6 6 6 6 6 6 6 6 
tsim window 7 2 6 6 6 6 6 6 6 6 7 9 9 9 9 9 9 9 9 11 11 11 11 11 11 11 11 11 11 11 11 11 11 11 11 11 11 11 11 11 12 12 12 12 12 12 12 19 20 20 20 20 20 
runtime -1 7 2 3.5541489124298096 2.0615286827087402 1.8053457736968994 1.6050784587860107 1.561441421508789 1.5616021156311035 1.5629549026489258 1.8861970901489258 1.4921033382415771 0.9497146606445312 0.7674002647399902 0.375795841217041 
avg_run -1 7 2 1.5986092885335286
al_time -1 7 2 0.016786813735961914 0.5516030788421631 0.016448974609375 0.015898466110229492 0.016519546508789062 0.020154476165771484 0.02117013931274414 0.016886472702026367 0.01785874366760254 0.01800227165222168 1.2465393543243408 0.015261411666870117 
avg_all -1 7 2 0.16442747910817465
random:3T:3000
sum 0 7 3 60 102 
sum 1 7 3 180 194 
sum 2 7 3 240 229 
sum 3 7 3 360 282 
sum 4 7 3 540 330 
sum 5 7 3 600 343 
sum 6 7 3 1200 434 
sum 7 7 3 1500 466 
sum 8 7 3 1800 481 
sum 9 7 3 2100 491 
sum 10 7 3 2400 504 
sum 11 7 3 2700 525 
sum 12 7 3 3000 539 
miss fire 7 3 3 4 4 2 2 0 0 0 0 0 2 2 2 2 2 2 2 2 2 2 1 1 1 2 1 1 0 1 1 0 0 0 0 1 1 2 2 1 1 1 3 3 3 2 2 1 1 1 1 1 1 
miss human 7 3 25 31 27 23 19 19 13 10 9 7 5 6 5 5 5 5 5 4 4 4 3 3 3 3 1 1 1 1 1 0 0 0 0 0 0 0 0 0 0 0 0 0 0 0 0 0 0 0 0 0 0 
miss window 7 3 17 22 19 17 14 11 10 8 7 7 6 7 5 4 1 1 1 1 1 2 3 3 3 3 3 3 2 2 2 2 2 2 2 0 1 1 1 1 1 1 1 1 2 3 3 1 1 2 2 2 2 
acm fire 7 3 3 7 11 13 15 15 15 15 15 15 17 19 21 23 25 27 29 31 33 35 36 37 38 40 41 42 42 43 44 44 44 44 44 45 46 48 50 51 52 53 56 59 62 64 66 67 68 69 70 71 72 
acm human 7 3 25 56 83 106 125 144 157 167 176 183 188 194 199 204 209 214 219 223 227 231 234 237 240 243 244 245 246 247 248 248 248 248 248 248 248 248 248 248 248 248 248 248 248 248 248 248 248 248 248 248 248 
acm window 7 3 17 39 58 75 89 100 110 118 125 132 138 145 150 154 155 156 157 158 159 161 164 167 170 173 176 179 181 183 185 187 189 191 193 193 194 195 196 197 198 199 200 201 203 206 209 210 211 213 215 217 219 
tsim fire 7 3 3 4 4 4 4 4 4 4 4 4 6 6 6 6 6 6 6 6 6 6 6 6 6 7 7 7 7 8 8 8 8 8 8 9 9 10 10 10 10 10 12 12 12 12 12 12 12 12 12 12 12 
tsim human 7 3 25 31 30 30 28 25 23 23 22 20 18 17 17 17 17 17 17 17 17 17 17 17 17 17 17 17 17 17 17 17 17 17 17 17 17 17 17 17 17 17 17 17 17 17 17 17 17 17 17 17 17 
tsim window 7 3 17 22 22 22 22 22 22 22 22 22 22 23 23 23 23 23 23 23 23 24 25 25 25 27 27 27 27 27 27 27 27 27 27 27 28 28 28 28 28 28 29 29 30 31 31 31 31 32 32 32 32 
runtime -1 7 3 19.69996690750122 10.539045333862305 5.627945899963379 7.503774404525757 6.279875993728638 5.185304641723633 4.950830459594727 4.441274881362915 2.86708664894104 1.7143983840942383 
avg_run -1 7 3 6.8809503555297855
al_time -1 7 3 0.02498912811279297 0.027171850204467773 4.07443642616272 0.028372526168823242 0.03038930892944336 0.028969287872314453 0.031154632568359375 0.05937337875366211 0.029611825942993164 0.023342609405517578 
avg_all -1 7 3 0.43578109741210935
random:4T:3000
sum 0 7 4 60 59 
sum 1 7 4 180 104 
sum 2 7 4 240 123 
sum 3 7 4 360 151 
sum 4 7 4 540 168 
sum 5 7 4 600 177 
sum 6 7 4 1200 216 
sum 7 7 4 1500 222 
sum 8 7 4 1800 226 
sum 9 7 4 2100 229 
sum 10 7 4 2400 235 
sum 11 7 4 2700 249 
sum 12 7 4 3000 264 
miss fire 7 4 2 2 1 1 1 1 1 1 1 1 4 4 3 3 3 1 1 1 1 1 1 1 1 1 1 1 1 0 0 0 0 0 0 1 1 1 1 0 1 2 2 2 2 2 4 4 4 2 3 2 2 
miss human 7 4 16 15 13 12 10 8 6 3 4 4 5 5 3 1 1 0 0 0 0 0 0 0 0 0 0 0 0 0 0 0 0 0 0 0 0 0 0 0 0 0 0 0 0 0 0 0 0 0 0 0 0 
miss window 7 4 12 12 9 9 8 7 5 2 1 0 0 0 0 0 0 0 1 1 3 2 3 0 0 0 0 1 1 1 1 0 0 0 0 0 0 0 0 0 0 0 0 0 0 0 0 0 0 0 0 1 1 
acm fire 7 4 2 4 5 6 7 8 9 10 11 12 16 20 23 26 29 30 31 32 33 34 35 36 37 38 39 40 41 41 41 41 41 41 41 42 43 44 45 45 46 48 50 52 54 56 60 64 68 70 73 75 77 
acm human 7 4 16 31 44 56 66 74 80 83 87 91 96 101 104 105 106 106 106 106 106 106 106 106 106 106 106 106 106 106 106 106 106 106 106 106 106 106 106 106 106 106 106 106 106 106 106 106 106 106 106 106 106 
acm window 7 4 12 24 33 42 50 57 62 64 65 65 65 65 65 65 65 65 66 67 70 72 75 75 75 75 75 76 77 78 79 79 79 79 79 79 79 79 79 79 79 79 79 79 79 79 79 79 79 79 79 80 81 
tsim fire 7 4 2 2 2 2 2 2 3 3 3 3 6 6 6 6 6 6 6 7 7 7 7 7 7 7 7 7 7 7 7 7 7 7 7 6 6 6 6 6 7 8 8 8 8 8 10 10 10 10 11 12 12 
tsim human 7 4 16 15 15 15 15 14 14 14 13 13 15 15 13 11 11 11 11 11 11 11 11 11 11 11 11 11 11 11 11 11 11 11 11 11 11 11 11 11 11 11 11 11 11 11 11 11 11 11 11 11 11 
tsim window 7 4 12 12 12 12 12 12 12 12 12 12 15 15 15 15 15 15 16 16 18 18 19 19 19 19 19 20 20 20 20 20 20 20 20 20 20 20 20 20 20 20 20 20 20 20 25 25 25 25 25 26 26 
runtime -1 7 4 4.3362743854522705 1.7540092468261719 1.9179229736328125 2.0500328540802 2.610945701599121 1.9155006408691406 1.8896493911743164 1.7055444717407227 0.6961963176727295 0.6322834491729736 
avg_run -1 7 4 1.950835943222046
al_time -1 7 4 0.016280651092529297 0.01429295539855957 0.015464067459106445 0.5479536056518555 0.02428460121154785 0.020536422729492188 0.017859220504760742 0.021512746810913086 1.5363152027130127 0.015885591506958008 
avg_all -1 7 4 0.22303850650787355
random:5T:3000
sum 0 7 5 60 92 
sum 1 7 5 180 169 
sum 2 7 5 240 199 
sum 3 7 5 360 246 
sum 4 7 5 540 309 
sum 5 7 5 600 324 
sum 6 7 5 1200 421 
sum 7 7 5 1500 454 
sum 8 7 5 1800 469 
sum 9 7 5 2100 477 
sum 10 7 5 2400 483 
sum 11 7 5 2700 504 
sum 12 7 5 3000 528 
miss fire 7 5 2 2 3 2 1 1 1 1 1 1 1 3 3 3 4 4 2 2 2 2 2 2 1 1 0 0 0 0 0 0 0 0 0 1 2 2 1 1 1 1 2 3 4 4 3 4 4 4 4 2 3 
miss human 7 5 33 31 28 25 21 15 16 17 15 12 12 9 6 6 6 5 3 3 3 3 2 2 1 1 1 1 1 1 1 1 1 1 1 1 0 0 0 0 0 0 0 0 0 0 0 0 0 0 0 0 0 
miss window 7 5 12 12 10 9 8 7 7 7 6 3 2 3 2 2 2 2 2 2 2 3 4 4 4 5 5 5 3 3 3 1 0 0 0 0 0 0 0 0 0 0 0 0 0 1 1 1 1 1 1 2 2 
acm fire 7 5 2 4 7 9 10 11 12 13 14 15 16 19 22 25 29 33 35 37 39 41 43 45 46 47 47 47 47 47 47 47 47 47 47 48 50 52 53 54 55 56 58 61 65 69 72 76 80 84 88 90 93 
acm human 7 5 33 64 92 117 138 153 169 186 201 213 225 234 240 246 252 257 260 263 266 269 271 273 274 275 276 277 278 279 280 281 282 283 284 285 285 285 285 285 285 285 285 285 285 285 285 285 285 285 285 285 285 
acm window 7 5 12 24 34 43 51 58 65 72 78 81 83 86 88 90 92 94 96 98 100 103 107 111 115 120 125 130 133 136 139 140 140 140 140 140 140 140 140 140 140 140 140 140 140 141 142 143 144 145 146 148 150 
tsim fire 7 5 2 2 3 3 3 3 4 4 4 4 4 6 6 6 7 7 7 7 7 7 7 7 7 7 7 7 7 7 7 7 7 7 7 6 7 7 7 7 7 7 8 9 10 10 10 11 11 11 12 12 13 
tsim human 7 5 33 31 31 30 30 29 31 30 28 28 27 24 23 23 23 22 21 21 21 21 21 21 21 21 21 21 21 21 21 21 21 21 21 21 21 21 21 21 21 21 21 21 21 21 21 21 21 21 21 21 21 
tsim window 7 5 12 12 12 12 12 12 15 15 15 15 15 16 16 16 20 20 20 20 20 21 22 22 22 23 23 23 23 23 23 23 23 23 23 23 23 23 23 23 23 23 23 23 24 25 25 25 25 25 26 27 27 
runtime -1 7 5 8.430688619613647 6.644632577896118 3.7336513996124268 3.478700637817383 6.321118116378784 3.0552480220794678 3.4115822315216064 3.4335989952087402 2.1259713172912598 0.67333984375 
avg_run -1 7 5 4.130853176116943
al_time -1 7 5 0.019934415817260742 0.02367424964904785 0.02151942253112793 1.04011869430542 0.027418136596679688 0.023537397384643555 0.02413487434387207 0.024010896682739258 0.025201797485351562 2.8091020584106445 
avg_all -1 7 5 0.4038651943206787
random:6T:3000
sum 0 7 6 60 79 
sum 1 7 6 180 152 
sum 2 7 6 240 186 
sum 3 7 6 360 253 
sum 4 7 6 540 333 
sum 5 7 6 600 350 
sum 6 7 6 1200 488 
sum 7 7 6 1500 547 
sum 8 7 6 1800 573 
sum 9 7 6 2100 599 
sum 10 7 6 2400 622 
sum 11 7 6 2700 651 
sum 12 7 6 3000 679 
miss fire 7 6 2 2 2 3 3 5 5 7 6 2 2 2 2 2 2 2 2 2 2 2 1 1 1 1 1 1 1 1 1 1 1 1 1 3 3 3 2 2 3 5 5 6 6 7 7 3 4 4 4 4 4 
miss human 7 6 28 27 21 25 22 19 18 18 14 14 12 13 10 7 7 7 7 7 7 7 6 6 5 5 4 4 5 3 3 3 2 2 2 2 2 2 1 1 1 1 0 0 0 0 0 0 0 0 0 0 0 
miss window 7 6 10 10 10 12 9 11 9 8 7 4 3 3 3 1 3 3 5 5 6 6 6 6 6 6 6 6 1 1 1 1 1 1 1 1 1 1 1 1 0 0 0 0 0 0 0 0 0 0 1 3 4 
acm fire 7 6 2 4 6 9 12 17 22 29 35 37 39 41 43 45 47 49 51 53 55 57 58 59 60 61 62 63 64 65 66 67 68 69 70 73 76 79 81 83 86 91 96 102 108 115 122 125 129 133 137 141 145 
acm human 7 6 28 55 76 101 123 142 160 178 192 206 218 231 241 248 255 262 269 276 283 290 296 302 307 312 316 320 325 328 331 334 336 338 340 342 344 346 347 348 349 350 350 350 350 350 350 350 350 350 350 350 350 
acm window 7 6 10 20 30 42 51 62 71 79 86 90 93 96 99 100 103 106 111 116 122 128 134 140 146 152 158 164 165 166 167 168 169 170 171 172 173 174 175 176 176 176 176 176 176 176 176 176 176 176 177 180 184 
tsim fire 7 6 2 2 2 3 3 5 5 7 7 8 8 8 8 8 8 8 8 8 8 8 8 8 8 8 8 8 8 8 8 8 8 8 8 6 6 6 6 6 8 10 10 11 12 13 13 14 15 15 15 15 15 
tsim human 7 6 28 27 25 30 26 26 23 23 22 21 21 20 20 18 18 18 18 18 18 18 18 18 18 18 18 18 18 18 18 18 18 18 18 18 18 18 18 18 18 18 18 18 18 18 18 18 18 18 18 18 18 
tsim window 7 6 10 10 10 13 13 17 17 17 17 17 17 17 18 18 20 20 22 22 23 23 23 23 23 23 23 23 23 23 23 23 23 23 23 23 23 23 23 23 23 23 23 24 27 27 27 27 27 27 28 30 31 
runtime -1 7 6 7.4661102294921875 6.018182039260864 6.719250202178955 6.052546262741089 5.307716369628906 4.8383684158325195 4.109612226486206 3.3879244327545166 3.28134822845459 4.404349327087402 4.553827285766602 3.7002956867218018 3.381363868713379 5.3312294483184814 
avg_run -1 7 6 4.896580287388393
al_time -1 7 6 0.018627405166625977 3.778909921646118 0.0231630802154541 0.02416372299194336 0.023597002029418945 0.024727344512939453 0.022888898849487305 0.023531436920166016 0.023242950439453125 0.024027347564697266 0.023435115814208984 0.023398160934448242 5.561711311340332 0.025852680206298828 
avg_all -1 7 6 0.6872340270451137
random:7T:3000
sum 0 7 7 60 70 
sum 1 7 7 180 116 
sum 2 7 7 240 135 
sum 3 7 7 360 166 
sum 4 7 7 540 187 
sum 5 7 7 600 192 
sum 6 7 7 1200 232 
sum 7 7 7 1500 233 
sum 8 7 7 1800 235 
sum 9 7 7 2100 242 
sum 10 7 7 2400 242 
sum 11 7 7 2700 257 
sum 12 7 7 3000 284 
miss fire 7 7 3 3 2 0 0 0 1 1 1 1 1 2 2 2 1 1 1 2 2 2 0 0 0 0 0 0 0 0 0 0 0 1 2 2 1 1 0 0 0 0 0 0 0 0 1 2 3 3 2 2 2 
miss human 7 7 23 23 17 15 15 13 12 7 7 3 3 3 3 2 1 1 1 1 1 1 0 0 0 0 0 0 0 0 0 0 0 0 0 0 0 0 0 0 0 0 0 0 0 0 0 0 0 0 0 0 0 
miss window 7 7 9 9 7 5 4 3 2 1 0 0 1 2 1 1 1 1 1 2 2 0 0 0 0 0 0 1 1 1 0 0 0 0 0 0 0 0 0 0 0 0 0 1 2 3 3 3 3 3 3 3 3 
acm fire 7 7 3 6 8 8 8 8 9 10 11 12 13 15 17 19 20 21 22 24 26 28 28 28 28 28 28 28 28 28 28 28 28 29 31 33 34 35 35 35 35 35 35 35 35 35 36 38 41 44 46 48 50 
acm human 7 7 23 46 63 78 93 106 118 125 132 135 138 141 144 146 147 148 149 150 151 152 152 152 152 152 152 152 152 152 152 152 152 152 152 152 152 152 152 152 152 152 152 152 152 152 152 152 152 152 152 152 152 
acm window 7 7 9 18 25 30 34 37 39 40 40 40 41 43 44 45 46 47 48 50 52 52 52 52 52 52 52 53 54 55 55 55 55 55 55 55 55 55 55 55 55 55 55 56 58 61 64 67 70 73 76 79 82 
tsim fire 7 7 3 3 3 3 3 3 4 4 4 4 4 5 5 5 5 5 5 6 6 6 6 6 6 6 6 6 6 6 6 6 6 7 8 8 9 9 9 9 9 9 9 9 9 9 10 11 12 12 12 12 12 
tsim human 7 7 23 23 20 19 19 18 18 17 17 13 12 12 12 12 12 12 12 12 12 12 12 12 12 12 12 12 12 12 12 12 12 12 12 12 12 12 12 12 12 12 12 12 12 12 12 12 12 12 12 12 12 
tsim window 7 7 9 9 9 9 9 9 9 9 9 9 10 14 14 14 14 14 14 21 21 21 21 21 21 21 21 22 22 22 22 22 22 22 22 22 22 22 22 22 22 22 22 23 24 25 25 25 27 27 27 27 27 
runtime -1 7 7 5.797393560409546 2.8712666034698486 3.1378419399261475 3.992673635482788 2.9798953533172607 2.323848009109497 2.402918577194214 2.2661561965942383 0.6984214782714844 1.2059943675994873 
avg_run -1 7 7 2.767640972137451
al_time -1 7 7 0.017824888229370117 0.017112016677856445 0.7213475704193115 0.04012560844421387 0.02250838279724121 0.01948261260986328 0.019298791885375977 0.020180225372314453 1.6751768589019775 0.03970694541931152 
avg_all -1 7 7 0.2592763900756836
random:8T:3000
sum 0 7 8 60 52 
sum 1 7 8 180 93 
sum 2 7 8 240 109 
sum 3 7 8 360 139 
sum 4 7 8 540 157 
sum 5 7 8 600 160 
sum 6 7 8 1200 220 
sum 7 7 8 1500 243 
sum 8 7 8 1800 255 
sum 9 7 8 2100 257 
sum 10 7 8 2400 260 
sum 11 7 8 2700 266 
sum 12 7 8 3000 276 
miss fire 7 8 2 2 2 2 2 2 3 3 2 1 1 1 1 1 1 1 1 1 2 2 1 1 1 1 1 1 1 1 1 1 1 0 0 0 0 0 0 0 1 1 1 2 2 1 1 0 1 1 1 1 1 
miss human 7 8 15 15 15 10 8 8 8 3 3 1 2 4 4 4 4 4 3 3 3 3 2 2 3 3 3 3 0 0 0 0 0 0 0 0 0 0 0 0 0 0 0 0 0 0 0 0 0 0 0 0 0 
miss window 7 8 9 9 6 6 6 5 4 3 2 0 0 0 1 1 2 2 2 2 2 2 0 0 1 1 1 1 1 1 2 2 1 1 1 0 0 0 0 0 0 0 0 0 0 0 0 0 0 1 1 1 2 
acm fire 7 8 2 4 6 8 10 12 15 18 20 21 22 23 24 25 26 27 28 29 31 33 34 35 36 37 38 39 40 41 42 43 44 44 44 44 44 44 44 44 45 46 47 49 51 52 53 53 54 55 56 57 58 
acm human 7 8 15 30 45 55 63 71 79 82 85 86 88 92 96 100 104 108 111 114 117 120 122 124 127 130 133 136 136 136 136 136 136 136 136 136 136 136 136 136 136 136 136 136 136 136 136 136 136 136 136 136 136 
acm window 7 8 9 18 24 30 36 41 45 48 50 50 50 50 51 52 54 56 58 60 62 64 64 64 65 66 67 68 69 70 72 74 75 76 77 77 77 77 77 77 77 77 77 77 77 77 77 77 77 78 79 80 82 
tsim fire 7 8 2 2 2 2 2 3 4 4 4 4 4 4 4 5 5 5 5 5 6 6 6 6 6 6 6 6 6 6 6 6 6 6 6 6 6 6 6 6 7 7 7 9 9 9 9 9 10 10 10 10 10 
tsim human 7 8 15 15 15 15 14 14 12 10 10 9 8 6 6 6 6 6 6 6 6 6 6 6 6 6 6 6 6 6 6 6 6 6 6 6 6 6 6 6 6 6 6 6 6 6 6 6 6 6 6 6 6 
tsim window 7 8 9 9 9 9 9 9 9 9 9 9 9 9 10 15 16 16 16 16 16 16 16 16 17 17 17 17 17 17 18 18 18 18 18 18 18 18 18 18 18 18 18 18 18 18 18 18 18 19 19 19 20 
runtime -1 7 8 6.323843479156494 2.909484624862671 3.2493784427642822 2.9790327548980713 2.596238136291504 3.0559990406036377 2.2955358028411865 2.512014627456665 2.3005778789520264 1.9196979999542236 1.0346267223358154 
avg_run -1 7 8 2.8342208645560523
al_time -1 7 8 0.017547607421875 0.017365694046020508 0.037578582763671875 0.6478936672210693 0.019803762435913086 0.01852250099182129 0.018425703048706055 0.02362227439880371 0.018851518630981445 0.019838809967041016 0.017546415328979492 
avg_all -1 7 8 0.07790877602317116
random:9T:3000
sum 0 7 9 60 74 
sum 1 7 9 180 128 
sum 2 7 9 240 152 
sum 3 7 9 360 191 
sum 4 7 9 540 214 
sum 5 7 9 600 220 
sum 6 7 9 1200 281 
sum 7 7 9 1500 302 
sum 8 7 9 1800 307 
sum 9 7 9 2100 314 
sum 10 7 9 2400 320 
sum 11 7 9 2700 328 
sum 12 7 9 3000 345 
miss fire 7 9 2 2 1 1 1 1 2 0 1 1 1 1 1 1 2 2 2 3 3 3 3 3 0 0 0 0 0 0 0 0 0 0 2 2 1 1 2 1 1 1 1 2 0 0 2 1 2 2 2 2 3 
miss human 7 9 25 25 19 17 16 14 11 8 5 4 5 4 3 3 3 3 3 3 3 3 3 3 0 0 0 0 0 0 0 0 0 0 0 0 0 0 0 0 0 0 0 0 0 0 0 0 0 0 0 0 0 
miss window 7 9 10 10 8 8 7 6 5 3 1 0 0 0 0 0 0 0 1 2 2 2 2 3 3 3 3 3 1 1 1 1 1 1 0 0 0 0 0 0 0 0 0 0 1 1 1 0 1 1 1 1 2 
acm fire 7 9 2 4 5 6 7 8 10 10 11 12 13 14 15 16 18 20 22 25 28 31 34 37 37 37 37 37 37 37 37 37 37 37 39 41 42 43 45 46 47 48 49 51 51 51 53 54 56 58 60 62 65 
acm human 7 9 25 50 69 86 102 116 127 135 140 144 149 153 156 159 162 165 168 171 174 177 180 183 183 183 183 183 183 183 183 183 183 183 183 183 183 183 183 183 183 183 183 183 183 183 183 183 183 183 183 183 183 
acm window 7 9 10 20 28 36 43 49 54 57 58 58 58 58 58 58 58 58 59 61 63 65 67 70 73 76 79 82 83 84 85 86 87 88 88 88 88 88 88 88 88 88 88 88 89 90 91 91 92 93 94 95 97 
tsim fire 7 9 2 2 2 2 2 2 3 3 4 4 4 4 4 4 5 5 5 6 6 6 6 6 6 6 6 6 6 6 6 6 6 6 8 8 8 8 9 9 9 9 9 10 10 10 12 12 13 13 13 13 14 
tsim human 7 9 25 25 25 25 25 24 21 21 20 19 16 15 14 14 14 14 14 14 14 14 14 14 14 14 14 14 14 14 14 14 14 14 14 14 14 14 14 14 14 14 14 14 14 14 14 14 14 14 14 14 14 
tsim window 7 9 10 10 10 10 10 10 10 10 10 10 10 10 10 10 13 13 14 15 15 15 15 16 16 16 16 16 16 17 17 17 17 17 17 17 17 17 17 17 17 17 17 17 18 18 18 18 19 19 19 19 20 
runtime -1 7 9 4.0551064014434814 1.5400290489196777 1.3642868995666504 4.20799994468689 3.6979568004608154 1.986954927444458 2.108987331390381 1.6124582290649414 0.7258293628692627 
avg_run -1 7 9 2.366623216205173
al_time -1 7 9 0.014951705932617188 0.014704227447509766 1.5116736888885498 0.01628422737121582 0.02115464210510254 0.017220735549926758 0.018427371978759766 0.018024206161499023 0.013666391372680664 
avg_all -1 7 9 0.1829007996453179
