random:0T:3000
sum 0 7 0 60 58 
sum 1 7 0 180 89 
sum 2 7 0 240 99 
sum 3 7 0 360 119 
sum 4 7 0 540 142 
sum 5 7 0 600 146 
sum 6 7 0 1200 168 
sum 7 7 0 1500 170 
sum 8 7 0 1800 172 
sum 9 7 0 2100 182 
sum 10 7 0 2400 194 
sum 11 7 0 2700 201 
sum 12 7 0 3000 215 
miss fire 7 0 3 3 2 1 1 1 2 2 2 2 1 1 0 0 0 1 0 0 0 0 0 0 0 0 0 0 0 0 0 0 0 1 2 2 2 3 3 3 2 2 0 0 0 0 0 0 0 1 0 0 0 
miss human 7 0 18 18 13 8 7 7 7 7 5 5 3 5 3 3 1 0 0 0 0 0 0 0 0 0 0 0 0 0 0 0 0 0 0 0 0 0 0 0 0 0 0 0 0 0 0 0 0 0 0 0 0 
miss window 7 0 8 8 5 2 2 2 1 0 0 0 0 0 0 0 1 1 1 2 1 1 1 1 1 0 0 0 1 1 0 0 0 0 0 0 0 0 0 0 0 1 1 1 1 1 1 3 3 3 3 2 2 
acm fire 7 0 3 6 8 9 10 11 13 15 17 19 20 21 21 21 21 22 22 22 22 22 22 22 22 22 22 22 22 22 22 22 22 23 25 27 29 32 35 38 40 42 42 42 42 42 42 42 42 43 43 43 43 
acm human 7 0 18 36 49 57 64 71 78 85 90 95 98 103 106 109 110 110 110 110 110 110 110 110 110 110 110 110 110 110 110 110 110 110 110 110 110 110 110 110 110 110 110 110 110 110 110 110 110 110 110 110 110 
acm window 7 0 8 16 21 23 25 27 28 28 28 28 28 28 28 28 29 30 31 33 34 35 36 37 38 38 38 38 39 40 40 40 40 40 40 40 40 40 40 40 40 41 42 43 44 45 46 49 52 55 58 60 62 
tsim fire 7 0 3 3 3 3 3 3 4 5 5 5 5 5 5 5 5 6 6 6 6 6 6 6 6 6 6 6 6 6 6 6 6 7 8 8 8 9 10 10 10 10 10 10 10 10 10 10 10 11 11 11 11 
tsim human 7 0 18 18 18 17 16 15 15 15 14 14 13 11 10 10 9 8 8 8 8 8 8 8 8 8 8 8 8 8 8 8 8 8 8 8 8 8 8 8 8 8 8 8 8 8 8 8 8 8 8 8 8 
tsim window 7 0 8 8 8 8 8 8 8 8 8 8 8 8 8 8 9 9 9 10 10 10 10 10 10 10 10 10 11 11 11 11 11 13 13 13 13 13 13 13 13 14 14 14 15 15 15 17 17 17 17 17 17 
runtime -1 7 0 2.232897996902466 0.84543776512146 0.7949323654174805 0.7216944694519043 0.759629487991333 0.6169350147247314 0.4321749210357666 0.5492677688598633 0.6407785415649414 0.8266193866729736 0.2438983917236328 
avg_run -1 7 0 0.7876605554060503
al_time -1 7 0 0.016752243041992188 0.01315760612487793 0.014021158218383789 0.01355600357055664 0.014225482940673828 0.018076658248901367 0.020007848739624023 0.014485359191894531 0.6077067852020264 0.022576093673706055 0.01271510124206543 
avg_all -1 7 0 0.06975275819951837
random:1T:3000
sum 0 7 1 60 61 
sum 1 7 1 180 96 
sum 2 7 1 240 106 
sum 3 7 1 360 125 
sum 4 7 1 540 152 
sum 5 7 1 600 159 
sum 6 7 1 1200 206 
sum 7 7 1 1500 223 
sum 8 7 1 1800 231 
sum 9 7 1 2100 237 
sum 10 7 1 2400 242 
sum 11 7 1 2700 251 
sum 12 7 1 3000 268 
miss fire 7 1 2 2 1 1 1 2 0 0 0 2 2 2 2 2 1 1 2 2 1 1 1 0 0 0 0 0 0 0 0 0 0 0 0 1 1 2 1 1 1 2 0 1 1 1 1 1 1 3 3 2 2 
miss human 7 1 23 22 14 10 6 8 7 7 9 9 5 5 4 4 5 3 1 1 1 1 1 0 0 1 0 0 0 0 0 0 0 0 0 0 0 0 0 0 0 0 0 0 0 0 0 0 0 0 0 0 0 
miss window 7 1 6 6 5 4 3 2 0 0 0 0 0 0 0 0 0 0 0 0 2 2 2 2 3 3 4 4 1 2 2 2 1 1 1 0 0 0 0 0 0 0 0 0 1 1 1 1 0 0 2 2 2 
acm fire 7 1 2 4 5 6 7 9 9 9 9 11 13 15 17 19 20 21 23 25 26 27 28 28 28 28 28 28 28 28 28 28 28 28 28 29 30 32 33 34 35 37 37 38 39 40 41 42 43 46 49 51 53 
acm human 7 1 23 45 59 69 75 83 90 97 106 115 120 125 129 133 138 141 142 143 144 145 146 146 146 147 147 147 147 147 147 147 147 147 147 147 147 147 147 147 147 147 147 147 147 147 147 147 147 147 147 147 147 
acm window 7 1 6 12 17 21 24 26 26 26 26 26 26 26 26 26 26 26 26 26 28 30 32 34 37 40 44 48 49 51 53 55 56 57 58 58 58 58 58 58 58 58 58 58 59 60 61 62 62 62 64 66 68 
tsim fire 7 1 2 2 2 2 2 3 3 3 3 5 5 5 6 6 7 7 8 8 8 8 8 8 8 8 8 8 8 8 8 8 8 8 8 7 7 8 8 8 8 9 9 10 11 11 11 11 11 13 13 13 13 
tsim human 7 1 23 22 22 21 21 18 18 17 15 15 14 14 14 14 16 14 13 13 13 13 13 13 13 13 13 13 13 13 13 13 13 13 13 13 13 13 13 13 13 13 13 13 13 13 13 13 13 13 13 13 13 
tsim window 7 1 6 6 6 6 6 6 6 6 6 6 6 6 6 6 9 9 12 12 14 14 14 14 15 15 16 16 16 17 17 17 17 17 17 17 17 17 17 17 17 17 17 17 18 18 18 18 18 18 20 20 20 
runtime -1 7 1 2.190695285797119 1.1954345703125 1.2132058143615723 1.2574634552001953 1.1220977306365967 1.0481371879577637 1.312927007675171 1.312751293182373 1.3065989017486572 1.4070656299591064 1.1706900596618652 1.0010366439819336 
avg_run -1 7 1 1.294841965039571
al_time -1 7 1 0.024426698684692383 0.020360231399536133 0.019927501678466797 0.020953893661499023 0.8786563873291016 1.0397071838378906 0.024611949920654297 0.028452157974243164 0.024528026580810547 0.028524398803710938 0.026691436767578125 0.030721664428710938 
avg_all -1 7 1 0.18063012758890787
random:2T:3000
sum 0 7 2 60 42 
sum 1 7 2 180 60 
sum 2 7 2 240 64 
sum 3 7 2 360 74 
sum 4 7 2 540 90 
sum 5 7 2 600 93 
sum 6 7 2 1200 106 
sum 7 7 2 1500 107 
sum 8 7 2 1800 108 
sum 9 7 2 2100 110 
sum 10 7 2 2400 117 
sum 11 7 2 2700 127 
sum 12 7 2 3000 137 
miss fire 7 2 3 3 1 1 1 1 1 1 0 1 0 0 0 0 0 0 0 0 0 0 0 0 0 0 0 0 0 0 0 0 1 1 1 0 0 0 0 0 1 1 2 1 3 2 3 1 1 1 1 1 1 
miss human 7 2 13 11 7 4 3 4 4 4 3 5 3 2 2 2 0 0 0 0 0 0 0 0 0 0 0 0 0 0 0 0 0 0 0 0 0 0 0 0 0 0 0 0 0 0 0 0 0 0 0 0 0 
miss window 7 2 6 6 3 2 0 0 0 0 1 1 0 0 0 0 0 0 0 2 2 2 1 1 0 0 0 0 0 0 0 0 0 0 0 0 0 0 0 0 1 1 1 0 0 0 0 0 1 1 1 1 1 
acm fire 7 2 3 6 7 8 9 10 11 12 12 13 13 13 13 13 13 13 13 13 13 13 13 13 13 13 13 13 13 13 13 13 14 15 16 16 16 16 16 16 17 18 20 21 24 26 29 30 31 32 33 34 35 
acm human 7 2 13 24 31 35 38 42 46 50 53 58 61 63 65 67 67 67 67 67 67 67 67 67 67 67 67 67 67 67 67 67 67 67 67 67 67 67 67 67 67 67 67 67 67 67 67 67 67 67 67 67 67 
acm window 7 2 6 12 15 17 17 17 17 17 18 19 19 19 19 19 19 19 19 21 23 25 26 27 27 27 27 27 27 27 27 27 27 27 27 27 27 27 27 27 28 29 30 30 30 30 30 30 31 32 33 34 35 
tsim fire 7 2 3 3 3 4 4 4 5 5 5 6 6 6 6 6 6 6 6 6 6 6 6 6 6 6 6 6 6 6 6 6 7 7 7 6 6 6 6 6 7 7 8 8 10 10 11 12 12 12 12 12 12 
tsim human 7 2 13 11 11 10 10 9 9 9 9 11 9 8 7 7 6 6 6 6 6 6 6 6 6 6 6 6 6 6 6 6 6 6 6 6 6 6 6 6 6 6 6 6 6 6 6 6 6 6 6 6 6 
tsim window 7 2 6 6 6 6 6 6 6 6 7 9 9 9 9 9 9 9 9 11 11 11 11 11 11 11 11 11 11 11 11 11 11 11 11 11 11 11 11 11 12 12 12 12 12 12 12 19 20 20 20 20 20 
runtime -1 7 2 0.7671751976013184 0.7592382431030273 0.6451265811920166 0.7083148956298828 0.7098875045776367 0.6122169494628906 0.6206831932067871 0.6320757865905762 0.40068960189819336 0.32149529457092285 0.2561502456665039 
avg_run -1 7 2 0.5848230448636141
al_time -1 7 2 0.014322042465209961 0.013223648071289062 0.5098395347595215 0.016631603240966797 0.021689414978027344 0.0205080509185791 0.0550384521484375 0.017138004302978516 0.015181779861450195 0.016505002975463867 0.014312744140625 
avg_all -1 7 2 0.06494457071477716
random:3T:3000
sum 0 7 3 60 102 
sum 1 7 3 180 174 
sum 2 7 3 240 196 
sum 3 7 3 360 227 
sum 4 7 3 540 248 
sum 5 7 3 600 257 
sum 6 7 3 1200 292 
sum 7 7 3 1500 298 
sum 8 7 3 1800 300 
sum 9 7 3 2100 306 
sum 10 7 3 2400 323 
sum 11 7 3 2700 336 
sum 12 7 3 3000 348 
miss fire 7 3 3 4 4 0 0 0 0 0 0 0 2 2 1 1 0 0 0 0 0 0 0 0 0 1 1 0 0 1 1 0 0 0 0 1 1 2 2 2 2 2 4 2 2 2 0 0 0 0 0 0 0 
miss human 7 3 25 31 23 18 15 14 7 6 4 6 7 8 5 5 2 2 1 1 1 0 0 0 0 0 0 0 0 0 0 0 0 0 0 0 0 0 0 0 0 0 0 0 0 0 0 0 0 0 0 0 0 
miss window 7 3 17 22 17 10 7 6 4 3 1 1 0 1 1 1 0 0 0 0 0 1 2 2 2 0 0 0 0 0 0 0 0 0 0 0 1 1 1 1 1 1 1 0 1 2 2 2 2 3 3 2 2 
acm fire 7 3 3 7 11 11 11 11 11 11 11 11 13 15 16 17 17 17 17 17 17 17 17 17 17 18 19 19 19 20 21 21 21 21 21 22 23 25 27 29 31 33 37 39 41 43 43 43 43 43 43 43 43 
acm human 7 3 25 56 79 97 112 126 133 139 143 149 156 164 169 174 176 178 179 180 181 181 181 181 181 181 181 181 181 181 181 181 181 181 181 181 181 181 181 181 181 181 181 181 181 181 181 181 181 181 181 181 181 
acm window 7 3 17 39 56 66 73 79 83 86 87 88 88 89 90 91 91 91 91 91 91 92 94 96 98 98 98 98 98 98 98 98 98 98 98 98 99 100 101 102 103 104 105 105 106 108 110 112 114 117 120 122 124 
tsim fire 7 3 3 4 4 4 4 4 4 4 4 4 6 6 6 6 6 6 6 6 6 6 6 6 6 7 7 7 7 8 8 8 8 8 8 9 9 10 10 10 10 10 12 12 12 12 12 12 12 12 12 12 12 
tsim human 7 3 25 31 30 30 28 25 23 23 22 20 18 17 17 17 17 17 17 17 17 17 17 17 17 17 17 17 17 17 17 17 17 17 17 17 17 17 17 17 17 17 17 17 17 17 17 17 17 17 17 17 17 
tsim window 7 3 17 22 22 22 22 22 22 22 22 22 22 23 23 23 23 23 23 23 23 24 25 25 25 27 27 27 27 27 27 27 27 27 27 27 28 28 28 28 28 28 29 29 30 31 31 31 31 32 32 32 32 
runtime -1 7 3 4.188541650772095 3.4187259674072266 2.0799946784973145 2.119389772415161 2.2334351539611816 2.032208204269409 1.7447123527526855 1.9790148735046387 1.3270232677459717 1.988558292388916 1.2387454509735107 1.4604411125183105 
avg_run -1 7 3 2.1508992314338684
al_time -1 7 3 0.026875972747802734 0.022831201553344727 0.024563074111938477 0.02413010597229004 0.025412559509277344 0.024103164672851562 1.1067752838134766 0.029051780700683594 0.02808690071105957 0.02717304229736328 0.05786299705505371 0.025552749633789062 
avg_all -1 7 3 0.11853490273157756
random:4T:3000
sum 0 7 4 60 59 
sum 1 7 4 180 93 
sum 2 7 4 240 105 
sum 3 7 4 360 117 
sum 4 7 4 540 125 
sum 5 7 4 600 133 
sum 6 7 4 1200 156 
sum 7 7 4 1500 161 
sum 8 7 4 1800 169 
sum 9 7 4 2100 176 
sum 10 7 4 2400 184 
sum 11 7 4 2700 190 
sum 12 7 4 3000 204 
miss fire 7 4 2 2 1 1 1 0 1 0 0 0 3 3 1 1 0 0 0 1 0 0 0 0 0 0 0 0 0 0 1 1 1 1 1 0 0 0 0 0 1 2 2 1 1 0 2 2 2 2 2 3 3 
miss human 7 4 16 15 11 7 6 3 3 2 3 3 5 5 3 1 0 0 0 0 0 0 0 0 0 0 0 0 0 0 0 0 0 0 0 0 0 0 0 0 0 0 0 0 0 0 0 0 0 0 0 0 0 
miss window 7 4 12 12 8 6 5 3 2 0 0 0 0 0 0 0 0 0 1 1 2 2 2 1 1 1 1 1 1 1 1 1 1 1 1 1 1 1 1 1 1 0 0 0 0 0 0 0 0 0 0 1 1 
acm fire 7 4 2 4 5 6 7 7 8 8 8 8 11 14 15 16 16 16 16 17 17 17 17 17 17 17 17 17 17 17 18 19 20 21 22 22 22 22 22 22 23 25 27 28 29 29 31 33 35 37 39 42 45 
acm human 7 4 16 31 42 49 55 58 61 63 66 69 74 79 82 83 83 83 83 83 83 83 83 83 83 83 83 83 83 83 83 83 83 83 83 83 83 83 83 83 83 83 83 83 83 83 83 83 83 83 83 83 83 
acm window 7 4 12 24 32 38 43 46 48 48 48 48 48 48 48 48 48 48 49 50 52 54 56 57 58 59 60 61 62 63 64 65 66 67 68 69 70 71 72 73 74 74 74 74 74 74 74 74 74 74 74 75 76 
tsim fire 7 4 2 2 2 2 2 2 3 3 3 3 6 6 6 6 6 6 6 7 7 7 7 7 7 7 7 7 7 7 7 7 7 7 7 6 6 6 6 6 7 8 8 8 8 8 10 10 10 10 11 12 12 
tsim human 7 4 16 15 15 15 15 14 14 14 13 13 15 15 13 11 11 11 11 11 11 11 11 11 11 11 11 11 11 11 11 11 11 11 11 11 11 11 11 11 11 11 11 11 11 11 11 11 11 11 11 11 11 
tsim window 7 4 12 12 12 12 12 12 12 12 12 12 15 15 15 15 15 15 16 16 18 18 19 19 19 19 19 20 20 20 20 20 20 20 20 20 20 20 20 20 20 20 20 20 20 20 25 25 25 25 25 26 26 
runtime -1 7 4 1.404737949371338 0.6433939933776855 0.5570716857910156 0.6388094425201416 0.7263121604919434 0.7686607837677002 0.5157477855682373 0.6339142322540283 0.5754058361053467 0.35413479804992676 0.13243794441223145 
avg_run -1 7 4 0.6318751465190541
al_time -1 7 4 0.017753124237060547 0.016309738159179688 0.592806339263916 0.01612687110900879 0.017236709594726562 0.021696090698242188 0.02168107032775879 0.01801013946533203 0.017865896224975586 0.01941227912902832 0.012619256973266602 
avg_all -1 7 4 0.07013795592568138
random:5T:3000
sum 0 7 5 60 92 
sum 1 7 5 180 148 
sum 2 7 5 240 166 
sum 3 7 5 360 187 
sum 4 7 5 540 211 
sum 5 7 5 600 218 
sum 6 7 5 1200 271 
sum 7 7 5 1500 276 
sum 8 7 5 1800 277 
sum 9 7 5 2100 282 
sum 10 7 5 2400 283 
sum 11 7 5 2700 301 
sum 12 7 5 3000 319 
miss fire 7 5 2 2 2 0 0 0 1 1 1 0 0 2 2 0 1 1 1 1 1 1 1 0 0 0 0 0 0 0 0 0 0 0 0 1 2 2 0 0 0 0 1 2 3 3 3 4 2 2 2 2 3 
miss human 7 5 33 31 25 17 13 9 9 8 7 7 7 8 7 5 5 1 0 3 3 0 0 0 0 0 0 0 0 0 0 0 0 0 0 0 0 0 0 0 0 0 0 0 0 0 0 0 0 0 0 0 0 
miss window 7 5 12 12 7 5 5 2 0 0 0 0 0 1 1 0 1 1 1 1 1 1 2 1 1 1 1 1 1 0 0 0 0 0 0 0 0 0 0 0 0 0 0 0 0 1 1 1 1 1 1 2 2 
acm fire 7 5 2 4 6 6 6 6 7 8 9 9 9 11 13 13 14 15 16 17 18 19 20 20 20 20 20 20 20 20 20 20 20 20 20 21 23 25 25 25 25 25 26 28 31 34 37 41 43 45 47 49 52 
acm human 7 5 33 64 89 106 119 128 137 145 152 159 166 174 181 186 191 192 192 195 198 198 198 198 198 198 198 198 198 198 198 198 198 198 198 198 198 198 198 198 198 198 198 198 198 198 198 198 198 198 198 198 198 
acm window 7 5 12 24 31 36 41 43 43 43 43 43 43 44 45 45 46 47 48 49 50 51 53 54 55 56 57 58 59 59 59 59 59 59 59 59 59 59 59 59 59 59 59 59 59 60 61 62 63 64 65 67 69 
tsim fire 7 5 2 2 3 3 3 3 4 4 4 4 4 6 6 6 7 7 7 7 7 7 7 7 7 7 7 7 7 7 7 7 7 7 7 6 7 7 7 7 7 7 8 9 10 10 10 11 11 11 12 12 13 
tsim human 7 5 33 31 31 30 30 29 31 30 28 28 27 24 23 23 23 22 21 21 21 21 21 21 21 21 21 21 21 21 21 21 21 21 21 21 21 21 21 21 21 21 21 21 21 21 21 21 21 21 21 21 21 
tsim window 7 5 12 12 12 12 12 12 15 15 15 15 15 16 16 16 20 20 20 20 20 21 22 22 22 23 23 23 23 23 23 23 23 23 23 23 23 23 23 23 23 23 23 23 24 25 25 25 25 25 26 27 27 
runtime -1 7 5 2.3152120113372803 1.3083107471466064 1.2329728603363037 1.3547236919403076 1.3606979846954346 1.260293960571289 1.0318336486816406 1.035295009613037 0.8329081535339355 0.5178208351135254 0.24054861068725586 
avg_run -1 7 5 1.1355106830596924
al_time -1 7 5 0.9693827629089355 0.024437904357910156 0.022576093673706055 0.02425837516784668 0.0608978271484375 0.03007030487060547 0.026126861572265625 0.024231910705566406 0.028635025024414062 0.024593830108642578 0.02000260353088379 
avg_all -1 7 5 0.11411031809720126
random:6T:3000
sum 0 7 6 60 79 
sum 1 7 6 180 132 
sum 2 7 6 240 156 
sum 3 7 6 360 183 
sum 4 7 6 540 208 
sum 5 7 6 600 217 
sum 6 7 6 1200 273 
sum 7 7 6 1500 273 
sum 8 7 6 1800 275 
sum 9 7 6 2100 279 
sum 10 7 6 2400 287 
sum 11 7 6 2700 308 
sum 12 7 6 3000 331 
miss fire 7 6 2 2 1 2 2 2 2 3 2 3 3 3 1 1 1 1 1 0 0 0 0 0 0 0 0 0 0 0 0 1 1 1 1 1 1 0 0 0 2 4 2 3 4 4 5 5 4 4 2 2 2 
miss human 7 6 28 27 16 20 17 11 8 6 5 6 6 7 5 3 3 3 3 0 0 0 0 0 0 0 0 0 0 0 0 0 0 0 0 0 0 0 0 0 0 0 0 0 0 0 0 0 0 0 0 0 0 
miss window 7 6 10 10 7 7 5 3 1 0 0 0 0 0 1 1 3 3 5 5 6 0 0 0 0 0 0 0 0 0 0 0 0 0 0 0 0 0 0 0 0 0 0 0 0 0 0 0 0 0 2 2 5 
acm fire 7 6 2 4 5 7 9 11 13 16 18 21 24 27 28 29 30 31 32 32 32 32 32 32 32 32 32 32 32 32 32 33 34 35 36 37 38 38 38 38 40 44 46 49 53 57 62 67 71 75 77 79 81 
acm human 7 6 28 55 71 91 108 119 127 133 138 144 150 157 162 165 168 171 174 174 174 174 174 174 174 174 174 174 174 174 174 174 174 174 174 174 174 174 174 174 174 174 174 174 174 174 174 174 174 174 174 174 174 
acm window 7 6 10 20 27 34 39 42 43 43 43 43 43 43 44 45 48 51 56 61 67 67 67 67 67 67 67 67 67 67 67 67 67 67 67 67 67 67 67 67 67 67 67 67 67 67 67 67 67 67 69 71 76 
tsim fire 7 6 2 2 2 3 3 5 5 7 7 8 8 8 8 8 8 8 8 8 8 8 8 8 8 8 8 8 8 8 8 8 8 8 8 6 6 6 6 6 8 10 10 11 12 13 14 14 14 14 14 14 14 
tsim human 7 6 28 27 25 30 26 26 23 23 22 21 21 20 20 18 18 18 18 18 18 18 18 18 18 18 18 18 18 18 18 18 18 18 18 18 18 18 18 18 18 18 18 18 18 18 18 18 18 18 18 18 18 
tsim window 7 6 10 10 10 13 13 17 17 17 17 17 17 17 18 18 20 20 22 22 23 23 23 23 23 23 23 23 23 23 23 23 23 23 23 23 23 23 23 23 23 23 23 24 27 27 27 27 27 27 29 29 32 
runtime -1 7 6 2.24255633354187 1.2031350135803223 1.1719012260437012 1.1987972259521484 1.4611210823059082 1.1207857131958008 1.159158706665039 0.9685506820678711 1.0914173126220703 0.723048210144043 0.43907809257507324 0.6724197864532471 
avg_run -1 7 6 1.1209974487622578
al_time -1 7 6 1.725071668624878 0.023802757263183594 0.02347564697265625 0.023613929748535156 0.024994611740112305 0.030603647232055664 0.02932000160217285 0.026238441467285156 0.025905132293701172 0.025932788848876953 2.2597079277038574 0.023146867752075195 
avg_all -1 7 6 0.35348445177078247
random:7T:3000
sum 0 7 7 60 70 
sum 1 7 7 180 107 
sum 2 7 7 240 117 
sum 3 7 7 360 132 
sum 4 7 7 540 143 
sum 5 7 7 600 144 
sum 6 7 7 1200 150 
sum 7 7 7 1500 151 
sum 8 7 7 1800 154 
sum 9 7 7 2100 161 
sum 10 7 7 2400 165 
sum 11 7 7 2700 180 
sum 12 7 7 3000 193 
miss fire 7 7 3 3 0 0 0 0 1 1 1 1 0 1 0 0 0 0 0 1 1 0 0 0 0 0 0 0 0 0 0 0 0 1 2 2 1 1 1 1 1 1 0 0 0 0 1 2 2 2 0 0 0 
miss human 7 7 23 23 16 13 9 7 6 4 4 0 0 0 0 0 0 0 0 0 0 0 0 0 0 0 0 0 0 0 0 0 0 0 0 0 0 0 0 0 0 0 0 0 0 0 0 0 0 0 0 0 0 
miss window 7 7 9 9 6 2 1 1 0 0 0 0 1 1 0 0 0 0 0 1 1 0 0 0 0 0 0 1 1 1 1 0 0 0 0 0 0 0 0 0 0 0 0 1 2 3 3 3 3 3 1 1 1 
acm fire 7 7 3 6 6 6 6 6 7 8 9 10 10 11 11 11 11 11 11 12 13 13 13 13 13 13 13 13 13 13 13 13 13 14 16 18 19 20 21 22 23 24 24 24 24 24 25 27 29 31 31 31 31 
acm human 7 7 23 46 62 75 84 91 97 101 105 105 105 105 105 105 105 105 105 105 105 105 105 105 105 105 105 105 105 105 105 105 105 105 105 105 105 105 105 105 105 105 105 105 105 105 105 105 105 105 105 105 105 
acm window 7 7 9 18 24 26 27 28 28 28 28 28 29 30 30 30 30 30 30 31 32 32 32 32 32 32 32 33 34 35 36 36 36 36 36 36 36 36 36 36 36 36 36 37 39 42 45 48 51 54 55 56 57 
tsim fire 7 7 3 3 3 3 3 3 4 4 4 4 4 5 5 5 5 5 5 6 6 6 6 6 6 6 6 6 6 6 6 6 6 7 8 8 9 9 9 9 9 9 9 9 9 9 10 11 12 12 12 12 12 
tsim human 7 7 23 23 20 19 19 18 18 17 17 13 12 12 12 12 12 12 12 12 12 12 12 12 12 12 12 12 12 12 12 12 12 12 12 12 12 12 12 12 12 12 12 12 12 12 12 12 12 12 12 12 12 
tsim window 7 7 9 9 9 9 9 9 9 9 9 9 10 14 14 14 14 14 14 21 21 21 21 21 21 21 21 22 22 22 22 22 22 22 22 22 22 22 22 22 22 22 22 23 24 25 25 25 27 27 27 27 27 
runtime -1 7 7 1.3738203048706055 0.7005863189697266 0.7317571640014648 0.6170525550842285 0.8443758487701416 0.8610084056854248 0.7091314792633057 0.6298916339874268 0.2918698787689209 0.2526402473449707 
avg_run -1 7 7 0.7012133836746216
al_time -1 7 7 0.01998162269592285 0.04521799087524414 0.017244338989257812 0.6899828910827637 0.02315974235534668 0.023061275482177734 0.02301335334777832 0.02341485023498535 0.7972691059112549 0.017002105712890625 
avg_all -1 7 7 0.16793472766876222
random:8T:3000
sum 0 7 8 60 52 
sum 1 7 8 180 85 
sum 2 7 8 240 97 
sum 3 7 8 360 110 
sum 4 7 8 540 122 
sum 5 7 8 600 125 
sum 6 7 8 1200 141 
sum 7 7 8 1500 143 
sum 8 7 8 1800 146 
sum 9 7 8 2100 147 
sum 10 7 8 2400 150 
sum 11 7 8 2700 159 
sum 12 7 8 3000 168 
miss fire 7 8 2 2 0 0 0 1 2 2 2 2 2 0 0 1 1 0 0 0 1 1 0 0 0 0 0 0 0 0 0 0 0 0 0 0 0 0 0 0 1 1 1 3 2 2 1 1 2 1 1 0 0 
miss human 7 8 15 15 14 12 10 5 4 2 2 2 1 2 2 1 1 0 0 0 0 0 0 0 0 0 0 0 0 0 0 0 0 0 0 0 0 0 0 0 0 0 0 0 0 0 0 0 0 0 0 0 0 
miss window 7 8 9 9 4 3 2 1 0 0 0 0 0 0 1 1 2 1 1 0 0 0 0 0 1 1 0 0 0 0 1 1 1 1 0 0 0 0 0 0 0 0 0 0 0 0 0 0 0 1 1 1 2 
acm fire 7 8 2 4 4 4 4 5 7 9 11 13 15 15 15 16 17 17 17 17 18 19 19 19 19 19 19 19 19 19 19 19 19 19 19 19 19 19 19 19 20 21 22 25 27 29 30 31 33 34 35 35 35 
acm human 7 8 15 30 44 56 66 71 75 77 79 81 82 84 86 87 88 88 88 88 88 88 88 88 88 88 88 88 88 88 88 88 88 88 88 88 88 88 88 88 88 88 88 88 88 88 88 88 88 88 88 88 88 
acm window 7 8 9 18 22 25 27 28 28 28 28 28 28 28 29 30 32 33 34 34 34 34 34 34 35 36 36 36 36 36 37 38 39 40 40 40 40 40 40 40 40 40 40 40 40 40 40 40 40 41 42 43 45 
tsim fire 7 8 2 2 2 2 2 3 4 4 4 4 4 4 4 5 5 5 5 5 6 6 6 6 6 6 6 6 6 6 6 6 6 6 6 6 6 6 6 6 7 7 7 9 9 9 9 9 10 10 10 10 10 
tsim human 7 8 15 15 15 15 14 14 12 10 10 9 8 6 6 6 6 6 6 6 6 6 6 6 6 6 6 6 6 6 6 6 6 6 6 6 6 6 6 6 6 6 6 6 6 6 6 6 6 6 6 6 6 
tsim window 7 8 9 9 9 9 9 9 9 9 9 9 9 9 10 15 16 16 16 16 16 16 16 16 17 17 17 17 17 17 18 18 18 18 18 18 18 18 18 18 18 18 18 18 18 18 18 18 18 19 19 19 20 
runtime -1 7 8 1.9387199878692627 0.9666945934295654 1.0091869831085205 0.9293732643127441 0.87412428855896 0.8141732215881348 0.7365117073059082 0.7723839282989502 0.8748269081115723 0.5317919254302979 0.41744470596313477 0.2175736427307129 
avg_run -1 7 8 0.8402337630589803
al_time -1 7 8 0.02004098892211914 0.016535520553588867 0.01615762710571289 0.01741623878479004 0.016737937927246094 0.7234413623809814 0.023322582244873047 0.023807287216186523 0.019110679626464844 0.019211769104003906 0.020493268966674805 0.01965498924255371 
avg_all -1 7 8 0.07799418767293294
random:9T:3000
sum 0 7 9 60 74 
sum 1 7 9 180 116 
sum 2 7 9 240 133 
sum 3 7 9 360 155 
sum 4 7 9 540 175 
sum 5 7 9 600 180 
sum 6 7 9 1200 209 
sum 7 7 9 1500 216 
sum 8 7 9 1800 220 
sum 9 7 9 2100 224 
sum 10 7 9 2400 229 
sum 11 7 9 2700 238 
sum 12 7 9 3000 260 
miss fire 7 9 2 2 0 0 0 0 1 0 1 1 1 1 1 1 2 2 0 1 1 1 0 0 0 0 0 0 0 0 0 0 0 0 2 2 0 0 1 1 1 1 1 1 1 1 2 2 3 3 3 3 4 
miss human 7 9 25 25 19 14 14 12 7 7 6 5 4 2 1 1 1 1 1 1 1 1 0 0 0 0 0 0 0 0 0 0 0 0 0 0 0 0 0 0 0 0 0 0 0 0 0 0 0 0 0 0 0 
miss window 7 9 10 10 5 4 3 2 0 0 0 0 0 0 0 0 0 0 1 2 2 2 2 3 2 2 0 0 0 1 1 1 1 0 0 0 0 0 0 0 0 0 0 0 1 1 0 0 1 1 1 1 2 
acm fire 7 9 2 4 4 4 4 4 5 5 6 7 8 9 10 11 13 15 15 16 17 18 18 18 18 18 18 18 18 18 18 18 18 18 20 22 22 22 23 24 25 26 27 28 29 30 32 34 37 40 43 46 50 
acm human 7 9 25 50 69 83 97 109 116 123 129 134 138 140 141 142 143 144 145 146 147 148 148 148 148 148 148 148 148 148 148 148 148 148 148 148 148 148 148 148 148 148 148 148 148 148 148 148 148 148 148 148 148 
acm window 7 9 10 20 25 29 32 34 34 34 34 34 34 34 34 34 34 34 35 37 39 41 43 46 48 50 50 50 50 51 52 53 54 54 54 54 54 54 54 54 54 54 54 54 55 56 56 56 57 58 59 60 62 
tsim fire 7 9 2 2 2 2 2 2 3 3 4 4 4 4 4 4 5 5 5 6 6 6 6 6 6 6 6 6 6 6 6 6 6 6 8 8 8 8 9 9 9 9 9 10 10 10 12 12 13 13 13 13 14 
tsim human 7 9 25 25 25 25 25 24 21 21 20 19 16 15 14 14 14 14 14 14 14 14 14 14 14 14 14 14 14 14 14 14 14 14 14 14 14 14 14 14 14 14 14 14 14 14 14 14 14 14 14 14 14 
tsim window 7 9 10 10 10 10 10 10 10 10 10 10 10 10 10 10 13 13 14 15 15 15 15 16 16 16 16 16 16 17 17 17 17 17 17 17 17 17 17 17 17 17 17 17 18 18 18 18 19 19 19 19 20 
runtime -1 7 9 1.6989719867706299 0.500596284866333 0.4685225486755371 0.37277913093566895 0.5671889781951904 0.6356568336486816 0.5955562591552734 0.562183141708374 0.5560853481292725 0.40467309951782227 0.25986194610595703 
avg_run -1 7 9 0.6020068688826128
al_time -1 7 9 0.017824411392211914 0.015040874481201172 0.01469278335571289 0.6186091899871826 0.017934799194335938 0.017159223556518555 0.021302223205566406 0.017258644104003906 0.04947304725646973 0.01857280731201172 0.015158891677856445 
avg_all -1 7 9 0.07482062686573375
