random:0T:3000
sum 0 7 0 60 49 
sum 1 7 0 180 88 
sum 2 7 0 240 102 
sum 3 7 0 360 127 
sum 4 7 0 540 145 
sum 5 7 0 600 147 
sum 6 7 0 1200 171 
sum 7 7 0 1500 182 
sum 8 7 0 1800 184 
sum 9 7 0 2100 188 
sum 10 7 0 2400 197 
sum 11 7 0 2700 206 
sum 12 7 0 3000 213 
miss fire 7 0 2 2 2 2 2 2 2 2 1 1 0 0 0 0 0 0 0 0 0 0 0 0 0 0 0 0 1 0 0 0 0 0 0 0 1 1 2 1 1 1 1 1 1 1 1 1 1 0 0 0 0 
miss human 7 0 16 15 12 11 7 6 5 4 4 4 2 1 2 2 2 2 2 2 2 2 2 2 1 1 1 1 1 0 0 0 0 0 0 0 0 0 0 0 0 0 0 0 0 0 0 0 0 0 0 0 0 
miss window 7 0 7 7 6 6 5 5 5 2 0 0 0 0 0 0 0 0 1 1 1 1 1 1 1 1 1 1 0 0 0 0 0 0 0 0 1 1 1 1 1 0 0 0 0 0 2 2 2 1 1 1 1 
acm fire 7 0 2 4 6 8 10 12 14 16 17 18 18 18 18 18 18 18 18 18 18 18 18 18 18 18 18 18 19 19 19 19 19 19 19 19 20 21 23 24 25 26 27 28 29 30 31 32 33 33 33 33 33 
acm human 7 0 16 31 43 54 61 67 72 76 80 84 86 87 89 91 93 95 97 99 101 103 105 107 108 109 110 111 112 112 112 112 112 112 112 112 112 112 112 112 112 112 112 112 112 112 112 112 112 112 112 112 112 
acm window 7 0 7 14 20 26 31 36 41 43 43 43 43 43 43 43 43 43 44 45 46 47 48 49 50 51 52 53 53 53 53 53 53 53 53 53 54 55 56 57 58 58 58 58 58 58 60 62 64 65 66 67 68 
tsim fire 7 0 2 2 2 2 2 2 2 2 3 3 3 3 3 3 3 3 3 3 3 3 3 3 3 3 3 3 4 4 4 4 4 4 4 4 5 5 6 6 6 6 6 6 6 6 6 6 6 6 6 6 6 
tsim human 7 0 16 15 15 15 15 14 12 12 11 9 9 8 7 7 7 7 7 7 7 7 7 7 7 7 7 7 7 7 7 7 7 7 7 7 7 7 7 7 7 7 7 7 7 7 7 7 7 7 7 7 7 
tsim window 7 0 7 7 7 7 7 7 7 7 7 7 7 7 7 7 7 7 8 8 8 8 8 8 8 8 8 8 10 10 10 10 10 10 10 10 11 11 11 11 11 11 11 11 11 11 13 13 13 13 13 13 13 
runtime -1 7 0 6.985316038131714 5.483759880065918 2.6860344409942627 2.5819013118743896 2.5516278743743896 3.20596981048584 3.9003283977508545 3.1113908290863037 0.9661390781402588 
avg_run -1 7 0 3.496940851211548
al_time -1 7 0 0.02550816535949707 0.028078079223632812 0.02092289924621582 0.022118330001831055 1.1894168853759766 0.02609562873840332 0.03175783157348633 0.03423786163330078 0.021679162979125977 
avg_all -1 7 0 0.15553498268127441
random:1T:3000
sum 0 7 1 60 22 
sum 1 7 1 180 36 
sum 2 7 1 240 40 
sum 3 7 1 360 54 
sum 4 7 1 540 71 
sum 5 7 1 600 74 
sum 6 7 1 1200 104 
sum 7 7 1 1500 104 
sum 8 7 1 1800 106 
sum 9 7 1 2100 109 
sum 10 7 1 2400 127 
sum 11 7 1 2700 149 
sum 12 7 1 3000 173 
miss fire 7 1 1 1 0 0 0 3 4 4 4 2 1 1 0 0 0 0 0 0 0 0 0 0 0 0 0 0 0 0 0 1 1 0 0 1 1 1 2 2 3 3 3 3 3 3 3 3 3 3 3 3 3 
miss human 7 1 7 7 5 5 3 2 3 3 2 2 2 2 1 0 0 0 1 0 0 0 0 0 0 0 0 0 0 0 0 0 0 0 0 0 0 0 0 0 0 0 0 0 0 0 0 0 0 0 0 0 0 
miss window 7 1 3 3 2 2 1 0 2 0 0 0 0 0 0 0 3 4 4 4 4 4 2 0 0 0 0 0 0 0 0 0 0 0 0 0 0 0 1 1 1 1 1 1 1 1 2 2 3 3 1 1 1 
acm fire 7 1 1 2 2 2 2 5 9 13 17 19 20 21 21 21 21 21 21 21 21 21 21 21 21 21 21 21 21 21 21 22 23 23 23 24 25 26 28 30 33 36 39 42 45 48 51 54 57 60 63 66 69 
acm human 7 1 7 14 19 24 27 29 32 35 37 39 41 43 44 44 44 44 45 45 45 45 45 45 45 45 45 45 45 45 45 45 45 45 45 45 45 45 45 45 45 45 45 45 45 45 45 45 45 45 45 45 45 
acm window 7 1 3 6 8 10 11 11 13 13 13 13 13 13 13 13 16 20 24 28 32 36 38 38 38 38 38 38 38 38 38 38 38 38 38 38 38 38 39 40 41 42 43 44 45 46 48 50 53 56 57 58 59 
tsim fire 7 1 1 1 1 1 1 4 5 5 5 5 5 5 5 5 5 5 5 5 5 5 5 5 5 5 5 5 5 5 5 6 6 6 6 5 5 5 6 6 7 7 7 7 7 9 9 9 9 9 9 9 9 
tsim human 7 1 7 7 6 6 5 5 6 6 5 5 5 5 5 4 4 4 4 4 4 4 4 4 4 4 4 4 4 4 4 4 4 4 4 4 4 4 4 4 4 4 4 4 4 4 4 4 4 4 4 4 4 
tsim window 7 1 3 3 3 3 3 3 6 6 6 6 6 6 6 6 9 10 10 10 10 10 10 10 10 10 10 10 10 10 10 10 10 10 10 10 10 10 11 11 16 16 16 16 16 16 17 17 18 18 18 18 18 
runtime -1 7 1 4.100909471511841 3.0006930828094482 2.7960457801818848 2.657872200012207 2.39495849609375 1.9354169368743896 2.5996687412261963 3.2053213119506836 
avg_run -1 7 1 2.83636075258255
al_time -1 7 1 0.943291187286377 0.024544954299926758 0.025493860244750977 0.028745651245117188 0.027385950088500977 0.02535223960876465 1.263082504272461 0.027818679809570312 
avg_all -1 7 1 0.2957143783569336
random:2T:3000
sum 0 7 2 60 40 
sum 1 7 2 180 68 
sum 2 7 2 240 77 
sum 3 7 2 360 96 
sum 4 7 2 540 117 
sum 5 7 2 600 121 
sum 6 7 2 1200 125 
sum 7 7 2 1500 125 
sum 8 7 2 1800 126 
sum 9 7 2 2100 131 
sum 10 7 2 2400 136 
sum 11 7 2 2700 143 
sum 12 7 2 3000 148 
miss fire 7 2 2 2 2 0 0 0 0 1 1 1 1 0 0 0 0 0 0 0 0 0 0 0 0 0 0 0 0 0 0 0 1 1 1 1 1 1 0 0 1 1 1 0 0 1 1 0 0 0 0 0 0 
miss human 7 2 13 13 10 9 7 8 9 8 6 2 2 2 1 1 0 0 0 0 0 0 0 0 0 0 0 0 0 0 0 0 0 0 0 0 0 0 0 0 0 0 0 0 0 0 0 0 0 0 0 0 0 
miss window 7 2 5 5 5 2 2 2 0 0 1 1 1 0 0 0 0 0 0 0 0 0 0 0 0 0 0 0 0 0 0 0 0 0 0 0 0 0 0 0 0 1 1 1 1 1 1 1 1 1 1 1 1 
acm fire 7 2 2 4 6 6 6 6 6 7 8 9 10 10 10 10 10 10 10 10 10 10 10 10 10 10 10 10 10 10 10 10 11 12 13 14 15 16 16 16 17 18 19 19 19 20 21 21 21 21 21 21 21 
acm human 7 2 13 26 36 45 52 60 69 77 83 85 87 89 90 91 91 91 91 91 91 91 91 91 91 91 91 91 91 91 91 91 91 91 91 91 91 91 91 91 91 91 91 91 91 91 91 91 91 91 91 91 91 
acm window 7 2 5 10 15 17 19 21 21 21 22 23 24 24 24 24 24 24 24 24 24 24 24 24 24 24 24 24 24 24 24 24 24 24 24 24 24 24 24 24 24 25 26 27 28 29 30 31 32 33 34 35 36 
tsim fire 7 2 2 2 2 2 2 2 2 3 3 3 3 3 3 3 3 3 3 3 3 3 3 3 3 3 3 3 3 3 3 3 4 4 4 4 4 4 4 4 5 5 5 5 5 6 6 6 6 6 6 6 6 
tsim human 7 2 13 13 13 13 13 12 11 11 9 7 7 7 6 6 5 5 5 5 5 5 5 5 5 5 5 5 5 5 5 5 5 5 5 5 5 5 5 5 5 5 5 5 5 5 5 5 5 5 5 5 5 
tsim window 7 2 5 5 5 5 5 5 5 5 6 6 6 6 6 6 6 6 6 6 6 6 6 6 6 6 6 6 6 6 6 6 6 6 6 6 6 6 6 6 6 7 7 7 7 9 9 9 9 9 9 10 10 
runtime -1 7 2 5.2098472118377686 3.451324939727783 3.5327014923095703 3.1737396717071533 3.0376274585723877 3.584439516067505 2.6926534175872803 1.4836442470550537 
avg_run -1 7 2 3.2707472443580627
al_time -1 7 2 0.023946762084960938 0.02087259292602539 0.025725364685058594 0.026372194290161133 0.02369213104248047 0.02609539031982422 0.933814525604248 0.022704362869262695 
avg_all -1 7 2 0.13790291547775269
random:3T:3000
sum 0 7 3 60 63 
sum 1 7 3 180 107 
sum 2 7 3 240 122 
sum 3 7 3 360 147 
sum 4 7 3 540 166 
sum 5 7 3 600 174 
sum 6 7 3 1200 215 
sum 7 7 3 1500 215 
sum 8 7 3 1800 215 
sum 9 7 3 2100 217 
sum 10 7 3 2400 221 
sum 11 7 3 2700 229 
sum 12 7 3 3000 231 
miss fire 7 3 2 2 2 0 0 1 1 1 1 1 1 1 1 1 1 0 0 0 0 0 0 0 0 0 0 0 0 0 0 0 0 0 0 0 1 1 1 1 1 0 1 2 2 2 1 1 0 0 0 0 0 
miss human 7 3 18 17 12 11 11 10 7 3 4 6 6 6 7 6 6 2 2 1 1 0 0 0 0 0 0 0 0 0 0 0 0 0 0 0 0 0 0 0 0 0 0 0 0 0 0 0 0 0 0 0 0 
miss window 7 3 12 12 11 8 4 3 3 1 1 1 1 1 1 1 1 1 1 0 0 0 0 0 0 0 0 0 0 0 0 0 0 0 0 0 0 0 0 0 0 0 0 0 0 0 0 0 0 0 0 1 1 
acm fire 7 3 2 4 6 6 6 7 8 9 10 11 12 13 14 15 16 16 16 16 16 16 16 16 16 16 16 16 16 16 16 16 16 16 16 16 17 18 19 20 21 21 22 24 26 28 29 30 30 30 30 30 30 
acm human 7 3 18 35 47 58 69 79 86 89 93 99 105 111 118 124 130 132 134 135 136 136 136 136 136 136 136 136 136 136 136 136 136 136 136 136 136 136 136 136 136 136 136 136 136 136 136 136 136 136 136 136 136 
acm window 7 3 12 24 35 43 47 50 53 54 55 56 57 58 59 60 61 62 63 63 63 63 63 63 63 63 63 63 63 63 63 63 63 63 63 63 63 63 63 63 63 63 63 63 63 63 63 63 63 63 63 64 65 
tsim fire 7 3 2 2 2 2 2 3 3 3 3 3 3 3 3 3 3 3 3 3 3 3 3 3 3 3 3 3 3 3 3 3 3 3 3 3 4 4 4 4 4 4 5 6 6 6 6 6 6 6 6 6 6 
tsim human 7 3 18 17 17 17 15 15 14 13 12 10 10 10 9 8 8 8 8 8 8 8 8 8 8 8 8 8 8 8 8 8 8 8 8 8 8 8 8 8 8 8 8 8 8 8 8 8 8 8 8 8 8 
tsim window 7 3 12 12 12 12 12 12 13 13 13 13 13 13 13 14 14 14 14 14 14 14 14 14 14 14 14 14 14 14 14 14 14 14 14 14 14 14 14 14 14 14 14 15 15 15 15 15 15 15 15 16 16 
runtime -1 7 3 7.166768312454224 4.931217432022095 3.0773894786834717 2.9921324253082275 3.2364556789398193 2.663161277770996 2.9926888942718506 3.0570549964904785 1.7363111972808838 1.853503704071045 
avg_run -1 7 3 3.370668339729309
al_time -1 7 3 0.026823043823242188 0.026439189910888672 0.024231433868408203 0.023471593856811523 0.02403426170349121 0.02709341049194336 0.0290677547454834 0.02697014808654785 1.2146995067596436 0.024678707122802734 
avg_all -1 7 3 0.14475090503692628
random:4T:3000
sum 0 7 4 60 35 
sum 1 7 4 180 55 
sum 2 7 4 240 63 
sum 3 7 4 360 68 
sum 4 7 4 540 72 
sum 5 7 4 600 74 
sum 6 7 4 1200 79 
sum 7 7 4 1500 83 
sum 8 7 4 1800 87 
sum 9 7 4 2100 93 
sum 10 7 4 2400 99 
sum 11 7 4 2700 100 
sum 12 7 4 3000 105 
miss fire 7 4 1 1 0 0 0 0 0 0 0 0 1 1 0 0 0 0 0 0 0 1 1 1 1 1 0 0 0 0 0 0 0 0 0 0 0 1 1 1 1 0 0 0 0 0 0 0 0 0 0 0 0 
miss human 7 4 12 11 8 7 6 2 2 1 1 2 1 1 0 0 0 0 0 0 0 0 0 0 0 0 0 0 0 0 0 0 0 0 0 0 0 0 0 0 0 0 0 0 0 0 0 0 0 0 0 0 0 
miss window 7 4 5 5 3 2 2 1 0 0 0 0 0 0 0 0 0 0 0 0 0 0 1 1 0 0 0 0 0 1 1 1 1 1 1 1 1 1 1 1 1 0 0 0 0 0 0 1 1 1 1 1 1 
acm fire 7 4 1 2 2 2 2 2 2 2 2 2 3 4 4 4 4 4 4 4 4 5 6 7 8 9 9 9 9 9 9 9 9 9 9 9 9 10 11 12 13 13 13 13 13 13 13 13 13 13 13 13 13 
acm human 7 4 12 23 31 38 44 46 48 49 50 52 53 54 54 54 54 54 54 54 54 54 54 54 54 54 54 54 54 54 54 54 54 54 54 54 54 54 54 54 54 54 54 54 54 54 54 54 54 54 54 54 54 
acm window 7 4 5 10 13 15 17 18 18 18 18 18 18 18 18 18 18 18 18 18 18 18 19 20 20 20 20 20 20 21 22 23 24 25 26 27 28 29 30 31 32 32 32 32 32 32 32 33 34 35 36 37 38 
tsim fire 7 4 1 1 1 1 1 1 1 1 1 1 2 2 2 2 2 2 2 2 2 3 3 3 3 3 3 3 3 3 3 3 3 3 3 3 3 4 4 4 4 4 4 4 4 4 4 4 4 4 4 4 4 
tsim human 7 4 12 11 10 10 10 9 9 9 9 8 8 8 7 7 7 7 7 7 7 7 7 7 7 7 7 7 7 7 7 7 7 7 7 7 7 7 7 7 7 7 7 7 7 7 7 7 7 7 7 7 7 
tsim window 7 4 5 5 5 5 5 5 5 5 5 5 5 5 5 5 5 5 5 5 5 11 12 12 12 12 12 12 12 13 13 13 13 13 13 13 13 13 13 13 13 13 13 13 13 13 13 14 14 14 14 14 14 
runtime -1 7 4 4.174895763397217 2.0370826721191406 1.9971508979797363 2.175520896911621 2.2710516452789307 2.291832208633423 2.317903757095337 
avg_run -1 7 4 2.4664911202022006
al_time -1 7 4 0.02259373664855957 0.018625736236572266 0.022933483123779297 0.9210104942321777 0.025336027145385742 0.024942636489868164 0.02543497085571289 
avg_all -1 7 4 0.15155386924743652
random:5T:3000
sum 0 7 5 60 36 
sum 1 7 5 180 61 
sum 2 7 5 240 72 
sum 3 7 5 360 87 
sum 4 7 5 540 107 
sum 5 7 5 600 115 
sum 6 7 5 1200 143 
sum 7 7 5 1500 148 
sum 8 7 5 1800 153 
sum 9 7 5 2100 155 
sum 10 7 5 2400 157 
sum 11 7 5 2700 166 
sum 12 7 5 3000 176 
miss fire 7 5 1 1 1 0 1 1 1 1 2 1 2 2 1 1 1 1 1 1 0 0 0 0 1 1 1 1 1 1 1 1 1 1 1 0 0 0 0 0 0 1 1 1 2 2 2 2 2 1 1 2 2 
miss human 7 5 11 11 9 8 7 6 5 4 6 6 6 4 4 1 1 1 1 1 0 0 1 1 0 0 0 0 0 0 0 0 0 0 0 0 0 0 0 0 0 0 0 0 0 0 0 0 0 0 0 0 0 
miss window 7 5 6 6 4 3 3 2 0 0 0 0 0 0 0 0 1 0 0 1 2 2 0 0 0 0 0 0 0 0 0 0 0 0 0 0 0 0 0 0 0 0 0 0 0 0 0 0 0 0 0 1 1 
acm fire 7 5 1 2 3 3 4 5 6 7 9 10 12 14 15 16 17 18 19 20 20 20 20 20 21 22 23 24 25 26 27 28 29 30 31 31 31 31 31 31 31 32 33 34 36 38 40 42 44 45 46 48 50 
acm human 7 5 11 22 31 39 46 52 57 61 67 73 79 83 87 88 89 90 91 92 92 92 93 94 94 94 94 94 94 94 94 94 94 94 94 94 94 94 94 94 94 94 94 94 94 94 94 94 94 94 94 94 94 
acm window 7 5 6 12 16 19 22 24 24 24 24 24 24 24 24 24 25 25 25 26 28 30 30 30 30 30 30 30 30 30 30 30 30 30 30 30 30 30 30 30 30 30 30 30 30 30 30 30 30 30 30 31 32 
tsim fire 7 5 1 1 1 1 2 2 2 2 3 3 4 4 4 4 4 4 4 4 4 4 4 4 4 4 4 4 4 4 4 4 4 4 4 3 3 3 3 3 3 4 4 4 6 6 7 7 7 7 7 8 8 
tsim human 7 5 11 11 11 10 10 10 9 8 11 11 11 9 9 6 6 6 6 6 6 6 6 6 6 6 6 6 6 6 6 6 6 6 6 6 6 6 6 6 6 6 6 6 6 6 6 6 6 6 6 6 6 
tsim window 7 5 6 6 6 6 6 6 6 6 9 9 9 9 9 9 10 10 10 11 12 12 12 12 12 12 12 12 12 12 12 12 12 12 12 12 12 12 12 12 12 12 12 12 12 12 12 12 12 12 12 14 14 
runtime -1 7 5 4.339983701705933 2.9108598232269287 2.63242769241333 2.870638608932495 2.6800615787506104 2.1013848781585693 2.098191022872925 1.4921624660491943 0.9073050022125244 0.4690513610839844 
avg_run -1 7 5 2.2502066135406493
al_time -1 7 5 0.9332430362701416 0.021854400634765625 0.024240732192993164 0.024623632431030273 0.02621626853942871 0.025664091110229492 0.024578571319580078 0.024466991424560547 0.025008678436279297 0.018764257431030273 
avg_all -1 7 5 0.11486606597900391
random:6T:3000
sum 0 7 6 60 46 
sum 1 7 6 180 79 
sum 2 7 6 240 95 
sum 3 7 6 360 109 
sum 4 7 6 540 125 
sum 5 7 6 600 129 
sum 6 7 6 1200 159 
sum 7 7 6 1500 159 
sum 8 7 6 1800 159 
sum 9 7 6 2100 163 
sum 10 7 6 2400 167 
sum 11 7 6 2700 182 
sum 12 7 6 3000 198 
miss fire 7 6 1 1 2 2 3 1 0 0 0 0 1 1 0 0 0 0 0 0 0 0 0 0 0 0 0 0 0 0 0 0 0 1 1 0 1 1 1 1 1 0 1 2 3 3 2 2 2 2 2 1 1 
miss human 7 6 15 15 10 9 9 6 4 4 6 6 3 3 2 1 1 3 3 3 3 0 0 0 0 0 0 0 0 0 0 0 0 0 0 0 0 0 0 0 0 0 0 0 0 0 0 0 0 0 0 0 0 
miss window 7 6 7 7 5 5 4 2 1 0 0 0 0 1 1 2 2 1 0 0 1 1 1 0 0 0 0 0 0 0 0 0 0 0 0 0 0 0 0 0 0 0 0 0 0 1 1 1 1 1 1 2 3 
acm fire 7 6 1 2 4 6 9 10 10 10 10 10 11 12 12 12 12 12 12 12 12 12 12 12 12 12 12 12 12 12 12 12 12 13 14 14 15 16 17 18 19 19 20 22 25 28 30 32 34 36 38 39 40 
acm human 7 6 15 30 40 49 58 64 68 72 78 84 87 90 92 93 94 97 100 103 106 106 106 106 106 106 106 106 106 106 106 106 106 106 106 106 106 106 106 106 106 106 106 106 106 106 106 106 106 106 106 106 106 
acm window 7 6 7 14 19 24 28 30 31 31 31 31 31 32 33 35 37 38 38 38 39 40 41 41 41 41 41 41 41 41 41 41 41 41 41 41 41 41 41 41 41 41 41 41 41 42 43 44 45 46 47 49 52 
tsim fire 7 6 1 1 2 2 3 3 3 3 3 3 4 4 4 4 4 4 4 4 4 4 4 4 4 4 4 4 4 4 4 4 4 4 4 3 4 4 4 4 4 4 5 6 7 7 8 8 8 8 8 8 8 
tsim human 7 6 15 15 14 13 13 13 13 12 8 8 8 8 8 7 7 6 6 6 6 6 6 6 6 6 6 6 6 6 6 6 6 6 6 6 6 6 6 6 6 6 6 6 6 6 6 6 6 6 6 6 6 
tsim window 7 6 7 7 7 7 7 7 7 7 7 7 10 11 11 12 12 12 12 12 13 13 13 13 13 13 13 13 13 13 13 13 13 13 13 13 13 13 13 13 13 13 13 13 13 14 15 15 15 15 15 16 17 
runtime -1 7 6 4.189239740371704 2.2840075492858887 3.0547752380371094 2.845672130584717 2.5895166397094727 2.6544783115386963 2.2667460441589355 1.705960988998413 0.5090665817260742 
avg_run -1 7 6 2.455495913823446
al_time -1 7 6 0.024323463439941406 0.969536304473877 0.02826547622680664 0.023357629776000977 0.029017210006713867 0.0299680233001709 0.02788543701171875 1.191903829574585 0.021718978881835938 
avg_all -1 7 6 0.26066403918796116
random:7T:3000
sum 0 7 7 60 33 
sum 1 7 7 180 54 
sum 2 7 7 240 63 
sum 3 7 7 360 77 
sum 4 7 7 540 88 
sum 5 7 7 600 92 
sum 6 7 7 1200 104 
sum 7 7 7 1500 106 
sum 8 7 7 1800 110 
sum 9 7 7 2100 113 
sum 10 7 7 2400 121 
sum 11 7 7 2700 129 
sum 12 7 7 3000 134 
miss fire 7 7 1 1 0 0 0 0 0 0 1 1 1 1 0 0 1 0 0 0 0 0 0 0 0 0 0 0 0 0 0 0 0 0 0 0 1 2 2 2 2 1 1 1 1 0 1 0 0 0 0 0 0 
miss human 7 7 11 10 9 8 8 7 6 3 3 3 3 3 2 3 2 0 0 0 0 0 0 0 0 0 0 0 0 0 0 0 0 0 0 0 0 0 0 0 0 0 0 0 0 0 0 0 0 0 0 0 0 
miss window 7 7 5 5 3 1 1 1 0 0 0 0 0 0 0 0 0 0 0 0 0 0 0 0 0 0 1 1 1 1 1 1 0 0 0 0 0 0 0 0 0 0 0 0 0 2 2 1 1 1 1 1 1 
acm fire 7 7 1 2 2 2 2 2 2 2 3 4 5 6 6 6 7 7 7 7 7 7 7 7 7 7 7 7 7 7 7 7 7 7 7 7 8 10 12 14 16 17 18 19 20 20 21 21 21 21 21 21 21 
acm human 7 7 11 21 30 38 46 53 59 62 65 68 71 74 76 79 81 81 81 81 81 81 81 81 81 81 81 81 81 81 81 81 81 81 81 81 81 81 81 81 81 81 81 81 81 81 81 81 81 81 81 81 81 
acm window 7 7 5 10 13 14 15 16 16 16 16 16 16 16 16 16 16 16 16 16 16 16 16 16 16 16 17 18 19 20 21 22 22 22 22 22 22 22 22 22 22 22 22 22 22 24 26 27 28 29 30 31 32 
tsim fire 7 7 1 1 1 1 1 1 1 1 2 2 2 2 2 2 3 3 3 3 3 3 3 3 3 3 3 3 3 3 3 3 3 3 3 3 4 5 5 5 5 5 5 5 5 5 6 6 6 6 6 6 6 
tsim human 7 7 11 10 10 10 10 10 10 8 8 8 8 8 7 6 5 4 4 4 4 4 4 4 4 4 4 4 4 4 4 4 4 4 4 4 4 4 4 4 4 4 4 4 4 4 4 4 4 4 4 4 4 
tsim window 7 7 5 5 5 5 5 5 5 5 5 5 5 5 5 5 11 11 11 11 11 11 11 11 11 11 12 12 12 12 12 12 12 12 12 12 12 12 12 12 12 12 12 12 12 14 16 16 16 16 16 16 16 
runtime -1 7 7 4.44502067565918 2.1123275756835938 1.9710640907287598 2.4318950176239014 2.1741273403167725 2.5784053802490234 2.4527177810668945 1.350273847579956 2.7680697441101074 
avg_run -1 7 7 2.4759890503353543
al_time -1 7 7 0.023304224014282227 0.019739389419555664 0.9247794151306152 0.028036832809448242 0.028405189514160156 0.02355813980102539 0.02583456039428711 1.204967737197876 0.02560567855834961 
avg_all -1 7 7 0.25602568520439994
random:8T:3000
sum 0 7 8 60 24 
sum 1 7 8 180 39 
sum 2 7 8 240 44 
sum 3 7 8 360 52 
sum 4 7 8 540 63 
sum 5 7 8 600 67 
sum 6 7 8 1200 77 
sum 7 7 8 1500 77 
sum 8 7 8 1800 77 
sum 9 7 8 2100 78 
sum 10 7 8 2400 83 
sum 11 7 8 2700 85 
sum 12 7 8 3000 95 
miss fire 7 8 1 1 0 0 0 0 0 0 1 1 1 2 1 1 0 0 0 0 0 0 0 0 0 0 0 0 0 0 0 0 0 0 0 0 0 1 1 1 1 1 1 0 0 0 0 0 1 1 1 1 1 
miss human 7 8 6 6 6 5 4 4 4 3 3 3 3 1 1 1 0 0 0 0 0 0 0 0 0 0 0 0 0 0 0 0 0 0 0 0 0 0 0 0 0 0 0 0 0 0 0 0 0 0 0 0 0 
miss window 7 8 5 5 2 2 1 0 0 0 0 0 0 0 0 0 0 0 0 1 2 0 0 0 0 0 0 0 0 0 0 0 0 0 0 0 0 0 0 0 0 0 0 0 0 0 1 1 1 1 1 1 1 
acm fire 7 8 1 2 2 2 2 2 2 2 3 4 5 7 8 9 9 9 9 9 9 9 9 9 9 9 9 9 9 9 9 9 9 9 9 9 9 10 11 12 13 14 15 15 15 15 15 15 16 17 18 19 20 
acm human 7 8 6 12 18 23 27 31 35 38 41 44 47 48 49 50 50 50 50 50 50 50 50 50 50 50 50 50 50 50 50 50 50 50 50 50 50 50 50 50 50 50 50 50 50 50 50 50 50 50 50 50 50 
acm window 7 8 5 10 12 14 15 15 15 15 15 15 15 15 15 15 15 15 15 16 18 18 18 18 18 18 18 18 18 18 18 18 18 18 18 18 18 18 18 18 18 18 18 18 18 18 19 20 21 22 23 24 25 
tsim fire 7 8 1 1 1 1 1 1 1 1 2 2 2 3 3 3 3 3 3 3 3 3 3 3 3 3 3 3 3 3 3 3 3 3 3 3 3 4 4 4 4 4 4 4 4 4 4 4 5 5 5 5 5 
tsim human 7 8 6 6 6 6 5 5 5 4 4 4 4 2 2 2 1 1 1 1 1 1 1 1 1 1 1 1 1 1 1 1 1 1 1 1 1 1 1 1 1 1 1 1 1 1 1 1 1 1 1 1 1 
tsim window 7 8 5 5 5 5 5 5 5 5 5 5 5 10 10 10 10 10 10 11 12 12 12 12 12 12 12 12 12 12 12 12 12 12 12 12 12 12 12 12 12 12 12 12 12 12 13 13 13 13 13 13 13 
runtime -1 7 8 3.075092077255249 1.395127773284912 1.4795281887054443 3.9719719886779785 1.8978838920593262 2.1876370906829834 1.4129459857940674 
avg_run -1 7 8 2.202883856637137
al_time -1 7 8 0.012356996536254883 0.010171651840209961 0.465104341506958 0.016812801361083984 0.014022588729858398 0.04406023025512695 0.013165712356567383 
avg_all -1 7 8 0.08224204608372279
random:9T:3000
sum 0 7 9 60 50 
sum 1 7 9 180 86 
sum 2 7 9 240 103 
sum 3 7 9 360 123 
sum 4 7 9 540 145 
sum 5 7 9 600 151 
sum 6 7 9 1200 177 
sum 7 7 9 1500 182 
sum 8 7 9 1800 182 
sum 9 7 9 2100 183 
sum 10 7 9 2400 187 
sum 11 7 9 2700 188 
sum 12 7 9 3000 198 
miss fire 7 9 1 1 0 0 0 0 0 0 1 0 0 0 0 0 0 0 0 0 0 0 0 0 1 1 1 1 0 0 0 0 0 0 0 0 0 0 0 0 2 1 1 1 0 0 0 0 0 1 1 1 3 
miss human 7 9 20 20 16 16 16 12 8 6 8 7 6 9 7 3 3 0 0 0 0 0 0 0 0 0 0 0 0 0 0 0 0 0 0 0 0 0 0 0 0 0 0 0 0 0 0 0 0 0 0 0 0 
miss window 7 9 4 4 2 2 1 0 0 0 0 0 0 0 0 0 0 0 0 1 1 1 1 1 0 0 0 0 0 0 0 0 0 0 1 0 0 0 0 0 0 0 0 0 0 0 0 0 0 1 1 1 1 
acm fire 7 9 1 2 2 2 2 2 2 2 3 3 3 3 3 3 3 3 3 3 3 3 3 3 4 5 6 7 7 7 7 7 7 7 7 7 7 7 7 7 9 10 11 12 12 12 12 12 12 13 14 15 18 
acm human 7 9 20 40 56 72 88 100 108 114 122 129 135 144 151 154 157 157 157 157 157 157 157 157 157 157 157 157 157 157 157 157 157 157 157 157 157 157 157 157 157 157 157 157 157 157 157 157 157 157 157 157 157 
acm window 7 9 4 8 10 12 13 13 13 13 13 13 13 13 13 13 13 13 13 14 15 16 17 18 18 18 18 18 18 18 18 18 18 18 19 19 19 19 19 19 19 19 19 19 19 19 19 19 19 20 21 22 23 
tsim fire 7 9 1 1 1 1 1 1 1 1 2 2 2 2 2 2 2 2 2 2 2 2 2 2 3 3 3 3 3 3 3 3 3 3 3 3 3 3 3 3 5 5 5 5 5 5 5 5 5 6 6 6 8 
tsim human 7 9 20 20 19 19 19 18 16 16 14 13 11 8 4 4 4 4 4 4 4 4 4 4 4 4 4 4 4 4 4 4 4 4 4 4 4 4 4 4 4 4 4 4 4 4 4 4 4 4 4 4 4 
tsim window 7 9 4 4 4 4 4 4 4 4 4 4 4 4 4 4 4 4 4 5 5 5 5 5 10 10 10 10 10 10 10 10 10 10 11 11 11 11 11 11 11 11 11 11 11 11 11 11 11 12 12 12 12 
runtime -1 7 9 2.191579818725586 0.9323949813842773 0.9861283302307129 0.9554233551025391 0.7918434143066406 1.303441047668457 1.2246458530426025 0.9934484958648682 0.6384587287902832 
avg_run -1 7 9 1.1130404472351074
al_time -1 7 9 0.012930631637573242 0.010872125625610352 0.010194540023803711 0.010120391845703125 0.46754956245422363 0.015385627746582031 0.012853384017944336 0.01355886459350586 0.012647867202758789 
avg_all -1 7 9 0.06290144390530056
