random:0T:3000
sum 0 7 0 60 58 
sum 1 7 0 180 89 
sum 2 7 0 240 99 
sum 3 7 0 360 118 
sum 4 7 0 540 139 
sum 5 7 0 600 142 
sum 6 7 0 1200 164 
sum 7 7 0 1500 164 
sum 8 7 0 1800 166 
sum 9 7 0 2100 173 
sum 10 7 0 2400 182 
sum 11 7 0 2700 197 
sum 12 7 0 3000 213 
miss fire 7 0 3 3 2 1 1 1 2 2 1 1 0 0 0 0 0 1 1 1 0 0 0 0 0 0 0 0 0 0 0 0 0 1 2 1 1 2 2 2 1 1 1 1 1 1 1 0 0 1 1 1 1 
miss human 7 0 18 18 13 8 7 7 7 7 5 5 3 5 3 3 1 0 0 0 0 0 0 0 0 0 0 0 0 0 0 0 0 0 0 0 0 0 0 0 0 0 0 0 0 0 0 0 0 0 0 0 0 
miss window 7 0 8 8 5 2 2 1 1 0 0 0 0 0 0 0 1 1 1 2 1 1 0 0 0 0 0 0 1 1 0 0 0 0 0 0 0 0 0 0 0 1 1 1 2 2 2 4 4 2 2 2 2 
acm fire 7 0 3 6 8 9 10 11 13 15 16 17 17 17 17 17 17 18 19 20 20 20 20 20 20 20 20 20 20 20 20 20 20 21 23 24 25 27 29 31 32 33 34 35 36 37 38 38 38 39 40 41 42 
acm human 7 0 18 36 49 57 64 71 78 85 90 95 98 103 106 109 110 110 110 110 110 110 110 110 110 110 110 110 110 110 110 110 110 110 110 110 110 110 110 110 110 110 110 110 110 110 110 110 110 110 110 110 110 
acm window 7 0 8 16 21 23 25 26 27 27 27 27 27 27 27 27 28 29 30 32 33 34 34 34 34 34 34 34 35 36 36 36 36 36 36 36 36 36 36 36 36 37 38 39 41 43 45 49 53 55 57 59 61 
tsim fire 7 0 3 3 3 3 3 3 4 5 5 5 5 5 5 5 5 6 6 6 6 6 6 6 6 6 6 6 6 6 6 6 6 7 8 8 8 9 10 10 10 10 10 10 10 10 10 10 10 11 11 11 11 
tsim human 7 0 18 18 18 17 16 15 15 15 14 14 13 11 10 10 9 8 8 8 8 8 8 8 8 8 8 8 8 8 8 8 8 8 8 8 8 8 8 8 8 8 8 8 8 8 8 8 8 8 8 8 8 
tsim window 7 0 8 8 8 8 8 8 8 8 8 8 8 8 8 8 9 9 9 10 10 10 10 10 10 10 10 10 11 11 11 11 11 13 13 13 13 13 13 13 13 14 14 14 15 15 15 17 17 17 17 17 17 
runtime -1 7 0 4.269325017929077 1.9345946311950684 0.8990113735198975 0.6917984485626221 0.7274963855743408 0.6969902515411377 0.844839334487915 0.6137759685516357 0.7136044502258301 0.636521577835083 0.5979130268096924 0.35990118980407715 
avg_run -1 7 0 1.0821476380030315
al_time -1 7 0 0.03845787048339844 0.029025554656982422 0.014885663986206055 0.014945745468139648 0.015047788619995117 0.015150308609008789 0.021744251251220703 0.5596656799316406 0.05673813819885254 0.017621994018554688 0.023549556732177734 0.0176088809967041 
avg_all -1 7 0 0.06870345274607341
random:1T:3000
sum 0 7 1 60 61 
sum 1 7 1 180 94 
sum 2 7 1 240 104 
sum 3 7 1 360 121 
sum 4 7 1 540 150 
sum 5 7 1 600 157 
sum 6 7 1 1200 203 
sum 7 7 1 1500 216 
sum 8 7 1 1800 226 
sum 9 7 1 2100 228 
sum 10 7 1 2400 232 
sum 11 7 1 2700 249 
sum 12 7 1 3000 264 
miss fire 7 1 2 2 1 1 1 2 1 1 1 2 2 2 2 2 3 3 2 2 1 1 0 0 0 0 0 0 0 0 0 0 0 0 1 0 0 1 1 1 1 0 1 2 3 3 3 2 2 3 3 0 0 
miss human 7 1 23 22 13 8 6 7 6 7 9 9 5 5 4 4 5 3 1 1 1 1 0 0 0 0 0 0 0 0 0 0 0 0 0 0 0 0 0 0 0 0 0 0 0 0 0 0 0 0 0 0 0 
miss window 7 1 6 6 6 4 3 1 0 0 0 0 0 0 0 0 0 0 0 0 1 1 1 1 3 3 3 3 3 3 3 1 0 0 0 0 0 0 0 0 0 0 0 0 1 1 1 1 1 1 2 1 2 
acm fire 7 1 2 4 5 6 7 9 10 11 12 14 16 18 20 22 25 28 30 32 33 34 34 34 34 34 34 34 34 34 34 34 34 34 35 35 35 36 37 38 39 39 40 42 45 48 51 53 55 58 61 61 61 
acm human 7 1 23 45 58 66 72 79 85 92 101 110 115 120 124 128 133 136 137 138 139 140 140 140 140 140 140 140 140 140 140 140 140 140 140 140 140 140 140 140 140 140 140 140 140 140 140 140 140 140 140 140 140 
acm window 7 1 6 12 18 22 25 26 26 26 26 26 26 26 26 26 26 26 26 26 27 28 29 30 33 36 39 42 45 48 51 52 52 52 52 52 52 52 52 52 52 52 52 52 53 54 55 56 57 58 60 61 63 
tsim fire 7 1 2 2 2 2 2 3 3 3 3 4 4 4 6 6 7 7 8 8 8 8 8 8 8 8 8 8 8 8 8 8 8 8 8 7 7 8 8 8 8 8 9 10 11 11 11 11 11 12 12 12 12 
tsim human 7 1 23 22 22 21 21 18 18 17 15 15 14 14 14 14 16 14 13 13 13 13 13 13 13 13 13 13 13 13 13 13 13 13 13 13 13 13 13 13 13 13 13 13 13 13 13 13 13 13 13 13 13 
tsim window 7 1 6 6 6 6 6 6 6 6 6 6 6 6 6 6 9 9 12 12 13 13 13 13 15 15 16 16 16 17 17 17 17 17 17 17 17 17 17 17 17 17 17 17 18 18 18 18 18 18 19 19 20 
runtime -1 7 1 2.3849992752075195 1.4711976051330566 1.392329216003418 1.376274824142456 1.5577914714813232 1.5593395233154297 1.6820170879364014 1.6973323822021484 1.5806405544281006 1.5682990550994873 0.7658305168151855 0.2632718086242676 
avg_run -1 7 1 1.4416102766990662
al_time -1 7 1 0.02731490135192871 0.02189803123474121 0.022330284118652344 0.870816707611084 0.02469611167907715 1.0505540370941162 0.029186487197875977 0.03475618362426758 0.034732818603515625 0.03268575668334961 0.03217601776123047 0.027985095977783203 
avg_all -1 7 1 0.1840943694114685
random:2T:3000
sum 0 7 2 60 42 
sum 1 7 2 180 60 
sum 2 7 2 240 64 
sum 3 7 2 360 75 
sum 4 7 2 540 92 
sum 5 7 2 600 95 
sum 6 7 2 1200 108 
sum 7 7 2 1500 108 
sum 8 7 2 1800 109 
sum 9 7 2 2100 111 
sum 10 7 2 2400 117 
sum 11 7 2 2700 127 
sum 12 7 2 3000 136 
miss fire 7 2 3 3 1 1 1 1 2 2 0 1 1 1 0 0 0 0 0 0 0 0 0 0 0 0 0 0 0 0 0 0 1 1 1 0 0 0 0 0 1 1 1 1 3 1 2 2 2 2 0 0 0 
miss human 7 2 13 11 7 4 3 4 4 4 3 5 2 3 1 1 1 1 1 0 0 0 0 0 0 0 0 0 0 0 0 0 0 0 0 0 0 0 0 0 0 0 0 0 0 0 0 0 0 0 0 0 0 
miss window 7 2 6 6 3 2 0 0 0 0 1 1 0 0 0 0 0 0 0 2 2 0 0 0 0 0 0 0 0 0 0 0 0 0 0 0 0 0 0 0 1 1 1 1 0 0 0 0 1 1 1 1 1 
acm fire 7 2 3 6 7 8 9 10 12 14 14 15 16 17 17 17 17 17 17 17 17 17 17 17 17 17 17 17 17 17 17 17 18 19 20 20 20 20 20 20 21 22 23 24 27 28 30 32 34 36 36 36 36 
acm human 7 2 13 24 31 35 38 42 46 50 53 58 60 63 64 65 66 67 68 68 68 68 68 68 68 68 68 68 68 68 68 68 68 68 68 68 68 68 68 68 68 68 68 68 68 68 68 68 68 68 68 68 68 
acm window 7 2 6 12 15 17 17 17 17 17 18 19 19 19 19 19 19 19 19 21 23 23 23 23 23 23 23 23 23 23 23 23 23 23 23 23 23 23 23 23 24 25 26 27 27 27 27 27 28 29 30 31 32 
tsim fire 7 2 3 3 3 4 4 4 5 5 5 6 6 6 6 6 6 6 6 6 6 6 6 6 6 6 6 6 6 6 6 6 7 7 7 6 6 6 6 6 7 7 8 8 10 10 11 12 12 12 12 12 12 
tsim human 7 2 13 11 11 10 10 9 9 9 9 11 9 8 7 7 6 6 6 6 6 6 6 6 6 6 6 6 6 6 6 6 6 6 6 6 6 6 6 6 6 6 6 6 6 6 6 6 6 6 6 6 6 
tsim window 7 2 6 6 6 6 6 6 6 6 7 9 9 9 9 9 9 9 9 11 11 11 11 11 11 11 11 11 11 11 11 11 11 11 11 11 11 11 11 11 12 12 12 12 12 12 12 19 20 20 20 20 20 
runtime -1 7 2 0.8438620567321777 0.8135213851928711 0.770097017288208 0.7123403549194336 0.7334413528442383 0.7914023399353027 0.7425923347473145 0.6810944080352783 0.6964805126190186 0.6324508190155029 0.45532846450805664 0.3255176544189453 0.24331426620483398 
avg_run -1 7 2 0.6493417666508601
al_time -1 7 2 0.01596665382385254 0.014452934265136719 0.01489710807800293 0.5010108947753906 0.01972484588623047 0.024680614471435547 0.020643234252929688 0.022235870361328125 0.017688512802124023 0.02036428451538086 0.018534421920776367 0.6074087619781494 0.01583075523376465 
avg_all -1 7 2 0.10103376095111553
random:3T:3000
sum 0 7 3 60 102 
sum 1 7 3 180 177 
sum 2 7 3 240 205 
sum 3 7 3 360 246 
sum 4 7 3 540 264 
sum 5 7 3 600 271 
sum 6 7 3 1200 307 
sum 7 7 3 1500 313 
sum 8 7 3 1800 317 
sum 9 7 3 2100 326 
sum 10 7 3 2400 332 
sum 11 7 3 2700 347 
sum 12 7 3 3000 361 
miss fire 7 3 3 4 2 2 2 2 2 1 0 0 2 2 2 2 2 0 0 0 0 0 0 0 0 1 1 0 0 1 1 1 1 1 1 2 2 1 1 0 0 0 2 2 2 2 2 1 1 1 1 1 1 
miss human 7 3 25 31 23 21 18 15 10 6 3 5 5 6 7 3 3 1 1 0 0 0 0 1 0 0 0 0 0 0 0 0 0 0 0 0 0 0 0 0 0 0 0 0 0 0 0 0 0 0 0 0 0 
miss window 7 3 17 22 17 10 8 7 5 2 1 0 0 1 1 1 1 0 0 0 0 1 2 1 1 1 0 0 0 0 0 0 0 0 0 0 1 1 1 1 1 0 0 0 1 2 2 1 1 2 2 2 2 
acm fire 7 3 3 7 9 11 13 15 17 18 18 18 20 22 24 26 28 28 28 28 28 28 28 28 28 29 30 30 30 31 32 33 34 35 36 38 40 41 42 42 42 42 44 46 48 50 52 53 54 55 56 57 58 
acm human 7 3 25 56 79 100 118 133 143 149 152 157 162 168 175 178 181 182 183 183 183 183 183 184 184 184 184 184 184 184 184 184 184 184 184 184 184 184 184 184 184 184 184 184 184 184 184 184 184 184 184 184 184 
acm window 7 3 17 39 56 66 74 81 86 88 89 89 89 90 91 92 93 93 93 93 93 94 96 97 98 99 99 99 99 99 99 99 99 99 99 99 100 101 102 103 104 104 104 104 105 107 109 110 111 113 115 117 119 
tsim fire 7 3 3 4 4 4 4 4 4 4 4 4 6 6 6 6 6 6 6 6 6 6 6 6 6 7 7 7 7 8 8 8 8 8 8 9 9 10 10 10 10 10 12 12 12 12 12 12 12 12 12 12 12 
tsim human 7 3 25 31 30 30 28 25 23 23 22 20 18 17 17 17 17 17 17 17 17 17 17 17 17 17 17 17 17 17 17 17 17 17 17 17 17 17 17 17 17 17 17 17 17 17 17 17 17 17 17 17 17 
tsim window 7 3 17 22 22 22 22 22 22 22 22 22 22 23 23 23 23 23 23 23 23 24 25 25 25 27 27 27 27 27 27 27 27 27 27 27 28 28 28 28 28 28 29 29 30 31 31 31 31 32 32 32 32 
runtime -1 7 3 4.616097927093506 2.502556800842285 4.768695116043091 5.007774353027344 3.731797695159912 3.427792549133301 3.519122362136841 3.629493474960327 4.582688331604004 1.7745628356933594 
avg_run -1 7 3 3.756058144569397
al_time -1 7 3 0.03063488006591797 0.0485997200012207 0.051938533782958984 0.052460670471191406 0.058161258697509766 2.155726909637451 0.07095789909362793 0.09636664390563965 0.07031035423278809 0.051581621170043945 
avg_all -1 7 3 0.26867384910583497
random:4T:3000
sum 0 7 4 60 59 
sum 1 7 4 180 91 
sum 2 7 4 240 103 
sum 3 7 4 360 113 
sum 4 7 4 540 124 
sum 5 7 4 600 132 
sum 6 7 4 1200 157 
sum 7 7 4 1500 167 
sum 8 7 4 1800 170 
sum 9 7 4 2100 172 
sum 10 7 4 2400 177 
sum 11 7 4 2700 187 
sum 12 7 4 3000 204 
miss fire 7 4 2 2 1 1 1 0 1 1 1 1 3 3 0 0 0 0 0 1 1 1 1 1 1 1 1 0 0 0 0 0 0 0 0 1 1 0 0 0 1 2 2 2 1 1 3 3 3 3 3 3 3 
miss human 7 4 16 15 10 6 5 3 2 2 3 3 5 5 3 1 1 0 0 0 0 0 0 0 0 0 0 0 0 0 0 0 0 0 0 0 0 0 0 0 0 0 0 0 0 0 0 0 0 0 0 0 0 
miss window 7 4 12 12 8 6 6 3 1 0 0 0 0 0 0 0 0 0 1 0 2 2 3 1 1 1 1 2 2 1 0 0 0 0 0 0 0 0 0 0 0 0 0 0 0 0 0 0 0 0 0 1 1 
acm fire 7 4 2 4 5 6 7 7 8 9 10 11 14 17 17 17 17 17 17 18 19 20 21 22 23 24 25 25 25 25 25 25 25 25 25 26 27 27 27 27 28 30 32 34 35 36 39 42 45 48 51 54 57 
acm human 7 4 16 31 41 47 52 55 57 59 62 65 70 75 78 79 80 80 80 80 80 80 80 80 80 80 80 80 80 80 80 80 80 80 80 80 80 80 80 80 80 80 80 80 80 80 80 80 80 80 80 80 80 
acm window 7 4 12 24 32 38 44 47 48 48 48 48 48 48 48 48 48 48 49 49 51 53 56 57 58 59 60 62 64 65 65 65 65 65 65 65 65 65 65 65 65 65 65 65 65 65 65 65 65 65 65 66 67 
tsim fire 7 4 2 2 2 2 2 2 3 3 3 3 6 6 6 6 6 6 6 7 7 7 7 7 7 7 7 7 7 7 7 7 7 7 7 6 6 6 6 6 7 8 8 8 8 8 10 10 10 10 11 12 12 
tsim human 7 4 16 15 15 15 15 14 14 14 13 13 15 15 13 11 11 11 11 11 11 11 11 11 11 11 11 11 11 11 11 11 11 11 11 11 11 11 11 11 11 11 11 11 11 11 11 11 11 11 11 11 11 
tsim window 7 4 12 12 12 12 12 12 12 12 12 12 15 15 15 15 15 15 16 16 18 18 19 19 19 19 19 20 20 20 20 20 20 20 20 20 20 20 20 20 20 20 20 20 20 20 25 25 25 25 25 26 26 
runtime -1 7 4 4.591327667236328 1.4927544593811035 1.460773229598999 1.9430665969848633 1.5410857200622559 1.6854121685028076 1.6196730136871338 1.179724931716919 1.701859712600708 1.077949047088623 0.29613733291625977 
avg_run -1 7 4 1.689978534525091
al_time -1 7 4 0.0400238037109375 0.03041839599609375 1.1519417762756348 0.03957366943359375 0.035271406173706055 0.04992341995239258 0.04861164093017578 0.040262460708618164 0.037633419036865234 0.04308724403381348 0.0352475643157959 
avg_all -1 7 4 0.1410904364152388
random:5T:3000
sum 0 7 5 60 92 
sum 1 7 5 180 142 
sum 2 7 5 240 159 
sum 3 7 5 360 181 
sum 4 7 5 540 205 
sum 5 7 5 600 213 
sum 6 7 5 1200 278 
sum 7 7 5 1500 286 
sum 8 7 5 1800 286 
sum 9 7 5 2100 291 
sum 10 7 5 2400 294 
sum 11 7 5 2700 312 
sum 12 7 5 3000 337 
miss fire 7 5 2 2 2 0 0 0 1 1 1 1 1 3 2 2 2 2 1 1 1 1 0 0 0 0 0 0 0 0 0 0 0 0 0 1 2 2 2 0 0 0 1 2 3 3 3 4 4 4 4 2 3 
miss human 7 5 33 31 22 14 12 9 9 7 7 7 7 8 6 6 4 3 3 3 3 3 1 1 0 0 0 0 0 0 0 0 0 0 0 0 0 0 0 0 0 0 0 0 0 0 0 0 0 0 0 0 0 
miss window 7 5 12 12 7 5 5 2 1 0 0 0 0 1 1 1 2 2 0 0 0 1 2 2 1 2 1 1 0 0 0 0 0 0 0 0 0 0 0 0 0 0 0 0 0 1 1 1 1 1 2 2 2 
acm fire 7 5 2 4 6 6 6 6 7 8 9 10 11 14 16 18 20 22 23 24 25 26 26 26 26 26 26 26 26 26 26 26 26 26 26 27 29 31 33 33 33 33 34 36 39 42 45 49 53 57 61 63 66 
acm human 7 5 33 64 86 100 112 121 130 137 144 151 158 166 172 178 182 185 188 191 194 197 198 199 199 199 199 199 199 199 199 199 199 199 199 199 199 199 199 199 199 199 199 199 199 199 199 199 199 199 199 199 199 
acm window 7 5 12 24 31 36 41 43 44 44 44 44 44 45 46 47 49 51 51 51 51 52 54 56 57 59 60 61 61 61 61 61 61 61 61 61 61 61 61 61 61 61 61 61 61 62 63 64 65 66 68 70 72 
tsim fire 7 5 2 2 3 3 3 3 4 4 4 4 4 6 6 6 7 7 7 7 7 7 7 7 7 7 7 7 7 7 7 7 7 7 7 6 7 7 7 7 7 7 8 9 10 10 10 11 11 11 12 12 13 
tsim human 7 5 33 31 31 30 30 29 31 30 28 28 27 24 23 23 23 22 21 21 21 21 21 21 21 21 21 21 21 21 21 21 21 21 21 21 21 21 21 21 21 21 21 21 21 21 21 21 21 21 21 21 21 
tsim window 7 5 12 12 12 12 12 12 15 15 15 15 15 16 16 16 20 20 20 20 20 21 22 22 22 23 23 23 23 23 23 23 23 23 23 23 23 23 23 23 23 23 23 23 24 25 25 25 25 25 26 27 27 
runtime -1 7 5 4.940790891647339 2.43892765045166 2.755903720855713 2.8396706581115723 3.0773539543151855 3.2500057220458984 3.392909288406372 3.2000184059143066 3.3944687843322754 2.756456136703491 2.222626209259033 1.6925685405731201 0.38030076026916504 
avg_run -1 7 5 2.79553851714501
al_time -1 7 5 0.05575966835021973 1.7908329963684082 0.050506591796875 0.04888415336608887 0.051455020904541016 0.05392742156982422 0.055939435958862305 0.05568075180053711 0.07238602638244629 0.05681967735290527 0.05429363250732422 0.03274035453796387 1.0851738452911377 
avg_all -1 7 5 0.266492275091318
random:6T:3000
sum 0 7 6 60 79 
sum 1 7 6 180 137 
sum 2 7 6 240 162 
sum 3 7 6 360 192 
sum 4 7 6 540 231 
sum 5 7 6 600 244 
sum 6 7 6 1200 335 
sum 7 7 6 1500 338 
sum 8 7 6 1800 343 
sum 9 7 6 2100 348 
sum 10 7 6 2400 356 
sum 11 7 6 2700 371 
sum 12 7 6 3000 398 
miss fire 7 6 2 2 2 2 2 2 2 4 2 3 3 3 0 0 0 0 0 0 0 0 0 0 0 1 1 1 1 1 1 1 1 1 1 1 1 1 0 0 2 4 2 3 2 3 3 4 5 5 5 2 2 
miss human 7 6 28 27 18 22 18 12 10 10 9 10 10 11 9 9 8 8 4 4 4 1 1 0 0 0 0 0 0 0 0 0 0 0 0 0 0 0 0 0 0 0 0 0 0 0 0 0 0 0 0 0 0 
miss window 7 6 10 10 8 6 5 3 1 1 0 0 0 0 1 1 2 2 4 4 5 5 5 0 0 0 0 0 0 0 0 0 0 0 0 0 0 0 0 0 0 0 0 0 0 0 0 0 0 0 1 3 4 
acm fire 7 6 2 4 6 8 10 12 14 18 20 23 26 29 29 29 29 29 29 29 29 29 29 29 29 30 31 32 33 34 35 36 37 38 39 40 41 42 42 42 44 48 50 53 55 58 61 65 70 75 80 82 84 
acm human 7 6 28 55 73 95 113 125 135 145 154 164 174 185 194 203 211 219 223 227 231 232 233 233 233 233 233 233 233 233 233 233 233 233 233 233 233 233 233 233 233 233 233 233 233 233 233 233 233 233 233 233 233 
acm window 7 6 10 20 28 34 39 42 43 44 44 44 44 44 45 46 48 50 54 58 63 68 73 73 73 73 73 73 73 73 73 73 73 73 73 73 73 73 73 73 73 73 73 73 73 73 73 73 73 73 74 77 81 
tsim fire 7 6 2 2 2 3 3 5 5 7 7 8 8 8 8 8 8 8 8 8 8 8 8 8 8 8 8 8 8 8 8 8 8 8 8 6 6 6 6 6 8 10 10 11 12 13 13 14 15 15 15 15 15 
tsim human 7 6 28 27 25 30 26 26 23 23 22 21 21 20 20 18 18 18 18 18 18 18 18 18 18 18 18 18 18 18 18 18 18 18 18 18 18 18 18 18 18 18 18 18 18 18 18 18 18 18 18 18 18 
tsim window 7 6 10 10 10 13 13 17 17 17 17 17 17 17 18 18 20 20 22 22 23 23 23 23 23 23 23 23 23 23 23 23 23 23 23 23 23 23 23 23 23 23 23 24 27 27 27 27 27 27 28 30 31 
runtime -1 7 6 2.478672742843628 1.4879791736602783 1.5035388469696045 1.7498188018798828 1.3110604286193848 1.5398175716400146 1.4379668235778809 1.7559690475463867 0.9865260124206543 0.984574556350708 1.0528652667999268 1.4274497032165527 0.8108813762664795 0.21613073348999023 
avg_run -1 7 6 1.3388036489486694
al_time -1 7 6 1.6968121528625488 0.029056072235107422 0.028419017791748047 0.0261075496673584 0.06559205055236816 0.027861595153808594 0.02846670150756836 0.03528451919555664 0.028738021850585938 0.055457115173339844 0.02784585952758789 0.02793431282043457 0.03169894218444824 1.0803906917572021 
avg_all -1 7 6 0.2278331858771188
random:7T:3000
sum 0 7 7 60 70 
sum 1 7 7 180 105 
sum 2 7 7 240 116 
sum 3 7 7 360 130 
sum 4 7 7 540 143 
sum 5 7 7 600 146 
sum 6 7 7 1200 155 
sum 7 7 7 1500 156 
sum 8 7 7 1800 156 
sum 9 7 7 2100 161 
sum 10 7 7 2400 162 
sum 11 7 7 2700 173 
sum 12 7 7 3000 194 
miss fire 7 7 3 3 0 0 0 0 1 1 1 1 1 1 1 0 0 0 0 1 1 1 0 0 0 0 0 0 0 0 0 0 0 1 1 1 1 1 1 0 0 0 0 0 0 0 1 2 3 2 2 2 2 
miss human 7 7 23 23 15 13 10 7 6 4 4 2 1 0 0 0 0 0 0 0 0 0 0 0 0 0 0 0 0 0 0 0 0 0 0 0 0 0 0 0 0 0 0 0 0 0 0 0 0 0 0 0 0 
miss window 7 7 9 9 5 2 1 0 0 0 0 0 1 1 1 0 0 0 0 1 1 0 0 0 0 0 0 1 0 0 0 0 0 0 0 0 0 0 0 0 0 0 0 1 1 2 2 2 2 2 2 2 2 
acm fire 7 7 3 6 6 6 6 6 7 8 9 10 11 12 13 13 13 13 13 14 15 16 16 16 16 16 16 16 16 16 16 16 16 17 18 19 20 21 22 22 22 22 22 22 22 22 23 25 28 30 32 34 36 
acm human 7 7 23 46 61 74 84 91 97 101 105 107 108 108 108 108 108 108 108 108 108 108 108 108 108 108 108 108 108 108 108 108 108 108 108 108 108 108 108 108 108 108 108 108 108 108 108 108 108 108 108 108 108 
acm window 7 7 9 18 23 25 26 26 26 26 26 26 27 28 29 29 29 29 29 30 31 31 31 31 31 31 31 32 32 32 32 32 32 32 32 32 32 32 32 32 32 32 32 33 34 36 38 40 42 44 46 48 50 
tsim fire 7 7 3 3 3 3 3 3 4 4 4 4 4 5 5 5 5 5 5 6 6 6 6 6 6 6 6 6 6 6 6 6 6 7 8 8 9 9 9 9 9 9 9 9 9 9 10 11 12 12 12 12 12 
tsim human 7 7 23 23 20 19 19 18 18 17 17 13 12 12 12 12 12 12 12 12 12 12 12 12 12 12 12 12 12 12 12 12 12 12 12 12 12 12 12 12 12 12 12 12 12 12 12 12 12 12 12 12 12 
tsim window 7 7 9 9 9 9 9 9 9 9 9 9 10 14 14 14 14 14 14 21 21 21 21 21 21 21 21 22 22 22 22 22 22 22 22 22 22 22 22 22 22 22 22 23 24 25 25 25 27 27 27 27 27 
runtime -1 7 7 2.2852954864501953 0.7938151359558105 0.7744765281677246 0.7155971527099609 0.9968714714050293 1.0702168941497803 0.9464280605316162 0.739163875579834 0.7778940200805664 0.41295361518859863 
avg_run -1 7 7 0.9512712240219117
al_time -1 7 7 0.027121543884277344 0.01974964141845703 0.019975900650024414 0.7222678661346436 0.027411222457885742 0.02152276039123535 0.021374940872192383 0.0237424373626709 0.7857530117034912 0.020728111267089844 
avg_all -1 7 7 0.16896474361419678
random:8T:3000
sum 0 7 8 60 52 
sum 1 7 8 180 83 
sum 2 7 8 240 94 
sum 3 7 8 360 108 
sum 4 7 8 540 114 
sum 5 7 8 600 116 
sum 6 7 8 1200 140 
sum 7 7 8 1500 143 
sum 8 7 8 1800 146 
sum 9 7 8 2100 147 
sum 10 7 8 2400 148 
sum 11 7 8 2700 155 
sum 12 7 8 3000 170 
miss fire 7 8 2 2 1 1 1 2 2 1 1 1 1 1 1 1 1 0 0 0 1 1 1 1 0 0 0 0 0 0 0 0 0 0 0 0 0 0 0 0 1 0 0 2 2 1 1 1 2 2 2 2 2 
miss human 7 8 15 15 13 9 8 5 4 2 1 0 1 3 3 1 1 0 0 1 1 1 0 0 0 0 0 0 0 0 0 0 0 0 0 0 0 0 0 0 0 0 0 0 0 0 0 0 0 0 0 0 0 
miss window 7 8 9 9 4 3 2 1 0 0 0 0 0 0 1 1 2 1 1 0 0 0 0 0 1 1 0 0 0 0 1 1 1 1 0 0 0 0 0 0 0 0 0 0 0 0 0 0 0 1 1 1 2 
acm fire 7 8 2 4 5 6 7 9 11 12 13 14 15 16 17 18 19 19 19 19 20 21 22 23 23 23 23 23 23 23 23 23 23 23 23 23 23 23 23 23 24 24 24 26 28 29 30 31 33 35 37 39 41 
acm human 7 8 15 30 43 52 60 65 69 71 72 72 73 76 79 80 81 81 81 82 83 84 84 84 84 84 84 84 84 84 84 84 84 84 84 84 84 84 84 84 84 84 84 84 84 84 84 84 84 84 84 84 84 
acm window 7 8 9 18 22 25 27 28 28 28 28 28 28 28 29 30 32 33 34 34 34 34 34 34 35 36 36 36 36 36 37 38 39 40 40 40 40 40 40 40 40 40 40 40 40 40 40 40 40 41 42 43 45 
tsim fire 7 8 2 2 2 2 2 3 4 4 4 4 4 4 4 5 5 5 5 5 6 6 6 6 6 6 6 6 6 6 6 6 6 6 6 6 6 6 6 6 7 7 7 9 9 9 9 9 10 10 10 10 10 
tsim human 7 8 15 15 15 15 14 14 12 10 10 9 8 6 6 6 6 6 6 6 6 6 6 6 6 6 6 6 6 6 6 6 6 6 6 6 6 6 6 6 6 6 6 6 6 6 6 6 6 6 6 6 6 
tsim window 7 8 9 9 9 9 9 9 9 9 9 9 9 9 10 15 16 16 16 16 16 16 16 16 17 17 17 17 17 17 18 18 18 18 18 18 18 18 18 18 18 18 18 18 18 18 18 18 18 19 19 19 20 
runtime -1 7 8 1.8096766471862793 1.3319826126098633 1.0728049278259277 1.124250888824463 1.116271734237671 0.7723698616027832 0.8695352077484131 1.159590721130371 0.9523520469665527 0.5849802494049072 
avg_run -1 7 8 1.079381489753723
al_time -1 7 8 0.022378921508789062 0.020139217376708984 0.01821613311767578 0.0187530517578125 0.023108243942260742 0.6707866191864014 0.026490449905395508 0.027536869049072266 0.023666858673095703 0.021756887435913086 
avg_all -1 7 8 0.0872833251953125
random:9T:3000
sum 0 7 9 60 74 
sum 1 7 9 180 118 
sum 2 7 9 240 136 
sum 3 7 9 360 163 
sum 4 7 9 540 181 
sum 5 7 9 600 185 
sum 6 7 9 1200 207 
sum 7 7 9 1500 214 
sum 8 7 9 1800 216 
sum 9 7 9 2100 224 
sum 10 7 9 2400 232 
sum 11 7 9 2700 240 
sum 12 7 9 3000 257 
miss fire 7 9 2 2 1 0 0 0 1 1 2 2 0 0 0 0 1 0 0 1 1 1 1 0 0 0 0 0 0 0 0 0 0 0 2 2 2 2 2 2 2 1 1 2 0 0 2 2 3 3 2 1 2 
miss human 7 9 25 25 18 14 14 13 8 6 4 3 4 3 2 2 2 0 0 0 0 0 0 0 0 0 0 0 0 0 0 0 0 0 0 0 0 0 0 0 0 0 0 0 0 0 0 0 0 0 0 0 0 
miss window 7 9 10 10 7 4 4 3 2 0 0 0 0 0 0 0 0 0 1 2 2 2 1 2 2 1 1 1 1 1 0 0 0 0 0 0 0 0 0 0 0 0 0 0 1 1 0 0 1 1 1 1 2 
acm fire 7 9 2 4 5 5 5 5 6 7 9 11 11 11 11 11 12 12 12 13 14 15 16 16 16 16 16 16 16 16 16 16 16 16 18 20 22 24 26 28 30 31 32 34 34 34 36 38 41 44 46 47 49 
acm human 7 9 25 50 68 82 96 109 117 123 127 130 134 137 139 141 143 143 143 143 143 143 143 143 143 143 143 143 143 143 143 143 143 143 143 143 143 143 143 143 143 143 143 143 143 143 143 143 143 143 143 143 143 
acm window 7 9 10 20 27 31 35 38 40 40 40 40 40 40 40 40 40 40 41 43 45 47 48 50 52 53 54 55 56 57 57 57 57 57 57 57 57 57 57 57 57 57 57 57 58 59 59 59 60 61 62 63 65 
tsim fire 7 9 2 2 2 2 2 2 3 3 4 4 4 4 4 4 5 5 5 6 6 6 6 6 6 6 6 6 6 6 6 6 6 6 8 8 8 8 9 9 9 9 9 10 10 10 12 12 13 13 13 13 14 
tsim human 7 9 25 25 25 25 25 24 21 21 20 19 16 15 14 14 14 14 14 14 14 14 14 14 14 14 14 14 14 14 14 14 14 14 14 14 14 14 14 14 14 14 14 14 14 14 14 14 14 14 14 14 14 
tsim window 7 9 10 10 10 10 10 10 10 10 10 10 10 10 10 10 13 13 14 15 15 15 15 16 16 16 16 16 16 17 17 17 17 17 17 17 17 17 17 17 17 17 17 17 18 18 18 18 19 19 19 19 20 
runtime -1 7 9 2.2879273891448975 0.5482642650604248 0.42982053756713867 0.6551456451416016 0.6363720893859863 0.6962461471557617 0.6295638084411621 0.6054558753967285 0.678889274597168 0.3784928321838379 0.1816391944885254 
avg_run -1 7 9 0.7025288235057484
al_time -1 7 9 0.02125859260559082 0.016036272048950195 0.5873477458953857 0.01838970184326172 0.020016908645629883 0.025501728057861328 0.021836042404174805 0.020157337188720703 0.020218372344970703 0.022919178009033203 0.019652843475341797 
avg_all -1 7 9 0.07212133841081099
