random:0T:3000
sum 0 7 0 60 58 
sum 1 7 0 180 90 
sum 2 7 0 240 97 
sum 3 7 0 360 112 
sum 4 7 0 540 131 
sum 5 7 0 600 135 
sum 6 7 0 1200 158 
sum 7 7 0 1500 158 
sum 8 7 0 1800 162 
sum 9 7 0 2100 166 
sum 10 7 0 2400 170 
sum 11 7 0 2700 181 
sum 12 7 0 3000 194 
miss fire 7 0 3 3 2 1 0 0 1 2 1 1 0 0 0 0 0 1 0 0 0 0 0 0 0 0 0 0 0 0 0 0 0 1 1 1 0 1 1 1 0 0 0 0 0 0 0 0 0 1 1 0 0 
miss human 7 0 18 18 12 12 7 7 7 7 4 4 4 4 3 3 2 1 0 0 0 0 0 0 0 0 0 0 0 0 0 0 0 0 0 0 0 0 0 0 0 0 0 0 0 0 0 0 0 0 0 0 0 
miss window 7 0 8 8 3 2 0 0 0 0 0 0 0 0 0 0 1 1 1 2 2 2 0 0 0 0 0 0 1 1 1 1 0 0 0 0 0 0 0 0 0 1 1 1 2 2 2 4 3 3 3 1 1 
acm fire 7 0 3 6 8 9 9 9 10 12 13 14 14 14 14 14 14 15 15 15 15 15 15 15 15 15 15 15 15 15 15 15 15 16 17 18 18 19 20 21 21 21 21 21 21 21 21 21 21 22 23 23 23 
acm human 7 0 18 36 48 60 67 74 81 88 92 96 100 104 107 110 112 113 113 113 113 113 113 113 113 113 113 113 113 113 113 113 113 113 113 113 113 113 113 113 113 113 113 113 113 113 113 113 113 113 113 113 113 
acm window 7 0 8 16 19 21 21 21 21 21 21 21 21 21 21 21 22 23 24 26 28 30 30 30 30 30 30 30 31 32 33 34 34 34 34 34 34 34 34 34 34 35 36 37 39 41 43 47 50 53 56 57 58 
tsim fire 7 0 3 3 3 3 3 3 4 5 5 5 5 5 5 5 5 6 6 6 6 6 6 6 6 6 6 6 6 6 6 6 6 7 8 8 8 9 10 10 10 10 10 10 10 10 10 10 10 11 11 11 11 
tsim human 7 0 18 18 18 17 16 15 15 15 14 14 13 11 10 10 9 8 8 8 8 8 8 8 8 8 8 8 8 8 8 8 8 8 8 8 8 8 8 8 8 8 8 8 8 8 8 8 8 8 8 8 8 
tsim window 7 0 8 8 8 8 8 8 8 8 8 8 8 8 8 8 9 9 9 10 10 10 10 10 10 10 10 10 11 11 11 11 11 13 13 13 13 13 13 13 13 14 14 14 15 15 15 17 17 17 17 17 17 
runtime -1 7 0 1.8112068176269531 1.453559398651123 1.47420334815979 1.3476874828338623 1.2871358394622803 1.1852433681488037 1.2304389476776123 1.3216297626495361 1.7637584209442139 2.0235538482666016 2.3717260360717773 0.43559694290161133 
avg_run -1 7 0 1.4754783511161804
al_time -1 7 0 0.03854513168334961 0.02951359748840332 0.0278623104095459 0.032852888107299805 0.02864241600036621 0.022183656692504883 1.0556347370147705 0.017464637756347656 0.08044147491455078 0.03426218032836914 0.0507509708404541 0.03366827964782715 
avg_all -1 7 0 0.1209851900736491
random:1T:3000
sum 0 7 1 60 61 
sum 1 7 1 180 97 
sum 2 7 1 240 107 
sum 3 7 1 360 122 
sum 4 7 1 540 148 
sum 5 7 1 600 154 
sum 6 7 1 1200 183 
sum 7 7 1 1500 190 
sum 8 7 1 1800 191 
sum 9 7 1 2100 195 
sum 10 7 1 2400 198 
sum 11 7 1 2700 207 
sum 12 7 1 3000 220 
miss fire 7 1 2 2 1 0 0 1 1 1 1 2 1 1 2 2 2 2 1 1 0 0 0 0 0 0 0 0 0 0 0 0 0 0 0 1 1 2 2 0 0 0 1 1 2 2 2 1 1 2 2 2 2 
miss human 7 1 23 22 17 12 8 7 5 6 8 8 5 5 3 3 3 1 0 0 0 0 0 0 0 0 0 0 0 0 0 0 0 0 0 0 0 0 0 0 0 0 0 0 0 0 0 0 0 0 0 0 0 
miss window 7 1 6 6 4 2 2 1 0 0 0 0 0 0 0 0 0 0 0 0 1 1 1 0 2 1 2 2 0 1 0 0 0 0 0 0 0 0 0 0 0 0 0 0 1 0 0 0 0 0 1 1 2 
acm fire 7 1 2 4 5 5 5 6 7 8 9 11 12 13 15 17 19 21 22 23 23 23 23 23 23 23 23 23 23 23 23 23 23 23 23 24 25 27 29 29 29 29 30 31 33 35 37 38 39 41 43 45 47 
acm human 7 1 23 45 62 74 82 89 94 100 108 116 121 126 129 132 135 136 136 136 136 136 136 136 136 136 136 136 136 136 136 136 136 136 136 136 136 136 136 136 136 136 136 136 136 136 136 136 136 136 136 136 136 
acm window 7 1 6 12 16 18 20 21 21 21 21 21 21 21 21 21 21 21 21 21 22 23 24 24 26 27 29 31 31 32 32 32 32 32 32 32 32 32 32 32 32 32 32 32 33 33 33 33 33 33 34 35 37 
tsim fire 7 1 2 2 2 2 2 3 3 3 3 4 4 4 6 6 7 7 8 8 8 8 8 8 8 8 8 8 8 8 8 8 8 8 8 7 7 8 8 8 8 8 9 10 11 11 11 11 11 12 12 12 12 
tsim human 7 1 23 22 22 21 21 18 18 17 15 15 14 14 14 14 16 14 13 13 13 13 13 13 13 13 13 13 13 13 13 13 13 13 13 13 13 13 13 13 13 13 13 13 13 13 13 13 13 13 13 13 13 
tsim window 7 1 6 6 6 6 6 6 6 6 6 6 6 6 6 6 9 9 12 12 13 13 13 13 15 15 16 16 16 17 17 17 17 17 17 17 17 17 17 17 17 17 17 17 18 18 18 18 18 18 19 19 20 
runtime -1 7 1 2.8406105041503906 2.695997714996338 2.872962474822998 2.627516984939575 2.6668248176574707 2.968438148498535 1.594191312789917 2.612650156021118 2.2077839374542236 2.397343158721924 1.7630164623260498 
avg_run -1 7 1 2.4770305156707764
al_time -1 7 1 0.027022123336791992 0.0416107177734375 0.04212617874145508 1.6766130924224854 1.9581153392791748 0.03193211555480957 0.03449726104736328 0.04982733726501465 0.04448413848876953 0.05423617362976074 0.0413060188293457 
avg_all -1 7 1 0.36379731785167346
random:2T:3000
sum 0 7 2 60 42 
sum 1 7 2 180 64 
sum 2 7 2 240 71 
sum 3 7 2 360 83 
sum 4 7 2 540 102 
sum 5 7 2 600 105 
sum 6 7 2 1200 116 
sum 7 7 2 1500 116 
sum 8 7 2 1800 117 
sum 9 7 2 2100 119 
sum 10 7 2 2400 126 
sum 11 7 2 2700 137 
sum 12 7 2 3000 148 
miss fire 7 2 3 3 1 2 1 1 2 2 1 2 1 1 0 0 0 0 0 0 0 0 0 0 0 0 0 0 0 0 0 0 1 1 1 0 0 0 0 0 1 1 2 1 3 1 2 2 2 1 1 1 1 
miss human 7 2 13 11 7 5 4 4 4 4 3 5 2 3 1 1 0 0 0 0 0 0 0 0 0 0 0 0 0 0 0 0 0 0 0 0 0 0 0 0 0 0 0 0 0 0 0 0 0 0 0 0 0 
miss window 7 2 6 6 4 3 2 1 0 0 1 1 0 0 0 0 0 0 0 2 2 1 0 0 0 0 0 0 0 0 0 0 0 0 0 0 0 0 0 0 1 1 1 1 1 0 0 0 1 1 1 1 1 
acm fire 7 2 3 6 7 9 10 11 13 15 16 18 19 20 20 20 20 20 20 20 20 20 20 20 20 20 20 20 20 20 20 20 21 22 23 23 23 23 23 23 24 25 27 28 31 32 34 36 38 39 40 41 42 
acm human 7 2 13 24 31 36 40 44 48 52 55 60 62 65 66 67 67 67 67 67 67 67 67 67 67 67 67 67 67 67 67 67 67 67 67 67 67 67 67 67 67 67 67 67 67 67 67 67 67 67 67 67 67 
acm window 7 2 6 12 16 19 21 22 22 22 23 24 24 24 24 24 24 24 24 26 28 29 29 29 29 29 29 29 29 29 29 29 29 29 29 29 29 29 29 29 30 31 32 33 34 34 34 34 35 36 37 38 39 
tsim fire 7 2 3 3 3 4 4 4 5 5 5 6 6 6 6 6 6 6 6 6 6 6 6 6 6 6 6 6 6 6 6 6 7 7 7 6 6 6 6 6 7 7 8 8 10 10 11 12 12 12 12 12 12 
tsim human 7 2 13 11 11 10 10 9 9 9 9 11 9 8 7 7 6 6 6 6 6 6 6 6 6 6 6 6 6 6 6 6 6 6 6 6 6 6 6 6 6 6 6 6 6 6 6 6 6 6 6 6 6 
tsim window 7 2 6 6 6 6 6 6 6 6 7 9 9 9 9 9 9 9 9 11 11 11 11 11 11 11 11 11 11 11 11 11 11 11 11 11 11 11 11 11 12 12 12 12 12 12 12 19 20 20 20 20 20 
runtime -1 7 2 1.781503438949585 1.7094550132751465 1.5727367401123047 0.7696118354797363 0.7301425933837891 0.6116657257080078 0.5559124946594238 0.5756213665008545 0.6130480766296387 0.5760531425476074 0.5708932876586914 0.42772793769836426 0.3145477771759033 0.4223313331604004 
avg_run -1 7 2 0.802232197352818
al_time -1 7 2 0.029775381088256836 0.0249636173248291 0.026400089263916016 0.7335917949676514 0.014925241470336914 0.01577448844909668 0.020867586135864258 0.01990342140197754 0.015772581100463867 0.019466876983642578 0.016572237014770508 0.01736307144165039 0.9683003425598145 0.014925956726074219 
avg_all -1 7 2 0.1384716204234532
random:3T:3000
sum 0 7 3 60 102 
sum 1 7 3 180 169 
sum 2 7 3 240 191 
sum 3 7 3 360 225 
sum 4 7 3 540 253 
sum 5 7 3 600 261 
sum 6 7 3 1200 316 
sum 7 7 3 1500 320 
sum 8 7 3 1800 324 
sum 9 7 3 2100 330 
sum 10 7 3 2400 337 
sum 11 7 3 2700 346 
sum 12 7 3 3000 351 
miss fire 7 3 3 4 2 2 1 1 1 1 1 1 3 3 3 2 2 2 2 2 0 0 0 0 0 1 0 0 0 1 1 1 1 0 0 1 1 2 1 1 1 0 2 1 1 0 0 0 0 0 0 0 0 
miss human 7 3 25 31 22 20 12 14 8 8 5 5 4 5 6 6 5 5 1 1 0 0 0 0 0 0 0 0 0 0 0 0 0 0 0 0 0 0 0 0 0 0 0 0 0 0 0 0 0 0 0 0 0 
miss window 7 3 17 22 11 10 9 7 3 3 2 2 1 2 1 1 1 1 1 1 0 1 1 1 1 1 0 0 0 0 0 0 0 0 0 0 1 1 1 1 0 0 0 0 1 2 2 2 1 1 1 1 1 
acm fire 7 3 3 7 9 11 12 13 14 15 16 17 20 23 26 28 30 32 34 36 36 36 36 36 36 37 37 37 37 38 39 40 41 41 41 42 43 45 46 47 48 48 50 51 52 52 52 52 52 52 52 52 52 
acm human 7 3 25 56 78 98 110 124 132 140 145 150 154 159 165 171 176 181 182 183 183 183 183 183 183 183 183 183 183 183 183 183 183 183 183 183 183 183 183 183 183 183 183 183 183 183 183 183 183 183 183 183 183 
acm window 7 3 17 39 50 60 69 76 79 82 84 86 87 89 90 91 92 93 94 95 95 96 97 98 99 100 100 100 100 100 100 100 100 100 100 100 101 102 103 104 104 104 104 104 105 107 109 111 112 113 114 115 116 
tsim fire 7 3 3 4 4 4 4 4 4 4 4 4 6 6 6 6 6 6 6 6 6 6 6 6 6 7 7 7 7 8 8 8 8 8 8 9 9 10 10 10 10 10 12 12 12 12 12 12 12 12 12 12 12 
tsim human 7 3 25 31 30 30 28 25 23 23 22 20 18 17 17 17 17 17 17 17 17 17 17 17 17 17 17 17 17 17 17 17 17 17 17 17 17 17 17 17 17 17 17 17 17 17 17 17 17 17 17 17 17 
tsim window 7 3 17 22 22 22 22 22 22 22 22 22 22 23 23 23 23 23 23 23 23 24 25 25 25 27 27 27 27 27 27 27 27 27 27 27 28 28 28 28 28 28 29 29 30 31 31 31 31 32 32 32 32 
runtime -1 7 3 7.767479658126831 6.541197061538696 3.5198893547058105 3.9613196849823 2.2994511127471924 2.247856616973877 1.687659502029419 1.8804614543914795 2.2482995986938477 1.84244966506958 2.0870893001556396 
avg_run -1 7 3 3.2802866372195156
al_time -1 7 3 0.050919294357299805 0.02806234359741211 0.024972915649414062 0.02404308319091797 1.0197718143463135 0.032036781311035156 0.029295921325683594 0.028352737426757812 0.027790546417236328 0.02862858772277832 0.053281545639038086 
avg_all -1 7 3 0.12246868827126244
random:4T:3000
sum 0 7 4 60 59 
sum 1 7 4 180 86 
sum 2 7 4 240 91 
sum 3 7 4 360 96 
sum 4 7 4 540 103 
sum 5 7 4 600 110 
sum 6 7 4 1200 130 
sum 7 7 4 1500 139 
sum 8 7 4 1800 141 
sum 9 7 4 2100 142 
sum 10 7 4 2400 146 
sum 11 7 4 2700 149 
sum 12 7 4 3000 156 
miss fire 7 4 2 2 1 0 0 0 1 0 0 0 3 0 0 0 0 0 0 1 1 1 1 1 1 1 1 1 1 0 0 0 0 0 0 1 0 0 0 0 1 2 1 1 0 0 2 0 0 0 1 2 2 
miss human 7 4 16 15 10 6 4 2 2 3 2 2 4 4 2 1 1 1 0 0 0 0 0 0 0 0 0 0 0 0 0 0 0 0 0 0 0 0 0 0 0 0 0 0 0 0 0 0 0 0 0 0 0 
miss window 7 4 12 12 7 3 1 0 0 0 0 0 0 0 0 0 0 0 1 1 2 1 2 1 1 1 0 1 1 0 0 0 0 0 0 0 0 0 0 0 0 0 0 0 0 0 0 0 0 0 0 1 1 
acm fire 7 4 2 4 5 5 5 5 6 6 6 6 9 9 9 9 9 9 9 10 11 12 13 14 15 16 17 18 19 19 19 19 19 19 19 20 20 20 20 20 21 23 24 25 25 25 27 27 27 27 28 30 32 
acm human 7 4 16 31 41 47 51 53 55 58 60 62 66 70 72 73 74 75 75 75 75 75 75 75 75 75 75 75 75 75 75 75 75 75 75 75 75 75 75 75 75 75 75 75 75 75 75 75 75 75 75 75 75 
acm window 7 4 12 24 31 34 35 35 35 35 35 35 35 35 35 35 35 35 36 37 39 40 42 43 44 45 45 46 47 47 47 47 47 47 47 47 47 47 47 47 47 47 47 47 47 47 47 47 47 47 47 48 49 
tsim fire 7 4 2 2 2 2 2 2 3 3 3 3 6 6 6 6 6 6 6 7 7 7 7 7 7 7 7 7 7 7 7 7 7 7 7 6 6 6 6 6 7 8 8 8 8 8 10 10 10 10 11 12 12 
tsim human 7 4 16 15 15 15 15 14 14 14 13 13 15 15 13 11 11 11 11 11 11 11 11 11 11 11 11 11 11 11 11 11 11 11 11 11 11 11 11 11 11 11 11 11 11 11 11 11 11 11 11 11 11 
tsim window 7 4 12 12 12 12 12 12 12 12 12 12 15 15 15 15 15 15 16 16 18 18 19 19 19 19 19 20 20 20 20 20 20 20 20 20 20 20 20 20 20 20 20 20 20 20 25 25 25 25 25 26 26 
runtime -1 7 4 1.064943790435791 0.7306232452392578 0.6969358921051025 0.7901010513305664 0.8919026851654053 0.8449575901031494 0.7526309490203857 0.8930957317352295 0.6432051658630371 0.8500425815582275 
avg_run -1 7 4 0.8158438682556153
al_time -1 7 4 0.01716327667236328 0.014475345611572266 0.6745569705963135 0.019950389862060547 0.024674177169799805 0.02712225914001465 0.054616689682006836 0.017943859100341797 1.2085192203521729 0.01853799819946289 
avg_all -1 7 4 0.20775601863861085
random:5T:3000
sum 0 7 5 60 92 
sum 1 7 5 180 156 
sum 2 7 5 240 175 
sum 3 7 5 360 204 
sum 4 7 5 540 230 
sum 5 7 5 600 239 
sum 6 7 5 1200 298 
sum 7 7 5 1500 305 
sum 8 7 5 1800 305 
sum 9 7 5 2100 306 
sum 10 7 5 2400 307 
sum 11 7 5 2700 321 
sum 12 7 5 3000 337 
miss fire 7 5 2 2 2 2 1 1 2 2 2 1 1 3 2 2 2 2 1 1 1 0 0 0 0 0 0 0 0 0 0 0 0 0 0 0 1 0 0 0 0 0 1 2 2 2 2 3 1 1 2 2 3 
miss human 7 5 33 31 24 21 13 10 9 7 7 7 8 9 5 5 3 4 3 3 3 1 1 0 0 0 0 0 0 0 0 0 0 0 0 0 0 0 0 0 0 0 0 0 0 0 0 0 0 0 0 0 0 
miss window 7 5 12 12 8 7 5 4 3 0 0 0 0 1 1 1 1 1 0 0 0 1 2 2 2 1 1 1 0 0 0 0 0 0 0 0 0 0 0 0 0 0 0 0 0 1 1 1 1 1 1 2 2 
acm fire 7 5 2 4 6 8 9 10 12 14 16 17 18 21 23 25 27 29 30 31 32 32 32 32 32 32 32 32 32 32 32 32 32 32 32 32 33 33 33 33 33 33 34 36 38 40 42 45 46 47 49 51 54 
acm human 7 5 33 64 88 109 122 132 141 148 155 162 170 179 184 189 192 196 199 202 205 206 207 207 207 207 207 207 207 207 207 207 207 207 207 207 207 207 207 207 207 207 207 207 207 207 207 207 207 207 207 207 207 
acm window 7 5 12 24 32 39 44 48 51 51 51 51 51 52 53 54 55 56 56 56 56 57 59 61 63 64 65 66 66 66 66 66 66 66 66 66 66 66 66 66 66 66 66 66 66 67 68 69 70 71 72 74 76 
tsim fire 7 5 2 2 3 3 3 3 4 4 4 4 4 6 6 6 7 7 7 7 7 7 7 7 7 7 7 7 7 7 7 7 7 7 7 6 7 7 7 7 7 7 8 9 10 10 10 11 11 11 12 12 13 
tsim human 7 5 33 31 31 30 30 29 31 30 28 28 27 24 23 23 23 22 21 21 21 21 21 21 21 21 21 21 21 21 21 21 21 21 21 21 21 21 21 21 21 21 21 21 21 21 21 21 21 21 21 21 21 
tsim window 7 5 12 12 12 12 12 12 15 15 15 15 15 16 16 16 20 20 20 20 20 21 22 22 22 23 23 23 23 23 23 23 23 23 23 23 23 23 23 23 23 23 23 23 24 25 25 25 25 25 26 27 27 
runtime -1 7 5 2.247157096862793 1.266681432723999 1.201507568359375 1.0100431442260742 0.9414312839508057 1.0730814933776855 1.0359904766082764 0.9112863540649414 1.0433135032653809 0.8505208492279053 0.7752516269683838 1.1672148704528809 
avg_run -1 7 5 1.1269566416740417
al_time -1 7 5 2.2081565856933594 0.02238941192626953 0.12313556671142578 0.02231001853942871 0.023385286331176758 0.022669076919555664 0.04545760154724121 0.027599334716796875 0.023347854614257812 0.026005983352661133 1.9846501350402832 0.04535865783691406 
avg_all -1 7 5 0.3812054594357808
random:6T:3000
sum 0 7 6 60 79 
sum 1 7 6 180 131 
sum 2 7 6 240 150 
sum 3 7 6 360 181 
sum 4 7 6 540 212 
sum 5 7 6 600 223 
sum 6 7 6 1200 274 
sum 7 7 6 1500 274 
sum 8 7 6 1800 276 
sum 9 7 6 2100 279 
sum 10 7 6 2400 289 
sum 11 7 6 2700 307 
sum 12 7 6 3000 325 
miss fire 7 6 2 2 2 2 2 4 4 3 3 4 4 4 1 1 1 1 1 0 0 0 0 0 0 0 0 0 0 0 0 1 1 1 1 1 0 0 0 0 2 4 4 5 2 3 4 4 4 3 3 0 0 
miss human 7 6 28 27 18 19 13 9 8 7 6 7 7 8 5 3 2 2 3 0 0 0 0 0 0 0 0 0 0 0 0 0 0 0 0 0 0 0 0 0 0 0 0 0 0 0 0 0 0 0 0 0 0 
miss window 7 6 10 10 6 5 4 4 2 1 0 0 0 0 1 1 2 2 4 4 5 0 0 0 0 0 0 0 0 0 0 0 0 0 0 0 0 0 0 0 0 0 0 0 0 0 0 0 0 0 2 2 4 
acm fire 7 6 2 4 6 8 10 14 18 21 24 28 32 36 37 38 39 40 41 41 41 41 41 41 41 41 41 41 41 41 41 42 43 44 45 46 46 46 46 46 48 52 56 61 63 66 70 74 78 81 84 84 84 
acm human 7 6 28 55 73 92 105 114 122 129 135 142 149 157 162 165 167 169 172 172 172 172 172 172 172 172 172 172 172 172 172 172 172 172 172 172 172 172 172 172 172 172 172 172 172 172 172 172 172 172 172 172 172 
acm window 7 6 10 20 26 31 35 39 41 42 42 42 42 42 43 44 46 48 52 56 61 61 61 61 61 61 61 61 61 61 61 61 61 61 61 61 61 61 61 61 61 61 61 61 61 61 61 61 61 61 63 65 69 
tsim fire 7 6 2 2 2 3 3 5 5 7 7 8 8 8 8 8 8 8 8 8 8 8 8 8 8 8 8 8 8 8 8 8 8 8 8 6 6 6 6 6 8 10 10 11 12 13 14 14 14 14 14 14 14 
tsim human 7 6 28 27 25 30 26 26 23 23 22 21 21 20 20 18 18 18 18 18 18 18 18 18 18 18 18 18 18 18 18 18 18 18 18 18 18 18 18 18 18 18 18 18 18 18 18 18 18 18 18 18 18 
tsim window 7 6 10 10 10 13 13 17 17 17 17 17 17 17 18 18 20 20 22 22 23 23 23 23 23 23 23 23 23 23 23 23 23 23 23 23 23 23 23 23 23 23 23 24 27 27 27 27 27 27 29 29 31 
runtime -1 7 6 2.2953927516937256 1.5701303482055664 1.530961513519287 1.5483226776123047 1.4804222583770752 1.4152321815490723 1.167978286743164 1.212773084640503 1.212233066558838 2.6828389167785645 0.6378006935119629 0.33298707008361816 
avg_run -1 7 6 1.4239227374394734
al_time -1 7 6 1.7626047134399414 0.9199926853179932 0.0212557315826416 0.022454261779785156 0.022080183029174805 0.02676868438720703 0.02481365203857422 0.04519963264465332 1.8336751461029053 0.02670741081237793 2.138861656188965 0.018712282180786133 
avg_all -1 7 6 0.5719271699587504
random:7T:3000
sum 0 7 7 60 70 
sum 1 7 7 180 115 
sum 2 7 7 240 132 
sum 3 7 7 360 152 
sum 4 7 7 540 162 
sum 5 7 7 600 164 
sum 6 7 7 1200 171 
sum 7 7 7 1500 172 
sum 8 7 7 1800 172 
sum 9 7 7 2100 179 
sum 10 7 7 2400 180 
sum 11 7 7 2700 194 
sum 12 7 7 3000 209 
miss fire 7 7 3 3 2 1 0 0 1 1 1 1 1 2 0 0 0 0 0 1 0 0 0 0 0 0 0 0 0 0 0 0 0 1 2 1 2 1 1 0 0 0 0 0 0 0 1 1 2 1 1 0 0 
miss human 7 7 23 23 16 14 13 9 6 3 3 1 0 0 0 0 0 0 0 0 0 0 0 0 0 0 0 0 0 0 0 0 0 0 0 0 0 0 0 0 0 0 0 0 0 0 0 0 0 0 0 0 0 
miss window 7 7 9 9 7 5 4 2 2 0 0 0 1 1 0 0 0 0 0 1 1 1 0 0 0 0 0 1 0 0 0 0 0 0 0 0 0 0 0 0 0 0 0 1 2 3 3 3 3 3 3 1 1 
acm fire 7 7 3 6 8 9 9 9 10 11 12 13 14 16 16 16 16 16 16 17 17 17 17 17 17 17 17 17 17 17 17 17 17 18 20 21 23 24 25 25 25 25 25 25 25 25 26 27 29 30 31 31 31 
acm human 7 7 23 46 62 76 89 98 104 107 110 111 111 111 111 111 111 111 111 111 111 111 111 111 111 111 111 111 111 111 111 111 111 111 111 111 111 111 111 111 111 111 111 111 111 111 111 111 111 111 111 111 111 
acm window 7 7 9 18 25 30 34 36 38 38 38 38 39 40 40 40 40 40 40 41 42 43 43 43 43 43 43 44 44 44 44 44 44 44 44 44 44 44 44 44 44 44 44 45 47 50 53 56 59 62 65 66 67 
tsim fire 7 7 3 3 3 3 3 3 4 4 4 4 4 5 5 5 5 5 5 6 6 6 6 6 6 6 6 6 6 6 6 6 6 7 8 8 9 9 9 9 9 9 9 9 9 9 10 11 12 12 12 12 12 
tsim human 7 7 23 23 20 19 19 18 18 17 17 13 12 12 12 12 12 12 12 12 12 12 12 12 12 12 12 12 12 12 12 12 12 12 12 12 12 12 12 12 12 12 12 12 12 12 12 12 12 12 12 12 12 
tsim window 7 7 9 9 9 9 9 9 9 9 9 9 10 14 14 14 14 14 14 21 21 21 21 21 21 21 21 22 22 22 22 22 22 22 22 22 22 22 22 22 22 22 22 23 24 25 25 25 27 27 27 27 27 
runtime -1 7 7 1.8550689220428467 1.1294753551483154 1.0115833282470703 0.7807517051696777 0.7832849025726318 0.8429415225982666 0.9264810085296631 0.900543212890625 0.3569681644439697 0.19453692436218262 0.15514826774597168 
avg_run -1 7 7 0.8124348467046564
al_time -1 7 7 0.022792339324951172 0.04683828353881836 0.61714768409729 0.022495269775390625 0.021231889724731445 0.018717288970947266 0.018421411514282227 0.02333831787109375 0.01796698570251465 1.2951593399047852 0.015057086944580078 
avg_all -1 7 7 0.19265144521539862
random:8T:3000
sum 0 7 8 60 52 
sum 1 7 8 180 85 
sum 2 7 8 240 96 
sum 3 7 8 360 106 
sum 4 7 8 540 109 
sum 5 7 8 600 109 
sum 6 7 8 1200 120 
sum 7 7 8 1500 121 
sum 8 7 8 1800 124 
sum 9 7 8 2100 127 
sum 10 7 8 2400 128 
sum 11 7 8 2700 132 
sum 12 7 8 3000 140 
miss fire 7 8 2 2 1 1 1 1 1 0 0 0 0 0 0 1 1 1 0 0 1 1 0 0 0 0 0 0 0 0 0 0 0 0 0 0 0 0 0 0 1 0 0 2 1 1 0 0 1 1 1 1 1 
miss human 7 8 15 15 11 9 6 4 4 2 1 0 0 2 0 0 0 0 0 0 0 0 0 0 0 0 0 0 0 0 0 0 0 0 0 0 0 0 0 0 0 0 0 0 0 0 0 0 0 0 0 0 0 
miss window 7 8 9 9 6 5 4 0 0 0 0 0 0 0 1 1 1 1 0 0 0 0 0 0 1 0 0 0 0 0 1 1 1 1 1 1 0 0 0 0 0 0 0 0 0 0 0 0 0 1 1 0 1 
acm fire 7 8 2 4 5 6 7 8 9 9 9 9 9 9 9 10 11 12 12 12 13 14 14 14 14 14 14 14 14 14 14 14 14 14 14 14 14 14 14 14 15 15 15 17 18 19 19 19 20 21 22 23 24 
acm human 7 8 15 30 41 50 56 60 64 66 67 67 67 69 69 69 69 69 69 69 69 69 69 69 69 69 69 69 69 69 69 69 69 69 69 69 69 69 69 69 69 69 69 69 69 69 69 69 69 69 69 69 69 
acm window 7 8 9 18 24 29 33 33 33 33 33 33 33 33 34 35 36 37 37 37 37 37 37 37 38 38 38 38 38 38 39 40 41 42 43 44 44 44 44 44 44 44 44 44 44 44 44 44 44 45 46 46 47 
tsim fire 7 8 2 2 2 2 2 3 4 4 4 4 4 4 4 5 5 5 5 5 6 6 6 6 6 6 6 6 6 6 6 6 6 6 6 6 6 6 6 6 7 7 7 9 9 9 9 9 10 10 10 10 10 
tsim human 7 8 15 15 15 15 14 14 12 10 10 9 8 6 6 6 6 6 6 6 6 6 6 6 6 6 6 6 6 6 6 6 6 6 6 6 6 6 6 6 6 6 6 6 6 6 6 6 6 6 6 6 6 
tsim window 7 8 9 9 9 9 9 9 9 9 9 9 9 9 10 15 16 16 16 16 16 16 16 16 17 17 17 17 17 17 18 18 18 18 18 18 18 18 18 18 18 18 18 18 18 18 18 18 18 19 19 19 20 
runtime -1 7 8 1.4034616947174072 0.906379222869873 0.8757481575012207 0.8915340900421143 0.8518421649932861 0.9282331466674805 0.9749755859375 1.181300163269043 0.9270260334014893 0.6302390098571777 0.5683097839355469 
avg_run -1 7 8 0.9217317321083762
al_time -1 7 8 0.020635366439819336 0.01710963249206543 0.015901565551757812 0.016126632690429688 0.016858816146850586 0.6085879802703857 0.025439977645874023 0.029404640197753906 0.019637346267700195 0.019339799880981445 0.019479036331176758 
avg_all -1 7 8 0.07350189035589044
random:9T:3000
sum 0 7 9 60 74 
sum 1 7 9 180 121 
sum 2 7 9 240 133 
sum 3 7 9 360 149 
sum 4 7 9 540 165 
sum 5 7 9 600 170 
sum 6 7 9 1200 180 
sum 7 7 9 1500 184 
sum 8 7 9 1800 187 
sum 9 7 9 2100 193 
sum 10 7 9 2400 200 
sum 11 7 9 2700 212 
sum 12 7 9 3000 224 
miss fire 7 9 2 2 2 1 0 0 1 1 2 1 1 0 0 0 1 0 0 1 0 0 0 0 0 0 0 0 0 0 0 0 0 0 2 2 1 1 2 2 1 1 1 2 1 1 3 2 3 2 2 0 1 
miss human 7 9 25 25 19 15 10 9 6 5 4 3 4 1 0 0 0 0 0 0 0 0 0 0 0 0 0 0 0 0 0 0 0 0 0 0 0 0 0 0 0 0 0 0 0 0 0 0 0 0 0 0 0 
miss window 7 9 10 10 7 3 2 0 0 0 0 0 0 0 0 0 0 0 1 2 2 2 0 1 1 1 1 0 0 1 1 1 0 0 0 0 0 0 0 0 0 0 0 0 1 1 1 0 1 1 1 0 1 
acm fire 7 9 2 4 6 7 7 7 8 9 11 12 13 13 13 13 14 14 14 15 15 15 15 15 15 15 15 15 15 15 15 15 15 15 17 19 20 21 23 25 26 27 28 30 31 32 35 37 40 42 44 44 45 
acm human 7 9 25 50 69 84 94 103 109 114 118 121 125 126 126 126 126 126 126 126 126 126 126 126 126 126 126 126 126 126 126 126 126 126 126 126 126 126 126 126 126 126 126 126 126 126 126 126 126 126 126 126 126 
acm window 7 9 10 20 27 30 32 32 32 32 32 32 32 32 32 32 32 32 33 35 37 39 39 40 41 42 43 43 43 44 45 46 46 46 46 46 46 46 46 46 46 46 46 46 47 48 49 49 50 51 52 52 53 
tsim fire 7 9 2 2 2 2 2 2 3 3 4 4 4 4 4 4 5 5 5 6 6 6 6 6 6 6 6 6 6 6 6 6 6 6 8 8 8 8 9 9 9 9 9 10 10 10 12 12 13 13 13 13 14 
tsim human 7 9 25 25 25 25 25 24 21 21 20 19 16 15 14 14 14 14 14 14 14 14 14 14 14 14 14 14 14 14 14 14 14 14 14 14 14 14 14 14 14 14 14 14 14 14 14 14 14 14 14 14 14 
tsim window 7 9 10 10 10 10 10 10 10 10 10 10 10 10 10 10 13 13 14 15 15 15 15 16 16 16 16 16 16 17 17 17 17 17 17 17 17 17 17 17 17 17 17 17 18 18 18 18 19 19 19 19 20 
runtime -1 7 9 1.0492932796478271 0.6535167694091797 0.7108745574951172 0.5666968822479248 0.583641767501831 0.6833360195159912 0.6991379261016846 0.6637303829193115 0.5801451206207275 0.5617530345916748 0.35907721519470215 0.21547269821166992 0.13292813301086426 0.07003259658813477 
avg_run -1 7 9 0.5378311702183315
al_time -1 7 9 0.01692652702331543 0.014391183853149414 0.01448822021484375 0.014407873153686523 0.5633935928344727 0.017596006393432617 0.02406144142150879 0.032006263732910156 0.018673181533813477 0.018041133880615234 0.05319786071777344 0.016294002532958984 0.016176223754882812 0.0151824951171875 
avg_all -1 7 9 0.059631143297467916
