random:0T:3000
sum 0 7 0 60 49 
sum 1 7 0 180 88 
sum 2 7 0 240 102 
sum 3 7 0 360 126 
sum 4 7 0 540 144 
sum 5 7 0 600 149 
sum 6 7 0 1200 170 
sum 7 7 0 1500 170 
sum 8 7 0 1800 175 
sum 9 7 0 2100 180 
sum 10 7 0 2400 184 
sum 11 7 0 2700 188 
sum 12 7 0 3000 198 
miss fire 7 0 2 2 2 2 2 2 2 0 1 1 1 1 0 0 0 0 0 0 0 0 0 0 0 0 0 0 1 1 1 1 1 1 1 0 1 1 2 2 0 0 0 0 0 0 0 0 0 0 0 0 0 
miss human 7 0 16 15 12 11 7 6 5 4 5 4 4 3 4 3 3 1 1 0 0 0 1 0 0 0 0 0 0 0 0 0 0 0 0 0 0 0 0 0 0 0 0 0 0 0 0 0 0 0 0 0 0 
miss window 7 0 7 7 6 6 5 5 4 2 1 0 0 0 0 0 0 0 1 1 1 1 0 0 0 0 0 0 0 0 0 0 0 0 0 0 1 0 0 0 0 0 0 0 0 0 2 2 2 2 2 2 2 
acm fire 7 0 2 4 6 8 10 12 14 14 15 16 17 18 18 18 18 18 18 18 18 18 18 18 18 18 18 18 19 20 21 22 23 24 25 25 26 27 29 31 31 31 31 31 31 31 31 31 31 31 31 31 31 
acm human 7 0 16 31 43 54 61 67 72 76 81 85 89 92 96 99 102 103 104 104 104 104 105 105 105 105 105 105 105 105 105 105 105 105 105 105 105 105 105 105 105 105 105 105 105 105 105 105 105 105 105 105 105 
acm window 7 0 7 14 20 26 31 36 40 42 43 43 43 43 43 43 43 43 44 45 46 47 47 47 47 47 47 47 47 47 47 47 47 47 47 47 48 48 48 48 48 48 48 48 48 48 50 52 54 56 58 60 62 
tsim fire 7 0 2 2 2 2 2 2 2 2 3 3 3 3 3 3 3 3 3 3 3 3 3 3 3 3 3 3 4 4 4 4 4 4 4 4 5 5 6 6 6 6 6 6 6 6 6 6 6 6 6 6 6 
tsim human 7 0 16 15 15 15 15 14 12 12 11 9 9 8 7 7 7 7 7 7 7 7 7 7 7 7 7 7 7 7 7 7 7 7 7 7 7 7 7 7 7 7 7 7 7 7 7 7 7 7 7 7 7 
tsim window 7 0 7 7 7 7 7 7 7 7 7 7 7 7 7 7 7 7 8 8 8 8 8 8 8 8 8 8 10 10 10 10 10 10 10 10 11 11 11 11 11 11 11 11 11 11 13 13 13 13 13 13 13 
runtime -1 7 0 8.547638654708862 3.3179843425750732 3.7835745811462402 3.6445224285125732 3.669332981109619 1.353947639465332 2.528083086013794 4.2958080768585205 1.9263293743133545 0.4171905517578125 
avg_run -1 7 0 3.348441171646118
al_time -1 7 0 0.0313267707824707 0.02864813804626465 0.06151986122131348 0.026361942291259766 0.019854068756103516 0.016414880752563477 1.1035935878753662 0.020576953887939453 0.020670413970947266 0.013408184051513672 
avg_all -1 7 0 0.13423748016357423
random:1T:3000
sum 0 7 1 60 22 
sum 1 7 1 180 37 
sum 2 7 1 240 41 
sum 3 7 1 360 55 
sum 4 7 1 540 72 
sum 5 7 1 600 76 
sum 6 7 1 1200 92 
sum 7 7 1 1500 92 
sum 8 7 1 1800 94 
sum 9 7 1 2100 102 
sum 10 7 1 2400 113 
sum 11 7 1 2700 123 
sum 12 7 1 3000 134 
miss fire 7 1 1 1 1 1 0 3 4 4 3 3 3 3 1 1 0 0 0 0 0 0 0 0 0 0 0 0 0 0 0 1 1 1 1 2 2 2 3 1 2 2 0 0 1 3 3 1 1 0 0 0 0 
miss human 7 1 7 7 5 4 3 2 3 3 2 2 1 1 1 0 0 0 0 0 0 0 0 0 0 0 0 0 0 0 0 0 0 0 0 0 0 0 0 0 0 0 0 0 0 0 0 0 0 0 0 0 0 
miss window 7 1 3 3 2 2 1 0 2 0 0 0 0 0 0 0 3 4 2 0 0 0 0 0 0 0 0 0 0 0 0 0 0 0 0 0 0 0 1 1 1 0 0 0 0 0 1 1 2 2 2 2 2 
acm fire 7 1 1 2 3 4 4 7 11 15 18 21 24 27 28 29 29 29 29 29 29 29 29 29 29 29 29 29 29 29 29 30 31 32 33 35 37 39 42 43 45 47 47 47 48 51 54 55 56 56 56 56 56 
acm human 7 1 7 14 19 23 26 28 31 34 36 38 39 40 41 41 41 41 41 41 41 41 41 41 41 41 41 41 41 41 41 41 41 41 41 41 41 41 41 41 41 41 41 41 41 41 41 41 41 41 41 41 41 
acm window 7 1 3 6 8 10 11 11 13 13 13 13 13 13 13 13 16 20 22 22 22 22 22 22 22 22 22 22 22 22 22 22 22 22 22 22 22 22 23 24 25 25 25 25 25 25 26 27 29 31 33 35 37 
tsim fire 7 1 1 1 1 1 1 4 5 5 5 5 5 5 5 5 5 5 5 5 5 5 5 5 5 5 5 5 5 5 5 6 6 6 6 5 5 5 6 6 7 7 7 7 7 9 9 9 9 9 9 9 9 
tsim human 7 1 7 7 6 6 5 5 6 6 5 5 5 5 5 4 4 4 4 4 4 4 4 4 4 4 4 4 4 4 4 4 4 4 4 4 4 4 4 4 4 4 4 4 4 4 4 4 4 4 4 4 4 
tsim window 7 1 3 3 3 3 3 3 6 6 6 6 6 6 6 6 9 10 10 10 10 10 10 10 10 10 10 10 10 10 10 10 10 10 10 10 10 10 11 11 16 16 16 16 16 16 17 17 18 18 18 18 18 
runtime -1 7 1 3.767327070236206 2.8376047611236572 2.920758008956909 2.274534225463867 1.6993014812469482 1.1135165691375732 2.146467924118042 7.475629806518555 2.2675232887268066 1.2437570095062256 
avg_run -1 7 1 2.774642014503479
al_time -1 7 1 0.015539169311523438 0.983734130859375 0.02809429168701172 0.01779937744140625 0.016314268112182617 0.015334844589233398 2.391019582748413 0.036025047302246094 0.03436136245727539 0.060784101486206055 
avg_all -1 7 1 0.3599006175994873
random:2T:3000
sum 0 7 2 60 40 
sum 1 7 2 180 67 
sum 2 7 2 240 76 
sum 3 7 2 360 95 
sum 4 7 2 540 120 
sum 5 7 2 600 127 
sum 6 7 2 1200 138 
sum 7 7 2 1500 138 
sum 8 7 2 1800 139 
sum 9 7 2 2100 144 
sum 10 7 2 2400 153 
sum 11 7 2 2700 158 
sum 12 7 2 3000 160 
miss fire 7 2 2 2 0 0 0 0 0 1 1 1 1 1 0 0 0 0 0 0 0 0 0 0 0 0 0 0 0 0 0 0 1 1 1 1 1 1 1 1 2 2 1 1 1 1 1 0 0 0 0 0 0 
miss human 7 2 13 13 10 10 7 8 9 8 7 5 5 5 2 2 0 0 0 0 0 0 0 0 0 0 0 0 0 0 0 0 0 0 0 0 0 0 0 0 0 0 0 0 0 0 0 0 0 0 0 0 0 
miss window 7 2 5 5 5 2 2 2 0 0 1 1 1 1 0 0 0 0 0 0 0 0 0 0 0 0 0 0 0 0 0 0 0 0 0 0 0 0 0 0 0 1 1 1 0 0 0 0 0 0 0 1 1 
acm fire 7 2 2 4 4 4 4 4 4 5 6 7 8 9 9 9 9 9 9 9 9 9 9 9 9 9 9 9 9 9 9 9 10 11 12 13 14 15 16 17 19 21 22 23 24 25 26 26 26 26 26 26 26 
acm human 7 2 13 26 36 46 53 61 70 78 85 90 95 100 102 104 104 104 104 104 104 104 104 104 104 104 104 104 104 104 104 104 104 104 104 104 104 104 104 104 104 104 104 104 104 104 104 104 104 104 104 104 104 
acm window 7 2 5 10 15 17 19 21 21 21 22 23 24 25 25 25 25 25 25 25 25 25 25 25 25 25 25 25 25 25 25 25 25 25 25 25 25 25 25 25 25 26 27 28 28 28 28 28 28 28 28 29 30 
tsim fire 7 2 2 2 2 2 2 2 2 3 3 3 3 3 3 3 3 3 3 3 3 3 3 3 3 3 3 3 3 3 3 3 4 4 4 4 4 4 4 4 5 5 5 5 5 6 6 6 6 6 6 6 6 
tsim human 7 2 13 13 13 13 13 12 11 11 9 7 7 7 6 6 5 5 5 5 5 5 5 5 5 5 5 5 5 5 5 5 5 5 5 5 5 5 5 5 5 5 5 5 5 5 5 5 5 5 5 5 5 
tsim window 7 2 5 5 5 5 5 5 5 5 6 6 6 6 6 6 6 6 6 6 6 6 6 6 6 6 6 6 6 6 6 6 6 6 6 6 6 6 6 6 6 7 7 7 7 9 9 9 9 9 9 10 10 
runtime -1 7 2 4.651456594467163 1.4275429248809814 1.2598514556884766 2.6507015228271484 2.970102548599243 1.9741182327270508 2.559781312942505 2.7494983673095703 1.9805717468261719 1.9947490692138672 
avg_run -1 7 2 2.4218373775482176
al_time -1 7 2 0.01671743392944336 0.012970209121704102 0.012687921524047852 0.026763439178466797 0.030915021896362305 0.02781844139099121 0.024933815002441406 0.026632070541381836 0.9001877307891846 0.026102304458618164 
avg_all -1 7 2 0.11057283878326415
random:3T:3000
sum 0 7 3 60 63 
sum 1 7 3 180 106 
sum 2 7 3 240 121 
sum 3 7 3 360 147 
sum 4 7 3 540 170 
sum 5 7 3 600 178 
sum 6 7 3 1200 210 
sum 7 7 3 1500 210 
sum 8 7 3 1800 210 
sum 9 7 3 2100 212 
sum 10 7 3 2400 216 
sum 11 7 3 2700 224 
sum 12 7 3 3000 227 
miss fire 7 3 2 2 2 0 0 1 1 1 1 1 1 1 0 0 0 0 0 0 0 0 0 0 0 0 0 0 0 0 0 0 0 0 0 0 1 1 1 1 1 0 1 2 2 2 1 1 1 0 0 0 0 
miss human 7 3 18 17 12 11 11 11 7 5 5 7 6 6 7 5 5 1 1 0 0 0 0 0 0 0 0 0 0 0 0 0 0 0 0 0 0 0 0 0 0 0 0 0 0 0 0 0 0 0 0 0 0 
miss window 7 3 12 12 10 8 4 3 3 1 1 1 1 1 1 2 2 0 0 0 0 0 0 0 0 0 0 0 0 0 0 0 0 0 0 0 0 0 0 0 0 0 0 0 0 0 0 0 0 0 0 1 1 
acm fire 7 3 2 4 6 6 6 7 8 9 10 11 12 13 13 13 13 13 13 13 13 13 13 13 13 13 13 13 13 13 13 13 13 13 13 13 14 15 16 17 18 18 19 21 23 25 26 27 28 28 28 28 28 
acm human 7 3 18 35 47 58 69 80 87 92 97 104 110 116 123 128 133 134 135 135 135 135 135 135 135 135 135 135 135 135 135 135 135 135 135 135 135 135 135 135 135 135 135 135 135 135 135 135 135 135 135 135 135 
acm window 7 3 12 24 34 42 46 49 52 53 54 55 56 57 58 60 62 62 62 62 62 62 62 62 62 62 62 62 62 62 62 62 62 62 62 62 62 62 62 62 62 62 62 62 62 62 62 62 62 62 62 63 64 
tsim fire 7 3 2 2 2 2 2 3 3 3 3 3 3 3 3 3 3 3 3 3 3 3 3 3 3 3 3 3 3 3 3 3 3 3 3 3 4 4 4 4 4 4 5 6 6 6 6 6 6 6 6 6 6 
tsim human 7 3 18 17 17 17 15 15 14 13 12 10 10 10 9 8 8 8 8 8 8 8 8 8 8 8 8 8 8 8 8 8 8 8 8 8 8 8 8 8 8 8 8 8 8 8 8 8 8 8 8 8 8 
tsim window 7 3 12 12 12 12 12 12 13 13 13 13 13 13 13 14 14 14 14 14 14 14 14 14 14 14 14 14 14 14 14 14 14 14 14 14 14 14 14 14 14 14 14 15 15 15 15 15 15 15 15 16 16 
runtime -1 7 3 5.081995248794556 3.4694340229034424 3.0054805278778076 3.261552095413208 2.1599807739257812 2.1144063472747803 1.2612667083740234 1.7245733737945557 1.195816993713379 1.081242322921753 
avg_run -1 7 3 2.435574841499329
al_time -1 7 3 0.03131556510925293 0.026966333389282227 0.015265464782714844 0.014468193054199219 0.01470494270324707 0.03358268737792969 0.01830458641052246 0.016953468322753906 0.5894856452941895 0.015371084213256836 
avg_all -1 7 3 0.07764179706573486
random:4T:3000
sum 0 7 4 60 35 
sum 1 7 4 180 55 
sum 2 7 4 240 63 
sum 3 7 4 360 68 
sum 4 7 4 540 72 
sum 5 7 4 600 74 
sum 6 7 4 1200 79 
sum 7 7 4 1500 81 
sum 8 7 4 1800 83 
sum 9 7 4 2100 84 
sum 10 7 4 2400 89 
sum 11 7 4 2700 90 
sum 12 7 4 3000 95 
miss fire 7 4 1 1 0 0 0 0 0 0 0 0 1 1 0 0 0 0 0 0 0 1 1 1 0 0 0 0 0 0 0 0 0 0 0 0 0 1 1 1 1 1 1 0 0 0 0 0 0 0 0 0 0 
miss human 7 4 12 11 8 7 6 2 2 1 1 2 1 1 0 0 0 0 0 0 0 0 0 0 0 0 0 0 0 0 0 0 0 0 0 0 0 0 0 0 0 0 0 0 0 0 0 0 0 0 0 0 0 
miss window 7 4 5 5 3 2 2 1 0 0 0 0 0 0 0 0 0 0 0 0 0 0 1 1 0 0 0 0 0 1 1 0 0 0 0 0 0 0 0 0 0 0 0 0 0 0 0 1 1 1 1 1 1 
acm fire 7 4 1 2 2 2 2 2 2 2 2 2 3 4 4 4 4 4 4 4 4 5 6 7 7 7 7 7 7 7 7 7 7 7 7 7 7 8 9 10 11 12 13 13 13 13 13 13 13 13 13 13 13 
acm human 7 4 12 23 31 38 44 46 48 49 50 52 53 54 54 54 54 54 54 54 54 54 54 54 54 54 54 54 54 54 54 54 54 54 54 54 54 54 54 54 54 54 54 54 54 54 54 54 54 54 54 54 54 
acm window 7 4 5 10 13 15 17 18 18 18 18 18 18 18 18 18 18 18 18 18 18 18 19 20 20 20 20 20 20 21 22 22 22 22 22 22 22 22 22 22 22 22 22 22 22 22 22 23 24 25 26 27 28 
tsim fire 7 4 1 1 1 1 1 1 1 1 1 1 2 2 2 2 2 2 2 2 2 3 3 3 3 3 3 3 3 3 3 3 3 3 3 3 3 4 4 4 4 4 4 4 4 4 4 4 4 4 4 4 4 
tsim human 7 4 12 11 10 10 10 9 9 9 9 8 8 8 7 7 7 7 7 7 7 7 7 7 7 7 7 7 7 7 7 7 7 7 7 7 7 7 7 7 7 7 7 7 7 7 7 7 7 7 7 7 7 
tsim window 7 4 5 5 5 5 5 5 5 5 5 5 5 5 5 5 5 5 5 5 5 11 12 12 12 12 12 12 12 13 13 13 13 13 13 13 13 13 13 13 13 13 13 13 13 13 13 14 14 14 14 14 14 
runtime -1 7 4 2.5036537647247314 1.3351740837097168 1.7070896625518799 3.9213614463806152 2.383864164352417 2.042940855026245 
avg_run -1 7 4 2.315680662790934
al_time -1 7 4 0.014228343963623047 0.011500358581542969 0.8806266784667969 0.03502321243286133 0.0173490047454834 0.027899980545043945 
avg_all -1 7 4 0.16443792978922525
random:5T:3000
sum 0 7 5 60 36 
sum 1 7 5 180 60 
sum 2 7 5 240 70 
sum 3 7 5 360 86 
sum 4 7 5 540 106 
sum 5 7 5 600 115 
sum 6 7 5 1200 143 
sum 7 7 5 1500 148 
sum 8 7 5 1800 153 
sum 9 7 5 2100 155 
sum 10 7 5 2400 157 
sum 11 7 5 2700 170 
sum 12 7 5 3000 178 
miss fire 7 5 1 1 1 0 1 1 1 1 2 2 3 3 1 1 0 0 0 0 0 0 0 0 0 0 1 1 1 1 1 1 1 1 1 0 0 0 0 0 0 1 1 1 3 3 3 3 2 2 0 1 1 
miss human 7 5 11 11 9 7 6 6 5 3 6 6 6 4 3 2 1 1 0 0 1 1 1 1 1 1 0 0 0 0 0 0 0 0 0 0 0 0 0 0 0 0 0 0 0 0 0 0 0 0 0 0 0 
miss window 7 5 6 6 4 3 3 2 1 0 0 0 0 0 0 0 1 1 1 2 2 2 0 0 0 0 0 0 0 0 0 0 0 0 0 0 0 0 0 0 0 0 0 0 0 0 0 0 0 0 0 1 1 
acm fire 7 5 1 2 3 3 4 5 6 7 9 11 14 17 18 19 19 19 19 19 19 19 19 19 19 19 20 21 22 23 24 25 26 27 28 28 28 28 28 28 28 29 30 31 34 37 40 43 45 47 47 48 49 
acm human 7 5 11 22 31 38 44 50 55 58 64 70 76 80 83 85 86 87 87 87 88 89 90 91 92 93 93 93 93 93 93 93 93 93 93 93 93 93 93 93 93 93 93 93 93 93 93 93 93 93 93 93 93 
acm window 7 5 6 12 16 19 22 24 25 25 25 25 25 25 25 25 26 27 28 30 32 34 34 34 34 34 34 34 34 34 34 34 34 34 34 34 34 34 34 34 34 34 34 34 34 34 34 34 34 34 34 35 36 
tsim fire 7 5 1 1 1 1 2 2 2 2 3 3 4 4 4 4 4 4 4 4 4 4 4 4 4 4 4 4 4 4 4 4 4 4 4 3 3 3 3 3 3 4 4 4 6 6 7 7 7 7 7 8 8 
tsim human 7 5 11 11 11 10 10 10 9 8 11 11 11 9 9 6 6 6 6 6 6 6 6 6 6 6 6 6 6 6 6 6 6 6 6 6 6 6 6 6 6 6 6 6 6 6 6 6 6 6 6 6 6 
tsim window 7 5 6 6 6 6 6 6 6 6 9 9 9 9 9 9 10 10 10 11 12 12 12 12 12 12 12 12 12 12 12 12 12 12 12 12 12 12 12 12 12 12 12 12 12 12 12 12 12 12 12 14 14 
runtime -1 7 5 2.5506231784820557 1.2394087314605713 3.052968978881836 3.9452695846557617 3.234025716781616 1.9596025943756104 2.5844483375549316 1.4257609844207764 1.1277976036071777 0.354259729385376 
avg_run -1 7 5 2.1474165439605715
al_time -1 7 5 0.01405954360961914 1.0277433395385742 0.02796459197998047 0.027074337005615234 0.03329110145568848 0.03305506706237793 0.03505229949951172 0.026565074920654297 0.02810835838317871 0.02046370506286621 
avg_all -1 7 5 0.12733774185180663
random:6T:3000
sum 0 7 6 60 46 
sum 1 7 6 180 79 
sum 2 7 6 240 91 
sum 3 7 6 360 104 
sum 4 7 6 540 121 
sum 5 7 6 600 126 
sum 6 7 6 1200 157 
sum 7 7 6 1500 159 
sum 8 7 6 1800 164 
sum 9 7 6 2100 168 
sum 10 7 6 2400 171 
sum 11 7 6 2700 186 
sum 12 7 6 3000 200 
miss fire 7 6 1 1 2 2 3 1 1 0 0 0 1 1 0 0 0 0 0 0 0 0 0 0 0 0 0 0 1 1 1 1 1 1 1 0 1 1 1 1 0 0 1 2 3 2 3 2 2 2 2 1 1 
miss human 7 6 15 15 10 9 5 5 3 4 6 6 4 4 2 1 0 1 2 2 2 2 2 0 0 0 1 1 0 0 0 0 0 0 0 0 0 0 0 0 0 0 0 0 0 0 0 0 0 0 0 0 0 
miss window 7 6 7 7 5 5 4 2 1 1 0 0 0 1 1 2 2 2 1 0 1 1 1 0 0 0 0 0 0 0 0 0 0 0 0 0 0 0 0 0 0 0 0 0 0 1 1 1 1 1 1 1 2 
acm fire 7 6 1 2 4 6 9 10 11 11 11 11 12 13 13 13 13 13 13 13 13 13 13 13 13 13 13 13 14 15 16 17 18 19 20 20 21 22 23 24 24 24 25 27 30 32 35 37 39 41 43 44 45 
acm human 7 6 15 30 40 49 54 59 62 66 72 78 82 86 88 89 89 90 92 94 96 98 100 100 100 100 101 102 102 102 102 102 102 102 102 102 102 102 102 102 102 102 102 102 102 102 102 102 102 102 102 102 102 
acm window 7 6 7 14 19 24 28 30 31 32 32 32 32 33 34 36 38 40 41 41 42 43 44 44 44 44 44 44 44 44 44 44 44 44 44 44 44 44 44 44 44 44 44 44 44 45 46 47 48 49 50 51 53 
tsim fire 7 6 1 1 2 2 3 3 3 3 3 3 4 4 4 4 4 4 4 4 4 4 4 4 4 4 4 4 4 4 4 4 4 4 4 3 4 4 4 4 4 4 5 6 7 7 8 8 8 8 8 8 8 
tsim human 7 6 15 15 14 13 13 13 13 12 8 8 8 8 8 7 7 6 6 6 6 6 6 6 6 6 6 6 6 6 6 6 6 6 6 6 6 6 6 6 6 6 6 6 6 6 6 6 6 6 6 6 6 
tsim window 7 6 7 7 7 7 7 7 7 7 7 7 10 11 11 12 12 12 12 12 13 13 13 13 13 13 13 13 13 13 13 13 13 13 13 13 13 13 13 13 13 13 13 13 13 14 15 15 15 15 15 16 17 
runtime -1 7 6 2.384107828140259 1.581017017364502 3.505099296569824 1.9057533740997314 1.745366096496582 1.1977324485778809 1.4285974502563477 1.3492765426635742 0.8346076011657715 0.6162443161010742 
avg_run -1 7 6 1.6547801971435547
al_time -1 7 6 0.014688253402709961 0.5235316753387451 0.015278816223144531 0.03341984748840332 0.01711106300354004 0.015900373458862305 0.014992952346801758 0.016271591186523438 0.015183687210083008 1.1461071968078613 
avg_all -1 7 6 0.18124854564666748
random:7T:3000
sum 0 7 7 60 33 
sum 1 7 7 180 54 
sum 2 7 7 240 62 
sum 3 7 7 360 74 
sum 4 7 7 540 85 
sum 5 7 7 600 89 
sum 6 7 7 1200 103 
sum 7 7 7 1500 105 
sum 8 7 7 1800 105 
sum 9 7 7 2100 108 
sum 10 7 7 2400 111 
sum 11 7 7 2700 119 
sum 12 7 7 3000 134 
miss fire 7 7 1 1 0 0 0 0 0 0 1 1 1 1 0 0 1 1 0 0 0 0 0 0 0 0 0 0 0 0 0 0 0 0 0 0 1 2 1 1 1 0 0 0 0 0 1 1 1 1 1 1 1 
miss human 7 7 11 10 9 8 7 6 6 3 3 3 3 3 2 3 2 1 0 0 0 0 0 0 0 0 0 0 0 0 0 0 0 0 0 0 0 0 0 0 0 0 0 0 0 0 0 0 0 0 0 0 0 
miss window 7 7 5 5 3 1 1 0 0 0 0 0 0 0 0 0 0 0 0 0 0 0 0 0 0 0 1 1 0 0 0 0 0 0 0 0 0 0 0 0 0 0 0 0 0 2 2 2 2 2 2 2 2 
acm fire 7 7 1 2 2 2 2 2 2 2 3 4 5 6 6 6 7 8 8 8 8 8 8 8 8 8 8 8 8 8 8 8 8 8 8 8 9 11 12 13 14 14 14 14 14 14 15 16 17 18 19 20 21 
acm human 7 7 11 21 30 38 45 51 57 60 63 66 69 72 74 77 79 80 80 80 80 80 80 80 80 80 80 80 80 80 80 80 80 80 80 80 80 80 80 80 80 80 80 80 80 80 80 80 80 80 80 80 80 
acm window 7 7 5 10 13 14 15 15 15 15 15 15 15 15 15 15 15 15 15 15 15 15 15 15 15 15 16 17 17 17 17 17 17 17 17 17 17 17 17 17 17 17 17 17 17 19 21 23 25 27 29 31 33 
tsim fire 7 7 1 1 1 1 1 1 1 1 2 2 2 2 2 2 3 3 3 3 3 3 3 3 3 3 3 3 3 3 3 3 3 3 3 3 4 5 5 5 5 5 5 5 5 5 6 6 6 6 6 6 6 
tsim human 7 7 11 10 10 10 10 10 10 8 8 8 8 8 7 6 5 4 4 4 4 4 4 4 4 4 4 4 4 4 4 4 4 4 4 4 4 4 4 4 4 4 4 4 4 4 4 4 4 4 4 4 4 
tsim window 7 7 5 5 5 5 5 5 5 5 5 5 5 5 5 5 11 11 11 11 11 11 11 11 11 11 12 12 12 12 12 12 12 12 12 12 12 12 12 12 12 12 12 12 12 14 16 16 16 16 16 16 16 
runtime -1 7 7 2.267336130142212 1.4350144863128662 1.20951509475708 2.3463521003723145 1.6681571006774902 1.1535322666168213 1.2354247570037842 1.2107038497924805 
avg_run -1 7 7 1.565754473209381
al_time -1 7 7 0.014113426208496094 0.0117034912109375 0.42349934577941895 0.014415264129638672 0.016844987869262695 0.01600813865661621 0.01496577262878418 0.015521049499511719 
avg_all -1 7 7 0.06588393449783325
random:8T:3000
sum 0 7 8 60 24 
sum 1 7 8 180 39 
sum 2 7 8 240 44 
sum 3 7 8 360 52 
sum 4 7 8 540 63 
sum 5 7 8 600 67 
sum 6 7 8 1200 81 
sum 7 7 8 1500 81 
sum 8 7 8 1800 81 
sum 9 7 8 2100 82 
sum 10 7 8 2400 86 
sum 11 7 8 2700 88 
sum 12 7 8 3000 94 
miss fire 7 8 1 1 0 0 0 0 0 0 1 1 1 2 2 2 2 0 0 0 0 0 0 0 0 0 0 0 0 0 0 0 0 0 0 0 0 1 1 1 1 1 0 0 0 0 0 0 1 0 0 0 0 
miss human 7 8 6 6 6 5 4 4 4 3 3 3 3 1 1 1 0 0 0 0 0 0 0 0 0 0 0 0 0 0 0 0 0 0 0 0 0 0 0 0 0 0 0 0 0 0 0 0 0 0 0 0 0 
miss window 7 8 5 5 2 2 1 0 0 0 0 0 0 0 0 0 0 0 0 1 2 0 0 0 0 0 0 0 0 0 0 0 0 0 0 0 0 0 0 0 0 0 0 0 0 0 1 1 1 1 1 1 1 
acm fire 7 8 1 2 2 2 2 2 2 2 3 4 5 7 9 11 13 13 13 13 13 13 13 13 13 13 13 13 13 13 13 13 13 13 13 13 13 14 15 16 17 18 18 18 18 18 18 18 19 19 19 19 19 
acm human 7 8 6 12 18 23 27 31 35 38 41 44 47 48 49 50 50 50 50 50 50 50 50 50 50 50 50 50 50 50 50 50 50 50 50 50 50 50 50 50 50 50 50 50 50 50 50 50 50 50 50 50 50 
acm window 7 8 5 10 12 14 15 15 15 15 15 15 15 15 15 15 15 15 15 16 18 18 18 18 18 18 18 18 18 18 18 18 18 18 18 18 18 18 18 18 18 18 18 18 18 18 19 20 21 22 23 24 25 
tsim fire 7 8 1 1 1 1 1 1 1 1 2 2 2 3 3 3 3 3 3 3 3 3 3 3 3 3 3 3 3 3 3 3 3 3 3 3 3 4 4 4 4 4 4 4 4 4 4 4 5 5 5 5 5 
tsim human 7 8 6 6 6 6 5 5 5 4 4 4 4 2 2 2 1 1 1 1 1 1 1 1 1 1 1 1 1 1 1 1 1 1 1 1 1 1 1 1 1 1 1 1 1 1 1 1 1 1 1 1 1 
tsim window 7 8 5 5 5 5 5 5 5 5 5 5 5 10 10 10 10 10 10 11 12 12 12 12 12 12 12 12 12 12 12 12 12 12 12 12 12 12 12 12 12 12 12 12 12 12 13 13 13 13 13 13 13 
runtime -1 7 8 2.4172394275665283 1.3369176387786865 2.925194263458252 1.3496434688568115 1.7034976482391357 1.4109501838684082 0.46239447593688965 
avg_run -1 7 8 1.6579767295292445
al_time -1 7 8 0.013725757598876953 0.48762059211730957 0.018891334533691406 0.01468968391418457 0.016033649444580078 0.01597452163696289 0.011517047882080078 
avg_all -1 7 8 0.08263608387538365
random:9T:3000
sum 0 7 9 60 50 
sum 1 7 9 180 89 
sum 2 7 9 240 108 
sum 3 7 9 360 135 
sum 4 7 9 540 158 
sum 5 7 9 600 162 
sum 6 7 9 1200 177 
sum 7 7 9 1500 179 
sum 8 7 9 1800 179 
sum 9 7 9 2100 183 
sum 10 7 9 2400 193 
sum 11 7 9 2700 199 
sum 12 7 9 3000 212 
miss fire 7 9 1 1 1 1 1 1 1 0 1 1 1 1 0 0 0 0 0 0 0 0 0 0 1 0 0 0 0 0 0 0 0 0 0 0 0 0 0 0 2 2 1 1 1 1 1 1 1 2 2 1 3 
miss human 7 9 20 20 15 15 15 12 9 6 8 7 3 4 2 2 1 1 0 0 0 0 0 0 0 0 0 0 0 0 0 0 0 0 0 0 0 0 0 0 0 0 0 0 0 0 0 0 0 0 0 0 0 
miss window 7 9 4 4 4 3 3 2 2 0 0 0 0 0 0 0 0 0 0 1 1 1 1 1 0 0 0 0 0 0 0 0 0 0 1 1 1 1 1 1 1 1 1 1 0 0 0 0 0 1 1 1 1 
acm fire 7 9 1 2 3 4 5 6 7 7 8 9 10 11 11 11 11 11 11 11 11 11 11 11 12 12 12 12 12 12 12 12 12 12 12 12 12 12 12 12 14 16 17 18 19 20 21 22 23 25 27 28 31 
acm human 7 9 20 40 55 70 85 97 106 112 120 127 130 134 136 138 139 140 140 140 140 140 140 140 140 140 140 140 140 140 140 140 140 140 140 140 140 140 140 140 140 140 140 140 140 140 140 140 140 140 140 140 140 
acm window 7 9 4 8 12 15 18 20 22 22 22 22 22 22 22 22 22 22 22 23 24 25 26 27 27 27 27 27 27 27 27 27 27 27 28 29 30 31 32 33 34 35 36 37 37 37 37 37 37 38 39 40 41 
tsim fire 7 9 1 1 1 1 1 1 1 1 2 2 2 2 2 2 2 2 2 2 2 2 2 2 3 3 3 3 3 3 3 3 3 3 3 3 3 3 3 3 5 5 5 5 5 5 5 5 5 6 6 6 8 
tsim human 7 9 20 20 19 19 19 18 16 16 14 13 11 8 4 4 4 4 4 4 4 4 4 4 4 4 4 4 4 4 4 4 4 4 4 4 4 4 4 4 4 4 4 4 4 4 4 4 4 4 4 4 4 
tsim window 7 9 4 4 4 4 4 4 4 4 4 4 4 4 4 4 4 4 4 5 5 5 5 5 10 10 10 10 10 10 10 10 10 10 11 11 11 11 11 11 11 11 11 11 11 11 11 11 11 12 12 12 12 
runtime -1 7 9 2.464228391647339 1.274097204208374 1.080392837524414 0.7584836483001709 1.0770204067230225 1.078035831451416 1.5112264156341553 1.3147025108337402 1.2859086990356445 0.17354083061218262 
avg_run -1 7 9 1.201763677597046
al_time -1 7 9 0.014107942581176758 0.0114898681640625 0.011318445205688477 0.010905265808105469 0.01115727424621582 0.45599985122680664 0.016064882278442383 0.016275644302368164 0.018643617630004883 0.010590314865112305 
avg_all -1 7 9 0.05765531063079834
