random:4T:1200
1 -1 0 0.52 0 -3 6.13403125 12 268 0.30909375 151.8050604166668 0.9272812500000001 0.9103031158447266 4
1 -1 1 0.43 0.2729916666666667 -2 4.272520833333333 12 268 0.3078333333333333 124.79529583333338 1.1964916666666665 14.86776876449585 4
1 -1 2 0.43 0.21109999999999998 -1 4.414635416666667 12 268 0.31399999999999995 124.97313958333348 1.1530999999999998 6.625442028045654 4
1 -1 3 0.4 0.0 -6 3.4337604166666664 12 268 0.19994791666666664 113.20078124999996 0.5998437499999999 0.07245802879333496 4
1 -1 4 0.43 0.27350833333333335 -2 4.359104166666667 12 268 0.307 123.82362083333342 1.1945083333333333 15.833974838256836 4
1 -1 5 0.42 0.17961666666666665 -1 3.7468333333333335 12 268 0.19563541666666667 119.19227499999995 0.7665229166666666 2.900132179260254 4
1 -1 6 0.44 0.20388333333333336 -1 5.044562499999999 12 268 0.3275104166666667 127.47145416666669 1.1864145833333335 14.269262075424194 4
1 -1 7 0.44 0.16723333333333334 -2 7.288385416666667 12 268 0.4764583333333333 131.53295625000004 1.5966083333333332 0.9623641967773438 4
1 -1 8 0.03 0 -244 0 0 256 0 6.923199999999995 0 9.60460901260376 4
random:4T:1800
1 -1 0 2.17 0 -26 26.328467948717954 16 365 0.3634679487179487 846.0787816239316 1.0904038461538461 0.9800200462341309 4
1 -1 1 0.42 0.25440555555555555 -1 4.020307692307692 12 268 0.27872435897435893 120.64256196581199 1.0905786324786324 13.25516414642334 4
1 -1 2 0.41 0.2589944444444444 -1 4.048897435897436 12 268 0.2852051282051283 118.85999786324783 1.1146098290598294 4.838936805725098 4
1 -1 3 0.45 0.18576111111111113 -1 3.1651538461538458 12 268 0.2315448717948718 127.76933376068374 0.8803957264957265 0.07655787467956543 4
1 -1 4 2.42 0.0 -18 26.54805128205128 16 365 0.2828076923076923 934.7263316239319 0.848423076923077 0.1245107650756836 4
1 -1 5 0.4 0.20565555555555556 -1 3.726602564102563 12 268 0.23532051282051283 115.9234465811965 0.9116170940170941 3.1801750659942627 4
1 -1 6 2.43 0.0 -17 29.410628205128205 16 365 0.3191410256410257 947.5560123931623 0.9574230769230772 15.043535232543945 4
1 -1 7 0.39 0.14993888888888887 -2 6.5951153846153865 12 268 0.43539102564102566 118.63119059829049 1.456111965811966 0.351607084274292 4
1 -1 8 0.03 0 -244 0 0 256 0 7.000399999999951 0 10.340317010879517 4
random:4T:2400
1 -1 0 0.95 0 -24 11.711724074074068 16 365 0.25906481481481486 368.7050888888889 0.7771944444444445 0.9048440456390381 4
1 -1 1 0.72 0.20291666666666666 -1 7.460324074074075 16 365 0.22841203703703702 276.92780972222226 0.8881527777777777 1.435317039489746 4
