random:7T:1200
1 -1 0 0.51 0 -13 7.535614583333333 14 270 0.3095833333333333 151.9913270833335 0.92875 0.36154699325561523 7
1 -1 1 0.44 0.19375833333333334 -2 5.307833333333334 14 270 0.3077916666666667 130.12711666666664 1.1171333333333333 3.317218065261841 7
1 -1 2 0.42 0.19429166666666667 -1 4.812729166666665 14 270 0.28340624999999997 122.97844583333337 1.0445104166666666 14.401198148727417 7
1 -1 3 0.39 0.0 -10 3.9487499999999995 14 270 0.19988541666666665 113.06676666666668 0.59965625 0.0737600326538086 7
1 -1 4 0.44 0.19375833333333334 -2 5.187697916666666 14 270 0.32393750000000004 129.41106875 1.1655708333333334 2.808748960494995 7
1 -1 5 0.4 0.19030833333333333 -2 4.416677083333333 14 270 0.25157291666666665 117.2059979166666 0.9450270833333332 14.903741121292114 7
1 -1 6 0.45 0.21166666666666667 -1 5.007677083333333 14 270 0.25496875 130.29381458333333 0.9765729166666668 3.9801881313323975 7
1 -1 7 0.45 0.15844999999999998 -1 6.726 14 270 0.42508333333333326 135.16340000000002 1.4336999999999998 0.9555580615997314 7
1 -1 8 0.05 0 -231 0 0 256 0 12.534816666666662 0 9.438653945922852 7
random:7T:1800
1 -1 0 1.7 0 -62 22.32173076923077 18 367 0 669.6551923076926 0 0.349473237991333 7
1 -1 1 1.5 0.0 -60 8.628891025641027 18 367 0 566.0234064102563 0.0 4.77518892288208 7
1 -1 2 0.4 0.23616111111111113 -1 4.61123717948718 14 270 0.2866346153846154 117.84385042735043 1.0960649572649572 15.187326192855835 7
1 -1 3 0.44 0.0 -2 4.088442307692308 14 270 0.23584615384615382 125.94756025641021 0.7075384615384614 0.08431601524353027 7
1 -1 4 0.43 0.24486666666666665 -2 5.0046923076923076 14 270 0.3090064102564103 126.16457692307704 1.1718858974358974 3.2059972286224365 7
1 -1 5 0.4 0.18401111111111113 -1 4.5413461538461535 14 270 0.2595128205128205 116.0892606837606 0.9625495726495725 14.136521100997925 7
1 -1 6 0.42 0.2469111111111111 -1 5.055923076923076 14 270 0.271275641025641 123.93857478632479 1.0607380341880341 4.6855409145355225 7
1 -1 7 1.4 0.0 -61 17.55086538461538 18 367 0 547.9490128205126 0.0 0.7372009754180908 7
1 -1 8 0.05 0 -231 0 0 256 0 12.388677777777696 0 10.174437046051025 7
random:7T:2400
1 -1 0 0.7 0 -36 9.06895138888889 18 367 0 276.2303583333336 0 0.2393651008605957 7
1 -1 1 0.61 0 -1 6.4543425925925915 18 367 0.23947916666666666 236.5419152777778 0.7184375 8.392014980316162 7
1 -1 2 0.55 0.0 -6 6.181233796296296 18 367 0.23529166666666665 213.3646180555555 0.7058749999999999 3.3942461013793945 7
1 -1 3 1.42 0 -22 6.516458333333335 18 367 0.18284722222222222 534.7109069444449 0.5485416666666667 0.08637094497680664 7
1 -1 4 0.61 0 -4 6.169976851851851 18 367 0.2412291666666667 235.00341388888873 0.7236875 5.09230899810791 7
1 -1 5 0.49 0.0 -20 5.47901388888889 18 367 0.151875 190.27501666666657 0.45562500000000006 2.160435199737549 7
1 -1 6 0.56 0.0 -7 6.765951388888887 18 367 0.21804166666666666 220.25418749999994 0.654125 17.71754503250122 7
1 -1 7 0.57 0.11745833333333335 -2 7.861238425925926 18 367 0.24812499999999998 226.65975694444433 0.8618333333333333 0.7475190162658691 7
1 -1 8 0.05 0 -231 0 0 256 0 12.285591666666551 0 6.566441297531128 7
random:7T:2700
1 -1 0 0.64 0 -28 8.447160725453408 18 367 0.1479871794871795 253.014193857272 0.44396153846153846 0.7153661251068115 7
1 -1 1 0.54 0.21001282051282052 -2 6.1416328955597255 18 367 0.2810769230769231 208.6995331596137 1.05324358974359 15.908613920211792 7
1 -1 2 0.49 0.18184615384615385 -2 5.533735146966855 18 367 0.18184615384615385 189.48836612466138 0.7274236467236467 7.896349906921387 7
1 -1 3 0.81 0.15175 -2 4.584975101626015 18 367 0.15175 304.8840086382115 0.6178125 0.06588387489318848 7
1 -1 4 0.53 0.1586153846153846 -1 5.586804565353345 18 367 0.1586153846153846 204.35317381002017 0.6777051282051282 12.90111517906189 7
1 -1 5 0.46 0.0955128205128205 -2 4.800214509068169 18 367 0.0955128205128205 176.6505751511362 0.4613076923076923 7.8676838874816895 7
1 -1 6 0.5 0.15667948717948718 -1 5.783521263289556 18 367 0.15667948717948718 196.7507068098116 0.6523717948717949 6.5897626876831055 7
1 -1 7 0.51 0.09556410256410257 -2 7.495709193245778 18 367 0.09556410256410257 201.0384939615036 0.4684737891737892 0.26506876945495605 7
1 -1 8 0.05 0 -231 0 0 256 0 12.246755555555424 0 3.3899052143096924 7
random:8T:1200
1 -1 0 0.51 0 -1 5.122989583333333 10 266 0.38128125 146.67852708333322 1.14384375 0.27045702934265137 8
1 -1 1 0.43 0.27089583333333334 -1 3.1609375 10 266 0.27089583333333334 121.30252916666669 1.1079791666666667 13.012887954711914 8
1 -1 2 0.44 0.264275 -1 3.454979166666667 10 266 0.32071875000000005 123.2377791666666 1.22643125 13.281149864196777 8
1 -1 3 0.39 0.0 -10 2.59696875 10 266 0.19742708333333334 109.16993958333322 0.59228125 0.06450390815734863 8
1 -1 4 0.43 0.2952916666666667 -1 3.2214895833333332 10 266 0.30202083333333335 120.4533270833332 1.2013541666666667 12.328821897506714 8
1 -1 5 0.41 0.17530833333333334 -1 2.7953333333333337 10 266 0.18180208333333334 115.2433083333334 0.7207145833333333 1.088763952255249 8
1 -1 6 0.43 0.17158333333333334 -1 3.5064166666666665 10 266 0.27078125000000003 120.43127500000006 0.9839270833333335 2.220853090286255 8
1 -1 7 0.44 0.16388333333333333 -2 5.427010416666668 10 266 0.4631979166666667 127.43280624999998 1.5534770833333336 0.20062017440795898 8
1 -1 8 0.03 0 -244 0 0 256 0 6.923199999999995 0 6.737821817398071 8
random:8T:1800
1 -1 0 0.82 0 -17 10.058848717948717 14 363 0.33001923076923073 316.8404794871796 0.9900576923076922 0.6164002418518066 8
1 -1 1 2.46 0.0 -19 25.11040384615385 14 363 0.27399999999999997 942.2998226495727 0.8219999999999998 0.10619401931762695 8
1 -1 2 0.86 0.0 -18 10.528618589743582 14 363 0.2721025641025641 334.47170854700875 0.8163076923076924 9.705363750457764 8
1 -1 3 0.91 0.0 -16 7.334415384615385 14 363 0.21052564102564109 345.17572948717935 0.6315769230769233 0.05720806121826172 8
1 -1 4 2.56 0.0 -16 27.36894871794872 14 363 0.29911538461538456 982.7648794871797 0.8973461538461537 0.0734250545501709 8
1 -1 5 0.7 0.0 -22 7.439494871794869 14 363 0.2482948717948718 268.4307846153845 0.7448846153846154 11.087822675704956 8
1 -1 6 1.31 0.0 -23 18.649365384615386 14 363 0.29349358974358974 514.3644517094016 0.8804807692307692 5.8740153312683105 8
1 -1 7 0.77 0.0 -2 11.634873076923078 14 363 0.4918461538461539 301.2926525641028 1.4755384615384617 0.6545579433441162 8
1 -1 8 0.03 0 -244 0 0 256 0 7.000399999999951 0 6.902830123901367 8
random:8T:2400
1 -1 0 0.64 0 -5 6.8860268518518515 14 363 0.2941018518518518 246.06951666666657 0.8823055555555553 0.6084158420562744 8
1 -1 1 0.62 0.20264999999999997 -1 5.772412878787879 14 363 0.24981944444444446 237.3843276515151 0.9521083333333333 6.479275941848755 8
1 -1 2 0.55 0.247175 -1 5.59402380952381 14 363 0.25458333333333333 210.70449761904763 1.0109249999999999 16.652508974075317 8
1 -1 3 0.6 0.0 -3 4.112597222222222 14 363 0.18266203703703704 224.39027916666677 0.5479861111111111 0.057726144790649414 8
1 -1 4 0.57 0.2498625 -1 5.29744708994709 14 363 0.27342592592592596 216.96011507936512 1.070140277777778 14.925979137420654 8
1 -1 5 0.5 0.2028083333333333 -1 5.137132407407406 14 363 0.23779166666666665 193.28753472222218 0.9161833333333333 8.08611011505127 8
1 -1 6 0.61 0.20988333333333334 -1 5.868791666666667 14 363 0.24106481481481484 232.66464027777755 0.9330777777777778 17.071874856948853 8
1 -1 7 0.54 0.08291111111111112 -2 5.953090740740741 14 363 0.08291111111111112 207.30869722222224 0.37025833333333336 0.43212008476257324 8
1 -1 8 0.03 0 -244 0 0 256 0 7.038999999999928 0 7.138357162475586 8
random:8T:2700
1 -1 0 0.61 0 -7 6.418596341463413 14 363 0.26082520325203246 233.86832513550138 0.7824756097560974 0.2743089199066162 8
1 -1 1 0.55 0.18233333333333332 -1 4.943267784552845 14 363 0.24904471544715445 208.03755937217704 0.9294674796747967 5.108556032180786 8
1 -1 2 0.59 0.23805555555555555 -2 39.46223833975182 18 367 0.2675772357723577 294.1542840251033 1.0407872628726287 2.2789230346679688 8
1 -1 3 0.55 0.0 -3 3.518097154471545 14 363 0.16098780487804878 207.70865350045165 0.4829634146341464 0.06145000457763672 8
1 -1 4 0.6 0.2502740740740741 -2 35.457842105263154 18 367 0.2676707317073171 289.8927734892785 1.0532862691960254 0.741469144821167 8
1 -1 5 0.46 0.1824037037037037 -1 4.748266666666666 14 363 0.2238170731707317 177.59992499999996 0.8538549232158988 3.63151478767395 8
1 -1 6 0.59 0.1985333333333333 -1 39.71077886178863 18 367 0.26565853658536587 296.4353884372178 0.9955089430894309 1.870661735534668 8
1 -1 7 0.49 0.1723148148148148 -1 6.236963821138213 14 363 0.20918333333333333 191.43598590785925 0.7998648148148149 0.22482085227966309 8
1 -1 8 0.03 0 -244 0 0 256 0 7.05128888888881 0 3.105699062347412 8
random:9T:1200
1 -1 0 0.52 0 -10 13.816562499999993 20 276 0.45301388888888894 171.7706041666667 1.3590416666666667 0.2818889617919922 9
1 -1 1 0.43 0.21951666666666664 -2 7.9632152777777785 20 276 0.26244791666666667 133.80080416666664 1.0068604166666666 2.7907207012176514 9
1 -1 2 0.41 0.21844999999999998 -2 6.763625 20 276 0.23101041666666663 127.38240833333332 0.9114812499999998 1.3734097480773926 9
1 -1 3 0.39 0.0 -10 5.945614583333334 20 276 0.16015625 119.11640208333338 0.48046875 0.04335212707519531 9
1 -1 4 0.43 0.22011666666666665 -2 8.033177083333333 20 276 0.27709374999999997 134.03554791666664 1.0513979166666667 2.3105340003967285 9
1 -1 5 0.4 0.20963333333333334 -1 6.287562500000001 20 276 0.2290104166666667 122.64070416666672 0.8966645833333334 2.8289427757263184 9
1 -1 6 0.42 0.19325833333333334 -1 10.374944444444447 20 276 0.33157291666666666 137.5888999999999 1.1879770833333334 2.0368449687957764 9
1 -1 7 0.44 0.16576666666666665 -1 13.242562499999998 20 276 0.5817777777777777 146.72760416666665 1.9110999999999998 0.15035605430603027 9
1 -1 8 0.03 0 -244 0 0 256 0 6.9122999999999974 0 6.304661989212036 9
random:9T:1800
1 -1 0 1.03 0 -60 21.329047785547786 24 373 0 427.47871002331027 0 0.2879176139831543 9
1 -1 1 1.24 0.0 -22 19.80254254079254 24 373 0.25148076923076923 502.4900554001549 0.7544423076923077 0.10066509246826172 9
1 -1 2 0.41 0.2776217948717949 -1 7.158641025641026 20 276 0.2776217948717949 127.63893418803407 1.144759829059829 3.0885658264160156 9
1 -1 3 0.43 0.0 -2 5.5917628205128205 20 276 0.21696153846153846 130.53946068376067 0.6508846153846154 0.0554049015045166 9
1 -1 4 1.27 0.0 -23 20.22760780885781 24 373 0.2685512820512821 513.93774009324 0.8056538461538463 0.08409810066223145 9
1 -1 5 1.15 0.0 -30 18.880076923076928 24 373 0.25673076923076926 465.64846410256376 0.7701923076923078 2.5689730644226074 9
1 -1 6 1.22 0.0 -22 18.624463286713286 24 373 0.30364102564102563 491.800073193473 0.910923076923077 5.991132020950317 9
1 -1 7 1.14 0.0 -26 23.72381351981352 24 373 0.5152628205128206 470.865685003885 1.5457884615384616 0.41416382789611816 9
1 -1 8 0.15 0 -339 33.95433333333299 10 359 0.0 120.36528888888772 0.0 2.4823760986328125 9
random:9T:2400
1 -1 0 0.61 0 -30 13.87814236111111 24 373 0.1504861111111111 254.88172291666666 0.4514583333333333 0.6186740398406982 9
1 -1 1 0.56 0.19954629629629628 -1 9.354349537037036 24 373 0.19954629629629628 229.12415416666659 0.8009388888888889 6.632658243179321 9
1 -1 2 0.66 0.27552777777777776 -1 10.664460648148143 24 373 0.27552777777777776 268.82781944444434 1.102358333333333 7.9473350048065186 9
1 -1 3 1.04 0.17329999999999998 -1 10.199319444444445 24 373 0.21513425925925925 409.2046861111109 0.8187027777777778 0.05713486671447754 9
1 -1 4 0.58 0.22440833333333335 -1 9.326394675925926 24 373 0.22520833333333332 234.67602291666654 0.9000333333333332 7.554962158203125 9
1 -1 5 0.53 0.19449166666666665 -1 9.258759259259259 24 373 0.24763888888888888 217.04449444444452 0.9374083333333333 15.43833589553833 9
1 -1 6 0.65 0.20300833333333335 -1 10.167628472222223 24 373 0.2713888888888889 264.25541458333333 1.017175 8.911872148513794 9
1 -1 7 0.52 0.16284583333333336 -1 11.917900462962967 24 373 0.19425 216.47207083333333 0.7455958333333333 0.1282660961151123 9
1 -1 8 0.06 0 -339 10.565307692307572 10 359 0.0 42.301814102563625 0.0 2.4307937622070312 9
random:9T:2700
1 -1 0 0.58 0 -21 13.493022516059822 24 373 0.11995098039215686 245.1747738662623 0.3598529411764706 1.144336223602295 9
1 -1 1 0.5 0.1822074074074074 -1 8.658079814391149 24 373 0.22361788617886175 204.37041700308623 0.8530610659439926 2.1581621170043945 9
1 -1 2 0.56 0.24058148148148145 -2 9.562424953095686 24 373 0.25864227642276416 228.84465178236397 1.0165083107497739 22.32217812538147 9
1 -1 3 0.77 0.21008888888888888 -1 8.876379526977086 24 373 0.2339552845528455 305.7182803317729 0.9119547425474254 0.07506608963012695 9
1 -1 4 0.52 0.2335037037037037 -2 8.651700834981325 24 373 0.2380772357723577 209.84232864873482 0.9477354110207767 2.589730978012085 9
1 -1 5 0.47 0.18778518518518517 -1 8.398780726924915 24 373 0.2377154471544715 193.22829490408637 0.9009315266485997 2.710677146911621 9
1 -1 6 0.57 0.18250370370370372 -1 8.965376062741916 24 373 0.23568292682926828 230.67877861557616 0.8895524841915086 20.76983404159546 9
1 -1 7 0.53 0.16578148148148147 -1 12.116990264185386 24 373 0.2178974358974359 222.93483774412294 0.8194737891737891 0.6087169647216797 9
1 -1 8 0.05 0 -339 8.619388888888787 10 359 0.0 35.817055555555136 0.0 6.840828895568848 9
