random:0T:1200
1 -1 0 0.62 0 -35 12.59595833333333 22 371 0 253.75389999999985 0 0.7790818214416504 0
1 -1 1 0.55 0 -2 8.422937500000002 22 371 0.17939583333333334 221.62710416666647 0.5381875 4.217287302017212 0
1 -1 2 0.56 0.0 -18 10.048847916666668 22 371 0.20532291666666666 227.14191874999992 0.61596875 20.04327392578125 0
1 -1 3 0.44 0.0 -66 6.877145833333334 22 371 0.0 175.71432083333352 0.0 0.10222315788269043 0
1 -1 4 0.55 0.0 -1 8.459458333333334 22 371 0.17939583333333334 220.2692916666665 0.5381875 4.1579909324646 0
1 -1 5 0.46 0.0 -9 8.806572916666665 22 371 0.19047916666666667 188.50016458333332 0.5714375 12.584444284439087 0
1 -1 6 0.68 0 -19 9.204875000000001 22 371 0 271.9651250000001 0 21.214348077774048 0
1 -1 7 0.52 0 -4 7.337020833333335 22 371 0.21086458333333333 209.0017083333332 0.63259375 1.1651148796081543 0
1 -1 8 0.05 0 -233 0 0 256 0 12.108333333333329 0 10.408461809158325 0
random:0T:1800
1 -1 0 0.53 0 -21 9.863413105413105 22 371 0 217.10955598290616 0 1.526900053024292 0
1 -1 1 0.45 0.22019871794871795 -1 7.610381155881157 22 371 0.22019871794871795 182.6181897639398 0.8861517094017094 13.326990127563477 0
1 -1 2 0.45 0.24207777777777778 -1 7.689491452991453 22 371 0.25855128205128214 182.44372991452983 1.0177316239316243 20.582842111587524 0
1 -1 3 0.44 0.0 -14 5.830878205128205 22 371 0.10455769230769231 173.8528272079773 0.31367307692307694 0.08801579475402832 0
1 -1 4 0.45 0.22331410256410256 -1 7.336190883190882 22 371 0.22331410256410256 181.22916339031335 0.8979423076923077 13.672106981277466 0
1 -1 5 0.41 0.1812037037037037 -1 6.906687932437933 22 371 0.22904487179487185 166.3382989824989 0.8683383190883192 8.580389976501465 0
1 -1 6 0.48 0.23019871794871796 -1 7.402185999186 22 371 0.23019871794871796 192.7991714896215 0.929191391941392 13.916985034942627 0
1 -1 7 0.44 0.20265740740740742 -2 8.989603276353277 22 371 0.31684615384615383 181.04716168091164 1.153195868945869 1.1099052429199219 0
1 -1 8 0.05 0 -233 0 0 256 0 12.08291111111103 0 9.83702278137207 0
random:0T:2400
1 -1 0 0.53 0.0 -51 16.517694692460317 26 468 0.04996354166666667 282.1913684523809 0.14989062500000003 0.9647619724273682 0
1 -1 1 0.62 0.0 -3 9.721223544973544 26 468 0.1918564814814815 308.54479265873005 0.5755694444444445 2.7552356719970703 0
1 -1 2 2.06 0.0 -22 37.85734222222221 26 468 0.205125 1041.5282016666665 0.615375 2.5641109943389893 0
1 -1 3 1.85 0.0 -10 16.061868386243386 26 468 0.13410185185185183 899.7595450396825 0.40230555555555547 0.06341195106506348 0
1 -1 4 0.82 0.0 -3 13.408028439153439 26 468 0.19567592592592592 410.2421007936507 0.5870277777777777 0.12681317329406738 0
1 -1 5 0.37 0.19347685185185184 -1 6.076208994708995 22 371 0.19347685185185184 147.69470853174604 0.7980079365079366 5.454224109649658 0
1 -1 6 0.7 0.0 -8 10.55721898148148 26 468 0.22812962962962963 348.17693611111116 0.6843888888888889 2.472214698791504 0
1 -1 7 0.63 0.0 -7 13.370847685185188 26 468 0.32597222222222216 320.26655972222244 0.9779166666666665 0.11609005928039551 0
1 -1 8 0.05 0 -233 0 0 256 0 12.051420833333214 0 7.049039125442505 0
random:0T:2700
1 -1 0 0.62 0.0 -20 61.87437735740177 30 472 0 415.0914670071407 0.0 0.23297691345214844 0
1 -1 1 0.56 0.17230555555555555 -1 30.465149401925057 30 472 0.17230555555555555 326.57117876133066 0.7457462962962963 17.42293620109558 0
1 -1 2 0.65 0.0 -16 12.29045650406504 26 468 0.18036585365853658 330.4474398825655 0.5410975609756097 5.174482107162476 0
1 -1 3 0.85 0.0 -10 9.390910797874211 26 468 0.13011788617886177 417.80407438496457 0.3903536585365853 0.08913278579711914 0
1 -1 4 0.63 0.16357407407407407 -1 30.117693843396115 30 472 0.19328048780487803 358.05494112614787 0.7434155374887081 0.6130061149597168 0
1 -1 5 0.5 0.15015277777777777 -1 25.42401674758519 30 472 0.1709674796747967 286.34287658955685 0.663055216802168 2.3912878036499023 0
1 -1 6 0.55 0.12340000000000001 -1 18.342992617007248 30 472 0.12340000000000001 295.7661801032739 0.5140166666666667 3.762247085571289 0
1 -1 7 0.54 0.18197407407407407 -1 30.848216688639866 30 472 0.212 317.2616595253791 0.8179740740740741 0.28394007682800293 0
1 -1 8 0.05 0 -233 0 0 256 0 12.037774074073937 0 3.3240442276000977 0
random:1T:1200
1 -1 0 0.51 0 -6 8.342885416666665 16 272 0.23896875000000004 155.50169791666656 0.7169062500000001 0.2666151523590088 1
1 -1 1 0.44 0.24837499999999998 -1 5.327239583333333 16 272 0.24837499999999998 130.96637708333336 1.01935 2.2470622062683105 1
1 -1 2 0.42 0.20192708333333334 -1 5.05540625 16 272 0.20192708333333334 123.26359375000001 0.8093645833333334 2.5539839267730713 1
1 -1 3 0.4 0.0 -6 4.823625 16 272 0.19545833333333335 117.51900833333336 0.5863750000000001 0.04352879524230957 1
1 -1 4 0.44 0.20189583333333333 -1 5.3338020833333335 16 272 0.20189583333333333 129.19565625000007 0.8776458333333332 2.6954681873321533 1
1 -1 5 0.41 0.13349166666666668 -1 5.483760416666666 16 272 0.19761458333333332 121.91852291666673 0.7263354166666666 10.111076831817627 1
1 -1 6 0.43 0.208875 -1 5.4230833333333335 16 272 0.24329166666666666 128.90314166666664 0.93875 2.1989786624908447 1
1 -1 7 0.44 0.1649 -1 7.83059375 16 272 0.33290625 134.13391458333325 1.1636187500000001 0.15541791915893555 1
1 -1 8 0.06 0 -239 2.8781249999999763 10 266 0.0 20.75666666666659 0.0 4.378780841827393 1
random:1T:1800
1 -1 0 0.54 0 -5 7.362980769230768 16 272 0.21548076923076923 160.80347008547002 0.6464423076923077 0.2667109966278076 1
1 -1 1 0.42 0.23292307692307693 -1 5.119647435897436 16 272 0.23292307692307693 124.55154230769233 0.9477858974358975 2.0815680027008057 1
1 -1 2 0.41 0.21763461538461537 -1 5.158621794871795 16 272 0.21763461538461537 121.18783760683766 0.8961871794871794 3.2508270740509033 1
1 -1 3 0.45 0.18561111111111112 -1 4.594564102564103 16 272 0.21515384615384614 132.16436452991454 0.8310726495726495 0.05208706855773926 1
1 -1 4 0.42 0.22551923076923078 -1 5.158891025641026 16 272 0.22551923076923078 124.29528974358962 0.925574358974359 2.517430067062378 1
1 -1 5 0.4 0.1951474358974359 -1 5.134429487179489 16 272 0.1951474358974359 119.90017179487185 0.7920589743589744 11.026330947875977 1
1 -1 6 0.42 0.2055111111111111 -1 5.617057692307691 16 272 0.27915384615384614 125.33115085470092 1.0429726495726497 1.7421841621398926 1
1 -1 7 0.4 0.1508 -2 7.386108974358973 16 272 0.3256282051282051 123.98503247863253 1.1276846153846154 0.14899682998657227 1
1 -1 8 0.06 0 -239 2.681051282051254 10 266 0.0 20.13530940170924 0.0 4.582173824310303 1
random:1T:2400
1 -1 0 0.56 0 -5 7.3469999999999995 16 272 0.18715277777777778 166.3289708333333 0.5614583333333334 0.248809814453125 1
1 -1 1 0.42 0.2017 -1 4.7804768518518514 16 272 0.246662037037037 122.9683722222222 0.941686111111111 2.883193016052246 1
1 -1 2 0.39 0.20161666666666667 -1 4.859375000000001 16 272 0.236787037037037 116.80803333333321 0.9119777777777777 1.5501179695129395 1
1 -1 3 0.48 0.21194907407407407 -1 4.45300462962963 16 272 0.21194907407407407 140.5080097222221 0.948563888888889 0.05325579643249512 1
1 -1 4 0.41 0.20170000000000002 -1 4.74973611111111 16 272 0.20914814814814814 121.97247500000002 0.8291444444444445 2.8432488441467285 1
1 -1 5 0.4 0.19945416666666665 -1 4.941055555555557 16 272 0.22619444444444448 118.3258166666667 0.8780375 9.392253875732422 1
1 -1 6 0.42 0.20131666666666664 -1 5.351796296296296 16 272 0.26856944444444447 125.57973472222223 1.007025 2.711963176727295 1
1 -1 7 0.39 0.19608333333333333 -1 7.6658842592592595 16 272 0.4044814814814815 121.63692777777781 1.409527777777778 0.14288091659545898 1
1 -1 8 0.06 0 -239 2.593462962962933 10 266 0.0 19.83873888888868 0.0 4.850784063339233 1
random:1T:2700
1 -1 0 0.71 0 -3 50.696089430894304 20 276 0.17755284552845527 297.7561201445348 0.5326585365853658 0.6574900150299072 1
1 -1 1 0.64 0.18186666666666665 -1 73.75309756097559 27 283 0.23073577235772358 329.0253889792227 0.8740739837398374 10.724385023117065 1
1 -1 2 0.4 0.18182592592592592 -1 4.8511544715447155 16 272 0.24329268292682926 119.6255337850046 0.9117039747064137 7.79015588760376 1
1 -1 3 0.71 0.18713821138211384 -1 68.91268699186992 24 280 0.18713821138211384 336.466494308943 0.9144516711833786 0.07448601722717285 1
1 -1 4 0.65 0.18186666666666668 -1 75.00228455284551 27 283 0.2114390243902439 332.7571462511292 0.8161837398373983 13.501475095748901 1
1 -1 5 0.45 0.1812925925925926 -1 23.090800813008137 20 276 0.22395121951219515 171.3023283649504 0.8531462511291781 2.5933806896209717 1
1 -1 6 0.56 0.18192962962962964 -1 50.20823170731708 24 280 0.24199593495934957 258.1610617886178 0.9079174345076784 14.53751516342163 1
1 -1 7 0.51 0.1824111111111111 -1 41.324723577235766 20 276 0.3912560975609757 223.8267299909666 1.3561794037940382 0.4683380126953125 1
1 -1 8 0.05 0 -243 2.566617886178831 14 270 0 19.74570180668451 0 0.5629432201385498 1
random:2T:1200
1 -1 0 0.58 0.15224166666666666 -1 4.975333333333333 10 234 0.3579166666666667 145.6607333333333 1.2259916666666668 0.5031349658966064 2
1 -1 1 0.48 0.32554999999999995 -2 3.8633124999999997 10 234 0.3580520833333333 119.00136250000003 1.39970625 0.5721862316131592 2
1 -1 2 0.47 0.30594166666666667 -1 3.985145833333333 10 234 0.33841666666666664 118.65224583333345 1.3211916666666665 1.2893140316009521 2
1 -1 3 0.48 0.17246666666666668 -1 3.1868645833333327 10 234 0.18567708333333333 117.94929375 0.7294979166666666 0.037333011627197266 2
1 -1 4 0.47 0.3265416666666667 -2 4.143739583333333 10 234 0.37472916666666667 118.79266041666669 1.4507291666666668 0.6956369876861572 2
1 -1 5 0.46 0.273025 -1 3.687020833333333 10 234 0.34143749999999995 115.78330416666662 1.2973374999999998 1.1059138774871826 2
1 -1 6 0.47 0.208875 -1 4.027708333333333 10 234 0.31204166666666666 118.33559999999997 1.145 2.798275947570801 2
1 -1 7 0.48 0.18705 -1 5.939531249999999 10 234 0.5448541666666666 124.63540208333328 1.8216124999999999 0.4534280300140381 2
1 -1 8 0.05 0 -204 0 0 224 0 11.54066666666666 0 4.989320993423462 2
random:2T:1800
1 -1 0 1.49 0.0 -42 11.731474358974358 14 331 0 517.5800952991456 0.0 0.21845388412475586 2
1 -1 1 1.68 0.0 -59 7.065634615384616 14 331 0 569.2884094017093 0.0 0.7415440082550049 2
1 -1 2 1.0 0.0 -52 5.585320512820514 14 331 0 343.16351709401704 0.0 3.262019157409668 2
1 -1 3 3.48 0 -32 8.945307692307694 14 331 0 1171.27243974359 0 0.03955483436584473 2
1 -1 4 1.72 0.0 -58 7.121269230769229 14 331 0 582.3970021367519 0.0 0.7369122505187988 2
1 -1 5 1.58 0.0 -62 7.027794871794871 14 331 0 536.4753790598292 0.0 1.0225117206573486 2
1 -1 6 1.29 0.0 -46 9.99827564102564 14 331 0 448.09803247863266 0.0 3.6708390712738037 2
1 -1 7 1.26 0.0 -45 14.311660256410256 14 331 0 445.16158076923085 0.0 0.3422267436981201 2
1 -1 8 0.05 0 -204 0 0 224 0 11.668666666666585 0 4.963884115219116 2
random:2T:2400
1 -1 0 0.72 0 -22 6.565870370370371 14 331 0.14981944444444445 249.8175458333331 0.44945833333333335 0.5501911640167236 2
1 -1 1 0.65 0 -1 4.973511574074074 14 331 0.2404791666666667 225.53769722222225 0.7214375000000001 0.5693011283874512 2
1 -1 2 0.54 0.23533333333333334 -1 4.816597222222221 14 331 0.23533333333333334 187.00354861111097 0.9526666666666667 5.473816156387329 2
1 -1 3 0.82 0.2419768518518519 -1 4.62885925925926 14 331 0.2419768518518519 280.3656194444445 1.0325805555555556 0.04098081588745117 2
1 -1 4 0.66 0.102875 -2 5.009342592592592 14 331 0.2404791666666667 229.96643611111114 0.8243125 0.5056099891662598 2
1 -1 5 0.6 0.0 -11 4.744347222222222 14 331 0.15195833333333333 208.40105833333325 0.45587500000000003 5.642554759979248 2
1 -1 6 0.63 0.28413750000000004 -2 6.386361111111111 14 331 0.3459907407407408 220.48530972222235 1.3221097222222227 2.2415812015533447 2
1 -1 7 0.61 0.16943055555555556 -1 7.482662037037037 14 331 0.16943055555555556 217.3758236111112 0.7131625 0.15719223022460938 2
1 -1 8 0.05 0 -204 0 0 224 0 11.73266666666655 0 4.931071996688843 2
random:2T:2700
1 -1 0 0.68 0 -22 5.945906743185077 14 331 0.13065686274509802 236.84863439077523 0.39197058823529407 0.3574550151824951 2
1 -1 1 0.57 0.2185 -2 4.800293621013134 14 331 0.2924615384615385 198.83134183170026 1.0958846153846153 8.192476272583008 2
1 -1 2 0.49 0.21969607843137257 -2 4.406958393113342 14 331 0.21969607843137257 172.2561462033052 0.8932843137254902 8.16471791267395 2
1 -1 3 0.71 0.2125111111111111 -1 3.8714056910569106 14 331 0.2125111111111111 242.32797262872637 0.9881777777777777 0.0407712459564209 2
1 -1 4 0.58 0.1585769230769231 -1 4.68119918699187 14 331 0.1585769230769231 199.8451454242237 0.6860128205128206 7.177525043487549 2
1 -1 5 0.49 0.1909313725490196 -2 4.09742037302726 14 331 0.1909313725490196 170.44894238269828 0.7925490196078431 7.779499053955078 2
1 -1 6 0.56 0.22828431372549018 -1 5.3860153036824485 14 331 0.22828431372549018 194.67928795897757 0.9541159041394336 8.335700988769531 2
1 -1 7 0.54 0.18341111111111114 -2 7.130354615016738 14 331 0.23055882352941176 194.17417364897173 0.8750875816993464 0.17917203903198242 2
1 -1 8 0.05 0 -204 0 0 224 0 11.753037037036902 0 2.5030949115753174 2
random:3T:1200
1 -1 0 0.5 0 -7 6.052350694444446 12 268 0.26659375 147.3912520833334 0.7997812500000001 0.21853017807006836 3
1 -1 1 0.43 0.2682083333333333 -1 4.016520833333333 12 268 0.2682083333333333 123.48941249999996 1.0764 10.375862121582031 3
1 -1 2 0.43 0.21109999999999998 -1 4.420770833333333 12 268 0.3158125 125.24387916666673 1.1585375 4.271703004837036 3
1 -1 3 0.4 0.0 -6 3.0981041666666664 12 268 0.20075 112.19381249999994 0.6022500000000001 0.03887200355529785 3
1 -1 4 0.43 0.26671875 -1 3.9700625 12 268 0.26671875 122.10310416666653 1.07193125 10.672431945800781 3
1 -1 5 0.41 0.19448958333333335 -1 3.5825937499999996 12 268 0.19448958333333335 116.86038958333332 0.7893520833333334 1.3869609832763672 3
1 -1 6 0.42 0.1699 -2 5.017149305555555 12 268 0.2690416666666667 123.65835625000007 0.977025 1.6393508911132812 3
1 -1 7 0.42 0.16590833333333332 -2 6.881875000000002 12 268 0.4373958333333334 127.04235833333342 1.4780958333333334 0.17546868324279785 3
1 -1 8 0.03 0 -244 1.4015833333333334 2 258 0.7007916666666667 11.125349999999997 2.1023750000000003 3.839755058288574 3
random:3T:1800
1 -1 0 0.75 0 -8 10.045205128205126 16 365 0.33160256410256406 295.3144542735041 0.9948076923076922 0.712191104888916 3
1 -1 1 0.86 0.0 -5 9.372923076923078 16 365 0.2744102564102564 333.1748164529915 0.8232307692307692 0.12989282608032227 3
1 -1 2 0.61 0.19354166666666667 -1 8.03920673076923 16 365 0.27566666666666667 240.10314241452997 1.0205416666666667 16.247530937194824 3
1 -1 3 0.86 0.18576111111111113 -1 6.2957735042735035 16 365 0.21918589743589748 326.7091316239317 0.8433188034188036 0.0577998161315918 3
1 -1 4 0.89 0.0 -7 9.042573717948718 16 365 0.2037564102564103 342.56926837606824 0.6112692307692309 0.08576297760009766 3
1 -1 5 0.56 0.0 -12 6.636600961538462 16 365 0.19831410256410256 218.91962927350426 0.5949423076923077 13.348170042037964 3
1 -1 6 0.71 0.0 -1 8.760702991452991 16 365 0.3172820512820513 275.43245897435884 0.9518461538461538 11.88017725944519 3
1 -1 7 0.65 0 -1 11.190858974358974 16 365 0.4187564102564103 260.0647547008548 1.256269230769231 0.4600241184234619 3
1 -1 8 0.03 0 -244 1.320525641025632 2 258 0.660262820512816 10.960243589743511 1.9807884615384481 3.5667452812194824 3
random:3T:2400
1 -1 0 0.59 0 -8 8.211881944444446 16 365 0.2903888888888889 233.08826527777794 0.8711666666666668 1.1092150211334229 3
1 -1 1 0.55 0.2015875 -1 5.600064814814815 16 365 0.2330787037037037 210.39581051587305 0.9008236111111112 3.6845083236694336 3
1 -1 2 0.49 0.26895 -1 6.339115740740741 16 365 0.2857685185185186 190.75971805555554 1.1262555555555558 10.18308401107788 3
1 -1 3 0.63 0.2071712962962963 -1 4.438913194444445 16 365 0.2071712962962963 237.95871875000006 0.8859222222222223 0.0368037223815918 3
1 -1 4 0.55 0.2040787037037037 -1 5.994439814814815 16 365 0.2040787037037037 213.59728373015855 0.8170819444444444 3.614539861679077 3
1 -1 5 0.46 0.20331666666666667 -1 5.343523148148147 16 365 0.24093055555555554 177.25922222222218 0.9261083333333333 0.8571701049804688 3
1 -1 6 0.49 0.20521296296296296 -1 5.5291747685185175 16 365 0.20521296296296296 189.0673993055555 0.8381847222222222 9.044755935668945 3
1 -1 7 0.47 0.1409375 -1 6.638342592592595 16 365 0.2615092592592593 184.85415509259246 0.9254652777777779 0.27002787590026855 3
1 -1 8 0.03 0 -244 1.284499999999987 2 258 0.6422499999999935 10.891199999999891 1.9267499999999806 3.0065808296203613 3
random:3T:2700
1 -1 0 0.73 0 -7 62.30387711253141 20 369 0.1358913043478261 393.3967965549854 0.4076739130434783 0.2904369831085205 3
1 -1 1 0.56 0.18181481481481482 -1 31.163922550278127 20 369 0.22990243902439028 267.80102242666266 0.8715221318879858 1.8576383590698242 3
1 -1 2 0.46 0.22570325203252034 -1 5.6015182043124785 16 365 0.22570325203252034 179.38477152115001 0.9357801264679313 9.007751941680908 3
1 -1 3 0.68 0.19763414634146342 -1 42.61110898180411 20 369 0.19763414634146342 337.1141237708093 0.8966950316169828 0.03659987449645996 3
1 -1 4 0.5 0.22605185185185186 -1 5.42484189131365 16 365 0.22832113821138214 192.79390910474024 0.9110152664859983 4.356438875198364 3
1 -1 5 0.43 0.18265555555555557 -1 5.0651028632025445 16 365 0.21411382113821134 167.50273676996167 0.8249970189701896 9.539915084838867 3
1 -1 6 0.5 0.18236296296296295 -1 18.4298870816734 20 369 0.24966666666666665 221.5515586685308 0.9313629629629628 3.7438812255859375 3
1 -1 7 0.44 0.16858518518518517 -1 6.794852822599907 16 365 0.23280434782608694 175.44160500564203 0.866998228663446 0.12249398231506348 3
1 -1 8 0.03 0 -244 1.2733821138211239 2 258 0.6366910569105619 10.871435230352182 1.9100731707316858 3.695272922515869 3
