random:0T:900
-1 0 115.26 0.0 -3 0.0 0.3540608882904053
-1 1 111.26 0 -15 0.0 0.6737418174743652
-1 2 124.68 0.0 -3 0.0 0.5733208656311035
-1 3 126.92 0 -43 0.0 1.0625269412994385
-1 4 116.99 0.01 -1 0.0 0.017518043518066406
0 3 109.96 0 -124 0.0 0.825840950012207
1 3 112.01 0 -16 0.0 0.6630439758300781
random:1T:900
-1 0 115.65 0.14 -1 0.0 0.4191141128540039
-1 1 115.93 0 -3 0.0 0.8145759105682373
-1 2 123.12 0.14 -1 0.0 0.569206953048706
-1 3 129.2 0 -27 0.0 1.1922681331634521
-1 4 119.82 0.01 -2 0.0 0.018893003463745117
0 3 112.63 0 -108 0.0 0.8919570446014404
1 3 113.39 0 -15 0.0 0.6331169605255127
random:2T:900
-1 0 146.51 1.93 -3 0.0 0.4003639221191406
-1 1 146.3 1.56 -3 0.0 0.5672478675842285
-1 2 171.89 1.93 -3 0.0 0.633817195892334
-1 3 175.71 1.71 -1 0.0 0.8718969821929932
-1 4 167.81 1.71 -3 0.0 0.014448881149291992
0 3 147.67 0 -54 0.0 0.7037699222564697
1 3 147.51 1.71 -3 0.0 0.5155332088470459
random:3T:900
-1 0 122.97 0.0 -1 0.0 0.3871932029724121
-1 1 117.46 0 -16 0.0 0.7971420288085938
-1 2 132.05 0.0 -1 0.0 0.6021518707275391
-1 3 135.36 0 -35 0.0 1.1747710704803467
-1 4 120.05 0.02 -1 0.0 0.018242835998535156
0 3 112.75 0 -120 0.0 0.8990089893341064
1 3 117.89 0 -18 0.0 0.6574859619140625
random:4T:900
-1 0 124.15 0.01 -1 0.0 0.4110829830169678
-1 1 119.11 0 -15 0.0 0.7669832706451416
-1 2 134.96 0.01 -1 0.0 0.8420822620391846
-1 3 136.41 0 -36 0.0 1.139672040939331
-1 4 121.12 0.02 -1 0.0 0.017511844635009766
0 3 113.72 0 -117 0.0 0.858051061630249
1 3 118.89 0 -18 0.0 0.6124598979949951
random:5T:900
-1 0 117.64 0.0 -1 0.0 0.3040730953216553
-1 1 118.78 0.0 -7 0.0 0.64798903465271
-1 2 125.94 0.0 -1 0.0 0.5087049007415771
-1 3 132.37 0 -25 0.0 0.9440052509307861
-1 4 125.69 0.01 -3 0.0 0.013940095901489258
0 3 123.89 0 -89 0.0 0.7228250503540039
1 3 115.49 0 -6 0.0 0.5183801651000977
random:6T:900
-1 0 121.79 0.4 -1 0.0 0.28601789474487305
-1 1 121.11 0 -8 0.0 0.5593438148498535
-1 2 131.4 0.4 -1 0.0 0.474790096282959
-1 3 136.12 0 -25 0.0 0.8725249767303467
-1 4 126.35 0.01 -2 0.0 0.013251781463623047
0 3 124.35 0 -88 0.0 0.6611251831054688
1 3 119.37 0.0 -5 0.0 0.46309590339660645
random:7T:900
-1 0 113.41 0.0 -1 0.0 0.3179609775543213
-1 1 113.1 0 -4 0.0 0.7201058864593506
-1 2 120.02 0.0 -1 0.0 0.4895601272583008
-1 3 126.48 0 -32 0.0 1.0990588665008545
-1 4 117.73 0.01 -1 0.0 0.01713275909423828
0 3 110.68 0 -122 0.0 0.8126921653747559
1 3 110.98 0 -16 0.0 0.5840578079223633
random:8T:900
-1 0 123.94 0.0 -1 0.0 0.33710193634033203
-1 1 118.94 0 -17 0.0 0.7236380577087402
-1 2 133.04 0.0 -1 0.0 0.5640640258789062
-1 3 136.76 0 -26 0.0 1.061053991317749
-1 4 121.33 0.01 -2 0.0 0.01690077781677246
0 3 113.85 0 -119 0.0 0.8275821208953857
1 3 118.89 0 -17 0.0 0.6224920749664307
random:9T:900
-1 0 128.43 0.05 -1 0.0 0.3240828514099121
-1 1 125.95 0 -30 0.0 0.6705920696258545
-1 2 132.08 0.05 -1 0.0 0.4764370918273926
-1 3 133.89 0 -33 0.0 0.9654090404510498
-1 4 114.49 0.0 -2 0.0 0.016633272171020508
0 3 108.51 0 -94 0.0 0.8436970710754395
1 3 123.55 0 -33 0.0 0.5418212413787842
