random:0T:1200
-1 0 130.41 0.0 -3 0.0 0.6339559555053711
-1 1 126.77 0 -13 0.0 0.9661321640014648
-1 2 150.21 0.0 -3 0.0 1.0811519622802734
-1 3 152.15 0 -35 0.0 1.7052772045135498
-1 4 139.78 0.01 -1 0.0 0.02343606948852539
0 3 130.42 0 -141 0.0 1.238659143447876
1 3 126.72 0 -6 0.0 0.8896839618682861
random:1T:1200
-1 0 131.2 0.14 -1 0.0 0.6534569263458252
-1 1 132.21 0 -3 0.0 1.0883870124816895
-1 2 149.12 0.14 -1 0.0 1.0819437503814697
-1 3 153.23 0 -44 0.0 1.7689831256866455
-1 4 142.89 0.01 -2 0.0 0.022418975830078125
0 3 133.03 0 -137 0.0 1.2808678150177002
1 3 126.4 0 -24 0.0 0.93672776222229
random:2T:1200
-1 0 164.69 1.93 -3 0.0 0.598060131072998
-1 1 164.48 1.56 -3 0.0 0.7403461933135986
-1 2 203.49 1.93 -3 0.0 1.0589029788970947
-1 3 209.51 1.71 -1 0.0 1.260970115661621
-1 4 198.42 1.71 -3 0.0 0.019743680953979492
0 3 176.85 0.0 -73 0.0 0.9121181964874268
1 3 165.69 1.71 -3 0.0 0.7509310245513916
random:3T:1200
-1 0 138.23 0.0 -1 0.0 0.667661190032959
-1 1 132.31 0 -16 0.0 1.0183749198913574
-1 2 158.14 0.0 -1 0.0 1.0679700374603271
-1 3 160.06 0 -35 0.0 1.7148680686950684
-1 4 143.03 0.02 -1 0.0 0.0204160213470459
0 3 134.45 0 -131 0.0 1.163902997970581
1 3 132.68 0 -20 0.0 0.871906042098999
random:4T:1200
-1 0 139.51 0.01 -1 0.0 0.6207790374755859
-1 1 134.05 0 -17 0.0 0.9431028366088867
-1 2 161.25 0.01 -1 0.0 1.0654699802398682
-1 3 161.36 0 -34 0.0 1.5749540328979492
-1 4 144.27 0.02 -1 0.0 0.019016027450561523
0 3 134.7 0 -135 0.0 1.0882017612457275
1 3 133.79 0 -20 0.0 0.7999541759490967
random:5T:1200
-1 0 136.5 0.0 -1 0.0 0.5279998779296875
-1 1 137.03 0.0 -3 0.0 0.8238399028778076
-1 2 154.93 0.0 -1 0.0 0.8727710247039795
-1 3 161.02 0 -41 0.0 1.3171541690826416
-1 4 153.57 0.01 -3 0.0 0.015443086624145508
0 3 147.12 0 -108 0.0 0.9088001251220703
1 3 132.9 0 -17 0.0 0.6984982490539551
random:6T:1200
-1 0 139.55 0.4 -1 0.0 0.5610439777374268
-1 1 139.12 0 -8 0.0 0.8161418437957764
-1 2 161.59 0.4 -1 0.0 0.8775777816772461
-1 3 163.21 0 -35 0.0 1.3459758758544922
-1 4 154.46 0.01 -2 0.0 0.015262842178344727
0 3 147.76 0 -107 0.0 0.9252820014953613
1 3 134.61 0 -7 0.0 0.7068459987640381
random:7T:1200
-1 0 129.22 0.0 -1 0.0 0.610990047454834
-1 1 128.94 0 -4 0.0 0.9945299625396729
-1 2 145.87 0.0 -1 0.0 0.9292259216308594
-1 3 150.98 0 -46 0.0 1.453437328338623
-1 4 140.6 0.01 -1 0.0 0.017518043518066406
0 3 131.21 0 -139 0.0 1.031661033630371
1 3 124.4 0 -26 0.0 0.7425012588500977
random:8T:1200
-1 0 139.26 0.0 -1 0.0 0.5746629238128662
-1 1 133.8 0 -19 0.0 0.9969711303710938
-1 2 159.23 0.0 -1 0.0 0.9877810478210449
-1 3 161.18 0 -34 0.0 1.641739845275879
-1 4 144.39 0.01 -2 0.0 0.018958091735839844
0 3 134.51 0 -139 0.0 1.080357313156128
1 3 133.74 0 -19 0.0 0.7821223735809326
random:9T:1200
-1 0 143.66 0.05 -1 0.0 0.6749861240386963
-1 1 141.74 0 -30 0.0 0.926807165145874
-1 2 159.73 0.05 -1 0.0 0.9167201519012451
-1 3 164.48 0 -33 0.0 1.3752660751342773
-1 4 137.03 0.0 -2 0.0 0.017772197723388672
0 3 128.79 0 -136 0.0 1.0394129753112793
1 3 138.46 0 -33 0.0 0.7153780460357666
random:0T:1200
-1 0 152.15 0 -35 0.0 1.3816800117492676
-1 1 150.21 0.0 -3 0.0 41.28167700767517
-1 2 150.27 0.0 -3 0.0 62.05528807640076
-1 3 139.78 0.01 -1 0.0 0.01662588119506836
0 3 112.62 0.0 -8 0.0 0.014225006103515625
1 3 125.65 0.01 -1 0.0 0.016470909118652344
random:0T:1200
random:0T:1200
random:0T:1200
random:0T:1200
random:0T:1200
random:0T:1200
random:0T:1200
random:0T:1200
random:0T:1200
random:0T:1200
random:0T:1200
random:0T:1200
random:0T:1200
random:0T:1200
random:0T:1200
random:0T:1200
random:0T:1200
random:0T:1200
random:0T:1200
random:0T:1200
random:0T:1200
random:0T:1200
random:0T:1200
random:0T:1200
random:0T:1200
random:0T:1200
random:0T:1200
random:0T:1200
random:0T:1200
random:0T:1200
random:0T:1200
random:0T:1200
random:0T:1200
random:0T:1200
random:0T:1200
random:0T:1200
random:0T:1200
random:0T:1200
random:0T:1200
random:0T:1200
random:0T:1200
random:0T:1200
random:0T:1200
random:0T:1200
random:0T:1200
random:0T:1200
random:0T:1200
random:0T:1200
