random:0T:600
-1 0 90.23 0.0 -3 0.0 0.11337018013000488
-1 1 87.64 0 -31 0.0 0.44501590728759766
-1 2 90.68 0.0 -3 0.0 0.15734291076660156
-1 3 90.87 0 -36 0.0 0.6521029472351074
-1 4 86.79 0.01 -1 0.0 0.016108036041259766
0 3 78.08 0 -129 0.0 0.5401630401611328
1 3 88.14 0 -26 0.0 0.37343525886535645
random:1T:600
-1 0 90.03 0.14 -1 0.0 0.08832597732543945
-1 1 89.44 0 -3 0.0 0.4679830074310303
-1 2 90.06 0.14 -1 0.0 0.10760807991027832
-1 3 94.53 0 -49 0.0 0.7366218566894531
-1 4 89.24 0.0 -1 0.0 0.016119718551635742
0 3 80.96 0 -112 0.0 0.6723880767822266
1 3 89.31 0 -22 0.0 0.47104787826538086
random:2T:600
-1 0 118.55 1.93 -3 0.0 0.2238771915435791
-1 1 118.34 1.56 -3 0.0 0.35965800285339355
-1 2 127.2 1.93 -3 0.0 0.35953688621520996
-1 3 129.3 0 -1 0.0 0.5424270629882812
-1 4 127.07 1.71 -3 0.0 0.012248754501342773
0 3 105.48 0 -72 0.0 0.43829822540283203
1 3 119.55 1.71 -3 0.0 0.3202638626098633
random:3T:600
-1 0 97.74 0.0 -1 0.0 0.1331920623779297
-1 1 93.64 0 -28 0.0 0.5322489738464355
-1 2 98.17 0.0 -1 0.0 0.160247802734375
-1 3 99.23 0 -43 0.0 0.7555887699127197
-1 4 89.64 0.02 -1 0.0 0.018527984619140625
0 3 81.55 0 -108 0.0 0.6213850975036621
1 3 93.92 0 -26 0.0 0.4617347717285156
random:4T:600
-1 0 98.76 0.01 -1 0.0 0.14995813369750977
-1 1 95.06 0 -21 0.0 0.5200700759887695
-1 2 99.77 0.01 -1 0.0 0.23866820335388184
-1 3 100.9 0 -39 0.0 0.8395369052886963
-1 4 90.48 0.02 -1 0.0 0.01935887336730957
0 3 82.34 0 -105 0.0 0.6324470043182373
1 3 94.74 0 -26 0.0 0.48682594299316406
random:5T:600
-1 0 88.78 0.0 -1 0.0 0.10165214538574219
-1 1 89.57 0 -19 0.0 0.4492928981781006
-1 2 88.96 0.0 -1 0.0 0.10555696487426758
-1 3 93.6 0 -37 0.0 0.612602949142456
-1 4 90.76 0.01 -3 0.0 0.012989997863769531
0 3 88.53 0 -77 0.0 0.48409080505371094
1 3 88.62 0 -22 0.0 0.3294672966003418
random:6T:600
-1 0 93.91 0.4 -1 0.0 0.10062098503112793
-1 1 92.75 0 -14 0.0 0.4028928279876709
-1 2 94.3 0.4 -1 0.0 0.15087485313415527
-1 3 96.66 0 -37 0.0 0.6035459041595459
-1 4 91.06 0.01 -2 0.0 0.012506723403930664
0 3 87.95 0 -93 0.0 0.46305203437805176
1 3 92.19 0.0 -11 0.0 0.3647317886352539
random:7T:600
-1 0 87.96 0.0 -1 0.0 0.09210014343261719
-1 1 86.98 0 -7 0.0 0.5122382640838623
-1 2 87.96 0.0 -1 0.0 0.08258485794067383
-1 3 92.61 0 -53 0.0 0.8528597354888916
-1 4 87.4 0.01 -1 0.0 0.02527308464050293
0 3 78.69 0 -129 0.0 0.6703431606292725
1 3 87.54 0 -22 0.0 0.421205997467041
random:8T:600
-1 0 98.64 0.0 -1 0.0 0.12404990196228027
-1 1 94.93 0 -19 0.0 0.5038690567016602
-1 2 99.06 0.0 -1 0.0 0.16150879859924316
-1 3 100.95 0 -38 0.0 0.7415180206298828
-1 4 90.81 0.01 -2 0.0 0.01609492301940918
0 3 82.33 0 -107 0.0 0.560762882232666
1 3 94.84 0 -25 0.0 0.42727088928222656
random:9T:600
-1 0 103.65 0.05 -1 0.0 0.10959291458129883
-1 1 100.97 0 -30 0.0 0.48090291023254395
-1 2 103.65 0.05 -1 0.0 0.10752677917480469
-1 3 103.62 0 -33 0.0 0.6801960468292236
-1 4 84.61 0.0 -2 0.0 0.016354799270629883
0 3 76.75 0 -111 0.0 0.5749940872192383
1 3 99.47 0 -33 0.0 0.39824485778808594
random:0T:600
-1 0 90.87 0 -36 0.0 0.5961871147155762
-1 1 90.68 0.0 -3 0.0 3.3576910495758057
-1 2 90.31 0.0 -3 0.0 23.41998529434204
-1 3 86.79 0.01 -1 0.0 0.013653039932250977
0 3 55.32 0 -105 0.0 0.01080179214477539
1 3 85.55 0.01 -1 0.0 0.010593175888061523
random:0T:600
random:0T:600
random:0T:600
random:0T:600
random:0T:600
random:0T:600
random:0T:600
random:0T:600
random:0T:600
random:0T:600
random:0T:600
random:0T:600
random:0T:600
random:0T:600
random:0T:600
