random:0T:60
-1 0 2.73 0 -225 0.0 0.04516410827636719
-1 1 2.06 0 -231 0.0 0.02079296112060547
-1 2 2.06 0 -231 0.0 0.852510929107666
-1 3 2.35 0 -238 0.0 0.007913827896118164
0 3 1.0 0 -260 0.0 0.007498979568481445
1 3 2.35 0 -238 0.0 0.00422978401184082
random:1T:60
-1 0 3.06 0 -226 0.0 0.044387102127075195
-1 1 3.07 0 -225 0.0 0.02343583106994629
-1 2 3.07 0 -225 0.0 1.313269853591919
-1 3 2.73 0 -229 0.0 0.011705160140991211
0 3 1.16 0 -257 0.0 0.009273290634155273
1 3 2.73 0 -229 0.0 0.004930019378662109
random:2T:60
-1 0 4.8 0 -150 0.0 0.03585195541381836
-1 1 4.8 0 -150 0.0 0.018344879150390625
-1 2 4.8 0 -150 0.0 0.6495461463928223
-1 3 4.8 0 -150 0.0 0.00593113899230957
0 3 1.6 0 -189 0.0 0.0060710906982421875
1 3 4.8 0 -150 0.0 0.0036220550537109375
random:3T:60
-1 0 3.25 0 -214 0.0 0.04494309425354004
-1 1 3.25 0 -214 0.0 0.01601266860961914
-1 2 3.25 0 -214 0.0 1.2182033061981201
-1 3 2.62 0 -235 0.0 0.010390996932983398
0 3 1.13 0 -258 0.0 0.008753061294555664
1 3 2.62 0 -235 0.0 0.004084110260009766
random:4T:60
-1 0 3.32 0 -208 0.0 0.044413089752197266
-1 1 3.32 0 -208 0.0 0.016282320022583008
-1 2 3.32 0 -208 0.0 1.2235350608825684
-1 3 2.64 0 -234 0.0 0.008011817932128906
0 3 1.14 0 -256 0.0 0.007248878479003906
1 3 2.64 0 -234 0.0 0.0038518905639648438
random:5T:60
-1 0 2.18 0 -202 0.0 0.029360294342041016
-1 1 1.79 0 -209 0.0 0.019692182540893555
-1 2 1.79 0 -209 0.0 0.48199009895324707
-1 3 2.03 0 -210 0.0 0.005776882171630859
0 3 1.12 0 -228 0.0 0.00479888916015625
1 3 2.03 0 -210 0.0 0.0036590099334716797
random:6T:60
-1 0 2.19 0 -200 0.0 0.030063152313232422
-1 1 1.93 0 -203 0.0 0.014454126358032227
-1 2 1.93 0 -203 0.0 0.6040639877319336
-1 3 2.05 0 -208 0.0 0.005548954010009766
0 3 1.13 0 -226 0.0 0.00492095947265625
1 3 2.05 0 -208 0.0 0.003092050552368164
random:7T:60
-1 0 2.73 0 -228 0.0 0.04163479804992676
-1 1 2.72 0 -227 0.0 0.015249967575073242
-1 2 2.71 0 -226 0.0 1.2283611297607422
-1 3 2.42 0 -231 0.0 0.008165121078491211
0 3 1.05 0 -259 0.0 0.0075876712799072266
1 3 2.42 0 -231 0.0 0.00537109375
random:8T:60
-1 0 3.64 0 -205 0.0 0.04543900489807129
-1 1 3.64 0 -205 0.0 0.017194271087646484
-1 2 3.64 0 -205 0.0 1.241008996963501
-1 3 2.79 0 -230 0.0 0.011972665786743164
0 3 1.14 0 -257 0.0 0.011232137680053711
1 3 2.79 0 -230 0.0 0.005746126174926758
random:9T:60
-1 0 3.18 0 -213 0.0 0.04419398307800293
-1 1 3.18 0 -213 0.0 0.02413797378540039
-1 2 3.18 0 -213 0.0 1.0038740634918213
-1 3 2.01 0 -230 0.0 0.010251998901367188
0 3 0.94 0 -263 0.0 0.009308815002441406
1 3 2.01 0 -230 0.0 0.005017757415771484
random:0T:60
-1 0 2.73 0 -225 0.0 0.04538106918334961
-1 1 2.06 0 -231 0.0 0.020724058151245117
-1 2 2.06 0 -231 0.0 0.8347771167755127
-1 3 2.35 0 -238 0.0 0.008057832717895508
0 3 1.0 0 -260 0.0 0.00850987434387207
1 3 2.35 0 -238 0.0 0.004006862640380859
random:0T:60
-1 0 2.73 0 -225 0.0 0.04683208465576172
-1 1 2.06 0 -231 0.0 0.021947145462036133
-1 2 2.06 0 -231 0.0 0.8454940319061279
-1 3 2.35 0 -238 0.0 0.007934808731079102
0 3 1.0 0 -260 0.0 0.0069141387939453125
1 3 2.35 0 -238 0.0 0.0037229061126708984
