random:0T:1500
-1 0 141.33 0.0 -3 0.0 0.8774840831756592
-1 1 138.06 0 -13 0.0 1.2111480236053467
-1 2 170.31 0.0 -3 0.0 1.5509209632873535
-1 3 171.39 0 -59 0.0 2.2721590995788574
-1 4 159.19 0.01 -1 0.0 0.021211862564086914
0 3 148.63 0 -148 0.0 1.47310471534729
1 3 137.23 0 -21 0.0 1.001640796661377
random:1T:1500
-1 0 142.79 0.14 -1 0.0 0.9318017959594727
-1 1 143.6 0.14 -2 0.0 1.3317492008209229
-1 2 169.14 0.14 -1 0.0 1.6729509830474854
-1 3 170.89 0 -74 0.0 2.228963851928711
-1 4 162.51 0.01 -2 0.0 0.022145986557006836
0 3 151.44 0 -143 0.0 1.4786889553070068
1 3 136.72 0.0 -32 0.0 1.024259090423584
random:2T:1500
-1 0 178.26 1.93 -3 0.0 0.7629077434539795
-1 1 178.05 1.56 -3 0.0 1.0688202381134033
-1 2 230.98 1.93 -3 0.0 1.3890910148620605
-1 3 236.54 0 -3 0.0 1.5854618549346924
-1 4 220.78 1.71 -3 0.0 0.018096208572387695
0 3 200.67 0 -81 0.0 1.079329252243042
1 3 179.26 1.71 -3 0.0 0.7973031997680664
random:3T:1500
-1 0 149.06 0.0 -1 0.0 0.8601009845733643
-1 1 143.04 0 -12 0.0 1.1906991004943848
-1 2 178.34 0.0 -1 0.0 1.4506900310516357
-1 3 179.31 0 -49 0.0 1.9631447792053223
-1 4 162.58 0.02 -1 0.0 0.020255088806152344
0 3 151.71 0 -145 0.0 1.3707771301269531
1 3 142.96 0 -20 0.0 0.9498670101165771
random:4T:1500
-1 0 150.43 0.01 -1 0.0 0.8420047760009766
-1 1 144.84 0 -13 0.0 1.1616425514221191
-1 2 181.62 0.01 -1 0.0 1.5189878940582275
-1 3 180.75 0 -48 0.0 2.028818368911743
-1 4 163.96 0.02 -1 0.0 0.02032184600830078
0 3 152.97 0 -142 0.0 1.3291881084442139
1 3 144.14 0 -20 0.0 0.9539108276367188
random:5T:1500
-1 0 150.22 0.0 -1 0.0 0.7542169094085693
-1 1 150.4 0.0 -1 0.0 1.0799622535705566
-1 2 177.29 0.0 -1 0.0 1.2334420680999756
-1 3 179.71 0 -60 0.0 1.6050739288330078
-1 4 174.19 0.01 -3 0.0 0.016586780548095703
0 3 167.38 0 -114 0.0 1.0302069187164307
1 3 142.2 0 -19 0.0 0.7229502201080322
random:6T:1500
-1 0 152.74 0.4 -1 0.0 0.6826999187469482
-1 1 152.21 0 -6 0.0 0.9212338924407959
-1 2 184.16 0.4 -1 0.0 1.2208099365234375
-1 3 184.93 0 -49 0.0 1.6595749855041504
-1 4 175.25 0.01 -2 0.0 0.01792311668395996
0 3 168.56 0 -111 0.0 1.1237690448760986
1 3 147.34 0.0 -9 0.0 0.7709717750549316
random:7T:1500
-1 0 140.99 0.0 -1 0.0 0.8389849662780762
-1 1 140.15 0.0 -1 0.0 1.3149759769439697
-1 2 165.71 0.0 -1 0.0 1.3367648124694824
-1 3 168.56 0 -75 0.0 1.884627103805542
-1 4 160.07 0.01 -1 0.0 0.018805980682373047
0 3 149.48 0 -145 0.0 1.2528431415557861
1 3 134.71 0 -35 0.0 0.8969438076019287
random:8T:1500
-1 0 150.14 0.0 -1 0.0 0.756115198135376
-1 1 144.55 0 -3 0.0 1.0602750778198242
-1 2 179.5 0.0 -1 0.0 1.3330180644989014
-1 3 180.5 0 -48 0.0 1.7820558547973633
-1 4 164.01 0.01 -2 0.0 0.017834901809692383
0 3 152.91 0 -145 0.0 1.1921172142028809
1 3 144.05 0 -19 0.0 0.8546149730682373
random:9T:1500
-1 0 155.31 0.05 -1 0.0 0.7183442115783691
-1 1 153.24 0 -30 0.0 1.0313830375671387
-1 2 179.61 0.05 -1 0.0 1.2206740379333496
-1 3 187.25 0 -33 0.0 1.6908900737762451
-1 4 155.87 0.0 -2 0.0 0.017956972122192383
0 3 146.8 0 -141 0.0 1.261941909790039
1 3 149.06 0 -33 0.0 0.849050760269165
