random:0T:300
-1 0 44.08 0 -62 0.0 0.053498029708862305
-1 1 44.75 0 -64 0.0 0.21757888793945312
-1 2 44.08 0 -62 0.0 0.053832054138183594
-1 3 47.05 0 -50 0.0 0.3034060001373291
-1 4 38.25 0 -76 0.0 0.01331186294555664
0 3 30.45 0 -170 0.0 0.256511926651001
1 3 47.05 0 -50 0.0 0.19588899612426758
random:1T:300
-1 0 42.32 0 -64 0.0 0.05534005165100098
-1 1 42.32 0 -64 0.0 0.23694276809692383
-1 2 42.32 0 -64 0.0 0.058596134185791016
-1 3 42.22 0 -78 0.0 0.31497716903686523
-1 4 40.04 0 -74 0.0 0.014253854751586914
0 3 31.99 0 -165 0.0 0.27861976623535156
1 3 42.22 0 -78 0.0 0.20701909065246582
random:2T:300
-1 0 65.2 0 -3 0.0 0.042716026306152344
-1 1 64.96 1.53 -3 0.0 0.1639406681060791
-1 2 65.2 0 -3 0.0 0.043321847915649414
-1 3 66.6 1.68 -3 0.0 0.24016904830932617
-1 4 66.52 1.68 -3 0.0 0.010615110397338867
0 3 43.24 0 -100 0.0 0.20667695999145508
1 3 66.17 1.68 -3 0.0 0.159149169921875
random:3T:300
-1 0 49.77 0 -50 0.0 0.06268429756164551
-1 1 49.74 0 -52 0.0 0.24926304817199707
-1 2 49.77 0 -50 0.0 0.06155228614807129
-1 3 49.78 0 -50 0.0 0.3732771873474121
-1 4 40.53 0 -73 0.0 0.01687479019165039
0 3 32.68 0 -167 0.0 0.32631397247314453
1 3 49.78 0 -50 0.0 0.26001715660095215
random:4T:300
-1 0 50.25 0 -49 0.0 0.07244515419006348
-1 1 50.25 0 -49 0.0 0.25392794609069824
-1 2 50.25 0 -49 0.0 0.06469011306762695
-1 3 50.27 0 -49 0.0 0.3359651565551758
-1 4 41.01 0 -73 0.0 0.014616966247558594
0 3 33.1 0 -164 0.0 0.289445161819458
1 3 50.27 0 -49 0.0 0.2159101963043213
random:5T:300
-1 0 39.55 0 -64 0.0 0.05097389221191406
-1 1 40.17 0 -58 0.0 0.20641803741455078
-1 2 39.55 0 -64 0.0 0.049713850021362305
-1 3 40.78 0 -54 0.0 0.27538394927978516
-1 4 38.67 0 -67 0.0 0.010831117630004883
0 3 33.9 0 -139 0.0 0.22739481925964355
1 3 40.78 0 -54 0.0 0.1797487735748291
random:6T:300
-1 0 43.78 0 -54 0.0 0.05414605140686035
-1 1 43.78 0 -54 0.0 0.2089526653289795
-1 2 43.78 0 -54 0.0 0.0531771183013916
-1 3 43.99 0 -49 0.0 0.286376953125
-1 4 38.54 0 -67 0.0 0.01106572151184082
0 3 33.75 0 -136 0.0 0.2328481674194336
1 3 43.99 0 -49 0.0 0.16837406158447266
random:7T:300
-1 0 41.04 0 -70 0.0 0.060889244079589844
-1 1 40.88 0 -69 0.0 0.2559061050415039
-1 2 41.04 0 -70 0.0 0.06146407127380371
-1 3 40.86 0 -77 0.0 0.3424489498138428
-1 4 38.79 0 -75 0.0 0.01460576057434082
0 3 30.86 0 -167 0.0 0.28353404998779297
1 3 40.86 0 -77 0.0 0.22456812858581543
random:8T:300
-1 0 50.52 0 -49 0.0 0.0756690502166748
-1 1 50.49 0 -51 0.0 0.2720980644226074
-1 2 50.52 0 -49 0.0 0.06737303733825684
-1 3 50.53 0 -49 0.0 0.3251938819885254
-1 4 41.51 0 -74 0.0 0.014146089553833008
0 3 33.26 0 -167 0.0 0.28520822525024414
1 3 50.53 0 -49 0.0 0.22066187858581543
random:9T:300
-1 0 54.5 0 -34 0.0 0.06401729583740234
-1 1 52.56 0 -40 0.0 0.26628613471984863
-1 2 54.5 0 -34 0.0 0.06586694717407227
-1 3 52.94 0 -33 0.0 0.3519480228424072
-1 4 37.19 0 -89 0.0 0.015440940856933594
0 3 31.35 0 -172 0.0 0.3054358959197998
1 3 52.94 0 -33 0.0 0.2340221405029297
