random:0T:300
0 -1 0 86.1 0 -33 163 0.23009204864501953 0
0 -1 1 85.29 0 -5 163 0.0933539867401123 0
0 -1 2 86.17 0 -2 163 4.0364251136779785 0
0 -1 3 86.08 12.89 -1 163 0.008368968963623047 0
1 -1 0 102.63 0 -16 121 0.19199705123901367 0
1 -1 1 97.46 14.57 -1 121 0.09346723556518555 0
1 -1 2 95.91 0 -2 121 2.791698932647705 0
1 -1 3 99.4 14.37 -1 121 0.007047891616821289 0
random:1T:300
0 -1 0 89.92 0 -3 133 0.1763169765472412 1
0 -1 1 88.01 14.48 -2 133 0.18683290481567383 1
0 -1 2 77.79 0 -3 133 2.469628095626831 1
0 -1 3 88.58 14.41 -1 133 0.007291078567504883 1
1 -1 0 99.8 0 -11 138 0.20072102546691895 1
1 -1 1 100.85 6.91 -1 138 0.0450749397277832 1
1 -1 2 99.94 0 -3 138 3.7467119693756104 1
1 -1 3 90.61 8.25 -1 138 0.007957935333251953 1
random:2T:300
0 -1 0 114.17 25.47 -3 112 0.14387798309326172 2
0 -1 1 111.05 30.67 -2 112 0.6608099937438965 2
0 -1 2 93.93 15.18 -2 112 0.8444249629974365 2
0 -1 3 106.49 14.6 -1 112 0.005825996398925781 2
1 -1 0 126.26 26.65 -1 109 0.1412510871887207 2
1 -1 1 114.97 56.879999999999995 -2 109 0.42439818382263184 2
1 -1 2 114.97 56.879999999999995 -2 109 1.5568199157714844 2
1 -1 3 121.25 14.81 -1 109 0.006275177001953125 2
random:3T:300
0 -1 0 101.07 0 -8 130 0.1853020191192627 3
0 -1 1 99.82 7.25 -1 130 0.040306806564331055 3
0 -1 2 100.02 14.46 -1 130 3.3215229511260986 3
0 -1 3 100.69 14.57 -1 130 0.008625984191894531 3
1 -1 0 106.43 0 -11 142 0.20085620880126953 3
1 -1 1 101.62 14.67 -1 142 0.3281841278076172 3
1 -1 2 100.62 13.84 -1 142 3.48293399810791 3
1 -1 3 99.83 14.09 -2 142 0.007759809494018555 3
random:4T:300
0 -1 0 104.04 0 -10 129 0.19385814666748047 4
0 -1 1 96.76 0 -14 129 0.1596531867980957 4
0 -1 2 96.72 0 -8 129 3.0732951164245605 4
0 -1 3 98.49 14.4 -1 129 0.00864410400390625 4
1 -1 0 95.6 0 -19 141 0.241804838180542 4
1 -1 1 95.22 0 -2 141 0.15576982498168945 4
1 -1 2 86.42 0 -2 141 3.71370005607605 4
1 -1 3 92.33 14.52 -1 141 0.008242130279541016 4
random:5T:300
0 -1 0 92.74 0 -21 123 0.18866419792175293 5
0 -1 1 92.28 0 -2 123 0.030330181121826172 5
0 -1 2 90.94 0 -2 123 2.4920730590820312 5
0 -1 3 94.1 13.15 -1 123 0.007117033004760742 5
1 -1 0 98.87 0 -9 119 0.18466901779174805 5
1 -1 1 93.34 14.31 -2 119 0.10640311241149902 5
1 -1 2 93.78 14.41 -2 119 2.0501058101654053 5
1 -1 3 90.0 12.69 -2 119 0.006493091583251953 5
random:6T:300
0 -1 0 97.22 0 -10 127 0.1922318935394287 6
0 -1 1 93.26 0 -2 127 0.08431100845336914 6
0 -1 2 93.26 0 -2 127 2.1016898155212402 6
0 -1 3 95.92 14.19 -1 127 0.00695490837097168 6
1 -1 0 106.07 1.8 -2 113 0.16474413871765137 6
1 -1 1 103.38 27.410000000000004 -1 113 0.15084004402160645 6
1 -1 2 103.38 27.410000000000004 -1 113 2.2466561794281006 6
1 -1 3 104.97 16.19 -1 113 0.006436824798583984 6
random:7T:300
0 -1 0 89.89 0 -26 248 0.3850228786468506 7
0 -1 1 88.8 14.04 -1 248 0.3923492431640625 7
0 -1 2 88.8 14.04 -1 248 7.682184934616089 7
0 -1 3 92.01 13.47 -1 248 0.014600038528442383 7
1 -1 0 90.4 0 -8 235 0.3426659107208252 7
1 -1 1 87.38 0 -15 235 0.160308837890625 7
1 -1 2 87.38 0 -15 235 8.390267133712769 7
1 -1 3 95.52 10.58 -2 235 0.014633893966674805 7
random:8T:300
0 -1 0 101.55 0 -9 130 0.2061600685119629 8
0 -1 1 99.49 7.58 -1 130 0.04490494728088379 8
0 -1 2 99.66 14.43 -1 130 3.6283466815948486 8
0 -1 3 100.51 14.64 -1 130 0.008564949035644531 8
1 -1 0 106.25 0 -6 141 0.21804189682006836 8
1 -1 1 103.14 19.58 -3 141 0.455765962600708 8
1 -1 2 103.14 19.58 -3 141 4.2899298667907715 8
1 -1 3 101.23 14.73 -3 141 0.00897836685180664 8
random:9T:300
0 -1 0 106.95 0 -14 146 0.20495986938476562 9
0 -1 1 96.9 0 -6 146 0.05875110626220703 9
0 -1 2 96.57 0 -5 146 3.12530779838562 9
0 -1 3 91.4 13.15 -1 146 0.009254217147827148 9
1 -1 0 105.28 0 -15 131 0.19504523277282715 9
1 -1 1 96.43 0 -8 131 0.03805375099182129 9
1 -1 2 96.28 0 -6 131 3.174199104309082 9
1 -1 3 87.79 12.23 -1 131 0.008362054824829102 9
random:0T:600
0 -1 0 221.9 0 -2 163 0.5477337837219238 0
0 -1 1 193.11 29.29 -1 163 2.7884178161621094 0
0 -1 2 182.11 37.56999999999999 -2 163 8.699795246124268 0
0 -1 3 208.18 26.27 -1 163 0.013335943222045898 0
1 -1 0 246.73 0 -2 121 0.40030384063720703 0
1 -1 1 194.18 116.57 -1 121 2.7703418731689453 0
1 -1 2 192.49 116.38999999999999 -1 121 6.251871109008789 0
1 -1 3 232.92 14.85 -1 121 0.009105205535888672 0
random:1T:600
0 -1 0 241.46 74.33 -1 133 0.4331848621368408 1
0 -1 1 195.12 88.77999999999999 -2 133 7.455450773239136 1
0 -1 2 187.12 78.55999999999999 -1 133 12.012418985366821 1
0 -1 3 224.02 42.75 -1 133 0.009530067443847656 1
1 -1 0 243.58 0 -1 138 0.4775717258453369 1
1 -1 1 200.98 116.22 -1 138 2.4643189907073975 1
1 -1 2 198.03 117.31 -1 138 7.1820900440216064 1
1 -1 3 220.26 58.910000000000004 -1 138 0.010324954986572266 1
random:2T:600
0 -1 0 275.72 59.61 -1 112 0.33107614517211914 2
0 -1 1 232.06 75.38 -1 112 1.8404598236083984 2
0 -1 2 220.59 67.67 -4 112 2.1650872230529785 2
0 -1 3 256.33 63.459999999999994 -1 112 0.009048700332641602 2
1 -1 0 291.23 55.29 -1 109 0.32517290115356445 2
1 -1 1 249.66 186.19 -3 109 4.649432897567749 2
1 -1 2 249.61 186.19 -3 109 6.359442949295044 2
1 -1 3 277.33 63.080000000000005 -1 109 0.009237051010131836 2
random:3T:600
0 -1 0 246.23 14.84 -1 130 0.4163031578063965 3
0 -1 1 194.87 121.27 -3 130 1.4488067626953125 3
0 -1 2 197.32 123.17 -1 130 5.650478839874268 3
0 -1 3 234.15 56.69 -1 130 0.009884119033813477 3
1 -1 0 251.86 4.4 -1 142 0.44660496711730957 3
1 -1 1 202.18 74.9 -1 142 5.207676887512207 3
1 -1 2 195.98 65.7 -1 142 11.06769609451294 3
1 -1 3 233.95 53.07 -1 142 0.010290861129760742 3
random:4T:600
0 -1 0 244.59 50.51 -1 129 0.4402799606323242 4
0 -1 1 187.83 116.44 -3 129 4.269182920455933 4
0 -1 2 191.01 119.31 -2 129 9.137058973312378 4
0 -1 3 229.87 61.85 -1 129 0.011697769165039062 4
1 -1 0 239.93 0 -2 141 0.5309607982635498 4
1 -1 1 192.6 70.47 -1 141 10.03726577758789 4
1 -1 2 184.02 62.74 -1 141 14.84866189956665 4
1 -1 3 221.98 44.230000000000004 -1 141 0.013612031936645508 4
random:5T:600
0 -1 0 245.12 24.08 -1 123 0.4067709445953369 5
0 -1 1 213.16 116.47 -2 123 2.4402003288269043 5
0 -1 2 207.75 80.71999999999998 -1 123 6.339454889297485 5
0 -1 3 243.15 62.61 -1 123 0.009418010711669922 5
1 -1 0 252.7 28.23 -1 119 0.451704740524292 5
1 -1 1 211.9 70.06 -1 119 3.1669130325317383 5
1 -1 2 209.95 70.05999999999999 -1 119 5.301980972290039 5
1 -1 3 247.5 19.84 -1 119 0.008598089218139648 5
random:6T:600
0 -1 0 240.65 28.55 -1 127 0.39113497734069824 6
0 -1 1 211.88 71.63 -1 127 1.884615182876587 6
0 -1 2 204.32 64.05 -1 127 3.9155478477478027 6
0 -1 3 247.88 49.57 -1 127 0.009332895278930664 6
1 -1 0 260.79 49.41 -1 113 0.38306307792663574 6
1 -1 1 205.16 126.59999999999997 -1 113 3.529499053955078 6
1 -1 2 206.0 129.94 -2 113 5.830986976623535 6
1 -1 3 263.4 65.75 -1 113 0.007605075836181641 6
random:7T:600
0 -1 0 229.15 21.63 -1 248 0.757796049118042 7
0 -1 1 197.95 40.26 -1 248 5.977563858032227 7
0 -1 2 200.7 52.120000000000005 -1 248 15.186930894851685 7
0 -1 3 211.85 14.85 -1 248 0.01779913902282715 7
1 -1 0 226.25 14.81 -1 235 0.6579110622406006 7
1 -1 1 188.29 117.5 -6 235 4.881381273269653 7
1 -1 2 189.46 107.19999999999999 -1 235 14.146050214767456 7
1 -1 3 213.23 14.85 -1 235 0.016034841537475586 7
random:8T:600
0 -1 0 247.34 39.51 -1 130 0.4147918224334717 8
0 -1 1 214.41 126.14000000000001 -1 130 4.146801948547363 8
0 -1 2 215.84 128.89000000000001 -1 130 9.741875171661377 8
0 -1 3 233.96 39.29 -1 130 0.010396718978881836 8
1 -1 0 251.58 14.83 -1 141 0.5138359069824219 8
1 -1 1 209.99 100.80000000000008 -3 141 13.44041895866394 8
1 -1 2 209.59 92.08000000000006 -3 141 10.72474193572998 8
1 -1 3 232.25 49.11 -1 141 0.010267257690429688 8
random:9T:600
0 -1 0 251.92 0 -15 146 0.37247300148010254 9
0 -1 1 206.22 42.60999999999999 -4 146 2.1214230060577393 9
0 -1 2 200.3 49.67999999999997 -4 146 8.018548965454102 9
0 -1 3 221.52 14.85 -1 146 0.011874198913574219 9
1 -1 0 253.52 0 -11 131 0.40265393257141113 9
1 -1 1 209.71 106.34 -1 131 4.128664970397949 9
1 -1 2 192.55 54.459999999999994 -1 131 7.7874228954315186 9
1 -1 3 220.37 60.76 -1 131 0.010110139846801758 9
random:0T:900
0 -1 0 358.51 29.41 -1 163 0.8759281635284424 0
0 -1 1 296.69 57.29 -1 163 6.636445999145508 0
0 -1 2 277.78 85.60000000000001 -1 163 13.836068153381348 0
0 -1 3 325.58 63.45 -1 163 0.013599872589111328 0
1 -1 0 400.03 49.5 -1 121 0.5724499225616455 0
1 -1 1 313.91 194.83999999999997 -1 121 4.913593769073486 0
1 -1 2 317.08 223.38 -2 121 9.109301805496216 0
1 -1 3 363.65 64.21000000000001 -1 121 0.010664939880371094 0
random:1T:900
0 -1 0 386.15 72.72 -1 133 0.616055965423584 1
0 -1 1 277.64 122.50999999999999 -1 133 10.483392000198364 1
0 -1 2 264.66 134.4 -4 133 11.023841857910156 1
0 -1 3 343.76 64.31 -1 133 0.011757135391235352 1
1 -1 0 392.05 0 -1 138 0.690352201461792 1
1 -1 1 324.22 177.05 -1 138 7.407790660858154 1
1 -1 2 310.92 172.55999999999997 -1 138 12.636979341506958 1
1 -1 3 348.12 59.06 -1 138 0.01459503173828125 1
random:2T:900
0 -1 0 441.97 88.82 -1 112 0.49840307235717773 2
0 -1 1 343.88 111.39000000000001 -1 112 3.234884262084961 2
0 -1 2 332.42 115.10000000000001 -2 112 3.816671848297119 2
0 -1 3 402.22 99.33000000000001 -1 112 0.010293960571289062 2
1 -1 0 459.16 66.6 -1 109 0.45068979263305664 2
1 -1 1 382.1 275.53000000000003 -5 109 7.109879970550537 2
1 -1 2 373.61 246.54000000000002 -5 109 7.921669960021973 2
1 -1 3 415.09 64.34 -1 109 0.011405706405639648 2
random:3T:900
0 -1 0 394.78 42.25 -1 130 0.6368801593780518 3
0 -1 1 298.88 150.76999999999998 -1 130 4.243660926818848 3
0 -1 2 322.59 173.54999999999998 -1 130 8.772947788238525 3
0 -1 3 361.58 56.730000000000004 -1 130 0.012273073196411133 3
1 -1 0 400.54 26.119999999999997 -1 142 0.6870801448822021 3
1 -1 1 279.43 110.48 -1 142 11.367072820663452 3
1 -1 2 259.6 112.17 -1 142 12.336063861846924 3
1 -1 3 346.44 64.16 -1 142 0.011118888854980469 3
random:4T:900
0 -1 0 394.92 0 -1 129 0.5174639225006104 4
0 -1 1 302.94 185.97999999999993 -1 129 8.043514013290405 4
0 -1 2 304.19 169.13 -1 129 10.908622980117798 4
0 -1 3 362.99 64.33 -1 129 0.010561943054199219 4
1 -1 0 382.7 49.5 -1 141 0.6098501682281494 4
1 -1 1 273.93 129.76000000000002 -1 141 12.597646713256836 4
1 -1 2 255.71 131.18 -1 141 16.063400268554688 4
1 -1 3 346.25 64.31 -1 141 0.010927915573120117 4
random:5T:900
0 -1 0 386.06 0 -2 123 0.4784061908721924 5
0 -1 1 334.05 170.75 -1 123 4.402393102645874 5
0 -1 2 324.32 152.54999999999998 -1 123 6.433050870895386 5
0 -1 3 373.36 63.77 -1 123 0.009615898132324219 5
1 -1 0 405.11 37.85 -1 119 0.5047299861907959 5
1 -1 1 309.67 120.21000000000001 -1 119 4.5837719440460205 5
1 -1 2 310.42 125.95999999999998 -1 119 6.473403215408325 5
1 -1 3 355.73 62.480000000000004 -1 119 0.00846099853515625 5
random:6T:900
0 -1 0 392.43 58.589999999999996 -1 127 0.501471996307373 6
0 -1 1 301.69 114.84 -1 127 2.773052930831909 6
0 -1 2 299.64 131.32 -1 127 5.093583106994629 6
0 -1 3 370.67 64.22 -1 127 0.009829044342041016 6
1 -1 0 418.73 76.67999999999999 -1 113 0.4578988552093506 6
1 -1 1 340.46 191.2 -1 113 4.954771041870117 6
1 -1 2 346.69 237.8 -2 113 7.195976257324219 6
1 -1 3 381.21 77.52000000000001 -1 113 0.008378982543945312 6
random:7T:900
0 -1 0 368.54 30.3 -1 248 0.9255402088165283 7
0 -1 1 283.61 69.52 -1 248 8.8542799949646 7
0 -1 2 282.14 90.54 -1 248 17.791602849960327 7
0 -1 3 335.12 62.050000000000004 -1 248 0.014850139617919922 7
1 -1 0 366.87 41.75 -1 235 0.8146300315856934 7
1 -1 1 284.85 138.01 -6 235 9.674397230148315 7
1 -1 2 284.59 138.01 -6 235 19.42719292640686 7
1 -1 3 338.32 63.31 -1 235 0.015938997268676758 7
random:8T:900
0 -1 0 390.05 85.53 -1 130 0.519996166229248 8
0 -1 1 351.14 190.01999999999998 -1 130 6.876448154449463 8
0 -1 2 340.41 185.47000000000003 -1 130 12.85176968574524 8
0 -1 3 361.76 64.29 -1 130 0.011462688446044922 8
1 -1 0 398.38 0 -2 141 0.6565582752227783 8
1 -1 1 306.21 125.39 -1 141 16.20136594772339 8
1 -1 2 294.03 129.92000000000002 -1 141 16.233447074890137 8
1 -1 3 348.71 64.31 -1 141 0.009948968887329102 8
random:9T:900
0 -1 0 396.29 0 -15 146 0.5720040798187256 9
0 -1 1 317.42 85.47 -1 146 4.7261621952056885 9
0 -1 2 287.79 101.35999999999999 -1 146 12.597672939300537 9
0 -1 3 341.62 63.35 -1 146 0.012635946273803711 9
1 -1 0 404.31 0 -12 131 0.5017218589782715 9
1 -1 1 302.79 139.76 -1 131 5.5498878955841064 9
1 -1 2 282.75 102.07000000000001 -1 131 11.899931907653809 9
1 -1 3 349.15 61.76 -1 131 0.010787248611450195 9
random:0T:1200
0 -1 0 495.92 29.310000000000002 -1 163 0.9026708602905273 0
0 -1 1 387.23 80.07 -2 163 8.06698489189148 0
0 -1 2 350.18 124.66 -1 163 16.085211992263794 0
0 -1 3 422.66 64.34 -4 163 0.013081789016723633 0
1 -1 0 550.85 94.19999999999999 -1 121 0.6528599262237549 0
1 -1 1 410.76 198.47 -1 121 6.2057318687438965 0
1 -1 2 421.57 263.35 -6 121 9.679226875305176 0
1 -1 3 460.41 64.34 -1 121 0.010345220565795898 0
random:1T:1200
0 -1 0 535.31 76.65 -1 133 0.6773159503936768 1
0 -1 1 389.78 162.01999999999998 -1 133 14.125822305679321 1
0 -1 2 384.54 160.49 -1 133 12.654176950454712 1
0 -1 3 468.89 87.81 -1 133 0.012127876281738281 1
1 -1 0 545.35 0 -1 138 0.7798631191253662 1
1 -1 1 429.16 197.38 -1 138 8.576877117156982 1
1 -1 2 419.19 258.19 -2 138 12.530598163604736 1
1 -1 3 438.5 64.06 -1 138 0.011473894119262695 1
random:2T:1200
0 -1 0 596.45 111.83999999999999 -1 112 0.5440819263458252 2
0 -1 1 474.93 148.05 -1 112 3.545804023742676 2
0 -1 2 450.7 142.92000000000002 -2 112 3.90181827545166 2
0 -1 3 534.0 113.74999999999999 -2 112 0.010771989822387695 2
1 -1 0 629.74 73.55 -1 109 0.47685813903808594 2
1 -1 1 531.38 377.0999999999999 -1 109 7.145046949386597 2
1 -1 2 539.08 403.3899999999999 -1 109 8.309075117111206 2
1 -1 3 570.66 113.36 -1 109 0.01024317741394043 2
random:3T:1200
0 -1 0 543.63 57.63 -1 130 0.636509895324707 3
0 -1 1 401.09 197.39 -1 130 4.960733890533447 3
0 -1 2 415.83 197.65 -1 130 9.26463007926941 3
0 -1 3 485.21 104.18 -1 130 0.011742115020751953 3
1 -1 0 543.5 29.7 -1 142 0.7637922763824463 3
1 -1 1 377.68 125.24 -1 142 11.91860294342041 3
1 -1 2 332.76 139.24 -6 142 13.074559926986694 3
1 -1 3 444.11 64.35000000000001 -1 142 0.012677192687988281 3
random:4T:1200
0 -1 0 534.49 29.689999999999998 -1 129 0.6552371978759766 4
0 -1 1 397.17 196.51999999999998 -1 129 9.592788934707642 4
0 -1 2 413.76 259.05 -6 129 13.860547065734863 4
0 -1 3 476.76 92.12 -1 129 0.01116180419921875 4
1 -1 0 517.25 32.94 -1 141 0.7354109287261963 4
1 -1 1 387.55 148.09 -1 141 15.272142887115479 4
1 -1 2 348.54 144.06 -1 141 18.74161696434021 4
1 -1 3 456.91 64.35 -2 141 0.012167930603027344 4
random:5T:1200
0 -1 0 539.91 80.83 -1 123 0.7097489833831787 5
0 -1 1 444.8 197.26 -1 123 6.604657173156738 5
0 -1 2 433.28 231.64 -1 123 8.886453866958618 5
0 -1 3 519.04 112.83 -1 123 0.011151790618896484 5
1 -1 0 554.9 58.77 -1 119 0.7296640872955322 5
1 -1 1 420.46 142.45 -1 119 6.481394052505493 5
1 -1 2 418.93 135.91 -1 119 8.666484832763672 5
1 -1 3 504.78 64.34 -2 119 0.010600090026855469 5
random:6T:1200
0 -1 0 534.43 77.76 -1 127 0.7198491096496582 6
0 -1 1 403.52 118.12 -1 127 4.467818021774292 6
0 -1 2 421.08 160.76000000000002 -1 127 7.16474986076355 6
0 -1 3 525.76 108.44999999999999 -1 127 0.012382030487060547 6
1 -1 0 571.55 82.67 -1 113 0.6595718860626221 6
1 -1 1 470.68 243.0 -1 113 7.324500799179077 6
1 -1 2 484.03 343.83 -4 113 9.773430109024048 6
1 -1 3 521.57 129.02 -1 113 0.01016688346862793 6
random:7T:1200
0 -1 0 509.55 44.33 -1 248 1.3546829223632812 7
0 -1 1 356.83 98.53999999999999 -2 248 14.322846174240112 7
0 -1 2 352.11 119.28 -1 248 24.38801097869873 7
0 -1 3 426.38 63.84 -1 248 0.019482851028442383 7
1 -1 0 507.85 56.46 -1 235 1.2761731147766113 7
1 -1 1 392.32 240.18 -6 235 15.929440021514893 7
1 -1 2 396.61 250.53000000000003 -3 235 24.640706062316895 7
1 -1 3 453.44 64.34 -2 235 0.019345998764038086 7
random:8T:1200
0 -1 0 543.01 49.5 -1 130 0.6957380771636963 8
0 -1 1 489.28 260.46000000000004 -1 130 10.76478886604309 8
0 -1 2 432.84 249.30999999999995 -1 130 16.64998197555542 8
0 -1 3 484.74 64.35 -1 130 0.01288294792175293 8
1 -1 0 542.14 42.69 -1 141 0.8305590152740479 8
1 -1 1 427.84 190.14999999999998 -1 141 25.27356505393982 8
1 -1 2 422.35 181.72000000000006 -1 141 23.431706190109253 8
1 -1 3 442.53 64.34 -2 141 0.026782989501953125 8
random:9T:1200
0 -1 0 546.16 0 -12 146 0.6869041919708252 9
0 -1 1 432.53 118.93 -1 146 6.934067964553833 9
0 -1 2 372.55 138.67 -1 146 13.672450065612793 9
0 -1 3 458.36 64.35 -1 146 0.013457298278808594 9
1 -1 0 549.74 0 -9 131 0.639437198638916 9
1 -1 1 410.04 197.66 -1 131 8.115689277648926 9
1 -1 2 356.25 129.95999999999998 -1 131 13.922306776046753 9
1 -1 3 455.77 87.25999999999999 -1 131 0.012706756591796875 9
random:0T:1500
0 -1 0 642.31 30.349999999999998 -1 163 1.169503927230835 0
0 -1 1 471.89 99.0 -1 163 10.578632831573486 0
0 -1 2 428.39 149.78 -2 163 19.537692070007324 0
0 -1 3 552.55 112.94 -1 163 0.015989065170288086 0
1 -1 0 705.24 79.18 -1 121 0.8985958099365234 0
1 -1 1 524.37 233.01999999999998 -1 121 9.01504397392273 0
1 -1 2 528.63 278.38 -1 121 12.494425058364868 0
1 -1 3 605.0 111.52000000000001 -1 121 0.012035131454467773 0
random:1T:1500
0 -1 0 676.93 79.41 -1 133 0.9084429740905762 1
0 -1 1 484.33 226.07 -1 133 23.785932779312134 1
0 -1 2 475.75 237.9899999999999 -2 133 18.33737277984619 1
0 -1 3 594.22 113.78999999999999 -1 133 0.014569997787475586 1
1 -1 0 693.51 0 -1 138 1.059384822845459 1
1 -1 1 550.31 244.37 -1 138 12.2014639377594 1
1 -1 2 546.39 361.39 -2 138 17.281978130340576 1
1 -1 3 564.75 108.53 -1 138 0.01406407356262207 1
random:2T:1500
0 -1 0 755.11 137.39 -1 112 0.7001161575317383 2
0 -1 1 599.07 198.14999999999998 -1 112 5.2524330615997314 2
0 -1 2 580.41 186.67000000000004 -4 112 5.634516954421997 2
0 -1 3 682.78 162.78 -1 112 0.014361143112182617 2
1 -1 0 796.04 97.85 -1 109 0.6719679832458496 2
1 -1 1 682.34 488.9699999999999 -1 109 9.709736108779907 2
1 -1 2 680.12 495.0499999999999 -1 109 10.660321950912476 2
1 -1 3 711.67 113.83 -1 109 0.013114690780639648 2
random:3T:1500
0 -1 0 697.19 59.019999999999996 -1 130 1.0126869678497314 3
0 -1 1 499.22 199.03 -1 130 8.452324151992798 3
0 -1 2 528.96 199.09 -1 130 12.248746871948242 3
0 -1 3 622.16 106.23 -1 130 0.014360189437866211 3
1 -1 0 697.06 43.15 -1 142 0.9804069995880127 3
1 -1 1 478.9 184.41 -1 142 16.980309009552002 3
1 -1 2 450.19 171.98000000000002 -1 142 19.47829818725586 3
1 -1 3 577.24 113.02000000000001 -1 142 0.014242172241210938 3
random:4T:1500
0 -1 0 687.03 59.269999999999996 -1 129 0.9298372268676758 4
0 -1 1 524.47 253.03 -1 129 13.91468071937561 4
0 -1 2 530.53 271.12000000000006 -1 129 18.116157054901123 4
0 -1 3 619.08 113.78 -1 129 0.01417088508605957 4
1 -1 0 674.87 49.5 -1 141 1.0855090618133545 4
1 -1 1 481.06 197.50999999999996 -1 141 23.194574117660522 4
1 -1 2 454.43 199.03 -1 141 36.906622886657715 4
1 -1 3 593.41 113.65 -1 141 0.023123979568481445 4
random:5T:1500
0 -1 0 689.42 68.50999999999999 -1 123 1.5220868587493896 5
0 -1 1 564.13 199.0 -1 123 15.08274221420288 5
0 -1 2 546.21 281.5 -1 123 19.217078924179077 5
0 -1 3 651.48 113.27000000000001 -1 123 0.022713184356689453 5
1 -1 0 718.25 72.16000000000001 -1 119 1.4656522274017334 5
1 -1 1 529.21 199.11 -1 119 14.010448217391968 5
1 -1 2 531.07 192.45999999999998 -1 119 19.7385311126709 5
1 -1 3 617.26 111.98 -1 119 0.02370595932006836 5
random:6T:1500
0 -1 0 684.76 118.28999999999999 -1 127 1.4995408058166504 6
0 -1 1 523.76 162.85 -1 127 9.850842952728271 6
0 -1 2 517.12 198.99 -1 127 13.653779983520508 6
0 -1 3 647.66 113.84 -1 127 0.023457050323486328 6
1 -1 0 731.7 115.62999999999998 -1 113 1.2037112712860107 6
1 -1 1 579.53 303.77 -1 113 14.082662105560303 6
1 -1 2 592.9 307.73 -1 113 17.98636221885681 6
1 -1 3 654.17 132.47 -1 113 0.017262697219848633 6
random:7T:1500
0 -1 0 652.83 57.720000000000006 -1 248 2.976728916168213 7
0 -1 1 431.88 118.99 -1 248 29.779472827911377 7
0 -1 2 451.31 139.56 -3 248 48.973716020584106 7
0 -1 3 530.89 64.35 -1 248 0.0335848331451416 7
1 -1 0 649.12 69.18 -1 235 2.6732547283172607 7
1 -1 1 524.92 274.84000000000003 -1 235 37.93002390861511 7
1 -1 2 516.02 282.76000000000005 -1 235 79.36736989021301 7
1 -1 3 545.61 64.35 -1 235 0.053553104400634766 7
random:8T:1500
0 -1 0 705.88 76.94999999999999 -1 127 1.6028730869293213 8
0 -1 1 615.33 317.77 -1 127 21.158159971237183 8
0 -1 2 540.58 304.5999999999999 -1 127 28.1891188621521 8
0 -1 3 628.03 113.72 -1 127 0.019835948944091797 8
1 -1 0 676.8 44.14 -1 144 1.6106531620025635 8
1 -1 1 514.13 199.09 -1 144 58.956533670425415 8
1 -1 2 501.81 231.88999999999996 -1 144 31.643566131591797 8
1 -1 3 565.04 109.44 -1 144 0.014322996139526367 8
random:9T:1500
0 -1 0 696.15 0 -13 146 0.750154972076416 9
0 -1 1 538.85 132.91 -1 146 8.871194839477539 9
0 -1 2 483.81 149.79999999999998 -1 146 18.98198890686035 9
0 -1 3 587.72 112.77999999999999 -1 146 0.013804912567138672 9
1 -1 0 705.03 0 -13 131 0.8403148651123047 9
1 -1 1 501.74 199.09 -1 131 9.738024234771729 9
1 -1 2 464.3 154.80999999999997 -1 131 13.903507947921753 9
1 -1 3 594.98 111.25999999999999 -1 131 0.011798858642578125 9
