random:0T:300
0 -1 0 148.7 0 -1 48 0.08242273330688477 0
0 -1 1 127.77 44.64999999999999 -2 48 0.2322709560394287 0
0 -1 2 122.05 38.44 -2 48 0.2588491439819336 0
0 -1 3 133.42 53.03 -1 48 0.00350189208984375 0
1 -1 0 155.38 69.07 -2 73 0.12854576110839844 0
1 -1 1 129.72 101.56 -6 73 0.8895292282104492 0
1 -1 2 129.72 101.56 -6 73 1.4215419292449951 0
1 -1 3 148.36 58.870000000000005 -1 73 0.004299163818359375 0
2 -1 0 144.16 0 -2 80 0.1346750259399414 0
2 -1 1 124.73 54.839999999999996 -1 80 0.43046021461486816 0
2 -1 2 125.09 74.42999999999999 -2 80 1.272291660308838 0
2 -1 3 131.47 53.61 -1 80 0.004667758941650391 0
3 -1 0 119.02 6.0 -1 83 0.12569403648376465 0
3 -1 1 107.13 62.129999999999995 -1 83 0.27176594734191895 0
3 -1 2 105.71 44.249999999999986 -1 83 1.3160359859466553 0
3 -1 3 111.34 14.75 -1 83 0.005010843276977539 0
random:1T:300
0 -1 0 138.53 0 -2 52 0.08523917198181152 1
0 -1 1 114.78 36.260000000000005 -2 52 0.5233728885650635 1
0 -1 2 110.26 34.48000000000001 -2 52 0.6740360260009766 1
0 -1 3 132.39 53.86 -1 52 0.003314971923828125 1
1 -1 0 154.11 72.0 -2 72 0.13048291206359863 1
1 -1 1 134.63 100.13 -2 72 0.7012360095977783 1
1 -1 2 134.63 100.13 -2 72 1.2747089862823486 1
1 -1 3 150.48 90.21 -2 72 0.004670858383178711 1
2 -1 0 118.14 0 -3 81 0.13251996040344238 1
2 -1 1 109.4 81.77 -1 81 0.4317612648010254 1
2 -1 2 107.25 68.62999999999998 -2 81 1.639164924621582 1
2 -1 3 114.9 76.18 -1 81 0.0048639774322509766 1
3 -1 0 151.57 48.04 -1 66 0.13113999366760254 1
3 -1 1 141.43 93.45 -2 66 0.5255780220031738 1
3 -1 2 141.43 93.45 -2 66 0.9978830814361572 1
3 -1 3 146.89 14.8 -1 66 0.004445075988769531 1
random:2T:300
0 -1 0 156.08 60.93 -1 54 0.0929112434387207 2
0 -1 1 130.53 56.62999999999994 -2 54 0.934941291809082 2
0 -1 2 130.38 52.75 -2 54 0.5831189155578613 2
0 -1 3 158.02 53.85 -1 54 0.004279136657714844 2
1 -1 0 147.29 28.03 -1 85 0.15339016914367676 2
1 -1 1 126.44 90.78 -3 85 0.923346996307373 2
1 -1 2 126.44 90.78 -3 85 1.500255823135376 2
1 -1 3 138.36 14.81 -1 85 0.005518198013305664 2
2 -1 0 157.18 106.63 -2 43 0.07117176055908203 2
2 -1 1 140.53 104.12 -2 43 0.24669814109802246 2
2 -1 2 141.28 104.8 -2 43 0.4330790042877197 2
2 -1 3 154.45 126.85 -1 43 0.003155946731567383 2
3 -1 0 171.91 94.61 -1 39 0.062211036682128906 2
3 -1 1 137.08 54.709999999999994 -3 39 0.20742201805114746 2
3 -1 2 137.08 54.709999999999994 -3 39 0.22589993476867676 2
3 -1 3 161.95 73.97 -1 39 0.003159046173095703 2
random:3T:300
0 -1 0 132.17 20.43 -1 89 0.1589651107788086 3
0 -1 1 121.62 87.18999999999998 -3 89 0.7275080680847168 3
0 -1 2 119.46 82.76 -1 89 2.213815927505493 3
0 -1 3 127.01 39.85 -1 89 0.005506038665771484 3
1 -1 0 158.98 39.769999999999996 -1 53 0.09799981117248535 3
1 -1 1 135.58 52.129999999999946 -2 53 0.6578168869018555 3
1 -1 2 130.65 56.32999999999994 -2 53 1.084609031677246 3
1 -1 3 152.2 55.56 -1 53 0.0038170814514160156 3
2 -1 0 138.33 62.89 -1 65 0.11174988746643066 3
2 -1 1 123.85 98.75 -2 65 0.8727788925170898 3
2 -1 2 121.54 97.41 -2 65 1.2103688716888428 3
2 -1 3 130.41 56.1 -1 65 0.004464149475097656 3
3 -1 0 154.58 55.349999999999994 -1 65 0.1128840446472168 3
3 -1 1 128.44 94.73 -2 65 0.7883439064025879 3
3 -1 2 126.75 91.47 -2 65 1.161517858505249 3
3 -1 3 143.92 25.59 -1 65 0.004088163375854492 3
random:4T:300
0 -1 0 132.25 39.79 -1 89 0.15013504028320312 4
0 -1 1 117.83 77.46999999999998 -2 89 0.9478209018707275 4
0 -1 2 117.84 76.35000000000001 -2 89 1.854508876800537 4
0 -1 3 126.72 14.72 -1 89 0.0054931640625 4
1 -1 0 128.16 69.16 -2 72 0.10904526710510254 4
1 -1 1 113.58 88.91 -1 72 0.4739859104156494 4
1 -1 2 112.93 88.47 -2 72 1.1542928218841553 4
1 -1 3 118.4 74.93 -1 72 0.004374980926513672 4
2 -1 0 169.03 73.93 -1 44 0.06970500946044922 4
2 -1 1 140.65 58.28 -1 44 0.6298339366912842 4
2 -1 2 138.01 57.599999999999994 -1 44 0.683851957321167 4
2 -1 3 160.36 58.42 -1 44 0.0035262107849121094 4
3 -1 0 156.13 83.86 -2 65 0.11220288276672363 4
3 -1 1 134.08 104.41 -6 65 0.3711366653442383 4
3 -1 2 128.49 94.73 -2 65 0.7172298431396484 4
3 -1 3 144.77 81.05 -1 65 0.004019021987915039 4
random:5T:300
0 -1 0 148.94 55.459999999999994 -1 51 0.08635282516479492 5
0 -1 1 131.84 94.53999999999999 -2 51 0.3420259952545166 5
0 -1 2 129.86 90.9 -2 51 0.49148988723754883 5
0 -1 3 150.99 47.97 -1 51 0.0034570693969726562 5
1 -1 0 158.59 82.97 -1 49 0.08978509902954102 5
1 -1 1 133.8 104.18 -2 49 0.19821786880493164 5
1 -1 2 139.24 104.97000000000001 -2 49 0.4374561309814453 5
1 -1 3 161.44 125.36000000000001 -1 49 0.004079103469848633 5
2 -1 0 144.3 26.740000000000002 -1 65 0.11242985725402832 5
2 -1 1 132.82 87.55 -4 65 0.43451690673828125 5
2 -1 2 131.12 50.61000000000001 -1 65 0.9160840511322021 5
2 -1 3 146.47 57.64 -1 65 0.00413203239440918 5
3 -1 0 122.69 23.689999999999998 -2 77 0.11888790130615234 5
3 -1 1 113.03 29.760000000000005 -2 77 0.4864330291748047 5
3 -1 2 109.46 29.5 -2 77 0.8055949211120605 5
3 -1 3 115.11 14.28 -2 77 0.004720211029052734 5
random:6T:300
0 -1 0 120.9 40.41 -1 69 0.10825920104980469 6
0 -1 1 115.69 61.95999999999999 -2 69 0.353640079498291 6
0 -1 2 111.52 57.03 -1 69 0.7623589038848877 6
0 -1 3 112.58 14.7 -1 69 0.0041561126708984375 6
1 -1 0 126.8 37.15 -1 57 0.08406305313110352 6
1 -1 1 118.11 88.50999999999999 -1 57 0.45697522163391113 6
1 -1 2 115.12 83.77000000000001 -1 57 0.6379549503326416 6
1 -1 3 129.45 43.59 -1 57 0.0036690235137939453 6
2 -1 0 167.9 112.2 -1 56 0.11108183860778809 6
2 -1 1 150.19 118.18 -2 56 0.5009541511535645 6
2 -1 2 150.19 118.18 -2 56 0.7486538887023926 6
2 -1 3 168.35 132.26 -1 56 0.003949880599975586 6
3 -1 0 156.34 66.19 -1 58 0.11943793296813965 6
3 -1 1 140.88 93.52000000000001 -1 58 0.4076058864593506 6
3 -1 2 138.21 80.53 -1 58 1.49497389793396 6
3 -1 3 156.0 44.56 -1 58 0.004137992858886719 6
random:7T:300
0 -1 0 130.23 14.61 -1 126 0.25733304023742676 7
0 -1 1 118.19 40.72 -2 126 1.6523091793060303 7
0 -1 2 113.58 38.379999999999995 -2 126 1.9641239643096924 7
0 -1 3 127.02 48.1 -1 126 0.007163047790527344 7
1 -1 0 139.78 53.709999999999994 -1 107 0.1848278045654297 7
1 -1 1 123.48 90.5 -2 107 0.671666145324707 7
1 -1 2 124.13 87.42 -2 107 2.0259149074554443 7
1 -1 3 131.86 22.92 -1 107 0.006570100784301758 7
2 -1 0 136.94 14.45 -1 134 0.23368382453918457 7
2 -1 1 121.4 71.06 -1 134 0.9510641098022461 7
2 -1 2 121.4 71.06 -1 134 2.607624053955078 7
2 -1 3 126.39 14.79 -1 134 0.00829005241394043 7
3 -1 0 130.51 31.7 -1 116 0.1945967674255371 7
3 -1 1 115.02 82.83999999999999 -2 116 3.5721399784088135 7
3 -1 2 114.18 84.59 -1 116 3.450413942337036 7
3 -1 3 121.78 50.46 -1 116 0.00672602653503418 7
random:8T:300
0 -1 0 176.67 60.019999999999996 -1 49 0.10738205909729004 8
0 -1 1 161.95 122.53 -2 49 0.48651981353759766 8
0 -1 2 160.44 108.68 -1 49 0.675058126449585 8
0 -1 3 171.92 55.93 -1 49 0.004515171051025391 8
1 -1 0 138.76 70.07 -1 56 0.09317708015441895 8
1 -1 1 124.97 100.01 -1 56 0.33765411376953125 8
1 -1 2 120.63 93.39 -6 56 0.7907147407531738 8
1 -1 3 134.03 80.19 -3 56 0.004075050354003906 8
2 -1 0 112.48 33.75 -1 81 0.12172913551330566 8
2 -1 1 104.21 66.62 -1 81 0.8892488479614258 8
2 -1 2 104.21 66.62 -1 81 1.8736088275909424 8
2 -1 3 111.12 84.98 -3 81 0.005561113357543945 8
3 -1 0 149.21 33.69 -1 85 0.16363286972045898 8
3 -1 1 134.55 53.589999999999954 -3 85 2.329145908355713 8
3 -1 2 135.38 51.21999999999995 -3 85 2.2209200859069824 8
3 -1 3 144.28 51.98 -1 85 0.005813121795654297 8
random:9T:300
0 -1 0 137.89 0 -8 97 0.1746671199798584 9
0 -1 1 121.69 24.27 -4 97 0.4579341411590576 9
0 -1 2 126.82 33.96 -4 97 1.8685860633850098 9
0 -1 3 116.78 14.63 -1 97 0.006170034408569336 9
1 -1 0 144.34 0 -1 57 0.09920382499694824 9
1 -1 1 120.93 92.25999999999999 -1 57 0.5347201824188232 9
1 -1 2 120.93 92.25999999999999 -1 57 0.8427538871765137 9
1 -1 3 133.79 56.41 -1 57 0.004033088684082031 9
2 -1 0 161.98 0 -2 73 0.15077519416809082 9
2 -1 1 137.16 105.6 -2 73 1.2747159004211426 9
2 -1 2 137.16 105.6 -2 73 1.8963351249694824 9
2 -1 3 141.31 34.25 -1 73 0.0050029754638671875 9
3 -1 0 141.17 58.019999999999996 -1 50 0.07678413391113281 9
3 -1 1 128.06 78.07 -2 50 0.2918081283569336 9
3 -1 2 119.78 90.7 -5 50 0.4536130428314209 9
3 -1 3 137.25 52.65 -1 50 0.003495931625366211 9
random:0T:600
0 -1 0 363.83 143.05 -1 48 0.19008588790893555 0
0 -1 1 282.45 98.05 -1 48 0.7266268730163574 0
0 -1 2 277.15 96.77999999999999 -1 48 0.7457668781280518 0
0 -1 3 322.85 121.09000000000002 -1 48 0.006190061569213867 0
1 -1 0 343.82 85.38000000000001 -1 73 0.2712898254394531 0
1 -1 1 294.27 238.42 -2 73 3.0145201683044434 0
1 -1 2 294.27 238.42 -2 73 3.835576057434082 0
1 -1 3 308.89 106.82000000000001 -1 73 0.007042884826660156 0
2 -1 0 327.82 0 -2 80 0.3105289936065674 0
2 -1 1 271.64 174.48000000000002 -1 80 2.0847651958465576 0
2 -1 2 275.1 179.3 -1 80 3.125837802886963 0
2 -1 3 292.93 63.58 -1 80 0.0077970027923583984 0
3 -1 0 301.63 49.410000000000004 -1 83 0.3067011833190918 0
3 -1 1 236.45 163.43 -1 83 1.5236618518829346 0
3 -1 2 224.24 132.93 -1 83 2.3983230590820312 0
3 -1 3 272.75 61.99 -1 83 0.007484912872314453 0
random:1T:600
0 -1 0 344.18 92.91999999999999 -1 51 0.20341134071350098 1
0 -1 1 255.85 115.4500000000001 -2 51 1.939812183380127 1
0 -1 2 248.96 101.83000000000001 -1 51 1.8081049919128418 1
0 -1 3 318.78 104.85 -1 51 0.006138801574707031 1
1 -1 0 350.5 233.6 -2 72 0.3040320873260498 1
1 -1 1 312.78 253.96 -2 72 2.0681509971618652 1
1 -1 2 312.78 253.96 -2 72 2.654236078262329 1
1 -1 3 312.12 241.6 -1 72 0.006947755813598633 1
2 -1 0 296.92 143.53 -1 81 0.29924511909484863 1
2 -1 1 274.34 173.32999999999998 -1 81 2.0598950386047363 1
2 -1 2 262.45 198.70999999999998 -4 81 2.7337698936462402 1
2 -1 3 279.29 194.37000000000003 -1 81 0.007445096969604492 1
3 -1 0 345.65 54.330000000000005 -1 67 0.2801940441131592 1
3 -1 1 313.37 226.08 -1 67 1.9373650550842285 1
3 -1 2 313.37 226.08 -1 67 2.4316658973693848 1
3 -1 3 317.1 64.13 -1 67 0.0074999332427978516 1
random:2T:600
0 -1 0 356.51 173.9 -1 54 0.20114898681640625 2
0 -1 1 266.13 116.10000000000001 -1 54 2.464576005935669 2
0 -1 2 261.42 126.96000000000005 -2 54 1.392707109451294 2
0 -1 3 352.14 119.99000000000001 -1 54 0.00657200813293457 2
1 -1 0 326.69 60.39 -1 85 0.26073122024536133 2
1 -1 1 284.05 203.06999999999994 -1 85 3.1237339973449707 2
1 -1 2 285.42 213.89000000000001 -5 85 3.8186140060424805 2
1 -1 3 306.52 64.03 -1 85 0.007965803146362305 2
2 -1 0 368.58 270.3 -3 43 0.12885808944702148 2
2 -1 1 323.66 251.64999999999998 -1 43 1.3533470630645752 2
2 -1 2 326.72 253.01999999999998 -2 43 1.3722586631774902 2
2 -1 3 363.45 311.37 -1 43 0.00527191162109375 2
3 -1 0 404.52 239.51999999999998 -1 39 0.1366260051727295 2
3 -1 1 314.52 126.99000000000008 -3 39 0.46781277656555176 2
3 -1 2 314.52 126.99000000000008 -3 39 0.48774290084838867 2
3 -1 3 376.29 186.69999999999996 -1 39 0.006170988082885742 2
random:3T:600
0 -1 0 305.46 30.930000000000003 -1 89 0.31299591064453125 3
0 -1 1 270.9 174.84 -1 89 3.4078938961029053 3
0 -1 2 266.85 201.87 -3 89 5.020336866378784 3
0 -1 3 288.95 63.87 -1 89 0.00793600082397461 3
1 -1 0 360.15 141.53 -1 53 0.19246220588684082 3
1 -1 1 284.92 108.55999999999999 -1 53 1.9758758544921875 3
1 -1 2 274.39 127.62000000000003 -2 53 1.9363000392913818 3
1 -1 3 340.56 108.14 -1 53 0.006197929382324219 3
2 -1 0 342.07 85.92999999999999 -1 65 0.23842382431030273 3
2 -1 1 301.0 244.99999999999997 -2 65 2.7697861194610596 3
2 -1 2 300.21 241.00999999999996 -1 65 2.9803690910339355 3
2 -1 3 306.33 100.32 -1 65 0.005920886993408203 3
3 -1 0 348.21 84.06 -1 65 0.2270641326904297 3
3 -1 1 288.47 228.22000000000014 -6 65 2.658787965774536 3
3 -1 2 277.02 207.92999999999995 -1 65 2.667530059814453 3
3 -1 3 308.57 64.13 -1 65 0.0058481693267822266 3
random:4T:600
0 -1 0 306.68 63.540000000000006 -1 89 0.3072991371154785 4
0 -1 1 268.05 177.23000000000002 -1 89 4.092875957489014 4
0 -1 2 261.67 200.09 -3 89 5.0450828075408936 4
0 -1 3 288.96 64.08 -1 89 0.008103132247924805 4
1 -1 0 319.91 82.3 -1 72 0.255234956741333 4
1 -1 1 287.69 238.66000000000003 -2 72 1.6221191883087158 4
1 -1 2 290.55 242.86 -6 72 2.4854252338409424 4
1 -1 3 281.99 209.5 -1 72 0.006147146224975586 4
2 -1 0 385.13 148.1 -1 44 0.15720415115356445 4
2 -1 1 300.57 117.24000000000001 -1 44 1.189089059829712 4
2 -1 2 293.4 130.30000000000007 -3 44 1.1470921039581299 4
2 -1 3 367.56 147.46 -1 44 0.005627155303955078 4
3 -1 0 353.07 91.75 -1 65 0.22769904136657715 4
3 -1 1 309.61 247.02 -1 65 1.257206678390503 4
3 -1 2 315.19 254.97 -1 65 1.9271817207336426 4
3 -1 3 311.16 232.14000000000001 -1 65 0.005625009536743164 4
random:5T:600
0 -1 0 349.43 94.67999999999999 -1 51 0.1843090057373047 5
0 -1 1 314.79 241.4 -1 51 0.965034008026123 5
0 -1 2 310.89 239.04 -4 51 1.1027021408081055 5
0 -1 3 350.37 107.84 -1 51 0.0056650638580322266 5
1 -1 0 353.84 225.18 -1 47 0.15508460998535156 5
1 -1 1 317.64 234.6 -1 47 0.8493621349334717 5
1 -1 2 318.47 242.68 -1 47 1.0810601711273193 5
1 -1 3 368.35 285.98 -1 47 0.006265878677368164 5
2 -1 0 327.95 103.57 -1 67 0.26799511909484863 5
2 -1 1 285.27 197.23 -2 67 1.3924789428710938 5
2 -1 2 285.19 206.72 -2 67 1.9924650192260742 5
2 -1 3 316.3 100.07 -1 67 0.006793975830078125 5
3 -1 0 311.8 43.19 -1 77 0.2813708782196045 5
3 -1 1 254.49 91.07 -1 77 1.5671920776367188 5
3 -1 2 246.81 86.56 -1 77 2.1039276123046875 5
3 -1 3 274.82 63.09 -1 77 0.006292819976806641 5
random:6T:600
0 -1 0 300.95 115.95 -1 69 0.2096109390258789 6
0 -1 1 279.57 173.72 -1 69 1.0453770160675049 6
0 -1 2 256.1 144.97 -3 69 2.383012056350708 6
0 -1 3 287.57 64.08 -1 69 0.0057718753814697266 6
1 -1 0 321.57 115.99 -1 57 0.17842674255371094 6
1 -1 1 281.75 176.5 -1 57 1.3151497840881348 6
1 -1 2 279.62 214.47000000000003 -1 57 1.6298439502716064 6
1 -1 3 304.04 79.08000000000001 -1 57 0.004773855209350586 6
2 -1 0 370.07 234.79000000000002 -1 56 0.17838811874389648 6
2 -1 1 335.58 264.71999999999997 -2 56 1.1612398624420166 6
2 -1 2 335.58 264.71999999999997 -2 56 1.379051923751831 6
2 -1 3 369.05 291.78 -1 56 0.005797147750854492 6
3 -1 0 358.78 147.01 -1 58 0.23183417320251465 6
3 -1 1 314.46 227.3000000000001 -2 58 1.140045166015625 6
3 -1 2 258.65 131.8500000000002 -1 58 4.17222785949707 6
3 -1 3 354.06 102.79 -1 58 0.0062792301177978516 6
random:7T:600
0 -1 0 304.12 56.42 -1 126 0.4080171585083008 7
0 -1 1 242.71 109.07999999999998 -2 126 3.819072961807251 7
0 -1 2 243.48 103.64999999999999 -2 126 4.375042200088501 7
0 -1 3 283.94 62.7 -1 126 0.009417057037353516 7
1 -1 0 321.28 83.94 -1 107 0.32570695877075195 7
1 -1 1 288.37 217.04999999999998 -2 107 3.3833680152893066 7
1 -1 2 287.44 219.54999999999998 -6 107 4.793457984924316 7
1 -1 3 305.06 64.13 -1 107 0.008990764617919922 7
2 -1 0 309.79 42.42 -1 134 0.40708494186401367 7
2 -1 1 249.83 179.27000000000007 -6 134 3.168201208114624 7
2 -1 2 249.83 179.27000000000007 -6 134 4.836221933364868 7
2 -1 3 287.97 52.28 -1 134 0.010213851928710938 7
3 -1 0 319.25 75.49 -1 116 0.4014170169830322 7
3 -1 1 289.75 221.88 -1 116 6.888292074203491 7
3 -1 2 290.46 230.70000000000002 -2 116 7.763193130493164 7
3 -1 3 290.36 74.83000000000001 -1 116 0.009026050567626953 7
random:8T:600
0 -1 0 387.07 100.71 -1 50 0.17008590698242188 8
0 -1 1 346.93 271.28999999999996 -1 50 0.9639790058135986 8
0 -1 2 349.5 270.96 -2 50 1.1830101013183594 8
0 -1 3 372.08 121.10999999999999 -1 50 0.005383014678955078 8
1 -1 0 340.63 221.7 -1 56 0.1543574333190918 8
1 -1 1 306.12 242.98 -1 56 0.8136787414550781 8
1 -1 2 304.98 248.05999999999997 -1 56 1.8567321300506592 8
1 -1 3 314.53 236.14999999999998 -1 56 0.004545927047729492 8
2 -1 0 287.63 154.61999999999998 -1 80 0.20402908325195312 8
2 -1 1 258.08 199.98 -6 80 1.311967134475708 8
2 -1 2 252.88 196.98 -6 80 2.147608995437622 8
2 -1 3 277.14 182.01000000000002 -1 80 0.005901813507080078 8
3 -1 0 334.01 65.72000000000001 -1 85 0.26166296005249023 8
3 -1 1 257.79 123.92 -1 85 4.523328065872192 8
3 -1 2 258.93 127.34000000000007 -3 85 4.634984016418457 8
3 -1 3 292.16 63.45 -1 85 0.006213188171386719 8
random:9T:600
0 -1 0 307.0 0 -6 97 0.28696584701538086 9
0 -1 1 279.16 82.39 -1 97 1.7774608135223389 9
0 -1 2 272.93 82.35000000000001 -1 97 2.9922239780426025 9
0 -1 3 270.91 63.12 -1 97 0.007160186767578125 9
1 -1 0 341.24 99.22 -2 57 0.14478492736816406 9
1 -1 1 295.84 234.39999999999998 -6 57 1.4880011081695557 9
1 -1 2 292.12 223.60000000000002 -1 57 1.681746244430542 9
1 -1 3 312.0 102.69999999999999 -1 57 0.004667758941650391 9
2 -1 0 350.4 0 -5 73 0.20734286308288574 9
2 -1 1 299.4 241.2 -6 73 2.561028003692627 9
2 -1 2 298.12 238.94 -6 73 3.1539359092712402 9
2 -1 3 310.09 64.13 -1 73 0.0055811405181884766 9
3 -1 0 337.53 76.14999999999999 -1 50 0.10969686508178711 9
3 -1 1 297.52 194.67000000000002 -1 50 0.6784021854400635 9
3 -1 2 287.64 217.71 -1 50 0.7712628841400146 9
3 -1 3 331.62 107.72 -1 50 0.0042572021484375 9
random:0T:900
0 -1 0 563.25 222.17 -1 49 0.2294600009918213 0
0 -1 1 435.39 163.54000000000002 -2 49 0.8905389308929443 0
0 -1 2 436.52 154.6 -2 49 0.9579236507415771 0
0 -1 3 504.58 202.88000000000002 -1 49 0.007118940353393555 0
1 -1 0 541.41 141.2 -1 73 0.3217737674713135 0
1 -1 1 465.25 378.16 -6 73 3.7324538230895996 0
1 -1 2 465.25 378.16 -6 73 4.2240588665008545 0
1 -1 3 478.7 122.02000000000001 -1 73 0.007283926010131836 0
2 -1 0 519.35 0 -1 79 0.36507606506347656 0
2 -1 1 434.22 228.06 -1 79 2.9098758697509766 0
2 -1 2 417.45 227.80999999999995 -1 79 3.7834229469299316 0
2 -1 3 467.27 108.97 -1 79 0.008213996887207031 0
3 -1 0 484.45 99.75 -1 83 0.36362695693969727 0
3 -1 1 362.0 251.09000000000003 -3 83 2.104013204574585 0
3 -1 2 346.99 221.28000000000003 -1 83 2.7777867317199707 0
3 -1 3 438.87 92.42 -1 83 0.0077419281005859375 0
random:1T:900
0 -1 0 541.5 183.76 -1 52 0.2511110305786133 1
0 -1 1 390.56 173.92000000000002 -1 52 2.9874229431152344 1
0 -1 2 395.48 158.3700000000001 -2 52 1.4351508617401123 1
0 -1 3 498.45 154.67000000000002 -1 52 0.0064961910247802734 1
1 -1 0 543.85 388.34 -2 72 0.36118102073669434 1
1 -1 1 489.26 403.45 -4 72 2.6282570362091064 1
1 -1 2 489.26 403.45 -4 72 3.0955450534820557 1
1 -1 3 483.61 362.25 -1 72 0.00693511962890625 1
2 -1 0 484.44 103.2 -1 81 0.3642280101776123 1
2 -1 1 435.39 300.28 -1 81 2.9703681468963623 1
2 -1 2 434.47 350.33 -1 81 3.78098201751709 1
2 -1 3 448.63 332.94 -1 81 0.007628202438354492 1
3 -1 0 536.96 105.92 -1 66 0.3471369743347168 1
3 -1 1 481.67 344.96999999999997 -1 66 2.5445427894592285 1
3 -1 2 485.74 350.6500000000001 -1 66 3.0051698684692383 1
3 -1 3 507.8 113.44 -1 66 0.00805211067199707 1
random:2T:900
0 -1 0 551.76 240.29 -1 54 0.2380809783935547 2
0 -1 1 415.51 203.13 -1 54 3.479652166366577 2
0 -1 2 412.67 191.08000000000004 -1 54 2.505976915359497 2
0 -1 3 548.8 198.4 -1 54 0.00835108757019043 2
1 -1 0 519.32 94.55 -1 85 0.35887622833251953 2
1 -1 1 448.69 355.81000000000006 -3 85 4.678146839141846 2
1 -1 2 448.69 355.81000000000006 -3 85 4.981517791748047 2
1 -1 3 480.64 110.72 -1 85 0.008370161056518555 2
2 -1 0 583.61 426.24000000000007 -2 43 0.18290376663208008 2
2 -1 1 508.98 395.13 -1 43 1.5549650192260742 2
2 -1 2 512.06 399.73999999999995 -2 43 1.8177411556243896 2
2 -1 3 577.43 483.25 -1 43 0.0066928863525390625 2
3 -1 0 629.54 286.43 -1 39 0.19365811347961426 2
3 -1 1 492.08 198.81000000000014 -3 39 0.6640419960021973 2
3 -1 2 492.08 198.81000000000014 -3 39 0.7003061771392822 2
3 -1 3 593.79 290.7799999999999 -1 39 0.008101701736450195 2
random:3T:900
0 -1 0 487.53 52.769999999999996 -1 89 0.3715848922729492 3
0 -1 1 439.9 297.05 -1 89 4.875895023345947 3
0 -1 2 417.27 274.67 -1 89 6.197181224822998 3
0 -1 3 448.01 112.37 -1 89 0.007945060729980469 3
1 -1 0 562.61 232.29 -1 53 0.2445659637451172 3
1 -1 1 436.3 167.07 -1 53 2.5855438709259033 3
1 -1 2 421.67 181.63000000000002 -1 53 2.409174919128418 3
1 -1 3 533.97 170.60000000000002 -1 53 0.0067789554595947266 3
2 -1 0 543.14 161.51 -1 65 0.2977101802825928 3
2 -1 1 481.14 391.6 -1 65 4.15560507774353 3
2 -1 2 480.01 383.86999999999983 -1 65 4.106417179107666 3
2 -1 3 483.16 140.45000000000002 -1 65 0.006290912628173828 3
3 -1 0 537.42 114.52000000000001 -1 65 0.272050142288208 3
3 -1 1 448.36 360.13 -6 65 2.776323080062866 3
3 -1 2 445.16 324.36 -1 65 3.3481431007385254 3
3 -1 3 481.18 113.26 -1 65 0.0063018798828125 3
random:4T:900
0 -1 0 488.79 57.169999999999995 -1 89 0.3636291027069092 4
0 -1 1 421.49 281.46000000000004 -1 89 5.097198247909546 4
0 -1 2 409.54 246.19 -1 89 5.511892795562744 4
0 -1 3 447.99 110.53 -1 89 0.007475852966308594 4
1 -1 0 515.7 173.62 -1 72 0.3095972537994385 4
1 -1 1 462.89 388.43000000000006 -2 72 2.4236037731170654 4
1 -1 2 471.5 389.75000000000006 -1 72 3.216449022293091 4
1 -1 3 453.79 332.94 -1 72 0.005984067916870117 4
2 -1 0 578.31 262.45000000000005 -1 46 0.19759225845336914 4
2 -1 1 463.79 178.85000000000002 -1 46 1.8455967903137207 4
2 -1 2 439.67 191.22999999999993 -1 46 1.790146827697754 4
2 -1 3 554.41 205.97000000000003 -1 46 0.0074062347412109375 4
3 -1 0 550.96 216.71 -1 63 0.308988094329834 4
3 -1 1 496.73 412.0599999999999 -6 63 1.9200787544250488 4
3 -1 2 493.77 359.3299999999999 -1 63 2.174790859222412 4
3 -1 3 492.69 380.06 -1 63 0.006136894226074219 4
random:5T:900
0 -1 0 548.79 109.3 -1 51 0.2526249885559082 5
0 -1 1 473.78 331.70000000000005 -1 51 1.2908167839050293 5
0 -1 2 477.34 356.45000000000005 -4 51 1.4880328178405762 5
0 -1 3 547.62 160.57 -1 51 0.006983041763305664 5
1 -1 0 556.28 337.62000000000006 -1 52 0.23927021026611328 5
1 -1 1 488.5 364.73 -1 52 0.9585700035095215 5
1 -1 2 497.38 382.13 -1 52 1.3858227729797363 5
1 -1 3 558.27 439.15 -1 52 0.006811857223510742 5
2 -1 0 532.44 165.42999999999998 -1 62 0.2937800884246826 5
2 -1 1 463.39 315.94999999999993 -1 62 1.8312530517578125 5
2 -1 2 412.75 235.93 -2 62 2.624394178390503 5
2 -1 3 522.1 176.32 -1 62 0.007400035858154297 5
3 -1 0 494.81 98.13000000000001 -1 77 0.3574709892272949 5
3 -1 1 398.01 141.17 -1 77 2.2249932289123535 5
3 -1 2 387.11 134.24999999999997 -1 77 2.4639978408813477 5
3 -1 3 440.86 111.86 -1 77 0.0068433284759521484 5
random:6T:900
0 -1 0 491.67 129.79000000000002 -1 69 0.28121495246887207 6
0 -1 1 422.39 194.29999999999998 -1 69 1.4119038581848145 6
0 -1 2 420.21 254.75000000000006 -1 69 3.136587619781494 6
0 -1 3 463.53 113.45 -1 69 0.006738901138305664 6
1 -1 0 518.74 169.65 -1 57 0.23015570640563965 6
1 -1 1 443.42 300.28000000000003 -1 57 1.739372968673706 6
1 -1 2 441.92 347.7 -1 57 2.0941078662872314 6
1 -1 3 483.97 140.34 -1 57 0.005426883697509766 6
2 -1 0 568.43 377.33 -1 56 0.23731303215026855 6
2 -1 1 514.43 410.02 -1 56 1.632378101348877 6
2 -1 2 514.43 410.02 -1 56 1.8301260471343994 6
2 -1 3 568.0 459.75 -1 56 0.006681203842163086 6
3 -1 0 557.48 212.56 -1 58 0.2749488353729248 6
3 -1 1 488.15 351.77 -1 58 1.5192437171936035 6
3 -1 2 432.14 195.54 -1 58 4.515017032623291 6
3 -1 3 550.87 157.35 -1 58 0.007332801818847656 6
random:7T:900
0 -1 0 484.29 103.18 -1 126 0.5950450897216797 7
0 -1 1 381.78 156.08000000000004 -1 126 5.485036134719849 7
0 -1 2 385.12 154.88999999999996 -1 126 6.4123969078063965 7
0 -1 3 446.59 110.64 -1 126 0.011856794357299805 7
1 -1 0 515.12 101.12 -1 107 0.4829139709472656 7
1 -1 1 448.13 343.85 -1 107 4.901744842529297 7
1 -1 2 454.34 355.7 -3 107 6.384346961975098 7
1 -1 3 482.58 112.24000000000001 -1 107 0.00959467887878418 7
2 -1 0 484.67 55.779999999999994 -1 134 0.6018218994140625 7
2 -1 1 388.53 240.85000000000002 -1 134 4.91787314414978 7
2 -1 2 396.73 280.55 -1 134 7.042559862136841 7
2 -1 3 438.18 64.33 -1 134 0.011612176895141602 7
3 -1 0 508.15 118.85 -1 116 0.5924818515777588 7
3 -1 1 463.81 372.68 -1 116 9.040954113006592 7
3 -1 2 468.21 370.37 -1 116 9.379290103912354 7
3 -1 3 461.06 101.74000000000001 -1 116 0.00934290885925293 7
random:8T:900
0 -1 0 592.87 147.31999999999996 -1 50 0.2859311103820801 8
0 -1 1 533.69 414.72 -1 50 1.8889739513397217 8
0 -1 2 534.4 395.99 -1 50 2.365372896194458 8
0 -1 3 577.49 198.23999999999998 -1 50 0.00767827033996582 8
1 -1 0 537.92 331.43 -1 56 0.2586789131164551 8
1 -1 1 486.95 393.83000000000004 -2 56 1.6125829219818115 8
1 -1 2 483.6 360.19000000000005 -1 56 2.662684202194214 8
1 -1 3 495.84 388.53999999999996 -1 56 0.006563901901245117 8
2 -1 0 467.98 189.21 -1 80 0.34057188034057617 8
2 -1 1 406.13 245.29000000000002 -1 80 2.4071433544158936 8
2 -1 2 404.46 312.52 -3 80 3.259561061859131 8
2 -1 3 436.41 299.62 -1 80 0.0075299739837646484 8
3 -1 0 511.09 57.62 -1 85 0.3973727226257324 8
3 -1 1 400.58 180.45999999999998 -1 85 7.466846942901611 8
3 -1 2 401.17 173.57999999999998 -1 85 6.433957815170288 8
3 -1 3 453.99 112.21000000000001 -1 85 0.008044958114624023 8
random:9T:900
0 -1 0 471.01 0 -4 97 0.45019078254699707 9
0 -1 1 426.73 129.95 -1 97 3.146479845046997 9
0 -1 2 412.68 143.02 -1 97 5.531926870346069 9
0 -1 3 427.48 107.35 -1 97 0.009546995162963867 9
1 -1 0 536.94 181.24 -1 57 0.2246091365814209 9
1 -1 1 473.43 355.84000000000003 -1 57 2.5390000343322754 9
1 -1 2 461.68 354.8299999999999 -1 57 2.760869264602661 9
1 -1 3 490.98 146.57000000000002 -1 57 0.006400108337402344 9
2 -1 0 540.65 18.48 -2 73 0.3345792293548584 9
2 -1 1 476.85 379.9199999999999 -1 73 4.461639881134033 9
2 -1 2 479.16 391.83000000000004 -6 73 5.179967880249023 9
2 -1 3 482.7 113.41 -1 73 0.009015798568725586 9
3 -1 0 531.5 150.26 -1 50 0.18140888214111328 9
3 -1 1 450.21 272.24 -5 50 1.3335270881652832 9
3 -1 2 456.64 352.3 -6 50 1.399925947189331 9
3 -1 3 521.51 157.84 -1 50 0.0065462589263916016 9
random:0T:1200
0 -1 0 776.72 321.41 -1 48 0.3238091468811035 0
0 -1 1 589.66 210.53 -1 48 1.2294330596923828 0
0 -1 2 591.52 210.54 -1 48 1.3580329418182373 0
0 -1 3 701.59 292.0200000000001 -1 48 0.009721040725708008 0
1 -1 0 730.43 172.14999999999998 -1 73 0.4600348472595215 0
1 -1 1 622.07 467.66999999999996 -1 73 5.060131788253784 0
1 -1 2 620.29 468.95 -1 73 5.380064964294434 0
1 -1 3 646.55 176.09 -1 73 0.008756160736083984 0
2 -1 0 695.08 0 -2 80 0.5231189727783203 0
2 -1 1 575.0 304.3 -1 80 4.380567789077759 0
2 -1 2 580.26 308.90999999999997 -1 80 5.195690870285034 0
2 -1 3 626.84 158.83 -1 80 0.009894847869873047 0
3 -1 0 663.74 115.78999999999999 -1 83 0.5162932872772217 0
3 -1 1 489.59 345.09 -1 83 3.0672390460968018 0
3 -1 2 484.82 340.6 -1 83 4.289710998535156 0
3 -1 3 591.22 113.75999999999999 -1 83 0.02529311180114746 0
random:1T:1200
0 -1 0 733.12 171.32999999999998 -1 52 0.3472130298614502 1
0 -1 1 516.44 198.19 -1 52 4.051136016845703 1
0 -1 2 538.64 232.47000000000006 -1 52 2.6189136505126953 1
0 -1 3 679.06 209.31 -1 52 0.008358955383300781 1
1 -1 0 736.55 535.46 -2 72 0.47287416458129883 1
1 -1 1 671.72 555.1800000000001 -1 72 4.154994964599609 1
1 -1 2 671.72 555.1800000000001 -1 72 4.684835910797119 1
1 -1 3 653.64 474.56 -1 72 0.008502960205078125 1
2 -1 0 666.12 186.77 -1 81 0.5229260921478271 1
2 -1 1 596.29 399.90000000000003 -1 81 4.208974123001099 1
2 -1 2 603.58 481.30999999999995 -1 81 5.098960876464844 1
2 -1 3 603.96 456.47999999999996 -1 81 0.009759902954101562 1
3 -1 0 725.55 130.13 -1 66 0.4734671115875244 1
3 -1 1 641.0 444.93999999999994 -1 66 3.362666130065918 1
3 -1 2 635.13 400.65000000000003 -1 66 3.7971200942993164 1
3 -1 3 689.04 162.66000000000003 -1 66 0.010185003280639648 1
random:2T:1200
0 -1 0 755.16 310.85999999999996 -1 54 0.33977222442626953 2
0 -1 1 563.49 250.20000000000002 -1 54 4.589593172073364 2
0 -1 2 544.87 263.88 -2 54 2.6126320362091064 2
0 -1 3 742.56 253.14000000000007 -1 54 0.010627985000610352 2
1 -1 0 704.44 120.87999999999997 -1 85 0.46156787872314453 2
1 -1 1 618.08 492.4599999999999 -1 85 5.660957098007202 2
1 -1 2 606.41 474.75 -6 85 5.707445859909058 2
1 -1 3 647.64 130.58 -1 85 0.010226011276245117 2
2 -1 0 796.42 602.7800000000001 -2 43 0.22230911254882812 2
2 -1 1 691.86 544.37 -2 43 1.6631951332092285 2
2 -1 2 695.16 547.72 -1 43 2.1175849437713623 2
2 -1 3 788.68 672.65 -1 43 0.008721113204956055 2
3 -1 0 859.11 399.88999999999993 -1 39 0.2511138916015625 2
3 -1 1 669.6 270.2700000000001 -3 39 0.8254368305206299 2
3 -1 2 669.6 270.2700000000001 -3 39 0.8428177833557129 2
3 -1 3 808.94 410.1299999999998 -1 39 0.009886980056762695 2
random:3T:1200
0 -1 0 660.41 89.30000000000001 -1 89 0.5878899097442627 3
0 -1 1 594.59 420.94 -1 89 7.45832896232605 3
0 -1 2 579.37 402.02 -1 89 8.784520864486694 3
0 -1 3 598.5 143.18 -1 89 0.011655807495117188 3
1 -1 0 754.54 150.86 -1 53 0.38425683975219727 3
1 -1 1 594.87 247.56 -1 53 3.573176145553589 3
1 -1 2 561.6 250.19999999999993 -1 53 3.4943299293518066 3
1 -1 3 726.97 250.78000000000003 -1 53 0.010203123092651367 3
2 -1 0 741.58 204.1 -1 65 0.48393702507019043 3
2 -1 1 659.34 533.3199999999999 -1 65 6.170337915420532 3
2 -1 2 655.72 532.2799999999999 -1 65 6.130347013473511 3
2 -1 3 660.39 173.28 -1 65 0.008825063705444336 3
3 -1 0 726.15 203.1 -1 65 0.40657520294189453 3
3 -1 1 616.0 498.87 -1 65 3.695905923843384 3
3 -1 2 599.13 474.32000000000005 -6 65 4.3722100257873535 3
3 -1 3 655.11 161.15 -1 65 0.007862091064453125 3
random:4T:1200
0 -1 0 659.64 95.58 -1 89 0.5191679000854492 4
0 -1 1 572.47 392.13 -1 89 7.014021158218384 4
0 -1 2 566.8 383.12 -1 89 7.8323657512664795 4
0 -1 3 598.17 113.74000000000001 -1 89 0.010648965835571289 4
1 -1 0 709.28 225.41 -1 72 0.4720613956451416 4
1 -1 1 636.22 533.1700000000001 -2 72 3.9183781147003174 4
1 -1 2 636.31 532.62 -2 72 4.610277891159058 4
1 -1 3 609.68 445.98 -1 72 0.008439064025878906 4
2 -1 0 812.5 335.73 -1 44 0.28289198875427246 4
2 -1 1 626.84 242.17 -1 44 2.3345448970794678 4
2 -1 2 604.81 272.80000000000007 -3 44 2.0151679515838623 4
2 -1 3 776.65 301.14000000000004 -1 44 0.009098052978515625 4
3 -1 0 730.52 323.90999999999997 -1 65 0.3966808319091797 4
3 -1 1 655.83 525.6 -1 65 2.9725658893585205 4
3 -1 2 655.63 522.98 -1 65 3.4953579902648926 4
3 -1 3 660.39 501.77 -1 65 0.008517026901245117 4
random:5T:1200
0 -1 0 751.86 189.48000000000002 -1 51 0.5339820384979248 5
0 -1 1 677.33 489.96 -1 51 3.2363710403442383 5
0 -1 2 662.95 464.34000000000003 -1 51 3.354184865951538 5
0 -1 3 747.28 210.78000000000003 -1 51 0.013861894607543945 5
1 -1 0 764.49 516.97 -1 47 0.46493101119995117 5
1 -1 1 669.57 481.19000000000005 -1 47 2.926649808883667 5
1 -1 2 670.39 490.18 -1 47 2.8603079319000244 5
1 -1 3 782.56 636.5899999999999 -1 47 0.011035919189453125 5
2 -1 0 705.86 147.48 -1 67 0.6894593238830566 5
2 -1 1 605.39 384.26 -1 67 4.412658929824829 5
2 -1 2 593.53 342.15999999999997 -1 67 5.2883241176605225 5
2 -1 3 680.46 194.35999999999999 -1 67 0.012158870697021484 5
3 -1 0 681.31 97.77 -1 77 0.7710981369018555 5
3 -1 1 526.99 188.42000000000002 -1 77 5.5327019691467285 5
3 -1 2 537.18 191.29 -1 77 5.916141986846924 5
3 -1 3 611.36 158.89 -1 77 0.013837814331054688 5
random:6T:1200
0 -1 0 674.0 207.53 -1 69 0.6441552639007568 6
0 -1 1 578.43 309.84 -1 69 3.7963290214538574 6
0 -1 2 590.72 366.62 -1 69 6.1032538414001465 6
0 -1 3 639.62 162.81 -1 69 0.013747215270996094 6
1 -1 0 711.25 239.77 -1 57 0.6382491588592529 6
1 -1 1 588.99 390.77 -1 57 3.763651132583618 6
1 -1 2 606.38 472.2799999999999 -2 57 4.596268892288208 6
1 -1 3 669.36 198.51000000000002 -1 57 0.01454305648803711 6
2 -1 0 783.02 507.84000000000003 -1 56 0.5639820098876953 6
2 -1 1 695.84 557.1899999999999 -2 56 4.936567068099976 6
2 -1 2 695.84 557.1899999999999 -2 56 5.555673122406006 6
2 -1 3 769.28 636.24 -1 56 0.017871856689453125 6
3 -1 0 754.2 250.03000000000006 -1 58 0.7084298133850098 6
3 -1 1 655.69 470.95 -2 58 3.843410015106201 6
3 -1 2 598.25 344.56 -1 58 9.292173147201538 6
3 -1 3 746.84 209.76000000000002 -1 58 0.01897120475769043 6
random:7T:1200
0 -1 0 663.37 132.56000000000003 -1 126 1.3026912212371826 7
0 -1 1 512.36 226.04000000000002 -2 126 13.267123937606812 7
0 -1 2 514.87 211.27999999999994 -1 126 15.09984803199768 7
0 -1 3 611.43 158.98 -1 126 0.020132780075073242 7
1 -1 0 703.78 141.32 -1 104 1.1033809185028076 7
1 -1 1 619.62 470.25999999999993 -1 104 11.968482732772827 7
1 -1 2 621.15 490.6699999999999 -1 104 13.187119245529175 7
1 -1 3 655.15 145.97 -1 104 0.017889976501464844 7
2 -1 0 665.96 56.74 -1 137 1.3112707138061523 7
2 -1 1 507.94 332.53999999999996 -1 137 10.507276058197021 7
2 -1 2 530.75 376.84999999999997 -1 137 15.22397494316101 7
2 -1 3 593.53 101.78999999999999 -1 137 0.02548980712890625 7
3 -1 0 721.7 138.29 -1 116 1.246919870376587 7
3 -1 1 642.08 513.9899999999999 -1 116 18.1325261592865 7
3 -1 2 644.77 512.92 -1 116 19.728055000305176 7
3 -1 3 624.15 150.37 -1 116 0.01989603042602539 7
random:8T:1200
0 -1 0 803.88 191.10999999999999 -1 46 0.5993547439575195 8
0 -1 1 731.54 545.9200000000001 -1 46 3.5767910480499268 8
0 -1 2 724.96 499.86 -1 46 4.156249046325684 8
0 -1 3 787.68 253.55 -1 46 0.015439987182617188 8
1 -1 0 731.96 486.2199999999999 -1 56 0.598505973815918 8
1 -1 1 665.72 525.26 -1 56 4.48760986328125 8
1 -1 2 654.27 537.89 -2 56 4.743358850479126 8
1 -1 3 677.94 539.51 -1 56 0.01137399673461914 8
2 -1 0 640.6 288.79999999999995 -1 84 0.7345879077911377 8
2 -1 1 559.04 394.3 -1 84 5.392718076705933 8
2 -1 2 547.25 383.09000000000003 -1 84 9.283945083618164 8
2 -1 3 582.13 431.20000000000005 -1 84 0.023841142654418945 8
3 -1 0 690.89 85.6 -1 85 1.3559131622314453 8
3 -1 1 524.19 198.56 -1 85 25.532490968704224 8
3 -1 2 518.08 227.67999999999998 -1 85 22.841535091400146 8
3 -1 3 614.08 161.24 -1 85 0.02389812469482422 8
random:9T:1200
0 -1 0 646.01 0 -5 97 1.3202781677246094 9
0 -1 1 577.06 180.3 -1 97 9.586686849594116 9
0 -1 2 560.7 191.72999999999996 -1 97 15.483806133270264 9
0 -1 3 568.58 115.99 -1 97 0.026226043701171875 9
1 -1 0 731.38 240.51999999999998 -1 57 0.6099519729614258 9
1 -1 1 650.78 528.06 -3 57 6.48353385925293 9
1 -1 2 648.91 513.34 -1 57 7.4274187088012695 9
1 -1 3 670.57 186.11 -1 57 0.014377117156982422 9
2 -1 0 724.44 0 -3 73 0.9029760360717773 9
2 -1 1 641.81 502.21999999999986 -1 73 11.394117832183838 9
2 -1 2 645.59 518.63 -1 73 12.412085056304932 9
2 -1 3 657.32 162.17999999999998 -1 73 0.021747112274169922 9
3 -1 0 732.94 218.8 -1 50 0.4536771774291992 9
3 -1 1 620.43 391.05000000000007 -1 50 3.61854887008667 9
3 -1 2 631.61 486.1199999999999 -1 50 3.5324952602386475 9
3 -1 3 712.71 210.08 -1 50 0.016891956329345703 9
random:0T:1500
0 -1 0 1016.9 421.48 -1 44 0.3800227642059326 0
0 -1 1 771.31 291.77000000000004 -1 44 2.122553825378418 0
0 -1 2 746.98 260.41999999999996 -1 44 1.473397970199585 0
0 -1 3 906.29 382.9800000000001 -1 44 0.011842966079711914 0
1 -1 0 869.39 116.84 -1 79 0.6169302463531494 0
1 -1 1 706.61 487.62 -1 79 6.271277904510498 0
1 -1 2 706.71 493.5200000000001 -1 79 7.05663800239563 0
1 -1 3 766.02 197.82999999999998 -1 79 0.010727882385253906 0
2 -1 0 861.66 0 -1 78 0.6178610324859619 0
2 -1 1 707.25 346.53999999999996 -1 78 4.753023147583008 0
2 -1 2 728.1 397.64 -1 78 5.581447124481201 0
2 -1 3 788.75 200.35999999999999 -1 78 0.012308120727539062 0
3 -1 0 842.05 185.39000000000001 -1 83 0.698746919631958 0
3 -1 1 637.94 450.77 -1 83 4.325056076049805 0
3 -1 2 624.22 449.80000000000007 -1 83 5.314982891082764 0
3 -1 3 747.49 162.84 -1 83 0.01121211051940918 0
random:1T:1500
0 -1 0 929.17 234.06 -1 52 0.3485860824584961 1
0 -1 1 651.0 199.21 -1 52 3.726252794265747 1
0 -1 2 671.93 291.08999999999986 -1 52 2.117143154144287 1
0 -1 3 864.0 280.45000000000005 -1 52 0.00836801528930664 1
1 -1 0 923.78 694.9600000000002 -2 72 0.47244691848754883 1
1 -1 1 837.8 696.43 -4 72 4.046807050704956 1
1 -1 2 851.19 705.7099999999999 -2 72 4.747297048568726 1
1 -1 3 811.98 611.59 -2 72 0.00835108757019043 1
2 -1 0 841.35 325.47 -1 81 0.5325629711151123 1
2 -1 1 755.06 537.68 -1 81 4.528289079666138 1
2 -1 2 763.07 610.36 -1 81 5.3088719844818115 1
2 -1 3 763.1 593.48 -1 81 0.009855985641479492 1
3 -1 0 918.4 171.55999999999997 -1 66 0.4898700714111328 1
3 -1 1 834.08 603.3600000000001 -1 66 3.6383752822875977 1
3 -1 2 798.12 554.3999999999999 -1 66 3.849107027053833 1
3 -1 3 870.95 211.73000000000002 -1 66 0.009667158126831055 1
random:2T:1500
0 -1 0 955.74 420.46000000000004 -1 54 0.34238100051879883 2
0 -1 1 715.96 337.54 -1 54 4.901516675949097 2
0 -1 2 701.84 334.46999999999986 -1 54 2.6796419620513916 2
0 -1 3 936.12 312.92 -1 54 0.00983119010925293 2
1 -1 0 887.19 158.10999999999999 -1 85 0.45320606231689453 2
1 -1 1 770.22 596.4699999999999 -1 85 5.419893980026245 2
1 -1 2 785.1 624.6700000000001 -6 85 6.0003557205200195 2
1 -1 3 814.59 163.23000000000002 -1 85 0.010009765625 2
2 -1 0 1012.85 748.83 -2 43 0.24183011054992676 2
2 -1 1 878.06 693.5 -2 43 1.9868030548095703 2
2 -1 2 882.95 695.3599999999998 -2 43 2.095026969909668 2
2 -1 3 1000.17 859.69 -1 43 0.008082866668701172 2
3 -1 0 1091.35 503.53999999999996 -1 39 0.2575831413269043 2
3 -1 1 847.06 341.7199999999998 -3 39 0.8505182266235352 2
3 -1 2 847.06 341.7199999999998 -3 39 0.8644840717315674 2
3 -1 3 1025.71 510.2899999999998 -1 39 0.009978055953979492 2
random:3T:1500
0 -1 0 844.34 151.69 -1 89 0.5283279418945312 3
0 -1 1 734.81 465.17 -1 89 6.476022958755493 3
0 -1 2 719.93 483.80999999999995 -1 89 7.490883111953735 3
0 -1 3 761.27 162.85999999999999 -1 89 0.009998798370361328 3
1 -1 0 954.08 178.68 -1 53 0.34462976455688477 3
1 -1 1 737.07 291.99 -1 53 3.507297992706299 3
1 -1 2 703.46 314.84 -1 53 2.999971866607666 3
1 -1 3 914.98 304.05 -1 53 0.009521007537841797 3
2 -1 0 945.23 243.67999999999998 -1 65 0.4504570960998535 3
2 -1 1 837.21 679.0699999999998 -1 65 5.802993297576904 3
2 -1 2 835.66 676.7399999999999 -1 65 6.0041680335998535 3
2 -1 3 838.61 210.98 -1 65 0.008341073989868164 3
3 -1 0 919.23 195.74 -1 65 0.41146421432495117 3
3 -1 1 771.4 612.92 -1 65 3.7225100994110107 3
3 -1 2 760.94 611.5799999999999 -1 65 4.26046895980835 3
3 -1 3 818.95 203.14000000000001 -1 65 0.007474184036254883 3
random:4T:1500
0 -1 0 842.72 122.68 -1 89 0.5182757377624512 4
0 -1 1 720.46 487.69 -1 89 6.67587423324585 4
0 -1 2 712.19 473.59000000000003 -1 89 7.504878997802734 4
0 -1 3 761.27 163.09 -1 89 0.00997614860534668 4
1 -1 0 901.85 389.99 -1 72 0.4674351215362549 4
1 -1 1 811.66 679.1199999999999 -2 72 4.607506275177002 4
1 -1 2 809.34 677.0600000000001 -2 72 4.563406229019165 4
1 -1 3 764.59 594.8199999999999 -1 72 0.008138895034790039 4
2 -1 0 1001.69 495.78000000000003 -1 46 0.2936520576477051 4
2 -1 1 784.34 295.51 -1 46 2.646178960800171 4
2 -1 2 743.65 336.56 -1 46 2.2679948806762695 4
2 -1 3 954.83 352.55 -1 46 0.009186029434204102 4
3 -1 0 927.65 389.59999999999997 -1 63 0.41744112968444824 4
3 -1 1 851.34 681.16 -1 63 3.0615432262420654 4
3 -1 2 844.4 692.84 -1 63 3.1087939739227295 4
3 -1 3 848.0 652.8499999999999 -1 63 0.0076999664306640625 4
random:5T:1500
0 -1 0 946.6 271.58000000000004 -1 51 0.3271610736846924 5
0 -1 1 831.55 585.35 -1 51 1.7560131549835205 5
0 -1 2 834.41 611.64 -1 51 1.8782248497009277 5
0 -1 3 951.36 281.13 -1 51 0.008029937744140625 5
1 -1 0 924.07 601.3499999999999 -1 56 0.3489060401916504 5
1 -1 1 827.59 674.3100000000002 -2 56 1.7862021923065186 5
1 -1 2 827.03 643.1800000000001 -1 56 2.1510472297668457 5
1 -1 3 932.47 740.6600000000002 -1 56 0.007583141326904297 5
2 -1 0 941.63 214.87000000000003 -1 58 0.3704986572265625 5
2 -1 1 812.15 551.86 -1 58 2.258916139602661 5
2 -1 2 695.75 374.28000000000003 -1 58 3.403101921081543 5
2 -1 3 925.51 306.32 -1 58 0.008559226989746094 5
3 -1 0 868.16 148.04 -1 77 0.5135300159454346 5
3 -1 1 668.19 199.25 -1 77 3.349139928817749 5
3 -1 2 672.77 252.10999999999993 -1 77 3.6425390243530273 5
3 -1 3 779.83 199.99 -1 77 0.008984088897705078 5
random:6T:1500
0 -1 0 854.43 216.8 -1 69 0.41017794609069824 6
0 -1 1 761.86 439.30999999999995 -1 69 3.0990397930145264 6
0 -1 2 728.37 414.28 -1 69 3.597320079803467 6
0 -1 3 816.09 212.09 -1 69 0.008746862411499023 6
1 -1 0 912.88 264.15999999999997 -1 57 0.35297298431396484 6
1 -1 1 755.39 542.86 -1 57 2.2386019229888916 6
1 -1 2 785.28 616.4699999999999 -2 57 2.794018268585205 6
1 -1 3 851.14 251.85000000000002 -1 57 0.0066797733306884766 6
2 -1 0 981.74 679.8899999999999 -1 56 0.3387031555175781 6
2 -1 1 876.14 703.38 -1 56 2.8039751052856445 6
2 -1 2 875.95 703.38 -1 56 3.003620147705078 6
2 -1 3 972.61 801.73 -1 56 0.008427858352661133 6
3 -1 0 953.61 345.25 -1 58 0.40497708320617676 6
3 -1 1 843.51 576.21 -1 58 2.387359857559204 6
3 -1 2 780.29 487.03000000000003 -1 58 5.159289121627808 6
3 -1 3 941.75 260.0 -1 58 0.01006627082824707 6
random:7T:1500
0 -1 0 838.9 154.60000000000002 -1 126 0.7855420112609863 7
0 -1 1 651.43 276.9400000000001 -3 126 7.663322925567627 7
0 -1 2 647.64 273.74999999999994 -2 126 8.854038000106812 7
0 -1 3 770.77 206.32999999999998 -1 126 0.012552976608276367 7
1 -1 0 888.27 170.70999999999998 -1 107 0.5985379219055176 7
1 -1 1 802.98 632.98 -1 107 7.442203044891357 7
1 -1 2 800.13 636.81 -1 107 8.470065116882324 7
1 -1 3 827.91 163.17 -1 107 0.010925769805908203 7
2 -1 0 855.61 123.78 -1 134 0.7547190189361572 7
2 -1 1 649.78 429.31999999999994 -1 134 6.399302959442139 7
2 -1 2 685.66 492.80999999999995 -1 134 8.553202867507935 7
2 -1 3 753.89 135.57999999999998 -1 134 0.013159036636352539 7
3 -1 0 927.06 173.75 -1 116 0.6885828971862793 7
3 -1 1 817.8 659.7400000000002 -1 116 10.464025974273682 7
3 -1 2 820.0 665.2099999999999 -1 116 10.404499053955078 7
3 -1 3 792.55 187.39 -1 116 0.012325048446655273 7
random:8T:1500
0 -1 0 1009.13 230.73999999999995 -1 50 0.357982873916626 8
0 -1 1 900.77 655.0600000000001 -1 50 2.7838447093963623 8
0 -1 2 913.09 709.7 -1 50 3.0545380115509033 8
0 -1 3 982.86 308.40000000000003 -1 50 0.010163307189941406 8
1 -1 0 918.43 42.52 -1 57 0.37007617950439453 8
1 -1 1 835.07 665.5500000000001 -1 57 3.409870147705078 8
1 -1 2 828.46 636.16 -1 57 3.2860939502716064 8
1 -1 3 843.11 653.0600000000001 -1 57 0.007674217224121094 8
2 -1 0 818.49 379.59 -1 79 0.4529869556427002 8
2 -1 1 687.06 458.88 -1 79 3.2230918407440186 8
2 -1 2 695.17 494.54999999999995 -1 79 3.7456791400909424 8
2 -1 3 759.55 551.6300000000001 -1 79 0.008458852767944336 8
3 -1 0 865.44 101.54 -1 85 0.5087077617645264 8
3 -1 1 668.63 218.19 -1 85 9.943833827972412 8
3 -1 2 671.25 296.21999999999986 -1 85 7.948246002197266 8
3 -1 3 762.3 200.57 -1 85 0.009291648864746094 8
random:9T:1500
0 -1 0 814.48 0 -7 97 0.5385658740997314 9
0 -1 1 735.69 199.18 -1 97 4.455845832824707 9
0 -1 2 696.75 247.43999999999994 -1 97 7.123028993606567 9
0 -1 3 718.41 163.10000000000002 -1 97 0.010927200317382812 9
1 -1 0 929.73 307.21999999999997 -1 57 0.32096385955810547 9
1 -1 1 828.67 584.8 -1 57 2.982707977294922 9
1 -1 2 823.25 607.63 -1 57 3.3432369232177734 9
1 -1 3 850.98 217.97000000000003 -1 57 0.0074460506439208984 9
2 -1 0 908.36 0 -2 73 0.3973886966705322 9
2 -1 1 808.56 635.42 -1 73 4.902903079986572 9
2 -1 2 827.02 679.2299999999998 -1 73 5.822521924972534 9
2 -1 3 830.46 209.06 -1 73 0.008184194564819336 9
3 -1 0 925.86 213.43999999999997 -1 50 0.2347698211669922 9
3 -1 1 786.77 451.8399999999998 -1 50 1.8471710681915283 9
3 -1 2 809.88 632.5100000000001 -1 50 1.6669929027557373 9
3 -1 3 906.69 267.87 -1 50 0.007451057434082031 9
