random:0T:300
0 -1 0 63.74 0 -58 284 0.3163630962371826 0
0 -1 1 62.48 0 -64 284 0.0576171875 0
0 -1 2 62.48 0 -64 284 13.463311910629272 0
0 -1 3 52.87 0 -78 284 0.01451420783996582 0
random:1T:300
0 -1 0 58.29 0 -82 271 0.35286808013916016 1
0 -1 1 59.76 0 -64 271 0.12379193305969238 1
0 -1 2 58.87 0 -63 271 14.30708360671997 1
0 -1 3 56.82 0 -74 271 0.014966964721679688 1
random:2T:300
0 -1 0 88.88 14.47 -3 221 0.29015183448791504 2
0 -1 1 88.36 14.55 -4 221 0.38249707221984863 2
0 -1 2 88.36 14.55 -4 221 7.109436988830566 2
0 -1 3 88.89 14.47 -3 221 0.012746095657348633 2
random:3T:300
0 -1 0 69.33 0 -46 272 0.4210669994354248 3
0 -1 1 69.82 0 -50 272 0.10561299324035645 3
0 -1 2 69.79 0 -48 272 15.451182126998901 3
0 -1 3 57.69 0 -73 272 0.016474008560180664 3
random:4T:300
0 -1 0 69.85 0 -45 270 0.4071238040924072 4
0 -1 1 70.38 0 -49 270 0.10490703582763672 4
0 -1 2 70.32 0 -47 270 15.769251823425293 4
0 -1 3 58.15 0 -73 270 0.023402929306030273 4
random:5T:300
0 -1 0 58.83 0 -54 242 0.39540600776672363 5
0 -1 1 56.44 0 -64 242 0.052201032638549805 5
0 -1 2 57.91 0 -52 242 8.848580837249756 5
0 -1 3 55.24 0 -67 242 0.012183904647827148 5
random:6T:300
0 -1 0 62.07 0 -49 240 0.311387300491333 6
0 -1 1 62.14 0 -54 240 0.04983186721801758 6
0 -1 2 62.48 0 -53 240 8.800851345062256 6
0 -1 3 54.35 0 -66 240 0.01141500473022461 6
random:7T:300
0 -1 0 57.24 0 -113 483 0.6587519645690918 7
0 -1 1 57.58 0 -113 483 0.10760498046875 7
0 -1 2 57.42 0 -123 483 35.69683623313904 7
0 -1 3 54.59 0 -130 483 0.02906012535095215 7
random:8T:300
0 -1 0 69.77 0 -45 271 0.3849606513977051 8
0 -1 1 70.25 0 -49 271 0.10026073455810547 8
0 -1 2 70.19 0 -47 271 15.180965900421143 8
0 -1 3 58.22 0 -74 271 0.015346050262451172 8
random:9T:300
0 -1 0 75.82 0 -40 277 0.3449420928955078 9
0 -1 1 76.61 0 -34 277 0.0626380443572998 9
0 -1 2 76.61 0 -34 277 13.805840253829956 9
0 -1 3 53.44 0 -89 277 0.015397787094116211 9
random:0T:600
0 -1 0 167.44 0 -23 284 0.7804019451141357 0
0 -1 1 151.43 14.85 -7 284 1.7229959964752197 0
0 -1 2 150.76 14.8 -1 284 31.76780605316162 0
0 -1 3 152.61 14.82 -4 284 0.019314050674438477 0
random:1T:600
0 -1 0 165.3 0 -3 271 0.7915289402008057 1
0 -1 1 155.91 14.84 -2 271 0.2964200973510742 1
0 -1 2 157.35 14.85 -2 271 29.11120319366455 1
0 -1 3 158.81 14.61 -1 271 0.020268678665161133 1
random:2T:600
0 -1 0 225.14 29.45 -3 221 0.599449872970581 2
0 -1 1 190.0 39.01999999999999 -2 221 3.9186370372772217 2
0 -1 2 190.61 51.86000000000001 -2 221 12.672912120819092 2
0 -1 3 192.53 14.85 -8 221 0.013843774795532227 2
random:3T:600
0 -1 0 178.19 0 -26 272 0.7942781448364258 3
0 -1 1 156.39 14.83 -1 272 1.2202019691467285 3
0 -1 2 156.43 14.65 -1 272 28.473376035690308 3
0 -1 3 158.43 14.84 -1 272 0.018455982208251953 3
random:4T:600
0 -1 0 179.42 0 -22 270 0.823326826095581 4
0 -1 1 160.54 30.220000000000006 -2 270 2.917227029800415 4
0 -1 2 157.76 14.83 -1 270 29.08794903755188 4
0 -1 3 159.6 14.85 -4 270 0.01986098289489746 4
random:5T:600
0 -1 0 165.8 0 -21 242 0.6602940559387207 5
0 -1 1 151.03 14.85 -6 242 0.4176602363586426 5
0 -1 2 157.15 14.85 -1 242 19.24747395515442 5
0 -1 3 161.84 14.84 -5 242 0.014796018600463867 5
random:6T:600
0 -1 0 169.39 0 -12 240 0.68426513671875 6
0 -1 1 156.93 14.85 -1 240 0.702333927154541 6
0 -1 2 157.76 14.85 -1 240 18.57890510559082 6
0 -1 3 162.99 14.82 -1 240 0.01600790023803711 6
random:7T:600
0 -1 0 162.92 0.25 -1 483 1.3936820030212402 7
0 -1 1 159.19 14.84 -5 483 3.6543948650360107 7
0 -1 2 158.14 14.84 -5 483 68.6371238231659 7
0 -1 3 156.84 14.74 -1 483 0.03519105911254883 7
random:8T:600
0 -1 0 176.6 0 -25 271 0.8596768379211426 8
0 -1 1 156.67 14.85 -4 271 1.293416976928711 8
0 -1 2 157.2 14.83 -1 271 30.667346954345703 8
0 -1 3 159.27 14.85 -5 271 0.01993870735168457 8
random:9T:600
0 -1 0 198.0 0 -27 277 0.8075110912322998 9
0 -1 1 162.69 14.84 -1 277 0.5999767780303955 9
0 -1 2 160.1 0 -1 277 29.227397918701172 9
0 -1 3 155.03 14.75 -1 277 0.020560026168823242 9
random:0T:900
0 -1 0 275.79 0 -10 284 1.2617430686950684 0
0 -1 1 224.8 29.23 -1 284 8.44657588005066 0
0 -1 2 232.11 41.38 -1 284 46.83205318450928 0
0 -1 3 241.67 14.85 -1 284 0.021611690521240234 0
random:1T:900
0 -1 0 277.3 14.66 -1 271 1.2848689556121826 1
0 -1 1 224.91 42.580000000000005 -2 271 9.662765979766846 1
0 -1 2 230.65 63.65999999999997 -2 271 43.144426345825195 1
0 -1 3 248.62 14.85 -1 271 0.022430896759033203 1
random:2T:900
0 -1 0 360.41 49.589999999999996 -2 221 0.9434587955474854 2
0 -1 1 266.55 68.72000000000001 -2 221 8.408326148986816 2
0 -1 2 264.31 90.66999999999999 -2 221 19.591717958450317 2
0 -1 3 306.3 35.52 -1 221 0.016784191131591797 2
random:3T:900
0 -1 0 288.77 0 -15 272 1.2869250774383545 3
0 -1 1 217.96 40.43 -2 272 7.567528963088989 3
0 -1 2 217.27 29.65 -2 272 38.10468506813049 3
0 -1 3 243.43 14.85 -5 272 0.021708011627197266 3
random:4T:900
0 -1 0 291.55 0 -16 270 1.260800838470459 4
0 -1 1 217.25 63.559999999999995 -1 270 20.567370891571045 4
0 -1 2 218.17 64.26 -1 270 63.306654930114746 4
0 -1 3 244.97 14.85 -4 270 0.024221181869506836 4
random:5T:900
0 -1 0 276.07 0 -16 242 1.1693730354309082 5
0 -1 1 230.69 30.349999999999998 -1 242 6.450447082519531 5
0 -1 2 236.18 64.2 -1 242 29.516475915908813 5
0 -1 3 266.68 17.03 -1 242 0.017228126525878906 5
random:6T:900
0 -1 0 283.04 0 -2 240 1.0835731029510498 6
0 -1 1 233.29 42.14 -1 240 5.281479120254517 6
0 -1 2 226.51 64.31 -1 240 24.451863050460815 6
0 -1 3 269.66 17.03 -1 240 0.03334808349609375 6
random:7T:900
0 -1 0 278.7 14.85 -1 483 2.360956907272339 7
0 -1 1 234.58 29.63 -1 483 22.188199996948242 7
0 -1 2 237.68 50.58999999999999 -3 483 104.91163301467896 7
0 -1 3 238.38 14.85 -11 483 0.03984880447387695 7
random:8T:900
0 -1 0 290.19 0 -15 271 1.33477783203125 8
0 -1 1 223.08 42.11 -3 271 8.944239139556885 8
0 -1 2 219.39 64.22 -1 271 66.0561010837555 8
0 -1 3 244.26 14.85 -5 271 0.023277759552001953 8
random:9T:900
0 -1 0 327.71 0 -30 277 1.2624998092651367 9
0 -1 1 246.09 40.38 -4 277 11.354221105575562 9
0 -1 2 223.41 48.05999999999999 -4 277 53.24622416496277 9
0 -1 3 244.96 14.85 -5 277 0.026533842086791992 9
random:0T:1200
0 -1 0 379.64 0 -8 284 2.2323646545410156 0
0 -1 1 287.55 43.83 -1 284 19.13465905189514 0
0 -1 2 286.72 64.35000000000001 -1 284 64.19335770606995 0
0 -1 3 328.91 63.67 -1 284 0.0254061222076416 0
random:1T:1200
0 -1 0 379.43 28.48 -1 271 1.8962321281433105 1
0 -1 1 275.57 77.92 -1 271 31.816076040267944 1
0 -1 2 279.73 84.27 -1 271 54.68807125091553 1
0 -1 3 339.25 14.85 -1 271 0.024457216262817383 1
random:2T:1200
0 -1 0 487.23 59.13 -1 221 1.3832659721374512 2
0 -1 1 332.87 97.61000000000001 -1 221 13.235630989074707 2
0 -1 2 326.58 124.03 -3 221 25.137595891952515 2
0 -1 3 399.11 64.28 -1 221 0.021481990814208984 2
random:3T:1200
0 -1 0 401.96 0 -15 272 1.7724528312683105 3
0 -1 1 266.42 49.5 -1 272 14.26181697845459 3
0 -1 2 260.81 64.35 -1 272 45.53559708595276 3
0 -1 3 336.93 46.48 -1 272 0.02486896514892578 3
random:4T:1200
0 -1 0 403.16 0 -10 270 1.8376610279083252 4
0 -1 1 264.13 86.67 -1 270 20.35310173034668 4
0 -1 2 256.48 95.72 -1 270 69.55618405342102 4
0 -1 3 338.66 62.51 -1 270 0.024689912796020508 4
random:5T:1200
0 -1 0 388.73 0 -4 242 1.556617021560669 5
0 -1 1 292.93 44.519999999999996 -1 242 10.046061038970947 5
0 -1 2 292.37 77.27 -1 242 33.69001078605652 5
0 -1 3 378.53 54.45 -1 242 0.019988059997558594 5
random:6T:1200
0 -1 0 394.99 29.05 -1 240 1.538106918334961 6
0 -1 1 290.96 59.97 -1 240 9.741328239440918 6
0 -1 2 278.43 121.60000000000001 -1 240 32.36237072944641 6
0 -1 3 381.04 58.09 -1 240 0.02021503448486328 6
random:7T:1200
0 -1 0 380.99 28.5 -1 483 3.076770067214966 7
0 -1 1 290.54 44.43 -1 483 36.40647029876709 7
0 -1 2 291.28 64.28 -1 483 128.69138717651367 7
0 -1 3 317.34 14.85 -10 483 0.04780077934265137 7
random:8T:1200
0 -1 0 399.4 0 -2 271 2.267271041870117 8
0 -1 1 275.16 76.08 -1 271 20.589561223983765 8
0 -1 2 265.18 111.68 -1 271 80.80756568908691 8
0 -1 3 335.41 40.22 -1 271 0.026019811630249023 8
random:9T:1200
0 -1 0 452.82 0 -27 277 1.8864710330963135 9
0 -1 1 324.41 49.5 -1 277 21.973341941833496 9
0 -1 2 278.26 67.46 -1 277 65.97181987762451 9
0 -1 3 334.83 14.85 -2 277 0.02643108367919922 9
random:0T:1500
0 -1 0 489.12 0 -2 284 2.5371880531311035 0
0 -1 1 342.85 49.5 -2 284 26.703413724899292 0
0 -1 2 330.73 83.31 -1 284 67.65260410308838 0
0 -1 3 410.5 63.96 -1 284 0.026755094528198242 0
random:1T:1500
0 -1 0 488.77 43.43 -1 271 2.288573980331421 1
0 -1 1 325.33 110.97000000000001 -1 271 41.23127889633179 1
0 -1 2 325.05 118.10999999999999 -1 271 65.38333511352539 1
0 -1 3 424.54 63.19 -1 271 0.027565956115722656 1
random:2T:1500
0 -1 0 616.46 73.92 -1 221 1.7103931903839111 2
0 -1 1 395.35 119.61 -1 221 18.57259202003479 2
0 -1 2 409.28 139.55 -2 221 32.50061273574829 2
0 -1 3 487.94 64.35 -7 221 0.022685766220092773 2
random:3T:1500
0 -1 0 513.41 0 -12 272 2.263146162033081 3
0 -1 1 304.86 64.31 -1 272 19.749764919281006 3
0 -1 2 297.43 78.53 -1 272 52.997929096221924 3
0 -1 3 423.32 64.26 -1 272 0.026151180267333984 3
random:4T:1500
0 -1 0 519.56 0 -14 270 2.1675689220428467 4
0 -1 1 300.63 113.22 -1 270 25.25419282913208 4
0 -1 2 291.95 122.47999999999999 -1 270 77.98179006576538 4
0 -1 3 426.02 64.01 -1 270 0.02607583999633789 4
random:5T:1500
0 -1 0 508.27 0 -10 242 1.90140700340271 5
0 -1 1 351.13 61.35 -1 242 15.828903198242188 5
0 -1 2 345.49 93.28 -1 242 41.24036884307861 5
0 -1 3 452.16 54.45 -1 242 0.02439093589782715 5
random:6T:1500
0 -1 0 506.42 43.94 -1 240 2.1110751628875732 6
0 -1 1 340.03 87.03 -1 240 14.066085815429688 6
0 -1 2 347.78 129.05 -1 240 45.32391715049744 6
0 -1 3 455.51 60.1 -1 240 0.022796630859375 6
random:7T:1500
0 -1 0 492.25 29.7 -1 483 3.7463881969451904 7
0 -1 1 337.43 59.18 -1 483 53.47483491897583 7
0 -1 2 336.01 100.31000000000002 -3 483 148.47449588775635 7
0 -1 3 400.09 14.85 -4 483 0.0480499267578125 7
random:8T:1500
0 -1 0 512.84 0 -2 271 2.5248031616210938 8
0 -1 1 322.74 109.5 -3 271 27.706953048706055 8
0 -1 2 307.12 139.23 -2 271 89.37279105186462 8
0 -1 3 423.91 63.11 -1 271 0.02794480323791504 8
random:9T:1500
0 -1 0 571.9 0 -28 277 2.112338066101074 9
0 -1 1 398.5 64.11 -1 277 29.49461603164673 9
0 -1 2 347.11 113.74 -1 277 76.92276501655579 9
0 -1 3 419.21 54.4 -1 277 0.024678945541381836 9
