random:0T:300
0 -1 0 116.19 24.86 -1 79 0.15233683586120605 0
0 -1 1 106.94 25.799999999999997 -1 79 0.6460139751434326 0
0 -1 2 103.89 24.6 -1 79 1.588365077972412 0
0 -1 3 107.16 14.64 -1 79 0.005097150802612305 0
0 -1 4 105.13 25.750000000000004 -2 79 0.6024162769317627 0
0 -1 5 97.21 24.71 -2 79 1.1463251113891602 0
1 -1 0 124.74 0 -3 101 0.2283189296722412 0
1 -1 1 112.85 42.209999999999994 -1 101 0.9774761199951172 0
1 -1 2 112.28 38.16 -2 101 3.4471869468688965 0
1 -1 3 116.85 17.09 -1 101 0.011636018753051758 0
1 -1 4 112.85 42.209999999999994 -1 101 0.9996011257171631 0
1 -1 5 96.41 0 -4 101 2.273775815963745 0
2 -1 0 122.58 0 -2 104 0.21682095527648926 0
2 -1 1 111.24 18.94 -1 104 0.5653743743896484 0
2 -1 2 113.6 26.68 -4 104 2.6186490058898926 0
2 -1 3 119.29 24.66 -1 104 0.006472110748291016 0
2 -1 4 110.76 20.67 -4 104 0.6806762218475342 0
2 -1 5 89.44 14.44 -1 104 2.0418200492858887 0
random:0T:600
0 -1 0 297.83 74.58 -1 79 0.35941314697265625 0
0 -1 1 232.17 72.39999999999999 -1 79 1.828153133392334 0
0 -1 2 206.89 87.22 -1 79 4.3531458377838135 0
0 -1 3 263.12 63.21 -1 79 0.01070404052734375 0
0 -1 4 206.25 86.14000000000001 -1 79 3.4674580097198486 0
0 -1 5 230.56 73.07000000000002 -2 79 1.9335761070251465 0
1 -1 0 283.54 29.45 -1 101 0.4253389835357666 0
1 -1 1 220.51 130.47 -1 101 2.754835844039917 0
1 -1 2 205.21 131.18 -6 101 4.777735948562622 0
1 -1 3 270.83 63.6 -1 101 0.008292913436889648 0
1 -1 4 227.68 134.74 -1 101 3.096410036087036 0
1 -1 5 188.67 116.71000000000001 -1 101 3.8353099822998047 0
2 -1 0 284.52 28.869999999999997 -1 104 0.4206199645996094 0
2 -1 1 236.06 59.39 -1 104 2.455709218978882 0
2 -1 2 223.02 94.18000000000009 -2 104 6.468838930130005 0
2 -1 3 265.72 53.22 -1 104 0.010979890823364258 0
2 -1 4 218.95 84.89000000000003 -4 104 3.3827621936798096 0
2 -1 5 220.06 58.76 -1 104 3.8708419799804688 0
random:0T:900
0 -1 0 485.93 109.92000000000002 -1 79 0.4725799560546875 0
0 -1 1 321.36 126.64000000000004 -2 79 2.5496809482574463 0
0 -1 2 310.99 135.06 -1 79 5.704486131668091 0
0 -1 3 425.39 107.1 -1 79 0.007258892059326172 0
0 -1 4 309.02 135.62 -1 79 4.874982833862305 0
0 -1 5 328.15 121.77000000000001 -1 79 2.7543132305145264 0
1 -1 0 454.85 43.92 -1 101 0.6344277858734131 0
1 -1 1 345.13 192.29000000000002 -1 101 5.116824150085449 0
1 -1 2 334.02 232.79 -1 101 6.882220029830933 0
1 -1 3 400.18 102.87 -1 101 0.010054826736450195 0
1 -1 4 347.75 192.3 -1 101 5.488057851791382 0
1 -1 5 306.58 186.75 -1 101 6.131570100784302 0
2 -1 0 447.58 62.55 -1 104 0.588914155960083 0
2 -1 1 343.29 106.50999999999999 -1 104 4.633796691894531 0
2 -1 2 326.78 137.91 -3 104 7.885143041610718 0
2 -1 3 417.75 101.7 -1 104 0.013350248336791992 0
2 -1 4 321.84 137.91 -3 104 6.313881158828735 0
2 -1 5 317.68 87.05000000000001 -1 104 5.004185199737549 0
random:0T:1200
0 -1 0 669.26 153.88 -1 79 0.6651489734649658 0
0 -1 1 454.42 162.59 -1 79 3.417141914367676 0
0 -1 2 422.49 189.08000000000004 -1 79 9.095349073410034 0
0 -1 3 569.23 113.78 -2 79 0.014214038848876953 0
0 -1 4 424.13 192.74 -1 79 6.879877805709839 0
0 -1 5 463.15 154.69000000000003 -1 79 3.905139207839966 0
1 -1 0 624.07 153.88 -1 101 0.7975010871887207 0
1 -1 1 472.47 233.93000000000004 -1 101 6.903307914733887 0
1 -1 2 461.85 326.94999999999993 -1 101 9.127426147460938 0
1 -1 3 553.86 113.15 -1 101 0.01888108253479004 0
1 -1 4 474.83 260.39 -1 101 7.65378212928772 0
1 -1 5 431.8 197.27 -1 101 8.313229084014893 0
2 -1 0 614.78 67.41 -1 104 0.8597569465637207 0
2 -1 1 470.5 142.20999999999998 -1 104 6.800558090209961 0
2 -1 2 449.18 198.25 -1 104 11.459460973739624 0
2 -1 3 558.89 132.28 -1 104 0.014818906784057617 0
2 -1 4 444.97 195.39000000000001 -4 104 9.71999216079712 0
2 -1 5 416.96 125.74000000000002 -1 104 6.970077037811279 0
random:0T:1500
0 -1 0 855.64 220.73999999999995 -1 79 0.9469919204711914 0
0 -1 1 570.83 186.44 -1 79 4.431895017623901 0
0 -1 2 519.53 246.70999999999998 -1 79 11.132805109024048 0
0 -1 3 715.91 163.13 -1 79 0.013983964920043945 0
0 -1 4 512.57 247.92000000000002 -1 79 10.277352094650269 0
0 -1 5 590.63 207.49000000000007 -2 79 5.112789869308472 0
1 -1 0 778.32 103.58 -1 101 1.075881004333496 0
1 -1 1 603.32 313.04999999999995 -1 101 10.005661249160767 0
1 -1 2 594.48 379.36 -1 101 12.426910877227783 0
1 -1 3 686.35 159.67 -1 101 0.014861822128295898 0
1 -1 4 614.96 370.9 -1 101 9.895623207092285 0
1 -1 5 547.86 293.78000000000003 -1 101 10.488362073898315 0
2 -1 0 785.54 101.16000000000001 -2 104 1.0941920280456543 0
2 -1 1 600.49 178.97 -1 104 8.83036994934082 0
2 -1 2 543.54 199.22 -1 104 13.664731979370117 0
2 -1 3 705.27 155.81 -1 104 0.01591205596923828 0
2 -1 4 542.03 199.2 -1 104 11.66093111038208 0
2 -1 5 549.16 152.79 -1 104 8.526907205581665 0
random:1T:300
0 -1 0 144.02 44.94 -1 56 0.11350417137145996 1
0 -1 1 119.5 49.87999999999996 -2 56 1.5371482372283936 1
0 -1 2 119.16 45.91999999999999 -2 56 0.8690676689147949 1
0 -1 3 142.89 56.71 -1 56 0.004167795181274414 1
0 -1 4 119.5 49.87999999999996 -2 56 1.429434061050415 1
0 -1 5 108.07 34.47000000000001 -2 56 1.0159351825714111 1
1 -1 0 122.13 0 -1 107 0.22499680519104004 1
1 -1 1 112.19 22.259999999999998 -1 107 0.4195220470428467 1
1 -1 2 112.35 26.24 -1 107 3.044440269470215 1
1 -1 3 112.86 14.43 -1 107 0.007477998733520508 1
1 -1 4 112.15 34.17 -1 107 0.6445188522338867 1
1 -1 5 96.5 0 -1 107 2.417163133621216 1
2 -1 0 108.91 0 -3 108 0.25208210945129395 1
2 -1 1 103.24 64.63 -1 108 1.7940678596496582 1
2 -1 2 102.03 54.489999999999995 -1 108 3.1449670791625977 1
2 -1 3 104.32 13.78 -1 108 0.009071111679077148 1
2 -1 4 103.24 64.63 -1 108 1.7200219631195068 1
2 -1 5 79.07 0 -3 108 2.053715944290161 1
random:1T:600
0 -1 0 338.24 52.989999999999995 -1 56 0.24503278732299805 1
0 -1 1 240.72 113.78 -1 56 3.6085782051086426 1
0 -1 2 244.71 121.03000000000004 -2 56 1.9634428024291992 1
0 -1 3 329.87 107.74000000000001 -1 56 0.006991147994995117 1
0 -1 4 243.09 119.37000000000006 -2 56 1.769798994064331 1
0 -1 5 231.62 110.1 -1 56 4.299824953079224 1
1 -1 0 281.22 2.24 -1 107 0.549468994140625 1
1 -1 1 222.88 131.93 -4 107 3.220205783843994 1
1 -1 2 221.6 131.54000000000002 -4 107 6.172514915466309 1
1 -1 3 266.02 60.22 -1 107 0.01024007797241211 1
1 -1 4 224.15 133.06 -4 107 3.3936150074005127 1
1 -1 5 200.46 115.05999999999999 -1 107 4.224110841751099 1
2 -1 0 267.65 95.17999999999999 -1 108 0.4537169933319092 1
2 -1 1 243.6 165.49999999999997 -1 108 6.68456506729126 1
2 -1 2 240.97 162.88999999999993 -1 108 9.178746938705444 1
2 -1 3 256.6 25.28 -1 108 0.009195089340209961 1
2 -1 4 243.6 165.49999999999997 -1 108 6.351948022842407 1
2 -1 5 193.69 117.95999999999995 -1 108 6.052588939666748 1
random:1T:900
0 -1 0 539.44 81.27000000000001 -1 56 0.39417171478271484 1
0 -1 1 380.52 195.21000000000035 -2 56 5.821569204330444 1
0 -1 2 391.81 183.81000000000006 -2 56 3.1014771461486816 1
0 -1 3 514.77 157.55999999999997 -1 56 0.008258819580078125 1
0 -1 4 383.15 178.96000000000006 -2 56 2.719393014907837 1
0 -1 5 370.75 188.04 -1 56 5.678210020065308 1
1 -1 0 444.38 0 -1 107 0.650615930557251 1
1 -1 1 353.43 191.76000000000002 -1 107 5.877522945404053 1
1 -1 2 349.08 237.56 -2 107 9.046340227127075 1
1 -1 3 380.58 64.16 -1 107 0.01347208023071289 1
1 -1 4 352.24 191.76000000000002 -1 107 6.004740953445435 1
1 -1 5 316.78 146.76999999999995 -1 107 6.868507146835327 1
2 -1 0 437.01 122.19 -1 108 0.6128129959106445 1
2 -1 1 379.98 193.47 -1 108 8.813847064971924 1
2 -1 2 382.17 248.56 -1 108 12.006175994873047 1
2 -1 3 371.38 64.26 -1 108 0.01003408432006836 1
2 -1 4 377.5 193.47 -1 108 8.49194884300232 1
2 -1 5 323.89 216.62 -3 108 9.939841747283936 1
random:1T:1200
0 -1 0 734.95 126.82000000000001 -1 56 0.5276098251342773 1
0 -1 1 506.3 258.76 -1 56 8.34377908706665 1
0 -1 2 515.03 258.1299999999999 -2 56 4.379458904266357 1
0 -1 3 701.47 214.27999999999997 -1 56 0.010098934173583984 1
0 -1 4 508.18 248.95999999999998 -2 56 3.884449005126953 1
0 -1 5 498.1 253.80999999999997 -1 56 8.349526166915894 1
1 -1 0 615.18 0 -1 107 1.0177569389343262 1
1 -1 1 487.48 213.69 -1 107 9.503116607666016 1
1 -1 2 475.27 319.83 -1 107 11.602615118026733 1
1 -1 3 528.58 109.71000000000001 -1 107 0.013531208038330078 1
1 -1 4 487.6 312.25 -1 107 9.431411027908325 1
1 -1 5 431.39 247.39 -1 107 10.053323984146118 1
2 -1 0 600.14 145.54999999999998 -1 108 0.9177253246307373 1
2 -1 1 527.22 322.59 -1 108 12.434390783309937 1
2 -1 2 513.08 319.90999999999997 -1 108 14.291090965270996 1
2 -1 3 518.16 65.52 -1 108 0.01165914535522461 1
2 -1 4 511.0 291.83 -1 108 12.731212139129639 1
2 -1 5 461.59 321.7699999999999 -1 108 12.996634721755981 1
random:1T:1500
0 -1 0 936.88 138.78 -1 56 0.7690596580505371 1
0 -1 1 647.57 309.57 -1 56 11.039535999298096 1
0 -1 2 650.42 315.22999999999985 -1 56 6.577131748199463 1
0 -1 3 890.34 288.14 -1 56 0.012820005416870117 1
0 -1 4 644.72 307.37999999999994 -2 56 4.70451283454895 1
0 -1 5 638.82 305.54999999999995 -1 56 11.186954975128174 1
1 -1 0 777.82 0 -1 107 1.3197638988494873 1
1 -1 1 597.79 305.74 -1 107 10.797523021697998 1
1 -1 2 600.63 386.81000000000006 -1 107 13.671404123306274 1
1 -1 3 644.6 113.64999999999999 -1 107 0.014142990112304688 1
1 -1 4 621.54 372.17 -1 107 12.323271989822388 1
1 -1 5 558.4 340.65999999999997 -1 107 13.186317920684814 1
2 -1 0 757.35 162.35 -1 108 1.0184760093688965 1
2 -1 1 664.95 413.3 -1 108 15.152589082717896 1
2 -1 2 642.6 440.6 -1 108 16.84090805053711 1
2 -1 3 633.92 113.73999999999998 -1 108 0.01767277717590332 1
2 -1 4 664.95 413.3 -1 108 15.473656177520752 1
2 -1 5 594.12 395.09999999999997 -1 108 16.472337245941162 1
random:2T:300
0 -1 0 156.08 60.93 -1 54 0.11463594436645508 2
0 -1 1 130.53 56.62999999999994 -2 54 1.2382941246032715 2
0 -1 2 130.38 52.75 -2 54 0.7714838981628418 2
0 -1 3 158.02 53.85 -1 54 0.006371021270751953 2
0 -1 4 130.38 52.75 -2 54 0.6148509979248047 2
0 -1 5 120.98 48.43999999999997 -2 54 1.121446132659912 2
1 -1 0 147.29 28.03 -1 85 0.1840229034423828 2
1 -1 1 126.44 90.78 -3 85 1.1906728744506836 2
1 -1 2 126.44 90.78 -3 85 2.1944901943206787 2
1 -1 3 138.36 14.81 -1 85 0.011571884155273438 2
1 -1 4 126.44 90.78 -3 85 1.4335148334503174 2
1 -1 5 119.76 79.24000000000001 -2 85 1.7664361000061035 2
2 -1 0 128.11 48.56999999999999 -1 82 0.16646385192871094 2
2 -1 1 115.95 45.04999999999999 -4 82 1.041478157043457 2
2 -1 2 115.95 45.04999999999999 -4 82 1.4874861240386963 2
2 -1 3 123.58 14.49 -2 82 0.011197090148925781 2
2 -1 4 115.95 45.04999999999999 -4 82 1.249662160873413 2
2 -1 5 115.95 45.04999999999999 -4 82 1.3471770286560059 2
random:2T:600
0 -1 0 356.51 173.9 -1 54 0.24126100540161133 2
0 -1 1 266.13 116.10000000000001 -1 54 3.460667848587036 2
0 -1 2 261.42 126.96000000000005 -2 54 1.785978078842163 2
0 -1 3 352.14 119.99000000000001 -1 54 0.0076677799224853516 2
0 -1 4 263.08 123.53 -1 54 2.823796033859253 2
0 -1 5 260.1 126.0 -3 54 3.5051651000976562 2
1 -1 0 326.69 60.39 -1 85 0.3376948833465576 2
1 -1 1 284.05 203.06999999999994 -1 85 4.1988208293914795 2
1 -1 2 285.42 213.89000000000001 -5 85 4.75813102722168 2
1 -1 3 306.52 64.03 -1 85 0.009172201156616211 2
1 -1 4 285.42 213.89000000000001 -5 85 4.236032962799072 2
1 -1 5 278.45 200.87999999999997 -1 85 4.978817939758301 2
2 -1 0 307.75 87.21999999999998 -1 82 0.33239102363586426 2
2 -1 1 241.83 115.62000000000005 -3 82 2.5427141189575195 2
2 -1 2 241.15 115.65000000000006 -3 82 3.1142430305480957 2
2 -1 3 277.05 63.470000000000006 -1 82 0.007647037506103516 2
2 -1 4 241.83 115.62000000000005 -3 82 2.9101109504699707 2
2 -1 5 241.15 115.65000000000005 -3 82 3.1710638999938965 2
random:2T:900
0 -1 0 551.76 240.29 -1 54 0.3441600799560547 2
0 -1 1 415.51 203.13 -1 54 5.079486846923828 2
0 -1 2 412.67 191.08000000000004 -1 54 3.7084527015686035 2
0 -1 3 548.8 198.4 -1 54 0.009972810745239258 2
0 -1 4 416.96 188.17999999999998 -1 54 5.232789039611816 2
0 -1 5 412.74 182.54000000000002 -1 54 5.491886138916016 2
1 -1 0 519.32 94.55 -1 85 0.49950313568115234 2
1 -1 1 448.69 355.81000000000006 -3 85 6.481906175613403 2
1 -1 2 448.69 355.81000000000006 -3 85 7.066206932067871 2
1 -1 3 480.64 110.72 -1 85 0.01028299331665039 2
1 -1 4 448.69 355.81000000000006 -3 85 6.1648030281066895 2
1 -1 5 426.52 302.2999999999999 -1 85 6.140136003494263 2
2 -1 0 493.64 156.20000000000002 -1 82 0.4831879138946533 2
2 -1 1 384.97 178.76000000000005 -3 82 4.081629276275635 2
2 -1 2 384.7 177.4600000000001 -3 82 4.551939249038696 2
2 -1 3 435.12 104.55 -1 82 0.014712095260620117 2
2 -1 4 384.97 178.76000000000005 -3 82 4.143758773803711 2
2 -1 5 384.7 177.4600000000001 -3 82 4.7987329959869385 2
random:2T:1200
0 -1 0 755.16 310.85999999999996 -1 54 0.5434770584106445 2
0 -1 1 563.49 250.20000000000002 -1 54 6.491153955459595 2
0 -1 2 544.87 263.88 -2 54 3.6932270526885986 2
0 -1 3 742.56 253.14000000000007 -1 54 0.012073040008544922 2
0 -1 4 553.16 271.0200000000003 -2 54 5.5563881397247314 2
0 -1 5 560.69 242.65 -1 54 6.664043664932251 2
1 -1 0 704.44 120.87999999999997 -1 85 0.5844848155975342 2
1 -1 1 618.08 492.4599999999999 -1 85 7.8200390338897705 2
1 -1 2 606.41 474.75 -6 85 8.208972930908203 2
1 -1 3 647.64 130.58 -1 85 0.012492179870605469 2
1 -1 4 606.41 474.75 -6 85 7.412476062774658 2
1 -1 5 585.45 445.42999999999984 -1 85 8.069301128387451 2
2 -1 0 679.39 193.92999999999998 -1 82 0.6952970027923584 2
2 -1 1 513.83 249.4200000000001 -4 82 6.0305821895599365 2
2 -1 2 513.48 249.25000000000014 -3 82 6.41707706451416 2
2 -1 3 598.16 137.41000000000003 -1 82 0.010873079299926758 2
2 -1 4 513.83 249.4200000000001 -4 82 5.8776938915252686 2
2 -1 5 513.52 249.25000000000014 -3 82 6.8889851570129395 2
random:2T:1500
0 -1 0 955.74 420.46000000000004 -1 54 0.7145669460296631 2
0 -1 1 715.96 337.54 -1 54 9.31720495223999 2
0 -1 2 701.84 334.46999999999986 -1 54 4.653012037277222 2
0 -1 3 936.12 312.92 -1 54 0.01937389373779297 2
0 -1 4 706.02 331.83000000000004 -1 54 7.987119197845459 2
0 -1 5 709.59 329.0899999999999 -1 54 8.448117017745972 2
1 -1 0 887.19 158.10999999999999 -1 85 0.7942321300506592 2
1 -1 1 770.22 596.4699999999999 -1 85 9.017184972763062 2
1 -1 2 785.1 624.6700000000001 -6 85 9.562534093856812 2
1 -1 3 814.59 163.23000000000002 -1 85 0.015144824981689453 2
1 -1 4 785.1 624.6700000000001 -6 85 8.653471231460571 2
1 -1 5 738.51 544.8299999999999 -1 85 8.133033275604248 2
2 -1 0 865.7 265.45000000000005 -1 82 0.7815029621124268 2
2 -1 1 652.46 311.40999999999997 -4 82 6.553782939910889 2
2 -1 2 652.17 311.56 -3 82 6.801069021224976 2
2 -1 3 753.67 163.17 -1 82 0.01386404037475586 2
2 -1 4 652.46 311.40999999999997 -4 82 6.544837236404419 2
2 -1 5 652.18 311.56 -3 82 7.0890443325042725 2
random:3T:300
0 -1 0 127.82 14.09 -1 97 0.20209217071533203 3
0 -1 1 117.99 69.56 -2 97 0.4394960403442383 3
0 -1 2 118.48 67.4 -2 97 2.9413819313049316 3
0 -1 3 120.77 30.78 -1 97 0.0073010921478271484 3
0 -1 4 117.99 69.56 -2 97 0.5158379077911377 3
0 -1 5 113.28 32.07 -1 97 2.082832098007202 3
1 -1 0 139.5 0 -1 90 0.1917111873626709 3
1 -1 1 120.99 48.75 -1 90 0.7926309108734131 3
1 -1 2 118.41 32.98000000000001 -2 90 2.2904598712921143 3
1 -1 3 130.4 20.57 -1 90 0.006019115447998047 3
1 -1 4 122.15 32.77 -1 90 0.4579896926879883 3
1 -1 5 101.94 14.78 -1 90 1.2587761878967285 3
2 -1 0 123.87 30.25 -1 85 0.14245891571044922 3
2 -1 1 113.97 33.55 -1 85 0.4125030040740967 3
2 -1 2 111.69 55.879999999999995 -1 85 1.3881149291992188 3
2 -1 3 115.43 14.73 -1 85 0.0054950714111328125 3
2 -1 4 111.6 55.580000000000005 -1 85 0.41500401496887207 3
2 -1 5 109.38 51.56999999999999 -1 85 1.3182110786437988 3
random:3T:600
0 -1 0 294.79 33.330000000000005 -1 97 0.39046502113342285 3
0 -1 1 263.62 169.89000000000001 -1 97 3.6123757362365723 3
0 -1 2 260.19 184.07 -3 97 6.9892261028289795 3
0 -1 3 280.95 63.849999999999994 -1 97 0.013167142868041992 3
0 -1 4 262.16 169.89000000000001 -1 97 4.009891986846924 3
0 -1 5 234.1 143.30000000000004 -3 97 6.4461669921875 3
1 -1 0 313.47 39.29 -1 90 0.3500068187713623 3
1 -1 1 240.92 134.28 -1 90 2.0218658447265625 3
1 -1 2 206.7 74.82 -1 90 3.836029052734375 3
1 -1 3 283.23 62.53 -1 90 0.012812137603759766 3
1 -1 4 210.24 93.21000000000001 -1 90 1.3214361667633057 3
1 -1 5 211.51 73.87 -1 90 3.8279926776885986 3
2 -1 0 306.49 76.64999999999999 -1 85 0.29363012313842773 3
2 -1 1 255.41 153.32000000000002 -1 85 1.685939073562622 3
2 -1 2 244.52 175.41 -1 85 2.499614953994751 3
2 -1 3 273.65 62.58 -1 85 0.006956815719604492 3
2 -1 4 244.25 175.16000000000003 -1 85 1.7214601039886475 3
2 -1 5 247.83 167.03 -1 85 2.3303349018096924 3
random:3T:900
0 -1 0 462.31 49.43 -1 97 0.640998125076294 3
0 -1 1 408.71 229.05 -1 97 5.560081958770752 3
0 -1 2 416.18 263.59 -1 97 9.018424034118652 3
0 -1 3 424.8 109.89 -1 97 0.010239839553833008 3
0 -1 4 399.17 202.97 -1 97 5.420172691345215 3
0 -1 5 373.3 191.58 -1 97 7.443966865539551 3
1 -1 0 480.2 74.39 -1 90 0.4746701717376709 3
1 -1 1 387.42 194.25 -1 90 3.752668857574463 3
1 -1 2 277.77 117.81000000000002 -1 90 4.209203004837036 3
1 -1 3 444.04 101.69 -1 90 0.009282827377319336 3
1 -1 4 375.28 231.40999999999997 -1 90 3.604405164718628 3
1 -1 5 293.98 123.33 -1 90 5.5763938426971436 3
2 -1 0 494.57 107.5 -1 85 0.42734575271606445 3
2 -1 1 397.37 283.3400000000001 -1 85 2.824479103088379 3
2 -1 2 384.96 277.52 -1 85 3.431002140045166 3
2 -1 3 430.21 100.43 -1 85 0.007925033569335938 3
2 -1 4 384.7 277.51 -1 85 2.605578899383545 3
2 -1 5 367.28 232.0 -1 85 2.768817186355591 3
random:3T:1200
0 -1 0 644.75 84.56000000000002 -1 97 0.6083352565765381 3
0 -1 1 572.8 365.56 -1 97 7.447486877441406 3
0 -1 2 548.34 347.01 -1 97 9.510004997253418 3
0 -1 3 576.69 113.42 -1 97 0.012041091918945312 3
0 -1 4 559.61 334.43999999999994 -1 97 7.155410289764404 3
0 -1 5 530.2 304.97 -1 97 8.932291269302368 3
1 -1 0 661.15 93.35 -1 90 0.5799658298492432 3
1 -1 1 460.51 198.33 -1 90 3.3735480308532715 3
1 -1 2 407.06 150.59 -1 90 4.910047769546509 3
1 -1 3 590.68 146.33 -1 90 0.010063886642456055 3
1 -1 4 512.12 286.38999999999993 -1 90 4.71889591217041 3
1 -1 5 417.92 157.53000000000003 -1 90 5.566899299621582 3
2 -1 0 675.67 145.68 -1 85 0.5255820751190186 3
2 -1 1 514.22 327.76000000000005 -1 85 3.488952875137329 3
2 -1 2 529.25 361.00000000000006 -1 85 4.693886756896973 3
2 -1 3 571.89 113.8 -1 85 0.009582996368408203 3
2 -1 4 528.98 360.70000000000005 -1 85 4.008910179138184 3
2 -1 5 471.01 250.5 -1 85 4.007645845413208 3
random:3T:1500
0 -1 0 816.97 119.01 -1 97 0.7694747447967529 3
0 -1 1 718.86 463.22 -1 97 9.701862096786499 3
0 -1 2 698.71 468.91999999999996 -1 97 11.42712116241455 3
0 -1 3 735.62 162.55 -1 97 0.013471126556396484 3
0 -1 4 712.35 472.75 -1 97 8.95152997970581 3
0 -1 5 664.47 398.43000000000006 -1 97 10.675915956497192 3
1 -1 0 830.82 99.25999999999999 -1 90 0.7410979270935059 3
1 -1 1 597.74 261.02 -1 90 5.046283721923828 3
1 -1 2 500.43 197.64000000000001 -1 90 5.899457931518555 3
1 -1 3 741.8 163.17000000000002 -1 90 0.012413978576660156 3
1 -1 4 631.54 365.3799999999998 -1 90 5.937130928039551 3
1 -1 5 513.2 199.14000000000001 -1 90 9.089457988739014 3
2 -1 0 866.27 172.35000000000002 -1 85 0.6981260776519775 3
2 -1 1 650.59 392.4800000000002 -1 85 5.217303037643433 3
2 -1 2 677.33 467.14000000000004 -1 85 5.6674628257751465 3
2 -1 3 727.66 161.55999999999997 -1 85 0.011446952819824219 3
2 -1 4 676.88 467.37 -1 85 4.849219799041748 3
2 -1 5 616.36 350.11 -1 85 4.599396228790283 3
random:4T:300
0 -1 0 127.82 14.68 -1 97 0.16125011444091797 4
0 -1 1 116.6 64.64 -2 97 1.0397889614105225 4
0 -1 2 117.09 65.30999999999999 -2 97 2.1189801692962646 4
0 -1 3 120.61 14.67 -1 97 0.005547046661376953 4
0 -1 4 116.6 64.64 -2 97 1.009152889251709 4
0 -1 5 114.6 41.5 -1 97 1.588198184967041 4
1 -1 0 117.47 37.589999999999996 -1 87 0.11685609817504883 4
1 -1 1 111.04 79.93 -2 87 0.5372178554534912 4
1 -1 2 110.88 81.84 -2 87 1.493074893951416 4
1 -1 3 110.2 69.39 -1 87 0.004746913909912109 4
1 -1 4 110.77 84.71000000000001 -2 87 0.5243330001831055 4
1 -1 5 111.6 82.53 -1 87 1.6038708686828613 4
2 -1 0 144.28 14.71 -1 86 0.13411712646484375 4
2 -1 1 126.19 47.41999999999997 -2 86 2.17720103263855 4
2 -1 2 126.19 47.41999999999997 -2 86 2.8757150173187256 4
2 -1 3 136.58 14.62 -1 86 0.004816293716430664 4
2 -1 4 126.19 47.41999999999997 -2 86 2.2040107250213623 4
2 -1 5 114.49 36.05000000000001 -2 86 2.0037529468536377 4
random:4T:600
0 -1 0 294.97 49.48 -1 97 0.3053922653198242 4
0 -1 1 260.66 169.95000000000002 -1 97 4.039372205734253 4
0 -1 2 259.99 183.65999999999997 -1 97 5.527963161468506 4
0 -1 3 280.95 64.02 -1 97 0.00838780403137207 4
0 -1 4 258.5 169.94000000000003 -1 97 4.099952936172485 4
0 -1 5 244.81 162.29999999999998 -3 97 5.124180793762207 4
1 -1 0 299.29 164.89 -1 87 0.278670072555542 4
1 -1 1 271.39 208.57999999999998 -2 87 2.115417003631592 4
1 -1 2 265.53 206.09 -1 87 3.074002981185913 4
1 -1 3 273.53 183.19 -1 87 0.0064029693603515625 4
1 -1 4 260.62 197.82 -6 87 1.8397090435028076 4
1 -1 5 261.62 189.86 -1 87 2.897763252258301 4
2 -1 0 322.3 51.16 -1 86 0.2630000114440918 4
2 -1 1 235.19 115.49999999999999 -1 86 5.4884278774261475 4
2 -1 2 232.98 112.50000000000003 -2 86 3.3071320056915283 4
2 -1 3 286.92 61.43000000000001 -1 86 0.006640911102294922 4
2 -1 4 232.98 112.50000000000003 -2 86 2.69569993019104 4
2 -1 5 226.73 110.09 -1 86 5.926644802093506 4
random:4T:900
0 -1 0 464.04 66.47000000000001 -1 97 0.4499351978302002 4
0 -1 1 412.73 247.73000000000002 -1 97 6.603527069091797 4
0 -1 2 406.43 245.05 -1 97 7.731096267700195 4
0 -1 3 424.73 102.94 -1 97 0.009248018264770508 4
0 -1 4 406.13 243.73 -1 97 6.057784080505371 4
0 -1 5 391.86 268.24 -1 97 7.83275580406189 4
1 -1 0 481.46 283.16999999999996 -1 87 0.40332579612731934 4
1 -1 1 433.15 336.94000000000005 -1 87 3.471328020095825 4
1 -1 2 431.68 348.05999999999995 -2 87 4.696392774581909 4
1 -1 3 414.56 280.12 -1 87 0.008495092391967773 4
1 -1 4 417.02 323.73 -2 87 3.200967788696289 4
1 -1 5 431.71 316.92999999999995 -1 87 4.864284038543701 4
2 -1 0 496.62 85.87 -1 86 0.4600522518157959 4
2 -1 1 363.62 164.86999999999998 -1 86 8.802732706069946 4
2 -1 2 365.26 168.78000000000011 -2 86 5.027630090713501 4
2 -1 3 447.57 90.45 -1 86 0.009837150573730469 4
2 -1 4 365.26 168.78000000000011 -2 86 4.229992151260376 4
2 -1 5 358.09 159.63000000000002 -1 86 8.5015549659729 4
random:4T:1200
0 -1 0 644.12 64.23 -1 97 0.6290409564971924 4
0 -1 1 570.17 368.89 -1 97 8.48186993598938 4
0 -1 2 537.06 280.34 -1 97 9.436211824417114 4
0 -1 3 576.69 113.72 -1 97 0.011749982833862305 4
0 -1 4 547.82 347.71 -1 97 7.859566926956177 4
0 -1 5 540.24 306.03 -1 97 9.15565800666809 4
1 -1 0 660.58 380.71 -1 87 0.5365638732910156 4
1 -1 1 590.07 408.04 -1 87 4.9777960777282715 4
1 -1 2 586.35 399.62 -1 87 6.009059906005859 4
1 -1 3 559.61 414.15000000000003 -1 87 0.009898900985717773 4
1 -1 4 576.21 414.32000000000005 -1 87 4.786787986755371 4
1 -1 5 589.17 447.21 -1 87 6.015609979629517 4
2 -1 0 676.63 81.53 -1 86 0.5413739681243896 4
2 -1 1 479.56 198.42000000000002 -1 86 11.733118772506714 4
2 -1 2 478.0 237.08999999999995 -1 86 6.557335138320923 4
2 -1 3 589.4 113.78 -1 86 0.009887218475341797 4
2 -1 4 478.0 237.08999999999995 -1 86 6.0381879806518555 4
2 -1 5 475.31 242.29999999999995 -1 86 12.65953516960144 4
random:4T:1500
0 -1 0 814.5 59.099999999999994 -1 97 0.7695908546447754 4
0 -1 1 730.1 480.29 -1 97 10.961638927459717 4
0 -1 2 693.76 436.59 -1 97 11.233674049377441 4
0 -1 3 735.62 162.08 -1 97 0.012717008590698242 4
0 -1 4 696.61 429.26 -1 97 9.711300134658813 4
0 -1 5 696.17 438.09 -1 97 10.925231218338013 4
1 -1 0 845.98 494.22 -1 87 0.684535026550293 4
1 -1 1 751.86 539.65 -1 87 6.276453018188477 4
1 -1 2 751.82 558.0799999999999 -1 87 7.798964977264404 4
1 -1 3 720.35 499.37000000000006 -1 87 0.011092185974121094 4
1 -1 4 724.57 534.6 -1 87 6.036463022232056 4
1 -1 5 762.42 574.6 -1 87 7.917459011077881 4
2 -1 0 851.53 189.06000000000003 -1 86 0.6871578693389893 4
2 -1 1 613.01 199.26000000000002 -1 86 14.540320873260498 4
2 -1 2 596.11 199.25 -1 86 8.33439588546753 4
2 -1 3 738.34 162.38 -1 86 0.01311182975769043 4
2 -1 4 596.11 199.25 -1 86 7.850805997848511 4
2 -1 5 603.38 199.20000000000002 -1 86 15.068583011627197 4
random:5T:300
0 -1 0 127.29 11.16 -1 75 0.11593317985534668 5
0 -1 1 118.53 48.06 -1 75 0.29543185234069824 5
0 -1 2 120.58 62.49 -1 75 0.9691283702850342 5
0 -1 3 127.23 14.78 -1 75 0.004186868667602539 5
0 -1 4 118.45 47.66 -1 75 0.2983829975128174 5
0 -1 5 109.92 15.299999999999999 -1 75 0.7179651260375977 5
1 -1 0 115.29 14.35 -1 91 0.13532423973083496 5
1 -1 1 102.17 24.85 -2 91 0.5059561729431152 5
1 -1 2 102.22 25.09 -2 91 1.1579289436340332 5
1 -1 3 107.49 14.06 -2 91 0.00465083122253418 5
1 -1 4 102.22 25.09 -2 91 0.4971659183502197 5
1 -1 5 91.86 14.71 -2 91 0.8405919075012207 5
2 -1 0 138.0 48.99 -1 76 0.12545990943908691 5
2 -1 1 123.54 88.46 -1 76 0.3493378162384033 5
2 -1 2 123.51 89.18 -2 76 1.0185959339141846 5
2 -1 3 132.07 86.18 -1 76 0.00427699089050293 5
2 -1 4 123.51 89.18 -2 76 0.36159706115722656 5
2 -1 5 111.04 50.79 -1 76 1.0927789211273193 5
random:5T:600
0 -1 0 308.67 29.29 -1 75 0.25330114364624023 5
0 -1 1 247.73 120.17 -1 75 1.0779602527618408 5
0 -1 2 246.63 109.10999999999999 -1 75 2.075004816055298 5
0 -1 3 300.39 63.71 -1 75 0.006281852722167969 5
0 -1 4 258.12 141.1 -1 75 1.3883261680603027 5
0 -1 5 241.46 121.05 -1 75 1.5827908515930176 5
1 -1 0 289.12 41.42 -2 91 0.30487895011901855 5
1 -1 1 234.79 83.41999999999999 -1 91 1.9296059608459473 5
1 -1 2 233.65 85.29 -1 91 2.7507259845733643 5
1 -1 3 266.43 62.440000000000005 -1 91 0.007417201995849609 5
1 -1 4 233.65 85.29 -1 91 1.9843897819519043 5
1 -1 5 227.58 77.87999999999998 -1 91 2.3495359420776367 5
2 -1 0 322.73 167.45 -1 76 0.23609089851379395 5
2 -1 1 289.69 174.82 -1 76 1.3836078643798828 5
2 -1 2 291.95 222.27999999999997 -1 76 2.0246732234954834 5
2 -1 3 302.61 195.83 -1 76 0.0059337615966796875 5
2 -1 4 291.95 222.27999999999997 -1 76 1.3600521087646484 5
2 -1 5 253.59 165.59 -1 76 1.5582678318023682 5
random:5T:900
0 -1 0 486.37 68.31 -1 75 0.36854982376098633 5
0 -1 1 386.56 182.97 -1 75 1.7690281867980957 5
0 -1 2 384.95 143.76 -1 75 2.8104848861694336 5
0 -1 3 478.2 112.4 -1 75 0.007944107055664062 5
0 -1 4 389.88 194.04 -1 75 2.2480969429016113 5
0 -1 5 387.08 227.04999999999998 -1 75 2.5267701148986816 5
1 -1 0 462.67 69.82000000000001 -1 91 0.4195680618286133 5
1 -1 1 364.65 129.02 -1 91 3.3958208560943604 5
1 -1 2 360.56 128.63 -1 91 3.969938039779663 5
1 -1 3 430.3 92.57000000000001 -1 91 0.008069038391113281 5
1 -1 4 360.56 128.63 -1 91 3.3875620365142822 5
1 -1 5 347.06 122.16 -1 91 3.672119140625 5
2 -1 0 509.13 277.35 -1 76 0.3460569381713867 5
2 -1 1 456.69 318.38 -1 76 2.33365797996521 5
2 -1 2 459.71 362.44 -2 76 3.167407989501953 5
2 -1 3 479.59 340.31 -1 76 0.007364988327026367 5
2 -1 4 459.71 362.44 -2 76 2.5370659828186035 5
2 -1 5 407.24 247.0 -1 76 2.523590087890625 5
random:5T:1200
0 -1 0 665.22 85.58 -1 75 0.5388729572296143 5
0 -1 1 537.05 234.40000000000003 -1 75 3.128891944885254 5
0 -1 2 529.23 285.9300000000001 -1 75 3.812721014022827 5
0 -1 3 658.05 159.20000000000002 -1 75 0.010467052459716797 5
0 -1 4 528.03 275.08000000000004 -1 75 3.3397908210754395 5
0 -1 5 526.09 258.71999999999997 -1 75 3.220633029937744 5
1 -1 0 634.45 115.19 -1 91 0.5565307140350342 5
1 -1 1 494.07 178.18 -1 91 4.2737648487091064 5
1 -1 2 496.8 184.17999999999998 -1 91 5.146991968154907 5
1 -1 3 576.13 113.74 -2 91 0.009702920913696289 5
1 -1 4 496.8 184.17999999999998 -1 91 4.589109897613525 5
1 -1 5 487.59 178.01999999999998 -1 91 5.055665969848633 5
2 -1 0 683.84 369.15000000000003 -2 76 0.43155479431152344 5
2 -1 1 625.44 440.1 -1 76 3.3443503379821777 5
2 -1 2 633.1 510.03999999999996 -2 76 4.201181888580322 5
2 -1 3 638.03 453.79 -1 76 0.008955001831054688 5
2 -1 4 633.1 510.03999999999996 -2 76 3.587536096572876 5
2 -1 5 561.62 363.93 -1 76 3.091644048690796 5
random:5T:1500
0 -1 0 842.43 135.01 -1 75 0.601445198059082 5
0 -1 1 697.97 383.7 -1 75 4.004363059997559 5
0 -1 2 658.23 310.0 -1 75 4.919701099395752 5
0 -1 3 836.52 200.87 -1 75 0.013106107711791992 5
0 -1 4 676.82 378.07000000000005 -1 75 4.217365026473999 5
0 -1 5 683.7 383.33 -1 75 4.413892030715942 5
1 -1 0 817.95 121.88000000000001 -1 91 0.7259979248046875 5
1 -1 1 625.4 256.52 -1 91 6.169607162475586 5
1 -1 2 622.21 236.47 -1 91 6.882440805435181 5
1 -1 3 724.49 161.44 -1 91 0.011657953262329102 5
1 -1 4 622.21 236.47 -1 91 6.024075031280518 5
1 -1 5 606.67 229.69 -1 91 6.563597917556763 5
2 -1 0 861.55 511.87 -1 76 0.5605480670928955 5
2 -1 1 793.06 586.6999999999999 -1 76 4.474072217941284 5
2 -1 2 808.87 655.7399999999999 -2 76 5.621734857559204 5
2 -1 3 798.99 596.56 -1 76 0.010668039321899414 5
2 -1 4 810.42 655.5400000000001 -1 76 4.828850030899048 5
2 -1 5 711.76 476.42999999999995 -1 76 3.722011089324951 5
random:6T:300
0 -1 0 120.21 35.03 -1 76 0.11464095115661621 6
0 -1 1 104.94 50.43999999999999 -2 76 0.326948881149292 6
0 -1 2 103.7 32.99 -1 76 0.7700002193450928 6
0 -1 3 113.93 14.7 -1 76 0.0041120052337646484 6
0 -1 4 105.65 57.36 -1 76 0.3558530807495117 6
0 -1 5 90.31 18.009999999999998 -1 76 0.45017409324645996 6
1 -1 0 113.46 30.68 -1 78 0.11525392532348633 6
1 -1 1 107.79 55.559999999999995 -1 78 0.17136216163635254 6
1 -1 2 107.27 50.52 -1 78 0.9769809246063232 6
1 -1 3 112.67 32.42 -1 78 0.004383087158203125 6
1 -1 4 107.79 55.559999999999995 -1 78 0.17065191268920898 6
1 -1 5 85.08 0 -4 78 0.6937716007232666 6
2 -1 0 124.9 35.97 -1 86 0.13168811798095703 6
2 -1 1 119.69 67.5 -1 86 0.482666015625 6
2 -1 2 116.14 43.13 -1 86 1.2578933238983154 6
2 -1 3 121.02 39.75 -1 86 0.004930019378662109 6
2 -1 4 119.45 64.10000000000001 -1 86 1.0120680332183838 6
2 -1 5 102.65 0 -2 86 0.9126913547515869 6
random:6T:600
0 -1 0 297.15 81.44 -1 76 0.225938081741333 6
0 -1 1 257.44 135.93000000000004 -1 76 1.0990381240844727 6
0 -1 2 227.9 101.82 -1 76 1.9371390342712402 6
0 -1 3 285.07 63.949999999999996 -1 76 0.005887031555175781 6
0 -1 4 243.85 127.85 -1 76 2.353492259979248 6
0 -1 5 235.15 118.24000000000001 -1 76 1.2691278457641602 6
1 -1 0 288.29 65.63000000000001 -1 78 0.2387850284576416 6
1 -1 1 241.72 170.27 -1 78 2.1156458854675293 6
1 -1 2 243.21 168.67999999999995 -1 78 3.186471939086914 6
1 -1 3 284.29 65.82 -1 78 0.0058786869049072266 6
1 -1 4 242.21 170.27 -1 78 2.1569249629974365 6
1 -1 5 206.11 128.46 -4 78 2.1190500259399414 6
2 -1 0 306.88 87.02999999999999 -1 86 0.28919386863708496 6
2 -1 1 270.79 174.36 -1 86 1.9373409748077393 6
2 -1 2 221.41 126.41 -2 86 7.467863082885742 6
2 -1 3 287.87 62.949999999999996 -1 86 0.006871223449707031 6
2 -1 4 223.88 126.55 -2 86 7.530333042144775 6
2 -1 5 225.94 127.5 -1 86 2.078223943710327 6
random:6T:900
0 -1 0 473.23 101.02000000000001 -1 76 0.3248729705810547 6
0 -1 1 410.39 222.15 -1 76 1.8627231121063232 6
0 -1 2 358.16 175.38 -3 76 2.7931442260742188 6
0 -1 3 458.88 113.33 -1 76 0.008124113082885742 6
0 -1 4 398.33 232.88 -1 76 3.0858500003814697 6
0 -1 5 381.84 212.48999999999998 -1 76 1.916985034942627 6
1 -1 0 460.44 97.17999999999999 -1 78 0.3519120216369629 6
1 -1 1 388.17 206.43 -1 78 3.06301212310791 6
1 -1 2 394.07 250.47000000000003 -1 78 4.032878160476685 6
1 -1 3 438.96 126.1 -1 78 0.0070078372955322266 6
1 -1 4 399.81 299.21999999999997 -1 78 3.2499008178710938 6
1 -1 5 351.08 189.45999999999998 -1 78 3.304480791091919 6
2 -1 0 473.55 135.57 -1 86 0.40668511390686035 6
2 -1 1 411.32 193.91000000000003 -1 86 3.0701358318328857 6
2 -1 2 337.47 187.75000000000003 -2 86 9.951843738555908 6
2 -1 3 446.44 111.46000000000001 -1 86 0.00785207748413086 6
2 -1 4 349.04 193.91 -1 86 8.998947143554688 6
2 -1 5 373.42 228.57999999999998 -1 86 3.1635289192199707 6
random:6T:1200
0 -1 0 638.4 139.48000000000002 -1 76 0.42707109451293945 6
0 -1 1 568.55 341.83000000000004 -1 76 3.2590718269348145 6
0 -1 2 515.22 307.36 -1 76 3.536219835281372 6
0 -1 3 633.68 162.57 -1 76 0.010031700134277344 6
0 -1 4 504.38 240.3100000000001 -1 76 4.636478900909424 6
0 -1 5 522.71 296.00999999999993 -1 76 2.6569888591766357 6
1 -1 0 633.73 147.29 -1 78 0.49433279037475586 6
1 -1 1 523.11 295.29 -1 78 4.180887699127197 6
1 -1 2 550.87 412.41 -4 78 5.301542043685913 6
1 -1 3 588.52 142.32999999999998 -1 78 0.0089111328125 6
1 -1 4 543.64 359.04 -1 78 4.539724111557007 6
1 -1 5 485.69 263.63 -1 78 4.340393304824829 6
2 -1 0 649.54 147.03000000000003 -1 86 0.5437791347503662 6
2 -1 1 573.13 310.48 -1 86 4.6511008739471436 6
2 -1 2 477.93 198.35 -1 86 11.453453063964844 6
2 -1 3 595.13 124.32000000000001 -1 86 0.010089874267578125 6
2 -1 4 479.41 198.26 -1 86 10.413584232330322 6
2 -1 5 516.85 328.81 -1 86 4.327967166900635 6
random:6T:1500
0 -1 0 813.76 169.81 -1 76 0.5225470066070557 6
0 -1 1 714.47 418.7100000000001 -1 76 3.7847139835357666 6
0 -1 2 669.48 425.49 -1 76 4.455323934555054 6
0 -1 3 809.66 211.51999999999998 -1 76 0.01171112060546875 6
0 -1 4 650.76 345.2900000000001 -1 76 5.320914030075073 6
0 -1 5 674.87 376.78 -1 76 3.376767873764038 6
1 -1 0 817.41 167.97 -1 78 0.6026339530944824 6
1 -1 1 662.08 402.27 -1 78 5.012346029281616 6
1 -1 2 681.71 473.13000000000005 -1 78 6.450255870819092 6
1 -1 3 761.37 192.81 -1 78 0.009617090225219727 6
1 -1 4 691.93 521.62 -1 78 5.416928052902222 6
1 -1 5 637.25 376.27 -1 78 5.198712110519409 6
2 -1 0 818.74 214.76999999999998 -1 86 0.6879889965057373 6
2 -1 1 704.46 377.81 -1 86 5.240846157073975 6
2 -1 2 634.29 306.96 -1 86 12.66582202911377 6
2 -1 3 765.57 161.87 -1 86 0.011073112487792969 6
2 -1 4 645.74 362.73 -1 86 11.708702802658081 6
2 -1 5 669.89 422.6600000000001 -1 86 5.3502960205078125 6
random:7T:300
0 -1 0 98.59 0 -14 172 0.24234914779663086 7
0 -1 1 93.9 14.67 -1 172 0.4094419479370117 7
0 -1 2 89.82 19.17 -1 172 2.9537270069122314 7
0 -1 3 97.69 14.51 -1 172 0.008655071258544922 7
0 -1 4 93.82 14.7 -3 172 0.46210169792175293 7
0 -1 5 73.92 0 -11 172 1.8087549209594727 7
1 -1 0 108.54 24.75 -1 155 0.20840692520141602 7
1 -1 1 103.48 41.71 -2 155 0.7763028144836426 7
1 -1 2 104.1 43.989999999999995 -2 155 3.8885209560394287 7
1 -1 3 107.12 14.74 -1 155 0.00896596908569336 7
1 -1 4 103.48 41.71 -2 155 0.7867038249969482 7
1 -1 5 83.84 0 -6 155 2.4556820392608643 7
2 -1 0 131.85 17.860000000000003 -1 156 0.24032998085021973 7
2 -1 1 118.6 50.28 -1 156 0.9441232681274414 7
2 -1 2 117.88 62.16 -1 156 3.6112477779388428 7
2 -1 3 119.87 14.79 -1 156 0.008875846862792969 7
2 -1 4 117.88 62.16 -1 156 1.2621550559997559 7
2 -1 5 105.44 14.31 -1 156 2.463451862335205 7
random:7T:600
0 -1 0 248.99 29.33 -1 172 0.45553016662597656 7
0 -1 1 214.06 62.76 -3 172 3.5600671768188477 7
0 -1 2 211.23 76.82 -2 172 7.094893932342529 7
0 -1 3 243.86 60.78 -1 172 0.010334014892578125 7
0 -1 4 211.44 75.21000000000002 -3 172 5.219098806381226 7
0 -1 5 194.49 49.410000000000004 -3 172 4.316283226013184 7
1 -1 0 268.37 38.11 -1 155 0.42571210861206055 7
1 -1 1 244.3 165.99 -1 155 6.096138000488281 7
1 -1 2 238.62 169.28000000000003 -3 155 10.079604148864746 7
1 -1 3 257.25 61.59 -1 155 0.010293006896972656 7
1 -1 4 244.3 165.99 -1 155 6.322318077087402 7
1 -1 5 211.38 128.69 -6 155 8.113588094711304 7
2 -1 0 298.82 42.89 -1 156 0.4518129825592041 7
2 -1 1 243.96 156.15 -1 156 4.0653040409088135 7
2 -1 2 243.85 160.99999999999997 -1 156 6.253355979919434 7
2 -1 3 271.92 61.29 -1 156 0.010202169418334961 7
2 -1 4 243.85 160.99999999999997 -1 156 4.159291982650757 7
2 -1 5 217.13 122.67999999999999 -1 156 4.707590103149414 7
random:7T:900
0 -1 0 404.49 43.94 -1 172 0.693885087966919 7
0 -1 1 311.44 98.88 -2 172 6.23163104057312 7
0 -1 2 309.38 120.35999999999999 -3 172 10.650818109512329 7
0 -1 3 369.23 64.27999999999999 -2 172 0.013509035110473633 7
0 -1 4 307.43 127.26999999999998 -1 172 10.182099103927612 7
0 -1 5 293.15 82.59 -1 172 7.22367787361145 7
1 -1 0 432.23 86.16000000000001 -1 155 0.6937739849090576 7
1 -1 1 369.33 234.85999999999996 -1 155 9.418659925460815 7
1 -1 2 382.51 269.19999999999993 -1 155 14.118396997451782 7
1 -1 3 391.18 64.34 -1 155 0.012931108474731445 7
1 -1 4 390.28 285.73999999999995 -1 155 11.526623964309692 7
1 -1 5 347.95 232.89 -6 155 13.309354066848755 7
2 -1 0 468.52 70.42 -1 156 0.6994597911834717 7
2 -1 1 359.25 218.78000000000003 -1 156 6.13248610496521 7
2 -1 2 390.83 252.53999999999996 -1 156 9.489655017852783 7
2 -1 3 414.76 64.34 -1 156 0.01367497444152832 7
2 -1 4 390.83 252.53999999999996 -1 156 7.33038592338562 7
2 -1 5 355.58 231.6 -3 156 8.042229890823364 7
random:7T:1200
0 -1 0 556.7 65.22 -1 172 1.0086212158203125 7
0 -1 1 423.61 126.86 -2 172 9.055734157562256 7
0 -1 2 438.24 160.58 -1 172 14.98142695426941 7
0 -1 3 519.81 111.81 -1 172 0.016499996185302734 7
0 -1 4 432.45 161.41 -1 172 13.872255086898804 7
0 -1 5 387.77 112.67 -2 172 9.666157960891724 7
1 -1 0 594.63 112.48999999999998 -1 155 0.9409148693084717 7
1 -1 1 538.27 402.54 -3 155 14.968504190444946 7
1 -1 2 540.19 406.42 -6 155 18.649770975112915 7
1 -1 3 529.14 91.65 -1 155 0.013721227645874023 7
1 -1 4 539.05 358.02000000000004 -1 155 14.189629077911377 7
1 -1 5 490.53 325.92999999999995 -1 155 15.99045205116272 7
2 -1 0 640.15 92.96 -1 156 0.906857967376709 7
2 -1 1 449.13 247.29 -1 156 8.007714033126831 7
2 -1 2 518.1 355.11 -6 156 12.547351837158203 7
2 -1 3 569.95 110.78999999999999 -1 156 0.015238046646118164 7
2 -1 4 518.1 355.11 -6 156 10.248264074325562 7
2 -1 5 442.77 202.34999999999997 -1 156 9.275261163711548 7
random:7T:1500
0 -1 0 719.14 87.02000000000001 -1 172 1.1882610321044922 7
0 -1 1 549.51 172.8 -1 172 12.02840805053711 7
0 -1 2 547.13 217.48999999999998 -1 172 18.650978088378906 7
0 -1 3 643.9 113.77999999999997 -2 172 0.01776409149169922 7
0 -1 4 541.23 214.77999999999997 -2 172 18.18773126602173 7
0 -1 5 509.69 146.19000000000003 -1 172 12.272863864898682 7
1 -1 0 770.12 138.17 -1 155 1.2413146495819092 7
1 -1 1 671.19 457.05999999999995 -1 155 17.25776720046997 7
1 -1 2 689.07 518.0 -6 155 21.269370317459106 7
1 -1 3 676.61 113.78 -1 155 0.0160520076751709 7
1 -1 4 682.94 457.9200000000001 -1 155 17.467527151107788 7
1 -1 5 627.39 409.78 -1 155 17.863748788833618 7
2 -1 0 822.26 110.05 -1 156 1.149996042251587 7
2 -1 1 587.06 347.75999999999993 -1 156 11.1699378490448 7
2 -1 2 677.37 463.46 -1 156 16.045999765396118 7
2 -1 3 713.07 113.84 -1 156 0.019511938095092773 7
2 -1 4 677.14 477.02000000000004 -1 156 15.571477890014648 7
2 -1 5 513.3 221.06 -1 156 10.65230107307434 7
random:8T:300
0 -1 0 172.33 60.269999999999996 -1 49 0.08948493003845215 8
0 -1 1 156.29 122.72 -1 49 0.4547121524810791 8
0 -1 2 154.25 122.38 -1 49 0.6574962139129639 8
0 -1 3 162.47 51.36 -1 49 0.0032072067260742188 8
0 -1 4 156.29 122.72 -1 49 0.4598569869995117 8
0 -1 5 158.41 121.51 -1 49 0.6552460193634033 8
1 -1 0 107.59 0 -4 117 0.16361618041992188 8
1 -1 1 99.65 14.79 -3 117 0.07562685012817383 8
1 -1 2 99.65 14.79 -3 117 2.0157430171966553 8
1 -1 3 107.79 14.73 -3 117 0.0063381195068359375 8
1 -1 4 99.65 14.79 -3 117 0.07603979110717773 8
1 -1 5 82.42 0 -12 117 1.399975061416626 8
2 -1 0 101.12 0 -10 105 0.15389728546142578 8
2 -1 1 97.73 36.65999999999998 -2 105 0.9363851547241211 8
2 -1 2 97.73 36.65999999999998 -2 105 2.759636163711548 8
2 -1 3 102.06 59.77 -1 105 0.006125688552856445 8
2 -1 4 97.73 36.65999999999998 -2 105 0.9412360191345215 8
2 -1 5 85.3 0 -5 105 1.5333571434020996 8
random:8T:600
0 -1 0 385.15 118.14999999999999 -1 49 0.1810929775238037 8
0 -1 1 342.36 245.72 -1 49 1.1567809581756592 8
0 -1 2 337.06 252.24 -1 49 1.3180887699127197 8
0 -1 3 359.44 101.11000000000001 -1 49 0.005253314971923828 8
0 -1 4 342.73 247.6 -1 49 1.2063419818878174 8
0 -1 5 331.36 252.85 -1 49 1.254925012588501 8
1 -1 0 263.06 22.39 -1 117 0.33748793601989746 8
1 -1 1 213.09 91.84000000000002 -3 117 6.585637092590332 8
1 -1 2 213.11 85.72000000000006 -3 117 5.904489040374756 8
1 -1 3 254.92 59.85 -1 117 0.007921934127807617 8
1 -1 4 213.11 85.72000000000006 -3 117 3.969561815261841 8
1 -1 5 187.97 62.64 -1 117 7.337653160095215 8
2 -1 0 261.94 102.24 -2 105 0.32669806480407715 8
2 -1 1 237.15 181.26999999999998 -2 105 2.68790602684021 8
2 -1 2 231.57 172.24000000000007 -2 105 4.843488931655884 8
2 -1 3 255.01 148.54 -1 105 0.008069038391113281 8
2 -1 4 231.57 172.24000000000007 -2 105 2.9511637687683105 8
2 -1 5 197.07 130.18 -3 105 3.2600629329681396 8
random:8T:900
0 -1 0 589.98 161.79000000000002 -1 49 0.2729029655456543 8
0 -1 1 531.09 396.42 -1 49 1.8354790210723877 8
0 -1 2 486.79 378.33000000000004 -3 49 2.184028148651123 8
0 -1 3 555.05 156.99 -1 49 0.007704019546508789 8
0 -1 4 515.19 357.34999999999997 -1 49 1.8061449527740479 8
0 -1 5 516.05 397.14 -1 49 1.86297607421875 8
1 -1 0 408.63 29.64 -1 117 0.5066449642181396 8
1 -1 1 314.75 127.59 -1 117 11.315369129180908 8
1 -1 2 300.21 131.6 -1 117 10.876917123794556 8
1 -1 3 374.61 64.33 -2 117 0.010065078735351562 8
1 -1 4 300.21 131.6 -1 117 8.88988995552063 8
1 -1 5 287.75 127.19 -1 117 12.621560096740723 8
2 -1 0 429.98 166.12 -1 105 0.4546661376953125 8
2 -1 1 361.06 228.63 -1 105 4.327056884765625 8
2 -1 2 356.49 228.63 -1 105 5.866377115249634 8
2 -1 3 381.84 275.68 -1 105 0.009037017822265625 8
2 -1 4 356.49 228.63 -1 105 4.073500156402588 8
2 -1 5 325.26 187.48000000000002 -1 105 4.9718310832977295 8
random:8T:1200
0 -1 0 800.25 203.01999999999998 -1 49 0.393247127532959 8
0 -1 1 720.67 535.1899999999999 -1 49 2.635435104370117 8
0 -1 2 655.22 484.95000000000005 -1 49 2.9751780033111572 8
0 -1 3 752.7 227.76000000000002 -1 49 0.009877920150756836 8
0 -1 4 687.09 495.52 -1 49 2.611614942550659 8
0 -1 5 703.28 536.03 -1 49 2.47485613822937 8
1 -1 0 562.43 61.64 -1 117 0.7517938613891602 8
1 -1 1 437.9 182.83 -1 117 16.644842863082886 8
1 -1 2 433.68 186.10000000000008 -1 117 14.395674228668213 8
1 -1 3 523.09 111.60000000000001 -1 117 0.011905908584594727 8
1 -1 4 433.68 186.10000000000008 -1 117 12.440682888031006 8
1 -1 5 390.23 132.29 -1 117 13.561915874481201 8
2 -1 0 599.31 222.19 -1 105 0.6281373500823975 8
2 -1 1 495.01 335.65 -1 105 5.824630975723267 8
2 -1 2 495.0 369.0499999999999 -6 105 7.99376106262207 8
2 -1 3 536.4 371.46999999999997 -1 105 0.010803937911987305 8
2 -1 4 495.0 369.0499999999999 -6 105 6.11955714225769 8
2 -1 5 455.24 251.43 -1 105 6.612344026565552 8
random:8T:1500
0 -1 0 1008.48 218.96999999999997 -1 49 0.4903240203857422 8
0 -1 1 908.17 692.5699999999999 -1 49 3.1780710220336914 8
0 -1 2 908.92 701.4499999999999 -1 49 3.674349784851074 8
0 -1 3 951.52 291.58000000000004 -1 49 0.011028766632080078 8
0 -1 4 859.86 593.3399999999999 -1 49 3.2871761322021484 8
0 -1 5 893.15 693.87 -1 49 3.072909116744995 8
1 -1 0 707.24 84.61 -1 117 0.8001158237457275 8
1 -1 1 539.73 199.13 -1 117 21.487682104110718 8
1 -1 2 534.56 240.6700000000001 -1 117 17.652308225631714 8
1 -1 3 641.37 113.82000000000002 -1 117 0.013316869735717773 8
1 -1 4 534.04 240.03000000000011 -1 117 15.22485089302063 8
1 -1 5 496.46 198.82 -1 117 18.173024892807007 8
2 -1 0 764.61 300.15 -1 105 0.7740590572357178 8
2 -1 1 609.67 394.19 -1 105 7.00935697555542 8
2 -1 2 640.56 464.75 -1 105 10.29065489768982 8
2 -1 3 662.8 478.65000000000003 -1 105 0.012669086456298828 8
2 -1 4 633.85 475.23999999999995 -1 105 7.8810529708862305 8
2 -1 5 586.59 335.88 -1 105 8.09164810180664 8
random:9T:300
0 -1 0 132.32 0 -10 106 0.16526007652282715 9
0 -1 1 114.11 16.8 -1 106 0.2517249584197998 9
0 -1 2 118.55 24.37 -4 106 1.6812188625335693 9
0 -1 3 110.99 14.63 -1 106 0.005825996398925781 9
0 -1 4 113.56 16.96 -4 106 0.27323102951049805 9
0 -1 5 112.57 14.79 -1 106 1.4020841121673584 9
1 -1 0 117.11 0 -8 98 0.13503623008728027 9
1 -1 1 108.92 23.08 -1 98 0.39117884635925293 9
1 -1 2 108.96 23.08 -1 98 1.660987138748169 9
1 -1 3 102.67 14.53 -1 98 0.00546717643737793 9
1 -1 4 108.96 23.08 -1 98 0.4323861598968506 9
1 -1 5 97.38 14.64 -1 98 1.3448700904846191 9
2 -1 0 161.98 0 -2 73 0.13434576988220215 9
2 -1 1 137.16 105.6 -2 73 1.1471288204193115 9
2 -1 2 137.16 105.6 -2 73 1.6810660362243652 9
2 -1 3 141.31 34.25 -1 73 0.004339933395385742 9
2 -1 4 137.16 105.6 -2 73 1.1345469951629639 9
2 -1 5 132.53 101.28 -2 73 1.5850391387939453 9
random:9T:600
0 -1 0 294.43 0 -10 106 0.29756712913513184 9
0 -1 1 266.48 73.2 -1 106 2.1754190921783447 9
0 -1 2 246.82 86.67999999999999 -1 106 4.7082390785217285 9
0 -1 3 262.61 63.71 -1 106 0.008186101913452148 9
0 -1 4 251.96 78.89000000000001 -1 106 2.995784282684326 9
0 -1 5 266.41 80.9 -1 106 3.1856939792633057 9
1 -1 0 288.0 0 -4 98 0.26975488662719727 9
1 -1 1 227.33 128.7 -6 98 2.089524984359741 9
1 -1 2 227.08 94.62 -1 98 4.271944999694824 9
1 -1 3 260.76 60.83 -1 98 0.006715059280395508 9
1 -1 4 218.81 121.25000000000001 -1 98 1.977735996246338 9
1 -1 5 216.85 115.38 -1 98 2.9956560134887695 9
2 -1 0 350.4 0 -5 73 0.22580909729003906 9
2 -1 1 299.4 241.2 -6 73 2.8069350719451904 9
2 -1 2 298.12 238.94 -6 73 3.370176076889038 9
2 -1 3 310.09 64.13 -1 73 0.006108999252319336 9
2 -1 4 298.12 238.94 -6 73 2.802320957183838 9
2 -1 5 298.93 241.25 -6 73 3.3572330474853516 9
random:9T:900
0 -1 0 461.34 0 -6 106 0.4592859745025635 9
0 -1 1 408.56 124.48000000000002 -1 106 3.8117523193359375 9
0 -1 2 353.3 137.57 -4 106 6.843487024307251 9
0 -1 3 399.16 66.52 -1 106 0.009685993194580078 9
0 -1 4 364.82 122.54 -1 106 7.611361026763916 9
0 -1 5 404.41 128.13 -1 106 5.245382785797119 9
1 -1 0 462.98 0 -1 98 0.4234471321105957 9
1 -1 1 371.31 177.79000000000002 -1 98 4.172600030899048 9
1 -1 2 343.23 128.80999999999997 -1 98 6.316004037857056 9
1 -1 3 393.25 65.95 -1 98 0.008881807327270508 9
1 -1 4 358.11 224.48999999999998 -1 98 3.894420862197876 9
1 -1 5 361.78 170.24 -1 98 4.935758113861084 9
2 -1 0 540.65 18.48 -2 73 0.34255313873291016 9
2 -1 1 476.85 379.9199999999999 -1 73 4.503067970275879 9
2 -1 2 479.16 391.83000000000004 -6 73 5.309725046157837 9
2 -1 3 482.7 113.41 -1 73 0.008533954620361328 9
2 -1 4 479.16 391.83000000000004 -6 73 4.828376054763794 9
2 -1 5 463.28 356.66999999999985 -1 73 4.9472479820251465 9
random:9T:1200
0 -1 0 629.83 0 -9 106 0.6022601127624512 9
0 -1 1 550.15 158.8 -1 106 5.235994100570679 9
0 -1 2 486.35 201.17000000000013 -4 106 10.384610176086426 9
0 -1 3 538.87 113.77 -1 106 0.012102127075195312 9
0 -1 4 500.29 173.70000000000002 -1 106 9.604266166687012 9
0 -1 5 534.47 163.77999999999997 -1 106 6.332340955734253 9
1 -1 0 633.18 42.22 -2 98 0.5339429378509521 9
1 -1 1 493.7 235.74999999999994 -1 98 5.994403839111328 9
1 -1 2 481.96 178.32999999999996 -1 98 8.20094108581543 9
1 -1 3 541.62 110.36 -1 98 0.010544300079345703 9
1 -1 4 467.71 251.74000000000012 -1 98 6.701736927032471 9
1 -1 5 495.89 250.85 -1 98 6.630704879760742 9
2 -1 0 724.44 0 -3 73 0.4371180534362793 9
2 -1 1 641.81 502.21999999999986 -1 73 5.918501853942871 9
2 -1 2 645.59 518.63 -1 73 6.727625131607056 9
2 -1 3 657.32 162.17999999999998 -1 73 0.009964227676391602 9
2 -1 4 645.59 518.63 -1 73 5.7945380210876465 9
2 -1 5 633.9 500.72 -1 73 5.846678972244263 9
random:9T:1500
0 -1 0 795.45 0 -9 106 0.7545881271362305 9
0 -1 1 673.22 199.14000000000001 -1 106 7.086726188659668 9
0 -1 2 604.95 237.34999999999997 -1 106 14.263964891433716 9
0 -1 3 692.9 162.25 -1 106 0.015069961547851562 9
0 -1 4 629.85 199.14000000000001 -1 106 11.977898836135864 9
0 -1 5 669.83 223.85000000000002 -1 106 8.070222854614258 9
1 -1 0 804.12 0 -2 98 0.6491599082946777 9
1 -1 1 627.6 316.08 -1 98 7.066996335983276 9
1 -1 2 605.14 228.44999999999996 -1 98 10.079575061798096 9
1 -1 3 689.49 157.78 -1 98 0.011723995208740234 9
1 -1 4 612.69 298.36 -1 98 8.910064220428467 9
1 -1 5 617.49 310.18999999999994 -1 98 8.649980783462524 9
2 -1 0 908.36 0 -2 73 0.5124599933624268 9
2 -1 1 808.56 635.42 -1 73 6.118510961532593 9
2 -1 2 827.02 679.2299999999998 -1 73 6.94286322593689 9
2 -1 3 830.46 209.06 -1 73 0.010070085525512695 9
2 -1 4 811.53 642.52 -1 73 5.975845813751221 9
2 -1 5 801.45 645.64 -1 73 6.492046117782593 9
