random:0T:300
0 -1 0 150.19 0 -1 44 0.10998702049255371 0
0 -1 1 130.67 48.76 -1 44 0.6484458446502686 0
0 -1 2 118.11 37.16 -1 44 0.35250306129455566 0
0 -1 3 134.51 53.95 -1 44 0.003993034362792969 0
0 -1 4 130.67 48.76 -1 44 0.6947638988494873 0
0 -1 5 117.03 34.61 -2 44 0.47347593307495117 0
1 -1 0 143.58 0 -6 79 0.20725393295288086 0
1 -1 1 125.55 91.68 -2 79 1.548403024673462 0
1 -1 2 122.04 79.25 -2 79 2.471978187561035 0
1 -1 3 133.45 17.09 -1 79 0.008761882781982422 0
1 -1 4 125.55 91.68 -2 79 1.4240391254425049 0
1 -1 5 115.04 67.77 -1 79 1.6106681823730469 0
2 -1 0 139.72 0 -2 78 0.20837712287902832 0
2 -1 1 123.04 51.21 -1 78 0.611840009689331 0
2 -1 2 124.74 66.39999999999998 -1 78 1.948613166809082 0
2 -1 3 132.73 50.43 -1 78 0.007055759429931641 0
2 -1 4 121.45 62.42 -1 78 0.745985746383667 0
2 -1 5 122.19 53.43000000000001 -1 78 1.7022769451141357 0
3 -1 0 119.02 6.0 -1 83 0.20038485527038574 0
3 -1 1 107.13 62.129999999999995 -1 83 0.4336428642272949 0
3 -1 2 105.71 44.249999999999986 -1 83 2.151573896408081 0
3 -1 3 111.34 14.75 -1 83 0.009935140609741211 0
3 -1 4 107.13 62.129999999999995 -1 83 0.4440879821777344 0
3 -1 5 92.86 14.71 -1 83 1.2735600471496582 0
random:0T:600
0 -1 0 370.59 163.61 -1 44 0.20758295059204102 0
0 -1 1 288.25 98.36 -1 44 1.3513782024383545 0
0 -1 2 276.49 95.04999999999998 -1 44 0.8371789455413818 0
0 -1 3 329.18 132.98 -1 44 0.008005142211914062 0
0 -1 4 292.79 113.96000000000006 -2 44 1.0621130466461182 0
0 -1 5 281.73 102.17000000000002 -2 44 0.6198699474334717 0
1 -1 0 329.77 0 -1 79 0.35627126693725586 0
1 -1 1 273.98 179.26 -1 79 3.7930407524108887 0
1 -1 2 261.87 194.97999999999993 -1 79 4.541511058807373 0
1 -1 3 298.27 74.75 -1 79 0.006952762603759766 0
1 -1 4 272.81 187.74999999999994 -1 79 3.6359570026397705 0
1 -1 5 253.81 192.24 -2 79 4.3385162353515625 0
2 -1 0 319.22 41.12 -1 78 0.3317880630493164 0
2 -1 1 270.61 169.88 -1 78 2.070150136947632 0
2 -1 2 271.58 154.54 -1 78 3.1564950942993164 0
2 -1 3 293.58 67.92999999999999 -1 78 0.007970809936523438 0
2 -1 4 258.11 170.17000000000002 -1 78 2.149585008621216 0
2 -1 5 268.77 141.11999999999998 -1 78 3.0666749477386475 0
3 -1 0 301.63 49.410000000000004 -1 83 0.3711516857147217 0
3 -1 1 236.45 163.43 -1 83 1.8373560905456543 0
3 -1 2 224.24 132.93 -1 83 2.974635124206543 0
3 -1 3 272.75 61.99 -1 83 0.008131027221679688 0
3 -1 4 236.81 160.39000000000001 -1 83 2.149897813796997 0
3 -1 5 209.82 133.1 -6 83 2.5962209701538086 0
random:0T:900
0 -1 0 586.61 257.87 -1 44 0.29645371437072754 0
0 -1 1 445.45 163.13 -1 44 1.935305118560791 0
0 -1 2 440.49 149.84 -1 44 1.0668120384216309 0
0 -1 3 516.66 205.60999999999999 -1 44 0.007618904113769531 0
0 -1 4 442.4 161.75000000000003 -1 44 1.5547020435333252 0
0 -1 5 444.48 160.18 -1 44 1.0957179069519043 0
1 -1 0 513.9 77.8 -1 79 0.44643402099609375 0
1 -1 1 417.74 270.48 -1 79 5.3324432373046875 0
1 -1 2 410.81 311.7599999999999 -1 79 6.413578033447266 0
1 -1 3 457.47 112.38 -1 79 0.008185863494873047 0
1 -1 4 433.71 335.57 -1 79 6.126348972320557 0
1 -1 5 399.93 308.34 -3 79 5.904766082763672 0
2 -1 0 497.92 0 -1 78 0.4893178939819336 0
2 -1 1 408.51 193.81 -1 78 3.357264280319214 0
2 -1 2 417.21 194.41 -1 78 4.556396722793579 0
2 -1 3 459.25 111.03999999999999 -1 78 0.00999307632446289 0
2 -1 4 404.65 194.8 -1 78 3.60394287109375 0
2 -1 5 410.25 193.99 -1 78 4.276469945907593 0
3 -1 0 484.45 99.75 -1 83 0.5583949089050293 0
3 -1 1 362.0 251.09000000000003 -3 83 3.095015048980713 0
3 -1 2 346.99 221.28000000000003 -1 83 4.002503871917725 0
3 -1 3 438.87 92.42 -1 83 0.008971214294433594 0
3 -1 4 362.0 251.09000000000003 -3 83 3.0432369709014893 0
3 -1 5 335.52 191.25 -1 83 3.681929111480713 0
random:0T:1200
0 -1 0 804.19 320.09999999999997 -1 44 0.41623592376708984 0
0 -1 1 611.7 239.51000000000002 -1 44 2.2203969955444336 0
0 -1 2 599.16 222.60000000000002 -1 44 1.5541870594024658 0
0 -1 3 710.05 298.05 -1 44 0.011404991149902344 0
0 -1 4 605.79 225.95000000000005 -1 44 2.1286659240722656 0
0 -1 5 603.3 209.48000000000002 -1 44 1.510521650314331 0
1 -1 0 696.46 0 -1 79 0.6408650875091553 0
1 -1 1 567.17 378.13 -1 79 6.774237155914307 0
1 -1 2 546.67 346.29999999999995 -1 79 7.966908931732178 0
1 -1 3 600.72 140.55 -1 79 0.017908334732055664 0
1 -1 4 587.12 400.06000000000006 -1 79 8.055741786956787 0
1 -1 5 537.71 341.25 -1 79 7.2978410720825195 0
2 -1 0 685.28 0 -1 78 0.6488239765167236 0
2 -1 1 561.02 281.78999999999996 -1 78 4.673120975494385 0
2 -1 2 570.43 341.15 -1 78 5.847499847412109 0
2 -1 3 627.21 151.17000000000002 -1 78 0.016346216201782227 0
2 -1 4 548.38 303.71000000000004 -1 78 4.895382881164551 0
2 -1 5 567.1 289.28000000000003 -1 78 5.9566991329193115 0
3 -1 0 663.74 115.78999999999999 -1 83 0.7518091201782227 0
3 -1 1 489.59 345.09 -1 83 4.3059070110321045 0
3 -1 2 484.82 340.6 -1 83 5.993664979934692 0
3 -1 3 591.22 113.75999999999999 -1 83 0.012958049774169922 0
3 -1 4 490.96 345.39000000000004 -1 83 4.706731796264648 0
3 -1 5 449.22 258.94000000000005 -1 83 4.994123220443726 0
random:0T:1500
0 -1 0 1016.9 421.48 -1 44 0.563697099685669 0
0 -1 1 771.31 291.77000000000004 -1 44 3.054978132247925 0
0 -1 2 746.98 260.41999999999996 -1 44 2.079101800918579 0
0 -1 3 906.29 382.9800000000001 -1 44 0.016129016876220703 0
0 -1 4 763.16 273.0 -1 44 2.7425661087036133 0
0 -1 5 762.48 259.02 -1 44 1.9812147617340088 0
1 -1 0 869.39 116.84 -1 79 0.8406360149383545 0
1 -1 1 706.61 487.62 -1 79 8.878030776977539 0
1 -1 2 706.71 493.5200000000001 -1 79 10.084858894348145 0
1 -1 3 766.02 197.82999999999998 -1 79 0.014594078063964844 0
1 -1 4 719.53 502.48 -1 79 9.748407125473022 0
1 -1 5 678.74 424.65999999999997 -1 79 8.954162836074829 0
2 -1 0 861.66 0 -1 78 0.9096090793609619 0
2 -1 1 707.25 346.53999999999996 -1 78 6.400175094604492 0
2 -1 2 728.1 397.64 -1 78 7.626551151275635 0
2 -1 3 788.75 200.35999999999999 -1 78 0.017323017120361328 0
2 -1 4 705.65 389.65 -1 78 6.749866962432861 0
2 -1 5 725.25 379.95000000000005 -1 78 6.870609760284424 0
3 -1 0 842.05 185.39000000000001 -1 83 0.8535807132720947 0
3 -1 1 637.94 450.77 -1 83 6.052554130554199 0
3 -1 2 624.22 449.80000000000007 -1 83 7.566880226135254 0
3 -1 3 747.49 162.84 -1 83 0.020869016647338867 0
3 -1 4 630.14 376.03000000000003 -1 83 6.121830940246582 0
3 -1 5 580.59 363.25 -1 83 6.297295093536377 0
random:1T:300
0 -1 0 141.25 0 -1 51 0.10994386672973633 1
0 -1 1 116.84 37.21 -2 51 0.6922779083251953 1
0 -1 2 111.12 34.48000000000001 -2 51 0.8592689037322998 1
0 -1 3 133.09 53.86 -1 51 0.003492116928100586 1
0 -1 4 116.84 37.21 -2 51 0.6867308616638184 1
0 -1 5 101.88 21.570000000000004 -2 51 0.42342519760131836 1
1 -1 0 154.11 72.0 -2 72 0.1919560432434082 1
1 -1 1 134.63 100.13 -2 72 0.9791579246520996 1
1 -1 2 134.63 100.13 -2 72 1.778235912322998 1
1 -1 3 150.48 90.21 -2 72 0.00807499885559082 1
1 -1 4 134.63 100.13 -2 72 0.918630838394165 1
1 -1 5 134.63 100.13 -2 72 1.6825957298278809 1
2 -1 0 118.14 0 -3 81 0.21066498756408691 1
2 -1 1 109.4 81.77 -1 81 0.5898568630218506 1
2 -1 2 107.25 68.62999999999998 -2 81 2.1060450077056885 1
2 -1 3 114.9 76.18 -1 81 0.00527501106262207 1
2 -1 4 109.27 81.77 -1 81 0.5985021591186523 1
2 -1 5 104.26 56.09999999999997 -2 81 3.064579963684082 1
3 -1 0 150.51 48.04 -1 67 0.17142915725708008 1
3 -1 1 140.74 93.45 -2 67 0.7316620349884033 1
3 -1 2 140.74 93.45 -2 67 1.4197900295257568 1
3 -1 3 145.96 14.8 -1 67 0.006411075592041016 1
3 -1 4 140.74 93.45 -2 67 0.821357250213623 1
3 -1 5 133.55 86.97 -2 67 1.3921492099761963 1
random:1T:600
0 -1 0 344.18 92.91999999999999 -1 51 0.23786687850952148 1
0 -1 1 255.85 115.4500000000001 -2 51 2.5295989513397217 1
0 -1 2 248.96 101.83000000000001 -1 51 2.0500240325927734 1
0 -1 3 318.78 104.85 -1 51 0.006067037582397461 1
0 -1 4 257.76 104.43000000000005 -2 51 1.1362838745117188 1
0 -1 5 242.29 105.3000000000001 -2 51 2.350478172302246 1
1 -1 0 350.5 233.6 -2 72 0.3649001121520996 1
1 -1 1 312.78 253.96 -2 72 2.5100090503692627 1
1 -1 2 312.78 253.96 -2 72 3.067844867706299 1
1 -1 3 312.12 241.6 -1 72 0.007192850112915039 1
1 -1 4 312.78 253.96 -2 72 2.3318710327148438 1
1 -1 5 312.78 253.96 -2 72 2.9493508338928223 1
2 -1 0 296.92 143.53 -1 81 0.3576948642730713 1
2 -1 1 274.34 173.32999999999998 -1 81 2.66841983795166 1
2 -1 2 262.45 198.70999999999998 -4 81 3.734951972961426 1
2 -1 3 279.29 194.37000000000003 -1 81 0.012351036071777344 1
2 -1 4 272.15 173.32999999999998 -1 81 2.7018775939941406 1
2 -1 5 264.69 203.68 -4 81 3.7734687328338623 1
3 -1 0 345.65 54.330000000000005 -1 67 0.3444650173187256 1
3 -1 1 313.37 226.08 -1 67 2.601170063018799 1
3 -1 2 313.37 226.08 -1 67 3.215818166732788 1
3 -1 3 317.1 64.13 -1 67 0.0083160400390625 1
3 -1 4 313.37 226.08 -1 67 2.3505032062530518 1
3 -1 5 295.52 201.16 -2 67 2.4502761363983154 1
random:1T:900
0 -1 0 549.78 194.28999999999996 -1 51 0.37177181243896484 1
0 -1 1 392.41 174.36 -1 51 3.941770076751709 1
0 -1 2 400.79 159.05000000000007 -2 51 1.9716479778289795 1
0 -1 3 500.4 154.67 -1 51 0.007318019866943359 1
0 -1 4 398.29 170.27000000000007 -2 51 1.8151228427886963 1
0 -1 5 382.6 157.87000000000003 -1 51 2.8353118896484375 1
1 -1 0 543.85 388.34 -2 72 0.48372983932495117 1
1 -1 1 489.26 403.45 -4 72 3.8865857124328613 1
1 -1 2 489.26 403.45 -4 72 4.516006946563721 1
1 -1 3 483.61 362.25 -1 72 0.00878000259399414 1
1 -1 4 489.26 403.45 -4 72 3.7353899478912354 1
1 -1 5 489.26 403.45 -4 72 4.526798963546753 1
2 -1 0 484.44 103.2 -1 81 0.5147457122802734 1
2 -1 1 435.39 300.28 -1 81 4.353832244873047 1
2 -1 2 434.47 350.33 -1 81 5.451749801635742 1
2 -1 3 448.63 332.94 -1 81 0.012871980667114258 1
2 -1 4 440.04 334.06999999999994 -1 81 4.379090785980225 1
2 -1 5 435.2 311.21 -1 81 5.044990062713623 1
3 -1 0 533.54 82.18 -1 67 0.47079920768737793 1
3 -1 1 479.75 344.96999999999997 -1 67 3.5807502269744873 1
3 -1 2 483.89 350.6500000000001 -1 67 4.2814247608184814 1
3 -1 3 492.24 113.03999999999998 -1 67 0.009300947189331055 1
3 -1 4 483.89 350.6500000000001 -1 67 3.7297310829162598 1
3 -1 5 463.31 318.61999999999995 -2 67 4.053945064544678 1
random:1T:1200
0 -1 0 748.95 244.76 -1 51 0.47805118560791016 1
0 -1 1 522.83 198.21 -1 51 5.070648908615112 1
0 -1 2 546.04 232.86000000000013 -1 51 3.5097689628601074 1
0 -1 3 685.08 217.79000000000002 -1 51 0.013969898223876953 1
0 -1 4 532.4 227.23999999999995 -2 51 2.3595528602600098 1
0 -1 5 517.67 222.32000000000002 -1 51 4.497235059738159 1
1 -1 0 736.55 535.46 -2 72 0.6276543140411377 1
1 -1 1 671.72 555.1800000000001 -1 72 5.908115863800049 1
1 -1 2 671.72 555.1800000000001 -1 72 6.664710283279419 1
1 -1 3 653.64 474.56 -1 72 0.01777195930480957 1
1 -1 4 671.72 555.1800000000001 -1 72 6.156097173690796 1
1 -1 5 671.72 555.1800000000001 -1 72 6.688735008239746 1
2 -1 0 666.12 186.77 -1 81 0.7816228866577148 1
2 -1 1 596.29 399.90000000000003 -1 81 6.320830345153809 1
2 -1 2 603.58 481.30999999999995 -1 81 7.944719076156616 1
2 -1 3 603.96 456.47999999999996 -1 81 0.018575668334960938 1
2 -1 4 604.43 476.14 -1 81 6.688223123550415 1
2 -1 5 598.58 470.68999999999994 -1 81 7.46833610534668 1
3 -1 0 719.37 108.84 -1 67 0.6633939743041992 1
3 -1 1 638.42 444.93999999999994 -1 67 4.8942108154296875 1
3 -1 2 632.51 400.65000000000003 -1 67 5.563544034957886 1
3 -1 3 671.21 160.20999999999998 -1 67 0.01208806037902832 1
3 -1 4 632.51 400.65000000000003 -1 67 5.401287794113159 1
3 -1 5 624.44 424.71999999999997 -1 67 5.179692983627319 1
random:1T:1500
0 -1 0 949.38 328.77000000000004 -1 51 0.5903971195220947 1
0 -1 1 657.04 199.22 -1 51 6.336270093917847 1
0 -1 2 679.39 293.2299999999999 -2 51 3.4657840728759766 1
0 -1 3 874.29 293.71000000000004 -1 51 0.013779878616333008 1
0 -1 4 680.0 292.92999999999995 -1 51 3.14713978767395 1
0 -1 5 658.03 274.28 -1 51 6.035338401794434 1
1 -1 0 923.78 694.9600000000002 -2 72 0.8910918235778809 1
1 -1 1 837.8 696.43 -4 72 6.939363956451416 1
1 -1 2 851.19 705.7099999999999 -2 72 8.28238296508789 1
1 -1 3 811.98 611.59 -2 72 0.016906023025512695 1
1 -1 4 851.19 705.7099999999999 -2 72 7.825135946273804 1
1 -1 5 837.8 696.43 -4 72 7.725827217102051 1
2 -1 0 841.35 325.47 -1 81 0.9377028942108154 1
2 -1 1 755.06 537.68 -1 81 8.201872110366821 1
2 -1 2 763.07 610.36 -1 81 9.636713027954102 1
2 -1 3 763.1 593.48 -1 81 0.020154953002929688 1
2 -1 4 768.92 607.5200000000001 -1 81 8.258769750595093 1
2 -1 5 763.35 599.69 -1 81 9.55040192604065 1
3 -1 0 916.41 135.01 -1 67 0.8833210468292236 1
3 -1 1 831.9 614.3700000000001 -1 67 6.983091115951538 1
3 -1 2 794.77 554.3999999999999 -1 67 6.567265033721924 1
3 -1 3 847.67 200.29 -1 67 0.013962984085083008 1
3 -1 4 818.31 590.75 -1 67 6.182804107666016 1
3 -1 5 794.78 537.62 -1 67 6.3958399295806885 1
random:2T:300
0 -1 0 156.08 60.93 -1 54 0.11018896102905273 2
0 -1 1 130.53 56.62999999999994 -2 54 1.3129870891571045 2
0 -1 2 130.38 52.75 -2 54 0.865584135055542 2
0 -1 3 158.02 53.85 -1 54 0.007771968841552734 2
0 -1 4 130.38 52.75 -2 54 0.6390318870544434 2
0 -1 5 120.98 48.43999999999997 -2 54 1.253251075744629 2
1 -1 0 147.29 28.03 -1 85 0.19951677322387695 2
1 -1 1 126.44 90.78 -3 85 1.2829229831695557 2
1 -1 2 126.44 90.78 -3 85 2.1732640266418457 2
1 -1 3 138.36 14.81 -1 85 0.01026296615600586 2
1 -1 4 126.44 90.78 -3 85 1.2452771663665771 2
1 -1 5 119.76 79.24000000000001 -2 85 1.8035941123962402 2
2 -1 0 157.18 106.63 -2 43 0.09951496124267578 2
2 -1 1 140.53 104.12 -2 43 0.3069779872894287 2
2 -1 2 141.28 104.8 -2 43 0.5754733085632324 2
2 -1 3 154.45 126.85 -1 43 0.0037817955017089844 2
2 -1 4 141.28 104.8 -2 43 0.48269009590148926 2
2 -1 5 133.66 103.31 -1 43 0.3285517692565918 2
3 -1 0 171.91 94.61 -1 39 0.0697481632232666 2
3 -1 1 137.08 54.709999999999994 -3 39 0.2793583869934082 2
3 -1 2 137.08 54.709999999999994 -3 39 0.2720048427581787 2
3 -1 3 161.95 73.97 -1 39 0.004745960235595703 2
3 -1 4 137.08 54.709999999999994 -3 39 0.3040456771850586 2
3 -1 5 137.08 54.709999999999994 -3 39 0.33925795555114746 2
random:2T:600
0 -1 0 356.51 173.9 -1 54 0.24565720558166504 2
0 -1 1 266.13 116.10000000000001 -1 54 3.104749917984009 2
0 -1 2 261.42 126.96000000000005 -2 54 1.8240478038787842 2
0 -1 3 352.14 119.99000000000001 -1 54 0.007716178894042969 2
0 -1 4 263.08 123.53 -1 54 2.746056079864502 2
0 -1 5 260.1 126.0 -3 54 3.1740381717681885 2
1 -1 0 326.69 60.39 -1 85 0.3287482261657715 2
1 -1 1 284.05 203.06999999999994 -1 85 4.064227104187012 2
1 -1 2 285.42 213.89000000000001 -5 85 4.752633810043335 2
1 -1 3 306.52 64.03 -1 85 0.00847005844116211 2
1 -1 4 285.42 213.89000000000001 -5 85 4.075307130813599 2
1 -1 5 278.45 200.87999999999997 -1 85 4.587285995483398 2
2 -1 0 368.58 270.3 -3 43 0.16616201400756836 2
2 -1 1 323.66 251.64999999999998 -1 43 1.7259702682495117 2
2 -1 2 326.72 253.01999999999998 -2 43 1.8357150554656982 2
2 -1 3 363.45 311.37 -1 43 0.009072065353393555 2
2 -1 4 326.72 253.01999999999998 -2 43 1.718994140625 2
2 -1 5 323.48 255.39 -2 43 1.490779161453247 2
3 -1 0 404.52 239.51999999999998 -1 39 0.16273713111877441 2
3 -1 1 314.52 126.99000000000008 -3 39 0.5941331386566162 2
3 -1 2 314.52 126.99000000000008 -3 39 0.6919560432434082 2
3 -1 3 376.29 186.69999999999996 -1 39 0.006815910339355469 2
3 -1 4 314.52 126.99000000000008 -3 39 0.6239480972290039 2
3 -1 5 314.52 126.99000000000007 -3 39 0.6228890419006348 2
random:2T:900
0 -1 0 551.76 240.29 -1 54 0.36290502548217773 2
0 -1 1 415.51 203.13 -1 54 5.388393878936768 2
0 -1 2 412.67 191.08000000000004 -1 54 3.567802906036377 2
0 -1 3 548.8 198.4 -1 54 0.010758161544799805 2
0 -1 4 416.96 188.17999999999998 -1 54 4.4673402309417725 2
0 -1 5 412.74 182.54000000000002 -1 54 5.071432828903198 2
1 -1 0 519.32 94.55 -1 85 0.46329307556152344 2
1 -1 1 448.69 355.81000000000006 -3 85 6.206144094467163 2
1 -1 2 448.69 355.81000000000006 -3 85 6.770694732666016 2
1 -1 3 480.64 110.72 -1 85 0.009949922561645508 2
1 -1 4 448.69 355.81000000000006 -3 85 6.216284990310669 2
1 -1 5 426.52 302.2999999999999 -1 85 7.230661153793335 2
2 -1 0 583.61 426.24000000000007 -2 43 0.4000661373138428 2
2 -1 1 508.98 395.13 -1 43 2.2536461353302 2
2 -1 2 512.06 399.73999999999995 -2 43 2.7326560020446777 2
2 -1 3 577.43 483.25 -1 43 0.008999109268188477 2
2 -1 4 512.06 399.73999999999995 -2 43 2.312047004699707 2
2 -1 5 515.37 402.48999999999995 -1 43 2.4074840545654297 2
3 -1 0 629.54 286.43 -1 39 0.29192495346069336 2
3 -1 1 492.08 198.81000000000014 -3 39 1.013371229171753 2
3 -1 2 492.08 198.81000000000014 -3 39 1.185187816619873 2
3 -1 3 593.79 290.7799999999999 -1 39 0.017352819442749023 2
3 -1 4 492.08 198.81000000000014 -3 39 0.9923169612884521 2
3 -1 5 492.08 198.81000000000014 -3 39 0.9724869728088379 2
random:2T:1200
0 -1 0 755.16 310.85999999999996 -1 54 0.4709799289703369 2
0 -1 1 563.49 250.20000000000002 -1 54 6.744701862335205 2
0 -1 2 544.87 263.88 -2 54 3.733222723007202 2
0 -1 3 742.56 253.14000000000007 -1 54 0.01170802116394043 2
0 -1 4 553.16 271.0200000000003 -2 54 5.8006978034973145 2
0 -1 5 560.69 242.65 -1 54 6.774599313735962 2
1 -1 0 704.44 120.87999999999997 -1 85 0.6152660846710205 2
1 -1 1 618.08 492.4599999999999 -1 85 8.456176042556763 2
1 -1 2 606.41 474.75 -6 85 8.49937915802002 2
1 -1 3 647.64 130.58 -1 85 0.012914896011352539 2
1 -1 4 606.41 474.75 -6 85 8.03545093536377 2
1 -1 5 585.45 445.42999999999984 -1 85 8.302518129348755 2
2 -1 0 796.42 602.7800000000001 -2 43 0.3756232261657715 2
2 -1 1 691.86 544.37 -2 43 2.6178369522094727 2
2 -1 2 695.16 547.72 -1 43 2.973426103591919 2
2 -1 3 788.68 672.65 -1 43 0.011149168014526367 2
2 -1 4 695.16 547.72 -1 43 2.9598441123962402 2
2 -1 5 701.28 548.2900000000001 -2 43 2.438926935195923 2
3 -1 0 859.11 399.88999999999993 -1 39 0.36705493927001953 2
3 -1 1 669.6 270.2700000000001 -3 39 1.1554749011993408 2
3 -1 2 669.6 270.2700000000001 -3 39 1.1629290580749512 2
3 -1 3 808.94 410.1299999999998 -1 39 0.011858940124511719 2
3 -1 4 669.6 270.2700000000001 -3 39 1.1706042289733887 2
3 -1 5 669.6 270.2700000000001 -3 39 1.2254669666290283 2
random:2T:1500
0 -1 0 955.74 420.46000000000004 -1 54 0.6045618057250977 2
0 -1 1 715.96 337.54 -1 54 8.487159967422485 2
0 -1 2 701.84 334.46999999999986 -1 54 4.61055588722229 2
0 -1 3 936.12 312.92 -1 54 0.017246007919311523 2
0 -1 4 706.02 331.83000000000004 -1 54 8.015098810195923 2
0 -1 5 709.59 329.0899999999999 -1 54 8.221323013305664 2
1 -1 0 887.19 158.10999999999999 -1 85 0.8119909763336182 2
1 -1 1 770.22 596.4699999999999 -1 85 9.287282943725586 2
1 -1 2 785.1 624.6700000000001 -6 85 10.525807857513428 2
1 -1 3 814.59 163.23000000000002 -1 85 0.02023601531982422 2
1 -1 4 785.1 624.6700000000001 -6 85 9.804612874984741 2
1 -1 5 738.51 544.8299999999999 -1 85 9.411877155303955 2
2 -1 0 1012.85 748.83 -2 43 0.4334859848022461 2
2 -1 1 878.06 693.5 -2 43 3.6786229610443115 2
2 -1 2 882.95 695.3599999999998 -2 43 3.733628749847412 2
2 -1 3 1000.17 859.69 -1 43 0.013063907623291016 2
2 -1 4 882.95 695.3599999999998 -2 43 3.728034019470215 2
2 -1 5 887.89 696.3299999999998 -1 43 3.3201048374176025 2
3 -1 0 1091.35 503.53999999999996 -1 39 0.420626163482666 2
3 -1 1 847.06 341.7199999999998 -3 39 1.5299549102783203 2
3 -1 2 847.06 341.7199999999998 -3 39 1.525400161743164 2
3 -1 3 1025.71 510.2899999999998 -1 39 0.015238046646118164 2
3 -1 4 847.06 341.7199999999998 -3 39 1.513700246810913 2
3 -1 5 847.06 341.7199999999998 -3 39 1.6463909149169922 2
random:3T:300
0 -1 0 132.17 20.43 -1 89 0.19502806663513184 3
0 -1 1 121.62 87.18999999999998 -3 89 0.8310279846191406 3
0 -1 2 119.46 82.76 -1 89 2.575824022293091 3
0 -1 3 127.01 39.85 -1 89 0.0060939788818359375 3
0 -1 4 121.0 82.50999999999999 -1 89 1.2854828834533691 3
0 -1 5 113.6 58.269999999999996 -1 89 2.2005600929260254 3
1 -1 0 158.98 39.769999999999996 -1 53 0.11237311363220215 3
1 -1 1 135.58 52.129999999999946 -2 53 0.7417631149291992 3
1 -1 2 130.65 56.32999999999994 -2 53 1.1937170028686523 3
1 -1 3 152.2 55.56 -1 53 0.0042438507080078125 3
1 -1 4 130.65 56.32999999999994 -2 53 1.0297012329101562 3
1 -1 5 120.95 44.009999999999984 -2 53 0.9746201038360596 3
2 -1 0 138.33 62.89 -1 65 0.12283682823181152 3
2 -1 1 123.85 98.75 -2 65 1.0207359790802002 3
2 -1 2 121.54 97.41 -2 65 1.3876850605010986 3
2 -1 3 130.41 56.1 -1 65 0.004896879196166992 3
2 -1 4 123.85 98.75 -2 65 1.041604995727539 3
2 -1 5 121.54 97.41 -2 65 1.4053738117218018 3
3 -1 0 154.58 55.349999999999994 -1 65 0.12855100631713867 3
3 -1 1 128.44 94.73 -2 65 0.8904809951782227 3
3 -1 2 126.75 91.47 -2 65 1.3407423496246338 3
3 -1 3 143.92 25.59 -1 65 0.006096839904785156 3
3 -1 4 128.44 94.73 -2 65 0.9430110454559326 3
3 -1 5 121.31 82.89 -1 65 1.583414077758789 3
random:3T:600
0 -1 0 305.46 30.930000000000003 -1 89 0.331805944442749 3
0 -1 1 270.9 174.84 -1 89 3.7445807456970215 3
0 -1 2 266.85 201.87 -3 89 5.514236927032471 3
0 -1 3 288.95 63.87 -1 89 0.009461164474487305 3
0 -1 4 269.81 176.66 -1 89 3.6109471321105957 3
0 -1 5 246.04 168.98000000000002 -1 89 5.340895891189575 3
1 -1 0 360.15 141.53 -1 53 0.2209489345550537 3
1 -1 1 284.92 108.55999999999999 -1 53 2.2363007068634033 3
1 -1 2 274.39 127.62000000000003 -2 53 2.2116103172302246 3
1 -1 3 340.56 108.14 -1 53 0.0077970027923583984 3
1 -1 4 272.53 116.21000000000001 -1 53 1.8772411346435547 3
1 -1 5 277.15 109.99000000000001 -1 53 1.8240740299224854 3
2 -1 0 342.07 85.92999999999999 -1 65 0.2608482837677002 3
2 -1 1 301.0 244.99999999999997 -2 65 3.0112760066986084 3
2 -1 2 300.21 241.00999999999996 -1 65 3.2618539333343506 3
2 -1 3 306.33 100.32 -1 65 0.006431102752685547 3
2 -1 4 301.59 244.41999999999996 -1 65 3.0295400619506836 3
2 -1 5 300.21 241.00999999999996 -1 65 3.2865779399871826 3
3 -1 0 348.21 84.06 -1 65 0.2439279556274414 3
3 -1 1 288.47 228.22000000000014 -6 65 2.805649757385254 3
3 -1 2 277.02 207.92999999999995 -1 65 2.819359064102173 3
3 -1 3 308.57 64.13 -1 65 0.006012916564941406 3
3 -1 4 290.99 234.32 -2 65 2.5051329135894775 3
3 -1 5 263.83 201.57 -6 65 2.653106212615967 3
random:3T:900
0 -1 0 487.53 52.769999999999996 -1 89 0.4540688991546631 3
0 -1 1 439.9 297.05 -1 89 6.081352233886719 3
0 -1 2 417.27 274.67 -1 89 7.9554219245910645 3
0 -1 3 448.01 112.37 -1 89 0.01709604263305664 3
0 -1 4 423.01 269.0 -1 89 6.084657907485962 3
0 -1 5 385.69 280.94 -1 89 7.132349014282227 3
1 -1 0 562.61 232.29 -1 53 0.3324720859527588 3
1 -1 1 436.3 167.07 -1 53 3.6607518196105957 3
1 -1 2 421.67 181.63000000000002 -1 53 3.332470178604126 3
1 -1 3 533.97 170.60000000000002 -1 53 0.009397029876708984 3
1 -1 4 420.22 175.49 -1 53 2.943148136138916 3
1 -1 5 423.36 169.48000000000002 -1 53 3.5545969009399414 3
2 -1 0 543.14 161.51 -1 65 0.4273719787597656 3
2 -1 1 481.14 391.6 -1 65 6.632678270339966 3
2 -1 2 480.01 383.86999999999983 -1 65 5.955175876617432 3
2 -1 3 483.16 140.45000000000002 -1 65 0.00824594497680664 3
2 -1 4 483.91 390.82 -2 65 5.0852179527282715 3
2 -1 5 478.5 388.6 -2 65 6.516478776931763 3
3 -1 0 537.42 114.52000000000001 -1 65 0.42293286323547363 3
3 -1 1 448.36 360.13 -6 65 4.198920965194702 3
3 -1 2 445.16 324.36 -1 65 4.764119625091553 3
3 -1 3 481.18 113.26 -1 65 0.008442878723144531 3
3 -1 4 446.52 353.57 -1 65 4.04621696472168 3
3 -1 5 420.87 291.82 -1 65 3.9727890491485596 3
random:3T:1200
0 -1 0 660.41 89.30000000000001 -1 89 0.6001560688018799 3
0 -1 1 594.59 420.94 -1 89 7.657563209533691 3
0 -1 2 579.37 402.02 -1 89 9.118019104003906 3
0 -1 3 598.5 143.18 -1 89 0.012079715728759766 3
0 -1 4 581.17 393.42 -1 89 7.252557039260864 3
0 -1 5 541.94 389.16999999999996 -1 89 8.957276821136475 3
1 -1 0 754.54 150.86 -1 53 0.3898599147796631 3
1 -1 1 594.87 247.56 -1 53 3.652912139892578 3
1 -1 2 561.6 250.19999999999993 -1 53 3.7306039333343506 3
1 -1 3 726.97 250.78000000000003 -1 53 0.011760950088500977 3
1 -1 4 555.15 239.81 -1 53 4.051455020904541 3
1 -1 5 571.24 198.44 -1 53 4.244185924530029 3
2 -1 0 741.58 204.1 -1 65 0.5421781539916992 3
2 -1 1 659.34 533.3199999999999 -1 65 6.559098958969116 3
2 -1 2 655.72 532.2799999999999 -1 65 6.733011245727539 3
2 -1 3 660.39 173.28 -1 65 0.009319782257080078 3
2 -1 4 659.33 528.43 -1 65 6.013029098510742 3
2 -1 5 657.59 534.5200000000001 -2 65 6.207082033157349 3
3 -1 0 726.15 203.1 -1 65 0.4802207946777344 3
3 -1 1 616.0 498.87 -1 65 3.9603118896484375 3
3 -1 2 599.13 474.32000000000005 -6 65 4.693398714065552 3
3 -1 3 655.11 161.15 -1 65 0.008675098419189453 3
3 -1 4 617.85 505.00000000000006 -2 65 4.1110968589782715 3
3 -1 5 580.89 442.48 -1 65 4.348704099655151 3
random:3T:1500
0 -1 0 844.34 151.69 -1 89 0.6740002632141113 3
0 -1 1 734.81 465.17 -1 89 8.148818016052246 3
0 -1 2 719.93 483.80999999999995 -1 89 9.30447793006897 3
0 -1 3 761.27 162.85999999999999 -1 89 0.012809991836547852 3
0 -1 4 722.09 424.49999999999994 -1 89 8.374673843383789 3
0 -1 5 685.55 467.02 -1 89 9.379745960235596 3
1 -1 0 954.08 178.68 -1 53 0.4632711410522461 3
1 -1 1 737.07 291.99 -1 53 4.672232151031494 3
1 -1 2 703.46 314.84 -1 53 3.942824125289917 3
1 -1 3 914.98 304.05 -1 53 0.012192964553833008 3
1 -1 4 703.4 311.41999999999996 -1 53 4.579046249389648 3
1 -1 5 730.03 279.18000000000006 -1 53 5.009302139282227 3
2 -1 0 945.23 243.67999999999998 -1 65 0.5892601013183594 3
2 -1 1 837.21 679.0699999999998 -1 65 7.55808687210083 3
2 -1 2 835.66 676.7399999999999 -1 65 7.856595277786255 3
2 -1 3 838.61 210.98 -1 65 0.011574983596801758 3
2 -1 4 835.91 682.14 -2 65 7.251280784606934 3
2 -1 5 833.35 680.0200000000001 -2 65 8.057291030883789 3
3 -1 0 919.23 195.74 -1 65 0.5364129543304443 3
3 -1 1 771.4 612.92 -1 65 4.822372198104858 3
3 -1 2 760.94 611.5799999999999 -1 65 5.45380425453186 3
3 -1 3 818.95 203.14000000000001 -1 65 0.009383916854858398 3
3 -1 4 780.64 610.34 -1 65 5.139608144760132 3
3 -1 5 745.23 589.8499999999998 -1 65 5.509853839874268 3
random:4T:300
0 -1 0 132.25 39.79 -1 89 0.1544811725616455 4
0 -1 1 117.83 77.46999999999998 -2 89 0.9786949157714844 4
0 -1 2 117.84 76.35000000000001 -2 89 1.8803319931030273 4
0 -1 3 126.72 14.72 -1 89 0.005727052688598633 4
0 -1 4 117.83 77.46999999999998 -2 89 0.9362070560455322 4
0 -1 5 115.04 63.150000000000006 -1 89 1.4123828411102295 4
1 -1 0 128.16 69.16 -2 72 0.10644412040710449 4
1 -1 1 113.58 88.91 -1 72 0.46050119400024414 4
1 -1 2 112.93 88.47 -2 72 1.1153979301452637 4
1 -1 3 118.4 74.93 -1 72 0.00428318977355957 4
1 -1 4 113.58 88.91 -1 72 0.4630091190338135 4
1 -1 5 107.05 77.81 -2 72 0.929818868637085 4
2 -1 0 169.03 73.93 -1 44 0.06768488883972168 4
2 -1 1 140.65 58.28 -1 44 0.6175189018249512 4
2 -1 2 138.01 57.599999999999994 -1 44 0.6500592231750488 4
2 -1 3 160.36 58.42 -1 44 0.003239870071411133 4
2 -1 4 138.76 54.78 -1 44 0.607349157333374 4
2 -1 5 134.59 56.29999999999995 -3 44 0.7158908843994141 4
3 -1 0 156.13 83.86 -2 65 0.10580205917358398 4
3 -1 1 134.08 104.41 -6 65 0.3511040210723877 4
3 -1 2 128.49 94.73 -2 65 0.684546947479248 4
3 -1 3 144.77 81.05 -1 65 0.0038039684295654297 4
3 -1 4 134.08 104.41 -6 65 0.3522989749908447 4
3 -1 5 125.27 91.46000000000001 -1 65 0.696997880935669 4
random:4T:600
0 -1 0 306.68 63.540000000000006 -1 89 0.2715170383453369 4
0 -1 1 268.05 177.23000000000002 -1 89 3.701449155807495 4
0 -1 2 261.67 200.09 -3 89 4.602018117904663 4
0 -1 3 288.96 64.08 -1 89 0.008555889129638672 4
0 -1 4 265.17 177.23000000000002 -1 89 3.6167140007019043 4
0 -1 5 249.78 186.18 -9 89 4.159460067749023 4
1 -1 0 319.91 82.3 -1 72 0.2315502166748047 4
1 -1 1 287.69 238.66000000000003 -2 72 1.5101218223571777 4
1 -1 2 290.55 242.86 -6 72 2.337839126586914 4
1 -1 3 281.99 209.5 -1 72 0.00591588020324707 4
1 -1 4 287.69 238.66000000000003 -2 72 1.515923023223877 4
1 -1 5 279.17 230.60000000000002 -2 72 2.037287712097168 4
2 -1 0 385.13 148.1 -1 44 0.1471269130706787 4
2 -1 1 300.57 117.24000000000001 -1 44 1.1218769550323486 4
2 -1 2 293.4 130.30000000000007 -3 44 1.0890748500823975 4
2 -1 3 367.56 147.46 -1 44 0.005362987518310547 4
2 -1 4 292.49 124.9 -1 44 0.987523078918457 4
2 -1 5 297.7 110.12 -1 44 1.2869458198547363 4
3 -1 0 353.07 91.75 -1 65 0.2104811668395996 4
3 -1 1 309.61 247.02 -1 65 1.1990418434143066 4
3 -1 2 315.19 254.97 -1 65 1.8118669986724854 4
3 -1 3 311.16 232.14000000000001 -1 65 0.005282878875732422 4
3 -1 4 309.61 247.02 -1 65 1.1874377727508545 4
3 -1 5 289.26 231.55000000000004 -2 65 1.4434707164764404 4
random:4T:900
0 -1 0 488.79 57.169999999999995 -1 89 0.39441990852355957 4
0 -1 1 421.49 281.46000000000004 -1 89 5.778696060180664 4
0 -1 2 409.54 246.19 -1 89 6.238190174102783 4
0 -1 3 447.99 110.53 -1 89 0.009109020233154297 4
0 -1 4 412.07 310.43999999999994 -1 89 5.3415422439575195 4
0 -1 5 400.76 304.02 -6 89 6.118956089019775 4
1 -1 0 515.7 173.62 -1 72 0.3847501277923584 4
1 -1 1 462.89 388.43000000000006 -2 72 2.8844640254974365 4
1 -1 2 471.5 389.75000000000006 -1 72 3.753312110900879 4
1 -1 3 453.79 332.94 -1 72 0.0070040225982666016 4
1 -1 4 462.89 388.43000000000006 -2 72 2.8247299194335938 4
1 -1 5 452.85 380.77 -2 72 3.094622850418091 4
2 -1 0 598.16 267.72 -1 44 0.21471500396728516 4
2 -1 1 462.61 174.74 -1 44 1.8158903121948242 4
2 -1 2 447.28 192.56999999999994 -1 44 1.6640379428863525 4
2 -1 3 574.2 227.43 -1 44 0.007368326187133789 4
2 -1 4 447.35 191.35 -1 44 1.5765128135681152 4
2 -1 5 464.51 170.00000000000003 -1 44 1.8652029037475586 4
3 -1 0 545.09 215.75 -1 65 0.3060309886932373 4
3 -1 1 486.19 401.0 -6 65 2.1125848293304443 4
3 -1 2 485.15 400.40999999999997 -6 65 2.55934476852417 4
3 -1 3 485.2 348.82 -1 65 0.007367849349975586 4
3 -1 4 480.51 363.66999999999996 -1 65 2.0833547115325928 4
3 -1 5 455.95 346.08 -1 65 2.2672300338745117 4
random:4T:1200
0 -1 0 659.64 95.58 -1 89 0.5203671455383301 4
0 -1 1 572.47 392.13 -1 89 7.178873062133789 4
0 -1 2 566.8 383.12 -1 89 8.010242938995361 4
0 -1 3 598.17 113.74000000000001 -1 89 0.011027812957763672 4
0 -1 4 575.78 434.54999999999995 -1 89 7.29850435256958 4
0 -1 5 545.46 374.77000000000004 -1 89 7.553318977355957 4
1 -1 0 709.28 225.41 -1 72 0.47969484329223633 4
1 -1 1 636.22 533.1700000000001 -2 72 3.9937937259674072 4
1 -1 2 636.31 532.62 -2 72 4.65974497795105 4
1 -1 3 609.68 445.98 -1 72 0.008285999298095703 4
1 -1 4 636.22 533.1700000000001 -2 72 4.087010145187378 4
1 -1 5 627.56 528.2300000000002 -2 72 4.09239387512207 4
2 -1 0 812.5 335.73 -1 44 0.2832310199737549 4
2 -1 1 626.84 242.17 -1 44 2.3643147945404053 4
2 -1 2 604.81 272.80000000000007 -3 44 1.9938321113586426 4
2 -1 3 776.65 301.14000000000004 -1 44 0.00898885726928711 4
2 -1 4 604.45 268.1799999999999 -1 44 1.8406727313995361 4
2 -1 5 629.98 228.41999999999996 -1 44 2.3855948448181152 4
3 -1 0 730.52 323.90999999999997 -1 65 0.40282702445983887 4
3 -1 1 655.83 525.6 -1 65 2.8995048999786377 4
3 -1 2 655.63 522.98 -1 65 3.410015106201172 4
3 -1 3 660.39 501.77 -1 65 0.008337020874023438 4
3 -1 4 654.45 519.83 -1 65 2.966120958328247 4
3 -1 5 618.62 473.3 -1 65 2.9357078075408936 4
random:4T:1500
0 -1 0 842.72 122.68 -1 89 0.6513340473175049 4
0 -1 1 720.46 487.69 -1 89 8.764400005340576 4
0 -1 2 712.19 473.59000000000003 -1 89 9.828307867050171 4
0 -1 3 761.27 163.09 -1 89 0.01260995864868164 4
0 -1 4 725.86 564.49 -1 89 8.485311031341553 4
0 -1 5 696.48 461.72999999999996 -1 89 8.796097040176392 4
1 -1 0 901.85 389.99 -1 72 0.6039669513702393 4
1 -1 1 811.66 679.1199999999999 -2 72 6.028320074081421 4
1 -1 2 809.34 677.0600000000001 -2 72 6.059916973114014 4
1 -1 3 764.59 594.8199999999999 -1 72 0.010591983795166016 4
1 -1 4 810.49 678.46 -2 72 5.625531911849976 4
1 -1 5 802.98 676.7099999999999 -2 72 5.522160053253174 4
2 -1 0 1020.07 375.84000000000003 -1 44 0.3666088581085205 4
2 -1 1 792.11 315.03 -1 44 3.1290910243988037 4
2 -1 2 760.3 334.3999999999999 -1 44 3.0218188762664795 4
2 -1 3 980.38 394.26000000000005 -1 44 0.011087179183959961 4
2 -1 4 760.96 324.59999999999985 -1 44 2.516695261001587 4
2 -1 5 795.51 302.13000000000005 -1 44 3.0309560298919678 4
3 -1 0 919.93 437.20000000000005 -1 65 0.5251879692077637 4
3 -1 1 826.81 649.18 -1 65 3.7332301139831543 4
3 -1 2 833.54 687.7099999999999 -1 65 4.272384166717529 4
3 -1 3 825.3 616.1700000000001 -1 65 0.009482145309448242 4
3 -1 4 822.42 624.9100000000001 -1 65 3.836843967437744 4
3 -1 5 790.12 608.86 -1 65 4.055417060852051 4
random:5T:300
0 -1 0 148.94 55.459999999999994 -1 51 0.08427214622497559 5
0 -1 1 131.84 94.53999999999999 -2 51 0.31067800521850586 5
0 -1 2 129.86 90.9 -2 51 0.4660360813140869 5
0 -1 3 150.99 47.97 -1 51 0.003387928009033203 5
0 -1 4 129.86 90.9 -2 51 0.2838096618652344 5
0 -1 5 125.72 87.30000000000001 -1 51 0.46050095558166504 5
1 -1 0 158.59 82.97 -1 49 0.08587074279785156 5
1 -1 1 133.8 104.18 -2 49 0.18620538711547852 5
1 -1 2 139.24 104.97000000000001 -2 49 0.4139831066131592 5
1 -1 3 161.44 125.36000000000001 -1 49 0.003834962844848633 5
1 -1 4 133.8 104.18 -2 49 0.18553590774536133 5
1 -1 5 125.12 94.65 -2 49 0.30138492584228516 5
2 -1 0 144.3 26.740000000000002 -1 65 0.10612320899963379 5
2 -1 1 132.82 87.55 -4 65 0.4286961555480957 5
2 -1 2 131.12 50.61000000000001 -1 65 0.8942451477050781 5
2 -1 3 146.47 57.64 -1 65 0.004024028778076172 5
2 -1 4 127.02 87.7 -1 65 0.37723398208618164 5
2 -1 5 126.46 76.60000000000001 -2 65 0.6928141117095947 5
3 -1 0 122.69 23.689999999999998 -2 77 0.11151003837585449 5
3 -1 1 113.03 29.760000000000005 -2 77 0.47060084342956543 5
3 -1 2 109.46 29.5 -2 77 0.7554652690887451 5
3 -1 3 115.11 14.28 -2 77 0.0045130252838134766 5
3 -1 4 112.47 29.490000000000002 -2 77 0.42407917976379395 5
3 -1 5 100.12 21.070000000000007 -2 77 0.6855080127716064 5
random:5T:600
0 -1 0 349.43 94.67999999999999 -1 51 0.16629505157470703 5
0 -1 1 314.79 241.4 -1 51 0.8736162185668945 5
0 -1 2 310.89 239.04 -4 51 1.0178370475769043 5
0 -1 3 350.37 107.84 -1 51 0.005054950714111328 5
0 -1 4 309.39 237.98999999999998 -3 51 0.8490278720855713 5
0 -1 5 291.64 205.86999999999998 -1 51 0.948436975479126 5
1 -1 0 356.12 201.95 -1 49 0.14381814002990723 5
1 -1 1 316.31 221.33999999999997 -1 49 0.8429586887359619 5
1 -1 2 323.23 255.14 -2 49 0.8608269691467285 5
1 -1 3 366.87 285.81000000000006 -1 49 0.004871368408203125 5
1 -1 4 319.74 251.39000000000001 -2 49 0.5811581611633301 5
1 -1 5 307.32 216.97 -1 49 0.761528730392456 5
2 -1 0 336.26 104.96000000000002 -1 65 0.22077417373657227 5
2 -1 1 288.87 178.68 -1 65 1.1323769092559814 5
2 -1 2 253.51 124.67000000000007 -1 65 2.0871689319610596 5
2 -1 3 333.32 116.39000000000001 -1 65 0.006232023239135742 5
2 -1 4 298.18 218.4 -1 65 1.3590037822723389 5
2 -1 5 281.92 189.73 -1 65 1.537041187286377 5
3 -1 0 311.8 43.19 -1 77 0.25188612937927246 5
3 -1 1 254.49 91.07 -1 77 1.4438848495483398 5
3 -1 2 246.81 86.56 -1 77 1.8399169445037842 5
3 -1 3 274.82 63.09 -1 77 0.0060558319091796875 5
3 -1 4 252.4 86.78 -1 77 1.4868619441986084 5
3 -1 5 242.09 80.03999999999999 -1 77 1.5954420566558838 5
random:5T:900
0 -1 0 548.79 109.3 -1 51 0.24831414222717285 5
0 -1 1 473.78 331.70000000000005 -1 51 1.34562087059021 5
0 -1 2 477.34 356.45000000000005 -4 51 1.5172560214996338 5
0 -1 3 547.62 160.57 -1 51 0.007397174835205078 5
0 -1 4 485.22 363.3399999999999 -1 51 1.4081289768218994 5
0 -1 5 463.17 340.23 -1 51 1.559678316116333 5
1 -1 0 556.87 361.74000000000007 -1 49 0.23278403282165527 5
1 -1 1 491.8 331.26 -1 49 1.084679126739502 5
1 -1 2 501.34 400.90000000000003 -2 49 1.3636043071746826 5
1 -1 3 569.57 452.11 -1 49 0.008304834365844727 5
1 -1 4 497.53 396.44 -2 49 1.1370491981506348 5
1 -1 5 487.94 358.90999999999997 -1 49 1.1516542434692383 5
2 -1 0 531.56 151.3 -1 65 0.36888575553894043 5
2 -1 1 461.08 315.94999999999993 -1 65 2.243269205093384 5
2 -1 2 409.34 235.93 -2 65 2.9765498638153076 5
2 -1 3 520.52 173.78000000000003 -1 65 0.008059978485107422 5
2 -1 4 464.47 335.5199999999999 -1 65 2.35839581489563 5
2 -1 5 445.0 300.22 -1 65 2.2780370712280273 5
3 -1 0 494.81 98.13000000000001 -1 77 0.37168169021606445 5
3 -1 1 398.01 141.17 -1 77 2.3951449394226074 5
3 -1 2 387.11 134.24999999999997 -1 77 2.6224610805511475 5
3 -1 3 440.86 111.86 -1 77 0.007351875305175781 5
3 -1 4 398.78 141.24999999999997 -1 77 2.2982521057128906 5
3 -1 5 380.56 129.42 -1 77 2.473587989807129 5
random:5T:1200
0 -1 0 751.86 189.48000000000002 -1 51 0.3243889808654785 5
0 -1 1 677.33 489.96 -1 51 1.9154891967773438 5
0 -1 2 662.95 464.34000000000003 -1 51 2.016407012939453 5
0 -1 3 747.28 210.78000000000003 -1 51 0.00903010368347168 5
0 -1 4 662.03 469.86 -1 51 1.8247361183166504 5
0 -1 5 644.98 485.24999999999994 -1 51 1.915555715560913 5
1 -1 0 765.66 511.37 -1 49 0.30124592781066895 5
1 -1 1 680.53 495.37 -1 49 1.6730961799621582 5
1 -1 2 671.08 541.2 -1 49 2.168109178543091 5
1 -1 3 775.03 636.1399999999999 -1 49 0.008483171463012695 5
1 -1 4 681.95 524.28 -1 49 1.8117897510528564 5
1 -1 5 669.66 509.57 -1 49 1.4728021621704102 5
2 -1 0 716.77 158.25 -1 65 0.4125368595123291 5
2 -1 1 627.42 420.12 -1 65 2.8967580795288086 5
2 -1 2 552.45 293.2300000000001 -1 65 4.1407470703125 5
2 -1 3 708.04 229.20000000000005 -1 65 0.00987386703491211 5
2 -1 4 622.79 445.5400000000001 -1 65 3.23439884185791 5
2 -1 5 598.57 408.15 -1 65 2.8559701442718506 5
3 -1 0 681.31 97.77 -1 77 0.5249249935150146 5
3 -1 1 526.99 188.42000000000002 -1 77 3.445244073867798 5
3 -1 2 537.18 191.29 -1 77 3.8292911052703857 5
3 -1 3 611.36 158.89 -1 77 0.010119915008544922 5
3 -1 4 537.15 192.48999999999998 -1 77 3.369692325592041 5
3 -1 5 523.0 205.52000000000007 -2 77 3.6461832523345947 5
random:5T:1500
0 -1 0 946.6 271.58000000000004 -1 51 0.42303991317749023 5
0 -1 1 831.55 585.35 -1 51 2.3222169876098633 5
0 -1 2 834.41 611.64 -1 51 2.5062661170959473 5
0 -1 3 951.36 281.13 -1 51 0.016040802001953125 5
0 -1 4 837.58 592.13 -1 51 2.3182170391082764 5
0 -1 5 802.09 535.33 -1 51 2.298715829849243 5
1 -1 0 973.43 664.11 -1 49 0.41315603256225586 5
1 -1 1 856.84 654.13 -1 49 2.4483470916748047 5
1 -1 2 859.26 662.03 -1 49 2.7770609855651855 5
1 -1 3 982.99 803.8199999999999 -1 49 0.010552644729614258 5
1 -1 4 853.54 647.3399999999999 -1 49 1.7193939685821533 5
1 -1 5 855.07 684.2900000000001 -1 49 1.8678979873657227 5
2 -1 0 917.49 211.70000000000002 -1 65 0.5189089775085449 5
2 -1 1 812.85 573.0299999999999 -1 65 3.7029471397399902 5
2 -1 2 676.11 361.0000000000002 -1 65 5.1937925815582275 5
2 -1 3 895.74 281.78000000000003 -1 65 0.011681079864501953 5
2 -1 4 794.91 555.09 -1 65 3.8547022342681885 5
2 -1 5 770.18 522.87 -1 65 3.7674949169158936 5
3 -1 0 868.16 148.04 -1 77 0.6561369895935059 5
3 -1 1 668.19 199.25 -1 77 4.486856937408447 5
3 -1 2 672.77 252.10999999999993 -1 77 4.881112098693848 5
3 -1 3 779.83 199.99 -1 77 0.010894298553466797 5
3 -1 4 671.13 199.25 -1 77 4.562911033630371 5
3 -1 5 659.43 246.24 -1 77 4.7365570068359375 5
random:6T:300
0 -1 0 120.9 40.41 -1 69 0.10171222686767578 6
0 -1 1 115.69 61.95999999999999 -2 69 0.33357906341552734 6
0 -1 2 111.52 57.03 -1 69 0.7259819507598877 6
0 -1 3 112.58 14.7 -1 69 0.0038459300994873047 6
0 -1 4 115.71 62.19 -1 69 0.4495370388031006 6
0 -1 5 94.37 19.35 -1 69 0.42548084259033203 6
1 -1 0 126.8 37.15 -1 57 0.07849669456481934 6
1 -1 1 118.11 88.50999999999999 -1 57 0.4223289489746094 6
1 -1 2 115.12 83.77000000000001 -1 57 0.6031498908996582 6
1 -1 3 129.45 43.59 -1 57 0.0034499168395996094 6
1 -1 4 118.11 88.50999999999999 -1 57 0.42328381538391113 6
1 -1 5 103.48 55.96 -2 57 0.4064009189605713 6
2 -1 0 167.9 112.2 -1 56 0.10474181175231934 6
2 -1 1 150.19 118.18 -2 56 0.47078776359558105 6
2 -1 2 150.19 118.18 -2 56 0.6947681903839111 6
2 -1 3 168.35 132.26 -1 56 0.003854990005493164 6
2 -1 4 150.19 118.18 -2 56 0.46911096572875977 6
2 -1 5 150.19 118.18 -2 56 0.6936728954315186 6
3 -1 0 156.34 66.19 -1 58 0.11256814002990723 6
3 -1 1 140.88 93.52000000000001 -1 58 0.3874177932739258 6
3 -1 2 138.21 80.53 -1 58 1.4172840118408203 6
3 -1 3 156.0 44.56 -1 58 0.004055023193359375 6
3 -1 4 137.66 81.64999999999999 -1 58 1.1439030170440674 6
3 -1 5 139.57 89.41 -2 58 0.6769669055938721 6
random:6T:600
0 -1 0 300.95 115.95 -1 69 0.21542716026306152 6
0 -1 1 279.57 173.72 -1 69 1.0434279441833496 6
0 -1 2 256.1 144.97 -3 69 2.511019706726074 6
0 -1 3 287.57 64.08 -1 69 0.006168842315673828 6
0 -1 4 265.71 165.05 -1 69 2.1983211040496826 6
0 -1 5 242.65 118.53 -1 69 1.0695750713348389 6
1 -1 0 321.57 115.99 -1 57 0.1785871982574463 6
1 -1 1 281.75 176.5 -1 57 1.317701816558838 6
1 -1 2 279.62 214.47000000000003 -1 57 1.673825979232788 6
1 -1 3 304.04 79.08000000000001 -1 57 0.00510096549987793 6
1 -1 4 283.12 176.5 -1 57 1.5544912815093994 6
1 -1 5 249.57 169.82999999999998 -1 57 1.2651188373565674 6
2 -1 0 370.07 234.79000000000002 -1 56 0.18041491508483887 6
2 -1 1 335.58 264.71999999999997 -2 56 1.1696581840515137 6
2 -1 2 335.58 264.71999999999997 -2 56 1.3901729583740234 6
2 -1 3 369.05 291.78 -1 56 0.005630016326904297 6
2 -1 4 335.58 264.71999999999997 -2 56 1.1686451435089111 6
2 -1 5 335.58 264.71999999999997 -2 56 1.3679258823394775 6
3 -1 0 358.78 147.01 -1 58 0.21474695205688477 6
3 -1 1 314.46 227.3000000000001 -2 58 1.116379737854004 6
3 -1 2 258.65 131.8500000000002 -1 58 4.060863971710205 6
3 -1 3 354.06 102.79 -1 58 0.006150960922241211 6
3 -1 4 253.62 130.73000000000002 -2 58 3.672271728515625 6
3 -1 5 318.98 223.61 -1 58 1.3688089847564697 6
random:6T:900
0 -1 0 491.67 129.79000000000002 -1 69 0.3085601329803467 6
0 -1 1 422.39 194.29999999999998 -1 69 1.5549571514129639 6
0 -1 2 420.21 254.75000000000006 -1 69 3.454031229019165 6
0 -1 3 463.53 113.45 -1 69 0.007354736328125 6
0 -1 4 425.79 194.29999999999998 -1 69 2.8087968826293945 6
0 -1 5 393.72 192.37 -1 69 1.6663331985473633 6
1 -1 0 518.74 169.65 -1 57 0.26062989234924316 6
1 -1 1 443.42 300.28000000000003 -1 57 1.9125828742980957 6
1 -1 2 441.92 347.7 -1 57 2.35839581489563 6
1 -1 3 483.97 140.34 -1 57 0.0060079097747802734 6
1 -1 4 443.17 302.77 -1 57 2.0091590881347656 6
1 -1 5 408.6 259.25 -1 57 1.8550012111663818 6
2 -1 0 568.43 377.33 -1 56 0.2756500244140625 6
2 -1 1 514.43 410.02 -1 56 1.8405110836029053 6
2 -1 2 514.43 410.02 -1 56 2.0337588787078857 6
2 -1 3 568.0 459.75 -1 56 0.0072901248931884766 6
2 -1 4 514.43 410.02 -1 56 1.8124799728393555 6
2 -1 5 514.43 410.02 -1 56 2.0321531295776367 6
3 -1 0 557.48 212.56 -1 58 0.3045780658721924 6
3 -1 1 488.15 351.77 -1 58 1.6874759197235107 6
3 -1 2 432.14 195.54 -1 58 4.983025312423706 6
3 -1 3 550.87 157.35 -1 58 0.00799417495727539 6
3 -1 4 427.17 262.41000000000025 -1 58 4.604510307312012 6
3 -1 5 494.43 350.26 -1 58 2.01731276512146 6
random:6T:1200
0 -1 0 674.0 207.53 -1 69 0.4365389347076416 6
0 -1 1 578.43 309.84 -1 69 2.4232401847839355 6
0 -1 2 590.72 366.62 -1 69 4.139993906021118 6
0 -1 3 639.62 162.81 -1 69 0.009540796279907227 6
0 -1 4 586.8 344.49 -1 69 3.738617181777954 6
0 -1 5 511.02 241.17999999999998 -1 69 3.160811185836792 6
1 -1 0 711.25 239.77 -1 57 0.36846065521240234 6
1 -1 1 588.99 390.77 -1 57 2.3870651721954346 6
1 -1 2 606.38 472.2799999999999 -2 57 3.0618231296539307 6
1 -1 3 669.36 198.51000000000002 -1 57 0.007711172103881836 6
1 -1 4 615.82 422.03000000000003 -1 57 2.760232925415039 6
1 -1 5 564.37 374.18000000000006 -1 57 2.455378770828247 6
2 -1 0 783.02 507.84000000000003 -1 56 0.3818991184234619 6
2 -1 1 695.84 557.1899999999999 -2 56 3.063884973526001 6
2 -1 2 695.84 557.1899999999999 -2 56 3.328687906265259 6
2 -1 3 769.28 636.24 -1 56 0.009382247924804688 6
2 -1 4 695.84 557.1899999999999 -2 56 3.0236260890960693 6
2 -1 5 695.84 557.1899999999999 -2 56 3.242063045501709 6
3 -1 0 754.2 250.03000000000006 -1 58 0.41933107376098633 6
3 -1 1 655.69 470.95 -2 58 2.3584671020507812 6
3 -1 2 598.25 344.56 -1 58 5.996032953262329 6
3 -1 3 746.84 209.76000000000002 -1 58 0.010526895523071289 6
3 -1 4 597.04 388.1900000000002 -1 58 5.532227039337158 6
3 -1 5 645.35 422.79 -1 58 3.9123289585113525 6
random:6T:1500
0 -1 0 854.43 216.8 -1 69 0.5154659748077393 6
0 -1 1 761.86 439.30999999999995 -1 69 3.825791835784912 6
0 -1 2 728.37 414.28 -1 69 4.495552062988281 6
0 -1 3 816.09 212.09 -1 69 0.011363029479980469 6
0 -1 4 754.22 451.39 -1 69 4.230484962463379 6
0 -1 5 657.64 346.58 -1 69 3.779294013977051 6
1 -1 0 912.88 264.15999999999997 -1 57 0.45668816566467285 6
1 -1 1 755.39 542.86 -1 57 2.8997418880462646 6
1 -1 2 785.28 616.4699999999999 -2 57 3.5942580699920654 6
1 -1 3 851.14 251.85000000000002 -1 57 0.008669853210449219 6
1 -1 4 784.09 571.02 -1 57 3.2415659427642822 6
1 -1 5 721.73 500.82000000000005 -1 57 2.9097769260406494 6
2 -1 0 981.74 679.8899999999999 -1 56 0.44507575035095215 6
2 -1 1 876.14 703.38 -1 56 3.745936870574951 6
2 -1 2 875.95 703.38 -1 56 3.885206699371338 6
2 -1 3 972.61 801.73 -1 56 0.010820150375366211 6
2 -1 4 876.14 703.38 -1 56 3.6435577869415283 6
2 -1 5 875.95 703.38 -1 56 3.82159423828125 6
3 -1 0 953.61 345.25 -1 58 0.5279219150543213 6
3 -1 1 843.51 576.21 -1 58 3.0192301273345947 6
3 -1 2 780.29 487.03000000000003 -1 58 6.520448923110962 6
3 -1 3 941.75 260.0 -1 58 0.012376070022583008 6
3 -1 4 758.67 441.0 -1 58 6.130886793136597 6
3 -1 5 843.08 563.61 -1 58 3.7148799896240234 6
random:7T:300
0 -1 0 130.23 14.61 -1 126 0.20612287521362305 7
0 -1 1 118.19 40.72 -2 126 1.616487979888916 7
0 -1 2 113.58 38.379999999999995 -2 126 1.8808131217956543 7
0 -1 3 127.02 48.1 -1 126 0.006893157958984375 7
0 -1 4 116.78 39.800000000000004 -2 126 1.5132019519805908 7
0 -1 5 109.05 34.79 -3 126 1.8209359645843506 7
1 -1 0 139.78 53.709999999999994 -1 107 0.17348217964172363 7
1 -1 1 123.48 90.5 -2 107 0.6219377517700195 7
1 -1 2 124.13 87.42 -2 107 1.9164910316467285 7
1 -1 3 131.86 22.92 -1 107 0.006193876266479492 7
1 -1 4 123.48 90.5 -2 107 0.6194937229156494 7
1 -1 5 116.34 61.06999999999999 -2 107 1.4373607635498047 7
2 -1 0 136.94 14.45 -1 134 0.22009778022766113 7
2 -1 1 121.4 71.06 -1 134 0.9109148979187012 7
2 -1 2 121.4 71.06 -1 134 2.5033130645751953 7
2 -1 3 126.39 14.79 -1 134 0.0081329345703125 7
2 -1 4 121.4 71.06 -1 134 0.9100558757781982 7
2 -1 5 119.34 50.65 -1 134 2.473876953125 7
3 -1 0 130.51 31.7 -1 116 0.18178701400756836 7
3 -1 1 115.02 82.83999999999999 -2 116 3.413681983947754 7
3 -1 2 114.18 84.59 -1 116 3.4670650959014893 7
3 -1 3 121.78 50.46 -1 116 0.007170200347900391 7
3 -1 4 115.02 82.83999999999999 -2 116 3.4614500999450684 7
3 -1 5 108.35 76.36 -1 116 3.1183810234069824 7
random:7T:600
0 -1 0 304.12 56.42 -1 126 0.4031057357788086 7
0 -1 1 242.71 109.07999999999998 -2 126 3.9946157932281494 7
0 -1 2 243.48 103.64999999999999 -2 126 4.480580806732178 7
0 -1 3 283.94 62.7 -1 126 0.00966501235961914 7
0 -1 4 239.89 101.58 -2 126 3.8448047637939453 7
0 -1 5 238.34 99.43 -1 126 4.3688671588897705 7
1 -1 0 321.28 83.94 -1 107 0.33808159828186035 7
1 -1 1 288.37 217.04999999999998 -2 107 3.5671799182891846 7
1 -1 2 287.44 219.54999999999998 -6 107 5.1766722202301025 7
1 -1 3 305.06 64.13 -1 107 0.008948087692260742 7
1 -1 4 289.01 179.86 -1 107 3.6679279804229736 7
1 -1 5 266.37 190.6 -3 107 4.449991941452026 7
2 -1 0 309.79 42.42 -1 134 0.44968605041503906 7
2 -1 1 249.83 179.27000000000007 -6 134 3.22951602935791 7
2 -1 2 249.83 179.27000000000007 -6 134 4.833699941635132 7
2 -1 3 287.97 52.28 -1 134 0.010814189910888672 7
2 -1 4 249.83 179.27000000000007 -6 134 3.242975950241089 7
2 -1 5 243.61 150.13 -1 134 4.479438781738281 7
3 -1 0 319.25 75.49 -1 116 0.3932640552520752 7
3 -1 1 289.75 221.88 -1 116 6.809596061706543 7
3 -1 2 290.46 230.70000000000002 -2 116 7.964614152908325 7
3 -1 3 290.36 74.83000000000001 -1 116 0.0092010498046875 7
3 -1 4 289.75 221.88 -1 116 7.147785902023315 7
3 -1 5 282.31 219.9 -1 116 8.52224588394165 7
random:7T:900
0 -1 0 484.29 103.18 -1 126 0.6283679008483887 7
0 -1 1 381.78 156.08000000000004 -1 126 5.948063135147095 7
0 -1 2 385.12 154.88999999999996 -1 126 6.967187881469727 7
0 -1 3 446.59 110.64 -1 126 0.012900114059448242 7
0 -1 4 373.58 154.36000000000004 -2 126 6.178928852081299 7
0 -1 5 374.74 146.39000000000001 -2 126 6.2889111042022705 7
1 -1 0 515.12 101.12 -1 107 0.526677131652832 7
1 -1 1 448.13 343.85 -1 107 5.425765037536621 7
1 -1 2 454.34 355.7 -3 107 7.301184892654419 7
1 -1 3 482.58 112.24000000000001 -1 107 0.010914087295532227 7
1 -1 4 456.7 341.71999999999997 -1 107 5.7220330238342285 7
1 -1 5 425.89 300.79999999999995 -1 107 6.105292081832886 7
2 -1 0 484.67 55.779999999999994 -1 134 0.6650969982147217 7
2 -1 1 388.53 240.85000000000002 -1 134 5.2746241092681885 7
2 -1 2 396.73 280.55 -1 134 7.3854289054870605 7
2 -1 3 438.18 64.33 -1 134 0.01221776008605957 7
2 -1 4 396.73 280.55 -1 134 5.807104110717773 7
2 -1 5 381.45 239.93 -1 134 6.177612066268921 7
3 -1 0 508.15 118.85 -1 116 0.6265528202056885 7
3 -1 1 463.81 372.68 -1 116 9.509736061096191 7
3 -1 2 468.21 370.37 -1 116 10.34352993965149 7
3 -1 3 461.06 101.74000000000001 -1 116 0.010643959045410156 7
3 -1 4 463.81 372.68 -1 116 9.407871961593628 7
3 -1 5 457.52 366.47 -2 116 9.999412059783936 7
random:7T:1200
0 -1 0 663.37 132.56000000000003 -1 126 0.792212963104248 7
0 -1 1 512.36 226.04000000000002 -2 126 8.34410810470581 7
0 -1 2 514.87 211.27999999999994 -1 126 9.162636041641235 7
0 -1 3 611.43 158.98 -1 126 0.0147247314453125 7
0 -1 4 508.69 207.54 -1 126 8.944645881652832 7
0 -1 5 511.07 219.82000000000005 -1 126 9.121289014816284 7
1 -1 0 709.11 156.28 -1 107 0.7027108669281006 7
1 -1 1 619.1 470.25999999999993 -1 107 7.890689134597778 7
1 -1 2 620.64 490.6699999999999 -1 107 9.167388200759888 7
1 -1 3 652.37 140.63 -1 107 0.012820005416870117 7
1 -1 4 633.15 467.75 -1 107 8.234800100326538 7
1 -1 5 594.3 448.8299999999999 -6 107 8.381301879882812 7
2 -1 0 675.65 79.13000000000001 -1 134 0.8664138317108154 7
2 -1 1 516.94 339.72999999999996 -1 134 7.119369029998779 7
2 -1 2 541.06 400.96 -1 134 9.448457956314087 7
2 -1 3 599.42 101.78999999999999 -1 134 0.014514923095703125 7
2 -1 4 541.06 400.96 -1 134 7.7234649658203125 7
2 -1 5 518.72 334.71 -1 134 7.949603080749512 7
3 -1 0 721.7 138.29 -1 116 0.7690231800079346 7
3 -1 1 642.08 513.9899999999999 -1 116 11.528370141983032 7
3 -1 2 644.77 512.92 -1 116 13.380207777023315 7
3 -1 3 624.15 150.37 -1 116 0.012966156005859375 7
3 -1 4 639.65 514.83 -1 116 12.282770872116089 7
3 -1 5 633.6 506.94 -1 116 12.968338251113892 7
random:7T:1500
0 -1 0 838.9 154.60000000000002 -1 126 1.0366311073303223 7
0 -1 1 651.43 276.9400000000001 -3 126 9.944674730300903 7
0 -1 2 647.64 273.74999999999994 -2 126 11.716522932052612 7
0 -1 3 770.77 206.32999999999998 -1 126 0.017880916595458984 7
0 -1 4 636.8 272.59000000000003 -1 126 10.582805871963501 7
0 -1 5 647.56 261.0 -2 126 10.59879183769226 7
1 -1 0 888.27 170.70999999999998 -1 107 0.8188307285308838 7
1 -1 1 802.98 632.98 -1 107 10.164602994918823 7
1 -1 2 800.13 636.81 -1 107 11.512030839920044 7
1 -1 3 827.91 163.17 -1 107 0.015514850616455078 7
1 -1 4 807.6 616.01 -1 107 10.464236974716187 7
1 -1 5 754.0 569.6700000000001 -1 107 9.679427146911621 7
2 -1 0 855.61 123.78 -1 134 1.109971046447754 7
2 -1 1 649.78 429.31999999999994 -1 134 9.026116132736206 7
2 -1 2 685.66 492.80999999999995 -1 134 11.519181966781616 7
2 -1 3 753.89 135.57999999999998 -1 134 0.016376733779907227 7
2 -1 4 682.18 488.22999999999996 -1 134 9.652088165283203 7
2 -1 5 656.88 432.4 -1 134 10.297530174255371 7
3 -1 0 927.06 173.75 -1 116 0.989149808883667 7
3 -1 1 817.8 659.7400000000002 -1 116 14.62894582748413 7
3 -1 2 820.0 665.2099999999999 -1 116 14.422043085098267 7
3 -1 3 792.55 187.39 -1 116 0.016260862350463867 7
3 -1 4 817.75 661.1400000000001 -2 116 13.54594612121582 7
3 -1 5 810.28 657.0699999999999 -2 116 15.071051120758057 7
random:8T:300
0 -1 0 176.67 60.019999999999996 -1 49 0.1034390926361084 8
0 -1 1 161.95 122.53 -2 49 0.4709339141845703 8
0 -1 2 160.44 108.68 -1 49 0.6404898166656494 8
0 -1 3 171.92 55.93 -1 49 0.004168033599853516 8
0 -1 4 160.44 108.68 -1 49 0.4881248474121094 8
0 -1 5 156.63 116.41000000000001 -1 49 0.5698702335357666 8
1 -1 0 138.76 70.07 -1 56 0.086273193359375 8
1 -1 1 124.97 100.01 -1 56 0.3108479976654053 8
1 -1 2 120.63 93.39 -6 56 0.7301719188690186 8
1 -1 3 134.03 80.19 -3 56 0.0037932395935058594 8
1 -1 4 120.63 93.39 -6 56 0.45328593254089355 8
1 -1 5 114.38 86.23 -3 56 0.48566603660583496 8
2 -1 0 112.48 33.75 -1 81 0.11352920532226562 8
2 -1 1 104.21 66.62 -1 81 0.8391602039337158 8
2 -1 2 104.21 66.62 -1 81 1.7374660968780518 8
2 -1 3 111.12 84.98 -3 81 0.004734992980957031 8
2 -1 4 104.21 66.62 -1 81 0.817774772644043 8
2 -1 5 91.64 0 -2 81 0.8015031814575195 8
3 -1 0 149.21 33.69 -1 85 0.14895415306091309 8
3 -1 1 134.55 53.589999999999954 -3 85 2.148205041885376 8
3 -1 2 135.38 51.21999999999995 -3 85 2.088082790374756 8
3 -1 3 144.28 51.98 -1 85 0.004988193511962891 8
3 -1 4 135.38 51.21999999999995 -3 85 1.410649061203003 8
3 -1 5 119.38 35.080000000000005 -3 85 1.6562628746032715 8
random:8T:600
0 -1 0 390.59 119.52000000000001 -1 49 0.1886751651763916 8
0 -1 1 348.14 271.28999999999996 -1 49 1.0015068054199219 8
0 -1 2 350.82 270.96 -2 49 1.240689992904663 8
0 -1 3 375.95 130.09 -1 49 0.0057830810546875 8
0 -1 4 350.82 270.96 -2 49 1.098710060119629 8
0 -1 5 341.27 251.92 -1 49 1.1885120868682861 8
1 -1 0 340.63 221.7 -1 56 0.17145180702209473 8
1 -1 1 306.12 242.98 -1 56 0.9257521629333496 8
1 -1 2 304.98 248.05999999999997 -1 56 2.0878891944885254 8
1 -1 3 314.53 236.14999999999998 -1 56 0.005380868911743164 8
1 -1 4 304.98 248.05999999999997 -1 56 1.8559880256652832 8
1 -1 5 292.45 206.8 -1 56 1.0524098873138428 8
2 -1 0 285.22 152.85000000000002 -1 81 0.2430269718170166 8
2 -1 1 256.91 203.58 -1 81 1.5415799617767334 8
2 -1 2 253.36 202.74 -3 81 2.547534942626953 8
2 -1 3 276.23 182.01000000000002 -1 81 0.006474971771240234 8
2 -1 4 254.57 170.99 -1 81 1.517820119857788 8
2 -1 5 213.42 140.08000000000004 -6 81 1.7677950859069824 8
3 -1 0 334.01 65.72000000000001 -1 85 0.2967681884765625 8
3 -1 1 257.79 123.92 -1 85 5.189893007278442 8
3 -1 2 258.93 127.34000000000007 -3 85 5.172000169754028 8
3 -1 3 292.16 63.45 -1 85 0.006944894790649414 8
3 -1 4 258.93 127.34000000000007 -3 85 4.598968744277954 8
3 -1 5 246.49 109.4 -1 85 5.498728275299072 8
random:8T:900
0 -1 0 597.65 146.42999999999998 -1 49 0.2829270362854004 8
0 -1 1 535.39 414.72 -1 49 1.8062567710876465 8
0 -1 2 536.21 395.99 -1 49 2.2516679763793945 8
0 -1 3 583.67 200.42000000000002 -1 49 0.008326292037963867 8
0 -1 4 536.21 395.99 -1 49 2.1642379760742188 8
0 -1 5 531.68 401.84 -1 49 2.1347649097442627 8
1 -1 0 537.92 331.43 -1 56 0.27297401428222656 8
1 -1 1 486.95 393.83000000000004 -2 56 1.7291290760040283 8
1 -1 2 483.6 360.19000000000005 -1 56 2.813063859939575 8
1 -1 3 495.84 388.53999999999996 -1 56 0.0069980621337890625 8
1 -1 4 483.6 360.19000000000005 -1 56 2.5469770431518555 8
1 -1 5 470.53 357.19 -1 56 1.7965171337127686 8
2 -1 0 467.37 188.82 -1 81 0.3741776943206787 8
2 -1 1 404.51 314.88 -1 81 2.6258158683776855 8
2 -1 2 399.89 239.37000000000003 -1 81 3.5848259925842285 8
2 -1 3 431.67 299.36 -1 81 0.007994890213012695 8
2 -1 4 406.19 250.30999999999995 -1 81 2.8137662410736084 8
2 -1 5 341.26 212.84000000000003 -1 81 2.521286725997925 8
3 -1 0 511.09 57.62 -1 85 0.4143807888031006 8
3 -1 1 400.58 180.45999999999998 -1 85 7.978273868560791 8
3 -1 2 401.17 173.57999999999998 -1 85 7.1381402015686035 8
3 -1 3 453.99 112.21000000000001 -1 85 0.00888204574584961 8
3 -1 4 401.17 173.57999999999998 -1 85 6.486609935760498 8
3 -1 5 386.53 158.82000000000002 -1 85 7.6457741260528564 8
random:8T:1200
0 -1 0 803.69 210.07 -1 49 0.3940739631652832 8
0 -1 1 723.31 536.88 -1 49 2.982677936553955 8
0 -1 2 727.62 562.18 -1 49 3.0189707279205322 8
0 -1 3 788.02 251.87 -1 49 0.010198831558227539 8
0 -1 4 727.62 562.18 -1 49 2.872143030166626 8
0 -1 5 717.83 556.3199999999999 -1 49 3.042630195617676 8
1 -1 0 731.96 486.2199999999999 -1 56 0.34617018699645996 8
1 -1 1 665.72 525.26 -1 56 2.9574708938598633 8
1 -1 2 654.27 537.89 -2 56 3.141659736633301 8
1 -1 3 677.94 539.51 -1 56 0.008723735809326172 8
1 -1 4 654.27 537.89 -2 56 2.828834056854248 8
1 -1 5 648.68 506.35 -1 56 2.4073359966278076 8
2 -1 0 640.23 293.06 -1 81 0.4955928325653076 8
2 -1 1 558.36 394.3 -1 81 3.7597577571868896 8
2 -1 2 546.86 383.09000000000003 -1 81 4.664607048034668 8
2 -1 3 582.58 441.48 -1 81 0.010565757751464844 8
2 -1 4 550.46 382.78 -1 81 4.173917055130005 8
2 -1 5 489.93 302.34000000000003 -1 81 3.538888931274414 8
3 -1 0 690.89 85.6 -1 85 0.5761411190032959 8
3 -1 1 524.19 198.56 -1 85 10.801135301589966 8
3 -1 2 518.08 227.67999999999998 -1 85 9.530961751937866 8
3 -1 3 614.08 161.24 -1 85 0.010331153869628906 8
3 -1 4 518.08 227.67999999999998 -1 85 8.926821947097778 8
3 -1 5 513.74 237.76000000000002 -1 85 11.132398128509521 8
random:8T:1500
0 -1 0 1017.35 265.0 -1 49 0.48383402824401855 8
0 -1 1 902.96 655.0600000000001 -1 49 3.627790689468384 8
0 -1 2 915.75 709.7 -1 49 3.7262120246887207 8
0 -1 3 992.86 330.59000000000003 -1 49 0.012154102325439453 8
0 -1 4 865.49 644.0899999999999 -1 49 2.999296188354492 8
0 -1 5 903.25 683.5400000000001 -1 49 3.572451114654541 8
1 -1 0 934.68 552.1199999999999 -1 56 0.43121790885925293 8
1 -1 1 840.76 655.9699999999999 -1 56 3.953160047531128 8
1 -1 2 828.29 681.9399999999999 -2 56 3.6407530307769775 8
1 -1 3 861.1 686.36 -1 56 0.009746074676513672 8
1 -1 4 828.29 681.9399999999999 -2 56 3.359405994415283 8
1 -1 5 826.15 654.48 -1 56 3.133082866668701 8
2 -1 0 806.08 381.39 -1 81 0.5816571712493896 8
2 -1 1 689.09 442.52 -1 81 4.31278920173645 8
2 -1 2 686.23 493.72 -1 81 5.471789121627808 8
2 -1 3 748.73 539.15 -1 81 0.010528087615966797 8
2 -1 4 693.25 518.54 -1 81 4.342252016067505 8
2 -1 5 624.88 409.7 -1 81 4.065706968307495 8
3 -1 0 865.44 101.54 -1 85 0.6781768798828125 8
3 -1 1 668.63 218.19 -1 85 13.142349004745483 8
3 -1 2 671.25 296.21999999999986 -1 85 10.891631841659546 8
3 -1 3 762.3 200.57 -1 85 0.012290000915527344 8
3 -1 4 670.87 295.27999999999986 -1 85 10.413497924804688 8
3 -1 5 654.66 292.08 -1 85 13.346956968307495 8
random:9T:300
0 -1 0 137.89 0 -8 97 0.1640012264251709 9
0 -1 1 121.69 24.27 -4 97 0.43056392669677734 9
0 -1 2 126.82 33.96 -4 97 1.6780288219451904 9
0 -1 3 116.78 14.63 -1 97 0.005405902862548828 9
0 -1 4 120.77 24.91 -4 97 0.4381442070007324 9
0 -1 5 113.64 19.42 -1 97 1.1233139038085938 9
1 -1 0 144.34 0 -1 57 0.08655595779418945 9
1 -1 1 120.93 92.25999999999999 -1 57 0.47689294815063477 9
1 -1 2 120.93 92.25999999999999 -1 57 0.752061128616333 9
1 -1 3 133.79 56.41 -1 57 0.0036177635192871094 9
1 -1 4 120.93 92.25999999999999 -1 57 0.4787111282348633 9
1 -1 5 114.81 85.1 -1 57 0.6801722049713135 9
2 -1 0 161.98 0 -2 73 0.1312727928161621 9
2 -1 1 137.16 105.6 -2 73 1.1531071662902832 9
2 -1 2 137.16 105.6 -2 73 1.6942517757415771 9
2 -1 3 141.31 34.25 -1 73 0.0044329166412353516 9
2 -1 4 137.16 105.6 -2 73 1.125885009765625 9
2 -1 5 132.53 101.28 -2 73 1.5750072002410889 9
3 -1 0 141.17 58.019999999999996 -1 50 0.0666348934173584 9
3 -1 1 128.06 78.07 -2 50 0.25609612464904785 9
3 -1 2 119.78 90.7 -5 50 0.40169596672058105 9
3 -1 3 137.25 52.65 -1 50 0.003068208694458008 9
3 -1 4 119.78 90.7 -5 50 0.25399303436279297 9
3 -1 5 126.87 84.62 -1 50 0.4501461982727051 9
random:9T:600
0 -1 0 307.0 0 -6 97 0.3155021667480469 9
0 -1 1 279.16 82.39 -1 97 1.9566960334777832 9
0 -1 2 272.93 82.35000000000001 -1 97 3.3014273643493652 9
0 -1 3 270.91 63.12 -1 97 0.007910966873168945 9
0 -1 4 253.72 95.2 -1 97 3.4435598850250244 9
0 -1 5 278.71 78.71 -1 97 2.713067054748535 9
1 -1 0 341.24 99.22 -2 57 0.16147589683532715 9
1 -1 1 295.84 234.39999999999998 -6 57 1.646042823791504 9
1 -1 2 292.12 223.60000000000002 -1 57 1.8386690616607666 9
1 -1 3 312.0 102.69999999999999 -1 57 0.00501704216003418 9
1 -1 4 292.12 223.60000000000002 -1 57 1.573024034500122 9
1 -1 5 282.61 224.89 -6 57 1.7707958221435547 9
2 -1 0 350.4 0 -5 73 0.228363037109375 9
2 -1 1 299.4 241.2 -6 73 2.83183217048645 9
2 -1 2 298.12 238.94 -6 73 3.375546932220459 9
2 -1 3 310.09 64.13 -1 73 0.0061740875244140625 9
2 -1 4 298.12 238.94 -6 73 2.8106958866119385 9
2 -1 5 298.93 241.25 -6 73 3.353140115737915 9
3 -1 0 337.53 76.14999999999999 -1 50 0.12143373489379883 9
3 -1 1 297.52 194.67000000000002 -1 50 0.7225408554077148 9
3 -1 2 287.64 217.71 -1 50 0.8444521427154541 9
3 -1 3 331.62 107.72 -1 50 0.004563093185424805 9
3 -1 4 287.64 217.71 -1 50 0.7148170471191406 9
3 -1 5 297.35 225.45 -1 50 0.9895071983337402 9
random:9T:900
0 -1 0 471.01 0 -4 97 0.4648599624633789 9
0 -1 1 426.73 129.95 -1 97 3.2972800731658936 9
0 -1 2 412.68 143.02 -1 97 5.84945821762085 9
0 -1 3 427.48 107.35 -1 97 0.009878158569335938 9
0 -1 4 384.7 138.65999999999997 -1 97 4.994764089584351 9
0 -1 5 432.93 120.66000000000001 -1 97 4.477550029754639 9
1 -1 0 536.94 181.24 -1 57 0.24420976638793945 9
1 -1 1 473.43 355.84000000000003 -1 57 2.7929389476776123 9
1 -1 2 461.68 354.8299999999999 -1 57 2.98976993560791 9
1 -1 3 490.98 146.57000000000002 -1 57 0.006890296936035156 9
1 -1 4 461.68 354.8299999999999 -1 57 2.7246458530426025 9
1 -1 5 466.19 377.77 -3 57 2.887655019760132 9
2 -1 0 540.65 18.48 -2 73 0.3459789752960205 9
2 -1 1 476.85 379.9199999999999 -1 73 4.534850120544434 9
2 -1 2 479.16 391.83000000000004 -6 73 5.2190539836883545 9
2 -1 3 482.7 113.41 -1 73 0.008854150772094727 9
2 -1 4 479.16 391.83000000000004 -6 73 4.672911882400513 9
2 -1 5 463.28 356.66999999999985 -1 73 5.1118738651275635 9
3 -1 0 531.5 150.26 -1 50 0.19138407707214355 9
3 -1 1 450.21 272.24 -5 50 1.4078497886657715 9
3 -1 2 456.64 352.3 -6 50 1.4675450325012207 9
3 -1 3 521.51 157.84 -1 50 0.006637096405029297 9
3 -1 4 456.64 352.3 -6 50 1.2840611934661865 9
3 -1 5 462.87 266.7900000000001 -1 50 1.6689369678497314 9
random:9T:1200
0 -1 0 646.01 0 -5 97 0.6282589435577393 9
0 -1 1 577.06 180.3 -1 97 4.7182228565216064 9
0 -1 2 560.7 191.72999999999996 -1 97 7.591310977935791 9
0 -1 3 568.58 115.99 -1 97 0.01188206672668457 9
0 -1 4 526.09 192.68999999999997 -1 97 6.679300785064697 9
0 -1 5 574.5 170.17000000000004 -1 97 5.324151992797852 9
1 -1 0 731.38 240.51999999999998 -1 57 0.3138742446899414 9
1 -1 1 650.78 528.06 -3 57 3.277045965194702 9
1 -1 2 648.91 513.34 -1 57 3.6976680755615234 9
1 -1 3 670.57 186.11 -1 57 0.008108854293823242 9
1 -1 4 648.91 513.34 -1 57 3.4338061809539795 9
1 -1 5 648.0 521.33 -1 57 3.50838565826416 9
2 -1 0 724.44 0 -3 73 0.428936243057251 9
2 -1 1 641.81 502.21999999999986 -1 73 5.632159948348999 9
2 -1 2 645.59 518.63 -1 73 6.381285190582275 9
2 -1 3 657.32 162.17999999999998 -1 73 0.010261058807373047 9
2 -1 4 645.59 518.63 -1 73 6.281051158905029 9
2 -1 5 633.9 500.72 -1 73 6.006762981414795 9
3 -1 0 732.94 218.8 -1 50 0.24985408782958984 9
3 -1 1 620.43 391.05000000000007 -1 50 1.964961051940918 9
3 -1 2 631.61 486.1199999999999 -1 50 1.8540072441101074 9
3 -1 3 712.71 210.08 -1 50 0.008157968521118164 9
3 -1 4 631.61 486.1199999999999 -1 50 1.7114787101745605 9
3 -1 5 615.9 402.8500000000001 -1 50 2.1314706802368164 9
random:9T:1500
0 -1 0 814.48 0 -7 97 0.8166642189025879 9
0 -1 1 735.69 199.18 -1 97 6.154784202575684 9
0 -1 2 696.75 247.43999999999994 -1 97 9.507246255874634 9
0 -1 3 718.41 163.10000000000002 -1 97 0.01458883285522461 9
0 -1 4 668.33 199.19 -1 97 8.534153938293457 9
0 -1 5 710.68 199.2 -1 97 6.842753171920776 9
1 -1 0 929.73 307.21999999999997 -1 57 0.41887688636779785 9
1 -1 1 828.67 584.8 -1 57 4.264918088912964 9
1 -1 2 823.25 607.63 -1 57 4.531255006790161 9
1 -1 3 850.98 217.97000000000003 -1 57 0.009946107864379883 9
1 -1 4 823.25 607.63 -1 57 4.180848121643066 9
1 -1 5 826.58 659.8 -1 57 4.189824104309082 9
2 -1 0 908.36 0 -2 73 0.5302231311798096 9
2 -1 1 808.56 635.42 -1 73 6.467637062072754 9
2 -1 2 827.02 679.2299999999998 -1 73 7.454223871231079 9
2 -1 3 830.46 209.06 -1 73 0.012045145034790039 9
2 -1 4 811.53 642.52 -1 73 6.563196182250977 9
2 -1 5 801.45 645.64 -1 73 7.0716259479522705 9
3 -1 0 925.86 213.43999999999997 -1 50 0.312330961227417 9
3 -1 1 786.77 451.8399999999998 -1 50 2.6705539226531982 9
3 -1 2 809.88 632.5100000000001 -1 50 2.2729642391204834 9
3 -1 3 906.69 267.87 -1 50 0.009574174880981445 9
3 -1 4 809.88 632.5100000000001 -1 50 2.1929571628570557 9
3 -1 5 785.96 601.5500000000001 -1 50 2.680250883102417 9
