random:0T:300
0 -1 0 63.74 0 -58 284 0.4833190441131592 0
0 -1 1 62.48 0 -64 284 0.08780407905578613 0
0 -1 2 62.48 0 -64 284 20.427814960479736 0
0 -1 3 52.87 0 -78 284 0.018771886825561523 0
0 -1 4 62.48 0 -64 284 0.08496284484863281 0
0 -1 5 30.45 0 -163 284 8.84441089630127 0
random:0T:600
0 -1 0 167.44 0 -23 284 1.1892809867858887 0
0 -1 1 151.43 14.85 -7 284 2.558417797088623 0
0 -1 2 150.76 14.8 -1 284 45.72655987739563 0
0 -1 3 152.61 14.82 -4 284 0.023494958877563477 0
0 -1 4 151.24 14.85 -7 284 2.3419041633605957 0
0 -1 5 107.5 0 -48 284 24.058367013931274 0
random:0T:900
0 -1 0 275.79 0 -10 284 1.7202892303466797 0
0 -1 1 224.8 29.23 -1 284 11.673052787780762 0
0 -1 2 232.11 41.38 -1 284 72.21505522727966 0
0 -1 3 241.67 14.85 -1 284 0.03706192970275879 0
0 -1 4 218.58 39.98 -2 284 17.03613591194153 0
0 -1 5 174.39 0 -4 284 39.68695068359375 0
random:0T:1200
0 -1 0 379.64 0 -8 284 2.1073920726776123 0
0 -1 1 287.55 43.83 -1 284 21.251317977905273 0
0 -1 2 286.72 64.35000000000001 -1 284 72.3558919429779 0
0 -1 3 328.91 63.67 -1 284 0.029158830642700195 0
0 -1 4 265.05 53.06 -1 284 22.61708903312683 0
0 -1 5 239.23 27.4 -1 284 48.17541694641113 0
random:0T:1500
0 -1 0 489.12 0 -2 284 2.9001243114471436 0
0 -1 1 342.85 49.5 -2 284 31.76342797279358 0
0 -1 2 330.73 83.31 -1 284 84.87611413002014 0
0 -1 3 410.5 63.96 -1 284 0.03447294235229492 0
0 -1 4 310.21 96.97000000000001 -2 284 35.92844295501709 0
0 -1 5 291.73 29.7 -2 284 56.13143491744995 0
random:1T:300
0 -1 0 58.29 0 -82 271 0.499920129776001 1
0 -1 1 59.76 0 -64 271 0.17519688606262207 1
0 -1 2 58.87 0 -63 271 20.803022146224976 1
0 -1 3 56.82 0 -74 271 0.020303726196289062 1
0 -1 4 59.76 0 -64 271 0.20179510116577148 1
0 -1 5 47.38 0 -105 271 15.096988916397095 1
random:1T:600
0 -1 0 165.3 0 -3 271 1.0283877849578857 1
0 -1 1 155.91 14.84 -2 271 0.40210723876953125 1
0 -1 2 157.35 14.85 -2 271 38.15993404388428 1
0 -1 3 158.81 14.61 -1 271 0.045477867126464844 1
0 -1 4 155.91 14.84 -2 271 0.4360933303833008 1
0 -1 5 123.71 0 -25 271 29.15568208694458 1
random:1T:900
0 -1 0 277.3 14.66 -1 271 1.6688730716705322 1
0 -1 1 224.91 42.580000000000005 -2 271 12.098587036132812 1
0 -1 2 230.65 63.65999999999997 -2 271 56.00865197181702 1
0 -1 3 248.62 14.85 -1 271 0.03037881851196289 1
0 -1 4 224.1 51.54999999999997 -2 271 15.387899160385132 1
0 -1 5 202.78 14.85 -1 271 41.69101905822754 1
random:1T:1200
0 -1 0 379.43 28.48 -1 271 2.2063889503479004 1
0 -1 1 275.57 77.92 -1 271 38.17676496505737 1
0 -1 2 279.73 84.27 -1 271 67.2785279750824 1
0 -1 3 339.25 14.85 -1 271 0.024033069610595703 1
0 -1 4 273.87 83.93 -1 271 25.81050181388855 1
0 -1 5 264.46 52.77 -2 271 53.68305587768555 1
random:1T:1500
0 -1 0 488.77 43.43 -1 271 2.9148659706115723 1
0 -1 1 325.33 110.97000000000001 -1 271 48.404422998428345 1
0 -1 2 325.05 118.10999999999999 -1 271 81.98653507232666 1
0 -1 3 424.54 63.19 -1 271 0.03242301940917969 1
0 -1 4 314.04 119.13000000000001 -2 271 35.55332684516907 1
0 -1 5 315.68 98.77000000000001 -1 271 88.1670491695404 1
random:2T:300
0 -1 0 88.88 14.47 -3 221 0.5889270305633545 2
0 -1 1 88.36 14.55 -4 221 0.6057658195495605 2
0 -1 2 88.36 14.55 -4 221 11.813461780548096 2
0 -1 3 88.89 14.47 -3 221 0.019253969192504883 2
0 -1 4 88.36 14.55 -4 221 0.5775868892669678 2
0 -1 5 45.0 0 -69 221 5.548149824142456 2
random:2T:600
0 -1 0 225.14 29.45 -3 221 0.8668129444122314 2
0 -1 1 190.0 39.01999999999999 -2 221 5.67026686668396 2
0 -1 2 190.61 51.86000000000001 -2 221 18.621885299682617 2
0 -1 3 192.53 14.85 -8 221 0.021416902542114258 2
0 -1 4 190.61 51.86000000000001 -2 221 8.90658688545227 2
0 -1 5 145.66 14.85 -3 221 12.172735929489136 2
random:2T:900
0 -1 0 360.41 49.589999999999996 -2 221 1.329737901687622 2
0 -1 1 266.55 68.72000000000001 -2 221 11.754094123840332 2
0 -1 2 264.31 90.66999999999999 -2 221 25.82632875442505 2
0 -1 3 306.3 35.52 -1 221 0.028924942016601562 2
0 -1 4 264.31 90.66999999999999 -2 221 15.953855037689209 2
0 -1 5 239.52 42.78 -3 221 16.809403896331787 2
random:2T:1200
0 -1 0 487.23 59.13 -1 221 1.6192359924316406 2
0 -1 1 332.87 97.61000000000001 -1 221 16.945285081863403 2
0 -1 2 326.58 124.03 -3 221 32.70313763618469 2
0 -1 3 399.11 64.28 -1 221 0.026134014129638672 2
0 -1 4 326.58 124.03 -3 221 23.652578115463257 2
0 -1 5 312.2 70.61 -2 221 22.36437487602234 2
random:2T:1500
0 -1 0 616.46 73.92 -1 221 1.8640429973602295 2
0 -1 1 395.35 119.61 -1 221 20.06576180458069 2
0 -1 2 409.28 139.55 -2 221 35.97225093841553 2
0 -1 3 487.94 64.35 -7 221 0.027537107467651367 2
0 -1 4 409.28 139.55 -2 221 25.419453859329224 2
0 -1 5 375.02 104.59 -1 221 25.621402978897095 2
random:3T:300
0 -1 0 69.33 0 -46 272 0.48239803314208984 3
0 -1 1 69.82 0 -50 272 0.12357187271118164 3
0 -1 2 69.79 0 -48 272 20.33233404159546 3
0 -1 3 57.69 0 -73 272 0.0201568603515625 3
0 -1 4 69.82 0 -50 272 0.14425897598266602 3
0 -1 5 30.96 0 -128 272 8.507457971572876 3
random:3T:600
0 -1 0 178.19 0 -26 272 0.9983112812042236 3
0 -1 1 156.39 14.83 -1 272 1.619352102279663 3
0 -1 2 156.43 14.65 -1 272 35.869922161102295 3
0 -1 3 158.43 14.84 -1 272 0.02046799659729004 3
0 -1 4 156.39 14.83 -1 272 1.621825933456421 3
0 -1 5 114.44 0 -47 272 18.783493995666504 3
random:3T:900
0 -1 0 288.77 0 -15 272 1.3116960525512695 3
0 -1 1 217.96 40.43 -2 272 7.926177024841309 3
0 -1 2 217.27 29.65 -2 272 38.86661887168884 3
0 -1 3 243.43 14.85 -5 272 0.019725799560546875 3
0 -1 4 214.5 43.61 -1 272 8.448230028152466 3
0 -1 5 181.23 0 -2 272 27.266502141952515 3
random:3T:1200
0 -1 0 401.96 0 -15 272 1.649811029434204 3
0 -1 1 266.42 49.5 -1 272 13.764938116073608 3
0 -1 2 260.81 64.35 -1 272 43.58037304878235 3
0 -1 3 336.93 46.48 -1 272 0.021763086318969727 3
0 -1 4 257.42 81.42 -1 272 18.647075176239014 3
0 -1 5 240.14 28.75 -1 272 35.18582606315613 3
random:3T:1500
0 -1 0 513.41 0 -12 272 2.0656330585479736 3
0 -1 1 304.86 64.31 -1 272 19.257899045944214 3
0 -1 2 297.43 78.53 -1 272 47.43865394592285 3
0 -1 3 423.32 64.26 -1 272 0.02320408821105957 3
0 -1 4 294.32 111.05000000000001 -1 272 24.07110071182251 3
0 -1 5 289.25 56.029999999999994 -2 272 42.253353118896484 3
random:4T:300
0 -1 0 69.85 0 -45 270 0.38864898681640625 4
0 -1 1 70.38 0 -49 270 0.12328982353210449 4
0 -1 2 70.32 0 -47 270 15.619370937347412 4
0 -1 3 58.15 0 -73 270 0.015357732772827148 4
0 -1 4 70.38 0 -49 270 0.10582709312438965 4
0 -1 5 39.35 0 -109 270 8.462637901306152 4
random:4T:600
0 -1 0 179.42 0 -22 270 0.8502247333526611 4
0 -1 1 160.54 30.220000000000006 -2 270 3.038583993911743 4
0 -1 2 157.76 14.83 -1 270 29.851124048233032 4
0 -1 3 159.6 14.85 -4 270 0.01848125457763672 4
0 -1 4 160.54 30.220000000000006 -2 270 2.917424201965332 4
0 -1 5 125.19 0 -38 270 17.804574966430664 4
random:4T:900
0 -1 0 291.55 0 -16 270 1.214690923690796 4
0 -1 1 217.25 63.559999999999995 -1 270 19.5519437789917 4
0 -1 2 218.17 64.26 -1 270 58.714658975601196 4
0 -1 3 244.97 14.85 -4 270 0.020162105560302734 4
0 -1 4 217.02 62.12 -1 270 19.688705682754517 4
0 -1 5 191.88 14.84 -1 270 28.630502939224243 4
random:4T:1200
0 -1 0 403.16 0 -10 270 1.722527027130127 4
0 -1 1 264.13 86.67 -1 270 19.41011095046997 4
0 -1 2 256.48 95.72 -1 270 64.78778767585754 4
0 -1 3 338.66 62.51 -1 270 0.02167201042175293 4
0 -1 4 255.81 91.62 -1 270 29.486787796020508 4
0 -1 5 248.0 56.49999999999994 -2 270 45.525867223739624 4
random:4T:1500
0 -1 0 519.56 0 -14 270 2.112761974334717 4
0 -1 1 300.63 113.22 -1 270 25.057451009750366 4
0 -1 2 291.95 122.47999999999999 -1 270 74.72269415855408 4
0 -1 3 426.02 64.01 -1 270 0.024332761764526367 4
0 -1 4 288.5 118.88999999999999 -1 270 34.14303421974182 4
0 -1 5 286.62 87.78999999999999 -1 270 51.18919897079468 4
random:5T:300
0 -1 0 58.83 0 -54 242 0.3128688335418701 5
0 -1 1 56.44 0 -64 242 0.05225706100463867 5
0 -1 2 57.91 0 -52 242 9.179309129714966 5
0 -1 3 55.24 0 -67 242 0.01206827163696289 5
0 -1 4 56.44 0 -64 242 0.051342010498046875 5
0 -1 5 40.24 0 -102 242 5.0292510986328125 5
random:5T:600
0 -1 0 165.8 0 -21 242 0.6742839813232422 5
0 -1 1 151.03 14.85 -6 242 0.4234781265258789 5
0 -1 2 157.15 14.85 -1 242 19.72491693496704 5
0 -1 3 161.84 14.84 -5 242 0.015173912048339844 5
0 -1 4 151.03 14.85 -6 242 0.4231541156768799 5
0 -1 5 123.16 0 -30 242 12.486135959625244 5
random:5T:900
0 -1 0 276.07 0 -16 242 1.0408899784088135 5
0 -1 1 230.69 30.349999999999998 -1 242 5.908285140991211 5
0 -1 2 236.18 64.2 -1 242 28.938055992126465 5
0 -1 3 266.68 17.03 -1 242 0.01648402214050293 5
0 -1 4 230.59 42.269999999999996 -1 242 5.937406063079834 5
0 -1 5 199.36 14.85 -2 242 20.321682929992676 5
random:5T:1200
0 -1 0 388.73 0 -4 242 1.419424057006836 5
0 -1 1 292.93 44.519999999999996 -1 242 9.436765909194946 5
0 -1 2 292.37 77.27 -1 242 32.215840101242065 5
0 -1 3 378.53 54.45 -1 242 0.0178830623626709 5
0 -1 4 292.61 63.92 -1 242 12.535602807998657 5
0 -1 5 266.57 42.32 -1 242 23.82218313217163 5
random:5T:1500
0 -1 0 508.27 0 -10 242 1.6774520874023438 5
0 -1 1 351.13 61.35 -1 242 14.420705080032349 5
0 -1 2 345.49 93.28 -1 242 37.780924797058105 5
0 -1 3 452.16 54.45 -1 242 0.02067089080810547 5
0 -1 4 352.55 90.16000000000001 -1 242 18.78981304168701 5
0 -1 5 327.88 57.89 -3 242 28.65403437614441 5
random:6T:300
0 -1 0 62.07 0 -49 240 0.3186678886413574 6
0 -1 1 62.14 0 -54 240 0.053839921951293945 6
0 -1 2 62.48 0 -53 240 9.308608770370483 6
0 -1 3 54.35 0 -66 240 0.012037992477416992 6
0 -1 4 62.14 0 -54 240 0.05252575874328613 6
0 -1 5 41.92 0 -97 240 5.52209210395813 6
random:6T:600
0 -1 0 169.39 0 -12 240 0.668438196182251 6
0 -1 1 156.93 14.85 -1 240 0.6858789920806885 6
0 -1 2 157.76 14.85 -1 240 18.50848889350891 6
0 -1 3 162.99 14.82 -1 240 0.014922142028808594 6
0 -1 4 156.67 14.85 -1 240 0.7607119083404541 6
0 -1 5 126.06 0 -32 240 11.578252077102661 6
random:6T:900
0 -1 0 283.04 0 -2 240 0.9905409812927246 6
0 -1 1 233.29 42.14 -1 240 5.004973888397217 6
0 -1 2 226.51 64.31 -1 240 22.981168031692505 6
0 -1 3 269.66 17.03 -1 240 0.01578807830810547 6
0 -1 4 225.47 64.28 -1 240 5.9292967319488525 6
0 -1 5 203.73 27.42 -1 240 19.32309913635254 6
random:6T:1200
0 -1 0 394.99 29.05 -1 240 1.405456304550171 6
0 -1 1 290.96 59.97 -1 240 9.396285057067871 6
0 -1 2 278.43 121.60000000000001 -1 240 31.220508337020874 6
0 -1 3 381.04 58.09 -1 240 0.018556833267211914 6
0 -1 4 275.75 114.22 -1 240 12.050227165222168 6
0 -1 5 271.28 62.940000000000005 -1 240 24.28583073616028 6
random:6T:1500
0 -1 0 506.42 43.94 -1 240 1.8317389488220215 6
0 -1 1 340.03 87.03 -1 240 13.378188133239746 6
0 -1 2 347.78 129.05 -1 240 40.73754382133484 6
0 -1 3 455.51 60.1 -1 240 0.02005481719970703 6
0 -1 4 335.47 129.03 -1 240 19.114835262298584 6
0 -1 5 316.78 70.28 -1 240 26.773191928863525 6
random:7T:300
0 -1 0 57.24 0 -113 483 0.6703848838806152 7
0 -1 1 57.58 0 -113 483 0.12669706344604492 7
0 -1 2 57.42 0 -123 483 36.8752601146698 7
0 -1 3 54.59 0 -130 483 0.029509782791137695 7
0 -1 4 57.58 0 -113 483 0.10718417167663574 7
0 -1 5 25.71 0 -279 483 17.211458921432495 7
random:7T:600
0 -1 0 162.92 0.25 -1 483 1.40049409866333 7
0 -1 1 159.19 14.84 -5 483 3.8063759803771973 7
0 -1 2 158.14 14.84 -5 483 67.62575721740723 7
0 -1 3 156.84 14.74 -1 483 0.05071878433227539 7
0 -1 4 159.19 14.84 -5 483 3.996396064758301 7
0 -1 5 94.89 0 -113 483 40.86585307121277 7
random:7T:900
0 -1 0 278.7 14.85 -1 483 2.1150450706481934 7
0 -1 1 234.58 29.63 -1 483 21.235039949417114 7
0 -1 2 237.68 50.58999999999999 -3 483 99.08102798461914 7
0 -1 3 238.38 14.85 -11 483 0.036051034927368164 7
0 -1 4 234.46 40.609999999999985 -3 483 29.24921417236328 7
0 -1 5 174.43 0 -6 483 61.708954095840454 7
random:7T:1200
0 -1 0 380.99 28.5 -1 483 2.776963233947754 7
0 -1 1 290.54 44.43 -1 483 34.194591999053955 7
0 -1 2 291.28 64.28 -1 483 113.61546492576599 7
0 -1 3 317.34 14.85 -10 483 0.03719305992126465 7
0 -1 4 290.0 64.28999999999999 -1 483 53.419466972351074 7
0 -1 5 248.29 29.520000000000003 -1 483 81.50438976287842 7
random:7T:1500
0 -1 0 492.25 29.7 -1 483 3.4095380306243896 7
0 -1 1 337.43 59.18 -1 483 47.810240030288696 7
0 -1 2 336.01 100.31000000000002 -3 483 131.9771282672882 7
0 -1 3 400.09 14.85 -4 483 0.039372920989990234 7
0 -1 4 334.72 106.78000000000002 -1 483 72.03939580917358 7
0 -1 5 307.75 48.11999999999998 -3 483 102.16945719718933 7
random:8T:300
0 -1 0 69.77 0 -45 271 0.3925130367279053 8
0 -1 1 70.25 0 -49 271 0.10427498817443848 8
0 -1 2 70.19 0 -47 271 15.72799801826477 8
0 -1 3 58.22 0 -74 271 0.01603102684020996 8
0 -1 4 70.25 0 -49 271 0.1026008129119873 8
0 -1 5 45.93 0 -96 271 10.01015305519104 8
random:8T:600
0 -1 0 176.6 0 -25 271 0.8326489925384521 8
0 -1 1 156.67 14.85 -4 271 1.3473951816558838 8
0 -1 2 157.2 14.83 -1 271 29.90432834625244 8
0 -1 3 159.27 14.85 -5 271 0.01940608024597168 8
0 -1 4 156.67 14.85 -4 271 1.283350944519043 8
0 -1 5 127.4 0 -34 271 18.82885980606079 8
random:8T:900
0 -1 0 290.19 0 -15 271 1.2363710403442383 8
0 -1 1 223.08 42.11 -3 271 8.424923181533813 8
0 -1 2 219.39 64.22 -1 271 59.35859394073486 8
0 -1 3 244.26 14.85 -5 271 0.019850969314575195 8
0 -1 4 221.5 63.61000000000001 -1 271 29.008059978485107 8
0 -1 5 193.83 14.85 -5 271 29.17376399040222 8
random:8T:1200
0 -1 0 399.4 0 -2 271 1.5701448917388916 8
0 -1 1 275.16 76.08 -1 271 16.546701192855835 8
0 -1 2 265.18 111.68 -1 271 73.755117893219 8
0 -1 3 335.41 40.22 -1 271 0.0224759578704834 8
0 -1 4 270.14 112.35 -1 271 28.472745895385742 8
0 -1 5 260.68 59.910000000000004 -3 271 39.23527812957764 8
random:8T:1500
0 -1 0 512.84 0 -2 271 1.9136769771575928 8
0 -1 1 322.74 109.5 -3 271 24.022016048431396 8
0 -1 2 307.12 139.23 -2 271 68.42144107818604 8
0 -1 3 423.91 63.11 -1 271 0.019481897354125977 8
0 -1 4 317.12 139.4 -3 271 34.256786823272705 8
0 -1 5 310.23 77.7 -1 271 38.74356818199158 8
random:9T:300
0 -1 0 75.82 0 -40 277 0.30974793434143066 9
0 -1 1 76.61 0 -34 277 0.0628209114074707 9
0 -1 2 76.61 0 -34 277 12.019517183303833 9
0 -1 3 53.44 0 -89 277 0.012771129608154297 9
0 -1 4 76.61 0 -34 277 0.05266094207763672 9
0 -1 5 59.98 0 -69 277 7.938583850860596 9
random:9T:600
0 -1 0 198.0 0 -27 277 0.5784409046173096 9
0 -1 1 162.69 14.84 -1 277 0.45116710662841797 9
0 -1 2 160.1 0 -1 277 22.6780002117157 9
0 -1 3 155.03 14.75 -1 277 0.015291213989257812 9
0 -1 4 162.67 14.84 -1 277 0.4541497230529785 9
0 -1 5 150.09 0 -17 277 14.959060907363892 9
random:9T:900
0 -1 0 327.71 0 -30 277 0.928185224533081 9
0 -1 1 246.09 40.38 -4 277 8.820733308792114 9
0 -1 2 223.41 48.05999999999999 -4 277 40.65615701675415 9
0 -1 3 244.96 14.85 -5 277 0.017570018768310547 9
0 -1 4 229.33 56.010000000000005 -1 277 18.307113885879517 9
0 -1 5 206.6 14.85 -4 277 24.540496110916138 9
random:9T:1200
0 -1 0 452.82 0 -27 277 1.1395902633666992 9
0 -1 1 324.41 49.5 -1 277 14.865591049194336 9
0 -1 2 278.26 67.46 -1 277 46.964985847473145 9
0 -1 3 334.83 14.85 -2 277 0.01676487922668457 9
0 -1 4 289.43 94.82 -1 277 27.35166597366333 9
0 -1 5 284.55 29.68 -1 277 31.111401081085205 9
random:9T:1500
0 -1 0 571.9 0 -28 277 1.571423053741455 9
0 -1 1 398.5 64.11 -1 277 22.048923015594482 9
0 -1 2 347.11 113.74 -1 277 58.89825797080994 9
0 -1 3 419.21 54.4 -1 277 0.0179750919342041 9
0 -1 4 341.27 121.54 -1 277 46.06272101402283 9
0 -1 5 358.4 56.04 -1 277 36.61378312110901 9
