random:0T:300
0 -1 0 155.72 0 -2 86 0.12372517585754395 0
0 -1 1 139.19 32.25 -1 86 0.22311711311340332 0
0 -1 2 138.04 30.560000000000002 -1 86 1.4889347553253174 0
0 -1 3 123.45 0.0 -8 86 0.004349946975708008 0
0 -1 4 139.19 32.25 -1 86 0.21926569938659668 0
0 -1 5 126.14 0.0 -4 86 1.0295069217681885 0
1 -1 0 129.64 0.0 -6 98 0.15758323669433594 0
1 -1 1 122.42 0.0 -5 98 0.044525861740112305 0
1 -1 2 119.13 0.0 -6 98 2.352064847946167 0
1 -1 3 123.56 0.0 -8 98 0.009224891662597656 0
1 -1 4 122.42 0.0 -5 98 0.05698823928833008 0
1 -1 5 94.72 0 -18 98 1.2669258117675781 0
2 -1 0 146.28 0.0 -5 95 0.14224600791931152 0
2 -1 1 139.7 0.0 -1 95 0.02375197410583496 0
2 -1 2 127.62 0.0 -5 95 1.644881010055542 0
2 -1 3 133.21 0.0 -7 95 0.005186796188354492 0
2 -1 4 139.7 0.0 -1 95 0.022836923599243164 0
2 -1 5 115.2 0.0 -12 95 1.260788917541504 0
random:0T:600
0 -1 0 414.4 204.25 -2 86 0.2603871822357178 0
0 -1 1 371.99 216.79 -1 86 1.1018619537353516 0
0 -1 2 366.27 216.73000000000002 -1 86 2.3409719467163086 0
0 -1 3 355.01 122.7 -1 86 0.006844997406005859 0
0 -1 4 371.99 216.79 -1 86 1.130444049835205 0
0 -1 5 358.77 225.89 -4 86 2.228151798248291 0
1 -1 0 333.04 60.84 -1 98 0.33947110176086426 0
1 -1 1 304.82 223.22 -2 98 1.2671937942504883 0
1 -1 2 298.48 212.02 -1 98 4.5758562088012695 0
1 -1 3 326.04 69.19 -1 98 0.0068531036376953125 0
1 -1 4 304.6 223.22 -2 98 1.1667282581329346 0
1 -1 5 256.46 126.85000000000001 -1 98 4.1426308155059814 0
2 -1 0 367.3 0 -1 95 0.30469512939453125 0
2 -1 1 334.51 225.95999999999998 -1 95 1.0401599407196045 0
2 -1 2 318.93 220.45 -3 95 3.302030086517334 0
2 -1 3 343.77 117.74 -1 95 0.007193088531494141 0
2 -1 4 334.72 228.35999999999999 -2 95 1.030120849609375 0
2 -1 5 306.94 195.29 -1 95 3.1493101119995117 0
random:0T:900
0 -1 0 663.28 363.62 -2 86 0.38571977615356445 0
0 -1 1 599.29 410.65 -2 86 2.1943159103393555 0
0 -1 2 597.87 409.76 -2 86 3.742440938949585 0
0 -1 3 595.31 257.40999999999997 -1 86 0.008530855178833008 0
0 -1 4 600.25 383.57 -2 86 2.395171880722046 0
0 -1 5 581.55 389.6499999999999 -2 86 3.2288169860839844 0
1 -1 0 537.53 266.32 -1 98 0.47916102409362793 0
1 -1 1 479.78 359.58 -2 98 2.791959047317505 0
1 -1 2 461.89 359.78 -4 98 5.618841171264648 0
1 -1 3 509.91 297.76 -1 98 0.010949134826660156 0
1 -1 4 479.38 359.58 -2 98 3.126960039138794 0
1 -1 5 423.25 310.17 -1 98 5.177289009094238 0
2 -1 0 585.23 0 -1 95 0.45006489753723145 0
2 -1 1 515.25 352.16 -1 95 2.4717440605163574 0
2 -1 2 512.08 359.83 -2 95 4.685781955718994 0
2 -1 3 548.62 317.98 -1 95 0.009866952896118164 0
2 -1 4 514.88 371.14 -2 95 2.3809101581573486 0
2 -1 5 495.86 346.94 -2 95 4.291115999221802 0
random:0T:1200
0 -1 0 922.54 452.78 -2 86 0.5425341129302979 0
0 -1 1 814.9 570.5799999999999 -1 86 3.2841250896453857 0
0 -1 2 810.42 567.79 -2 86 4.426459074020386 0
0 -1 3 829.05 376.98999999999995 -1 86 0.009335994720458984 0
0 -1 4 820.95 506.18999999999994 -1 86 3.352458953857422 0
0 -1 5 806.88 557.28 -1 86 4.264263868331909 0
1 -1 0 753.06 403.6 -1 98 0.6276140213012695 0
1 -1 1 647.56 439.25 -1 98 4.585459232330322 0
1 -1 2 644.18 527.73 -4 98 7.28175687789917 0
1 -1 3 718.47 411.13000000000005 -1 98 0.01095890998840332 0
1 -1 4 639.02 441.32 -2 98 4.507711410522461 0
1 -1 5 576.04 413.90999999999997 -2 98 5.830162763595581 0
2 -1 0 801.31 182.27 -1 95 0.5670340061187744 0
2 -1 1 694.97 429.09999999999997 -2 95 3.5355498790740967 0
2 -1 2 705.65 514.86 -2 95 6.1510009765625 0
2 -1 3 750.03 406.61 -1 95 0.010463953018188477 0
2 -1 4 711.48 480.78000000000003 -1 95 3.9465131759643555 0
2 -1 5 686.02 520.2800000000001 -1 95 5.894850015640259 0
random:0T:1500
0 -1 0 1176.21 618.74 -1 86 0.6764352321624756 0
0 -1 1 1031.0 646.51 -1 86 4.105633974075317 0
0 -1 2 1006.1 677.02 -1 86 5.157071113586426 0
0 -1 3 1055.96 501.47999999999996 -1 86 0.011022090911865234 0
0 -1 4 1047.51 710.16 -2 86 4.69514012336731 0
0 -1 5 1023.87 708.66 -1 86 5.448040246963501 0
1 -1 0 941.11 526.64 -1 98 0.7619369029998779 0
1 -1 1 809.32 576.15 -1 98 5.968544960021973 0
1 -1 2 818.22 585.86 -1 98 9.365063905715942 0
1 -1 3 906.36 525.8100000000001 -1 98 0.011310100555419922 0
1 -1 4 822.19 652.98 -2 98 6.266540050506592 0
1 -1 5 756.19 530.23 -1 98 7.447522878646851 0
2 -1 0 1020.79 255.93 -1 95 0.7303497791290283 0
2 -1 1 881.89 592.16 -1 95 4.979392051696777 0
2 -1 2 866.92 583.9 -1 95 7.088298082351685 0
2 -1 3 968.99 528.07 -1 95 0.011799097061157227 0
2 -1 4 894.9 703.1999999999999 -1 95 5.440835952758789 0
2 -1 5 861.72 628.29 -1 95 7.077980041503906 0
random:1T:300
0 -1 0 192.54 34.87 -1 61 0.08777189254760742 1
0 -1 1 171.47 70.98 -1 61 0.5391139984130859 1
0 -1 2 169.89 72.49 -1 61 1.028900146484375 1
0 -1 3 185.13 24.79 -1 61 0.0036749839782714844 1
0 -1 4 171.47 70.98 -1 61 0.5326220989227295 1
0 -1 5 157.51 45.49 -1 61 0.7854859828948975 1
1 -1 0 124.7 0 -16 122 0.20476675033569336 1
1 -1 1 123.18 0.0 -7 122 0.033982038497924805 1
1 -1 2 121.1 0.0 -8 122 3.304807186126709 1
1 -1 3 119.25 0.0 -11 122 0.006692171096801758 1
1 -1 4 123.18 0.0 -7 122 0.0319819450378418 1
1 -1 5 96.42 0.0 -18 122 2.318336009979248 1
2 -1 0 123.71 0.0 -4 93 0.12027120590209961 1
2 -1 1 119.8 0.02 -1 93 0.022301912307739258 1
2 -1 2 120.01 2.59 -1 93 1.824688196182251 1
2 -1 3 116.05 0.0 -7 93 0.0051021575927734375 1
2 -1 4 119.8 0.02 -1 93 0.022224903106689453 1
2 -1 5 100.54 0.0 -6 93 1.3264429569244385 1
random:1T:600
0 -1 0 482.65 108.31 -1 61 0.1982252597808838 1
0 -1 1 444.23 282.96 -1 61 0.7226161956787109 1
0 -1 2 437.89 277.0 -1 61 1.1354479789733887 1
0 -1 3 455.73 261.58 -1 61 0.005657196044921875 1
0 -1 4 444.22 290.21 -2 61 0.740638017654419 1
0 -1 5 419.75 257.57000000000005 -2 61 1.2393560409545898 1
1 -1 0 319.05 142.78 -2 122 0.3916349411010742 1
1 -1 1 293.71 202.01999999999998 -1 122 1.8066811561584473 1
1 -1 2 293.66 202.98000000000002 -1 122 6.00416111946106 1
1 -1 3 306.06 0.26 -1 122 0.007922172546386719 1
1 -1 4 293.77 202.01999999999998 -1 122 2.052865982055664 1
1 -1 5 266.23 129.07000000000002 -1 122 8.63262414932251 1
2 -1 0 340.01 184.67 -2 93 0.2811930179595947 1
2 -1 1 324.24 252.60000000000002 -4 93 1.8759512901306152 1
2 -1 2 322.5 246.58 -4 93 3.4697751998901367 1
2 -1 3 322.44 83.28 -1 93 0.006093025207519531 1
2 -1 4 324.51 254.22 -4 93 1.793950080871582 1
2 -1 5 298.22 222.51999999999998 -1 93 3.1477701663970947 1
random:1T:900
0 -1 0 781.37 229.83 -1 61 0.2860109806060791 1
0 -1 1 690.67 439.9599999999999 -1 61 1.1798300743103027 1
0 -1 2 692.87 462.55999999999995 -2 61 1.7378439903259277 1
0 -1 3 723.94 421.85999999999996 -1 61 0.007414579391479492 1
0 -1 4 694.47 465.64 -2 61 1.2495222091674805 1
0 -1 5 668.58 436.3399999999999 -2 61 1.5566651821136475 1
1 -1 0 515.47 237.99 -2 122 0.6116199493408203 1
1 -1 1 475.21 365.31 -2 122 4.228744983673096 1
1 -1 2 471.48 345.28 -1 122 9.480096101760864 1
1 -1 3 479.27 243.81999999999996 -1 122 0.01146697998046875 1
1 -1 4 475.9 366.62 -2 122 4.41602897644043 1
1 -1 5 432.59 267.38 -1 122 7.940924882888794 1
2 -1 0 553.18 158.05 -1 93 0.43346095085144043 1
2 -1 1 519.83 379.43 -1 93 4.181657075881958 1
2 -1 2 515.25 417.94999999999993 -2 93 5.834388971328735 1
2 -1 3 513.25 173.66 -1 93 0.008032083511352539 1
2 -1 4 519.12 379.42999999999995 -1 93 4.295300006866455 1
2 -1 5 491.66 385.67999999999995 -1 93 4.553476095199585 1
random:1T:1200
0 -1 0 1072.88 465.02 -1 61 0.41576313972473145 1
0 -1 1 936.31 597.82 -1 61 2.05110502243042 1
0 -1 2 943.0 631.74 -1 61 2.541867971420288 1
0 -1 3 991.19 579.9 -1 61 0.010026931762695312 1
0 -1 4 936.2 609.4200000000001 -1 61 1.9477510452270508 1
0 -1 5 907.1 585.8 -1 61 2.468508243560791 1
1 -1 0 708.89 395.87 -2 122 0.8005218505859375 1
1 -1 1 648.88 509.42 -1 122 7.5867767333984375 1
1 -1 2 636.2 503.95000000000005 -2 122 12.53917908668518 1
1 -1 3 666.56 376.46 -1 122 0.012263298034667969 1
1 -1 4 649.43 504.61 -1 122 7.6354241371154785 1
1 -1 5 589.9 445.11000000000007 -1 122 11.852646827697754 1
2 -1 0 768.23 332.45 -1 93 0.6461350917816162 1
2 -1 1 711.79 537.02 -1 93 6.928877115249634 1
2 -1 2 711.71 588.74 -2 93 8.720012664794922 1
2 -1 3 714.68 313.89000000000004 -1 93 0.010101079940795898 1
2 -1 4 710.37 591.93 -1 93 6.368052959442139 1
2 -1 5 686.49 565.99 -2 93 6.442074298858643 1
random:1T:1500
0 -1 0 1362.2 601.1 -1 61 0.5206582546234131 1
0 -1 1 1185.69 773.6600000000001 -1 61 2.5037660598754883 1
0 -1 2 1185.17 791.85 -1 61 2.9725189208984375 1
0 -1 3 1264.5 745.7299999999999 -1 61 0.011753082275390625 1
0 -1 4 1197.18 797.9800000000001 -1 61 2.522735118865967 1
0 -1 5 1155.33 770.35 -1 61 3.178126811981201 1
1 -1 0 903.02 602.76 -2 122 0.9862580299377441 1
1 -1 1 822.75 673.46 -2 122 11.046353816986084 1
1 -1 2 821.51 677.8299999999999 -1 122 15.974121332168579 1
1 -1 3 843.71 405.94999999999993 -1 122 0.014199972152709961 1
1 -1 4 814.7 653.29 -1 122 10.970131874084473 1
1 -1 5 757.81 573.5099999999999 -1 122 12.86915111541748 1
2 -1 0 982.79 490.0400000000001 -1 93 0.7514350414276123 1
2 -1 1 897.3 691.94 -1 93 8.318464994430542 1
2 -1 2 902.58 725.4199999999998 -1 93 10.850330829620361 1
2 -1 3 918.64 384.19000000000005 -1 93 0.011173009872436523 1
2 -1 4 889.99 726.12 -2 93 7.920918226242065 1
2 -1 5 866.39 700.2199999999999 -1 93 8.03593397140503 1
random:2T:300
0 -1 0 191.87 117.61 -2 55 0.08455204963684082 2
0 -1 1 180.92 127.4 -1 55 0.14171767234802246 2
0 -1 2 180.92 128.29 -1 55 0.5560119152069092 2
0 -1 3 183.99 34.11 -1 55 0.0036439895629882812 2
0 -1 4 180.92 128.29 -1 55 0.15183305740356445 2
0 -1 5 149.56 55.11 -1 55 0.7875080108642578 2
1 -1 0 162.31 0.0 -2 77 0.12321615219116211 2
1 -1 1 160.49 64.21 -1 77 0.78495192527771 2
1 -1 2 160.49 64.21 -1 77 1.9975957870483398 2
1 -1 3 158.53 0.0 -4 77 0.004988193511962891 2
1 -1 4 160.49 64.21 -1 77 0.7855801582336426 2
1 -1 5 131.63 0.0 -3 77 1.0445539951324463 2
2 -1 0 154.52 27.91 -1 77 0.0916297435760498 2
2 -1 1 150.14 33.73 -1 77 0.2989981174468994 2
2 -1 2 150.14 33.73 -1 77 1.1604549884796143 2
2 -1 3 140.74 0.0 -5 77 0.0043027400970458984 2
2 -1 4 150.14 33.73 -1 77 0.2971830368041992 2
2 -1 5 153.17 31.89 -1 77 1.025979995727539 2
random:2T:600
0 -1 0 434.49 291.88 -2 55 0.16884708404541016 2
0 -1 1 416.42 333.46 -1 55 0.5905311107635498 2
0 -1 2 415.67 332.64 -4 55 1.0796360969543457 2
0 -1 3 430.61 273.19 -1 55 0.00556492805480957 2
0 -1 4 415.67 332.64 -4 55 0.6782197952270508 2
0 -1 5 381.09 297.75 -4 55 0.9085719585418701 2
1 -1 0 384.87 279.32 -1 77 0.2482619285583496 2
1 -1 1 375.24 305.85 -4 77 1.2181661128997803 2
1 -1 2 375.24 305.85 -4 77 2.4333748817443848 2
1 -1 3 379.69 214.76000000000002 -1 77 0.006909847259521484 2
1 -1 4 375.24 305.85 -4 77 1.2362060546875 2
1 -1 5 330.16 245.26 -1 77 1.9063138961791992 2
2 -1 0 412.71 158.06 -1 77 0.2283329963684082 2
2 -1 1 392.52 279.74 -4 77 0.9302959442138672 2
2 -1 2 393.54 280.53 -2 77 1.882694959640503 2
2 -1 3 366.96 127.39 -1 77 0.0063571929931640625 2
2 -1 4 392.52 279.74 -4 77 0.9283559322357178 2
2 -1 5 395.67 280.21 -4 77 1.7907216548919678 2
random:2T:900
0 -1 0 679.81 480.95000000000005 -2 55 0.25260496139526367 2
0 -1 1 624.99 471.1699999999999 -1 55 1.0916211605072021 2
0 -1 2 628.86 517.2399999999999 -1 55 1.5845139026641846 2
0 -1 3 675.98 431.56999999999994 -1 55 0.007863998413085938 2
0 -1 4 628.86 517.2399999999999 -1 55 1.1736509799957275 2
0 -1 5 600.86 480.54 -1 55 1.391530990600586 2
1 -1 0 604.2 463.7 -1 77 0.38176918029785156 2
1 -1 1 575.03 481.64 -4 77 2.486117124557495 2
1 -1 2 576.53 481.64 -4 77 3.782968044281006 2
1 -1 3 604.28 374.57 -1 77 0.009117841720581055 2
1 -1 4 576.53 481.64 -4 77 2.542428970336914 2
1 -1 5 517.14 409.92 -1 77 2.583174228668213 2
2 -1 0 668.87 419.66 -2 77 0.3428232669830322 2
2 -1 1 619.04 454.6299999999998 -2 77 1.7624168395996094 2
2 -1 2 619.04 454.6299999999998 -2 77 2.655388832092285 2
2 -1 3 597.54 259.46 -1 77 0.008011102676391602 2
2 -1 4 619.04 454.6299999999998 -2 77 1.7200109958648682 2
2 -1 5 626.85 460.50999999999993 -1 77 2.5262088775634766 2
random:2T:1200
0 -1 0 933.12 689.9300000000001 -2 55 0.3307509422302246 2
0 -1 1 841.24 643.7500000000001 -1 55 1.6109399795532227 2
0 -1 2 841.2 681.05 -4 55 2.097459077835083 2
0 -1 3 921.2 588.2699999999999 -1 55 0.009386062622070312 2
0 -1 4 841.2 681.05 -4 55 1.6900408267974854 2
0 -1 5 814.83 649.38 -1 55 1.9518928527832031 2
1 -1 0 815.94 604.9799999999999 -1 77 0.47487902641296387 2
1 -1 1 758.15 622.7900000000002 -1 77 3.537645101547241 2
1 -1 2 758.55 635.4600000000002 -1 77 4.841507196426392 2
1 -1 3 830.32 512.4 -1 77 0.011185884475708008 2
1 -1 4 758.55 635.4600000000002 -1 77 3.6494150161743164 2
1 -1 5 701.36 579.5600000000001 -1 77 3.753298044204712 2
2 -1 0 923.41 535.83 -1 77 0.4563148021697998 2
2 -1 1 845.89 620.45 -1 77 2.7704780101776123 2
2 -1 2 845.89 620.45 -1 77 3.6608569622039795 2
2 -1 3 829.57 370.94 -1 77 0.009083032608032227 2
2 -1 4 845.89 620.45 -1 77 2.769970178604126 2
2 -1 5 833.22 599.7800000000001 -1 77 3.320736885070801 2
random:2T:1500
0 -1 0 1178.25 827.8900000000001 -1 55 0.42011308670043945 2
0 -1 1 1064.49 839.55 -1 55 2.3516829013824463 2
0 -1 2 1046.23 817.45 -1 55 2.650836944580078 2
0 -1 3 1169.65 763.63 -1 55 0.011085271835327148 2
0 -1 4 1046.23 817.45 -1 55 2.255380153656006 2
0 -1 5 1049.36 844.5400000000001 -2 55 2.6277859210968018 2
1 -1 0 1034.98 734.1800000000001 -1 77 0.5990200042724609 2
1 -1 1 944.59 766.7200000000001 -1 77 4.821118116378784 2
1 -1 2 965.52 765.22 -1 77 6.440806865692139 2
1 -1 3 1054.54 637.49 -1 77 0.012558937072753906 2
1 -1 4 965.52 765.22 -1 77 5.299499034881592 2
1 -1 5 908.86 743.3000000000002 -2 77 5.668225049972534 2
2 -1 0 1173.29 640.4499999999999 -1 77 0.5871601104736328 2
2 -1 1 1058.9 765.6200000000001 -1 77 3.708348035812378 2
2 -1 2 1058.9 765.6200000000001 -1 77 4.584154844284058 2
2 -1 3 1057.73 502.97 -1 77 0.01134181022644043 2
2 -1 4 1058.9 765.6200000000001 -1 77 3.5947928428649902 2
2 -1 5 1060.44 759.2199999999998 -1 77 4.280703067779541 2
random:3T:300
0 -1 0 133.99 0.0 -3 97 0.1635279655456543 3
0 -1 1 133.21 0.53 -1 97 0.027229785919189453 3
0 -1 2 132.34 0.0 -1 97 2.520530939102173 3
0 -1 3 131.04 0.0 -7 97 0.0058040618896484375 3
0 -1 4 133.21 0.53 -1 97 0.027454853057861328 3
0 -1 5 117.28 0.0 -9 97 1.747995138168335 3
1 -1 0 173.91 0.0 -2 94 0.15628290176391602 3
1 -1 1 172.2 27.340000000000003 -1 94 0.188277006149292 3
1 -1 2 159.99 12.73 -1 94 1.8072082996368408 3
1 -1 3 162.18 0.0 -5 94 0.005258083343505859 3
1 -1 4 172.2 27.340000000000003 -1 94 0.18897032737731934 3
1 -1 5 123.52 0.0 -4 94 1.450049638748169 3
2 -1 0 140.17 0.0 -4 86 0.12436604499816895 3
2 -1 1 138.13 42.9 -1 86 0.6275441646575928 3
2 -1 2 138.16 43.2 -1 86 2.1087679862976074 3
2 -1 3 126.86 0.0 -6 86 0.004932880401611328 3
2 -1 4 138.13 42.9 -1 86 0.6285688877105713 3
2 -1 5 132.67 26.96 -1 86 1.72940993309021 3
random:3T:600
0 -1 0 338.92 161.37 -1 97 0.3346550464630127 3
0 -1 1 334.38 258.91 -2 97 2.379582166671753 3
0 -1 2 330.67 251.92000000000002 -2 97 4.930910110473633 3
0 -1 3 335.18 100.37 -1 97 0.007972240447998047 3
0 -1 4 335.17 258.18 -2 97 2.387345790863037 3
0 -1 5 300.0 213.67999999999998 -1 97 3.977182149887085 3
1 -1 0 423.83 95.5 -1 94 0.30364418029785156 3
1 -1 1 389.9 240.8 -1 94 1.3214762210845947 3
1 -1 2 380.48 243.34 -4 94 3.348507881164551 3
1 -1 3 376.99 171.8 -1 94 0.007439851760864258 3
1 -1 4 391.5 258.28000000000003 -2 94 1.5534918308258057 3
1 -1 5 339.99 203.06 -1 94 2.843708038330078 3
2 -1 0 365.26 51.49 -1 86 0.2793111801147461 3
2 -1 1 351.79 270.97 -2 86 1.6169099807739258 3
2 -1 2 351.72 270.83 -2 86 3.086548089981079 3
2 -1 3 339.47 129.22 -1 86 0.006649017333984375 3
2 -1 4 351.79 270.97 -2 86 1.6038846969604492 3
2 -1 5 345.36 259.09 -2 86 2.8527469635009766 3
random:3T:900
0 -1 0 544.65 396.09999999999997 -1 97 0.49193763732910156 3
0 -1 1 514.86 375.15000000000003 -2 97 3.844585418701172 3
0 -1 2 515.75 377.66 -2 97 6.844964027404785 3
0 -1 3 528.22 333.51 -1 97 0.01063084602355957 3
0 -1 4 519.84 375.14 -2 97 4.262591123580933 3
0 -1 5 484.89 359.58 -2 97 6.156577110290527 3
1 -1 0 675.56 301.41 -1 94 0.4525611400604248 3
1 -1 1 607.55 409.78000000000003 -2 94 3.098386764526367 3
1 -1 2 580.73 401.34 -2 94 4.891635894775391 3
1 -1 3 612.27 327.83000000000004 -1 94 0.00961613655090332 3
1 -1 4 606.37 405.0 -2 94 3.4111340045928955 3
1 -1 5 552.92 372.96000000000004 -4 94 4.4126200675964355 3
2 -1 0 589.4 400.23 -1 86 0.41739511489868164 3
2 -1 1 550.52 438.00000000000006 -2 86 3.09206223487854 3
2 -1 2 549.56 437.31 -1 86 4.7452027797698975 3
2 -1 3 551.02 233.14999999999998 -1 86 0.008154153823852539 3
2 -1 4 549.82 435.95 -1 86 2.965214967727661 3
2 -1 5 538.42 426.13 -1 86 4.339899778366089 3
random:3T:1200
0 -1 0 752.1 502.3 -1 97 0.7234549522399902 3
0 -1 1 704.49 562.75 -1 97 7.411380290985107 3
0 -1 2 691.51 565.8000000000001 -1 97 9.983981132507324 3
0 -1 3 729.48 417.36000000000007 -1 97 0.012719154357910156 3
0 -1 4 685.27 507.54 -1 97 6.6067938804626465 3
0 -1 5 669.02 533.12 -1 97 8.678217887878418 3
1 -1 0 928.89 463.35 -1 94 0.6246750354766846 3
1 -1 1 819.3 542.21 -1 94 4.2471160888671875 3
1 -1 2 788.25 552.63 -2 94 5.907886266708374 3
1 -1 3 833.19 461.64 -1 94 0.011461019515991211 3
1 -1 4 818.63 592.2299999999999 -2 94 4.305562257766724 3
1 -1 5 763.73 497.69000000000005 -1 94 5.830624103546143 3
2 -1 0 819.96 524.52 -1 86 0.5664517879486084 3
2 -1 1 737.26 580.8699999999999 -1 86 3.96451997756958 3
2 -1 2 747.55 598.97 -1 86 5.818665981292725 3
2 -1 3 752.29 345.3299999999999 -1 86 0.012495994567871094 3
2 -1 4 745.4 597.28 -1 86 4.232661962509155 3
2 -1 5 744.87 586.59 -1 86 5.683796167373657 3
random:3T:1500
0 -1 0 950.9 663.74 -1 97 0.8262758255004883 3
0 -1 1 893.59 637.27 -1 97 10.014700174331665 3
0 -1 2 869.42 689.44 -1 97 11.898651123046875 3
0 -1 3 936.45 563.21 -1 97 0.015130996704101562 3
0 -1 4 879.45 613.0 -1 97 10.138962030410767 3
0 -1 5 858.03 695.1700000000001 -2 97 12.183893918991089 3
1 -1 0 1179.99 630.19 -1 94 0.8575952053070068 3
1 -1 1 1010.3 633.1600000000001 -1 94 5.994693040847778 3
1 -1 2 1009.21 705.36 -1 94 8.20765209197998 3
1 -1 3 1051.37 558.12 -1 94 0.013922929763793945 3
1 -1 4 1014.8 715.9499999999999 -2 94 6.393158912658691 3
1 -1 5 970.87 623.44 -1 94 7.348042011260986 3
2 -1 0 1030.96 711.4200000000001 -2 86 0.7485570907592773 3
2 -1 1 948.99 754.05 -1 86 6.307053804397583 3
2 -1 2 966.0 765.45 -1 86 8.38863492012024 3
2 -1 3 966.88 489.4699999999999 -1 86 0.012314081192016602 3
2 -1 4 965.66 765.15 -1 86 6.773834943771362 3
2 -1 5 911.61 706.11 -1 86 6.208564043045044 3
random:4T:300
0 -1 0 131.96 0 -9 97 0.17131900787353516 4
0 -1 1 133.82 3.71 -1 97 0.03195309638977051 4
0 -1 2 127.64 0.0 -4 97 2.485150098800659 4
0 -1 3 130.71 0.0 -7 97 0.006425142288208008 4
0 -1 4 133.82 3.71 -1 97 0.032003164291381836 4
0 -1 5 117.26 0.0 -9 97 1.9543571472167969 4
1 -1 0 126.94 0 -9 93 0.16426301002502441 4
1 -1 1 131.69 21.16 -1 93 0.22812485694885254 4
1 -1 2 131.69 21.16 -1 93 2.460988998413086 4
1 -1 3 116.4 0.0 -7 93 0.0058460235595703125 4
1 -1 4 131.69 21.16 -1 93 0.18658685684204102 4
1 -1 5 117.0 0.0 -3 93 1.939547061920166 4
2 -1 0 198.41 0.0 -5 85 0.16532015800476074 4
2 -1 1 179.54 77.45 -1 85 1.4599049091339111 4
2 -1 2 179.54 77.45 -1 85 2.983071804046631 4
2 -1 3 163.02 0.0 -5 85 0.005525112152099609 4
2 -1 4 179.54 77.45 -1 85 1.4779448509216309 4
2 -1 5 155.17 17.18 -1 85 1.5505800247192383 4
random:4T:600
0 -1 0 340.13 215.08 -1 97 0.3556361198425293 4
0 -1 1 336.65 261.90999999999997 -1 97 2.353588342666626 4
0 -1 2 320.53 237.91 -1 97 5.052040100097656 4
0 -1 3 335.2 100.37 -1 97 0.00852513313293457 4
0 -1 4 336.3 260.36999999999995 -2 97 2.485468864440918 4
0 -1 5 299.34 210.38 -1 97 4.527831077575684 4
1 -1 0 343.96 208.37 -2 93 0.3095259666442871 4
1 -1 1 338.7 265.34000000000003 -1 93 2.011629104614258 4
1 -1 2 338.7 265.34000000000003 -1 93 4.311920166015625 4
1 -1 3 324.6 101.99 -1 93 0.00735783576965332 4
1 -1 4 338.7 265.34000000000003 -1 93 2.010739803314209 4
1 -1 5 312.23 236.16 -1 93 3.632045030593872 4
2 -1 0 456.41 214.42 -1 85 0.3150298595428467 4
2 -1 1 408.92 270.9999999999999 -4 85 2.3109209537506104 4
2 -1 2 408.46 269.19999999999993 -4 85 3.8674159049987793 4
2 -1 3 391.31 135.79999999999998 -1 85 0.009418010711669922 4
2 -1 4 408.46 269.19999999999993 -4 85 2.3178250789642334 4
2 -1 5 376.15 250.18 -2 85 3.083791971206665 4
random:4T:900
0 -1 0 547.24 346.91 -1 97 0.5361318588256836 4
0 -1 1 521.17 375.93 -2 97 5.108168125152588 4
0 -1 2 511.1 412.4 -2 97 7.474775791168213 4
0 -1 3 527.61 317.02 -1 97 0.010909795761108398 4
0 -1 4 521.2 375.94000000000005 -2 97 5.158821105957031 4
0 -1 5 491.6 358.74 -2 97 6.621468782424927 4
1 -1 0 560.86 357.36 -1 93 0.512164831161499 4
1 -1 1 526.73 431.78 -4 93 3.3892340660095215 4
1 -1 2 537.35 437.54 -1 93 6.198760032653809 4
1 -1 3 513.0 179.41 -1 93 0.009164094924926758 4
1 -1 4 537.35 437.54 -1 93 3.967653751373291 4
1 -1 5 514.95 367.46 -2 93 5.505617141723633 4
2 -1 0 711.68 284.89 -1 85 0.47777605056762695 4
2 -1 1 651.36 464.90999999999997 -2 85 3.526794910430908 4
2 -1 2 651.36 464.90999999999997 -2 85 4.906652927398682 4
2 -1 3 622.97 267.06 -1 85 0.009603023529052734 4
2 -1 4 651.36 464.90999999999997 -2 85 3.402163028717041 4
2 -1 5 595.48 412.68 -2 85 4.274308919906616 4
random:4T:1200
0 -1 0 749.66 455.15 -1 97 0.7459020614624023 4
0 -1 1 701.71 550.17 -1 97 7.493934869766235 4
0 -1 2 697.23 574.45 -1 97 10.314598083496094 4
0 -1 3 729.67 423.4 -1 97 0.012907028198242188 4
0 -1 4 699.14 544.79 -1 97 7.727940082550049 4
0 -1 5 680.98 546.9000000000001 -2 97 9.451619148254395 4
1 -1 0 775.45 524.23 -2 93 0.6374797821044922 4
1 -1 1 734.44 608.9000000000001 -1 93 5.931452035903931 4
1 -1 2 726.21 606.67 -4 93 7.877871990203857 4
1 -1 3 716.0 329.01 -1 93 0.011664867401123047 4
1 -1 4 726.21 606.67 -4 93 5.74543309211731 4
1 -1 5 703.7 533.28 -1 93 6.997112035751343 4
2 -1 0 969.9 314.13 -1 85 0.595412015914917 4
2 -1 1 872.43 617.9399999999999 -1 85 4.771706819534302 4
2 -1 2 872.91 626.2399999999999 -1 85 6.006533145904541 4
2 -1 3 850.86 371.48 -1 85 0.011333942413330078 4
2 -1 4 872.91 626.2399999999999 -1 85 4.501827001571655 4
2 -1 5 826.47 585.0 -4 85 5.6195759773254395 4
random:4T:1500
0 -1 0 950.7 695.06 -1 97 0.8672051429748535 4
0 -1 1 898.09 688.73 -1 97 11.091875076293945 4
0 -1 2 865.94 636.02 -1 97 12.77932095527649 4
0 -1 3 936.28 557.6 -1 97 0.01433706283569336 4
0 -1 4 867.88 692.85 -1 97 9.311773300170898 4
0 -1 5 861.01 694.2900000000001 -2 97 11.786144971847534 4
1 -1 0 991.46 705.9000000000001 -1 93 0.7714061737060547 4
1 -1 1 927.32 747.61 -1 93 8.386934041976929 4
1 -1 2 926.33 745.2900000000001 -1 93 10.94537901878357 4
1 -1 3 921.45 423.84 -1 93 0.012654781341552734 4
1 -1 4 926.33 745.2900000000001 -1 93 8.460179090499878 4
1 -1 5 884.99 697.6700000000001 -1 93 9.292102813720703 4
2 -1 0 1232.45 357.85 -1 85 0.7844810485839844 4
2 -1 1 1071.29 757.1800000000001 -1 85 5.6524999141693115 4
2 -1 2 1074.04 755.34 -1 85 6.961871862411499 4
2 -1 3 1076.27 506.21000000000004 -1 85 0.012778997421264648 4
2 -1 4 1070.1 757.1800000000001 -1 85 5.412781000137329 4
2 -1 5 1047.56 721.29 -1 85 7.161391973495483 4
random:5T:300
0 -1 0 153.32 0.0 -2 72 0.13161683082580566 5
0 -1 1 137.21 20.31 -1 72 0.09487390518188477 5
0 -1 2 133.76 14.11 -1 72 1.1852037906646729 5
0 -1 3 144.36 0.0 -3 72 0.004678010940551758 5
0 -1 4 137.21 20.31 -1 72 0.09460687637329102 5
0 -1 5 117.13 0.0 -4 72 0.9106218814849854 5
1 -1 0 136.06 0 -10 95 0.1446537971496582 5
1 -1 1 128.7 0.0 -4 95 0.05614185333251953 5
1 -1 2 128.7 0.0 -4 95 1.4202589988708496 5
1 -1 3 122.54 0.0 -5 95 0.0055789947509765625 5
1 -1 4 128.7 0.0 -4 95 0.0554659366607666 5
1 -1 5 107.74 0.0 -7 95 1.1505939960479736 5
2 -1 0 144.63 0.0 -1 79 0.14497780799865723 5
2 -1 1 137.77 0.0 -1 79 0.02791428565979004 5
2 -1 2 137.77 0.0 -1 79 1.4899251461029053 5
2 -1 3 136.53 0.0 -5 79 0.005040884017944336 5
2 -1 4 137.77 0.0 -1 79 0.028203964233398438 5
2 -1 5 130.7 0.0 -2 79 1.424856185913086 5
random:5T:600
0 -1 0 398.26 233.5 -1 72 0.27983880043029785 5
0 -1 1 350.9 235.81 -1 72 0.9181220531463623 5
0 -1 2 344.2 229.98000000000002 -1 72 2.0208919048309326 5
0 -1 3 375.4 209.86 -1 72 0.006515979766845703 5
0 -1 4 350.89 239.75 -1 72 0.9702222347259521 5
0 -1 5 329.38 216.91 -1 72 1.957021951675415 5
1 -1 0 394.96 134.72 -1 95 0.3166680335998535 5
1 -1 1 362.01 223.69 -1 95 1.227759838104248 5
1 -1 2 361.92 220.66000000000003 -1 95 3.023397207260132 5
1 -1 3 353.57 157.32999999999998 -1 95 0.007396221160888672 5
1 -1 4 361.92 220.66000000000003 -1 95 1.3436548709869385 5
1 -1 5 336.06 198.7 -1 95 2.389647960662842 5
2 -1 0 362.67 204.47 -1 79 0.3029491901397705 5
2 -1 1 335.37 270.58 -2 79 1.1553919315338135 5
2 -1 2 335.37 270.58 -2 79 2.671428680419922 5
2 -1 3 348.16 180.54000000000002 -1 79 0.006663322448730469 5
2 -1 4 335.37 270.58 -2 79 1.152066946029663 5
2 -1 5 320.55 242.93 -1 79 2.26798677444458 5
random:5T:900
0 -1 0 629.66 425.52 -1 72 0.3981449604034424 5
0 -1 1 566.6 424.82000000000005 -1 72 1.82204008102417 5
0 -1 2 554.08 419.71 -1 72 3.3177709579467773 5
0 -1 3 612.25 366.6700000000001 -1 72 0.00867319107055664 5
0 -1 4 558.57 413.17999999999995 -1 72 2.039705276489258 5
0 -1 5 538.58 366.9 -2 72 2.5581769943237305 5
1 -1 0 652.35 262.66 -1 95 0.47220921516418457 5
1 -1 1 582.72 389.3799999999999 -2 95 2.558588981628418 5
1 -1 2 581.34 385.19000000000017 -1 95 5.065890073776245 5
1 -1 3 588.83 288.63 -1 95 0.009142875671386719 5
1 -1 4 581.34 385.19000000000017 -1 95 3.61493182182312 5
1 -1 5 555.1 355.08 -2 95 3.868201971054077 5
2 -1 0 576.71 446.0 -1 79 0.4372222423553467 5
2 -1 1 521.69 444.8 -3 79 1.99104905128479 5
2 -1 2 521.69 444.8 -3 79 3.4551591873168945 5
2 -1 3 564.33 418.69 -1 79 0.008273839950561523 5
2 -1 4 521.69 444.8 -3 79 1.99202299118042 5
2 -1 5 513.75 418.11 -1 79 3.4957220554351807 5
random:5T:1200
0 -1 0 873.86 586.89 -1 72 0.5444748401641846 5
0 -1 1 746.93 497.46 -1 72 2.4609689712524414 5
0 -1 2 752.83 529.36 -1 72 3.867349863052368 5
0 -1 3 850.12 510.2300000000001 -1 72 0.01055598258972168 5
0 -1 4 709.86 518.52 -1 72 3.15057110786438 5
0 -1 5 734.88 492.07 -1 72 3.31065034866333 5
1 -1 0 905.2 436.17999999999995 -1 95 0.628122091293335 5
1 -1 1 814.18 536.16 -1 95 4.027490139007568 5
1 -1 2 765.94 498.69000000000017 -1 95 5.841750144958496 5
1 -1 3 805.44 406.53 -1 95 0.010939836502075195 5
1 -1 4 765.94 498.69000000000017 -1 95 4.550416946411133 5
1 -1 5 770.87 492.76 -1 95 4.8178629875183105 5
2 -1 0 785.75 577.39 -1 79 0.5870521068572998 5
2 -1 1 702.9 603.93 -2 79 2.935135841369629 5
2 -1 2 701.03 604.89 -2 79 4.334920883178711 5
2 -1 3 765.07 658.4 -1 79 0.009962081909179688 5
2 -1 4 701.03 604.89 -2 79 2.8627750873565674 5
2 -1 5 704.85 602.9200000000001 -1 79 4.588090896606445 5
random:5T:1500
0 -1 0 1136.92 745.02 -1 72 0.6603498458862305 5
0 -1 1 938.94 638.1300000000001 -1 72 3.1734049320220947 5
0 -1 2 917.78 636.72 -1 72 4.601168155670166 5
0 -1 3 1087.03 648.1100000000001 -1 72 0.013818025588989258 5
0 -1 4 922.0 606.1999999999999 -1 72 3.631694793701172 5
0 -1 5 922.17 626.32 -1 72 4.123878002166748 5
1 -1 0 1161.79 594.98 -1 95 0.8175086975097656 5
1 -1 1 1033.6 654.54 -1 95 5.9827070236206055 5
1 -1 2 955.26 593.91 -1 95 8.714112758636475 5
1 -1 3 1023.98 518.5400000000001 -1 95 0.013580799102783203 5
1 -1 4 955.26 593.91 -1 95 7.043136835098267 5
1 -1 5 985.19 643.5500000000001 -1 95 7.1088478565216064 5
2 -1 0 1005.29 753.38 -1 79 0.758652925491333 5
2 -1 1 902.81 750.14 -2 79 4.373456001281738 5
2 -1 2 893.78 665.23 -2 79 5.849886894226074 5
2 -1 3 972.5 913.8399999999999 -1 79 0.012223958969116211 5
2 -1 4 893.78 665.23 -2 79 4.3196940422058105 5
2 -1 5 872.0 683.3799999999999 -2 79 5.622722148895264 5
random:6T:300
0 -1 0 157.17 0 -6 80 0.10569429397583008 6
0 -1 1 137.12 0.0 -2 80 0.017798900604248047 6
0 -1 2 137.12 0.0 -2 80 0.7820899486541748 6
0 -1 3 128.78 0.0 -4 80 0.004509925842285156 6
0 -1 4 137.12 0.0 -2 80 0.018078088760375977 6
0 -1 5 105.08 0.0 -6 80 0.5957400798797607 6
1 -1 0 121.68 0 -11 78 0.13696503639221191 6
1 -1 1 119.51 0.0 -2 78 0.021281957626342773 6
1 -1 2 115.36 0.0 -5 78 1.260416030883789 6
1 -1 3 118.86 0.0 -6 78 0.004602193832397461 6
1 -1 4 119.51 0.0 -2 78 0.02091693878173828 6
1 -1 5 96.79 0.0 -8 78 1.0431900024414062 6
2 -1 0 138.04 0.0 -4 86 0.1398329734802246 6
2 -1 1 132.63 0.0 -1 86 0.023106098175048828 6
2 -1 2 133.88 0.0 -2 86 1.8144571781158447 6
2 -1 3 131.48 0.0 -6 86 0.005255222320556641 6
2 -1 4 132.63 0.0 -1 86 0.02350616455078125 6
2 -1 5 114.22 0.0 -8 86 1.2513799667358398 6
random:6T:600
0 -1 0 427.37 0.0 -3 80 0.26171398162841797 6
0 -1 1 384.42 245.17000000000002 -1 80 0.8070740699768066 6
0 -1 2 380.26 239.55 -2 80 1.6820919513702393 6
0 -1 3 375.47 152.47 -1 80 0.006769895553588867 6
0 -1 4 380.26 239.55 -2 80 0.739264965057373 6
0 -1 5 341.89 195.92 -2 80 1.391103982925415 6
1 -1 0 351.4 235.09 -2 78 0.2791628837585449 6
1 -1 1 322.64 249.3 -1 78 1.003087043762207 6
1 -1 2 305.74 222.78 -1 78 2.293552875518799 6
1 -1 3 333.23 132.19 -1 78 0.0060422420501708984 6
1 -1 4 321.96 246.16000000000003 -2 78 1.0326051712036133 6
1 -1 5 290.15 204.84999999999997 -1 78 2.2742831707000732 6
2 -1 0 363.78 205.38 -1 86 0.3197290897369385 6
2 -1 1 332.63 253.5 -2 86 1.0911188125610352 6
2 -1 2 336.28 245.70999999999998 -1 86 3.318453073501587 6
2 -1 3 345.05 134.73 -1 86 0.00700688362121582 6
2 -1 4 333.67 252.95999999999998 -1 86 1.1478238105773926 6
2 -1 5 302.98 198.6 -1 86 2.51873779296875 6
random:6T:900
0 -1 0 688.41 345.03 -2 80 0.38898777961730957 6
0 -1 1 616.27 405.27000000000004 -2 80 1.435243844985962 6
0 -1 2 617.73 407.62999999999994 -2 80 2.3938586711883545 6
0 -1 3 627.3 305.97999999999996 -1 80 0.00939798355102539 6
0 -1 4 617.73 407.62999999999994 -2 80 1.4684698581695557 6
0 -1 5 566.4 370.83000000000004 -2 80 2.0062780380249023 6
1 -1 0 572.91 402.59999999999997 -2 78 0.43370890617370605 6
1 -1 1 500.77 375.47 -2 78 1.9937410354614258 6
1 -1 2 503.64 413.5 -2 78 3.4133710861206055 6
1 -1 3 532.51 357.08 -1 78 0.007632017135620117 6
1 -1 4 502.41 384.17999999999995 -1 78 1.9614169597625732 6
1 -1 5 482.49 388.4 -1 78 3.106520891189575 6
2 -1 0 577.49 381.41 -2 86 0.4510936737060547 6
2 -1 1 527.95 409.37 -1 86 2.211515188217163 6
2 -1 2 524.44 421.27 -2 86 3.987577199935913 6
2 -1 3 551.44 349.58 -1 86 0.008421897888183594 6
2 -1 4 530.2 399.99 -2 86 2.5117249488830566 6
2 -1 5 496.15 354.46999999999997 -1 86 3.430924892425537 6
random:6T:1200
0 -1 0 969.85 502.00000000000006 -2 80 0.4921882152557373 6
0 -1 1 851.83 542.31 -1 80 2.1204869747161865 6
0 -1 2 857.48 582.12 -1 80 2.991126775741577 6
0 -1 3 879.33 458.05999999999995 -1 80 0.010615825653076172 6
0 -1 4 857.49 582.12 -1 80 2.1606650352478027 6
0 -1 5 802.47 531.9 -2 80 2.6482880115509033 6
1 -1 0 795.99 557.5600000000001 -2 78 0.6787877082824707 6
1 -1 1 674.41 498.00000000000006 -1 78 3.9156899452209473 6
1 -1 2 670.95 487.19999999999993 -1 78 4.9933388233184814 6
1 -1 3 730.44 474.33 -1 78 0.00990915298461914 6
1 -1 4 677.17 525.21 -1 78 3.520805835723877 6
1 -1 5 668.29 512.55 -1 78 4.401654005050659 6
2 -1 0 791.72 506.65999999999997 -1 86 0.6709027290344238 6
2 -1 1 726.13 592.74 -2 86 3.9801340103149414 6
2 -1 2 718.38 575.8700000000001 -1 86 5.523777008056641 6
2 -1 3 749.86 420.52000000000004 -1 86 0.01721334457397461 6
2 -1 4 720.51 517.61 -1 86 3.9953439235687256 6
2 -1 5 685.89 487.89 -1 86 4.9770190715789795 6
random:6T:1500
0 -1 0 1240.54 657.95 -2 80 0.6649086475372314 6
0 -1 1 1037.69 670.1400000000001 -1 80 2.6956610679626465 6
0 -1 2 1038.64 680.04 -1 80 3.5446441173553467 6
0 -1 3 1131.6 608.44 -1 80 0.013630390167236328 6
0 -1 4 1038.64 680.04 -1 80 2.7157492637634277 6
0 -1 5 1009.71 609.83 -1 80 4.236135721206665 6
1 -1 0 1011.34 716.8 -1 78 0.8147609233856201 6
1 -1 1 831.68 647.6600000000001 -1 78 4.452576637268066 6
1 -1 2 829.04 651.79 -1 78 5.923072099685669 6
1 -1 3 947.18 630.0 -1 78 0.011755228042602539 6
1 -1 4 825.44 628.3399999999999 -1 78 4.860180139541626 6
1 -1 5 847.45 688.5 -2 78 5.584821939468384 6
2 -1 0 1013.25 721.99 -1 86 0.8276979923248291 6
2 -1 1 898.17 676.83 -2 86 5.333798885345459 6
2 -1 2 878.94 619.33 -1 86 6.627046346664429 6
2 -1 3 969.36 565.48 -1 86 0.012070894241333008 6
2 -1 4 885.42 667.92 -1 86 5.303857326507568 6
2 -1 5 865.04 618.93 -1 86 5.7112579345703125 6
random:7T:300
0 -1 0 142.04 0 -8 99 0.16283297538757324 7
0 -1 1 141.54 0.0 -3 99 0.03660130500793457 7
0 -1 2 131.42 0.0 -4 99 1.7245030403137207 7
0 -1 3 113.11 0.0 -10 99 0.005686044692993164 7
0 -1 4 141.54 0.0 -3 99 0.03407430648803711 7
0 -1 5 106.3 0 -13 99 1.0952980518341064 7
1 -1 0 122.82 0.0 -5 90 0.16438984870910645 7
1 -1 1 115.06 0.0 -7 90 0.08500313758850098 7
1 -1 2 112.18 0.0 -7 90 2.128373622894287 7
1 -1 3 121.68 0.0 -7 90 0.005970954895019531 7
1 -1 4 115.06 0.0 -7 90 0.0867161750793457 7
1 -1 5 91.41 0.0 -15 90 1.4354331493377686 7
2 -1 0 139.31 0 -1 89 0.1827530860900879 7
2 -1 1 139.51 0 -1 89 0.09662103652954102 7
2 -1 2 137.44 14.76 -1 89 2.9355781078338623 7
2 -1 3 131.9 0.0 -6 89 0.00725102424621582 7
2 -1 4 139.51 0 -1 89 0.12172508239746094 7
2 -1 5 106.9 0.0 -9 89 1.7204999923706055 7
random:7T:600
0 -1 0 392.57 0.0 -5 99 0.3865039348602295 7
0 -1 1 372.94 220.23 -2 99 1.4631240367889404 7
0 -1 2 364.92 215.41 -2 99 3.5896658897399902 7
0 -1 3 346.08 121.3 -1 99 0.008826255798339844 7
0 -1 4 372.94 220.23 -2 99 1.4434099197387695 7
0 -1 5 325.12 166.57 -2 99 3.035507917404175 7
1 -1 0 329.9 121.78 -1 90 0.3456590175628662 7
1 -1 1 296.21 226.95 -1 90 1.3262739181518555 7
1 -1 2 293.07 212.05 -1 90 3.939311981201172 7
1 -1 3 325.94 91.29 -1 90 0.008090019226074219 7
1 -1 4 296.28 226.93 -1 90 1.3361880779266357 7
1 -1 5 261.85 146.96 -1 90 5.359105587005615 7
2 -1 0 350.62 28.27 -1 89 0.3331911563873291 7
2 -1 1 329.04 246.25 -1 89 1.5932371616363525 7
2 -1 2 327.85 239.54 -4 89 4.165199279785156 7
2 -1 3 340.33 126.0 -1 89 0.008337020874023438 7
2 -1 4 329.04 246.25 -1 89 1.5843970775604248 7
2 -1 5 294.16 200.59000000000003 -1 89 3.366190195083618 7
random:7T:900
0 -1 0 652.04 0 -1 99 0.5139188766479492 7
0 -1 1 583.88 370.32 -2 99 2.571510076522827 7
0 -1 2 596.03 388.6499999999999 -2 99 5.0197718143463135 7
0 -1 3 572.29 228.88 -1 99 0.009401082992553711 7
0 -1 4 589.85 380.47 -2 99 2.602771043777466 7
0 -1 5 519.13 275.43 -1 99 3.9072377681732178 7
1 -1 0 531.29 265.77 -1 90 0.5139708518981934 7
1 -1 1 473.29 369.25 -1 90 2.836010217666626 7
1 -1 2 472.43 383.12 -2 90 6.208754777908325 7
1 -1 3 513.54 290.12000000000006 -1 90 0.009474992752075195 7
1 -1 4 480.67 371.7 -2 90 3.327857732772827 7
1 -1 5 437.67 321.67999999999995 -2 90 5.001146078109741 7
2 -1 0 561.53 174.99 -1 89 0.549163818359375 7
2 -1 1 501.37 378.89000000000004 -2 89 3.4586801528930664 7
2 -1 2 511.51 390.58000000000004 -1 89 6.407309055328369 7
2 -1 3 542.95 344.13 -1 89 0.010438919067382812 7
2 -1 4 508.45 397.50000000000006 -1 89 3.577622890472412 7
2 -1 5 473.44 358.56000000000006 -1 89 5.121909141540527 7
random:7T:1200
0 -1 0 909.11 240.31 -1 99 0.7277069091796875 7
0 -1 1 769.44 432.6 -2 99 3.6715989112854004 7
0 -1 2 786.89 517.8199999999999 -2 99 5.92302393913269 7
0 -1 3 784.96 342.76 -1 99 0.012067079544067383 7
0 -1 4 790.3 516.45 -2 99 3.9861130714416504 7
0 -1 5 708.13 444.01 -2 99 5.1203649044036865 7
1 -1 0 746.2 169.91 -1 90 0.707556962966919 7
1 -1 1 647.37 492.88 -1 90 4.313055753707886 7
1 -1 2 661.82 542.4100000000001 -1 90 8.853354930877686 7
1 -1 3 719.38 421.23 -1 90 0.011205196380615234 7
1 -1 4 652.21 511.88 -1 90 4.416208267211914 7
1 -1 5 592.06 466.53000000000003 -2 90 6.410184860229492 7
2 -1 0 772.19 256.66 -1 89 0.724419116973877 7
2 -1 1 673.32 494.17999999999995 -1 89 5.494650840759277 7
2 -1 2 705.05 582.0 -2 89 8.752062797546387 7
2 -1 3 744.72 415.59 -1 89 0.011307954788208008 7
2 -1 4 703.5 565.26 -1 89 6.325467824935913 7
2 -1 5 650.72 492.0900000000001 -1 89 7.264603137969971 7
random:7T:1500
0 -1 0 1173.27 404.48 -1 99 0.8967859745025635 7
0 -1 1 970.77 570.31 -1 99 5.1854331493377686 7
0 -1 2 1031.78 646.42 -1 99 8.254420042037964 7
0 -1 3 1023.48 490.16999999999996 -1 99 0.015259981155395508 7
0 -1 4 1025.41 681.0100000000001 -1 99 6.287424087524414 7
0 -1 5 923.97 580.12 -1 99 6.750097036361694 7
1 -1 0 956.53 548.65 -1 90 0.8521509170532227 7
1 -1 1 813.27 613.83 -1 90 6.206916809082031 7
1 -1 2 826.77 612.7 -1 90 10.637360095977783 7
1 -1 3 918.52 538.72 -1 90 0.013127803802490234 7
1 -1 4 832.87 661.14 -1 90 7.003858804702759 7
1 -1 5 755.3 613.85 -2 90 9.140017032623291 7
2 -1 0 982.0 371.03999999999996 -1 89 0.9630858898162842 7
2 -1 1 850.62 647.26 -1 89 8.121294021606445 7
2 -1 2 873.31 722.7200000000001 -1 89 11.604936122894287 7
2 -1 3 959.74 568.73 -1 89 0.013530969619750977 7
2 -1 4 862.8 625.64 -1 89 8.134497165679932 7
2 -1 5 832.34 643.6700000000001 -1 89 9.783908128738403 7
random:8T:300
0 -1 0 204.61 133.41 -1 50 0.10290408134460449 8
0 -1 1 196.15 143.14000000000001 -1 50 0.6526401042938232 8
0 -1 2 194.46 140.34 -1 50 0.8870291709899902 8
0 -1 3 188.14 52.71 -1 50 0.0037851333618164062 8
0 -1 4 196.15 143.14000000000001 -1 50 0.6405987739562988 8
0 -1 5 196.67 144.14 -1 50 0.951361894607544 8
1 -1 0 142.79 0 -18 124 0.23106908798217773 8
1 -1 1 120.36 0.0 -10 124 0.037711143493652344 8
1 -1 2 117.61 0.0 -11 124 3.154616117477417 8
1 -1 3 121.64 0.0 -14 124 0.0075321197509765625 8
1 -1 4 120.36 0.0 -10 124 0.03420901298522949 8
1 -1 5 87.03 0.0 -30 124 1.8154900074005127 8
2 -1 0 107.11 0 -12 102 0.17572879791259766 8
2 -1 1 106.32 0.0 -6 102 0.02936100959777832 8
2 -1 2 103.15 0.0 -8 102 2.6740000247955322 8
2 -1 3 107.39 0.0 -9 102 0.006821870803833008 8
2 -1 4 106.32 0.0 -6 102 0.031934261322021484 8
2 -1 5 87.42 0 -16 102 1.765197992324829 8
random:8T:600
0 -1 0 462.82 335.60999999999996 -1 50 0.21896719932556152 8
0 -1 1 437.21 349.13999999999993 -2 50 1.0840520858764648 8
0 -1 2 433.81 339.2199999999999 -2 50 1.4613699913024902 8
0 -1 3 434.08 255.82000000000002 -1 50 0.005649089813232422 8
0 -1 4 435.95 340.14000000000004 -1 50 1.1246600151062012 8
0 -1 5 437.16 349.38 -2 50 1.5252079963684082 8
1 -1 0 353.26 0.0 -2 124 0.4586780071258545 8
1 -1 1 309.11 170.81 -2 124 1.7630372047424316 8
1 -1 2 322.35 182.27999999999997 -1 124 10.35745882987976 8
1 -1 3 322.55 61.12 -1 124 0.008993864059448242 8
1 -1 4 309.11 170.81 -2 124 1.7160229682922363 8
1 -1 5 256.53 34.04 -1 124 5.1217780113220215 8
2 -1 0 303.55 148.07 -2 102 0.3616640567779541 8
2 -1 1 272.0 206.08000000000004 -1 102 2.6729578971862793 8
2 -1 2 267.49 195.80999999999997 -1 102 6.677822113037109 8
2 -1 3 300.55 53.5 -1 102 0.008143186569213867 8
2 -1 4 272.0 206.08000000000004 -1 102 2.8029048442840576 8
2 -1 5 246.86 113.99 -1 102 7.561275005340576 8
random:8T:900
0 -1 0 715.8 446.83000000000004 -1 50 0.3025197982788086 8
0 -1 1 666.44 538.19 -2 50 1.8994731903076172 8
0 -1 2 658.16 528.5899999999999 -1 50 2.467637062072754 8
0 -1 3 679.61 419.82 -1 50 0.007975101470947266 8
0 -1 4 663.77 520.8299999999999 -1 50 1.9151782989501953 8
0 -1 5 665.91 538.5500000000001 -2 50 2.288658857345581 8
1 -1 0 575.18 272.87 -2 124 0.6594996452331543 8
1 -1 1 522.65 356.51 -4 124 4.9804980754852295 8
1 -1 2 518.78 347.45 -3 124 9.272013902664185 8
1 -1 3 503.78 175.03 -1 124 0.011085033416748047 8
1 -1 4 520.52 355.64000000000004 -1 124 4.853515863418579 8
1 -1 5 444.5 263.19 -1 124 7.182832717895508 8
2 -1 0 499.84 339.44 -2 102 0.5313818454742432 8
2 -1 1 454.11 349.89 -2 102 3.6881821155548096 8
2 -1 2 451.5 361.74 -2 102 7.328228712081909 8
2 -1 3 477.61 298.79 -1 102 0.009942054748535156 8
2 -1 4 455.69 384.93999999999994 -2 102 3.6683356761932373 8
2 -1 5 413.2 328.09999999999997 -2 102 6.098947048187256 8
random:8T:1200
0 -1 0 981.76 639.51 -1 50 0.3987870216369629 8
0 -1 1 897.69 723.1899999999996 -2 50 2.6096980571746826 8
0 -1 2 892.86 693.3299999999999 -1 50 3.042703151702881 8
0 -1 3 924.83 582.7700000000001 -1 50 0.009275197982788086 8
0 -1 4 897.04 705.42 -1 50 2.6975769996643066 8
0 -1 5 901.3 725.9000000000002 -2 50 3.0371360778808594 8
1 -1 0 794.63 348.84 -1 124 0.86434006690979 8
1 -1 1 709.71 495.51 -1 124 7.3957390785217285 8
1 -1 2 720.06 500.42999999999984 -2 124 13.019867897033691 8
1 -1 3 716.67 291.91999999999996 -1 124 0.013500213623046875 8
1 -1 4 692.49 474.4 -1 124 7.038820028305054 8
1 -1 5 604.19 378.40999999999985 -2 124 11.816423892974854 8
2 -1 0 695.8 478.18 -1 102 0.7208709716796875 8
2 -1 1 627.72 497.96 -1 102 5.71743106842041 8
2 -1 2 634.7 552.69 -2 102 9.465828895568848 8
2 -1 3 679.45 522.23 -1 102 0.011362075805664062 8
2 -1 4 622.21 534.67 -4 102 5.250302314758301 8
2 -1 5 579.75 477.02 -2 102 7.9327309131622314 8
random:8T:1500
0 -1 0 1244.05 878.4300000000001 -1 50 0.5154941082000732 8
0 -1 1 1131.19 916.6499999999999 -2 50 3.5852341651916504 8
0 -1 2 1124.92 886.29 -1 50 3.799489736557007 8
0 -1 3 1169.67 744.7600000000001 -1 50 0.011001110076904297 8
0 -1 4 1129.68 896.85 -1 50 3.433912992477417 8
0 -1 5 1135.22 917.12 -2 50 3.7368650436401367 8
1 -1 0 1022.78 449.25 -2 124 1.0988390445709229 8
1 -1 1 907.18 591.18 -1 124 10.65925407409668 8
1 -1 2 909.95 636.49 -2 124 15.124311923980713 8
1 -1 3 893.43 366.38 -1 124 0.015161991119384766 8
1 -1 4 916.17 651.5400000000003 -2 124 12.094847917556763 8
1 -1 5 757.76 448.57 -2 124 12.123477697372437 8
2 -1 0 892.42 603.16 -2 102 0.9186820983886719 8
2 -1 1 788.46 652.13 -1 102 7.204936981201172 8
2 -1 2 802.07 693.44 -2 102 11.632386207580566 8
2 -1 3 855.57 755.86 -1 102 0.013384103775024414 8
2 -1 4 791.63 690.49 -2 102 7.4066691398620605 8
2 -1 5 749.82 636.1199999999999 -2 102 9.818084716796875 8
random:9T:300
0 -1 0 174.37 0.0 -14 118 0.2023921012878418 9
0 -1 1 165.5 0.0 -4 118 0.03342294692993164 9
0 -1 2 162.12 0.0 -5 118 2.774825096130371 9
0 -1 3 128.62 0.0 -12 118 0.007175922393798828 9
0 -1 4 165.5 0.0 -4 118 0.03337693214416504 9
0 -1 5 137.41 0.0 -12 118 1.8472743034362793 9
1 -1 0 140.31 0.0 -9 91 0.14620399475097656 9
1 -1 1 137.55 9.39 -1 91 0.05068492889404297 9
1 -1 2 133.94 16.95 -1 91 2.3264718055725098 9
1 -1 3 121.78 0.0 -7 91 0.005640983581542969 9
1 -1 4 137.55 9.39 -1 91 0.05071902275085449 9
1 -1 5 125.32 0 -1 91 2.04282808303833 9
2 -1 0 179.7 0 -1 73 0.14278197288513184 9
2 -1 1 168.73 97.1 -1 73 0.8598880767822266 9
2 -1 2 168.73 97.1 -1 73 2.102086067199707 9
2 -1 3 156.01 0.0 -3 73 0.004943132400512695 9
2 -1 4 168.73 97.1 -1 73 0.8734989166259766 9
2 -1 5 160.76 70.3 -1 73 2.2902979850769043 9
random:9T:600
0 -1 0 414.82 0 -6 118 0.42191314697265625 9
0 -1 1 365.89 204.08 -1 118 1.683474063873291 9
0 -1 2 365.3 198.39000000000001 -2 118 4.98398494720459 9
0 -1 3 349.89 98.93 -1 118 0.009980916976928711 9
0 -1 4 367.23 203.72 -1 118 1.6599688529968262 9
0 -1 5 326.58 130.69 -1 118 4.146995782852173 9
1 -1 0 354.89 0 -5 91 0.3071439266204834 9
1 -1 1 342.72 250.24 -1 91 1.9269821643829346 9
1 -1 2 337.64 259.72 -1 91 4.251003980636597 9
1 -1 3 331.37 117.94 -1 91 0.008031845092773438 9
1 -1 4 341.07 238.48 -1 91 1.8631048202514648 9
1 -1 5 322.04 223.97 -1 91 4.074012994766235 9
2 -1 0 403.47 150.79 -1 73 0.28458380699157715 9
2 -1 1 372.08 306.65999999999997 -2 73 1.6522839069366455 9
2 -1 2 369.16 298.8 -1 73 2.834851026535034 9
2 -1 3 374.63 214.58 -1 73 0.006704092025756836 9
2 -1 4 369.16 298.8 -1 73 1.5597469806671143 9
2 -1 5 366.54 298.1 -2 73 2.586352825164795 9
random:9T:900
0 -1 0 649.08 0 -4 118 0.5697720050811768 9
0 -1 1 590.37 331.90999999999997 -1 118 3.9156079292297363 9
0 -1 2 584.43 365.89000000000004 -1 118 7.282434940338135 9
0 -1 3 545.2 177.36 -1 118 0.011529922485351562 9
0 -1 4 590.29 361.99 -1 118 4.023236989974976 9
0 -1 5 534.93 262.38 -1 118 5.700878858566284 9
1 -1 0 580.33 188.88 -1 91 0.4238300323486328 9
1 -1 1 535.89 419.79 -1 91 3.323911190032959 9
1 -1 2 519.86 392.14000000000004 -1 91 5.700429201126099 9
1 -1 3 538.35 323.79 -1 91 0.007972002029418945 9
1 -1 4 530.13 363.05 -1 91 3.0544240474700928 9
1 -1 5 524.84 412.41 -2 91 5.315462112426758 9
2 -1 0 626.61 257.83 -2 73 0.4078238010406494 9
2 -1 1 574.07 479.61 -1 73 3.0555217266082764 9
2 -1 2 571.31 481.3799999999999 -2 73 4.068817853927612 9
2 -1 3 597.69 380.55 -1 73 0.008019208908081055 9
2 -1 4 571.31 481.3799999999999 -2 73 2.950437068939209 9
2 -1 5 569.22 477.59000000000003 -1 73 4.312417984008789 9
random:9T:1200
0 -1 0 897.24 0 -3 118 0.8486158847808838 9
0 -1 1 790.56 407.58 -1 118 5.817044973373413 9
0 -1 2 800.16 431.33 -1 118 9.791853904724121 9
0 -1 3 773.93 324.98 -1 118 0.01348114013671875 9
0 -1 4 802.02 424.08000000000004 -1 118 5.9536168575286865 9
0 -1 5 739.42 386.02000000000004 -1 118 7.536618947982788 9
1 -1 0 796.63 279.39 -2 91 0.5601661205291748 9
1 -1 1 735.45 593.84 -1 91 5.027544736862183 9
1 -1 2 701.35 534.8200000000002 -1 91 6.9049999713897705 9
1 -1 3 742.01 421.21000000000004 -1 91 0.010607242584228516 9
1 -1 4 719.98 540.3 -1 91 4.420321941375732 9
1 -1 5 718.8 565.93 -1 91 7.429580926895142 9
2 -1 0 846.08 362.49 -1 73 0.5428972244262695 9
2 -1 1 772.58 643.1800000000002 -1 73 5.059524774551392 9
2 -1 2 770.79 642.08 -1 73 6.431101322174072 9
2 -1 3 821.87 527.2 -1 73 0.010434865951538086 9
2 -1 4 770.79 642.08 -1 73 5.246640920639038 9
2 -1 5 769.42 643.85 -1 73 6.408186197280884 9
random:9T:1500
0 -1 0 1136.05 0 -5 118 0.9915859699249268 9
0 -1 1 1004.64 547.16 -1 118 7.966919898986816 9
0 -1 2 972.95 609.76 -1 118 11.176240921020508 9
0 -1 3 992.82 418.66999999999996 -1 118 0.016727209091186523 9
0 -1 4 988.96 541.0699999999999 -1 118 7.4534900188446045 9
0 -1 5 936.99 437.25 -1 118 9.286890029907227 9
1 -1 0 1015.72 351.82000000000005 -1 91 0.7106869220733643 9
1 -1 1 918.54 706.0499999999998 -1 91 6.4288201332092285 9
1 -1 2 902.98 703.59 -1 91 9.033164978027344 9
1 -1 3 957.1 555.5 -1 91 0.013123750686645508 9
1 -1 4 903.25 684.24 -1 91 7.103773355484009 9
1 -1 5 912.73 713.13 -1 91 8.796564102172852 9
2 -1 0 1061.22 489.8 -2 73 0.5893383026123047 9
2 -1 1 992.26 820.1100000000001 -1 73 6.618072986602783 9
2 -1 2 978.25 794.4500000000002 -1 73 7.554333925247192 9
2 -1 3 1044.06 665.86 -1 73 0.011038064956665039 9
2 -1 4 978.25 794.4500000000002 -1 73 6.135791301727295 9
2 -1 5 976.24 802.8600000000001 -1 73 6.729976177215576 9
