random:0T:300
0 -1 0 64.3 0 -174 279 0.3590850830078125 0
0 -1 1 67.29 0 -93 279 0.06291985511779785 0
0 -1 2 67.29 0 -93 279 13.175767183303833 0
0 -1 3 58.16 0.0 -103 279 0.01391291618347168 0
0 -1 4 67.29 0 -93 279 0.06046009063720703 0
0 -1 5 42.31 0 -147 279 7.772552013397217 0
random:0T:600
0 -1 0 211.7 0 -54 279 0.7896099090576172 0
0 -1 1 196.38 0.0 -25 279 0.11943793296813965 0
0 -1 2 192.38 0.0 -24 279 34.6146821975708 0
0 -1 3 187.58 0.0 -30 279 0.016844987869262695 0
0 -1 4 196.38 0.0 -25 279 0.10706400871276855 0
0 -1 5 141.7 0 -66 279 18.99409818649292 0
random:0T:900
0 -1 0 359.2 0 -38 279 1.2340469360351562 0
0 -1 1 331.33 71.18 -1 279 9.553147792816162 0
0 -1 2 328.08 58.71 -1 279 60.50436091423035 0
0 -1 3 325.83 0.0 -15 279 0.0202329158782959 0
0 -1 4 331.33 71.18 -1 279 9.380998134613037 0
0 -1 5 247.53 0.0 -28 279 31.04421901702881 0
random:0T:1200
0 -1 0 505.48 0.0 -20 279 1.5877997875213623 0
0 -1 1 441.87 178.61 -1 279 6.892369031906128 0
0 -1 2 442.14 206.65999999999997 -1 279 64.32845330238342 0
0 -1 3 460.01 0.0 -5 279 0.021250009536743164 0
0 -1 4 447.22 220.01 -1 279 9.158385753631592 0
0 -1 5 359.42 18.38 -1 279 54.11483883857727 0
random:0T:1500
0 -1 0 657.01 0 -15 279 2.070996046066284 0
0 -1 1 543.12 267.37 -1 279 14.00656509399414 0
0 -1 2 544.69 311.96 -1 279 73.40161800384521 0
0 -1 3 587.22 167.58 -1 279 0.021995067596435547 0
0 -1 4 549.31 312.97 -1 279 19.229821920394897 0
0 -1 5 465.98 180.22000000000003 -1 279 59.575040102005005 0
random:1T:300
0 -1 0 69.04 0 -100 276 0.3920309543609619 1
0 -1 1 63.52 0.0 -95 276 0.06258893013000488 1
0 -1 2 63.52 0.0 -95 276 15.328213930130005 1
0 -1 3 59.32 0.0 -102 276 0.01571178436279297 1
0 -1 4 63.52 0.0 -95 276 0.06435728073120117 1
0 -1 5 40.11 0 -155 276 8.776288986206055 1
random:1T:600
0 -1 0 203.39 0.0 -29 276 0.770928144454956 1
0 -1 1 191.04 0.0 -24 276 0.11932015419006348 1
0 -1 2 190.65 0.0 -24 276 32.76974105834961 1
0 -1 3 188.09 0.0 -30 276 0.018006086349487305 1
0 -1 4 191.04 0.0 -24 276 0.11553001403808594 1
0 -1 5 132.58 0.0 -64 276 21.470155000686646 1
random:1T:900
0 -1 0 349.62 0.0 -21 276 1.2526142597198486 1
0 -1 1 333.41 64.83999999999997 -1 276 7.759350061416626 1
0 -1 2 333.27 66.35999999999997 -1 276 63.26358699798584 1
0 -1 3 324.04 0.0 -15 276 0.01961803436279297 1
0 -1 4 333.41 64.83999999999997 -1 276 8.043709993362427 1
0 -1 5 236.93 0.0 -27 276 32.06554388999939 1
random:1T:1200
0 -1 0 495.06 0.0 -18 276 1.6933979988098145 1
0 -1 1 456.93 265.31 -1 276 11.43150520324707 1
0 -1 2 455.64 264.54 -2 276 69.09740900993347 1
0 -1 3 456.94 0.0 -4 276 0.02194523811340332 1
0 -1 4 453.43 259.84 -1 276 10.053460359573364 1
0 -1 5 366.36 59.68999999999998 -1 276 62.87964487075806 1
random:1T:1500
0 -1 0 647.34 0.0 -12 276 2.0957181453704834 1
0 -1 1 570.33 290.52 -1 276 25.44542407989502 1
0 -1 2 552.28 290.51 -1 276 79.92555594444275 1
0 -1 3 585.05 170.14 -1 276 0.02439594268798828 1
0 -1 4 547.87 290.52 -1 276 22.350239038467407 1
0 -1 5 491.61 272.95 -1 276 69.56501007080078 1
random:2T:300
0 -1 0 94.45 0.0 -78 209 0.32196688652038574 2
0 -1 1 96.07 0.0 -34 209 0.05533885955810547 2
0 -1 2 96.07 0.0 -34 209 8.625040769577026 2
0 -1 3 97.06 0.0 -34 209 0.01275491714477539 2
0 -1 4 96.07 0.0 -34 209 0.052742958068847656 2
0 -1 5 31.12 0 -121 209 2.165942907333374 2
random:2T:600
0 -1 0 263.66 0.0 -21 209 0.5722723007202148 2
0 -1 1 256.86 0.0 -1 209 0.07495403289794922 2
0 -1 2 252.68 0.0 -1 209 19.240692138671875 2
0 -1 3 233.71 0.0 -20 209 0.014167070388793945 2
0 -1 4 256.86 0.0 -1 209 0.07875800132751465 2
0 -1 5 143.62 0.0 -32 209 7.7953431606292725 2
random:2T:900
0 -1 0 436.37 0.0 -6 209 0.9422597885131836 2
0 -1 1 396.44 184.3 -1 209 2.1784157752990723 2
0 -1 2 402.78 236.56 -2 209 29.2427179813385 2
0 -1 3 400.92 0.0 -2 209 0.015414953231811523 2
0 -1 4 405.74 239.15 -1 209 7.350172996520996 2
0 -1 5 301.05 18.14 -1 209 21.433396816253662 2
random:2T:1200
0 -1 0 622.46 0.0 -1 209 1.2701199054718018 2
0 -1 1 526.56 314.33 -2 209 8.221102714538574 2
0 -1 2 540.9 340.6299999999997 -3 209 33.797194957733154 2
0 -1 3 546.24 185.69 -1 209 0.018826961517333984 2
0 -1 4 540.96 340.48999999999967 -3 209 12.043951034545898 2
0 -1 5 438.51 210.32999999999998 -1 209 24.46545696258545 2
random:2T:1500
0 -1 0 808.98 0.0 -1 209 1.585798978805542 2
0 -1 1 677.5 463.49999999999994 -1 209 16.00489330291748 2
0 -1 2 678.32 471.24 -1 209 37.29778790473938 2
0 -1 3 675.93 196.43 -1 209 0.020741939544677734 2
0 -1 4 677.92 471.24 -1 209 16.494378089904785 2
0 -1 5 571.02 321.08 -4 209 31.71816611289978 2
random:3T:300
0 -1 0 70.29 0 -127 277 0.44668006896972656 3
0 -1 1 73.18 0 -85 277 0.0821523666381836 3
0 -1 2 72.18 0 -83 277 17.86386775970459 3
0 -1 3 63.94 0 -101 277 0.01714468002319336 3
0 -1 4 73.18 0 -85 277 0.08247876167297363 3
0 -1 5 33.76 0 -155 277 7.791777849197388 3
random:3T:600
0 -1 0 206.93 0 -39 277 0.8754129409790039 3
0 -1 1 196.94 0 -24 277 0.11584210395812988 3
0 -1 2 195.98 0 -26 277 39.166321992874146 3
0 -1 3 189.62 0.0 -30 277 0.02044534683227539 3
0 -1 4 196.94 0 -24 277 0.1128239631652832 3
0 -1 5 126.79 0 -84 277 17.618117094039917 3
random:3T:900
0 -1 0 354.29 0 -32 277 1.3247239589691162 3
0 -1 1 327.59 58.39999999999998 -1 277 6.809963703155518 3
0 -1 2 325.13 48.29999999999998 -1 277 67.41318130493164 3
0 -1 3 307.77 0.0 -20 277 0.0238649845123291 3
0 -1 4 327.59 58.39999999999998 -1 277 7.3763909339904785 3
0 -1 5 225.33 0 -35 277 32.60344171524048 3
random:3T:1200
0 -1 0 499.78 0 -12 277 1.8998031616210938 3
0 -1 1 434.33 187.32 -1 277 7.237689256668091 3
0 -1 2 435.21 192.85999999999999 -1 277 71.06656503677368 3
0 -1 3 450.96 0.0 -4 277 0.024484872817993164 3
0 -1 4 435.71 196.01999999999998 -1 277 9.046352863311768 3
0 -1 5 330.34 0.0 -8 277 54.52171206474304 3
random:3T:1500
0 -1 0 652.17 0 -8 277 2.4326012134552 3
0 -1 1 536.24 319.17999999999995 -1 277 20.98558282852173 3
0 -1 2 520.78 283.56 -1 277 78.07855796813965 3
0 -1 3 585.7 169.96 -1 277 0.026798009872436523 3
0 -1 4 519.59 284.22 -1 277 14.61694622039795 3
0 -1 5 442.54 170.45999999999998 -1 277 67.84818696975708 3
random:4T:300
0 -1 0 76.43 0 -94 275 0.45736193656921387 4
0 -1 1 73.36 0 -83 275 0.06964683532714844 4
0 -1 2 73.44 0 -83 275 18.47793698310852 4
0 -1 3 63.85 0 -101 275 0.01797199249267578 4
0 -1 4 73.36 0 -83 275 0.07011198997497559 4
0 -1 5 41.9 0 -139 275 9.390111923217773 4
random:4T:600
0 -1 0 207.18 0 -49 275 0.9731237888336182 4
0 -1 1 195.58 0.0 -23 275 0.12375092506408691 4
0 -1 2 193.07 0.0 -24 275 40.07456612586975 4
0 -1 3 189.61 0.0 -30 275 0.02208399772644043 4
0 -1 4 195.58 0.0 -23 275 0.13203215599060059 4
0 -1 5 144.98 0 -67 275 22.621439933776855 4
random:4T:900
0 -1 0 354.31 0 -25 275 1.5029699802398682 4
0 -1 1 329.78 47.84999999999999 -1 275 4.615366220474243 4
0 -1 2 329.41 68.83 -1 275 72.83763694763184 4
0 -1 3 307.07 0.0 -20 275 0.023520946502685547 4
0 -1 4 329.78 47.84999999999999 -1 275 5.240238189697266 4
0 -1 5 252.19 0.0 -24 275 41.28092384338379 4
random:4T:1200
0 -1 0 497.85 0 -22 275 1.904325246810913 4
0 -1 1 438.17 258.46000000000004 -1 275 8.551090955734253 4
0 -1 2 446.61 280.14 -1 275 71.21581697463989 4
0 -1 3 447.83 0.0 -4 275 0.023363113403320312 4
0 -1 4 436.73 217.19999999999993 -1 275 8.087754011154175 4
0 -1 5 374.54 80.59 -1 275 76.9935531616211 4
random:4T:1500
0 -1 0 651.04 0 -15 275 2.521592855453491 4
0 -1 1 535.9 320.12 -2 275 20.465877056121826 4
0 -1 2 536.92 322.94 -2 275 81.28004193305969 4
0 -1 3 583.54 169.96 -1 275 0.025252819061279297 4
0 -1 4 533.66 317.46 -1 275 20.64897894859314 4
0 -1 5 494.03 287.97 -2 275 77.69650673866272 4
random:5T:300
0 -1 0 68.12 0 -115 246 0.35065674781799316 5
0 -1 1 63.71 0 -94 246 0.06790590286254883 5
0 -1 2 63.71 0 -94 246 10.777951002120972 5
0 -1 3 57.93 0 -94 246 0.014680624008178711 5
0 -1 4 63.71 0 -94 246 0.09283304214477539 5
0 -1 5 26.35 0 -163 246 3.930340051651001 5
random:5T:600
0 -1 0 199.9 0 -43 246 0.8607838153839111 5
0 -1 1 188.69 0 -29 246 0.10217404365539551 5
0 -1 2 187.47 0 -25 246 25.766860008239746 5
0 -1 3 189.92 0.0 -27 246 0.016726970672607422 5
0 -1 4 188.69 0 -29 246 0.09202933311462402 5
0 -1 5 106.22 0 -86 246 10.533758878707886 5
random:5T:900
0 -1 0 359.08 0 -16 246 1.2076470851898193 5
0 -1 1 324.85 38.13 -1 246 1.7620341777801514 5
0 -1 2 329.52 25.1 -1 246 41.673946142196655 5
0 -1 3 339.19 0.0 -10 246 0.01826310157775879 5
0 -1 4 324.85 38.13 -1 246 1.8152821063995361 5
0 -1 5 215.14 0 -30 246 20.796510219573975 5
random:5T:1200
0 -1 0 506.74 0 -11 246 1.7599332332611084 5
0 -1 1 451.15 200.95 -1 246 5.414149761199951 5
0 -1 2 455.76 262.25 -1 246 48.36070513725281 5
0 -1 3 499.64 83.85 -1 246 0.023194313049316406 5
0 -1 4 457.67 258.3 -1 246 8.85867977142334 5
0 -1 5 343.23 0.0 -1 246 36.940569162368774 5
random:5T:1500
0 -1 0 669.38 0.0 -1 246 2.239635944366455 5
0 -1 1 549.53 286.93 -1 246 12.618860960006714 5
0 -1 2 555.98 286.14 -1 246 53.2615110874176 5
0 -1 3 613.36 194.12 -1 246 0.025582075119018555 5
0 -1 4 556.86 312.0 -1 246 15.613065004348755 5
0 -1 5 457.25 189.69 -1 246 42.016563177108765 5
random:6T:300
0 -1 0 71.8 0 -93 244 0.34087395668029785 6
0 -1 1 64.58 0 -87 244 0.05777716636657715 6
0 -1 2 65.35 0 -88 244 10.304790019989014 6
0 -1 3 55.65 0.0 -93 244 0.013277053833007812 6
0 -1 4 64.58 0 -87 244 0.05785703659057617 6
0 -1 5 37.57 0 -136 244 5.182403087615967 6
random:6T:600
0 -1 0 209.03 0 -53 244 0.7809998989105225 6
0 -1 1 193.74 0.0 -20 244 0.09195685386657715 6
0 -1 2 192.34 0.0 -24 244 23.354035139083862 6
0 -1 3 188.65 0.0 -24 244 0.01724076271057129 6
0 -1 4 193.74 0.0 -20 244 0.0931100845336914 6
0 -1 5 129.69 0 -72 244 12.403518915176392 6
random:6T:900
0 -1 0 356.72 0 -24 244 1.2073009014129639 6
0 -1 1 338.47 91.96 -1 244 10.780983924865723 6
0 -1 2 339.41 55.38 -1 244 43.58081912994385 6
0 -1 3 341.87 0.0 -10 244 0.01976323127746582 6
0 -1 4 338.47 91.96 -1 244 11.265216827392578 6
0 -1 5 245.65 0.0 -22 244 24.12779188156128 6
random:6T:1200
0 -1 0 513.31 0 -11 244 1.6324858665466309 6
0 -1 1 468.26 240.95000000000002 -1 244 6.3320629596710205 6
0 -1 2 474.5 279.78 -1 244 48.12440013885498 6
0 -1 3 498.07 83.85 -1 244 0.02012920379638672 6
0 -1 4 472.13 274.90999999999997 -1 244 8.32175898551941 6
0 -1 5 383.19 93.44 -1 244 48.963802099227905 6
random:6T:1500
0 -1 0 649.02 0 -11 244 2.151782751083374 6
0 -1 1 575.22 291.79 -1 244 16.14813804626465 6
0 -1 2 592.18 328.61 -1 244 57.657243967056274 6
0 -1 3 613.13 197.07999999999998 -1 244 0.022766828536987305 6
0 -1 4 574.59 326.52 -2 244 15.642200231552124 6
0 -1 5 506.74 283.07 -1 244 45.739195823669434 6
random:7T:300
0 -1 0 60.38 0 -124 278 0.46737098693847656 7
0 -1 1 64.15 0 -94 278 0.07273602485656738 7
0 -1 2 60.51 0.0 -100 278 18.078357934951782 7
0 -1 3 58.53 0.0 -102 278 0.017917871475219727 7
0 -1 4 64.15 0 -94 278 0.07004594802856445 7
0 -1 5 30.03 0 -176 278 8.54078197479248 7
random:7T:600
0 -1 0 195.76 0 -34 278 0.927523136138916 7
0 -1 1 197.49 0.0 -22 278 0.13789701461791992 7
0 -1 2 190.69 0.0 -25 278 38.16366219520569 7
0 -1 3 187.54 0.0 -30 278 0.021239042282104492 7
0 -1 4 197.49 0.0 -22 278 0.1220710277557373 7
0 -1 5 115.78 0.0 -87 278 20.620228052139282 7
random:7T:900
0 -1 0 345.81 0.0 -32 278 1.4505021572113037 7
0 -1 1 336.52 77.92 -1 278 12.699663162231445 7
0 -1 2 330.59 85.6 -1 278 78.97095704078674 7
0 -1 3 326.27 0.0 -15 278 0.022939205169677734 7
0 -1 4 336.52 77.92 -1 278 13.146533012390137 7
0 -1 5 213.22 0.0 -37 278 32.00246500968933 7
random:7T:1200
0 -1 0 504.26 0.0 -16 278 2.0249252319335938 7
0 -1 1 454.68 213.43 -1 278 10.03070068359375 7
0 -1 2 455.98 261.15999999999997 -1 278 74.71841216087341 7
0 -1 3 459.59 0.0 -5 278 0.02444601058959961 7
0 -1 4 457.27 252.93 -1 278 10.454697132110596 7
0 -1 5 325.25 0.0 -8 278 52.82407879829407 7
random:7T:1500
0 -1 0 650.55 0.0 -4 278 2.343841791152954 7
0 -1 1 539.92 239.46 -1 278 15.877241849899292 7
0 -1 2 548.56 317.69 -4 278 77.15231013298035 7
0 -1 3 586.29 167.77 -1 278 0.024321794509887695 7
0 -1 4 563.71 308.23 -1 278 27.28136897087097 7
0 -1 5 442.31 147.24 -1 278 62.84164595603943 7
random:8T:300
0 -1 0 73.36 0 -140 276 0.44588208198547363 8
0 -1 1 73.92 0 -84 276 0.07845687866210938 8
0 -1 2 70.46 0 -85 276 15.752471923828125 8
0 -1 3 64.56 0 -102 276 0.015508174896240234 8
0 -1 4 73.92 0 -84 276 0.07555627822875977 8
0 -1 5 49.48 0 -128 276 9.656441688537598 8
random:8T:600
0 -1 0 204.73 0 -43 276 0.7559249401092529 8
0 -1 1 196.39 0 -24 276 0.12164592742919922 8
0 -1 2 188.14 0.0 -26 276 31.282533168792725 8
0 -1 3 190.9 0.0 -30 276 0.015373945236206055 8
0 -1 4 196.39 0 -24 276 0.0899648666381836 8
0 -1 5 147.86 0 -67 276 16.67207407951355 8
random:8T:900
0 -1 0 341.25 0 -22 276 0.9236211776733398 8
0 -1 1 331.16 79.64999999999996 -1 276 7.85620903968811 8
0 -1 2 324.38 65.68 -1 276 51.23923707008362 8
0 -1 3 308.45 0.0 -20 276 0.015085697174072266 8
0 -1 4 331.16 79.64999999999996 -1 276 7.979209899902344 8
0 -1 5 253.11 0.0 -25 276 28.24295401573181 8
random:8T:1200
0 -1 0 497.91 0 -22 276 1.1857290267944336 8
0 -1 1 451.93 239.96 -1 276 7.644790887832642 8
0 -1 2 446.36 270.89 -1 276 50.72179698944092 8
0 -1 3 439.47 0.0 -4 276 0.01636505126953125 8
0 -1 4 457.2 279.5 -1 276 12.645090103149414 8
0 -1 5 372.7 22.12 -1 276 43.36849904060364 8
random:8T:1500
0 -1 0 628.53 0 -16 276 1.4809222221374512 8
0 -1 1 570.45 330.17 -1 276 24.031903982162476 8
0 -1 2 545.55 322.04 -2 276 64.81096005439758 8
0 -1 3 581.02 162.39 -1 276 0.02399420738220215 8
0 -1 4 550.46 323.54 -4 276 20.825358152389526 8
0 -1 5 484.27 259.26 -1 276 50.135120153427124 8
random:9T:300
0 -1 0 87.34 0 -78 282 0.2832679748535156 9
0 -1 1 85.8 0 -70 282 0.047712087631225586 9
0 -1 2 85.8 0 -70 282 10.823288679122925 9
0 -1 3 56.66 0 -117 282 0.011396169662475586 9
0 -1 4 85.8 0 -70 282 0.04690194129943848 9
0 -1 5 69.39 0 -101 282 7.465104103088379 9
random:9T:600
0 -1 0 242.01 0.0 -49 282 0.6630358695983887 9
0 -1 1 223.52 0.0 -26 282 0.08131623268127441 9
0 -1 2 222.49 0.0 -29 282 30.76460313796997 9
0 -1 3 194.44 0.0 -25 282 0.015458106994628906 9
0 -1 4 223.52 0.0 -26 282 0.0846548080444336 9
0 -1 5 184.75 0.0 -50 282 16.625885009765625 9
random:9T:900
0 -1 0 398.69 0.0 -48 282 0.9828488826751709 9
0 -1 1 347.85 55.37000000000002 -1 282 5.098178863525391 9
0 -1 2 345.91 36.23 -1 282 45.50911617279053 9
0 -1 3 327.64 0.0 -15 282 0.015238046646118164 9
0 -1 4 347.85 55.37000000000002 -1 282 4.5554327964782715 9
0 -1 5 292.63 0.0 -19 282 33.047975063323975 9
random:9T:1200
0 -1 0 562.07 0.0 -50 282 1.3805890083312988 9
0 -1 1 462.73 237.72 -1 282 8.270863771438599 9
0 -1 2 457.96 226.62 -1 282 54.252010107040405 9
0 -1 3 460.03 0.0 -5 282 0.0164031982421875 9
0 -1 4 466.22 252.25 -2 282 8.954190969467163 9
0 -1 5 408.79 40.74000000000001 -1 282 47.247421979904175 9
random:9T:1500
0 -1 0 710.31 0.0 -42 282 1.5022079944610596 9
0 -1 1 554.62 283.01 -1 282 10.336077213287354 9
0 -1 2 543.25 288.7 -1 282 59.56708216667175 9
0 -1 3 590.86 164.8 -1 282 0.017693281173706055 9
0 -1 4 558.36 314.20000000000005 -1 282 14.417757987976074 9
0 -1 5 496.72 195.94 -1 282 48.06854510307312 9
