random:0T:300
0 -1 0 174.41 0 -2 75 0.0985867977142334 0
0 -1 1 152.38 29.490000000000002 -1 75 0.17005419731140137 0
0 -1 2 145.52 0.54 -1 75 0.7354989051818848 0
0 -1 3 124.39 0.0 -6 75 0.0039730072021484375 0
0 -1 4 152.38 29.490000000000002 -1 75 0.16946721076965332 0
0 -1 5 122.48 0.0 -3 75 0.6511869430541992 0
1 -1 0 170.5 90.19 -1 73 0.12318587303161621 0
1 -1 1 162.58 86.61 -1 73 0.9406640529632568 0
1 -1 2 162.58 86.61 -1 73 1.9925661087036133 0
1 -1 3 164.6 0.0 -2 73 0.004323005676269531 0
1 -1 4 162.58 86.61 -1 73 0.93082594871521 0
1 -1 5 144.82 37.27 -1 73 1.445007085800171 0
2 -1 0 172.88 0.0 -1 67 0.11052680015563965 0
2 -1 1 168.24 99.14 -1 67 1.0842318534851074 0
2 -1 2 167.05 95.38 -1 67 1.8094758987426758 0
2 -1 3 164.21 0.0 -2 67 0.004057168960571289 0
2 -1 4 168.24 99.14 -1 67 1.109814167022705 0
2 -1 5 161.49 79.23 -1 67 1.7354018688201904 0
3 -1 0 148.15 56.71 -1 64 0.09866905212402344 0
3 -1 1 141.95 68.32 -1 64 0.09924125671386719 0
3 -1 2 144.98 70.8 -1 64 0.8658061027526855 0
3 -1 3 136.75 0.0 -2 64 0.003802061080932617 0
3 -1 4 141.95 68.32 -1 64 0.09593391418457031 0
3 -1 5 130.95 36.56 -1 64 0.9779562950134277 0
random:0T:600
0 -1 0 462.53 193.33 -2 75 0.23254609107971191 0
0 -1 1 416.81 265.21000000000004 -2 75 0.8353841304779053 0
0 -1 2 396.81 236.17 -1 75 1.5134320259094238 0
0 -1 3 375.77 146.22 -1 75 0.006129026412963867 0
0 -1 4 416.24 264.95 -4 75 0.8933291435241699 0
0 -1 5 376.88 226.84 -1 75 1.5083692073822021 0
1 -1 0 395.47 271.77 -1 73 0.25282883644104004 0
1 -1 1 370.26 308.43 -2 73 1.4981412887573242 0
1 -1 2 370.26 308.43 -2 73 2.578856945037842 0
1 -1 3 376.52 206.55 -1 73 0.006314992904663086 0
1 -1 4 370.26 308.43 -2 73 1.4858291149139404 0
1 -1 5 347.44 283.3499999999999 -2 73 2.213871955871582 0
2 -1 0 410.27 259.51 -2 67 0.24406981468200684 0
2 -1 1 393.38 313.61 -2 67 1.4080331325531006 0
2 -1 2 388.54 304.45 -2 67 2.063109874725342 0
2 -1 3 393.06 232.94 -1 67 0.005836963653564453 0
2 -1 4 392.77 299.49 -2 67 1.424875020980835 0
2 -1 5 384.45 303.09 -2 67 2.189326763153076 0
3 -1 0 384.66 268.15 -2 64 0.19783496856689453 0
3 -1 1 356.49 282.66 -2 64 0.9650917053222656 0
3 -1 2 362.75 290.32 -2 64 1.793025016784668 0
3 -1 3 360.09 204.33 -1 64 0.005210161209106445 0
3 -1 4 356.49 282.66 -2 64 0.993156909942627 0
3 -1 5 343.55 264.08 -2 64 1.5443429946899414 0
random:0T:900
0 -1 0 742.04 284.23 -1 75 0.37435197830200195 0
0 -1 1 647.19 382.54999999999995 -2 75 1.6524379253387451 0
0 -1 2 646.3 376.65 -2 75 2.5760672092437744 0
0 -1 3 630.88 297.99 -1 75 0.007876873016357422 0
0 -1 4 646.02 382.56 -2 75 1.6027557849884033 0
0 -1 5 627.13 397.46000000000004 -2 75 2.1001999378204346 0
1 -1 0 613.1 381.17 -2 73 0.3824613094329834 0
1 -1 1 566.07 478.35 -4 73 2.84419584274292 0
1 -1 2 562.77 442.18 -1 73 3.816620111465454 0
1 -1 3 595.85 381.62 -1 73 0.007471323013305664 0
1 -1 4 562.77 442.18 -1 73 2.813333749771118 0
1 -1 5 550.94 461.25 -2 73 3.198003053665161 0
2 -1 0 640.81 425.31 -2 67 0.35527515411376953 0
2 -1 1 601.98 475.26 -1 67 2.483433961868286 0
2 -1 2 594.73 451.10999999999996 -1 67 3.415203094482422 0
2 -1 3 623.39 406.14 -1 67 0.008965730667114258 0
2 -1 4 601.6 461.76 -1 67 2.9705820083618164 0
2 -1 5 597.24 483.3799999999999 -2 67 3.221060037612915 0
3 -1 0 623.33 346.41 -1 64 0.30865478515625 0
3 -1 1 548.89 442.03 -2 64 1.4038200378417969 0
3 -1 2 563.56 459.48999999999995 -2 64 2.4574179649353027 0
3 -1 3 587.63 346.65000000000003 -1 64 0.0075418949127197266 0
3 -1 4 550.92 449.32 -2 64 1.589054822921753 0
3 -1 5 548.95 436.49999999999994 -2 64 2.281967878341675 0
random:0T:1200
0 -1 0 1028.04 421.90000000000003 -1 75 0.5011982917785645 0
0 -1 1 857.83 541.31 -2 75 2.198986053466797 0
0 -1 2 872.33 567.29 -1 75 2.9567017555236816 0
0 -1 3 886.28 447.5 -1 75 0.009701967239379883 0
0 -1 4 852.9 523.22 -2 75 2.151108980178833 0
0 -1 5 854.79 559.27 -1 75 2.8619637489318848 0
1 -1 0 849.59 648.3 -1 73 0.5356862545013428 0
1 -1 1 772.9 621.71 -1 73 4.749664068222046 0
1 -1 2 771.21 644.49 -2 73 5.680649995803833 0
1 -1 3 813.97 542.21 -1 73 0.009580135345458984 0
1 -1 4 771.21 644.49 -2 73 4.836964130401611 0
1 -1 5 751.32 630.4000000000001 -2 73 4.899025201797485 0
2 -1 0 882.26 556.96 -2 67 0.5008900165557861 0
2 -1 1 801.89 637.66 -1 67 3.565901041030884 0
2 -1 2 799.81 622.2399999999999 -1 67 4.3164660930633545 0
2 -1 3 854.1 535.5 -1 67 0.0108642578125 0
2 -1 4 807.76 636.1 -1 67 3.75467586517334 0
2 -1 5 802.5 630.4699999999999 -1 67 4.279299020767212 0
3 -1 0 862.79 604.96 -1 64 0.44404101371765137 0
3 -1 1 748.59 614.62 -1 64 2.124728202819824 0
3 -1 2 759.69 624.0399999999998 -1 64 3.057882070541382 0
3 -1 3 816.94 479.13 -1 64 0.008256196975708008 0
3 -1 4 743.08 586.6800000000001 -1 64 2.1120059490203857 0
3 -1 5 736.06 553.34 -1 64 2.7032172679901123 0
random:0T:1500
0 -1 0 1312.37 493.33 -1 75 0.6006627082824707 0
0 -1 1 1097.14 632.27 -1 75 2.9105868339538574 0
0 -1 2 1118.17 751.25 -4 75 3.894758939743042 0
0 -1 3 1141.47 594.3 -1 75 0.011752843856811523 0
0 -1 4 1111.95 653.8900000000001 -1 75 3.058116912841797 0
0 -1 5 1074.35 636.0799999999999 -1 75 3.489985227584839 0
1 -1 0 1067.28 801.8000000000001 -1 73 0.6312520503997803 0
1 -1 1 981.54 832.73 -2 73 6.298058032989502 0
1 -1 2 981.72 776.9699999999999 -1 73 7.417448997497559 0
1 -1 3 1023.83 694.36 -1 73 0.010715007781982422 0
1 -1 4 981.72 776.9699999999999 -1 73 6.351651668548584 0
1 -1 5 955.62 778.9100000000001 -1 73 6.334352970123291 0
2 -1 0 1110.34 717.72 -2 67 0.6117599010467529 0
2 -1 1 1022.49 815.7 -1 67 4.799333095550537 0
2 -1 2 1024.19 800.14 -1 67 5.51671028137207 0
2 -1 3 1086.24 672.1899999999999 -1 67 0.012491941452026367 0
2 -1 4 1015.56 801.7800000000002 -1 67 4.762187957763672 0
2 -1 5 1020.88 787.85 -1 67 5.344631195068359 0
3 -1 0 1098.54 790.75 -1 64 0.5312719345092773 0
3 -1 1 964.54 786.15 -4 64 3.0495691299438477 0
3 -1 2 955.39 780.0100000000001 -1 64 3.7150051593780518 0
3 -1 3 1040.74 597.9200000000001 -1 64 0.009735822677612305 0
3 -1 4 948.81 747.9200000000001 -1 64 3.144789695739746 0
3 -1 5 928.94 691.1 -1 64 3.320868730545044 0
random:1T:300
0 -1 0 207.45 0 -2 57 0.07758426666259766 1
0 -1 1 186.01 63.050000000000026 -1 57 0.3367350101470947 1
0 -1 2 184.88 66.48000000000003 -1 57 0.7509620189666748 1
0 -1 3 178.76 19.189999999999998 -1 57 0.003204822540283203 1
0 -1 4 186.01 63.050000000000026 -1 57 0.33026790618896484 1
0 -1 5 141.93 0.0 -1 57 0.32260704040527344 1
1 -1 0 166.04 79.48 -1 72 0.1239321231842041 1
1 -1 1 158.99 91.94 -1 72 1.3572759628295898 1
1 -1 2 158.99 91.94 -1 72 2.4537551403045654 1
1 -1 3 162.53 0.0 -2 72 0.0044651031494140625 1
1 -1 4 158.99 91.94 -1 72 1.3534672260284424 1
1 -1 5 158.99 91.94 -1 72 2.405479907989502 1
2 -1 0 126.3 20.52 -1 81 0.12274909019470215 1
2 -1 1 125.6 19.86 -1 81 0.16869401931762695 1
2 -1 2 122.19 13.45 -1 81 1.5669708251953125 1
2 -1 3 121.24 0.0 -5 81 0.00461578369140625 1
2 -1 4 125.6 19.86 -1 81 0.16471505165100098 1
2 -1 5 108.6 0.0 -5 81 1.184438943862915 1
3 -1 0 176.27 70.13 -1 66 0.11959505081176758 1
3 -1 1 169.53 90.73 -1 66 0.7996563911437988 1
3 -1 2 169.53 90.73 -1 66 1.6205089092254639 1
3 -1 3 165.34 0.0 -2 66 0.0044078826904296875 1
3 -1 4 169.53 90.73 -1 66 0.7945821285247803 1
3 -1 5 167.18 91.21 -1 66 1.7355399131774902 1
random:1T:600
0 -1 0 528.48 0 -1 57 0.16795897483825684 1
0 -1 1 481.57 283.72 -1 57 0.5672688484191895 1
0 -1 2 485.39 301.56999999999994 -2 57 1.029500961303711 1
0 -1 3 464.55 235.69 -1 57 0.005223989486694336 1
0 -1 4 487.48 303.8399999999999 -2 57 0.6201291084289551 1
0 -1 5 428.49 231.99 -1 57 0.7709720134735107 1
1 -1 0 388.1 243.89999999999998 -2 72 0.2597029209136963 1
1 -1 1 357.56 299.8499999999998 -2 72 1.3338940143585205 1
1 -1 2 357.56 299.8499999999998 -2 72 2.375732183456421 1
1 -1 3 371.7 208.98000000000002 -1 72 0.006107807159423828 1
1 -1 4 357.56 299.8499999999998 -2 72 1.3705320358276367 1
1 -1 5 357.56 299.8499999999998 -2 72 2.4268651008605957 1
2 -1 0 343.79 179.04 -2 81 0.2792940139770508 1
2 -1 1 321.68 264.74 -1 81 1.3060948848724365 1
2 -1 2 317.4 256.34000000000003 -1 81 2.7063181400299072 1
2 -1 3 329.43 146.29000000000002 -1 81 0.006292104721069336 1
2 -1 4 323.56 272.4 -2 81 1.4810991287231445 1
2 -1 5 292.73 224.89 -2 81 2.3789219856262207 1
3 -1 0 417.31 224.0 -1 66 0.24710893630981445 1
3 -1 1 390.73 300.29999999999995 -2 66 1.334381103515625 1
3 -1 2 387.25 297.9299999999998 -2 66 2.5419788360595703 1
3 -1 3 397.36 227.4 -1 66 0.006160259246826172 1
3 -1 4 387.25 297.9299999999998 -2 66 1.8091490268707275 1
3 -1 5 386.33 292.52 -2 66 2.161341905593872 1
random:1T:900
0 -1 0 850.82 238.1 -1 57 0.2557179927825928 1
0 -1 1 734.32 396.32 -2 57 0.976309061050415 1
0 -1 2 767.32 474.45 -1 57 1.8563618659973145 1
0 -1 3 745.77 401.31 -1 57 0.006987094879150391 1
0 -1 4 782.76 490.15 -1 57 1.2289574146270752 1
0 -1 5 692.96 413.63 -1 57 1.1416208744049072 1
1 -1 0 602.63 332.51 -1 72 0.3956260681152344 1
1 -1 1 556.66 481.94000000000005 -2 72 2.2982470989227295 1
1 -1 2 556.66 481.94000000000005 -2 72 3.239557981491089 1
1 -1 3 589.1 455.5899999999999 -1 72 0.0078029632568359375 1
1 -1 4 556.66 481.94000000000005 -2 72 2.635111093521118 1
1 -1 5 556.66 481.94000000000005 -2 72 3.6551260948181152 1
2 -1 0 557.62 390.91999999999996 -1 81 0.44629931449890137 1
2 -1 1 512.94 428.11999999999995 -1 81 2.6357600688934326 1
2 -1 2 501.64 423.83000000000004 -1 81 4.167601823806763 1
2 -1 3 544.05 383.61999999999995 -1 81 0.00785684585571289 1
2 -1 4 515.33 455.79 -2 81 2.933980941772461 1
2 -1 5 472.17 393.55999999999995 -2 81 3.41648006439209 1
3 -1 0 661.41 445.95 -1 66 0.3647301197052002 1
3 -1 1 600.12 455.25 -1 66 2.207548141479492 1
3 -1 2 588.16 435.89000000000004 -1 66 3.143563985824585 1
3 -1 3 630.16 381.06 -1 66 0.007911205291748047 1
3 -1 4 588.16 435.89000000000004 -1 66 2.3051860332489014 1
3 -1 5 598.18 467.77 -1 66 3.121185064315796 1
random:1T:1200
0 -1 0 1166.02 0 -1 57 0.35908007621765137 1
0 -1 1 999.03 600.55 -1 57 1.4743399620056152 1
0 -1 2 1048.07 667.1000000000004 -2 57 2.079332113265991 1
0 -1 3 1025.58 562.6499999999999 -1 57 0.009243965148925781 1
0 -1 4 1040.23 632.55 -1 57 1.806102991104126 1
0 -1 5 964.72 563.12 -1 57 1.7148957252502441 1
1 -1 0 819.08 509.99 -1 72 0.5487990379333496 1
1 -1 1 754.92 650.0899999999999 -2 72 3.7373061180114746 1
1 -1 2 754.92 650.0899999999999 -2 72 4.733370065689087 1
1 -1 3 804.07 693.5699999999999 -1 72 0.008958101272583008 1
1 -1 4 754.92 650.0899999999999 -2 72 3.600705146789551 1
1 -1 5 754.92 650.0899999999999 -2 72 4.8194169998168945 1
2 -1 0 775.08 499.95 -1 81 0.6145379543304443 1
2 -1 1 697.87 568.75 -1 81 4.103851079940796 1
2 -1 2 672.53 558.8 -1 81 5.300079107284546 1
2 -1 3 748.3 630.3499999999999 -1 81 0.010038137435913086 1
2 -1 4 680.99 544.28 -1 81 3.8852763175964355 1
2 -1 5 665.45 536.82 -1 81 5.080173969268799 1
3 -1 0 893.96 514.1500000000001 -1 66 0.5346932411193848 1
3 -1 1 810.1 643.0400000000001 -1 66 3.7226669788360596 1
3 -1 2 807.2 637.03 -1 66 4.703291893005371 1
3 -1 3 863.3 533.78 -1 66 0.011072635650634766 1
3 -1 4 807.2 637.03 -1 66 3.6790919303894043 1
3 -1 5 803.42 618.1999999999999 -1 66 4.367923021316528 1
random:1T:1500
0 -1 0 1492.21 429.56 -1 57 0.48944687843322754 1
0 -1 1 1268.79 764.0200000000001 -1 57 2.0202481746673584 1
0 -1 2 1313.58 822.38 -1 57 3.713853120803833 1
0 -1 3 1314.0 720.5699999999999 -1 57 0.012768983840942383 1
0 -1 4 1344.93 836.05 -2 57 2.3725249767303467 1
0 -1 5 1223.32 755.71 -2 57 2.1133110523223877 1
1 -1 0 1037.88 687.26 -1 72 0.6889877319335938 1
1 -1 1 955.64 828.16 -1 72 4.581655025482178 1
1 -1 2 955.51 828.5200000000001 -2 72 5.674873113632202 1
1 -1 3 1010.6 941.45 -1 72 0.010973930358886719 1
1 -1 4 955.51 828.5200000000001 -2 72 4.640878200531006 1
1 -1 5 955.64 828.16 -1 72 5.63445782661438 1
2 -1 0 991.81 743.5500000000001 -1 81 0.7194321155548096 1
2 -1 1 879.49 708.8299999999999 -1 81 4.962039947509766 1
2 -1 2 888.36 770.15 -4 81 6.981054067611694 1
2 -1 3 956.45 884.79 -1 81 0.011919975280761719 1
2 -1 4 872.64 704.9599999999999 -1 81 5.138749122619629 1
2 -1 5 847.28 723.44 -2 81 5.978129863739014 1
3 -1 0 1136.28 666.68 -1 66 0.6464042663574219 1
3 -1 1 1016.48 808.53 -1 66 4.491076946258545 1
3 -1 2 993.83 788.88 -1 66 5.193552732467651 1
3 -1 3 1097.45 685.41 -1 66 0.01243901252746582 1
3 -1 4 993.83 788.88 -1 66 4.312909126281738 1
3 -1 5 1026.21 811.2499999999999 -1 66 5.458734750747681 1
random:2T:300
0 -1 0 195.21 146.55 -1 36 0.05769681930541992 2
0 -1 1 170.75 130.78000000000003 -2 36 0.16692686080932617 2
0 -1 2 170.75 130.78000000000003 -2 36 0.3154938220977783 2
0 -1 3 195.52 100.03 -1 36 0.002869844436645508 2
0 -1 4 170.75 130.78000000000003 -2 36 0.16611790657043457 2
0 -1 5 170.75 130.78000000000003 -2 36 0.31475114822387695 2
1 -1 0 165.06 25.5 -1 73 0.12028312683105469 2
1 -1 1 162.21 76.50999999999999 -1 73 0.6929981708526611 2
1 -1 2 162.21 76.50999999999999 -1 73 1.7389791011810303 2
1 -1 3 160.5 0.0 -3 73 0.004773855209350586 2
1 -1 4 162.21 76.50999999999999 -1 73 0.6942429542541504 2
1 -1 5 147.1 14.2 -1 73 1.0902647972106934 2
2 -1 0 161.14 110.46 -1 48 0.0698847770690918 2
2 -1 1 152.81 115.03 -1 48 0.35395312309265137 2
2 -1 2 152.81 115.03 -1 48 0.6805047988891602 2
2 -1 3 156.24 27.049999999999997 -1 48 0.003306150436401367 2
2 -1 4 152.81 115.03 -1 48 0.35318589210510254 2
2 -1 5 145.79 86.87 -1 48 0.8947849273681641 2
3 -1 0 206.97 6.34 -1 52 0.060769081115722656 2
3 -1 1 191.31 93.47 -2 52 0.23453378677368164 2
3 -1 2 191.31 93.47 -2 52 0.4202611446380615 2
3 -1 3 202.37 69.12 -1 52 0.003184080123901367 2
3 -1 4 191.31 93.47 -2 52 0.23404598236083984 2
3 -1 5 162.71 33.06 -1 52 0.24654316902160645 2
random:2T:600
0 -1 0 448.91 340.87 -1 36 0.11887407302856445 2
0 -1 1 376.19 326.18999999999943 -2 36 0.48446083068847656 2
0 -1 2 376.19 326.18999999999943 -2 36 0.6374790668487549 2
0 -1 3 446.74 367.46999999999997 -1 36 0.0043718814849853516 2
0 -1 4 376.19 326.18999999999943 -2 36 0.4873652458190918 2
0 -1 5 376.19 326.18999999999943 -2 36 0.63572096824646 2
1 -1 0 391.78 181.55 -1 73 0.2520718574523926 2
1 -1 1 366.42 296.44 -2 73 0.8102462291717529 2
1 -1 2 366.42 296.44 -2 73 1.855553150177002 2
1 -1 3 385.42 221.23000000000002 -1 73 0.006911277770996094 2
1 -1 4 366.42 296.44 -2 73 0.8109779357910156 2
1 -1 5 351.91 278.85 -2 73 1.8317651748657227 2
2 -1 0 401.25 296.98 -2 48 0.1612699031829834 2
2 -1 1 370.22 320.76 -2 48 0.551954984664917 2
2 -1 2 370.22 320.76 -2 48 0.8845701217651367 2
2 -1 3 397.81 296.69000000000005 -1 48 0.005330801010131836 2
2 -1 4 370.22 320.76 -2 48 0.551314115524292 2
2 -1 5 357.42 305.74999999999994 -2 48 0.7586019039154053 2
3 -1 0 530.0 179.92 -1 52 0.13923096656799316 2
3 -1 1 474.41 283.46 -2 52 0.3311009407043457 2
3 -1 2 474.41 283.46 -2 52 0.5201549530029297 2
3 -1 3 486.48 262.86 -1 52 0.0052258968353271484 2
3 -1 4 474.41 283.46 -2 52 0.3338651657104492 2
3 -1 5 442.73 265.8699999999999 -2 52 0.6548571586608887 2
random:2T:900
0 -1 0 707.57 566.34 -1 36 0.18233489990234375 2
0 -1 1 579.23 516.67 -2 36 0.3773648738861084 2
0 -1 2 579.23 516.67 -2 36 0.5260980129241943 2
0 -1 3 697.75 643.5200000000001 -1 36 0.006030082702636719 2
0 -1 4 579.23 516.67 -2 36 0.3788280487060547 2
0 -1 5 579.23 516.67 -2 36 0.5275063514709473 2
1 -1 0 612.4 246.05 -1 73 0.3692352771759033 2
1 -1 1 565.85 473.5999999999999 -2 73 1.8922669887542725 2
1 -1 2 565.85 473.5999999999999 -2 73 2.9267678260803223 2
1 -1 3 612.33 378.01 -1 73 0.008787870407104492 2
1 -1 4 565.85 473.5999999999999 -2 73 1.8933300971984863 2
1 -1 5 549.56 451.18999999999994 -1 73 2.859135866165161 2
2 -1 0 640.67 460.55 -2 48 0.25048327445983887 2
2 -1 1 570.36 506.22999999999996 -2 48 0.8408782482147217 2
2 -1 2 570.36 506.22999999999996 -2 48 1.1793391704559326 2
2 -1 3 638.56 563.33 -1 48 0.007112026214599609 2
2 -1 4 570.36 506.22999999999996 -2 48 0.8412060737609863 2
2 -1 5 564.92 497.68999999999994 -4 48 1.3419861793518066 2
3 -1 0 850.94 259.38 -1 52 0.22723388671875 2
3 -1 1 729.16 465.85999999999984 -2 52 0.5818049907684326 2
3 -1 2 729.16 465.85999999999984 -2 52 0.7743360996246338 2
3 -1 3 786.4 456.28 -1 52 0.0071218013763427734 2
3 -1 4 729.16 465.85999999999984 -2 52 0.5864968299865723 2
3 -1 5 699.94 443.60999999999996 -2 52 0.7063040733337402 2
random:2T:1200
0 -1 0 969.29 836.5799999999999 -1 36 0.2502751350402832 2
0 -1 1 800.22 698.97 -2 36 0.626378059387207 2
0 -1 2 800.22 698.97 -2 36 0.7782068252563477 2
0 -1 3 948.7 910.7400000000001 -1 36 0.007433891296386719 2
0 -1 4 800.22 698.97 -2 36 0.627230167388916 2
0 -1 5 800.22 698.97 -2 36 0.7801799774169922 2
1 -1 0 834.13 435.6 -1 73 0.5113308429718018 2
1 -1 1 739.81 618.0500000000001 -2 73 2.9061150550842285 2
1 -1 2 759.74 640.85 -3 73 4.3426549434661865 2
1 -1 3 840.02 523.91 -1 73 0.010965824127197266 2
1 -1 4 759.74 640.85 -3 73 3.178644895553589 2
1 -1 5 747.72 624.95 -1 73 4.22668194770813 2
2 -1 0 876.54 640.51 -1 48 0.33265209197998047 2
2 -1 1 777.02 670.3800000000002 -4 48 1.2293150424957275 2
2 -1 2 777.02 670.3800000000002 -4 48 1.5618720054626465 2
2 -1 3 881.24 827.1400000000001 -1 48 0.008519887924194336 2
2 -1 4 777.02 670.3800000000002 -4 48 1.2341768741607666 2
2 -1 5 769.95 668.8400000000003 -2 48 1.5314531326293945 2
3 -1 0 1167.66 453.65 -1 52 0.28856611251831055 2
3 -1 1 987.12 622.53 -1 52 0.8651020526885986 2
3 -1 2 990.38 637.43 -2 52 1.0540590286254883 2
3 -1 3 1075.93 637.1299999999999 -1 52 0.009000062942504883 2
3 -1 4 990.38 637.43 -2 52 0.8665461540222168 2
3 -1 5 965.34 612.7399999999999 -2 52 0.9536890983581543 2
random:2T:1500
0 -1 0 1227.01 1018.28 -1 36 0.3027071952819824 2
0 -1 1 1004.81 886.3800000000002 -2 36 0.7513210773468018 2
0 -1 2 1004.81 886.3800000000002 -2 36 0.900831937789917 2
0 -1 3 1199.96 1176.2500000000002 -1 36 0.008918046951293945 2
0 -1 4 1004.81 886.3800000000002 -2 36 0.7559969425201416 2
0 -1 5 1004.81 886.3800000000002 -2 36 0.9049792289733887 2
1 -1 0 1051.42 601.66 -1 73 0.5968780517578125 2
1 -1 1 949.99 747.8399999999999 -1 73 4.375438213348389 2
1 -1 2 949.93 764.54 -3 73 5.5600128173828125 2
1 -1 3 1068.74 664.2099999999999 -1 73 0.013312101364135742 2
1 -1 4 949.93 764.54 -3 73 4.40395712852478 2
1 -1 5 912.45 739.4300000000001 -2 73 5.004925012588501 2
2 -1 0 1123.83 883.6700000000001 -1 48 0.42981624603271484 2
2 -1 1 992.0 869.71 -2 48 1.627229928970337 2
2 -1 2 992.0 869.71 -2 48 1.9730591773986816 2
2 -1 3 1125.08 1090.99 -1 48 0.010804176330566406 2
2 -1 4 992.0 869.71 -2 48 1.641528844833374 2
2 -1 5 981.98 858.3900000000001 -4 48 1.8720839023590088 2
3 -1 0 1473.43 610.69 -1 52 0.36368417739868164 2
3 -1 1 1249.59 810.2700000000003 -2 52 1.266798973083496 2
3 -1 2 1247.98 811.9599999999999 -3 52 1.459115982055664 2
3 -1 3 1362.32 802.7499999999998 -1 52 0.010973930358886719 2
3 -1 4 1247.98 811.9599999999999 -3 52 1.2589402198791504 2
3 -1 5 1218.13 769.91 -1 52 1.2517509460449219 2
random:3T:300
0 -1 0 142.2 0.0 -3 89 0.14365291595458984 3
0 -1 1 140.38 28.97 -1 89 0.26888489723205566 3
0 -1 2 140.38 28.97 -1 89 2.2403972148895264 3
0 -1 3 138.83 0.0 -6 89 0.00531005859375 3
0 -1 4 140.38 28.97 -1 89 0.2648487091064453 3
0 -1 5 122.17 0.0 -4 89 1.560364007949829 3
1 -1 0 238.64 85.5 -1 58 0.08940887451171875 3
1 -1 1 211.39 115.45 -1 58 0.15399599075317383 3
1 -1 2 211.39 115.45 -1 58 0.4405338764190674 3
1 -1 3 209.61 64.0 -1 58 0.0038909912109375 3
1 -1 4 211.39 115.45 -1 58 0.15438199043273926 3
1 -1 5 186.36 84.88 -1 58 0.5933711528778076 3
2 -1 0 147.8 19.12 -1 65 0.09935474395751953 3
2 -1 1 144.68 79.55000000000001 -1 65 0.6201157569885254 3
2 -1 2 141.84 73.64999999999999 -1 65 1.250049114227295 3
2 -1 3 142.89 0.0 -2 65 0.003933906555175781 3
2 -1 4 144.68 79.55000000000001 -1 65 0.6209609508514404 3
2 -1 5 141.84 73.64999999999999 -1 65 1.24721097946167 3
3 -1 0 174.14 0 -1 65 0.11309003829956055 3
3 -1 1 166.53 95.4 -1 65 0.9427750110626221 3
3 -1 2 162.77 94.69 -1 65 1.7958722114562988 3
3 -1 3 157.99 0.0 -2 65 0.003979921340942383 3
3 -1 4 166.53 95.4 -1 65 0.9518783092498779 3
3 -1 5 149.24 49.07 -1 65 1.3791959285736084 3
random:3T:600
0 -1 0 355.8 204.94 -1 89 0.2956690788269043 3
0 -1 1 341.76 275.13 -3 89 2.2750000953674316 3
0 -1 2 341.71 274.0699999999999 -3 89 4.817832946777344 3
0 -1 3 346.71 144.44 -1 89 0.007638692855834961 3
0 -1 4 341.71 274.0699999999999 -3 89 2.835714101791382 3
0 -1 5 314.04 239.57 -6 89 3.354701042175293 3
1 -1 0 562.36 231.7 -1 58 0.18567800521850586 3
1 -1 1 501.03 301.1099999999997 -2 58 0.8112070560455322 3
1 -1 2 499.22 299.56999999999994 -2 58 0.945991039276123 3
1 -1 3 499.45 246.35999999999999 -1 58 0.00642704963684082 3
1 -1 4 499.22 299.56999999999994 -2 58 0.6449861526489258 3
1 -1 5 479.57 290.61999999999995 -1 58 0.8645329475402832 3
2 -1 0 381.73 292.15 -3 65 0.22263693809509277 3
2 -1 1 360.86 301.82 -2 65 1.3342170715332031 3
2 -1 2 358.81 298.09 -2 65 2.0682859420776367 3
2 -1 3 368.19 215.49 -1 65 0.0058879852294921875 3
2 -1 4 360.86 301.82 -2 65 1.3333568572998047 3
2 -1 5 358.81 298.09 -2 65 2.0767569541931152 3
3 -1 0 401.62 0 -1 65 0.23720216751098633 3
3 -1 1 373.0 299.96 -1 65 1.1187820434570312 3
3 -1 2 366.76 301.32 -2 65 1.871523141860962 3
3 -1 3 374.98 221.16 -1 65 0.0054247379302978516 3
3 -1 4 373.43 306.83 -2 65 1.090210199356079 3
3 -1 5 356.68 294.64 -3 65 1.873986005783081 3
random:3T:900
0 -1 0 569.71 407.65999999999997 -3 89 0.45346903800964355 3
0 -1 1 523.99 435.12 -2 89 3.053611993789673 3
0 -1 2 527.04 383.05 -2 89 5.509010314941406 3
0 -1 3 554.68 359.41 -1 89 0.008693933486938477 3
0 -1 4 527.04 383.05 -2 89 3.553234815597534 3
0 -1 5 507.15 408.2 -2 89 4.852082014083862 3
1 -1 0 884.36 284.96 -1 58 0.2864651679992676 3
1 -1 1 774.07 485.1799999999996 -2 58 1.3170108795166016 3
1 -1 2 770.73 485.0699999999994 -2 58 1.5586791038513184 3
1 -1 3 800.04 415.77 -1 58 0.00851297378540039 3
1 -1 4 770.73 485.0699999999994 -2 58 1.2495861053466797 3
1 -1 5 762.76 475.4599999999998 -2 58 1.401928186416626 3
2 -1 0 607.42 452.67 -1 65 0.33960509300231934 3
2 -1 1 571.55 486.72 -2 65 2.8625519275665283 3
2 -1 2 570.08 484.96999999999997 -4 65 3.6106979846954346 3
2 -1 3 595.18 402.4699999999999 -1 65 0.007557868957519531 3
2 -1 4 571.55 486.72 -2 65 2.8647148609161377 3
2 -1 5 570.08 484.96999999999997 -4 65 3.6006457805633545 3
3 -1 0 636.19 257.45 -1 65 0.3530571460723877 3
3 -1 1 567.79 469.89 -1 65 2.2988829612731934 3
3 -1 2 560.21 473.4099999999997 -2 65 3.321568012237549 3
3 -1 3 598.65 376.52 -1 65 0.007090330123901367 3
3 -1 4 564.82 475.15999999999997 -2 65 2.427762985229492 3
3 -1 5 558.01 473.65 -2 65 2.926968812942505 3
random:3T:1200
0 -1 0 782.11 568.1400000000001 -1 89 0.6068499088287354 3
0 -1 1 724.97 613.9 -2 89 5.768439054489136 3
0 -1 2 707.57 561.74 -1 89 7.327786922454834 3
0 -1 3 755.46 455.43 -1 89 0.010824918746948242 3
0 -1 4 707.57 561.74 -1 89 5.412454128265381 3
0 -1 5 683.12 555.5 -1 89 7.065368890762329 3
1 -1 0 1208.05 581.03 -1 58 0.37596821784973145 3
1 -1 1 1041.19 645.1299999999999 -1 58 1.451936960220337 3
1 -1 2 1061.79 668.1600000000001 -1 58 1.9792921543121338 3
1 -1 3 1096.68 609.6999999999999 -1 58 0.01069784164428711 3
1 -1 4 1061.79 668.1600000000001 -1 58 1.6801202297210693 3
1 -1 5 1031.67 636.81 -2 58 1.826904058456421 3
2 -1 0 846.75 642.96 -1 65 0.4633200168609619 3
2 -1 1 779.97 660.74 -2 65 4.244952917098999 3
2 -1 2 778.26 655.4800000000001 -1 65 5.004930257797241 3
2 -1 3 822.37 538.5799999999999 -1 65 0.009202003479003906 3
2 -1 4 779.89 659.75 -4 65 4.48302698135376 3
2 -1 5 780.9 658.5 -2 65 5.049419164657593 3
3 -1 0 877.23 616.21 -1 65 0.48839306831359863 3
3 -1 1 755.91 633.4399999999999 -1 65 3.478896141052246 3
3 -1 2 755.22 644.1999999999999 -2 65 4.320968866348267 3
3 -1 3 821.96 517.05 -1 65 0.008774042129516602 3
3 -1 4 764.34 626.8 -1 65 3.584196090698242 3
3 -1 5 757.05 634.1 -1 65 4.423609018325806 3
random:3T:1500
0 -1 0 997.89 745.8199999999999 -3 89 0.8095989227294922 3
0 -1 1 913.24 706.81 -1 89 8.661659955978394 3
0 -1 2 896.6 704.6700000000001 -1 89 9.980637311935425 3
0 -1 3 967.76 578.9200000000001 -1 89 0.013746976852416992 3
0 -1 4 896.6 704.6700000000001 -1 89 7.886471271514893 3
0 -1 5 879.05 732.44 -2 89 10.08647084236145 3
1 -1 0 1529.5 647.3399999999999 -1 58 0.5082759857177734 3
1 -1 1 1330.14 818.39 -1 58 2.4366281032562256 3
1 -1 2 1315.91 817.9899999999999 -1 58 2.6369709968566895 3
1 -1 3 1385.95 785.4599999999999 -1 58 0.013987064361572266 3
1 -1 4 1315.91 817.9899999999999 -1 58 2.342299222946167 3
1 -1 5 1313.85 811.6800000000001 -1 58 2.491163730621338 3
2 -1 0 1071.49 827.75 -2 65 0.6606659889221191 3
2 -1 1 997.97 833.7900000000002 -1 65 6.489725351333618 3
2 -1 2 997.21 846.78 -3 65 6.951631307601929 3
2 -1 3 1050.64 683.68 -1 65 0.011533021926879883 3
2 -1 4 997.97 833.7900000000002 -1 65 6.232642650604248 3
2 -1 5 995.73 844.83 -1 65 6.755620241165161 3
3 -1 0 1105.04 833.77 -1 65 0.6153068542480469 3
3 -1 1 965.37 794.5099999999999 -1 65 4.928997039794922 3
3 -1 2 962.55 810.97 -4 65 5.569833040237427 3
3 -1 3 1037.07 644.0600000000001 -1 65 0.010410070419311523 3
3 -1 4 971.1 783.8900000000001 -1 65 4.9924798011779785 3
3 -1 5 944.49 796.45 -4 65 5.448492765426636 3
random:4T:300
0 -1 0 131.96 0 -9 97 0.18070602416992188 4
0 -1 1 133.82 3.71 -1 97 0.03236103057861328 4
0 -1 2 127.64 0.0 -4 97 2.533881187438965 4
0 -1 3 130.71 0.0 -7 97 0.006541013717651367 4
0 -1 4 133.82 3.71 -1 97 0.03281092643737793 4
0 -1 5 117.26 0.0 -9 97 1.904259204864502 4
1 -1 0 147.96 37.79 -1 64 0.11305379867553711 4
1 -1 1 142.0 80.01 -1 64 1.0827269554138184 4
1 -1 2 142.0 80.01 -1 64 1.878216028213501 4
1 -1 3 139.46 0.0 -2 64 0.00432586669921875 4
1 -1 4 142.0 80.01 -1 64 1.1458749771118164 4
1 -1 5 142.0 80.01 -1 64 1.956115961074829 4
2 -1 0 263.21 92.7 -1 45 0.08324503898620605 4
2 -1 1 227.61 135.64 -1 45 0.16428089141845703 4
2 -1 2 229.04 141.57999999999998 -1 45 0.44284486770629883 4
2 -1 3 204.98 67.21000000000001 -1 45 0.0037391185760498047 4
2 -1 4 227.61 135.64 -1 45 0.16422700881958008 4
2 -1 5 197.43 108.91000000000001 -1 45 0.6360070705413818 4
3 -1 0 189.28 47.13 -1 69 0.13412690162658691 4
3 -1 1 179.35 122.72999999999999 -1 69 0.7667880058288574 4
3 -1 2 179.35 122.72999999999999 -1 69 1.6119029521942139 4
3 -1 3 180.82 0.0 -1 69 0.0047130584716796875 4
3 -1 4 179.35 122.72999999999999 -1 69 0.8153119087219238 4
3 -1 5 168.15 117.91000000000001 -1 69 1.1798110008239746 4
random:4T:600
0 -1 0 340.13 215.08 -1 97 0.3664886951446533 4
0 -1 1 336.65 261.90999999999997 -1 97 2.3651041984558105 4
0 -1 2 320.53 237.91 -1 97 5.053969860076904 4
0 -1 3 335.2 100.37 -1 97 0.008776187896728516 4
0 -1 4 336.3 260.36999999999995 -2 97 2.352642059326172 4
0 -1 5 299.34 210.38 -1 97 4.371671915054321 4
1 -1 0 375.62 301.74 -1 64 0.2384631633758545 4
1 -1 1 355.19 308.0599999999999 -2 64 1.6437609195709229 4
1 -1 2 355.19 308.0599999999999 -2 64 2.424100160598755 4
1 -1 3 361.61 215.49 -1 64 0.0061550140380859375 4
1 -1 4 355.19 308.0599999999999 -2 64 1.6303112506866455 4
1 -1 5 355.19 308.0599999999999 -2 64 2.424675703048706 4
2 -1 0 580.75 280.74 -1 45 0.16055870056152344 4
2 -1 1 529.56 342.5899999999999 -2 45 0.6472930908203125 4
2 -1 2 528.4 338.3399999999998 -2 45 0.8220977783203125 4
2 -1 3 509.54 245.78 -1 45 0.005604982376098633 4
2 -1 4 531.29 339.9399999999997 -2 45 0.6897158622741699 4
2 -1 5 509.17 313.57 -2 45 0.7165613174438477 4
3 -1 0 427.84 233.66 -1 69 0.24565982818603516 4
3 -1 1 391.64 313.9699999999998 -2 69 1.6710882186889648 4
3 -1 2 391.64 313.9699999999998 -2 69 2.4550399780273438 4
3 -1 3 415.16 257.46 -1 69 0.0066449642181396484 4
3 -1 4 391.64 313.9699999999998 -2 69 1.670497179031372 4
3 -1 5 389.01 310.80999999999995 -2 69 2.110588788986206 4
random:4T:900
0 -1 0 547.24 346.91 -1 97 0.5295088291168213 4
0 -1 1 521.17 375.93 -2 97 4.798414945602417 4
0 -1 2 511.1 412.4 -2 97 7.33210825920105 4
0 -1 3 527.61 317.02 -1 97 0.010250091552734375 4
0 -1 4 521.2 375.94000000000005 -2 97 4.93446683883667 4
0 -1 5 491.6 358.74 -2 97 6.414084196090698 4
1 -1 0 600.55 501.31000000000006 -2 64 0.3636660575866699 4
1 -1 1 565.38 499.18999999999994 -2 64 2.7512149810791016 4
1 -1 2 565.38 499.18999999999994 -2 64 3.512197732925415 4
1 -1 3 585.61 472.78 -1 64 0.007712125778198242 4
1 -1 4 565.38 499.18999999999994 -2 64 2.740602731704712 4
1 -1 5 565.38 499.18999999999994 -2 64 3.526777982711792 4
2 -1 0 920.02 485.76 -1 45 0.22676301002502441 4
2 -1 1 817.13 500.45 -1 45 0.9234058856964111 4
2 -1 2 811.54 522.24 -1 45 1.1934518814086914 4
2 -1 3 822.15 450.3 -1 45 0.00810384750366211 4
2 -1 4 814.02 522.27 -1 45 0.938079833984375 4
2 -1 5 804.11 491.90000000000003 -1 45 1.2664287090301514 4
3 -1 0 665.12 435.28 -2 69 0.38338422775268555 4
3 -1 1 608.51 498.15999999999997 -2 69 3.3270652294158936 4
3 -1 2 608.51 498.15999999999997 -2 69 4.068553924560547 4
3 -1 3 649.55 433.48999999999995 -1 69 0.008892059326171875 4
3 -1 4 608.51 498.15999999999997 -2 69 3.181306838989258 4
3 -1 5 598.37 493.99 -4 69 3.214235782623291 4
random:4T:1200
0 -1 0 749.66 455.15 -1 97 0.7387547492980957 4
0 -1 1 701.71 550.17 -1 97 7.544800043106079 4
0 -1 2 697.23 574.45 -1 97 10.360923767089844 4
0 -1 3 729.67 423.4 -1 97 0.013375043869018555 4
0 -1 4 699.14 544.79 -1 97 7.456597805023193 4
0 -1 5 680.98 546.9000000000001 -2 97 9.52458906173706 4
1 -1 0 819.18 668.14 -2 64 0.5280313491821289 4
1 -1 1 778.99 681.7200000000001 -2 64 3.9793527126312256 4
1 -1 2 778.99 681.7200000000001 -2 64 4.853060245513916 4
1 -1 3 809.97 729.4000000000001 -1 64 0.009894847869873047 4
1 -1 4 778.99 681.7200000000001 -2 64 4.062788009643555 4
1 -1 5 778.99 681.7200000000001 -2 64 5.023631811141968 4
2 -1 0 1269.24 626.62 -1 45 0.33860087394714355 4
2 -1 1 1123.96 715.2800000000003 -2 45 1.4480619430541992 4
2 -1 2 1098.9 697.67 -1 45 1.9118528366088867 4
2 -1 3 1129.72 629.84 -1 45 0.010391712188720703 4
2 -1 4 1119.55 689.68 -1 45 2.0509402751922607 4
2 -1 5 1072.08 662.28 -1 45 1.4891808032989502 4
3 -1 0 898.54 604.26 -1 69 0.5055749416351318 4
3 -1 1 820.59 666.54 -2 69 4.733629941940308 4
3 -1 2 820.59 666.54 -2 69 5.538514852523804 4
3 -1 3 883.87 587.05 -1 69 0.011356115341186523 4
3 -1 4 820.59 666.54 -2 69 4.798020839691162 4
3 -1 5 814.04 665.33 -1 69 4.889639139175415 4
random:4T:1500
0 -1 0 950.7 695.06 -1 97 0.9451501369476318 4
0 -1 1 898.09 688.73 -1 97 10.981874942779541 4
0 -1 2 865.94 636.02 -1 97 12.800647020339966 4
0 -1 3 936.28 557.6 -1 97 0.01613020896911621 4
0 -1 4 867.88 692.85 -1 97 9.619523763656616 4
0 -1 5 861.01 694.2900000000001 -2 97 11.914554119110107 4
1 -1 0 1056.41 856.4799999999999 -2 64 0.6764810085296631 4
1 -1 1 991.67 874.5600000000001 -4 64 5.320955753326416 4
1 -1 2 991.67 874.5600000000001 -4 64 6.157770872116089 4
1 -1 3 1035.0 982.3600000000001 -1 64 0.012363910675048828 4
1 -1 4 991.67 874.5600000000001 -4 64 5.511193037033081 4
1 -1 5 991.67 874.5600000000001 -4 64 6.184659004211426 4
2 -1 0 1610.32 707.6600000000001 -1 45 0.41872572898864746 4
2 -1 1 1393.1 884.81 -1 45 2.456982135772705 4
2 -1 2 1382.46 884.2700000000002 -1 45 2.4185431003570557 4
2 -1 3 1439.0 832.61 -1 45 0.013251066207885742 4
2 -1 4 1397.81 868.21 -1 45 2.2436270713806152 4
2 -1 5 1370.27 850.34 -1 45 1.8755269050598145 4
3 -1 0 1137.5 755.91 -1 69 0.6299190521240234 4
3 -1 1 1029.78 841.5899999999999 -2 69 5.556180953979492 4
3 -1 2 1029.34 841.5 -4 69 6.514031887054443 4
3 -1 3 1118.23 740.4699999999999 -1 69 0.013032913208007812 4
3 -1 4 1029.34 841.5 -4 69 5.7316648960113525 4
3 -1 5 1036.08 847.6600000000002 -4 69 6.09980320930481 4
random:5T:300
0 -1 0 144.71 0.0 -2 68 0.11720705032348633 5
0 -1 1 141.62 44.71 -1 68 0.3831360340118408 5
0 -1 2 139.25 41.64 -1 68 1.2991101741790771 5
0 -1 3 144.82 0.0 -2 68 0.004420757293701172 5
0 -1 4 141.62 44.71 -1 68 0.3805699348449707 5
0 -1 5 125.85 0.0 -2 68 0.8818140029907227 5
1 -1 0 174.0 118.03 -1 40 0.07042217254638672 5
1 -1 1 163.84 123.97 -1 40 0.43262791633605957 5
1 -1 2 163.84 123.97 -1 40 0.6943328380584717 5
1 -1 3 169.39 55.95 -1 40 0.003275156021118164 5
1 -1 4 163.84 123.97 -1 40 0.44687676429748535 5
1 -1 5 157.73 105.84 -1 40 0.8082671165466309 5
2 -1 0 162.8 75.56 -2 64 0.10887622833251953 5
2 -1 1 157.13 71.55 -1 64 0.6804907321929932 5
2 -1 2 157.13 71.55 -1 64 1.4128189086914062 5
2 -1 3 156.6 0.0 -1 64 0.004132986068725586 5
2 -1 4 157.13 71.55 -1 64 0.6827559471130371 5
2 -1 5 151.42 50.27 -1 64 1.1893959045410156 5
3 -1 0 173.11 0 -2 74 0.11004066467285156 5
3 -1 1 165.8 63.99 -1 74 0.49584078788757324 5
3 -1 2 165.8 63.99 -1 74 1.1486856937408447 5
3 -1 3 156.96 0.0 -1 74 0.006719112396240234 5
3 -1 4 165.8 63.99 -1 74 0.5542659759521484 5
3 -1 5 160.29 56.19 -1 74 1.1180381774902344 5
random:5T:600
0 -1 0 384.13 238.56 -1 68 0.2555830478668213 5
0 -1 1 358.59 268.9 -2 68 1.005000114440918 5
0 -1 2 359.46 263.79999999999995 -1 68 2.0068957805633545 5
0 -1 3 375.39 221.16 -1 68 0.007171630859375 5
0 -1 4 360.63 265.37 -1 68 1.0809009075164795 5
0 -1 5 342.78 229.44 -1 68 1.856062889099121 5
1 -1 0 433.21 379.07 -2 40 0.1636369228363037 5
1 -1 1 385.21 343.24 -1 40 0.45371103286743164 5
1 -1 2 384.1 345.65 -1 40 0.7454671859741211 5
1 -1 3 412.43 325.47 -1 40 0.005223989486694336 5
1 -1 4 384.1 345.65 -1 40 0.5017049312591553 5
1 -1 5 374.34 318.31 -2 40 0.6199009418487549 5
2 -1 0 399.34 262.4 -2 64 0.22836089134216309 5
2 -1 1 370.84 293.01000000000005 -1 64 0.8796069622039795 5
2 -1 2 371.47 303.5 -2 64 1.6147868633270264 5
2 -1 3 380.44 245.87 -1 64 0.006145000457763672 5
2 -1 4 371.47 303.5 -2 64 0.9224770069122314 5
2 -1 5 361.96 292.82000000000005 -1 64 1.5507171154022217 5
3 -1 0 464.0 199.78 -1 74 0.2644050121307373 5
3 -1 1 436.64 276.03 -2 74 1.4040539264678955 5
3 -1 2 436.32 276.47 -2 74 1.983253002166748 5
3 -1 3 427.94 210.17000000000002 -1 74 0.006913185119628906 5
3 -1 4 436.32 276.47 -2 74 1.3207340240478516 5
3 -1 5 424.07 261.93 -2 74 1.6476149559020996 5
random:5T:900
0 -1 0 625.01 419.49 -1 68 0.39618992805480957 5
0 -1 1 564.63 421.35999999999996 -1 68 1.808445930480957 5
0 -1 2 558.25 407.65000000000003 -1 68 2.9634921550750732 5
0 -1 3 610.08 371.53 -1 68 0.008517026901245117 5
0 -1 4 555.91 396.85 -1 68 2.091301918029785 5
0 -1 5 546.93 372.14 -2 68 2.5864923000335693 5
1 -1 0 693.02 635.34 -2 40 0.24756598472595215 5
1 -1 1 607.6 537.1500000000001 -1 40 0.972743034362793 5
1 -1 2 616.25 575.4000000000001 -1 40 1.3316853046417236 5
1 -1 3 658.23 590.3 -1 40 0.006958961486816406 5
1 -1 4 616.25 575.4000000000001 -1 40 1.1152210235595703 5
1 -1 5 576.77 455.82 -1 40 0.916485071182251 5
2 -1 0 646.77 478.43 -2 64 0.3625960350036621 5
2 -1 1 576.28 481.50000000000006 -1 64 1.8208777904510498 5
2 -1 2 576.28 481.50000000000006 -1 64 2.562101125717163 5
2 -1 3 605.97 399.51 -1 64 0.007626056671142578 5
2 -1 4 576.28 481.50000000000006 -1 64 1.7532401084899902 5
2 -1 5 566.87 473.50000000000006 -2 64 2.3417069911956787 5
3 -1 0 758.24 375.85 -2 74 0.38404107093811035 5
3 -1 1 664.21 413.55000000000007 -1 74 3.057965040206909 5
3 -1 2 658.26 419.7100000000002 -2 74 3.3579142093658447 5
3 -1 3 698.72 375.84000000000003 -1 74 0.009395122528076172 5
3 -1 4 658.26 419.7100000000002 -2 74 2.6486270427703857 5
3 -1 5 670.77 424.8500000000005 -2 74 3.2251648902893066 5
random:5T:1200
0 -1 0 883.08 584.8100000000001 -1 68 0.586533784866333 5
0 -1 1 776.49 609.69 -1 68 2.7935290336608887 5
0 -1 2 783.94 583.11 -1 68 4.479092121124268 5
0 -1 3 845.98 519.19 -1 68 0.011757612228393555 5
0 -1 4 771.52 576.8299999999999 -1 68 3.136195182800293 5
0 -1 5 743.93 531.78 -1 68 3.5969669818878174 5
1 -1 0 955.46 880.3499999999999 -2 40 0.3547251224517822 5
1 -1 1 812.67 717.3599999999999 -1 40 1.2476930618286133 5
1 -1 2 841.24 771.9500000000003 -1 40 2.003726005554199 5
1 -1 3 906.9 860.6400000000001 -1 40 0.010236740112304688 5
1 -1 4 841.02 775.4100000000004 -1 40 1.7214319705963135 5
1 -1 5 796.67 686.74 -1 40 1.3356678485870361 5
2 -1 0 873.31 648.5799999999999 -1 64 0.5285260677337646 5
2 -1 1 775.27 649.77 -2 64 3.0805020332336426 5
2 -1 2 776.65 650.8399999999999 -1 64 3.9079232215881348 5
2 -1 3 832.74 531.52 -1 64 0.010007143020629883 5
2 -1 4 776.65 650.8399999999999 -1 64 2.9123430252075195 5
2 -1 5 754.95 601.3200000000002 -1 64 3.277399778366089 5
3 -1 0 1053.75 572.25 -1 74 0.5322167873382568 5
3 -1 1 926.39 596.4799999999989 -2 74 3.588660955429077 5
3 -1 2 922.68 589.62 -1 74 4.391571283340454 5
3 -1 3 967.87 539.5300000000001 -1 74 0.012525796890258789 5
3 -1 4 927.11 589.66 -1 74 3.7074851989746094 5
3 -1 5 912.11 567.09 -1 74 4.342320919036865 5
random:5T:1500
0 -1 0 1127.5 823.3 -1 68 0.6906437873840332 5
0 -1 1 965.53 745.4300000000001 -1 68 3.3846609592437744 5
0 -1 2 947.49 712.08 -2 68 4.5669450759887695 5
0 -1 3 1082.47 663.57 -1 68 0.012656927108764648 5
0 -1 4 938.34 669.34 -1 68 3.5597739219665527 5
0 -1 5 933.51 624.26 -1 68 3.9631388187408447 5
1 -1 0 1214.05 1152.0099999999998 -1 40 0.41855382919311523 5
1 -1 1 1023.92 884.75 -1 40 1.605860948562622 5
1 -1 2 1044.77 972.8000000000001 -1 40 2.0071070194244385 5
1 -1 3 1150.2 1113.1799999999998 -1 40 0.010855913162231445 5
1 -1 4 1044.77 972.8000000000001 -1 40 1.7301182746887207 5
1 -1 5 1014.03 861.4899999999999 -1 40 1.5891098976135254 5
2 -1 0 1107.53 846.7 -1 64 0.6250412464141846 5
2 -1 1 978.64 813.77 -2 64 3.4504430294036865 5
2 -1 2 965.21 791.4999999999999 -1 64 4.015140056610107 5
2 -1 3 1060.99 663.9 -1 64 0.010645866394042969 5
2 -1 4 965.21 791.4999999999999 -1 64 3.3456528186798096 5
2 -1 5 981.4 799.8900000000001 -1 64 4.390695095062256 5
3 -1 0 1348.11 711.54 -1 74 0.6505529880523682 5
3 -1 1 1169.91 750.8100000000001 -1 74 4.183735132217407 5
3 -1 2 1115.86 697.08 -1 74 6.147659778594971 5
3 -1 3 1235.55 701.5 -1 74 0.01392507553100586 5
3 -1 4 1115.86 697.08 -1 74 5.398400068283081 5
3 -1 5 1159.07 729.0 -1 74 4.94514799118042 5
random:6T:300
0 -1 0 172.86 0.0 -3 73 0.1094808578491211 6
0 -1 1 152.1 31.53 -1 73 0.16019988059997559 6
0 -1 2 144.9 2.57 -1 73 0.6961958408355713 6
0 -1 3 128.18 0.0 -3 73 0.004518270492553711 6
0 -1 4 152.1 31.53 -1 73 0.16117024421691895 6
0 -1 5 117.77 0.0 -5 73 0.5275788307189941 6
1 -1 0 142.74 47.309999999999995 -1 57 0.0903177261352539 6
1 -1 1 137.24 56.14 -1 57 0.42658281326293945 6
1 -1 2 131.69 16.19 -1 57 0.6628339290618896 6
1 -1 3 138.57 0.0 -2 57 0.003762960433959961 6
1 -1 4 137.24 56.14 -1 57 0.4276740550994873 6
1 -1 5 131.24 14.22 -1 57 0.6502888202667236 6
2 -1 0 179.79 118.44 -1 56 0.10753107070922852 6
2 -1 1 169.01 123.71000000000001 -1 56 0.27777981758117676 6
2 -1 2 169.01 123.71000000000001 -1 56 0.7861559391021729 6
2 -1 3 178.71 42.08 -1 56 0.004168033599853516 6
2 -1 4 169.01 123.71000000000001 -1 56 0.2762150764465332 6
2 -1 5 169.01 123.71000000000001 -1 56 0.7824180126190186 6
3 -1 0 182.42 0.0 -1 58 0.1171879768371582 6
3 -1 1 173.2 107.84 -1 58 1.0421810150146484 6
3 -1 2 166.37 72.85 -1 58 1.287248134613037 6
3 -1 3 173.88 19.11 -1 58 0.00422978401184082 6
3 -1 4 173.2 107.84 -1 58 1.0477428436279297 6
3 -1 5 169.14 67.06 -1 58 1.2247848510742188 6
random:6T:600
0 -1 0 455.07 150.24 -1 73 0.23842287063598633 6
0 -1 1 413.15 265.8399999999999 -2 73 0.6951761245727539 6
0 -1 2 410.44 261.36 -2 73 1.4377238750457764 6
0 -1 3 382.78 152.47 -1 73 0.006367921829223633 6
0 -1 4 413.39 265.97 -2 73 0.6833672523498535 6
0 -1 5 370.31 222.38 -1 73 1.1844308376312256 6
1 -1 0 389.42 264.3 -2 57 0.20165085792541504 6
1 -1 1 357.88 291.54999999999995 -2 57 0.6645898818969727 6
1 -1 2 347.19 281.03 -2 57 1.2367839813232422 6
1 -1 3 359.45 221.28000000000003 -1 57 0.005293130874633789 6
1 -1 4 357.88 291.54999999999995 -2 57 0.6823890209197998 6
1 -1 5 346.07 279.5 -2 57 1.295104742050171 6
2 -1 0 422.35 349.17 -1 56 0.23490405082702637 6
2 -1 1 378.78 322.17999999999984 -2 56 0.912726879119873 6
2 -1 2 378.78 322.17999999999984 -2 56 1.4239749908447266 6
2 -1 3 416.77 309.12 -1 56 0.007099151611328125 6
2 -1 4 378.78 322.17999999999984 -2 56 0.9060449600219727 6
2 -1 5 378.78 322.17999999999984 -2 56 1.4048700332641602 6
3 -1 0 438.78 287.25 -1 58 0.25298500061035156 6
3 -1 1 406.54 318.05 -2 58 0.9589860439300537 6
3 -1 2 394.86 310.85 -1 58 1.5958750247955322 6
3 -1 3 420.99 274.2699999999999 -1 58 0.006880998611450195 6
3 -1 4 408.65 321.74 -1 58 0.9877469539642334 6
3 -1 5 400.82 317.41999999999996 -2 58 1.5147390365600586 6
random:6T:900
0 -1 0 735.68 353.83000000000004 -2 73 0.38286304473876953 6
0 -1 1 640.47 383.14 -2 73 1.2662711143493652 6
0 -1 2 644.72 377.25 -2 73 2.305657148361206 6
0 -1 3 639.74 307.38 -1 73 0.00896596908569336 6
0 -1 4 640.21 378.51 -2 73 1.3364520072937012 6
0 -1 5 625.82 401.88 -2 73 1.9456868171691895 6
1 -1 0 640.7 472.91999999999996 -2 57 0.3455212116241455 6
1 -1 1 553.9 447.96999999999997 -2 57 1.4714999198913574 6
1 -1 2 552.62 453.34 -2 57 1.9604079723358154 6
1 -1 3 586.29 398.03999999999996 -1 57 0.006890058517456055 6
1 -1 4 555.5 450.85999999999996 -2 57 1.4776067733764648 6
1 -1 5 545.38 448.4099999999999 -2 57 1.7510521411895752 6
2 -1 0 661.0 584.6600000000001 -1 56 0.3404500484466553 6
2 -1 1 583.73 509.84 -2 56 1.4565579891204834 6
2 -1 2 583.73 509.84 -2 56 1.9905059337615967 6
2 -1 3 653.45 574.4 -1 56 0.00815892219543457 6
2 -1 4 583.73 509.84 -2 56 1.451711893081665 6
2 -1 5 583.73 509.84 -2 56 2.0237629413604736 6
3 -1 0 698.07 444.81 -1 58 0.42647314071655273 6
3 -1 1 626.66 512.9599999999999 -1 58 2.0252022743225098 6
3 -1 2 627.72 513.05 -1 58 2.8020009994506836 6
3 -1 3 667.0 440.74999999999994 -1 58 0.009612083435058594 6
3 -1 4 625.15 512.5599999999998 -2 58 1.929805040359497 6
3 -1 5 627.83 467.05999999999995 -1 58 2.5959880352020264 6
random:6T:1200
0 -1 0 1023.22 542.0400000000001 -2 73 0.5119421482086182 6
0 -1 1 859.34 537.6199999999999 -1 73 2.0524117946624756 6
0 -1 2 858.16 543.34 -1 73 2.5990610122680664 6
0 -1 3 896.72 462.16999999999996 -1 73 0.011946916580200195 6
0 -1 4 868.81 560.9 -1 73 1.9987561702728271 6
0 -1 5 862.86 571.2200000000001 -2 73 2.599257707595825 6
1 -1 0 887.75 744.86 -1 57 0.4446861743927002 6
1 -1 1 738.21 618.0 -2 57 2.162714958190918 6
1 -1 2 752.01 629.97 -2 57 2.8398218154907227 6
1 -1 3 816.61 553.96 -1 57 0.008242130279541016 6
1 -1 4 739.19 621.8800000000001 -1 57 2.124567985534668 6
1 -1 5 726.06 559.49 -1 57 2.3696727752685547 6
2 -1 0 911.78 823.21 -1 56 0.4544222354888916 6
2 -1 1 797.51 685.4599999999999 -2 56 2.1544032096862793 6
2 -1 2 797.51 685.4599999999999 -2 56 2.653073310852051 6
2 -1 3 891.58 838.01 -1 56 0.00984811782836914 6
2 -1 4 797.51 685.4599999999999 -2 56 2.055846929550171 6
2 -1 5 797.51 685.4599999999999 -2 56 2.5438461303710938 6
3 -1 0 958.37 786.44 -1 58 0.4966847896575928 6
3 -1 1 835.86 653.11 -2 58 2.50905179977417 6
3 -1 2 837.92 663.6 -1 58 2.9448540210723877 6
3 -1 3 912.05 605.0799999999999 -1 58 0.011018991470336914 6
3 -1 4 839.18 655.32 -2 58 2.5578110218048096 6
3 -1 5 844.44 657.71 -1 58 2.963057041168213 6
random:6T:1500
0 -1 0 1303.95 693.8399999999999 -2 73 0.6118698120117188 6
0 -1 1 1107.35 731.46 -2 73 2.6385560035705566 6
0 -1 2 1117.76 762.28 -2 73 3.404482126235962 6
0 -1 3 1154.36 616.84 -1 73 0.014838933944702148 6
0 -1 4 1107.35 731.46 -2 73 2.7265257835388184 6
0 -1 5 1058.45 652.53 -1 73 3.5798399448394775 6
1 -1 0 1146.01 981.18 -1 57 0.5435271263122559 6
1 -1 1 948.0 742.46 -1 57 3.2349069118499756 6
1 -1 2 977.58 812.6199999999999 -2 57 4.154893159866333 6
1 -1 3 1043.38 704.0 -1 57 0.00966191291809082 6
1 -1 4 941.06 786.8799999999999 -1 57 3.131474018096924 6
1 -1 5 957.11 756.5500000000001 -1 57 3.3742480278015137 6
2 -1 0 1161.03 1038.3600000000001 -1 56 0.5757720470428467 6
2 -1 1 1002.48 864.2499999999999 -2 56 2.661208152770996 6
2 -1 2 1002.48 864.2499999999999 -2 56 3.1291072368621826 6
2 -1 3 1131.11 1100.01 -1 56 0.011771917343139648 6
2 -1 4 1002.48 864.2499999999999 -2 56 2.5460212230682373 6
2 -1 5 1002.48 864.2499999999999 -2 56 3.0347838401794434 6
3 -1 0 1207.27 965.5100000000001 -1 58 0.6061811447143555 6
3 -1 1 1063.08 815.4000000000001 -1 58 3.391345739364624 6
3 -1 2 1048.65 818.45 -1 58 4.459527015686035 6
3 -1 3 1156.12 767.5099999999999 -1 58 0.01324009895324707 6
3 -1 4 1050.7 807.34 -1 58 3.266533136367798 6
3 -1 5 1066.38 857.1299999999999 -1 58 3.627784013748169 6
random:7T:300
0 -1 0 228.1 0 -2 58 0.10582923889160156 7
0 -1 1 200.09 99.77 -1 58 0.4836711883544922 7
0 -1 2 205.2 110.57 -1 58 0.5385448932647705 7
0 -1 3 209.35 64.78 -1 58 0.004472970962524414 7
0 -1 4 200.09 99.77 -1 58 0.488569974899292 7
0 -1 5 192.78 90.86 -1 58 0.5459451675415039 7
1 -1 0 154.09 0.0 -1 71 0.13433384895324707 7
1 -1 1 150.28 42.86 -1 71 0.4619879722595215 7
1 -1 2 145.3 35.82 -1 71 1.480708122253418 7
1 -1 3 153.12 0.0 -3 71 0.004759073257446289 7
1 -1 4 150.28 42.86 -1 71 0.4663429260253906 7
1 -1 5 136.37 13.41 -1 71 1.2289316654205322 7
2 -1 0 164.09 75.54 -1 73 0.1467609405517578 7
2 -1 1 158.83 79.45 -1 73 0.1859419345855713 7
2 -1 2 159.41 80.14 -1 73 1.616112232208252 7
2 -1 3 159.41 0.0 -3 73 0.005252838134765625 7
2 -1 4 159.41 80.14 -1 73 0.3933689594268799 7
2 -1 5 130.75 0.0 -2 73 1.16587495803833 7
3 -1 0 132.66 42.97 -1 76 0.12596988677978516 7
3 -1 1 130.16 53.08 -1 76 0.8628668785095215 7
3 -1 2 122.67 36.2 -1 76 1.7307121753692627 7
3 -1 3 128.02 0.0 -4 76 0.0049169063568115234 7
3 -1 4 130.16 53.08 -1 76 0.8206422328948975 7
3 -1 5 122.85 39.8 -1 76 1.807399034500122 7
random:7T:600
0 -1 0 562.79 221.43 -1 58 0.2141108512878418 7
0 -1 1 506.4 297.15999999999997 -2 58 0.7494091987609863 7
0 -1 2 509.98 305.6899999999997 -4 58 1.3799469470977783 7
0 -1 3 511.88 261.62 -1 58 0.0071299076080322266 7
0 -1 4 507.43 302.0999999999999 -4 58 0.7659809589385986 7
0 -1 5 500.23 299.96000000000004 -2 58 0.9955148696899414 7
1 -1 0 375.54 213.18 -1 71 0.26217222213745117 7
1 -1 1 350.74 290.96000000000004 -2 71 1.0297319889068604 7
1 -1 2 346.51 271.46999999999986 -2 71 2.812678098678589 7
1 -1 3 370.65 207.97 -1 71 0.0064640045166015625 7
1 -1 4 350.74 290.96000000000004 -2 71 1.039107084274292 7
1 -1 5 336.76 255.70000000000002 -2 71 2.567807912826538 7
2 -1 0 385.23 286.03 -2 73 0.3015429973602295 7
2 -1 1 371.81 300.13 -1 73 1.8257510662078857 7
2 -1 2 367.02 297.08000000000004 -2 73 3.1671221256256104 7
2 -1 3 372.08 194.49 -1 73 0.007464885711669922 7
2 -1 4 367.02 297.08000000000004 -2 73 1.9488937854766846 7
2 -1 5 336.72 246.09000000000003 -2 73 2.5578579902648926 7
3 -1 0 352.27 230.54 -1 76 0.30498695373535156 7
3 -1 1 336.48 279.57999999999987 -3 76 1.4819839000701904 7
3 -1 2 326.5 267.65 -3 76 2.593108892440796 7
3 -1 3 336.57 151.35000000000002 -1 76 0.0075609683990478516 7
3 -1 4 336.48 279.57999999999987 -3 76 1.4955668449401855 7
3 -1 5 327.57 266.90999999999997 -1 76 2.704259157180786 7
random:7T:900
0 -1 0 885.63 284.19 -2 58 0.34673094749450684 7
0 -1 1 807.49 491.9700000000001 -4 58 1.3831071853637695 7
0 -1 2 799.07 486.49 -4 58 1.6461765766143799 7
0 -1 3 822.0 460.32 -1 58 0.010395288467407227 7
0 -1 4 794.34 480.19000000000005 -1 58 1.284020185470581 7
0 -1 5 800.16 487.09000000000003 -1 58 1.5973598957061768 7
1 -1 0 597.75 369.58000000000004 -1 71 0.4131309986114502 7
1 -1 1 534.95 414.60999999999996 -1 71 1.930130958557129 7
1 -1 2 536.58 445.19 -1 71 3.5438802242279053 7
1 -1 3 593.8 375.11 -1 71 0.009917020797729492 7
1 -1 4 534.95 414.60999999999996 -1 71 2.0141971111297607 7
1 -1 5 524.17 429.47999999999996 -2 71 3.4587221145629883 7
2 -1 0 606.94 433.34 -2 73 0.45331311225891113 7
2 -1 1 567.79 471.23 -1 73 3.8897762298583984 7
2 -1 2 565.74 457.41999999999996 -1 73 5.383058309555054 7
2 -1 3 593.9 358.32 -1 73 0.011670112609863281 7
2 -1 4 565.74 457.41999999999996 -1 73 3.930727243423462 7
2 -1 5 531.85 418.8299999999999 -2 73 4.2839391231536865 7
3 -1 0 570.43 361.40999999999997 -1 76 0.514808177947998 7
3 -1 1 527.85 445.53000000000003 -2 76 3.5139193534851074 7
3 -1 2 517.03 428.41 -1 76 4.646021127700806 7
3 -1 3 552.62 348.26 -1 76 0.008414030075073242 7
3 -1 4 526.49 436.44 -1 76 3.235883951187134 7
3 -1 5 521.06 437.62999999999994 -4 76 4.383959054946899 7
random:7T:1200
0 -1 0 1220.53 447.12 -2 58 0.4530167579650879 7
0 -1 1 1077.32 626.4200000000001 -1 58 1.849256992340088 7
0 -1 2 1089.06 671.1999999999999 -2 58 2.4546008110046387 7
0 -1 3 1119.69 638.5699999999999 -1 58 0.012831926345825195 7
0 -1 4 1074.32 651.35 -1 58 1.720663070678711 7
0 -1 5 1069.6 630.65 -2 58 2.05491304397583 7
1 -1 0 821.65 539.17 -3 71 0.5624489784240723 7
1 -1 1 729.38 602.01 -1 71 3.400749921798706 7
1 -1 2 730.99 593.09 -1 71 5.133195877075195 7
1 -1 3 818.31 526.23 -1 71 0.011226177215576172 7
1 -1 4 728.27 602.01 -1 71 3.2595016956329346 7
1 -1 5 711.11 596.6700000000001 -2 71 4.803837299346924 7
2 -1 0 827.75 533.61 -1 73 0.6003692150115967 7
2 -1 1 755.38 574.56 -1 73 4.827547788619995 7
2 -1 2 758.17 610.9000000000001 -1 73 6.6229119300842285 7
2 -1 3 810.31 502.34000000000003 -1 73 0.01126408576965332 7
2 -1 4 757.65 604.69 -1 73 5.621954917907715 7
2 -1 5 720.07 564.03 -1 73 5.330205917358398 7
3 -1 0 789.01 520.7 -1 76 0.6144218444824219 7
3 -1 1 728.76 624.14 -1 76 5.404876708984375 7
3 -1 2 713.8 611.32 -1 76 6.585601091384888 7
3 -1 3 755.22 484.39 -1 76 0.01053309440612793 7
3 -1 4 725.87 622.29 -2 76 5.120748996734619 7
3 -1 5 714.68 611.45 -2 76 6.009251117706299 7
random:7T:1500
0 -1 0 1560.28 632.66 -1 58 0.5454330444335938 7
0 -1 1 1367.93 806.44 -1 58 2.2361578941345215 7
0 -1 2 1365.01 846.1500000000005 -2 58 2.6316721439361572 7
0 -1 3 1429.86 820.0299999999999 -1 58 0.015797853469848633 7
0 -1 4 1371.35 854.9 -2 58 2.527869939804077 7
0 -1 5 1359.35 806.1999999999999 -1 58 2.493839979171753 7
1 -1 0 1036.56 710.71 -2 71 0.6590962409973145 7
1 -1 1 935.67 722.3899999999999 -1 71 4.6021339893341064 7
1 -1 2 937.8 780.4000000000001 -2 71 6.9647510051727295 7
1 -1 3 1037.04 669.52 -1 71 0.013898849487304688 7
1 -1 4 931.87 757.73 -1 71 5.21856689453125 7
1 -1 5 898.09 732.33 -1 71 6.451706171035767 7
2 -1 0 1047.13 665.7600000000001 -1 73 0.7860159873962402 7
2 -1 1 960.35 757.0400000000001 -1 73 6.54146671295166 7
2 -1 2 973.69 819.9399999999999 -4 73 8.01270604133606 7
2 -1 3 1021.24 623.9300000000001 -1 73 0.013553380966186523 7
2 -1 4 973.69 819.9399999999999 -4 73 6.780308961868286 7
2 -1 5 922.41 723.3700000000001 -1 73 6.687721014022827 7
3 -1 0 1004.42 674.36 -1 76 0.7224879264831543 7
3 -1 1 926.24 761.1 -1 76 6.832101821899414 7
3 -1 2 903.33 736.83 -1 76 7.852170944213867 7
3 -1 3 961.74 585.3399999999999 -1 76 0.011732101440429688 7
3 -1 4 925.0 785.37 -3 76 6.889257907867432 7
3 -1 5 909.82 773.71 -2 76 7.909505128860474 7
random:8T:300
0 -1 0 208.34 138.13 -1 49 0.10342288017272949 8
0 -1 1 200.09 146.82 -1 49 0.31305384635925293 8
0 -1 2 197.18 144.52 -1 49 0.639868974685669 8
0 -1 3 200.62 69.87 -1 49 0.004395961761474609 8
0 -1 4 197.18 144.52 -1 49 0.3186769485473633 8
0 -1 5 198.5 147.5 -1 49 0.6397190093994141 8
1 -1 0 146.82 67.05 -1 56 0.08951592445373535 8
1 -1 1 143.46 90.5 -1 56 0.9458329677581787 8
1 -1 2 143.46 90.5 -1 56 1.5222139358520508 8
1 -1 3 142.11 0.0 -1 56 0.003915071487426758 8
1 -1 4 143.46 90.5 -1 56 0.944159984588623 8
1 -1 5 133.78 56.87 -1 56 1.1025197505950928 8
2 -1 0 120.02 13.59 -2 81 0.12550926208496094 8
2 -1 1 115.71 0.0 -2 81 0.03127694129943848 8
2 -1 2 113.59 0.0 -3 81 1.473181962966919 8
2 -1 3 118.08 0.0 -6 81 0.005177974700927734 8
2 -1 4 115.71 0.0 -2 81 0.030936241149902344 8
2 -1 5 93.95 0 -12 81 0.8760061264038086 8
3 -1 0 197.06 36.23 -2 90 0.1618969440460205 8
3 -1 1 186.62 73.41 -1 90 1.2191698551177979 8
3 -1 2 177.45 52.15 -1 90 2.3137760162353516 8
3 -1 3 178.59 0.0 -2 90 0.00575709342956543 8
3 -1 4 186.62 73.41 -1 90 1.2815947532653809 8
3 -1 5 161.57 8.64 -1 90 1.4858181476593018 8
random:8T:600
0 -1 0 465.2 321.79 -1 49 0.21730709075927734 8
0 -1 1 438.53 344.7399999999998 -2 49 1.2405080795288086 8
0 -1 2 432.65 338.34 -1 49 1.3991689682006836 8
0 -1 3 458.25 319.27 -1 49 0.0068209171295166016 8
0 -1 4 432.65 338.34 -1 49 1.0495150089263916 8
0 -1 5 435.98 346.2999999999999 -2 49 1.4598817825317383 8
1 -1 0 379.97 285.27 -1 56 0.23044776916503906 8
1 -1 1 350.94 301.68 -2 56 0.8586459159851074 8
1 -1 2 350.94 301.68 -2 56 1.4641029834747314 8
1 -1 3 365.13 225.53 -1 56 0.0061419010162353516 8
1 -1 4 350.94 301.68 -2 56 0.8392789363861084 8
1 -1 5 337.86 285.4 -2 56 1.3308041095733643 8
2 -1 0 327.17 192.69 -2 81 0.26779699325561523 8
2 -1 1 298.18 236.29 -2 81 1.0644347667694092 8
2 -1 2 302.03 238.76999999999998 -1 81 3.131035327911377 8
2 -1 3 324.99 138.22 -1 81 0.007009983062744141 8
2 -1 4 298.18 236.29 -2 81 1.0976800918579102 8
2 -1 5 267.02 191.16 -1 81 3.6554460525512695 8
3 -1 0 468.24 218.47 -2 90 0.3564729690551758 8
3 -1 1 440.39 289.11999999999995 -2 90 1.9608070850372314 8
3 -1 2 428.31 283.10999999999996 -1 90 3.516584873199463 8
3 -1 3 397.05 168.24 -1 90 0.00823521614074707 8
3 -1 4 441.63 292.98 -2 90 2.1651558876037598 8
3 -1 5 403.45 257.45 -1 90 3.178468942642212 8
random:8T:900
0 -1 0 729.4 517.63 -1 49 0.36809778213500977 8
0 -1 1 668.17 537.0 -2 49 1.959813117980957 8
0 -1 2 657.37 513.57 -1 49 2.15185809135437 8
0 -1 3 718.86 508.61 -1 49 0.009076833724975586 8
0 -1 4 657.37 513.57 -1 49 1.7401301860809326 8
0 -1 5 661.88 535.5300000000001 -2 49 2.1043131351470947 8
1 -1 0 614.91 447.15 -1 56 0.3377408981323242 8
1 -1 1 553.62 461.28000000000003 -1 56 1.4744091033935547 8
1 -1 2 551.29 472.17 -1 56 2.0846447944641113 8
1 -1 3 589.58 483.03 -1 56 0.007403135299682617 8
1 -1 4 551.29 472.17 -1 56 1.5144009590148926 8
1 -1 5 545.22 475.0499999999999 -2 56 2.066657066345215 8
2 -1 0 532.79 371.21999999999997 -1 81 0.42200589179992676 8
2 -1 1 473.86 402.53999999999996 -1 81 2.046138048171997 8
2 -1 2 488.61 421.54 -1 81 4.0978240966796875 8
2 -1 3 526.55 361.55 -1 81 0.008275985717773438 8
2 -1 4 471.05 387.80999999999995 -2 81 1.9710819721221924 8
2 -1 5 448.34 374.18 -2 81 3.4502761363983154 8
3 -1 0 725.86 287.53 -2 90 0.503371000289917 8
3 -1 1 671.19 429.42 -1 90 3.6496481895446777 8
3 -1 2 669.38 458.33 -2 90 4.925708770751953 8
3 -1 3 640.65 320.56 -1 90 0.010120153427124023 8
3 -1 4 674.81 452.02 -2 90 3.6174070835113525 8
3 -1 5 640.88 426.44000000000005 -2 90 4.714550971984863 8
random:8T:1200
0 -1 0 992.71 654.37 -1 49 0.44805097579956055 8
0 -1 1 902.12 720.1400000000001 -2 49 2.5313727855682373 8
0 -1 2 891.76 700.8199999999999 -1 49 2.8103113174438477 8
0 -1 3 975.68 680.2 -1 49 0.01256704330444336 8
0 -1 4 893.83 700.78 -1 49 2.4278738498687744 8
0 -1 5 889.29 706.29 -1 49 2.7018208503723145 8
1 -1 0 845.3 626.9500000000002 -2 56 0.44759392738342285 8
1 -1 1 765.8 670.11 -2 56 2.3435628414154053 8
1 -1 2 764.31 651.57 -1 56 2.8629581928253174 8
1 -1 3 814.65 739.8199999999999 -1 56 0.009156942367553711 8
1 -1 4 764.31 651.57 -1 56 2.2074942588806152 8
1 -1 5 744.4 612.27 -2 56 2.648850917816162 8
2 -1 0 739.75 530.73 -1 81 0.5473053455352783 8
2 -1 1 650.07 565.44 -2 81 2.8768229484558105 8
2 -1 2 658.49 576.66 -4 81 5.014043807983398 8
2 -1 3 726.41 620.53 -1 81 0.010281085968017578 8
2 -1 4 650.06 541.67 -1 81 2.9291648864746094 8
2 -1 5 629.58 543.84 -2 81 4.402946710586548 8
3 -1 0 990.04 444.32000000000005 -2 90 0.7241480350494385 8
3 -1 1 916.37 592.56 -1 90 5.079349040985107 8
3 -1 2 899.17 619.3299999999999 -3 90 6.4119322299957275 8
3 -1 3 879.06 459.70000000000005 -1 90 0.013810157775878906 8
3 -1 4 911.23 630.96 -3 90 5.127223968505859 8
3 -1 5 865.01 552.7199999999999 -1 90 6.46111798286438 8
random:8T:1500
0 -1 0 1254.17 876.74 -1 49 0.5584440231323242 8
0 -1 1 1129.67 914.5299999999997 -2 49 3.3230698108673096 8
0 -1 2 1124.7 896.21 -1 49 3.6071479320526123 8
0 -1 3 1234.21 863.77 -1 49 0.015218019485473633 8
0 -1 4 1124.7 896.21 -1 49 3.3643860816955566 8
0 -1 5 1120.35 889.67 -1 49 3.593508005142212 8
1 -1 0 1083.84 789.6300000000001 -1 56 0.6034951210021973 8
1 -1 1 965.89 826.2 -1 56 3.002021074295044 8
1 -1 2 966.07 828.1600000000001 -1 56 3.728652000427246 8
1 -1 3 1040.5 987.79 -1 56 0.011129140853881836 8
1 -1 4 966.07 828.1600000000001 -1 56 3.0485000610351562 8
1 -1 5 944.7 823.5600000000003 -2 56 3.187736988067627 8
2 -1 0 959.26 725.07 -1 81 0.7828850746154785 8
2 -1 1 816.39 707.88 -2 81 4.182452917098999 8
2 -1 2 832.44 684.5600000000001 -1 81 6.0081799030303955 8
2 -1 3 938.72 862.65 -1 81 0.012022972106933594 8
2 -1 4 808.55 673.65 -1 81 3.871987819671631 8
2 -1 5 811.02 693.08 -4 81 6.200874090194702 8
3 -1 0 1262.5 527.05 -2 90 0.8569180965423584 8
3 -1 1 1124.62 718.45 -1 90 6.217167139053345 8
3 -1 2 1130.05 764.24 -1 90 8.339316129684448 8
3 -1 3 1103.2 577.13 -1 90 0.014913797378540039 8
3 -1 4 1134.04 705.6100000000001 -1 90 6.789758920669556 8
3 -1 5 1092.15 733.6700000000001 -1 90 8.091821193695068 8
random:9T:300
0 -1 0 194.85 0.0 -9 102 0.20016169548034668 9
0 -1 1 172.32 4.9 -1 102 0.03443288803100586 9
0 -1 2 172.23 0.0 -2 102 2.062084197998047 9
0 -1 3 140.06 0.0 -10 102 0.006131887435913086 9
0 -1 4 172.32 4.9 -1 102 0.029666662216186523 9
0 -1 5 159.17 0.0 -4 102 1.6895239353179932 9
1 -1 0 168.33 43.28 -2 49 0.08487701416015625 9
1 -1 1 157.97 101.77 -1 49 0.9026229381561279 9
1 -1 2 153.95 96.93999999999998 -1 49 1.2963309288024902 9
1 -1 3 154.43 9.1 -1 49 0.0036242008209228516 9
1 -1 4 157.97 101.77 -1 49 0.9400949478149414 9
1 -1 5 140.27 57.26000000000002 -1 49 0.9097390174865723 9
2 -1 0 179.7 0 -1 73 0.1488049030303955 9
2 -1 1 168.73 97.1 -1 73 0.8552520275115967 9
2 -1 2 168.73 97.1 -1 73 2.1782829761505127 9
2 -1 3 156.01 0.0 -3 73 0.0050241947174072266 9
2 -1 4 168.73 97.1 -1 73 0.8893201351165771 9
2 -1 5 160.76 70.3 -1 73 2.350126028060913 9
3 -1 0 156.16 0 -1 58 0.09622597694396973 9
3 -1 1 147.2 64.32000000000002 -2 58 0.577523946762085 9
3 -1 2 148.98 67.63000000000001 -2 58 0.7576911449432373 9
3 -1 3 144.8 0.0 -1 58 0.003902912139892578 9
3 -1 4 147.2 64.32000000000002 -2 58 0.5743827819824219 9
3 -1 5 132.65 37.16000000000001 -1 58 0.9186949729919434 9
random:9T:600
0 -1 0 458.09 0 -6 102 0.41119885444641113 9
0 -1 1 409.2 215.39 -1 102 1.8502240180969238 9
0 -1 2 397.66 227.58 -1 102 3.878401041030884 9
0 -1 3 379.07 127.46 -1 102 0.010802268981933594 9
0 -1 4 408.86 228.88 -1 102 1.889064073562622 9
0 -1 5 384.7 205.16 -1 102 3.740635871887207 9
1 -1 0 413.04 184.28 -2 49 0.18857216835021973 9
1 -1 1 383.23 315.8999999999997 -2 49 1.0131821632385254 9
1 -1 2 377.83 312.19 -1 49 1.2461390495300293 9
1 -1 3 398.26 276.14000000000004 -1 49 0.005894899368286133 9
1 -1 4 382.16 314.03999999999996 -2 49 0.7831387519836426 9
1 -1 5 350.51 282.50999999999993 -2 49 1.1270980834960938 9
2 -1 0 403.47 150.79 -1 73 0.3007988929748535 9
2 -1 1 372.08 306.65999999999997 -2 73 1.687525987625122 9
2 -1 2 369.16 298.8 -1 73 2.9198660850524902 9
2 -1 3 374.63 214.58 -1 73 0.007312774658203125 9
2 -1 4 369.16 298.8 -1 73 1.6648578643798828 9
2 -1 5 366.54 298.1 -2 73 2.8181960582733154 9
3 -1 0 398.02 60.19 -1 58 0.21018600463867188 9
3 -1 1 347.3 262.9800000000001 -2 58 2.233999252319336 9
3 -1 2 348.12 263.27000000000004 -2 58 2.1533148288726807 9
3 -1 3 383.51 233.99 -1 58 0.006082057952880859 9
3 -1 4 347.3 262.9800000000001 -2 58 2.228637218475342 9
3 -1 5 344.27 261.46999999999997 -2 58 1.2858729362487793 9
random:9T:900
0 -1 0 716.52 0 -5 102 0.5838491916656494 9
0 -1 1 643.53 382.47 -1 102 3.3539140224456787 9
0 -1 2 634.58 370.83 -1 102 5.97107720375061 9
0 -1 3 617.76 244.85000000000002 -1 102 0.013016700744628906 9
0 -1 4 640.95 387.50000000000006 -1 102 3.465695858001709 9
0 -1 5 613.94 344.40999999999997 -1 102 5.141960144042969 9
1 -1 0 660.71 376.81 -1 49 0.2817058563232422 9
1 -1 1 597.59 500.84000000000003 -1 49 1.2378361225128174 9
1 -1 2 589.48 492.4999999999999 -2 49 1.9267866611480713 9
1 -1 3 640.03 445.74 -1 49 0.0073850154876708984 9
1 -1 4 601.56 502.10999999999996 -2 49 1.26590895652771 9
1 -1 5 569.67 475.39999999999986 -2 49 1.6730921268463135 9
2 -1 0 626.61 257.83 -2 73 0.42832207679748535 9
2 -1 1 574.07 479.61 -1 73 3.252802848815918 9
2 -1 2 571.31 481.3799999999999 -2 73 4.478989839553833 9
2 -1 3 597.69 380.55 -1 73 0.009218215942382812 9
2 -1 4 571.31 481.3799999999999 -2 73 3.2827699184417725 9
2 -1 5 569.22 477.59000000000003 -1 73 4.490892171859741 9
3 -1 0 636.59 356.23 -1 58 0.311906099319458 9
3 -1 1 558.01 430.93 -1 58 1.3762850761413574 9
3 -1 2 561.9 447.03999999999996 -4 58 2.0662662982940674 9
3 -1 3 623.11 402.58 -1 58 0.0075531005859375 9
3 -1 4 556.4 384.18 -1 58 1.4063470363616943 9
3 -1 5 556.99 433.67 -1 58 2.1026179790496826 9
random:9T:1200
0 -1 0 983.01 0 -2 102 0.861670970916748 9
0 -1 1 855.48 439.01 -1 102 4.923110723495483 9
0 -1 2 844.74 516.29 -1 102 7.203216075897217 9
0 -1 3 834.53 345.53 -1 102 0.014094114303588867 9
0 -1 4 859.87 439.01 -1 102 5.115479946136475 9
0 -1 5 813.95 466.40999999999997 -1 102 6.491574048995972 9
1 -1 0 910.23 616.85 -1 49 0.3920860290527344 9
1 -1 1 812.62 666.45 -1 49 2.0018768310546875 9
1 -1 2 799.13 643.7 -1 49 2.5630862712860107 9
1 -1 3 879.87 604.4499999999999 -1 49 0.009480953216552734 9
1 -1 4 810.99 659.09 -1 49 2.022152900695801 9
1 -1 5 782.39 649.65 -2 49 2.3926291465759277 9
2 -1 0 846.08 362.49 -1 73 0.5686888694763184 9
2 -1 1 772.58 643.1800000000002 -1 73 5.210602045059204 9
2 -1 2 770.79 642.08 -1 73 6.661932706832886 9
2 -1 3 821.87 527.2 -1 73 0.011254072189331055 9
2 -1 4 770.79 642.08 -1 73 5.304765939712524 9
2 -1 5 769.42 643.85 -1 73 6.480256080627441 9
3 -1 0 874.81 422.08 -1 58 0.4326488971710205 9
3 -1 1 761.3 619.98 -2 58 2.3732049465179443 9
3 -1 2 760.79 621.51 -1 58 3.13775372505188 9
3 -1 3 862.69 561.27 -1 58 0.010320186614990234 9
3 -1 4 755.67 591.57 -1 58 2.411972999572754 9
3 -1 5 763.83 621.84 -1 58 3.2577152252197266 9
random:9T:1500
0 -1 0 1240.98 0 -2 102 1.0422611236572266 9
0 -1 1 1066.58 497.72 -1 102 6.426905870437622 9
0 -1 2 1081.18 617.9 -1 102 9.264477968215942 9
0 -1 3 1073.03 497.40999999999997 -1 102 0.017010927200317383 9
0 -1 4 1088.44 640.4300000000001 -1 102 7.13624906539917 9
0 -1 5 1056.37 612.39 -1 102 8.410889148712158 9
1 -1 0 1161.88 800.4100000000001 -1 49 0.5084102153778076 9
1 -1 1 1032.9 834.8 -1 49 2.6988837718963623 9
1 -1 2 1003.74 764.82 -1 49 3.3541879653930664 9
1 -1 3 1120.01 764.18 -1 49 0.011198282241821289 9
1 -1 4 1031.97 843.6700000000001 -1 49 2.9332079887390137 9
1 -1 5 995.87 831.62 -1 49 2.842484951019287 9
2 -1 0 1061.22 489.8 -2 73 0.6793930530548096 9
2 -1 1 992.26 820.1100000000001 -1 73 7.3761208057403564 9
2 -1 2 978.25 794.4500000000002 -1 73 8.490119218826294 9
2 -1 3 1044.06 665.86 -1 73 0.012937068939208984 9
2 -1 4 978.25 794.4500000000002 -1 73 7.079698085784912 9
2 -1 5 976.24 802.8600000000001 -1 73 7.941663026809692 9
3 -1 0 1118.15 675.74 -1 58 0.5293071269989014 9
3 -1 1 988.9 783.5400000000001 -1 58 3.2683773040771484 9
3 -1 2 983.63 785.16 -1 58 4.057837963104248 9
3 -1 3 1102.23 719.8 -1 58 0.011191844940185547 9
3 -1 4 977.87 747.5400000000001 -1 58 3.355125904083252 9
3 -1 5 976.29 772.0799999999999 -1 58 3.7001590728759766 9
