random:0T:300
random:0T:300
0 -1 0 71.96 0 -100 279 0.3385636806488037 0
random:0T:300
0 -1 0 71.96 0 -100 279 0.38550615310668945 0
0 -1 1 67.29 0 -93 279 0.8236370086669922 0
0 -1 2 67.29 0 -93 279 15.844182014465332 0
0 -1 3 58.16 0.0 -103 279 0.014409065246582031 0
0 -1 4 67.29 0 -93 279 0.7925832271575928 0
0 -1 5 42.27 0 -152 279 8.624683856964111 0
random:0T:600
0 -1 0 212.63 0 -46 279 0.7845649719238281 0
0 -1 1 196.38 0.0 -25 279 0.8268122673034668 0
0 -1 2 192.38 0.0 -24 279 34.699033975601196 0
0 -1 3 187.58 0.0 -30 279 0.017586946487426758 0
0 -1 4 196.38 0.0 -25 279 0.803077220916748 0
0 -1 5 141.69 0 -67 279 20.32286024093628 0
random:0T:900
0 -1 0 360.91 0 -33 279 1.1970000267028809 0
0 -1 1 331.33 71.18 -1 279 17.93492817878723 0
0 -1 2 328.08 58.71 -1 279 68.82825493812561 0
0 -1 3 325.83 0.0 -15 279 0.020521879196166992 0
0 -1 4 331.33 71.18 -1 279 17.889344930648804 0
0 -1 5 246.71 0.0 -31 279 30.684452772140503 0
random:0T:1200
0 -1 0 502.54 0 -17 279 1.6268391609191895 0
0 -1 1 441.87 178.61 -1 279 7.720628976821899 0
0 -1 2 442.14 206.65999999999997 -1 279 66.55210638046265 0
0 -1 3 460.01 0.0 -5 279 0.020030975341796875 0
0 -1 4 447.22 220.01 -1 279 9.927542924880981 0
0 -1 5 359.42 18.39 -1 279 59.486851930618286 0
random:0T:1500
0 -1 0 657.01 0 -15 279 2.025315046310425 0
0 -1 1 543.12 267.37 -1 279 13.903522253036499 0
0 -1 2 544.69 311.96 -1 279 73.79880380630493 0
0 -1 3 587.22 167.58 -1 279 0.023864030838012695 0
0 -1 4 549.31 312.97 -1 279 19.721166133880615 0
0 -1 5 465.98 180.22000000000003 -1 279 59.76095795631409 0
random:1T:300
0 -1 0 65.03 0.0 -102 276 0.4167499542236328 1
0 -1 1 63.52 0.0 -95 276 0.8256888389587402 1
0 -1 2 63.52 0.0 -95 276 17.92718195915222 1
0 -1 3 59.32 0.0 -102 276 0.014467954635620117 1
0 -1 4 63.52 0.0 -95 276 0.8056399822235107 1
0 -1 5 39.88 0 -165 276 9.703389167785645 1
random:1T:600
0 -1 0 197.98 0.0 -31 276 0.8350062370300293 1
0 -1 1 191.04 0.0 -24 276 0.8501870632171631 1
0 -1 2 190.65 0.0 -24 276 36.032686948776245 1
0 -1 3 188.09 0.0 -30 276 0.018368005752563477 1
0 -1 4 191.04 0.0 -24 276 0.8616368770599365 1
0 -1 5 132.51 0.0 -68 276 21.404107093811035 1
random:1T:900
0 -1 0 349.36 0.0 -18 276 1.28647780418396 1
0 -1 1 333.41 64.83999999999997 -1 276 16.835574865341187 1
0 -1 2 333.27 66.35999999999997 -1 276 71.46421575546265 1
0 -1 3 324.04 0.0 -15 276 0.019381046295166016 1
0 -1 4 333.41 64.83999999999997 -1 276 16.1799259185791 1
0 -1 5 236.93 0.0 -27 276 33.65339994430542 1
random:1T:1200
0 -1 0 496.3 0.0 -14 276 1.6372590065002441 1
0 -1 1 456.93 265.31 -1 276 11.627182006835938 1
0 -1 2 455.64 264.54 -2 276 63.37461805343628 1
0 -1 3 456.94 0.0 -4 276 0.020437002182006836 1
0 -1 4 453.43 259.84 -1 276 10.29491400718689 1
0 -1 5 366.36 59.68999999999998 -1 276 63.77474284172058 1
random:1T:1500
0 -1 0 647.34 0.0 -12 276 1.977653980255127 1
0 -1 1 570.33 290.52 -1 276 23.73776912689209 1
0 -1 2 552.28 290.51 -1 276 72.9356849193573 1
0 -1 3 585.05 170.14 -1 276 0.022544145584106445 1
0 -1 4 547.87 290.52 -1 276 20.790446043014526 1
0 -1 5 491.61 272.95 -1 276 62.84630608558655 1
random:2T:300
0 -1 0 96.04 0.0 -34 209 0.3049311637878418 2
0 -1 1 96.07 0.0 -34 209 0.419403076171875 2
0 -1 2 96.04 0.0 -35 209 9.626773118972778 2
0 -1 3 97.06 0.0 -34 209 0.01307535171508789 2
0 -1 4 96.07 0.0 -34 209 0.47910189628601074 2
0 -1 5 31.12 0 -121 209 3.2251241207122803 2
random:2T:600
0 -1 0 261.28 0.0 -11 209 0.6495101451873779 2
0 -1 1 256.86 0.0 -1 209 0.49138569831848145 2
0 -1 2 252.68 0.0 -1 209 20.710700035095215 2
0 -1 3 233.71 0.0 -20 209 0.01308894157409668 2
0 -1 4 256.86 0.0 -1 209 0.46008801460266113 2
0 -1 5 143.62 0.0 -32 209 8.273458242416382 2
random:2T:900
0 -1 0 439.17 0.0 -6 209 0.8983240127563477 2
0 -1 1 396.44 184.3 -1 209 2.266716957092285 2
0 -1 2 402.78 236.56 -2 209 27.405303716659546 2
0 -1 3 400.92 0.0 -2 209 0.014882087707519531 2
0 -1 4 405.74 239.15 -1 209 7.2110090255737305 2
0 -1 5 297.7 12.43 -1 209 21.631017923355103 2
random:2T:1200
0 -1 0 625.57 0.0 -1 209 1.255211591720581 2
0 -1 1 526.1 314.33 -2 209 8.961009979248047 2
0 -1 2 540.9 340.6299999999997 -3 209 35.54320311546326 2
0 -1 3 546.24 185.69 -1 209 0.018180131912231445 2
0 -1 4 540.96 340.48999999999967 -3 209 15.45676302909851 2
0 -1 5 438.71 210.32999999999998 -1 209 23.727089166641235 2
random:2T:1500
0 -1 0 808.98 0.0 -1 209 1.4298648834228516 2
0 -1 1 677.5 463.49999999999994 -1 209 14.445146083831787 2
0 -1 2 678.32 471.24 -1 209 34.65986204147339 2
0 -1 3 675.93 196.43 -1 209 0.01861286163330078 2
0 -1 4 677.92 471.24 -1 209 15.457750797271729 2
0 -1 5 571.02 321.08 -4 209 28.870097875595093 2
random:3T:300
0 -1 0 69.66 0 -130 277 0.3993360996246338 3
0 -1 1 73.17 0 -85 277 0.8968851566314697 3
0 -1 2 72.16 0 -85 277 17.919142246246338 3
0 -1 3 63.94 0 -101 277 0.015378952026367188 3
0 -1 4 73.17 0 -85 277 0.8503298759460449 3
0 -1 5 33.74 0 -160 277 8.127321004867554 3
random:3T:600
0 -1 0 203.22 0 -57 277 0.8753232955932617 3
0 -1 1 196.94 0 -24 277 0.8638579845428467 3
0 -1 2 195.98 0 -26 277 38.410475969314575 3
0 -1 3 189.62 0.0 -30 277 0.01845073699951172 3
0 -1 4 196.94 0 -24 277 0.9076881408691406 3
0 -1 5 126.72 0 -88 277 16.83338975906372 3
random:3T:900
0 -1 0 348.22 0 -24 277 1.3272151947021484 3
0 -1 1 327.59 58.39999999999998 -1 277 15.536856174468994 3
0 -1 2 325.13 48.29999999999998 -1 277 71.0401120185852 3
0 -1 3 307.77 0.0 -20 277 0.020107030868530273 3
0 -1 4 327.59 58.39999999999998 -1 277 16.009319067001343 3
0 -1 5 224.6 0.0 -35 277 29.776878118515015 3
random:3T:1200
0 -1 0 499.95 0 -10 277 1.7228150367736816 3
0 -1 1 434.33 187.32 -1 277 7.1331260204315186 3
0 -1 2 435.21 192.85999999999999 -1 277 63.37845587730408 3
0 -1 3 450.96 0.0 -4 277 0.023410797119140625 3
0 -1 4 435.71 196.01999999999998 -1 277 9.060193061828613 3
0 -1 5 330.54 0.0 -8 277 52.009824991226196 3
random:3T:1500
0 -1 0 652.17 0 -8 277 2.1661911010742188 3
0 -1 1 536.24 319.17999999999995 -1 277 17.895280122756958 3
0 -1 2 520.78 283.56 -1 277 66.65959787368774 3
0 -1 3 585.7 169.96 -1 277 0.023590087890625 3
0 -1 4 519.59 284.22 -1 277 13.045818090438843 3
0 -1 5 442.54 170.45999999999998 -1 277 58.0267767906189 3
random:4T:300
0 -1 0 69.93 0 -108 275 0.3673989772796631 4
0 -1 1 73.36 0 -83 275 0.8502428531646729 4
0 -1 2 73.42 0 -84 275 16.96216869354248 4
0 -1 3 63.85 0 -101 275 0.014950990676879883 4
0 -1 4 73.36 0 -83 275 0.8108160495758057 4
0 -1 5 41.9 0 -139 275 9.431838274002075 4
random:4T:600
0 -1 0 202.1 0 -45 275 0.8040499687194824 4
0 -1 1 195.58 0.0 -23 275 0.8582041263580322 4
0 -1 2 193.07 0.0 -24 275 35.3932101726532 4
0 -1 3 189.61 0.0 -30 275 0.017894983291625977 4
0 -1 4 195.58 0.0 -23 275 0.8286871910095215 4
0 -1 5 144.98 0 -67 275 20.35536789894104 4
random:4T:900
0 -1 0 349.3 0 -34 275 1.1681551933288574 4
0 -1 1 329.78 47.859999999999985 -1 275 12.367545127868652 4
0 -1 2 329.41 68.83 -1 275 69.49244284629822 4
0 -1 3 307.07 0.0 -20 275 0.019134044647216797 4
0 -1 4 329.78 47.859999999999985 -1 275 12.377835035324097 4
0 -1 5 252.19 0.0 -24 275 35.45963907241821 4
random:4T:1200
0 -1 0 500.91 0 -25 275 1.587702989578247 4
0 -1 1 438.17 258.46000000000004 -1 275 7.337850093841553 4
0 -1 2 446.69 275.75 -2 275 62.61362886428833 4
0 -1 3 447.83 0.0 -4 275 0.020529985427856445 4
0 -1 4 436.7 212.06999999999996 -1 275 10.215845823287964 4
0 -1 5 374.54 80.59 -1 275 72.02256512641907 4
random:4T:1500
0 -1 0 651.04 0 -15 275 1.942840814590454 4
0 -1 1 535.9 320.12 -2 275 16.72091507911682 4
0 -1 2 536.92 322.94 -2 275 69.5154721736908 4
0 -1 3 583.54 169.96 -1 275 0.02279186248779297 4
0 -1 4 533.66 317.46 -1 275 16.93566608428955 4
0 -1 5 494.03 287.97 -2 275 64.87700510025024 4
random:5T:300
0 -1 0 67.56 0 -100 246 0.3435802459716797 5
0 -1 1 63.71 0 -94 246 0.5495779514312744 5
0 -1 2 63.71 0 -94 246 10.100740909576416 5
0 -1 3 57.93 0 -94 246 0.011558771133422852 5
0 -1 4 63.71 0 -94 246 0.523972749710083 5
0 -1 5 26.35 0 -163 246 3.9386250972747803 5
random:5T:600
0 -1 0 202.97 0 -25 246 0.7072410583496094 5
0 -1 1 188.69 0.0 -29 246 0.5573387145996094 5
0 -1 2 187.47 0 -25 246 22.367316961288452 5
0 -1 3 189.92 0.0 -27 246 0.014159917831420898 5
0 -1 4 188.69 0 -29 246 0.5422751903533936 5
0 -1 5 106.22 0 -86 246 9.888386011123657 5
random:5T:900
0 -1 0 359.26 0 -11 246 1.04225492477417 5
0 -1 1 324.85 38.13 -1 246 5.846466779708862 5
0 -1 2 329.52 25.1 -1 246 35.59879398345947 5
0 -1 3 339.19 0.0 -10 246 0.01542973518371582 5
0 -1 4 324.85 38.13 -1 246 5.866711139678955 5
0 -1 5 205.21 0 -38 246 16.395085096359253 5
random:5T:1200
0 -1 0 508.42 0.0 -4 246 1.4078609943389893 5
0 -1 1 451.1 197.66 -1 246 4.941762924194336 5
0 -1 2 455.76 262.25 -1 246 36.69855570793152 5
0 -1 3 499.64 83.85 -1 246 0.01689314842224121 5
0 -1 4 457.67 258.3 -1 246 7.645388126373291 5
0 -1 5 328.96 0.0 -5 246 29.825276136398315 5
random:5T:1500
0 -1 0 669.38 0.0 -1 246 1.7274229526519775 5
0 -1 1 549.53 286.93 -1 246 9.444082260131836 5
0 -1 2 555.98 286.14 -1 246 43.40911889076233 5
0 -1 3 613.36 194.12 -1 246 0.019611835479736328 5
0 -1 4 556.86 312.0 -1 246 12.376015901565552 5
0 -1 5 457.25 189.69 -1 246 34.22773218154907 5
random:6T:300
0 -1 0 69.37 0 -96 244 0.31081485748291016 6
0 -1 1 64.58 0 -87 244 0.5072269439697266 6
0 -1 2 65.35 0 -88 244 9.838040113449097 6
0 -1 3 55.65 0.0 -93 244 0.01120305061340332 6
0 -1 4 64.58 0 -87 244 0.5133829116821289 6
0 -1 5 37.55 0 -140 244 5.25679612159729 6
random:6T:600
0 -1 0 208.89 0 -48 244 0.6808340549468994 6
0 -1 1 193.74 0.0 -20 244 0.5339682102203369 6
0 -1 2 192.34 0.0 -24 244 21.519864082336426 6
0 -1 3 188.65 0.0 -24 244 0.013764142990112305 6
0 -1 4 193.74 0.0 -20 244 0.514254093170166 6
0 -1 5 129.67 0 -74 244 11.04084300994873 6
random:6T:900
0 -1 0 358.34 0 -34 244 1.0566291809082031 6
0 -1 1 338.47 91.96 -1 244 13.819738149642944 6
0 -1 2 339.41 55.38 -1 244 39.803454875946045 6
0 -1 3 341.87 0.0 -10 244 0.01544189453125 6
0 -1 4 338.47 91.96 -1 244 13.824185132980347 6
0 -1 5 245.65 0.0 -22 244 21.68640899658203 6
random:6T:1200
0 -1 0 503.18 0 -15 244 1.3637149333953857 6
0 -1 1 463.85 212.76999999999998 -1 244 5.8857409954071045 6
0 -1 2 474.5 279.78 -1 244 39.85274577140808 6
0 -1 3 498.07 83.85 -1 244 0.016500234603881836 6
0 -1 4 472.11 274.45000000000005 -1 244 8.011258125305176 6
0 -1 5 383.19 93.45 -1 244 45.44654202461243 6
random:6T:1500
0 -1 0 649.02 0 -11 244 1.7040657997131348 6
0 -1 1 575.22 291.79 -1 244 12.948748111724854 6
0 -1 2 592.18 328.61 -1 244 47.63770389556885 6
0 -1 3 613.13 197.07999999999998 -1 244 0.019366025924682617 6
0 -1 4 574.59 326.52 -2 244 13.164485216140747 6
0 -1 5 506.74 283.07 -1 244 36.90106225013733 6
random:7T:300
0 -1 0 65.21 0.0 -116 278 0.41722583770751953 7
0 -1 1 64.15 0 -94 278 0.8069500923156738 7
0 -1 2 60.51 0.0 -100 278 17.466362953186035 7
0 -1 3 58.53 0.0 -102 278 0.015023946762084961 7
0 -1 4 64.15 0 -94 278 0.8165640830993652 7
0 -1 5 30.03 0 -176 278 8.6684410572052 7
random:7T:600
0 -1 0 201.03 0 -29 278 0.8103797435760498 7
0 -1 1 197.49 0.0 -22 278 0.8192288875579834 7
0 -1 2 190.69 0.0 -25 278 33.792454957962036 7
0 -1 3 187.54 0.0 -30 278 0.017992019653320312 7
0 -1 4 197.49 0.0 -22 278 0.8343310356140137 7
0 -1 5 115.08 0.0 -93 278 17.360498905181885 7
random:7T:900
0 -1 0 353.39 0.0 -12 278 1.2245142459869385 7
0 -1 1 336.52 77.92 -1 278 18.8974711894989 7
0 -1 2 330.59 85.6 -1 278 72.36733293533325 7
0 -1 3 326.27 0.0 -15 278 0.019338607788085938 7
0 -1 4 336.52 77.92 -1 278 18.82133722305298 7
0 -1 5 212.7 0.0 -40 278 26.509668827056885 7
random:7T:1200
0 -1 0 505.04 0.0 -10 278 1.6875782012939453 7
0 -1 1 455.46 195.96 -1 278 16.37977695465088 7
0 -1 2 449.14 203.34999999999997 -1 278 61.51797795295715 7
0 -1 3 459.59 0.0 -5 278 0.01845407485961914 7
0 -1 4 458.06 255.69000000000003 -1 278 9.270190238952637 7
0 -1 5 323.87 0.0 -9 278 43.05629229545593 7
random:7T:1500
0 -1 0 650.55 0.0 -4 278 1.9005467891693115 7
0 -1 1 539.92 239.46 -1 278 13.401962041854858 7
0 -1 2 548.56 317.69 -4 278 64.88527607917786 7
0 -1 3 586.29 167.77 -1 278 0.020834922790527344 7
0 -1 4 563.71 308.23 -1 278 19.675074100494385 7
0 -1 5 442.31 147.24 -1 278 48.98945379257202 7
random:8T:300
0 -1 0 73.98 0 -83 276 0.30576586723327637 8
0 -1 1 73.91 0 -84 276 0.6724581718444824 8
0 -1 2 70.46 0 -85 276 13.765065908432007 8
0 -1 3 64.56 0 -102 276 0.011887073516845703 8
0 -1 4 73.91 0 -84 276 0.6607339382171631 8
0 -1 5 49.04 0 -138 276 7.615752935409546 8
random:8T:600
0 -1 0 199.85 0 -39 276 0.6300220489501953 8
0 -1 1 196.39 0.0 -24 276 0.6920807361602783 8
0 -1 2 188.14 0.0 -26 276 29.223545789718628 8
0 -1 3 190.9 0.0 -30 276 0.017233848571777344 8
0 -1 4 196.39 0 -24 276 0.680279016494751 8
0 -1 5 147.86 0 -67 276 16.251049041748047 8
random:8T:900
0 -1 0 347.47 0 -23 276 0.9217801094055176 8
0 -1 1 331.16 79.64999999999996 -1 276 13.51856780052185 8
0 -1 2 324.38 65.68 -1 276 58.28468132019043 8
0 -1 3 308.45 0.0 -20 276 0.014704227447509766 8
0 -1 4 331.16 79.64999999999996 -1 276 13.425219058990479 8
0 -1 5 253.11 0.0 -25 276 28.248342037200928 8
random:8T:1200
0 -1 0 479.2 0 -19 276 1.2651150226593018 8
0 -1 1 451.93 239.96 -1 276 8.251069068908691 8
0 -1 2 446.36 270.89 -1 276 53.305481910705566 8
0 -1 3 439.47 0.0 -4 276 0.017718076705932617 8
0 -1 4 457.2 279.5 -1 276 14.09026575088501 8
0 -1 5 371.1 24.93 -1 276 49.974169969558716 8
random:8T:1500
0 -1 0 628.53 0 -16 276 1.5587778091430664 8
0 -1 1 570.45 330.17 -1 276 24.290847778320312 8
0 -1 2 545.55 322.04 -2 276 66.36067390441895 8
0 -1 3 581.02 162.39 -1 276 0.02038097381591797 8
0 -1 4 550.46 323.54 -4 276 20.506605863571167 8
0 -1 5 484.27 259.26 -1 276 53.1908438205719 8
random:9T:300
0 -1 0 88.12 0.0 -75 282 0.32216906547546387 9
0 -1 1 85.8 0.0 -70 282 0.7756650447845459 9
0 -1 2 85.8 0 -70 282 13.976225137710571 9
0 -1 3 56.66 0 -117 282 0.017339229583740234 9
0 -1 4 85.8 0 -70 282 0.7702431678771973 9
0 -1 5 69.39 0 -101 282 8.821526050567627 9
random:9T:600
0 -1 0 237.93 0.0 -47 282 0.6732020378112793 9
0 -1 1 223.52 0.0 -26 282 0.7172832489013672 9
0 -1 2 222.49 0.0 -29 282 30.96811604499817 9
0 -1 3 194.44 0.0 -25 282 0.014331817626953125 9
0 -1 4 223.52 0.0 -26 282 0.7223079204559326 9
0 -1 5 184.75 0.0 -50 282 21.25430393218994 9
random:9T:900
0 -1 0 389.17 0.0 -44 282 1.3502728939056396 9
0 -1 1 347.85 55.37000000000002 -1 282 12.558846950531006 9
0 -1 2 345.91 36.24 -1 282 51.040677070617676 9
0 -1 3 327.64 0.0 -15 282 0.014811992645263672 9
0 -1 4 347.85 55.37000000000002 -1 282 11.218686819076538 9
0 -1 5 290.28 0.0 -20 282 31.170693159103394 9
random:9T:1200
0 -1 0 548.7 0.0 -42 282 1.2434871196746826 9
0 -1 1 465.17 229.25999999999996 -1 282 10.044119834899902 9
0 -1 2 459.88 227.52 -1 282 53.58585977554321 9
0 -1 3 460.03 0.0 -5 282 0.01645207405090332 9
0 -1 4 466.22 252.25 -2 282 10.356183767318726 9
0 -1 5 406.78 27.550000000000004 -1 282 49.555493116378784 9
random:9T:1500
0 -1 0 710.31 0.0 -42 282 1.5079407691955566 9
0 -1 1 554.62 283.01 -1 282 10.34560775756836 9
0 -1 2 543.25 288.7 -1 282 55.953299045562744 9
0 -1 3 590.86 164.8 -1 282 0.017900943756103516 9
0 -1 4 558.36 314.20000000000005 -1 282 14.53954815864563 9
0 -1 5 496.72 195.94 -1 282 47.554548263549805 9
