random:0T:300
0 -1 0 172.39 6.97 -2 75 0.08864212036132812 0
random:0T:300
0 -1 0 172.39 6.97 -2 75 0.10200023651123047 0
0 -1 1 152.38 29.490000000000002 -1 75 0.3756580352783203 0
0 -1 2 145.52 0.54 -1 75 0.7876031398773193 0
0 -1 3 124.39 0.0 -6 75 0.0038797855377197266 0
0 -1 4 152.38 29.490000000000002 -1 75 0.37835001945495605 0
0 -1 5 122.48 0.0 -3 75 0.7285349369049072 0
1 -1 0 170.47 90.24 -1 73 0.1304917335510254 0
1 -1 1 162.58 86.61 -1 73 1.1918630599975586 0
1 -1 2 162.58 86.61 -1 73 2.2458887100219727 0
1 -1 3 164.6 0.0 -2 73 0.004640102386474609 0
1 -1 4 162.58 86.61 -1 73 1.1887941360473633 0
1 -1 5 144.82 37.27 -1 73 1.7886693477630615 0
2 -1 0 173.88 96.7 -2 67 0.11696887016296387 0
2 -1 1 169.34 98.8 -1 67 1.2049882411956787 0
2 -1 2 167.05 95.39 -1 67 2.1192970275878906 0
2 -1 3 164.21 0.0 -2 67 0.004138946533203125 0
2 -1 4 168.24 99.14 -1 67 1.371711015701294 0
2 -1 5 160.82 79.11999999999999 -1 67 1.8548619747161865 0
3 -1 0 148.18 65.6 -1 64 0.09523797035217285 0
3 -1 1 141.95 68.32 -1 64 0.13988208770751953 0
3 -1 2 144.98 70.8 -1 64 0.9105398654937744 0
3 -1 3 136.75 0.0 -2 64 0.003801107406616211 0
3 -1 4 141.89 66.64999999999999 -1 64 0.24785423278808594 0
3 -1 5 130.95 36.57 -1 64 1.2762770652770996 0
random:0T:600
0 -1 0 460.02 231.44000000000003 -2 75 0.2184278964996338 0
0 -1 1 416.81 265.21000000000004 -2 75 0.9661240577697754 0
0 -1 2 396.81 236.17 -1 75 1.534827709197998 0
0 -1 3 375.77 146.22 -1 75 0.0061528682708740234 0
0 -1 4 416.24 264.95 -4 75 0.9648838043212891 0
0 -1 5 376.88 226.84 -1 75 1.4399781227111816 0
1 -1 0 396.44 277.53999999999996 -1 73 0.2590677738189697 0
1 -1 1 370.26 308.43 -2 73 1.5365209579467773 0
1 -1 2 370.26 308.43 -2 73 2.6258559226989746 0
1 -1 3 376.52 206.55 -1 73 0.005953788757324219 0
1 -1 4 370.26 308.43 -2 73 1.5245640277862549 0
1 -1 5 347.44 283.34999999999985 -2 73 2.504808187484741 0
2 -1 0 411.04 278.57 -2 67 0.261638879776001 0
2 -1 1 393.38 313.60999999999996 -2 67 1.4789659976959229 0
2 -1 2 388.54 304.45 -2 67 2.1300179958343506 0
2 -1 3 393.06 232.94 -1 67 0.0064220428466796875 0
2 -1 4 392.77 299.49 -2 67 1.6164209842681885 0
2 -1 5 384.45 303.09 -2 67 2.2718968391418457 0
3 -1 0 386.1 247.73000000000002 -1 64 0.20034360885620117 0
3 -1 1 356.49 282.66 -2 64 0.9717578887939453 0
3 -1 2 362.75 290.32 -2 64 1.81339693069458 0
3 -1 3 360.09 204.33 -1 64 0.005421876907348633 0
3 -1 4 356.49 282.66 -2 64 1.0216798782348633 0
3 -1 5 343.32 263.97999999999996 -2 64 1.5389788150787354 0
random:0T:900
0 -1 0 747.84 285.32 -1 75 0.35637974739074707 0
0 -1 1 646.08 382.55 -2 75 1.5537669658660889 0
0 -1 2 646.3 376.65 -2 75 2.347115993499756 0
0 -1 3 630.88 297.99 -1 75 0.008321046829223633 0
0 -1 4 646.04 382.55 -2 75 1.5491828918457031 0
0 -1 5 627.13 397.46000000000004 -2 75 2.29278302192688 0
1 -1 0 617.55 442.44 -1 73 0.38590192794799805 0
1 -1 1 566.07 478.35 -4 73 2.862751007080078 0
1 -1 2 562.77 442.18 -1 73 3.848694086074829 0
1 -1 3 595.85 381.62 -1 73 0.00851583480834961 0
1 -1 4 562.77 442.18 -1 73 2.924924373626709 0
1 -1 5 550.99 458.8600000000001 -1 73 3.350282907485962 0
2 -1 0 642.68 432.01 -2 67 0.36310315132141113 0
2 -1 1 601.98 475.26 -1 67 2.456887722015381 0
2 -1 2 594.73 451.10999999999996 -1 67 3.381143093109131 0
2 -1 3 623.39 406.14 -1 67 0.007858037948608398 0
2 -1 4 601.6 461.76 -1 67 3.0605058670043945 0
2 -1 5 597.24 483.3799999999999 -2 67 3.350764751434326 0
3 -1 0 626.05 381.46000000000004 -1 64 0.3177683353424072 0
3 -1 1 548.89 442.0299999999999 -2 64 1.4967591762542725 0
3 -1 2 563.56 459.48999999999995 -2 64 2.480194091796875 0
3 -1 3 587.63 346.65000000000003 -1 64 0.006888866424560547 0
3 -1 4 550.92 449.32 -2 64 1.5661630630493164 0
3 -1 5 548.95 436.49999999999994 -2 64 2.3067739009857178 0
random:0T:1200
0 -1 0 1034.58 356.73 -1 75 0.4574310779571533 0
0 -1 1 857.91 541.31 -2 75 2.163841962814331 0
0 -1 2 872.33 567.29 -1 75 2.920563220977783 0
0 -1 3 886.28 447.5 -1 75 0.010104894638061523 0
0 -1 4 852.9 523.22 -2 75 2.3414859771728516 0
0 -1 5 854.79 559.27 -1 75 2.8569259643554688 0
1 -1 0 836.51 625.1299999999999 -1 73 0.5007643699645996 0
1 -1 1 772.9 621.71 -1 73 4.8832221031188965 0
1 -1 2 771.18 644.49 -2 73 5.882434129714966 0
1 -1 3 813.97 542.21 -1 73 0.008790016174316406 0
1 -1 4 771.18 644.49 -2 73 4.812319040298462 0
1 -1 5 751.32 630.4000000000001 -2 73 5.040003776550293 0
2 -1 0 880.14 582.97 -2 67 0.4734683036804199 0
2 -1 1 811.05 637.43 -1 67 3.809357166290283 0
2 -1 2 799.81 622.2399999999999 -1 67 4.3071448802948 0
2 -1 3 854.1 535.5 -1 67 0.010623931884765625 0
2 -1 4 807.76 636.1 -1 67 3.783384084701538 0
2 -1 5 804.4 641.56 -1 67 4.185855865478516 0
3 -1 0 862.26 573.33 -1 64 0.4445641040802002 0
3 -1 1 748.59 614.62 -1 64 2.1279401779174805 0
3 -1 2 759.69 624.0399999999998 -1 64 3.113618850708008 0
3 -1 3 816.94 479.13 -1 64 0.009215831756591797 0
3 -1 4 743.08 586.6800000000001 -1 64 2.1902542114257812 0
3 -1 5 736.06 553.34 -1 64 2.894465208053589 0
random:0T:1500
0 -1 0 1312.37 493.33 -1 75 0.5883619785308838 0
0 -1 1 1097.14 632.27 -1 75 2.9592440128326416 0
0 -1 2 1118.17 751.25 -4 75 4.00322413444519 0
0 -1 3 1141.47 594.3 -1 75 0.012762069702148438 0
0 -1 4 1111.95 653.8900000000001 -1 75 3.091247797012329 0
0 -1 5 1074.35 636.0799999999999 -1 75 3.426133871078491 0
1 -1 0 1067.28 801.8000000000001 -1 73 0.6614909172058105 0
1 -1 1 981.54 832.73 -2 73 6.29253625869751 0
1 -1 2 981.72 776.9699999999999 -1 73 7.381110191345215 0
1 -1 3 1023.83 694.36 -1 73 0.01082301139831543 0
1 -1 4 981.72 776.9699999999999 -1 73 6.4157750606536865 0
1 -1 5 955.62 778.9100000000001 -1 73 6.377489805221558 0
2 -1 0 1110.34 717.72 -2 67 0.5995349884033203 0
2 -1 1 1022.49 815.7 -1 67 4.747184991836548 0
2 -1 2 1024.19 800.14 -1 67 5.5434980392456055 0
2 -1 3 1086.24 672.1899999999999 -1 67 0.012662172317504883 0
2 -1 4 1015.56 801.7800000000002 -1 67 5.154059171676636 0
2 -1 5 1020.88 787.85 -1 67 5.377496242523193 0
3 -1 0 1098.54 790.75 -1 64 0.5301499366760254 0
3 -1 1 964.54 786.15 -4 64 3.0883350372314453 0
3 -1 2 955.39 780.0100000000001 -1 64 3.7206599712371826 0
3 -1 3 1040.74 597.9200000000001 -1 64 0.009783267974853516 0
3 -1 4 948.81 747.9200000000001 -1 64 3.234299898147583 0
3 -1 5 928.94 691.1 -1 64 3.432986259460449 0
random:1T:300
0 -1 0 205.25 0 -1 57 0.08009099960327148 1
0 -1 1 186.01 63.050000000000026 -1 57 0.4752960205078125 1
0 -1 2 184.88 66.48000000000003 -1 57 0.8863921165466309 1
0 -1 3 178.76 19.189999999999998 -1 57 0.003323793411254883 1
0 -1 4 186.01 63.050000000000026 -1 57 0.48522496223449707 1
0 -1 5 140.46 0.0 -1 57 0.34287309646606445 1
1 -1 0 167.71 76.4 -2 72 0.13117074966430664 1
1 -1 1 158.99 91.94 -1 72 1.7185249328613281 1
1 -1 2 158.99 91.94 -1 72 2.786105155944824 1
1 -1 3 162.53 0.0 -2 72 0.004602193832397461 1
1 -1 4 158.99 91.94 -1 72 1.696748971939087 1
1 -1 5 158.99 91.94 -1 72 2.801213026046753 1
2 -1 0 126.55 0 -3 81 0.12758970260620117 1
2 -1 1 125.6 19.86 -1 81 0.49161314964294434 1
2 -1 2 122.19 13.45 -1 81 1.9335930347442627 1
2 -1 3 121.24 0.0 -5 81 0.004626035690307617 1
2 -1 4 125.6 19.86 -1 81 0.4709501266479492 1
2 -1 5 108.6 0.0 -5 81 1.2882978916168213 1
3 -1 0 176.78 0 -1 66 0.1301710605621338 1
3 -1 1 169.53 90.73 -1 66 1.0135233402252197 1
3 -1 2 169.53 90.73 -1 66 1.8383300304412842 1
3 -1 3 165.34 0.0 -2 66 0.004520893096923828 1
3 -1 4 169.53 90.73 -1 66 1.0129332542419434 1
3 -1 5 167.97 94.43 -1 66 1.9036400318145752 1
random:1T:600
0 -1 0 530.22 75.6 -1 57 0.17684721946716309 1
0 -1 1 481.57 283.72 -1 57 0.5954601764678955 1
0 -1 2 485.39 301.56999999999994 -2 57 1.1013000011444092 1
0 -1 3 464.55 235.69 -1 57 0.005530118942260742 1
0 -1 4 487.48 303.8399999999999 -2 57 0.6924128532409668 1
0 -1 5 418.05 228.23999999999998 -2 57 0.8566288948059082 1
1 -1 0 386.96 199.78 -1 72 0.2776927947998047 1
1 -1 1 357.56 299.8499999999998 -2 72 1.6730010509490967 1
1 -1 2 357.56 299.8499999999998 -2 72 2.7055039405822754 1
1 -1 3 371.7 208.98000000000002 -1 72 0.0060122013092041016 1
1 -1 4 357.56 299.8499999999998 -2 72 1.6396827697753906 1
1 -1 5 357.56 299.8499999999998 -2 72 2.744476795196533 1
2 -1 0 342.78 145.92000000000002 -1 81 0.29241180419921875 1
2 -1 1 321.68 264.74 -1 81 1.3354110717773438 1
2 -1 2 317.37 256.34000000000003 -2 81 2.785215139389038 1
2 -1 3 329.43 146.29000000000002 -1 81 0.0068950653076171875 1
2 -1 4 323.56 272.4 -2 81 1.634676456451416 1
2 -1 5 292.73 224.89 -2 81 2.5147578716278076 1
3 -1 0 417.97 197.82 -1 66 0.2629120349884033 1
3 -1 1 390.73 300.2999999999999 -2 66 1.5023469924926758 1
3 -1 2 387.25 297.9299999999998 -2 66 2.777204990386963 1
3 -1 3 397.36 227.4 -1 66 0.006409883499145508 1
3 -1 4 387.25 297.9299999999998 -2 66 1.9165129661560059 1
3 -1 5 386.33 292.52 -2 66 2.264174222946167 1
random:1T:900
0 -1 0 853.31 267.0 -1 57 0.26976895332336426 1
0 -1 1 734.32 396.32 -2 57 1.0404019355773926 1
0 -1 2 767.32 474.45 -1 57 1.9917821884155273 1
0 -1 3 745.77 401.31 -1 57 0.0074710845947265625 1
0 -1 4 770.13 468.1899999999994 -1 57 1.6568739414215088 1
0 -1 5 692.79 413.07000000000005 -2 57 1.2564022541046143 1
1 -1 0 603.41 355.74 -1 72 0.4035618305206299 1
1 -1 1 556.65 481.74 -1 72 2.364325761795044 1
1 -1 2 556.66 481.94000000000005 -2 72 3.4152748584747314 1
1 -1 3 589.1 455.5899999999999 -1 72 0.0075418949127197266 1
1 -1 4 556.66 481.94000000000005 -2 72 2.4043521881103516 1
1 -1 5 556.65 481.74 -1 72 3.452130079269409 1
2 -1 0 560.25 366.17999999999995 -1 81 0.4391210079193115 1
2 -1 1 512.92 428.11999999999995 -1 81 2.5981600284576416 1
2 -1 2 501.64 423.83000000000004 -1 81 4.1649558544158936 1
2 -1 3 544.05 383.61999999999995 -1 81 0.00805807113647461 1
2 -1 4 515.33 455.79 -2 81 2.9889180660247803 1
2 -1 5 472.17 393.55999999999995 -2 81 3.5829598903656006 1
3 -1 0 660.51 361.21000000000004 -1 66 0.39264416694641113 1
3 -1 1 600.12 455.25 -1 66 2.277135133743286 1
3 -1 2 588.16 435.89000000000004 -1 66 3.168609142303467 1
3 -1 3 630.16 381.06 -1 66 0.00849008560180664 1
3 -1 4 588.16 435.89000000000004 -1 66 2.33994197845459 1
3 -1 5 598.31 467.77 -1 66 3.2709500789642334 1
random:1T:1200
0 -1 0 1174.43 371.98 -1 57 0.35125207901000977 1
0 -1 1 999.17 600.55 -1 57 1.4876799583435059 1
0 -1 2 1047.72 664.9999999999995 -1 57 2.3036139011383057 1
0 -1 3 1025.58 562.6499999999999 -1 57 0.008949041366577148 1
0 -1 4 1040.2 632.55 -1 57 1.8066840171813965 1
0 -1 5 964.24 563.12 -1 57 1.9052422046661377 1
1 -1 0 819.57 509.99 -1 72 0.5418059825897217 1
1 -1 1 754.92 650.0899999999999 -2 72 3.508943796157837 1
1 -1 2 754.92 650.0899999999999 -2 72 4.548979997634888 1
1 -1 3 804.07 693.5699999999999 -1 72 0.009388923645019531 1
1 -1 4 754.92 650.0899999999999 -2 72 3.5219078063964844 1
1 -1 5 754.92 650.0899999999999 -2 72 4.6230621337890625 1
2 -1 0 773.96 556.76 -1 81 0.5798430442810059 1
2 -1 1 697.87 568.75 -1 81 3.9258010387420654 1
2 -1 2 672.51 558.8 -1 81 4.996837139129639 1
2 -1 3 748.3 630.3499999999999 -1 81 0.009510040283203125 1
2 -1 4 680.99 544.28 -1 81 3.510556936264038 1
2 -1 5 665.45 536.82 -1 81 4.73670768737793 1
3 -1 0 903.28 504.70000000000005 -1 66 0.5038080215454102 1
3 -1 1 810.17 643.0400000000001 -1 66 3.4289557933807373 1
3 -1 2 807.2 637.03 -1 66 4.207496881484985 1
3 -1 3 863.3 533.78 -1 66 0.010754108428955078 1
3 -1 4 807.2 637.03 -1 66 3.340536117553711 1
3 -1 5 803.42 618.1999999999999 -1 66 3.9244329929351807 1
random:1T:1500
0 -1 0 1492.21 429.56 -1 57 0.43285393714904785 1
0 -1 1 1263.59 758.3800000000001 -1 57 1.755113124847412 1
0 -1 2 1313.58 822.38 -1 57 3.291743040084839 1
0 -1 3 1314.0 720.5699999999999 -1 57 0.01096487045288086 1
0 -1 4 1345.07 834.69 -1 57 2.186805009841919 1
0 -1 5 1223.32 755.71 -2 57 2.098625898361206 1
1 -1 0 1037.88 687.26 -1 72 0.6979401111602783 1
1 -1 1 955.64 828.16 -1 72 4.5246741771698 1
1 -1 2 955.51 828.5200000000001 -2 72 5.511307001113892 1
1 -1 3 1010.6 941.45 -1 72 0.011065959930419922 1
1 -1 4 955.51 828.5200000000001 -2 72 4.3267130851745605 1
1 -1 5 955.64 828.16 -1 72 5.318588972091675 1
2 -1 0 991.81 743.5500000000001 -1 81 0.7070448398590088 1
2 -1 1 879.49 708.8299999999999 -1 81 4.730068922042847 1
2 -1 2 888.36 770.15 -4 81 6.290446996688843 1
2 -1 3 956.45 884.79 -1 81 0.011211156845092773 1
2 -1 4 872.64 704.9599999999999 -1 81 4.684380769729614 1
2 -1 5 847.28 723.44 -2 81 5.64253306388855 1
3 -1 0 1136.28 666.68 -1 66 0.618675947189331 1
3 -1 1 1016.48 808.53 -1 66 4.214832782745361 1
3 -1 2 993.83 788.88 -1 66 4.995261907577515 1
3 -1 3 1097.45 685.41 -1 66 0.01240396499633789 1
3 -1 4 993.83 788.88 -1 66 4.044455289840698 1
3 -1 5 1026.21 811.2499999999999 -1 66 5.069466829299927 1
random:2T:300
0 -1 0 211.89 126.54 -1 32 0.04877901077270508 2
0 -1 1 199.87 158.66000000000005 -2 32 0.3180050849914551 2
0 -1 2 196.33 154.88000000000002 -2 32 0.30940675735473633 2
0 -1 3 214.18 126.60999999999999 -1 32 0.0026412010192871094 2
0 -1 4 199.87 158.66000000000005 -2 32 0.31516313552856445 2
0 -1 5 199.87 158.66000000000005 -2 32 0.41820502281188965 2
1 -1 0 164.16 0 -1 71 0.11690402030944824 2
1 -1 1 161.33 77.35 -1 71 1.2368152141571045 2
1 -1 2 161.33 77.35 -1 71 2.1779539585113525 2
1 -1 3 159.64 0.0 -3 71 0.00438690185546875 2
1 -1 4 161.33 77.35 -1 71 1.2496857643127441 2
1 -1 5 147.2 14.6 -1 71 1.1935241222381592 2
2 -1 0 161.73 110.46 -1 48 0.07379412651062012 2
2 -1 1 152.81 115.03 -1 48 0.4648728370666504 2
2 -1 2 152.81 115.03 -1 48 0.7780289649963379 2
2 -1 3 156.24 27.049999999999997 -1 48 0.003087759017944336 2
2 -1 4 152.81 115.03 -1 48 0.4502568244934082 2
2 -1 5 145.79 86.87 -1 48 0.9500489234924316 2
3 -1 0 196.59 12.01 -2 58 0.0641329288482666 2
3 -1 1 179.03 69.71 -1 58 0.35628795623779297 2
3 -1 2 167.81 59.56 -1 58 0.6659669876098633 2
3 -1 3 193.34 33.79 -1 58 0.003204822540283203 2
3 -1 4 179.03 69.71 -1 58 0.3548130989074707 2
3 -1 5 152.14 23.3 -1 58 0.4363870620727539 2
random:2T:600
0 -1 0 485.58 347.03000000000003 -1 32 0.09944415092468262 2
0 -1 1 432.61 356.8099999999999 -2 32 0.3432292938232422 2
0 -1 2 427.88 351.4299999999999 -2 32 0.514854907989502 2
0 -1 3 482.16 349.85 -1 32 0.004040956497192383 2
0 -1 4 431.22 355.88999999999993 -2 32 0.34151673316955566 2
0 -1 5 432.61 356.8099999999999 -2 32 0.4421708583831787 2
1 -1 0 385.19 69.45 -1 71 0.2205657958984375 2
1 -1 1 361.77 301.46999999999997 -2 71 0.8022670745849609 2
1 -1 2 361.77 301.46999999999997 -2 71 1.70900297164917 2
1 -1 3 382.46 225.11 -1 71 0.006124019622802734 2
1 -1 4 361.77 301.46999999999997 -2 71 0.798973798751831 2
1 -1 5 349.34 278.44 -3 71 1.5728740692138672 2
2 -1 0 400.77 293.52 -1 48 0.15199995040893555 2
2 -1 1 370.22 320.76 -2 48 0.5272419452667236 2
2 -1 2 370.22 320.76 -2 48 0.8320379257202148 2
2 -1 3 397.81 296.69000000000005 -1 48 0.0051920413970947266 2
2 -1 4 370.22 320.76 -2 48 0.546882152557373 2
2 -1 5 357.42 305.74999999999994 -2 48 0.762019157409668 2
3 -1 0 502.15 164.46 -1 58 0.15897607803344727 2
3 -1 1 438.61 271.85999999999996 -2 58 0.4913311004638672 2
3 -1 2 443.2 276.1599999999998 -2 58 0.9334630966186523 2
3 -1 3 467.83 258.83 -1 58 0.005613088607788086 2
3 -1 4 438.83 272.42999999999995 -1 58 0.45359206199645996 2
3 -1 5 420.53 254.68 -2 58 0.63266921043396 2
random:2T:900
0 -1 0 760.84 568.4100000000001 -1 32 0.15447187423706055 2
0 -1 1 650.62 546.44 -2 32 0.5754432678222656 2
0 -1 2 643.04 540.7 -2 32 0.7717211246490479 2
0 -1 3 749.69 541.77 -1 32 0.0054318904876708984 2
0 -1 4 651.0 545.08 -2 32 0.5941550731658936 2
0 -1 5 650.62 546.44 -2 32 0.6771941184997559 2
1 -1 0 599.25 233.11 -1 71 0.340667724609375 2
1 -1 1 559.87 481.85 -2 71 1.3983027935028076 2
1 -1 2 559.87 481.85 -2 71 2.3304131031036377 2
1 -1 3 607.1 481.10999999999996 -1 71 0.008349895477294922 2
1 -1 4 559.87 481.85 -2 71 1.3902311325073242 2
1 -1 5 550.03 463.15 -2 71 2.3317251205444336 2
2 -1 0 639.38 478.28000000000003 -1 48 0.23760294914245605 2
2 -1 1 570.36 506.22999999999996 -2 48 0.8399128913879395 2
2 -1 2 570.36 506.22999999999996 -2 48 1.1596112251281738 2
2 -1 3 638.56 563.33 -1 48 0.006639003753662109 2
2 -1 4 570.36 506.22999999999996 -2 48 0.8448810577392578 2
2 -1 5 564.92 497.68999999999994 -4 48 1.284654140472412 2
3 -1 0 806.01 341.29 -1 58 0.23085808753967285 2
3 -1 1 698.62 446.27999999999986 -2 58 0.7523431777954102 2
3 -1 2 697.36 452.45 -2 58 0.9863870143890381 2
3 -1 3 742.53 419.65999999999997 -1 58 0.007195711135864258 2
3 -1 4 696.37 449.67999999999995 -2 58 0.6744270324707031 2
3 -1 5 671.67 426.15999999999997 -2 58 0.8892512321472168 2
random:2T:1200
0 -1 0 1033.03 801.83 -1 32 0.1986548900604248 2
0 -1 1 883.7 735.3600000000005 -2 32 0.9316728115081787 2
0 -1 2 877.96 728.3200000000003 -4 32 1.1270802021026611 2
0 -1 3 1015.36 742.9899999999999 -1 32 0.006844043731689453 2
0 -1 4 883.7 735.3600000000005 -2 32 0.9333710670471191 2
0 -1 5 883.7 735.3600000000005 -2 32 1.0325870513916016 2
1 -1 0 817.35 395.7800000000001 -1 71 0.4379258155822754 2
1 -1 1 757.25 649.04 -2 71 2.223586082458496 2
1 -1 2 757.25 649.04 -2 71 3.162135601043701 2
1 -1 3 832.64 735.39 -1 71 0.01043391227722168 2
1 -1 4 757.25 649.04 -2 71 2.3007652759552 2
1 -1 5 739.99 631.78 -4 71 2.941039800643921 2
2 -1 0 884.47 674.95 -1 48 0.3209421634674072 2
2 -1 1 777.02 670.3800000000002 -4 48 1.2811260223388672 2
2 -1 2 777.02 670.3800000000002 -4 48 1.5930020809173584 2
2 -1 3 881.24 827.1400000000001 -1 48 0.008169412612915039 2
2 -1 4 777.02 670.3800000000002 -4 48 1.2856240272521973 2
2 -1 5 769.95 668.8400000000003 -2 48 1.5672240257263184 2
3 -1 0 1109.82 442.63 -1 58 0.323718786239624 2
3 -1 1 945.52 621.23 -2 58 1.1336569786071777 2
3 -1 2 945.7 628.8700000000001 -2 58 1.4153308868408203 2
3 -1 3 1027.99 601.0200000000001 -1 58 0.0092620849609375 2
3 -1 4 942.63 622.1 -2 58 1.1196789741516113 2
3 -1 5 923.41 605.74 -2 58 1.2560582160949707 2
random:2T:1500
0 -1 0 1306.63 1017.6899999999999 -1 32 0.25625085830688477 2
0 -1 1 1110.93 931.4600000000002 -2 32 1.1814050674438477 2
0 -1 2 1100.71 921.7100000000003 -2 32 1.3670339584350586 2
0 -1 3 1282.82 947.5599999999998 -1 32 0.008397817611694336 2
0 -1 4 1105.19 926.7100000000003 -4 32 1.1635489463806152 2
0 -1 5 1110.93 931.4600000000002 -2 32 1.2520861625671387 2
1 -1 0 1036.78 573.8800000000001 -1 71 0.540086030960083 2
1 -1 1 955.55 808.1500000000001 -2 71 2.756659984588623 2
1 -1 2 955.55 808.1500000000001 -2 71 3.6710710525512695 2
1 -1 3 1058.92 987.87 -1 71 0.011813879013061523 2
1 -1 4 955.55 808.1500000000001 -2 71 2.7696969509124756 2
1 -1 5 959.45 817.54 -2 71 4.053991079330444 2
2 -1 0 1123.83 883.6700000000001 -1 48 0.3996763229370117 2
2 -1 1 992.0 869.71 -2 48 1.4973430633544922 2
2 -1 2 992.0 869.71 -2 48 1.8065199851989746 2
2 -1 3 1125.08 1090.99 -1 48 0.009813785552978516 2
2 -1 4 992.0 869.71 -2 48 1.500011920928955 2
2 -1 5 981.98 858.3900000000001 -4 48 1.7228991985321045 2
3 -1 0 1403.03 591.65 -1 58 0.42653799057006836 2
3 -1 1 1200.67 770.5800000000002 -1 58 1.574462890625 2
3 -1 2 1200.14 798.71 -2 58 1.8712787628173828 2
3 -1 3 1311.32 781.2700000000002 -1 58 0.011214733123779297 2
3 -1 4 1195.8 787.87 -2 58 1.5836308002471924 2
3 -1 5 1174.01 754.95 -1 58 1.7315032482147217 2
random:3T:300
0 -1 0 140.72 0.0 -1 89 0.14026427268981934 3
0 -1 1 140.38 28.97 -1 89 0.8043608665466309 3
0 -1 2 140.38 28.97 -1 89 2.6724798679351807 3
0 -1 3 138.83 0.0 -6 89 0.005190849304199219 3
0 -1 4 140.38 28.97 -1 89 0.8048818111419678 3
0 -1 5 122.17 0.0 -4 89 1.6571629047393799 3
1 -1 0 238.12 86.57 -2 58 0.08463907241821289 3
1 -1 1 211.39 115.45 -1 58 0.16519713401794434 3
1 -1 2 211.39 115.45 -1 58 0.43737101554870605 3
1 -1 3 209.61 64.0 -1 58 0.003776073455810547 3
1 -1 4 211.39 115.45 -1 58 0.16401004791259766 3
1 -1 5 186.36 84.88 -1 58 0.6516759395599365 3
2 -1 0 146.65 59.019999999999996 -1 65 0.0945901870727539 3
2 -1 1 144.68 79.55000000000001 -1 65 0.795583963394165 3
2 -1 2 141.84 73.64999999999999 -1 65 1.3986921310424805 3
2 -1 3 142.89 0.0 -2 65 0.0037841796875 3
2 -1 4 144.68 79.55000000000001 -1 65 0.7931251525878906 3
2 -1 5 141.84 73.64999999999999 -1 65 1.3945772647857666 3
3 -1 0 176.89 98.59 -1 65 0.11751699447631836 3
3 -1 1 166.53 95.4 -1 65 1.1379520893096924 3
3 -1 2 162.77 94.69 -1 65 1.9814867973327637 3
3 -1 3 157.99 0.0 -2 65 0.004378795623779297 3
3 -1 4 166.53 95.4 -1 65 1.1585359573364258 3
3 -1 5 149.24 49.07 -1 65 1.5533320903778076 3
random:3T:600
0 -1 0 354.93 230.73000000000002 -3 89 0.30187106132507324 3
0 -1 1 341.76 275.13 -3 89 2.3278849124908447 3
0 -1 2 341.71 274.0699999999999 -3 89 5.217729091644287 3
0 -1 3 346.71 144.44 -1 89 0.007505178451538086 3
0 -1 4 341.71 274.0699999999999 -3 89 3.2126190662384033 3
0 -1 5 314.04 239.57 -6 89 3.332707166671753 3
1 -1 0 563.14 245.21999999999997 -1 58 0.1810460090637207 3
1 -1 1 501.03 301.1099999999997 -2 58 0.8727071285247803 3
1 -1 2 499.22 299.56999999999994 -2 58 0.975736141204834 3
1 -1 3 499.45 246.35999999999999 -1 58 0.006249427795410156 3
1 -1 4 499.22 299.56999999999994 -2 58 0.6813838481903076 3
1 -1 5 479.54 290.61999999999995 -2 58 0.8061001300811768 3
2 -1 0 376.83 286.74 -2 65 0.2168872356414795 3
2 -1 1 360.86 301.82 -2 65 1.285959005355835 3
2 -1 2 358.81 298.09 -2 65 1.9924030303955078 3
2 -1 3 368.19 215.49 -1 65 0.00561833381652832 3
2 -1 4 360.86 301.82 -2 65 1.260725975036621 3
2 -1 5 358.81 298.09 -2 65 1.940845012664795 3
3 -1 0 411.6 279.21 -1 65 0.22868895530700684 3
3 -1 1 373.0 299.96 -1 65 1.0594420433044434 3
3 -1 2 366.76 301.32 -2 65 1.7846252918243408 3
3 -1 3 374.98 221.16 -1 65 0.005563020706176758 3
3 -1 4 373.43 306.83 -2 65 1.2047579288482666 3
3 -1 5 356.68 294.64 -3 65 1.8510379791259766 3
random:3T:900
0 -1 0 569.45 395.9 -2 89 0.4329230785369873 3
0 -1 1 523.8 435.12 -2 89 3.131894111633301 3
0 -1 2 527.04 383.05 -2 89 5.615216970443726 3
0 -1 3 554.68 359.41 -1 89 0.008764028549194336 3
0 -1 4 527.04 383.05 -2 89 3.6991002559661865 3
0 -1 5 507.15 408.2 -2 89 4.8860249519348145 3
1 -1 0 891.84 437.13 -1 58 0.27722620964050293 3
1 -1 1 774.07 485.1799999999996 -2 58 1.270456075668335 3
1 -1 2 770.73 485.0699999999994 -2 58 1.5820200443267822 3
1 -1 3 800.04 415.77 -1 58 0.008342981338500977 3
1 -1 4 770.73 485.0699999999994 -2 58 1.3042099475860596 3
1 -1 5 762.76 475.4599999999998 -2 58 1.4615790843963623 3
2 -1 0 610.12 460.61 -2 65 0.33460307121276855 3
2 -1 1 571.55 486.72 -2 65 2.792064905166626 3
2 -1 2 570.08 484.96999999999997 -4 65 3.594435214996338 3
2 -1 3 595.18 402.4699999999999 -1 65 0.007484912872314453 3
2 -1 4 571.55 486.72 -2 65 2.758758068084717 3
2 -1 5 570.08 484.96999999999997 -4 65 3.483059883117676 3
3 -1 0 643.54 474.85 -1 65 0.3334982395172119 3
3 -1 1 567.79 469.89 -1 65 2.1762161254882812 3
3 -1 2 560.21 473.4099999999997 -2 65 3.2973639965057373 3
3 -1 3 598.65 376.52 -1 65 0.0070400238037109375 3
3 -1 4 564.37 459.71999999999997 -2 65 2.434469223022461 3
3 -1 5 555.45 473.58 -2 65 2.8321850299835205 3
random:3T:1200
0 -1 0 780.61 570.04 -1 89 0.5992968082427979 3
0 -1 1 724.97 613.9 -2 89 5.72421669960022 3
0 -1 2 707.57 561.74 -1 89 7.23061990737915 3
0 -1 3 755.46 455.43 -1 89 0.010458946228027344 3
0 -1 4 707.57 561.74 -1 89 5.214812755584717 3
0 -1 5 683.12 555.5 -1 89 6.8039140701293945 3
1 -1 0 1211.96 582.66 -1 58 0.4328930377960205 3
1 -1 1 1041.19 645.1299999999999 -1 58 1.4525678157806396 3
1 -1 2 1061.79 668.1600000000001 -1 58 2.0212697982788086 3
1 -1 3 1096.68 609.6999999999999 -1 58 0.01050877571105957 3
1 -1 4 1061.79 668.1600000000001 -1 58 1.7321350574493408 3
1 -1 5 1031.67 636.81 -2 58 1.9166150093078613 3
2 -1 0 841.36 642.41 -2 65 0.48076295852661133 3
2 -1 1 779.97 660.74 -2 65 4.140986919403076 3
2 -1 2 778.26 655.4800000000001 -1 65 4.751542091369629 3
2 -1 3 822.37 538.5799999999999 -1 65 0.008731842041015625 3
2 -1 4 779.89 659.75 -4 65 4.157019138336182 3
2 -1 5 780.9 658.5 -2 65 4.6198883056640625 3
3 -1 0 874.1 665.48 -2 65 0.45244598388671875 3
3 -1 1 755.91 633.4399999999999 -1 65 3.2793538570404053 3
3 -1 2 755.22 644.1999999999999 -2 65 4.117754220962524 3
3 -1 3 821.96 517.05 -1 65 0.008685111999511719 3
3 -1 4 764.34 626.8 -1 65 3.548316240310669 3
3 -1 5 757.05 634.1 -2 65 4.108327865600586 3
random:3T:1500
0 -1 0 997.89 745.8199999999999 -3 89 0.7456240653991699 3
0 -1 1 913.24 706.81 -1 89 7.791767120361328 3
0 -1 2 896.6 704.6700000000001 -1 89 8.805894136428833 3
0 -1 3 967.76 578.9200000000001 -1 89 0.012404918670654297 3
0 -1 4 896.6 704.6700000000001 -1 89 6.870176792144775 3
0 -1 5 879.05 732.44 -2 89 8.676690101623535 3
1 -1 0 1529.5 647.3399999999999 -1 58 0.46834492683410645 3
1 -1 1 1330.14 818.39 -1 58 2.1924521923065186 3
1 -1 2 1315.91 817.9899999999999 -1 58 2.3308849334716797 3
1 -1 3 1385.95 785.4599999999999 -1 58 0.012820243835449219 3
1 -1 4 1315.91 817.9899999999999 -1 58 2.0563061237335205 3
1 -1 5 1313.85 811.6800000000001 -1 58 2.140760898590088 3
2 -1 0 1071.49 827.75 -2 65 0.5639247894287109 3
2 -1 1 997.97 833.7900000000002 -1 65 5.56386399269104 3
2 -1 2 997.21 846.78 -3 65 6.089875936508179 3
2 -1 3 1050.64 683.68 -1 65 0.01101374626159668 3
2 -1 4 997.97 833.7900000000002 -1 65 5.412779808044434 3
2 -1 5 995.73 844.83 -1 65 6.154483079910278 3
3 -1 0 1105.04 833.77 -1 65 0.5823509693145752 3
3 -1 1 965.37 794.5099999999999 -1 65 4.673119068145752 3
3 -1 2 962.55 810.97 -4 65 5.48064923286438 3
3 -1 3 1037.07 644.0600000000001 -1 65 0.009703874588012695 3
3 -1 4 971.1 783.8900000000001 -1 65 4.664366722106934 3
3 -1 5 944.49 796.45 -4 65 4.957748889923096 3
random:4T:300
0 -1 0 129.53 3.92 -2 97 0.17203283309936523 4
0 -1 1 133.82 3.7199999999999998 -1 97 0.21578693389892578 4
0 -1 2 127.64 0.0 -4 97 2.279325008392334 4
0 -1 3 130.71 0.0 -7 97 0.005727052688598633 4
0 -1 4 133.82 3.7199999999999998 -1 97 0.21289324760437012 4
0 -1 5 117.26 0.0 -9 97 1.876483678817749 4
1 -1 0 146.91 70.82 -1 64 0.09547901153564453 4
1 -1 1 142.0 80.01 -1 64 1.1220011711120605 4
1 -1 2 142.0 80.01 -1 64 1.8007628917694092 4
1 -1 3 139.46 0.0 -2 64 0.0037801265716552734 4
1 -1 4 142.0 80.01 -1 64 1.1460130214691162 4
1 -1 5 142.0 80.01 -1 64 1.8802061080932617 4
2 -1 0 244.11 93.17 -1 45 0.06617903709411621 4
2 -1 1 227.61 135.64 -1 45 0.15444493293762207 4
2 -1 2 229.04 141.57999999999998 -1 45 0.5005002021789551 4
2 -1 3 204.98 67.21000000000001 -1 45 0.00345611572265625 4
2 -1 4 227.61 135.64 -1 45 0.17214536666870117 4
2 -1 5 197.43 108.91000000000001 -1 45 0.6993191242218018 4
3 -1 0 190.75 115.33000000000001 -2 69 0.12007403373718262 4
3 -1 1 179.35 122.74 -1 69 0.9681580066680908 4
3 -1 2 179.35 122.74 -1 69 1.6956422328948975 4
3 -1 3 180.82 0.0 -1 69 0.00428009033203125 4
3 -1 4 179.35 122.74 -1 69 0.9026999473571777 4
3 -1 5 168.15 117.91000000000001 -1 69 1.2954192161560059 4
random:4T:600
0 -1 0 339.1 217.11 -1 97 0.3468341827392578 4
0 -1 1 336.54 261.67999999999995 -3 97 2.581596851348877 4
0 -1 2 320.53 237.92 -1 97 4.815864086151123 4
0 -1 3 335.2 100.37 -1 97 0.008270025253295898 4
0 -1 4 334.51 251.02000000000004 -1 97 3.1386618614196777 4
0 -1 5 299.34 210.38 -1 97 4.769107103347778 4
1 -1 0 374.73 287.19 -2 64 0.22815275192260742 4
1 -1 1 355.19 308.0599999999999 -2 64 1.68861985206604 4
1 -1 2 355.19 308.0599999999999 -2 64 2.4967238903045654 4
1 -1 3 361.61 215.49 -1 64 0.006386280059814453 4
1 -1 4 355.19 308.0599999999999 -2 64 1.7251248359680176 4
1 -1 5 355.19 308.0599999999999 -2 64 2.399495840072632 4
2 -1 0 588.49 276.64 -1 45 0.14903521537780762 4
2 -1 1 529.56 342.5899999999999 -2 45 0.6145808696746826 4
2 -1 2 528.4 338.3399999999998 -2 45 0.7991471290588379 4
2 -1 3 509.54 245.78 -1 45 0.005176067352294922 4
2 -1 4 531.29 339.9399999999997 -2 45 0.7222599983215332 4
2 -1 5 509.17 313.57 -2 45 0.718358039855957 4
3 -1 0 429.13 287.82 -2 69 0.2391500473022461 4
3 -1 1 391.64 313.9699999999998 -2 69 1.8607728481292725 4
3 -1 2 391.64 313.9699999999998 -2 69 2.583552122116089 4
3 -1 3 415.16 257.46 -1 69 0.01407003402709961 4
3 -1 4 391.64 313.9699999999998 -2 69 1.7986960411071777 4
3 -1 5 389.01 310.80999999999995 -2 69 2.247533082962036 4
random:4T:900
0 -1 0 545.39 363.62 -1 97 0.5413951873779297 4
0 -1 1 521.17 375.93 -2 97 5.23842191696167 4
0 -1 2 511.1 412.4 -2 97 6.972126007080078 4
0 -1 3 527.61 317.02 -1 97 0.009999990463256836 4
0 -1 4 521.19 375.94000000000005 -2 97 5.518486976623535 4
0 -1 5 491.6 358.74 -2 97 6.0679240226745605 4
1 -1 0 603.15 486.76 -2 64 0.3515191078186035 4
1 -1 1 565.38 499.18999999999994 -2 64 2.6822969913482666 4
1 -1 2 565.38 499.18999999999994 -2 64 3.4305989742279053 4
1 -1 3 585.61 472.78 -1 64 0.007364749908447266 4
1 -1 4 565.38 499.18999999999994 -2 64 2.561091899871826 4
1 -1 5 565.38 499.18999999999994 -2 64 3.2725231647491455 4
2 -1 0 929.06 489.40999999999997 -1 45 0.23922276496887207 4
2 -1 1 817.13 500.45 -1 45 0.9361741542816162 4
2 -1 2 811.54 522.24 -1 45 1.2421321868896484 4
2 -1 3 822.15 450.3 -1 45 0.0073397159576416016 4
2 -1 4 814.02 522.27 -1 45 0.8964591026306152 4
2 -1 5 804.11 491.90000000000003 -1 45 1.2440247535705566 4
3 -1 0 665.84 462.78 -2 69 0.3626837730407715 4
3 -1 1 608.51 498.15999999999997 -2 69 2.939923048019409 4
3 -1 2 608.51 498.15999999999997 -2 69 3.839250087738037 4
3 -1 3 649.55 433.48999999999995 -1 69 0.008410215377807617 4
3 -1 4 608.51 498.15999999999997 -2 69 2.9894628524780273 4
3 -1 5 598.37 493.99 -4 69 2.978950023651123 4
random:4T:1200
0 -1 0 745.44 533.1 -1 97 0.6670210361480713 4
0 -1 1 711.27 595.43 -4 97 7.106761932373047 4
0 -1 2 693.0 509.89000000000004 -1 97 9.667391061782837 4
0 -1 3 729.67 423.4 -1 97 0.012911081314086914 4
0 -1 4 699.14 544.79 -1 97 6.526103973388672 4
0 -1 5 681.0 546.8500000000001 -2 97 8.627970933914185 4
1 -1 0 826.74 668.36 -2 64 0.46605420112609863 4
1 -1 1 778.99 681.7200000000001 -2 64 3.841599941253662 4
1 -1 2 778.99 681.7200000000001 -2 64 4.435710906982422 4
1 -1 3 809.97 729.4000000000001 -1 64 0.009657859802246094 4
1 -1 4 778.99 681.7200000000001 -2 64 3.782166004180908 4
1 -1 5 778.99 681.7200000000001 -2 64 4.961996078491211 4
2 -1 0 1269.98 631.71 -1 45 0.39401793479919434 4
2 -1 1 1123.96 715.2800000000003 -2 45 1.4963281154632568 4
2 -1 2 1098.9 697.67 -1 45 1.9480199813842773 4
2 -1 3 1129.72 629.84 -1 45 0.010164976119995117 4
2 -1 4 1119.55 689.68 -1 45 1.9414410591125488 4
2 -1 5 1072.08 662.28 -1 45 1.4556491374969482 4
3 -1 0 905.85 647.09 -1 69 0.49301695823669434 4
3 -1 1 820.59 666.54 -2 69 4.303122043609619 4
3 -1 2 820.59 666.54 -2 69 4.890982151031494 4
3 -1 3 883.87 587.05 -1 69 0.00992584228515625 4
3 -1 4 820.59 666.54 -2 69 4.133179187774658 4
3 -1 5 814.04 665.33 -1 69 4.161678075790405 4
random:4T:1500
0 -1 0 950.7 695.06 -1 97 0.7991681098937988 4
0 -1 1 898.09 688.73 -1 97 9.634458780288696 4
0 -1 2 865.94 636.02 -1 97 11.308341979980469 4
0 -1 3 936.28 557.6 -1 97 0.014006614685058594 4
0 -1 4 867.88 692.85 -1 97 9.005437850952148 4
0 -1 5 861.01 694.2900000000001 -2 97 11.291930913925171 4
1 -1 0 1056.41 856.4799999999999 -2 64 0.622499942779541 4
1 -1 1 991.67 874.5600000000001 -4 64 5.029521942138672 4
1 -1 2 991.67 874.5600000000001 -4 64 5.841801166534424 4
1 -1 3 1035.0 982.3600000000001 -1 64 0.010818719863891602 4
1 -1 4 991.67 874.5600000000001 -4 64 5.047331094741821 4
1 -1 5 991.67 874.5600000000001 -4 64 5.823107004165649 4
2 -1 0 1610.32 707.6600000000001 -1 45 0.37322187423706055 4
2 -1 1 1393.07 884.81 -1 45 2.1700682640075684 4
2 -1 2 1382.46 884.2700000000002 -1 45 2.139436960220337 4
2 -1 3 1439.0 832.61 -1 45 0.011887073516845703 4
2 -1 4 1397.81 868.21 -1 45 2.011895179748535 4
2 -1 5 1370.27 850.34 -1 45 1.7231121063232422 4
3 -1 0 1137.5 755.91 -1 69 0.6033830642700195 4
3 -1 1 1029.78 841.5899999999999 -2 69 5.170334815979004 4
3 -1 2 1029.34 841.5 -4 69 6.073292016983032 4
3 -1 3 1118.23 740.4699999999999 -1 69 0.014616966247558594 4
3 -1 4 1029.34 841.5 -4 69 5.217047214508057 4
3 -1 5 1036.08 847.6600000000002 -4 69 5.500922918319702 4
random:5T:300
0 -1 0 140.41 13.49 -1 68 0.10874199867248535 5
0 -1 1 141.62 44.71 -1 68 0.6076862812042236 5
0 -1 2 139.25 41.64 -1 68 1.4368467330932617 5
0 -1 3 144.82 0.0 -2 68 0.003973722457885742 5
0 -1 4 141.62 44.71 -1 68 0.6092591285705566 5
0 -1 5 125.85 0.0 -2 68 0.8455021381378174 5
1 -1 0 176.47 112.71 -2 42 0.07515287399291992 5
1 -1 1 161.91 115.35 -1 42 0.5678589344024658 5
1 -1 2 161.91 115.35 -1 42 0.8254799842834473 5
1 -1 3 169.4 50.1 -1 42 0.003105640411376953 5
1 -1 4 161.91 115.35 -1 42 0.5670590400695801 5
1 -1 5 154.71 98.07 -1 42 0.8258638381958008 5
2 -1 0 166.2 83.81 -1 62 0.09194803237915039 5
2 -1 1 160.33 83.87 -1 62 0.8843441009521484 5
2 -1 2 160.33 83.87 -1 62 1.3957428932189941 5
2 -1 3 166.53 0.57 -1 62 0.003554105758666992 5
2 -1 4 160.33 83.87 -1 62 0.8602278232574463 5
2 -1 5 160.88 88.27 -1 62 1.4576597213745117 5
3 -1 0 174.84 70.7 -1 74 0.10143518447875977 5
3 -1 1 165.8 63.99 -1 74 0.5894629955291748 5
3 -1 2 165.8 63.99 -1 74 1.1029629707336426 5
3 -1 3 156.96 0.0 -1 74 0.003856182098388672 5
3 -1 4 165.8 63.99 -1 74 0.582834005355835 5
3 -1 5 159.44 50.26999999999998 -1 74 1.017498254776001 5
random:5T:600
0 -1 0 385.39 251.79999999999998 -1 68 0.22560501098632812 5
0 -1 1 358.59 268.9 -2 68 0.9030208587646484 5
0 -1 2 358.75 262.52 -1 68 1.872589111328125 5
0 -1 3 375.39 221.16 -1 68 0.005654096603393555 5
0 -1 4 359.99 264.54999999999995 -2 68 0.9822719097137451 5
0 -1 5 342.76 229.44 -1 68 1.6355609893798828 5
1 -1 0 435.21 372.23 -2 42 0.14652109146118164 5
1 -1 1 382.8 336.69999999999993 -1 42 0.3910040855407715 5
1 -1 2 384.58 342.71 -1 42 0.7548460960388184 5
1 -1 3 411.58 319.47 -1 42 0.004819154739379883 5
1 -1 4 384.58 342.71 -1 42 0.5103321075439453 5
1 -1 5 375.68 327.42 -1 42 0.7065820693969727 5
2 -1 0 410.88 313.69 -2 62 0.20337700843811035 5
2 -1 1 375.62 300.3 -2 62 0.6783099174499512 5
2 -1 2 374.75 304.24999999999994 -3 62 1.2742578983306885 5
2 -1 3 398.46 259.59 -1 62 0.00518798828125 5
2 -1 4 374.75 304.24999999999994 -3 62 0.7391200065612793 5
2 -1 5 364.24 289.39 -2 62 1.0949387550354004 5
3 -1 0 470.09 262.56 -1 74 0.2172229290008545 5
3 -1 1 436.64 276.03 -2 74 1.1385698318481445 5
3 -1 2 436.32 276.47 -2 74 1.6849820613861084 5
3 -1 3 427.94 210.17000000000002 -1 74 0.0057621002197265625 5
3 -1 4 436.32 276.47 -2 74 1.1673178672790527 5
3 -1 5 424.07 261.93 -2 74 1.4296560287475586 5
random:5T:900
0 -1 0 634.79 429.21999999999997 -1 68 0.34948301315307617 5
0 -1 1 564.63 421.35999999999996 -1 68 1.5888090133666992 5
0 -1 2 557.88 407.65000000000003 -1 68 2.9630091190338135 5
0 -1 3 610.08 371.53 -1 68 0.0077550411224365234 5
0 -1 4 555.91 396.85 -1 68 2.0060949325561523 5
0 -1 5 546.93 372.14 -2 68 2.1906659603118896 5
1 -1 0 689.84 625.91 -2 42 0.22956609725952148 5
1 -1 1 589.34 479.18 -1 42 0.7812881469726562 5
1 -1 2 597.64 539.67 -1 42 1.8141379356384277 5
1 -1 3 655.08 584.86 -1 42 0.00655674934387207 5
1 -1 4 597.64 539.67 -1 42 1.565345048904419 5
1 -1 5 586.6 510.1499999999999 -2 42 0.9962282180786133 5
2 -1 0 658.13 528.8 -1 62 0.31406593322753906 5
2 -1 1 582.58 483.57 -2 62 1.501244306564331 5
2 -1 2 583.26 482.12000000000006 -2 62 1.9418528079986572 5
2 -1 3 630.42 433.71999999999997 -1 62 0.0068318843841552734 5
2 -1 4 583.26 482.12000000000006 -2 62 1.4083569049835205 5
2 -1 5 578.38 481.53 -2 62 1.742701768875122 5
3 -1 0 764.66 410.5400000000001 -1 74 0.3296241760253906 5
3 -1 1 664.21 413.55000000000007 -1 74 2.566190242767334 5
3 -1 2 658.26 419.7100000000002 -2 74 2.6979122161865234 5
3 -1 3 698.72 375.84000000000003 -1 74 0.007896184921264648 5
3 -1 4 658.26 419.7100000000002 -2 74 2.1839659214019775 5
3 -1 5 670.77 424.8500000000005 -2 74 2.5957438945770264 5
random:5T:1200
0 -1 0 883.82 602.7299999999999 -1 68 0.4708690643310547 5
0 -1 1 767.11 576.3199999999999 -1 68 2.4039430618286133 5
0 -1 2 783.94 583.11 -1 68 3.6420841217041016 5
0 -1 3 845.98 519.19 -1 68 0.009139299392700195 5
0 -1 4 771.52 576.8299999999999 -1 68 2.3637869358062744 5
0 -1 5 743.93 531.78 -1 68 2.884911060333252 5
1 -1 0 948.23 876.4200000000001 -1 42 0.308851957321167 5
1 -1 1 809.04 688.84 -1 42 1.0868332386016846 5
1 -1 2 837.08 781.3399999999999 -1 42 1.5968308448791504 5
1 -1 3 901.9 850.42 -1 42 0.008096933364868164 5
1 -1 4 837.08 781.3399999999999 -1 42 1.3481059074401855 5
1 -1 5 796.49 676.9599999999999 -1 42 1.5761127471923828 5
2 -1 0 899.32 712.9899999999999 -1 62 0.42926716804504395 5
2 -1 1 777.45 630.5 -1 62 2.193290948867798 5
2 -1 2 779.74 649.8000000000001 -2 62 2.730614185333252 5
2 -1 3 862.44 586.5999999999999 -1 62 0.008292913436889648 5
2 -1 4 779.74 649.8000000000001 -2 62 2.1336910724639893 5
2 -1 5 772.87 642.8 -1 62 2.1600418090820312 5
3 -1 0 1060.09 581.87 -1 74 0.4831056594848633 5
3 -1 1 926.28 593.5499999999992 -2 74 3.0747878551483154 5
3 -1 2 922.68 589.62 -1 74 3.5838751792907715 5
3 -1 3 967.87 539.5300000000001 -1 74 0.010451078414916992 5
3 -1 4 922.68 589.62 -1 74 3.162716865539551 5
3 -1 5 912.11 567.09 -1 74 3.772874116897583 5
random:5T:1500
0 -1 0 1127.5 823.3 -1 68 0.599754810333252 5
0 -1 1 965.53 745.4300000000001 -1 68 2.987661838531494 5
0 -1 2 947.49 712.08 -2 68 4.033874750137329 5
0 -1 3 1082.47 663.57 -1 68 0.011539936065673828 5
0 -1 4 938.34 669.34 -1 68 3.0112431049346924 5
0 -1 5 933.51 624.26 -1 68 3.4634811878204346 5
1 -1 0 1208.53 1128.6299999999999 -2 42 0.38846516609191895 5
1 -1 1 1002.98 871.72 -1 42 1.292604923248291 5
1 -1 2 1049.18 981.9900000000001 -1 42 1.949103832244873 5
1 -1 3 1146.47 1111.7500000000002 -1 42 0.009945869445800781 5
1 -1 4 1049.18 981.9900000000001 -1 42 1.6536228656768799 5
1 -1 5 995.96 835.3 -2 42 1.451206922531128 5
2 -1 0 1129.89 887.8199999999998 -1 62 0.5003631114959717 5
2 -1 1 987.26 786.3400000000001 -1 62 2.753385305404663 5
2 -1 2 998.96 826.73 -2 62 3.449678897857666 5
2 -1 3 1094.53 739.29 -1 62 0.010011911392211914 5
2 -1 4 998.96 826.73 -2 62 2.9057159423828125 5
2 -1 5 981.11 806.35 -2 62 2.7074108123779297 5
3 -1 0 1348.11 711.54 -1 74 0.563244104385376 5
3 -1 1 1169.91 750.8100000000001 -1 74 3.5007941722869873 5
3 -1 2 1115.86 697.08 -1 74 5.15726113319397 5
3 -1 3 1235.55 701.5 -1 74 0.01221919059753418 5
3 -1 4 1115.86 697.08 -1 74 4.62017297744751 5
3 -1 5 1159.07 729.0 -1 74 4.247443199157715 5
random:6T:300
0 -1 0 166.36 0.0 -2 73 0.0907430648803711 6
0 -1 1 152.1 31.53 -1 73 0.3460710048675537 6
0 -1 2 144.9 2.57 -1 73 0.6588668823242188 6
0 -1 3 128.18 0.0 -3 73 0.0038361549377441406 6
0 -1 4 152.1 31.53 -1 73 0.3439521789550781 6
0 -1 5 119.86 0.0 -5 73 0.5064539909362793 6
1 -1 0 142.75 64.71 -2 57 0.0820322036743164 6
1 -1 1 137.24 56.14 -1 57 0.5443987846374512 6
1 -1 2 131.69 16.19 -1 57 0.7088289260864258 6
1 -1 3 138.57 0.0 -2 57 0.0033261775970458984 6
1 -1 4 137.24 56.14 -1 57 0.543781042098999 6
1 -1 5 131.24 14.22 -1 57 0.6783981323242188 6
2 -1 0 179.06 118.44 -1 56 0.09252238273620605 6
2 -1 1 169.01 123.71000000000001 -1 56 0.37685513496398926 6
2 -1 2 169.01 123.71000000000001 -1 56 0.8183789253234863 6
2 -1 3 178.71 42.08 -1 56 0.0036079883575439453 6
2 -1 4 169.01 123.71000000000001 -1 56 0.37912702560424805 6
2 -1 5 169.01 123.71000000000001 -1 56 0.8164689540863037 6
3 -1 0 182.61 67.69 -1 58 0.10433292388916016 6
3 -1 1 173.2 107.84 -1 58 1.03466796875 6
3 -1 2 166.37 72.85 -1 58 1.2516841888427734 6
3 -1 3 173.88 19.11 -1 58 0.0036830902099609375 6
3 -1 4 173.2 107.84 -1 58 1.0314757823944092 6
3 -1 5 169.58 70.85 -1 58 1.2261230945587158 6
random:6T:600
0 -1 0 455.89 224.86 -2 73 0.20508384704589844 6
0 -1 1 413.15 265.83999999999986 -2 73 0.7437739372253418 6
0 -1 2 410.44 261.36 -2 73 1.3256981372833252 6
0 -1 3 382.78 152.47 -1 73 0.005731105804443359 6
0 -1 4 413.39 265.97 -2 73 0.6233007907867432 6
0 -1 5 366.52 219.94 -2 73 1.5063519477844238 6
1 -1 0 388.68 264.15999999999997 -1 57 0.18764901161193848 6
1 -1 1 357.88 291.5 -2 57 0.5950169563293457 6
1 -1 2 347.19 281.03 -2 57 1.0835208892822266 6
1 -1 3 359.45 221.28000000000003 -1 57 0.004720926284790039 6
1 -1 4 357.88 291.54999999999995 -2 57 0.6240839958190918 6
1 -1 5 346.06 279.5 -2 57 1.1061768531799316 6
2 -1 0 422.09 347.44 -1 56 0.19784212112426758 6
2 -1 1 378.78 322.17999999999984 -2 56 0.8788220882415771 6
2 -1 2 378.78 322.17999999999984 -2 56 1.332624912261963 6
2 -1 3 416.77 309.12 -1 56 0.005677938461303711 6
2 -1 4 378.78 322.17999999999984 -2 56 0.8814079761505127 6
2 -1 5 378.78 322.17999999999984 -2 56 1.3384089469909668 6
3 -1 0 437.68 278.85 -1 58 0.21530914306640625 6
3 -1 1 405.17 315.12 -2 58 0.8661000728607178 6
3 -1 2 394.23 303.86 -1 58 1.7641470432281494 6
3 -1 3 420.99 274.2699999999999 -1 58 0.005980014801025391 6
3 -1 4 408.65 321.74 -1 58 0.8666458129882812 6
3 -1 5 400.24 317.29 -1 58 1.322939157485962 6
random:6T:900
0 -1 0 739.93 377.34999999999997 -2 73 0.3193080425262451 6
0 -1 1 640.47 383.14 -2 73 1.080376148223877 6
0 -1 2 644.72 377.25 -2 73 2.0916149616241455 6
0 -1 3 639.74 307.38 -1 73 0.007766008377075195 6
0 -1 4 640.21 378.51 -2 73 1.1140670776367188 6
0 -1 5 616.58 399.9399999999998 -2 73 2.000298023223877 6
1 -1 0 642.17 500.0 -1 57 0.27979397773742676 6
1 -1 1 553.9 447.96999999999997 -2 57 1.226032018661499 6
1 -1 2 552.62 453.34 -2 57 1.6369860172271729 6
1 -1 3 586.29 398.03999999999996 -1 57 0.005903959274291992 6
1 -1 4 555.5 450.85999999999996 -2 57 1.2493009567260742 6
1 -1 5 543.35 446.56999999999994 -1 57 1.5826680660247803 6
2 -1 0 670.05 587.36 -1 56 0.2871129512786865 6
2 -1 1 583.73 509.84 -2 56 1.2600159645080566 6
2 -1 2 583.73 509.84 -2 56 1.6887400150299072 6
2 -1 3 653.45 574.4 -1 56 0.00718998908996582 6
2 -1 4 583.73 509.84 -2 56 1.2545549869537354 6
2 -1 5 583.73 509.84 -2 56 1.6909587383270264 6
3 -1 0 691.49 516.19 -1 58 0.3183858394622803 6
3 -1 1 626.58 512.56 -3 58 1.5803940296173096 6
3 -1 2 627.72 513.05 -1 58 2.383831024169922 6
3 -1 3 667.0 440.74999999999994 -1 58 0.008788108825683594 6
3 -1 4 623.1 507.86 -1 58 1.6712470054626465 6
3 -1 5 627.83 467.05999999999995 -1 58 2.2596540451049805 6
random:6T:1200
0 -1 0 1025.09 536.64 -2 73 0.42784571647644043 6
0 -1 1 860.37 556.25 -1 73 1.6616401672363281 6
0 -1 2 858.16 543.34 -1 73 2.2122199535369873 6
0 -1 3 896.72 462.16999999999996 -1 73 0.009652376174926758 6
0 -1 4 868.81 560.9 -1 73 1.6612801551818848 6
0 -1 5 844.63 557.8700000000002 -2 73 2.663649797439575 6
1 -1 0 894.17 743.79 -1 57 0.373445987701416 6
1 -1 1 738.21 618.0 -2 57 1.8152248859405518 6
1 -1 2 752.01 629.97 -2 57 2.4350059032440186 6
1 -1 3 816.61 553.96 -1 57 0.007166862487792969 6
1 -1 4 739.19 621.8800000000001 -1 57 1.8219830989837646 6
1 -1 5 726.06 559.49 -1 57 2.0434091091156006 6
2 -1 0 911.78 825.3499999999999 -1 56 0.38768887519836426 6
2 -1 1 797.51 685.4599999999999 -2 56 1.8231170177459717 6
2 -1 2 797.51 685.4599999999999 -2 56 2.2749569416046143 6
2 -1 3 891.58 838.01 -1 56 0.008881807327270508 6
2 -1 4 797.51 685.4599999999999 -2 56 1.8354771137237549 6
2 -1 5 797.51 685.4599999999999 -2 56 2.271527051925659 6
3 -1 0 943.95 738.9100000000001 -1 58 0.4314103126525879 6
3 -1 1 835.86 653.11 -2 58 2.2704858779907227 6
3 -1 2 837.92 663.6 -1 58 2.596261978149414 6
3 -1 3 912.05 605.0799999999999 -1 58 0.00990605354309082 6
3 -1 4 838.28 637.74 -2 58 2.5492172241210938 6
3 -1 5 844.44 657.71 -1 58 2.6507649421691895 6
random:6T:1500
0 -1 0 1303.95 693.8399999999999 -2 73 0.553229808807373 6
0 -1 1 1107.35 731.46 -2 73 2.3613929748535156 6
0 -1 2 1117.76 762.28 -2 73 2.976072311401367 6
0 -1 3 1154.36 616.84 -1 73 0.012034177780151367 6
0 -1 4 1107.35 731.46 -2 73 2.3536670207977295 6
0 -1 5 1058.45 652.53 -1 73 3.062685966491699 6
1 -1 0 1146.01 981.18 -1 57 0.46419787406921387 6
1 -1 1 948.0 742.46 -1 57 2.7208571434020996 6
1 -1 2 977.58 812.6199999999999 -2 57 3.538498878479004 6
1 -1 3 1043.38 704.0 -1 57 0.008431196212768555 6
1 -1 4 941.06 786.8799999999999 -1 57 2.676117181777954 6
1 -1 5 957.11 756.5500000000001 -1 57 2.8683879375457764 6
2 -1 0 1161.03 1038.3600000000001 -1 56 0.4860868453979492 6
2 -1 1 1002.48 864.2499999999999 -2 56 2.254422187805176 6
2 -1 2 1002.48 864.2499999999999 -2 56 2.691497325897217 6
2 -1 3 1131.11 1100.01 -1 56 0.010544776916503906 6
2 -1 4 1002.48 864.2499999999999 -2 56 2.2563910484313965 6
2 -1 5 1002.48 864.2499999999999 -2 56 2.6940882205963135 6
3 -1 0 1207.27 965.5100000000001 -1 58 0.543062686920166 6
3 -1 1 1063.08 815.4000000000001 -1 58 2.995447874069214 6
3 -1 2 1048.65 818.45 -1 58 3.9371070861816406 6
3 -1 3 1156.12 767.5099999999999 -1 58 0.012009859085083008 6
3 -1 4 1050.7 807.34 -1 58 2.9032719135284424 6
3 -1 5 1066.38 857.1299999999999 -1 58 3.2810781002044678 6
random:7T:300
0 -1 0 218.65 27.26 -2 60 0.082489013671875 7
0 -1 1 191.24 79.7 -1 60 0.5935680866241455 7
0 -1 2 191.03 85.68 -1 60 0.5125472545623779 7
0 -1 3 188.8 26.46 -1 60 0.003587007522583008 7
0 -1 4 191.24 79.7 -1 60 0.5959069728851318 7
0 -1 5 177.26 57.169999999999995 -1 60 0.7151551246643066 7
1 -1 0 155.73 75.96 -3 71 0.11061930656433105 7
1 -1 1 150.28 42.86 -1 71 0.7748599052429199 7
1 -1 2 145.3 35.82 -1 71 1.6194307804107666 7
1 -1 3 153.12 0.0 -3 71 0.0041942596435546875 7
1 -1 4 150.28 42.86 -1 71 0.7720010280609131 7
1 -1 5 136.37 13.41 -1 71 1.2599480152130127 7
2 -1 0 161.72 70.35000000000001 -1 73 0.12700986862182617 7
2 -1 1 158.83 79.45 -1 73 0.17576885223388672 7
2 -1 2 159.41 80.14 -1 73 1.69734787940979 7
2 -1 3 159.41 0.0 -3 73 0.0045697689056396484 7
2 -1 4 159.41 80.14 -1 73 0.6546041965484619 7
2 -1 5 130.75 0.0 -2 73 1.0084190368652344 7
3 -1 0 132.71 50.09 -1 74 0.11206507682800293 7
3 -1 1 130.27 52.73 -1 74 0.9698529243469238 7
3 -1 2 130.27 52.73 -1 74 1.9996659755706787 7
3 -1 3 128.63 0.0 -4 74 0.004178285598754883 7
3 -1 4 130.27 52.73 -1 74 0.9762899875640869 7
3 -1 5 130.02 53.08 -1 74 2.0113868713378906 7
random:7T:600
0 -1 0 547.18 230.31 -2 60 0.1878659725189209 7
0 -1 1 491.2 283.62 -1 60 0.6476399898529053 7
0 -1 2 498.68 297.5 -2 60 1.065187931060791 7
0 -1 3 476.91 239.39 -1 60 0.0055768489837646484 7
0 -1 4 491.36 283.62 -1 60 0.6497621536254883 7
0 -1 5 487.69 292.46000000000004 -1 60 1.0199720859527588 7
1 -1 0 377.0 209.02 -1 71 0.2370917797088623 7
1 -1 1 350.74 290.96 -2 71 0.9827530384063721 7
1 -1 2 346.51 271.46999999999986 -2 71 2.672866106033325 7
1 -1 3 370.65 207.97 -1 71 0.0058879852294921875 7
1 -1 4 350.74 290.96 -2 71 0.9830169677734375 7
1 -1 5 336.76 255.70000000000002 -2 71 2.367032051086426 7
2 -1 0 387.18 277.28 -1 73 0.26902103424072266 7
2 -1 1 371.81 300.13 -1 73 1.671746015548706 7
2 -1 2 367.02 297.08000000000004 -2 73 2.819460868835449 7
2 -1 3 372.08 194.49 -1 73 0.006601095199584961 7
2 -1 4 367.02 297.08000000000004 -2 73 1.7752890586853027 7
2 -1 5 336.72 246.08000000000004 -2 73 2.3954741954803467 7
3 -1 0 355.77 237.40999999999997 -1 74 0.23290109634399414 7
3 -1 1 335.74 279.9 -4 74 1.1890380382537842 7
3 -1 2 335.74 279.9 -4 74 2.2205488681793213 7
3 -1 3 337.65 151.35 -1 74 0.0057299137115478516 7
3 -1 4 335.74 279.9 -4 74 1.1878209114074707 7
3 -1 5 336.72 279.57999999999987 -3 74 2.4421579837799072 7
random:7T:900
0 -1 0 875.08 284.19 -1 60 0.28692197799682617 7
0 -1 1 779.12 481.6199999999999 -2 60 1.2867510318756104 7
0 -1 2 784.67 480.1699999999999 -4 60 1.5224339962005615 7
0 -1 3 760.65 404.27 -1 60 0.007765054702758789 7
0 -1 4 778.81 480.34 -2 60 1.2162458896636963 7
0 -1 5 765.69 471.4299999999999 -2 60 1.6082451343536377 7
1 -1 0 599.02 345.53999999999996 -1 71 0.35642218589782715 7
1 -1 1 534.92 414.60999999999996 -1 71 1.6311769485473633 7
1 -1 2 536.55 445.19 -2 71 2.885444164276123 7
1 -1 3 593.8 375.11 -1 71 0.007689952850341797 7
1 -1 4 534.92 414.60999999999996 -1 71 1.639158010482788 7
1 -1 5 524.17 429.47999999999996 -2 71 2.875317096710205 7
2 -1 0 605.5 409.76000000000005 -1 73 0.392578125 7
2 -1 1 566.07 468.85 -1 73 2.6730737686157227 7
2 -1 2 565.74 457.41999999999996 -1 73 3.816973924636841 7
2 -1 3 593.9 358.32 -1 73 0.007992029190063477 7
2 -1 4 565.74 457.41999999999996 -1 73 2.782006025314331 7
2 -1 5 531.85 418.8299999999999 -2 73 3.170996904373169 7
3 -1 0 577.95 365.27 -1 74 0.3630096912384033 7
3 -1 1 527.07 445.19999999999993 -2 74 2.6307172775268555 7
3 -1 2 525.2 434.42 -1 74 3.667045831680298 7
3 -1 3 555.79 348.92 -1 74 0.006691694259643555 7
3 -1 4 525.2 434.42 -1 74 2.622870922088623 7
3 -1 5 528.13 445.53000000000003 -2 74 3.661722183227539 7
random:7T:1200
0 -1 0 1198.94 421.58 -2 60 0.3973422050476074 7
0 -1 1 1069.22 654.5200000000001 -1 60 1.8548622131347656 7
0 -1 2 1050.86 651.4300000000001 -2 60 1.8743939399719238 7
0 -1 3 1043.38 565.03 -1 60 0.009765148162841797 7
0 -1 4 1060.23 647.8499999999999 -1 60 1.6574430465698242 7
0 -1 5 1056.19 638.02 -2 60 2.1877760887145996 7
1 -1 0 816.42 530.45 -1 71 0.4794728755950928 7
1 -1 1 729.38 602.01 -1 71 2.800963878631592 7
1 -1 2 730.99 593.09 -1 71 4.3425133228302 7
1 -1 3 818.31 526.23 -1 71 0.009397029876708984 7
1 -1 4 728.27 602.01 -1 71 2.753492832183838 7
1 -1 5 711.11 596.6700000000001 -2 71 3.8685319423675537 7
2 -1 0 825.04 548.1300000000001 -1 73 0.5058908462524414 7
2 -1 1 755.38 574.56 -1 73 3.98717999458313 7
2 -1 2 758.17 610.9000000000001 -1 73 5.310287237167358 7
2 -1 3 810.31 502.34000000000003 -1 73 0.009280920028686523 7
2 -1 4 757.65 604.69 -1 73 4.377844333648682 7
2 -1 5 720.07 564.03 -1 73 4.228189945220947 7
3 -1 0 797.23 521.8599999999999 -1 74 0.5012500286102295 7
3 -1 1 722.69 620.09 -1 74 4.128577947616577 7
3 -1 2 706.81 597.72 -1 74 5.040566921234131 7
3 -1 3 760.39 488.17 -1 74 0.008328914642333984 7
3 -1 4 706.81 597.72 -1 74 3.999279022216797 7
3 -1 5 728.93 624.13 -1 74 5.203109264373779 7
random:7T:1500
0 -1 0 1524.54 456.76 -2 60 0.4996328353881836 7
0 -1 1 1331.51 777.86 -1 60 2.0867867469787598 7
0 -1 2 1341.33 835.98 -1 60 2.3704781532287598 7
0 -1 3 1334.36 726.88 -1 60 0.011595726013183594 7
0 -1 4 1329.09 798.72 -1 60 2.101004123687744 7
0 -1 5 1337.27 808.81 -1 60 2.560939073562622 7
1 -1 0 1036.56 710.71 -2 71 0.5940978527069092 7
1 -1 1 935.67 722.3899999999999 -1 71 4.039438962936401 7
1 -1 2 937.8 780.4000000000001 -2 71 5.671554088592529 7
1 -1 3 1037.04 669.52 -1 71 0.010626792907714844 7
1 -1 4 931.87 757.73 -1 71 4.001072883605957 7
1 -1 5 898.09 732.33 -1 71 5.128338813781738 7
2 -1 0 1047.13 665.7600000000001 -1 73 0.6521751880645752 7
2 -1 1 960.35 757.0400000000001 -1 73 5.335782289505005 7
2 -1 2 973.69 819.9399999999999 -4 73 6.6122167110443115 7
2 -1 3 1021.24 623.9300000000001 -1 73 0.01110982894897461 7
2 -1 4 973.69 819.9399999999999 -4 73 5.489331007003784 7
2 -1 5 922.41 723.3700000000001 -1 73 5.541955232620239 7
3 -1 0 1019.87 708.66 -1 74 0.6178479194641113 7
3 -1 1 926.14 784.38 -1 74 5.556910276412964 7
3 -1 2 917.33 771.9399999999999 -1 74 6.426423072814941 7
3 -1 3 967.01 597.8299999999999 -1 74 0.009958744049072266 7
3 -1 4 917.33 771.9399999999999 -1 74 5.332002878189087 7
3 -1 5 926.84 761.1 -1 74 6.559253931045532 7
random:8T:300
0 -1 0 207.0 131.73 -2 50 0.0982520580291748 8
0 -1 1 199.15 146.83 -1 50 0.2971057891845703 8
0 -1 2 196.29 144.52 -1 50 0.6263689994812012 8
0 -1 3 199.37 65.21 -1 50 0.0040547847747802734 8
0 -1 4 196.29 144.52 -1 50 0.3255009651184082 8
0 -1 5 193.53 141.47000000000003 -1 50 0.7364139556884766 8
1 -1 0 149.54 71.2 -2 56 0.08229589462280273 8
1 -1 1 143.46 90.51 -1 56 1.0203521251678467 8
1 -1 2 143.46 90.51 -1 56 1.526872158050537 8
1 -1 3 142.11 0.0 -1 56 0.0034530162811279297 8
1 -1 4 143.46 90.51 -1 56 1.0175831317901611 8
1 -1 5 133.78 56.87 -1 56 1.138796091079712 8
2 -1 0 120.62 0 -1 80 0.11916089057922363 8
2 -1 1 116.14 0.0 -2 80 0.08464884757995605 8
2 -1 2 113.91 0.0 -3 80 1.3880441188812256 8
2 -1 3 117.8 0.0 -6 80 0.0045223236083984375 8
2 -1 4 116.14 0.0 -2 80 0.08493328094482422 8
2 -1 5 99.72 0.0 -8 80 1.045259952545166 8
3 -1 0 197.74 49.56 -2 90 0.14885902404785156 8
3 -1 1 186.62 73.41 -1 90 1.4237608909606934 8
3 -1 2 177.45 52.15 -1 90 2.2645387649536133 8
3 -1 3 178.59 0.0 -2 90 0.005155086517333984 8
3 -1 4 186.62 73.41 -1 90 1.420032024383545 8
3 -1 5 158.07 10.68 -1 90 1.4834949970245361 8
random:8T:600
0 -1 0 463.19 315.75 -2 50 0.1920452117919922 8
0 -1 1 436.69 344.7399999999998 -2 50 1.1803598403930664 8
0 -1 2 430.87 338.34 -1 50 1.3019521236419678 8
0 -1 3 454.52 311.0 -1 50 0.0059587955474853516 8
0 -1 4 430.87 338.34 -1 50 1.0082178115844727 8
0 -1 5 431.76 341.7099999999996 -2 50 1.4850420951843262 8
1 -1 0 381.06 278.95 -1 56 0.183762788772583 8
1 -1 1 350.94 301.68 -2 56 0.7671718597412109 8
1 -1 2 350.94 301.68 -2 56 1.273792028427124 8
1 -1 3 365.13 225.53 -1 56 0.0050890445709228516 8
1 -1 4 350.94 301.68 -2 56 0.7627570629119873 8
1 -1 5 337.86 285.4 -2 56 1.1838881969451904 8
2 -1 0 330.27 48.83 -1 80 0.24594616889953613 8
2 -1 1 307.46 245.85000000000005 -2 80 1.5456838607788086 8
2 -1 2 300.15 234.20000000000005 -2 80 2.6453778743743896 8
2 -1 3 325.18 138.22 -1 80 0.006085872650146484 8
2 -1 4 307.46 245.85000000000005 -2 80 1.503838062286377 8
2 -1 5 278.25 211.10999999999999 -1 80 2.313486099243164 8
3 -1 0 466.01 241.57 -2 90 0.2736482620239258 8
3 -1 1 440.71 288.34000000000003 -2 90 1.6613659858703613 8
3 -1 2 428.31 283.12 -1 90 2.744412899017334 8
3 -1 3 397.05 168.24 -1 90 0.0067636966705322266 8
3 -1 4 441.63 292.98 -2 90 1.71561598777771 8
3 -1 5 398.39 252.89000000000001 -2 90 2.8077049255371094 8
random:8T:900
0 -1 0 723.85 473.61 -1 50 0.2920258045196533 8
0 -1 1 665.55 537.0 -2 50 1.610407829284668 8
0 -1 2 652.12 513.5600000000001 -1 50 1.860840082168579 8
0 -1 3 713.58 503.07 -1 50 0.007790803909301758 8
0 -1 4 652.12 513.5600000000001 -1 50 1.5594871044158936 8
0 -1 5 658.46 517.1 -1 50 1.871974229812622 8
1 -1 0 614.41 463.14000000000004 -2 56 0.28360795974731445 8
1 -1 1 553.62 461.28000000000003 -1 56 1.2971150875091553 8
1 -1 2 551.29 472.17 -1 56 1.7968552112579346 8
1 -1 3 589.58 483.03 -1 56 0.006352901458740234 8
1 -1 4 551.29 472.17 -1 56 1.2901887893676758 8
1 -1 5 545.22 475.0499999999999 -2 56 1.8936378955841064 8
2 -1 0 544.09 211.55 -1 80 0.3691897392272949 8
2 -1 1 470.24 400.56999999999994 -2 80 1.8117461204528809 8
2 -1 2 477.8 369.36 -2 80 3.245615243911743 8
2 -1 3 529.71 364.0 -1 80 0.007398128509521484 8
2 -1 4 468.25 367.14000000000004 -2 80 1.8076369762420654 8
2 -1 5 459.96 392.67 -2 80 3.188415050506592 8
3 -1 0 733.4 395.94 -2 90 0.43913888931274414 8
3 -1 1 671.19 429.42 -1 90 3.044607162475586 8
3 -1 2 669.38 458.33 -2 90 4.1306257247924805 8
3 -1 3 640.65 320.56 -1 90 0.008558034896850586 8
3 -1 4 674.81 452.02 -2 90 3.0884668827056885 8
3 -1 5 640.88 426.44000000000005 -2 90 3.8839409351348877 8
random:8T:1200
0 -1 0 984.95 633.87 -1 50 0.3859579563140869 8
0 -1 1 898.49 720.1400000000001 -2 50 2.238816976547241 8
0 -1 2 888.25 700.8199999999999 -1 50 2.503742218017578 8
0 -1 3 970.99 678.02 -1 50 0.009877920150756836 8
0 -1 4 888.25 700.8199999999999 -1 50 2.198863983154297 8
0 -1 5 885.87 706.29 -1 50 2.5391087532043457 8
1 -1 0 849.28 625.2700000000001 -1 56 0.3858468532562256 8
1 -1 1 765.8 670.1099999999999 -2 56 2.0778307914733887 8
1 -1 2 764.31 651.57 -1 56 2.487179756164551 8
1 -1 3 814.65 739.8199999999999 -1 56 0.007954835891723633 8
1 -1 4 764.31 651.57 -1 56 1.982301950454712 8
1 -1 5 744.4 612.27 -2 56 2.4760942459106445 8
2 -1 0 753.63 373.0400000000001 -1 80 0.5005989074707031 8
2 -1 1 652.38 575.57 -2 80 2.4048168659210205 8
2 -1 2 647.14 563.8399999999999 -2 80 3.980377674102783 8
2 -1 3 729.97 621.39 -1 80 0.009259939193725586 8
2 -1 4 645.68 518.55 -1 80 2.3456461429595947 8
2 -1 5 641.05 558.92 -2 80 3.912393093109131 8
3 -1 0 1000.44 480.61 -2 90 0.5799679756164551 8
3 -1 1 916.37 592.56 -1 90 4.459129810333252 8
3 -1 2 899.15 619.3299999999999 -4 90 5.209813833236694 8
3 -1 3 879.06 459.70000000000005 -1 90 0.009931087493896484 8
3 -1 4 911.23 630.96 -3 90 4.23675012588501 8
3 -1 5 865.01 552.7199999999999 -1 90 5.258302927017212 8
random:8T:1500
0 -1 0 1242.56 819.1199999999999 -1 50 0.4802591800689697 8
0 -1 1 1125.87 914.9399999999998 -2 50 2.8975539207458496 8
0 -1 2 1120.35 896.21 -1 50 3.140566825866699 8
0 -1 3 1225.34 843.9699999999999 -1 50 0.012183904647827148 8
0 -1 4 1120.35 896.21 -1 50 2.832613945007324 8
0 -1 5 1116.08 889.67 -1 50 3.080623149871826 8
1 -1 0 1083.84 789.6300000000001 -1 56 0.4809379577636719 8
1 -1 1 965.89 826.2 -1 56 2.373297691345215 8
1 -1 2 966.07 828.1600000000001 -1 56 3.0794100761413574 8
1 -1 3 1040.5 987.79 -1 56 0.009554862976074219 8
1 -1 4 966.07 828.1600000000001 -1 56 2.573577880859375 8
1 -1 5 944.7 823.5600000000003 -2 56 2.68913197517395 8
2 -1 0 961.92 534.84 -1 80 0.6290419101715088 8
2 -1 1 835.33 721.11 -1 80 3.563457727432251 8
2 -1 2 835.62 683.21 -1 80 4.895812749862671 8
2 -1 3 941.75 866.3799999999999 -1 80 0.010622978210449219 8
2 -1 4 825.25 685.6300000000001 -1 80 3.4750783443450928 8
2 -1 5 816.55 697.2700000000001 -4 80 5.026175022125244 8
3 -1 0 1262.5 527.05 -2 90 0.7843482494354248 8
3 -1 1 1124.87 718.45 -1 90 5.393092155456543 8
3 -1 2 1130.05 764.24 -1 90 6.786076068878174 8
3 -1 3 1103.2 577.13 -1 90 0.012471199035644531 8
3 -1 4 1134.04 705.6100000000001 -1 90 5.536463022232056 8
3 -1 5 1092.15 733.6700000000001 -1 90 6.716344833374023 8
random:9T:300
0 -1 0 194.34 0 -9 102 0.1655571460723877 9
0 -1 1 172.32 4.9 -1 102 0.1602621078491211 9
0 -1 2 172.23 0.0 -2 102 1.702178955078125 9
0 -1 3 140.06 0.0 -10 102 0.005451202392578125 9
0 -1 4 172.32 4.9 -1 102 0.1608572006225586 9
0 -1 5 157.68 0.0 -5 102 1.499953031539917 9
1 -1 0 167.77 48.15 -2 49 0.0700218677520752 9
1 -1 1 157.97 101.77 -1 49 0.8623042106628418 9
1 -1 2 153.95 96.93999999999998 -1 49 1.1837220191955566 9
1 -1 3 154.43 9.1 -1 49 0.0031511783599853516 9
1 -1 4 157.97 101.77 -1 49 0.8886959552764893 9
1 -1 5 140.6 47.80000000000002 -1 49 0.7848997116088867 9
2 -1 0 176.62 1.77 -2 73 0.12711882591247559 9
2 -1 1 169.96 96.46 -1 73 0.9151427745819092 9
2 -1 2 168.73 97.1 -1 73 2.1176159381866455 9
2 -1 3 156.01 0.0 -3 73 0.004381895065307617 9
2 -1 4 168.73 97.1 -1 73 1.0778279304504395 9
2 -1 5 160.76 70.3 -1 73 2.3306570053100586 9
3 -1 0 155.63 14.98 -1 58 0.07804703712463379 9
3 -1 1 147.2 64.32000000000002 -2 58 0.5697789192199707 9
3 -1 2 148.98 67.63000000000001 -2 58 0.8209009170532227 9
3 -1 3 144.8 0.0 -1 58 0.00341796875 9
3 -1 4 147.2 64.32000000000002 -2 58 0.5669200420379639 9
3 -1 5 132.65 37.16000000000001 -1 58 0.9473378658294678 9
random:9T:600
0 -1 0 457.61 0.0 -4 102 0.33554887771606445 9
0 -1 1 412.46 215.39 -1 102 1.8317019939422607 9
0 -1 2 397.66 227.58 -1 102 3.330911874771118 9
0 -1 3 379.07 127.46 -1 102 0.008111000061035156 9
0 -1 4 408.85 228.88 -1 102 1.598952054977417 9
0 -1 5 375.91 187.19 -1 102 2.973552942276001 9
1 -1 0 414.08 214.85 -1 49 0.16634082794189453 9
1 -1 1 383.23 315.8999999999997 -2 49 0.9802200794219971 9
1 -1 2 375.72 310.2799999999999 -2 49 1.224198341369629 9
1 -1 3 398.26 276.14000000000004 -1 49 0.0049381256103515625 9
1 -1 4 378.01 297.11 -1 49 0.7698287963867188 9
1 -1 5 350.65 282.20999999999987 -2 49 1.0427932739257812 9
2 -1 0 398.06 158.84 -2 73 0.24056482315063477 9
2 -1 1 372.08 306.65999999999997 -2 73 1.5015547275543213 9
2 -1 2 369.16 298.8 -1 73 2.4460368156433105 9
2 -1 3 374.63 214.58 -1 73 0.005934238433837891 9
2 -1 4 369.16 298.8 -1 73 1.4075431823730469 9
2 -1 5 365.58 297.33000000000004 -2 73 2.3754842281341553 9
3 -1 0 394.28 178.09 -1 58 0.16558265686035156 9
3 -1 1 347.3 262.9700000000001 -2 58 2.0456628799438477 9
3 -1 2 348.12 263.27 -2 58 2.0098512172698975 9
3 -1 3 383.51 233.99 -1 58 0.004850864410400391 9
3 -1 4 347.3 262.9700000000001 -2 58 2.0678889751434326 9
3 -1 5 344.27 261.46999999999997 -2 58 1.083763837814331 9
random:9T:900
0 -1 0 717.89 0 -2 102 0.5041301250457764 9
0 -1 1 643.09 380.94000000000005 -2 102 2.976900100708008 9
0 -1 2 634.58 370.83 -1 102 4.910154104232788 9
0 -1 3 617.76 244.85000000000002 -1 102 0.010473251342773438 9
0 -1 4 640.95 387.50000000000006 -1 102 2.9642910957336426 9
0 -1 5 611.23 344.73 -1 102 4.341288805007935 9
1 -1 0 664.53 418.6 -1 49 0.2582988739013672 9
1 -1 1 597.56 500.84000000000003 -2 49 1.0314700603485107 9
1 -1 2 589.48 492.49999999999983 -2 49 1.7530879974365234 9
1 -1 3 640.03 445.74 -1 49 0.006420135498046875 9
1 -1 4 601.56 502.10999999999996 -2 49 1.108259916305542 9
1 -1 5 565.36 471.18999999999994 -2 49 1.3206241130828857 9
2 -1 0 616.92 260.72 -1 73 0.34660816192626953 9
2 -1 1 574.07 479.61 -1 73 2.8315179347991943 9
2 -1 2 571.31 481.3799999999999 -2 73 3.8991050720214844 9
2 -1 3 597.69 380.55 -1 73 0.007824897766113281 9
2 -1 4 571.31 481.3799999999999 -2 73 2.810288190841675 9
2 -1 5 569.18 475.48 -1 73 3.720517873764038 9
3 -1 0 632.9 354.03 -1 58 0.2523179054260254 9
3 -1 1 558.0 430.93 -1 58 1.1337952613830566 9
3 -1 2 561.9 447.03999999999996 -4 58 1.7402660846710205 9
3 -1 3 623.11 402.58 -1 58 0.006560087203979492 9
3 -1 4 556.4 384.18 -1 58 1.3899691104888916 9
3 -1 5 556.99 433.67 -1 58 1.747560977935791 9
random:9T:1200
0 -1 0 980.79 0 -2 102 0.664294958114624 9
0 -1 1 855.3 439.01 -1 102 4.110944032669067 9
0 -1 2 844.74 516.29 -1 102 6.116224050521851 9
0 -1 3 834.53 345.53 -1 102 0.012233972549438477 9
0 -1 4 859.86 439.01 -1 102 4.6987340450286865 9
0 -1 5 813.2 463.05 -1 102 5.411383152008057 9
1 -1 0 913.16 614.02 -1 49 0.3416588306427002 9
1 -1 1 812.62 666.45 -1 49 1.6658990383148193 9
1 -1 2 799.08 643.7 -1 49 2.192473888397217 9
1 -1 3 879.87 604.4499999999999 -1 49 0.008365154266357422 9
1 -1 4 810.95 659.09 -1 49 1.6634187698364258 9
1 -1 5 780.67 647.2300000000001 -4 49 1.8813300132751465 9
2 -1 0 838.94 303.04 -1 73 0.4574441909790039 9
2 -1 1 772.58 643.1800000000002 -1 73 4.248582124710083 9
2 -1 2 770.79 642.08 -1 73 5.502159118652344 9
2 -1 3 821.87 527.2 -1 73 0.009975194931030273 9
2 -1 4 770.79 642.08 -1 73 4.535062074661255 9
2 -1 5 769.42 643.85 -1 73 5.527665138244629 9
3 -1 0 875.63 519.77 -1 58 0.3544280529022217 9
3 -1 1 761.21 617.7300000000001 -1 58 2.068880081176758 9
3 -1 2 760.77 621.51 -1 58 2.6494109630584717 9
3 -1 3 862.69 561.27 -1 58 0.008058786392211914 9
3 -1 4 755.67 591.57 -1 58 1.9999659061431885 9
3 -1 5 763.83 621.84 -1 58 2.6369757652282715 9
random:9T:1500
0 -1 0 1240.98 0 -2 102 0.8323678970336914 9
0 -1 1 1066.58 497.72 -1 102 5.356512784957886 9
0 -1 2 1081.18 617.9 -1 102 7.61339807510376 9
0 -1 3 1073.03 497.40999999999997 -1 102 0.014405250549316406 9
0 -1 4 1088.44 640.4300000000001 -1 102 5.842098951339722 9
0 -1 5 1056.37 612.39 -1 102 7.02789306640625 9
1 -1 0 1161.88 800.4100000000001 -1 49 0.4332761764526367 9
1 -1 1 1032.9 834.8 -1 49 2.2908082008361816 9
1 -1 2 1003.74 764.82 -1 49 2.794055938720703 9
1 -1 3 1120.01 764.18 -1 49 0.009847879409790039 9
1 -1 4 1031.97 843.6700000000001 -1 49 2.489642858505249 9
1 -1 5 995.87 831.62 -1 49 2.3853979110717773 9
2 -1 0 1061.22 489.8 -2 73 0.5636060237884521 9
2 -1 1 992.26 820.1100000000001 -1 73 6.10339093208313 9
2 -1 2 978.25 794.4500000000002 -1 73 7.066941976547241 9
2 -1 3 1044.06 665.86 -1 73 0.011148929595947266 9
2 -1 4 978.25 794.4500000000002 -1 73 6.170917749404907 9
2 -1 5 976.24 802.8600000000001 -1 73 6.768749952316284 9
3 -1 0 1118.15 675.74 -1 58 0.45746302604675293 9
3 -1 1 988.9 783.5400000000001 -1 58 2.7724123001098633 9
3 -1 2 983.63 785.16 -1 58 3.3950910568237305 9
3 -1 3 1102.23 719.8 -1 58 0.009705305099487305 9
3 -1 4 977.87 747.5400000000001 -1 58 2.750530958175659 9
3 -1 5 976.29 772.0799999999999 -1 58 3.011867046356201 9
