random:0T:300
0 -1 0 51.37 0 -94 1723.8000000000002 14 177 0.2785680294036865 0
0 -1 1 54.96 0 -67 1380.83 14 177 0.48686933517456055 0
0 -1 2 51.52 0 -69 1220.58 14 177 9.927608251571655 0
0 -1 3 38.41 0.0 -82 0.0 14 177 0.009471893310546875 0
0 -1 4 54.96 0 -67 1380.83 14 177 0.48666810989379883 0
0 -1 5 38.62 0 -80 161.44 14 177 8.362787246704102 0
0 -1 6 51.5 0 -91 1434.97 14 177 14.444644212722778 0
0 -1 7 51.5 0 -91 1434.97 14 177 2.7086362838745117 0
0 -1 8 51.52 0 -69 1220.58 14 177 2.1855080127716064 0
random:0T:600
0 -1 0 155.01 0 -45 3682.2199999999993 14 177 0.5895278453826904 0
0 -1 1 158.81 0 -25 2281.0500000000006 14 177 0.5350642204284668 0
0 -1 2 146.61 0 -30 2115.75 14 177 24.58485770225525 0
0 -1 3 130.99 0.0 -30 137.04000000000002 14 177 0.012295961380004883 0
0 -1 4 158.81 0 -25 2281.0500000000006 14 177 0.5512571334838867 0
0 -1 5 122.8 0 -47 1618.33 14 177 15.013105869293213 0
0 -1 6 167.26 0 -29 2409.5300000000007 14 177 28.240827083587646 0
0 -1 7 167.26 0 -29 2409.5300000000007 14 177 5.5840137004852295 0
0 -1 8 146.61 0 -30 2115.75 14 177 4.821192979812622 0
random:0T:900
0 -1 0 289.01 0 -33 5798.410000000002 14 177 0.9588661193847656 0
0 -1 1 280.24 67.17000000000003 -1 2679.1900000000005 14 177 10.670652151107788 0
0 -1 2 264.64 52.61 -1 2624.37 14 177 258.9949460029602 0
0 -1 3 262.14 0.0 -11 1891.9799999999998 14 177 0.011768817901611328 0
0 -1 4 280.24 67.17000000000003 -1 2679.1900000000005 14 177 17.266751050949097 0
0 -1 5 213.19 0 -12 2432.0499999999997 14 177 29.341562032699585 0
0 -1 6 288.17 17.14 -1 2707.7499999999995 14 177 1950.7745819091797 0
0 -1 7 288.17 17.14 -1 2707.7499999999995 14 177 7.765661001205444 0
0 -1 8 264.75 51.25 -1 2638.8399999999992 14 177 6.861763000488281 0
random:0T:1200
0 -1 0 409.42 0 -26 8359.82 14 177 1.1642351150512695 0
0 -1 1 390.76 248.61999999999998 -3 4468.14 14 177 6.823492050170898 0
0 -1 2 367.95 215.61999999999998 -3 3997.1900000000005 14 177 414.90239119529724 0
0 -1 3 412.8 87.37 -1 2588.2000000000003 14 177 0.02486705780029297 0
0 -1 4 390.76 248.61999999999998 -3 4468.14 14 177 7.7232019901275635 0
0 -1 5 321.61 98.37999999999997 -1 2712.7499999999995 14 177 37.78889584541321 0
0 -1 6 390.28 207.98999999999998 -2 3352.5399999999995 14 177 47.133129835128784 0
0 -1 7 397.85 186.17 -2 4476.91 14 177 9.547430992126465 0
0 -1 8 369.3 198.47 -1 4270.179999999999 14 177 8.691747903823853 0
random:0T:1500
0 -1 0 517.88 0 -26 11137.15 14 177 1.5948371887207031 0
0 -1 1 490.98 343.8000000000006 -6 5258.609999999999 14 177 23.78932785987854 0
0 -1 2 469.24 281.74 -2 5157.650000000001 14 177 50.65236783027649 0
0 -1 3 522.01 188.64 -1 2747.4900000000002 14 177 0.01776909828186035 0
0 -1 4 490.37 316.8100000000004 -6 5258.609999999999 14 177 16.856974124908447 0
0 -1 5 414.29 250.92 -2 4259.0599999999995 14 177 42.161410093307495 0
0 -1 6 499.68 357.0 -1 5251.620000000001 14 177 56.21623396873474 0
0 -1 7 483.27 237.43 -2 6646.560000000001 14 177 10.160708904266357 0
0 -1 8 457.0 244.18 -1 6788.6500000000015 14 177 8.986278057098389 0
random:1T:300
0 -1 0 57.13 0 -85 1360.3799999999999 12 175 0.3694338798522949 1
0 -1 1 50.26 0 -85 495.99999999999994 12 175 0.5402791500091553 1
0 -1 2 40.41 0.0 -78 23.72 12 175 12.97012710571289 1
0 -1 3 40.13 0.0 -80 0.0 12 175 0.010571002960205078 1
0 -1 4 50.26 0 -85 495.99999999999994 12 175 0.5385029315948486 1
0 -1 5 35.12 0 -96 506.14 12 175 8.818598747253418 1
0 -1 6 57.13 0 -85 1360.3799999999999 12 175 16.35941505432129 1
0 -1 7 57.13 0 -85 1360.3799999999999 12 175 3.4496068954467773 1
0 -1 8 40.41 0.0 -78 23.72 12 175 2.810192108154297 1
random:1T:600
0 -1 0 187.51 0 -34 2449.04 12 175 0.7486190795898438 1
0 -1 1 173.59 0 -27 1940.1200000000003 12 175 0.6501619815826416 1
0 -1 2 147.61 0 -14 1235.8200000000002 12 175 25150.508977890015 1
0 -1 3 133.52 0.0 -32 112.63000000000001 12 175 0.05492591857910156 1
0 -1 4 173.59 0 -27 1940.1200000000003 12 175 695.4199678897858 1
0 -1 5 119.95 0 -36 1482.36 12 175 17.22502899169922 1
0 -1 6 186.01 0 -24 2164.23 12 175 30.14252996444702 1
0 -1 7 186.01 0 -24 2164.23 12 175 6.311233043670654 1
0 -1 8 147.61 0 -14 1235.8200000000002 12 175 5.290871858596802 1
random:1T:900
0 -1 0 338.14 0 -17 4730.7 12 175 1.0538899898529053 1
0 -1 1 298.73 95.9000000000001 -2 2293.1 12 175 18.69287395477295 1
0 -1 2 270.91 147.17999999999998 -1 2136.54 12 175 56.40670895576477 1
0 -1 3 265.49 0.0 -11 1692.5200000000002 12 175 0.013157129287719727 1
0 -1 4 298.73 95.9000000000001 -2 2293.1 12 175 17.574609994888306 1
0 -1 5 220.93 0 -7 2191.36 12 175 29.07983088493347 1
0 -1 6 311.77 62.290000000000006 -1 2342.93 12 175 42.64982795715332 1
0 -1 7 311.77 62.290000000000006 -1 2342.93 12 175 9.087946891784668 1
0 -1 8 275.82 127.84 -1 2637.4699999999993 12 175 7.514798164367676 1
random:1T:1200
0 -1 0 483.95 0 -14 6252.320000000001 12 175 1.3718109130859375 1
0 -1 1 407.83 243.47999999999996 -2 4024.3 12 175 12.380749702453613 1
0 -1 2 394.15 268.37 -1 3990.1599999999994 12 175 53.20325708389282 1
0 -1 3 416.73 87.92 -1 2170.81 12 175 0.014605998992919922 1
0 -1 4 407.83 243.47999999999996 -2 4024.3 12 175 12.302566766738892 1
0 -1 5 324.64 174.32999999999996 -1 2348.9900000000002 12 175 48.68866801261902 1
0 -1 6 415.0 202.28 -1 3401.7700000000004 12 175 48.448397159576416 1
0 -1 7 423.49 156.12 -1 4675.1900000000005 12 175 8.667225122451782 1
0 -1 8 384.11 241.08 -3 5235.889999999999 12 175 8.891565799713135 1
random:1T:1500
0 -1 0 631.25 0 -13 8385.54 12 175 1.713580846786499 1
0 -1 1 508.16 371.1 -2 4615.530000000001 12 175 16.42853093147278 1
0 -1 2 505.89 379.31 -2 4702.03 12 175 58.11203217506409 1
0 -1 3 526.96 174.7 -1 2344.3900000000003 12 175 0.016360998153686523 1
0 -1 4 508.16 371.1 -2 4615.530000000001 12 175 16.11719799041748 1
0 -1 5 439.97 278.77 -4 4351.589999999999 12 175 46.41771912574768 1
0 -1 6 512.73 317.44000000000005 -1 4610.849999999999 12 175 53.063029050827026 1
0 -1 7 508.83 220.95 -1 7089.950000000001 12 175 10.047959089279175 1
0 -1 8 467.42 267.55 -3 7876.459999999999 12 175 9.884529829025269 1
random:2T:300
0 -1 0 69.37 0.0 -56 1293.46 8 139 0.22804594039916992 2
0 -1 1 74.2 0.0 -31 1028.56 8 139 0.2310340404510498 2
0 -1 2 63.44 0.0 -34 0.0 8 139 5.182466983795166 2
0 -1 3 65.26 0.0 -36 0.0 8 139 0.007750034332275391 2
0 -1 4 74.2 0.0 -31 1028.56 8 139 0.2485198974609375 2
0 -1 5 40.01 0.0 -52 8.88 8 139 3.0716400146484375 2
0 -1 6 69.05 0.0 -54 1042.42 8 139 5.6982128620147705 2
0 -1 7 69.05 0.0 -54 1042.42 8 139 1.260307788848877 2
0 -1 8 63.44 0.0 -34 0.0 8 139 1.1524608135223389 2
random:2T:600
0 -1 0 209.97 0.0 -9 2327.6400000000003 8 139 0.44407081604003906 2
0 -1 1 209.46 24.45 -1 1469.8600000000004 8 139 1.8391001224517822 2
0 -1 2 201.76 0.0 -2 995.9399999999998 8 139 10.350478887557983 2
0 -1 3 205.65 0.0 -9 519.02 8 139 0.009485721588134766 2
0 -1 4 209.46 24.45 -1 1469.8600000000004 8 139 1.8867661952972412 2
0 -1 5 148.53 0.0 -17 1106.74 8 139 7.300769090652466 2
0 -1 6 203.92 0.0 -3 1472.94 8 139 10.117477178573608 2
0 -1 7 203.92 0.0 -3 1472.94 8 139 2.1400840282440186 2
0 -1 8 201.76 0.0 -2 995.9399999999998 8 139 2.1783759593963623 2
random:2T:900
0 -1 0 367.73 0.0 -6 4084.46 8 139 0.6922330856323242 2
0 -1 1 355.19 247.8 -4 2649.74 8 139 3.709535837173462 2
0 -1 2 343.93 240.78 -2 2265.0 8 139 14.358857154846191 2
0 -1 3 382.47 160.94 -1 1356.6 8 139 0.011371135711669922 2
0 -1 4 354.86 244.51 -2 2649.74 8 139 3.291692018508911 2
0 -1 5 283.31 157.36 -1 1487.24 8 139 21.54211688041687 2
0 -1 6 342.65 224.17 -4 2420.44 8 139 14.637604713439941 2
0 -1 7 341.63 146.31 -2 2970.6399999999994 8 139 3.068530797958374 2
0 -1 8 339.55 218.91 -2 2968.4600000000005 8 139 3.8538169860839844 2
random:2T:1200
0 -1 0 529.51 228.5 -1 5101.980000000001 8 139 1.029745101928711 2
0 -1 1 481.93 374.23 -2 3295.0200000000004 8 139 5.305092811584473 2
0 -1 2 477.2 357.04 -4 3096.18 8 139 17.27089524269104 2
0 -1 3 528.64 192.3 -2 1542.7800000000002 8 139 0.012022733688354492 2
0 -1 4 484.51 374.23 -2 3203.16 8 139 6.066287040710449 2
0 -1 5 432.46 271.34 -2 2793.32 8 139 15.225033044815063 2
0 -1 6 463.81 343.8 -2 2988.7 8 139 16.062762022018433 2
0 -1 7 449.58 215.57 -2 5114.459999999999 8 139 4.0092339515686035 2
0 -1 8 442.49 255.39 -2 5126.880000000001 8 139 4.222933053970337 2
random:2T:1500
0 -1 0 698.39 366.47999999999996 -1 6516.620000000001 8 139 1.1545240879058838 2
0 -1 1 611.36 458.54 -1 4287.86 8 139 10.62209677696228 2
0 -1 2 595.4 468.53 -1 3882.74 8 139 19.017285108566284 2
0 -1 3 714.73 329.63 -2 2676.1200000000003 8 139 0.013271093368530273 2
0 -1 4 594.45 452.59000000000003 -4 4307.24 8 139 7.136940956115723 2
0 -1 5 553.72 421.11 -2 3889.8399999999992 8 139 16.659157037734985 2
0 -1 6 570.57 431.31 -2 4213.320000000001 8 139 17.769033908843994 2
0 -1 7 536.37 276.98 -2 6714.900000000001 8 139 4.286888837814331 2
0 -1 8 527.43 279.94 -4 6780.140000000001 8 139 4.7754130363464355 2
random:3T:300
0 -1 0 56.68 0 -96 1592.97 13 176 0.31230807304382324 3
0 -1 1 59.49 0 -59 1325.1399999999999 13 176 0.5623359680175781 3
0 -1 2 53.83 0 -63 743.94 13 176 11.809823989868164 3
0 -1 3 40.68 0 -81 0.0 13 176 0.010739326477050781 3
0 -1 4 59.49 0 -59 1325.1399999999999 13 176 0.5662708282470703 3
0 -1 5 34.4 0 -86 35.42 13 176 8.62162709236145 3
0 -1 6 56.18 0 -87 1419.5499999999997 13 176 14.659710168838501 3
0 -1 7 56.18 0 -87 1419.5499999999997 13 176 2.944293260574341 3
0 -1 8 53.83 0 -63 743.94 13 176 2.4511051177978516 3
random:3T:600
0 -1 0 170.49 0 -38 3272.77 13 176 0.6721022129058838 3
0 -1 1 165.31 0 -26 2038.7099999999996 13 176 0.5844810009002686 3
0 -1 2 151.82 0.0 -21 1450.87 13 176 25.839460134506226 3
0 -1 3 132.88 0.0 -35 51.96 13 176 0.013933897018432617 3
0 -1 4 165.31 0 -26 2038.7099999999996 13 176 0.5883641242980957 3
0 -1 5 119.0 0 -50 1477.54 13 176 14.69233512878418 3
0 -1 6 165.53 0 -22 2198.11 13 176 29.938963890075684 3
0 -1 7 165.53 0 -22 2198.11 13 176 6.09229588508606 3
0 -1 8 151.82 0.0 -21 1450.87 13 176 5.1976072788238525 3
random:3T:900
0 -1 0 306.04 0 -21 4693.970000000001 13 176 0.9941079616546631 3
0 -1 1 284.39 97.71999999999998 -1 2436.18 13 176 14.645702838897705 3
0 -1 2 266.78 61.88 -1 2280.4100000000003 13 176 47.037517070770264 3
0 -1 3 256.05 0.0 -11 630.2900000000001 13 176 0.014803886413574219 3
0 -1 4 284.39 97.71999999999998 -1 2436.18 13 176 15.157827138900757 3
0 -1 5 200.9 0 -17 2190.28 13 176 28.459769010543823 3
0 -1 6 285.03 59.93 -1 2505.6 13 176 43.08376121520996 3
0 -1 7 285.35 60.75000000000003 -1 2540.8599999999997 13 176 9.241298913955688 3
0 -1 8 266.76 60.0 -1 2281.9300000000003 13 176 7.468029022216797 3
random:3T:1200
0 -1 0 449.17 0 -14 6655.56 13 176 1.4081740379333496 3
0 -1 1 400.24 262.1 -4 4329.44 13 176 9.180620193481445 3
0 -1 2 363.4 215.70999999999998 -2 3648.7600000000007 13 176 44.74866509437561 3
0 -1 3 413.65 89.98 -1 2135.04 13 176 0.016632080078125 3
0 -1 4 400.3 262.1 -4 4329.44 13 176 9.259732007980347 3
0 -1 5 310.07 87.70999999999997 -1 2491.7300000000005 13 176 43.82329821586609 3
0 -1 6 381.13 223.64000000000001 -2 3378.6099999999997 13 176 51.55312514305115 3
0 -1 7 394.31 169.74 -1 4753.57 13 176 9.466178894042969 3
0 -1 8 363.25 207.73 -2 3674.94 13 176 8.84264588356018 3
random:3T:1500
0 -1 0 581.76 0 -12 7856.23 13 176 1.7369451522827148 3
0 -1 1 508.28 376.08 -1 5145.83 13 176 15.670360088348389 3
0 -1 2 448.16 277.87 -2 4664.21 13 176 50.18125796318054 3
0 -1 3 524.97 184.74 -1 2491.5900000000006 13 176 0.01732611656188965 3
0 -1 4 508.49 369.7500000000001 -4 5054.0 13 176 17.06171679496765 3
0 -1 5 407.35 252.87 -2 4065.7400000000002 13 176 45.519434213638306 3
0 -1 6 486.77 315.36 -2 4920.830000000001 13 176 57.365166902542114 3
0 -1 7 475.17 228.42 -1 6976.65 13 176 9.954171180725098 3
0 -1 8 445.03 249.25 -2 6045.500000000001 13 176 8.832818031311035 3
random:4T:300
0 -1 0 59.2 0 -90 1274.46 11 174 0.3464069366455078 4
0 -1 1 59.6 0 -57 1090.1299999999999 11 174 0.5730900764465332 4
0 -1 2 50.96 0 -66 22.69 11 174 11.483394145965576 4
0 -1 3 41.32 0 -79 0.0 11 174 0.011248111724853516 4
0 -1 4 59.6 0 -57 1090.1299999999999 11 174 0.5649936199188232 4
0 -1 5 38.24 0 -81 92.44000000000001 11 174 8.344629049301147 4
0 -1 6 58.78 0 -86 1176.62 11 174 14.671689987182617 4
0 -1 7 58.78 0 -86 1176.62 11 174 3.0845539569854736 4
0 -1 8 50.96 0 -66 22.69 11 174 2.3792598247528076 4
random:4T:600
0 -1 0 176.15 0 -37 2563.6000000000004 11 174 0.672435998916626 4
0 -1 1 169.16 0 -19 1753.0899999999997 11 174 0.5991392135620117 4
0 -1 2 150.46 0 -19 937.46 11 174 26.14408588409424 4
0 -1 3 134.66 0.0 -33 80.12 11 174 0.013540029525756836 4
0 -1 4 169.16 0 -19 1753.0899999999997 11 174 0.6187939643859863 4
0 -1 5 123.42 0 -44 1426.9999999999998 11 174 16.058361053466797 4
0 -1 6 171.23 0 -27 1939.9100000000003 11 174 29.237195014953613 4
0 -1 7 171.23 0 -27 1939.9100000000003 11 174 5.8114399909973145 4
0 -1 8 150.46 0 -19 937.46 11 174 5.12752890586853 4
random:4T:900
0 -1 0 314.71 0 -20 4220.06 11 174 1.0089430809020996 4
0 -1 1 291.52 75.04 -2 2096.3799999999997 11 174 15.336516857147217 4
0 -1 2 267.98 81.84 -1 1915.08 11 174 48.15803098678589 4
0 -1 3 256.96 0.0 -12 315.16 11 174 0.014835834503173828 4
0 -1 4 291.52 75.04 -2 2096.3799999999997 11 174 15.332958936691284 4
0 -1 5 208.29 0 -13 2023.88 11 174 28.63237690925598 4
0 -1 6 283.65 3.71 -2 2137.9 11 174 39.916220903396606 4
0 -1 7 283.65 3.71 -2 2137.9 11 174 7.688331127166748 4
0 -1 8 269.77 78.58 -1 2104.94 11 174 7.3179731369018555 4
random:4T:1200
0 -1 0 452.16 0 -17 5588.67 11 174 1.305401086807251 4
0 -1 1 391.09 236.78999999999962 -2 3482.0000000000005 11 174 32.42732810974121 4
0 -1 2 371.28 248.53 -1 3588.08 11 174 43.64589881896973 4
0 -1 3 416.22 89.98 -1 1772.2400000000002 11 174 0.01537322998046875 4
0 -1 4 391.09 236.78999999999962 -2 3482.0000000000005 11 174 32.62519383430481 4
0 -1 5 315.24 144.73999999999998 -1 2156.58 11 174 59.13625693321228 4
0 -1 6 389.15 231.94 -1 3263.54 11 174 50.63417100906372 4
0 -1 7 391.5 137.36 -2 3974.3900000000003 11 174 9.320824146270752 4
0 -1 8 373.41 189.79 -2 4313.210000000001 11 174 8.83681607246399 4
random:4T:1500
0 -1 0 578.67 0 -7 7509.949999999999 11 174 1.598587989807129 4
0 -1 1 505.09 362.8200000000009 -2 4347.68 11 174 33.35351777076721 4
0 -1 2 460.31 283.63 -2 3974.38 11 174 52.2022168636322 4
0 -1 3 528.63 189.14 -2 2100.65 11 174 0.018163204193115234 4
0 -1 4 502.25 338.4400000000008 -2 4140.0 11 174 25.970449924468994 4
0 -1 5 413.33 262.67 -1 3845.27 11 174 43.598620891571045 4
0 -1 6 481.51 297.93 -2 4184.19 11 174 54.2917537689209 4
0 -1 7 475.43 210.66 -2 6237.81 11 174 10.193259000778198 4
0 -1 8 451.64 239.42 -2 6623.450000000002 11 174 9.735870122909546 4
random:5T:300
0 -1 0 45.44 0 -101 593.67 16 179 0.3245737552642822 5
0 -1 1 48.33 0 -91 1295.4700000000003 16 179 0.54811692237854 5
0 -1 2 41.08 0 -81 0.0 16 179 9.86910891532898 5
0 -1 3 37.77 0 -84 0.0 16 179 0.010650873184204102 5
0 -1 4 48.33 0 -91 1295.4700000000003 16 179 0.549670934677124 5
0 -1 5 33.29 0 -95 0.0 16 179 6.967936992645264 5
0 -1 6 45.44 0 -101 593.67 16 179 14.489336013793945 5
0 -1 7 45.44 0 -101 593.67 16 179 3.1204168796539307 5
0 -1 8 41.08 0 -81 0.0 16 179 2.1595282554626465 5
random:5T:600
0 -1 0 161.25 0 -48 3202.4900000000007 16 179 0.6892707347869873 5
0 -1 1 146.85 0 -33 2460.12 16 179 0.6081118583679199 5
0 -1 2 133.96 0 -37 1497.8599999999997 16 179 24.86614990234375 5
0 -1 3 129.06 0.0 -36 243.45 16 179 0.013294696807861328 5
0 -1 4 146.85 0.0 -33 2460.12 16 179 0.6122860908508301 5
0 -1 5 114.88 0 -53 1448.2799999999997 16 179 15.087743997573853 5
0 -1 6 161.2 0 -35 2570.8500000000004 16 179 34.96695899963379 5
0 -1 7 161.2 0 -35 2570.8500000000004 16 179 5.187647104263306 5
0 -1 8 133.96 0 -37 1497.8599999999997 16 179 8.230285882949829 5
random:5T:900
0 -1 0 280.39 0 -32 5597.369999999998 16 179 1.750436782836914 5
0 -1 1 262.59 53.71 -1 2972.7799999999997 16 179 14.392592191696167 5
0 -1 2 250.16 21.75 -1 2625.83 16 179 54.81995701789856 5
0 -1 3 256.38 0.0 -11 1818.18 16 179 0.024389266967773438 5
0 -1 4 262.59 53.71 -1 2972.7799999999997 16 179 15.308985233306885 5
0 -1 5 193.41 0 -23 2490.55 16 179 43.61420297622681 5
0 -1 6 277.57 0.0 -2 3053.9 16 179 70.09495806694031 5
0 -1 7 277.57 0.0 -2 3053.9 16 179 13.680603981018066 5
0 -1 8 250.16 21.75 -1 2625.83 16 179 13.129749059677124 5
random:5T:1200
0 -1 0 404.03 0 -23 7935.79 16 179 2.221503973007202 5
0 -1 1 382.44 247.28 -2 5162.97 16 179 16.02821111679077 5
0 -1 2 362.71 210.66999999999996 -2 4487.4800000000005 16 179 82.13836216926575 5
0 -1 3 407.73 70.89 -1 2802.33 16 179 0.026160001754760742 5
0 -1 4 382.44 247.28 -2 5162.97 16 179 16.123192071914673 5
0 -1 5 294.58 0.0 -1 2972.9300000000003 16 179 62.67676591873169 5
0 -1 6 369.25 196.56 -1 3161.31 16 179 81.77945113182068 5
0 -1 7 392.39 132.04 -2 5221.91 16 179 17.009577989578247 5
0 -1 8 365.7 183.09 -1 4982.51 16 179 15.177525997161865 5
random:5T:1500
0 -1 0 524.75 0 -19 9482.060000000001 16 179 2.851573944091797 5
0 -1 1 489.24 355.41000000000054 -6 6108.360000000001 16 179 40.238486766815186 5
0 -1 2 458.09 278.96 -1 5790.42 16 179 90.35282802581787 5
0 -1 3 517.39 170.91 -1 3105.35 16 179 0.029668092727661133 5
0 -1 4 489.68 355.0100000000003 -6 6045.4 16 179 31.730753898620605 5
0 -1 5 384.67 206.95 -2 3947.84 16 179 69.75444197654724 5
0 -1 6 476.36 280.62 -4 6034.929999999999 16 179 7570.5264756679535 5
0 -1 7 488.6 207.74 -2 7808.959999999999 16 179 18.487382173538208 5
0 -1 8 457.77 235.74 -1 7698.970000000001 16 179 18.812844038009644 5
