random:0T:300
0 -1 0 90.63 0 -22 1745.48 12 100 0.1969738006591797 0
1 -1 0 95.29 0 -22 151.64000000000001 2 77 0.1835470199584961 0
0 -1 1 90.92 0 -17 1394.5299999999997 12 100 0.19061708450317383 0
1 -1 1 91.03 0 -12 148.29000000000002 2 77 0.14593982696533203 0
0 -1 2 86.26 0 -22 1338.45 12 100 3.5274689197540283 0
1 -1 2 82.3 0.0 -12 102.25 2 77 2.7921810150146484 0
0 -1 3 67.95 0.0 -24 16.11 12 100 0.0062711238861083984 0
1 -1 3 75.19 0.0 -16 0.0 2 77 0.004804134368896484 0
0 -1 4 90.92 0 -17 1394.5299999999997 12 100 0.16847920417785645 0
1 -1 4 91.03 0 -12 148.29000000000002 2 77 0.1337141990661621 0
0 -1 5 65.21 0 -27 697.09 12 100 2.38226318359375 0
1 -1 5 69.04 0.0 -20 27.52 2 77 1.7645628452301025 0
random:0T:600
0 -1 0 264.65 0 -12 4086.88 12 100 0.3699982166290283 0
1 -1 0 291.59 0 -1 444.88 2 77 0.346484899520874 0
0 -1 1 231.73 101.50000000000009 -2 2171.83 12 100 4.432413816452026 0
1 -1 1 258.06 188.36 -1 497.27 2 77 0.6940429210662842 0
0 -1 2 224.74 115.8 -1 2135.3 12 100 11.367972135543823 0
1 -1 2 235.17 170.57999999999998 -1 348.46 2 77 5.071535110473633 0
0 -1 3 238.05 15.27 -1 1554.6799999999998 12 100 0.007950782775878906 0
1 -1 3 246.6 8.22 -1 179.4 2 77 0.006055116653442383 0
0 -1 4 231.73 101.50000000000009 -2 2171.83 12 100 4.658124208450317 0
1 -1 4 258.06 188.36 -1 497.27 2 77 0.712151050567627 0
0 -1 5 205.41 58.560000000000024 -1 1996.0000000000002 12 100 8.202461004257202 0
1 -1 5 211.58 102.24999999999996 -1 266.77 2 77 6.375176191329956 0
random:0T:900
0 -1 0 443.96 0 -5 6348.459999999999 12 100 0.5838429927825928 0
1 -1 0 504.46 161.47 -1 825.3 2 77 0.5047008991241455 0
0 -1 1 378.38 252.25999999999993 -2 4021.16 12 100 4.932332992553711 0
1 -1 1 418.82 331.56 -2 789.5300000000001 2 77 2.649613857269287 0
0 -1 2 375.88 270.62 -3 3980.4900000000002 12 100 10.38650107383728 0
1 -1 2 388.62 304.34000000000003 -4 668.2900000000001 2 77 7.699098825454712 0
0 -1 3 401.23 178.38 -1 2241.3800000000006 12 100 0.010289192199707031 0
1 -1 3 420.68 171.35 -1 350.17999999999995 2 77 0.007319211959838867 0
0 -1 4 378.38 252.25999999999993 -2 4021.16 12 100 5.203011989593506 0
1 -1 4 417.94 331.55 -2 790.3800000000001 2 77 2.89943790435791 0
0 -1 5 354.45 243.64 -2 3805.140000000001 12 100 9.198248147964478 0
1 -1 5 355.63 268.96000000000004 -2 586.8499999999999 2 77 7.025666952133179 0
random:0T:1200
0 -1 0 627.75 0 -1 8717.06 12 100 0.8656961917877197 0
1 -1 0 716.93 314.1 -1 1168.0700000000002 2 77 0.6445789337158203 0
0 -1 1 510.04 389.11 -2 5805.959999999999 12 100 4.959604978561401 0
1 -1 1 559.14 423.41999999999996 -1 1118.29 2 77 4.671496868133545 0
0 -1 2 516.2 394.35 -6 5652.550000000001 12 100 11.521770000457764 0
1 -1 2 525.06 450.87999999999994 -2 957.4200000000001 2 77 8.146456003189087 0
0 -1 3 594.09 303.26 -1 3906.9300000000003 12 100 0.01050114631652832 0
1 -1 3 596.31 236.8 -1 514.51 2 77 0.008141756057739258 0
0 -1 4 510.04 389.11 -2 5805.959999999999 12 100 4.5971949100494385 0
1 -1 4 551.69 418.74 -1 1098.52 2 77 4.2858898639678955 0
0 -1 5 485.83 367.84000000000003 -2 4910.04 12 100 9.25022292137146 0
1 -1 5 489.01 393.2 -4 897.02 2 77 7.01532506942749 0
random:0T:1500
0 -1 0 792.03 0 -1 11317.109999999997 12 100 0.8923048973083496 0
1 -1 0 925.66 462.11 -1 1569.32 2 77 0.7339022159576416 0
0 -1 1 644.26 454.51000000000005 -2 6566.189999999999 12 100 6.838935136795044 0
1 -1 1 662.96 510.93 -1 1292.73 2 77 5.52341103553772 0
0 -1 2 633.97 437.65 -1 6481.99 12 100 11.749897956848145 0
1 -1 2 658.47 512.08 -1 1299.0300000000002 2 77 9.507482290267944 0
0 -1 3 754.36 369.11 -1 4539.67 12 100 0.012366771697998047 0
1 -1 3 781.23 356.64 -1 722.38 2 77 0.009501934051513672 0
0 -1 4 643.74 454.51 -2 6567.699999999999 12 100 6.798397779464722 0
1 -1 4 647.2 460.78999999999996 -1 1261.49 2 77 4.762375831604004 0
0 -1 5 614.95 483.19 -6 6295.709999999999 12 100 10.725203037261963 0
1 -1 5 606.92 523.1999999999999 -4 1161.58 2 77 8.93480396270752 0
random:1T:300
0 -1 0 90.57 0 -26 1387.24 10 88 0.1389780044555664 1
1 -1 0 97.21 0 -14 281.82 2 87 0.19695281982421875 1
0 -1 1 94.72 0 -20 1368.8400000000001 10 88 0.13016414642333984 1
1 -1 1 86.59 0.0 -10 132.39000000000001 2 87 0.16153478622436523 1
0 -1 2 71.83 0.0 -20 783.26 10 88 2.451727867126465 1
1 -1 2 76.35 0 -14 80.53 2 87 3.5331127643585205 1
0 -1 3 63.42 0.0 -22 0.0 10 88 0.005113840103149414 1
1 -1 3 67.02 0.0 -17 0.0 2 87 0.00553131103515625 1
0 -1 4 94.72 0.0 -20 1368.8400000000001 10 88 0.1286919116973877 1
1 -1 4 86.59 0 -10 132.39000000000001 2 87 0.16238999366760254 1
0 -1 5 62.27 0.0 -19 462.8400000000001 10 88 1.838252067565918 1
1 -1 5 74.19 0 -16 46.84 2 87 3.023442029953003 1
random:1T:600
0 -1 0 283.39 0 -3 3319.32 10 88 0.29828906059265137 1
1 -1 0 290.99 0 -2 615.57 2 87 0.36408519744873047 1
0 -1 1 257.91 141.00999999999996 -2 1855.8 10 88 1.5601379871368408 1
1 -1 1 245.13 121.49000000000018 -2 339.73 2 87 8.818788290023804 1
0 -1 2 220.49 139.73000000000002 -4 1743.5 10 88 6.046703815460205 1
1 -1 2 227.88 162.14000000000001 -1 380.9 2 87 6.0901899337768555 1
0 -1 3 239.21 46.06999999999999 -1 986.76 10 88 0.006479024887084961 1
1 -1 3 230.96 0.0 -2 286.9 2 87 0.007401943206787109 1
0 -1 4 257.91 141.00999999999996 -2 1855.8 10 88 1.6346168518066406 1
1 -1 4 245.13 121.49000000000018 -2 339.73 2 87 9.377578020095825 1
0 -1 5 201.53 112.19 -1 1629.3599999999997 10 88 7.655116081237793 1
1 -1 5 230.75 98.51999999999997 -1 318.07 2 87 7.551383972167969 1
random:1T:900
0 -1 0 479.51 0 -2 5266.86 10 88 0.45969200134277344 1
1 -1 0 493.21 73.05 -1 924.0200000000001 2 87 0.5518410205841064 1
0 -1 1 408.35 301.3500000000001 -2 3486.9000000000005 10 88 2.898221015930176 1
1 -1 1 379.3 283.0800000000001 -2 619.1600000000001 2 87 8.768787860870361 1
0 -1 2 372.27 262.09999999999997 -4 3342.0 10 88 7.618830919265747 1
1 -1 2 376.57 295.9600000000002 -2 620.1199999999999 2 87 11.589473962783813 1
0 -1 3 408.7 174.46 -2 1770.88 10 88 0.008570194244384766 1
1 -1 3 406.22 184.67 -1 374.08 2 87 0.008344888687133789 1
0 -1 4 408.35 301.3500000000001 -2 3486.9000000000005 10 88 2.976677656173706 1
1 -1 4 379.3 283.0800000000001 -2 619.1600000000001 2 87 9.046105146408081 1
0 -1 5 357.52 282.19 -2 3161.08 10 88 6.558664083480835 1
1 -1 5 384.54 311.23 -1 690.25 2 87 8.41020679473877 1
random:1T:1200
0 -1 0 680.95 163.41 -1 7598.48 10 88 0.6303548812866211 1
1 -1 0 698.08 265.6 -1 1271.88 2 87 0.7399992942810059 1
0 -1 1 525.06 398.03 -1 5047.900000000001 10 88 4.046947240829468 1
1 -1 1 506.61 413.04 -1 899.8399999999999 2 87 9.457700967788696 1
0 -1 2 507.62 390.29999999999995 -2 4750.12 10 88 7.810112953186035 1
1 -1 2 531.09 449.84 -1 929.3399999999999 2 87 12.657228946685791 1
0 -1 3 609.16 306.10999999999996 -2 3143.8600000000006 10 88 0.009799957275390625 1
1 -1 3 559.73 276.43 -1 590.21 2 87 0.009399890899658203 1
0 -1 4 527.61 399.62 -1 5047.88 10 88 4.416769027709961 1
1 -1 4 508.52 421.54 -1 899.8399999999999 2 87 10.10736894607544 1
0 -1 5 508.67 400.87 -1 4701.04 10 88 8.991936922073364 1
1 -1 5 508.39 396.24 -1 914.07 2 87 12.427448749542236 1
random:1T:1500
0 -1 0 878.77 315.16 -1 9592.199999999999 10 88 0.8536288738250732 1
1 -1 0 900.72 423.37 -1 1727.69 2 87 0.9957611560821533 1
0 -1 1 624.84 456.76 -1 6347.800000000001 10 88 6.991416692733765 1
1 -1 1 605.99 452.08000000000004 -1 1206.45 2 87 10.498708009719849 1
0 -1 2 629.41 443.31 -1 5455.22 10 88 9.31859016418457 1
1 -1 2 648.83 506.17999999999995 -1 1248.5900000000001 2 87 13.779408931732178 1
0 -1 3 776.1 367.38 -2 3704.5800000000004 10 88 0.01136016845703125 1
1 -1 3 754.1 367.38 -1 743.0699999999999 2 87 0.010720014572143555 1
0 -1 4 624.84 456.76 -1 6347.800000000001 10 88 6.458096742630005 1
1 -1 4 608.52 454.82 -2 1207.71 2 87 9.615410804748535 1
0 -1 5 643.8 530.72 -2 5951.9400000000005 10 88 9.677926063537598 1
1 -1 5 644.15 476.58000000000004 -1 1212.42 2 87 13.102376937866211 1
random:2T:300
0 -1 0 114.74 0.0 -3 1348.2400000000002 8 75 0.1378030776977539 2
1 -1 0 120.58 4.85 -1 0 0 64 0.12506508827209473 2
0 -1 1 112.25 0.0 -4 1058.46 8 75 0.07682204246520996 2
1 -1 1 115.88 0.0 -1 0 0 64 0.07146525382995605 2
0 -1 2 106.35 0.0 -4 800.0600000000001 8 75 1.3585708141326904 2
1 -1 2 107.6 0.0 -3 0 0 64 1.3129839897155762 2
0 -1 3 107.81 0.0 -6 471.14 8 75 0.004820823669433594 2
1 -1 3 121.08 0.0 -4 0 0 64 0.004474163055419922 2
0 -1 4 112.25 0.0 -4 1058.46 8 75 0.07651782035827637 2
1 -1 4 115.88 0.0 -1 0 0 64 0.07181501388549805 2
0 -1 5 66.09 0.0 -15 397.66 8 75 0.769996166229248 2
1 -1 5 87.97 0.0 -6 0 0 64 1.1376008987426758 2
random:2T:600
0 -1 0 333.91 148.63 -1 3050.0200000000004 8 75 0.26116180419921875 2
1 -1 0 351.57 262.75 -1 0 0 64 0.24570107460021973 2
0 -1 1 289.85 214.94999999999996 -4 2208.3599999999997 8 75 1.0288889408111572 2
1 -1 1 298.9 256.82 -4 0 0 64 0.7670938968658447 2
0 -1 2 290.62 227.70999999999998 -4 2126.1 8 75 2.526233673095703 2
1 -1 2 287.44 232.0799999999999 -2 0 0 64 3.180260181427002 2
0 -1 3 303.84 163.93 -1 1345.92 8 75 0.007578134536743164 2
1 -1 3 339.33 216.71 -1 0 0 64 0.006574153900146484 2
0 -1 4 290.14 213.67999999999998 -4 2208.3599999999997 8 75 0.9902212619781494 2
1 -1 4 298.58 256.82 -4 0 0 64 1.0616700649261475 2
0 -1 5 224.67 152.37 -1 1329.1 8 75 3.971858024597168 2
1 -1 5 267.61 212.79 -2 0 0 64 2.10617995262146 2
random:2T:900
0 -1 0 556.92 373.81 -1 4825.8 8 75 0.37810611724853516 2
1 -1 0 584.76 501.39 -1 0 0 64 0.35956406593322754 2
0 -1 1 466.02 381.34999999999997 -4 3559.58 8 75 1.7163050174713135 2
1 -1 1 455.72 386.14 -2 0 0 64 1.638942003250122 2
0 -1 2 464.3 377.07 -4 3373.5400000000004 8 75 3.0962460041046143 2
1 -1 2 451.05 389.22000000000014 -2 0 0 64 3.3593332767486572 2
0 -1 3 509.4 302.90999999999997 -2 2469.7 8 75 0.007133960723876953 2
1 -1 3 563.53 469.79 -1 0 0 64 0.00791788101196289 2
0 -1 4 465.7 381.3 -4 3559.74 8 75 1.7759969234466553 2
1 -1 4 451.35 381.15 -1 0 0 64 1.489166021347046 2
0 -1 5 403.52 316.83000000000027 -4 2693.34 8 75 3.400177001953125 2
1 -1 5 433.76 368.50000000000006 -4 0 0 64 2.854180097579956 2
random:2T:1200
0 -1 0 779.4 602.4200000000001 -2 6765.619999999999 8 75 0.5231411457061768 2
1 -1 0 817.7 755.25 -1 0 0 64 0.4842839241027832 2
0 -1 1 619.39 514.24 -1 4735.1 8 75 2.3906431198120117 2
1 -1 1 589.67 457.2 -1 0 0 64 1.924187183380127 2
0 -1 2 612.7 494.83 -1 4565.34 8 75 4.057618856430054 2
1 -1 2 595.81 532.24 -1 0 0 64 3.846914052963257 2
0 -1 3 692.75 386.37 -2 3195.88 8 75 0.00945281982421875 2
1 -1 3 790.11 719.26 -1 0 0 64 0.010022878646850586 2
0 -1 4 618.92 444.03999999999996 -2 4743.660000000001 8 75 2.5406880378723145 2
1 -1 4 592.29 470.76 -1 0 0 64 1.942671775817871 2
0 -1 5 565.74 473.6200000000001 -4 3969.22 8 75 3.519073963165283 2
1 -1 5 581.83 510.35 -1 0 0 64 3.07612681388855 2
random:2T:1500
0 -1 0 987.84 784.0 -2 8562.240000000002 8 75 0.621772050857544 2
1 -1 0 1050.4 980.6899999999999 -1 0 0 64 0.5711429119110107 2
0 -1 1 762.09 545.0699999999999 -1 5873.7 8 75 2.9824650287628174 2
1 -1 1 738.91 654.6999999999999 -1 0 0 64 2.646433115005493 2
0 -1 2 753.7 553.3 -1 5677.62 8 75 4.947115898132324 2
1 -1 2 740.04 640.3100000000001 -1 0 0 64 4.930369138717651 2
0 -1 3 897.38 520.82 -2 4189.960000000001 8 75 0.010628700256347656 2
1 -1 3 1013.63 964.88 -1 0 0 64 0.011497020721435547 2
0 -1 4 775.56 649.0499999999998 -4 5844.32 8 75 3.4269490242004395 2
1 -1 4 730.92 655.49 -1 0 0 64 2.7446939945220947 2
0 -1 5 731.5 617.8100000000001 -4 5372.5 8 75 4.642735958099365 2
1 -1 5 716.89 599.21 -1 0 0 64 3.7387030124664307 2
random:3T:300
0 -1 0 93.0 0 -20 213.18 2 82 0.1786046028137207 3
1 -1 0 99.91 0 -20 1752.09 11 94 0.17820310592651367 3
0 -1 1 82.63 0 -15 227.37 2 82 0.1586911678314209 3
1 -1 1 99.29 0 -12 1333.6299999999999 11 94 0.16242527961730957 3
0 -1 2 77.62 0 -14 152.10999999999999 2 82 2.920508861541748 3
1 -1 2 87.57 0.0 -14 900.38 11 94 3.208324909210205 3
0 -1 3 76.74 0.0 -14 50.15 2 82 0.005789995193481445 3
1 -1 3 72.8 0.0 -23 0.0 11 94 0.00580906867980957 3
0 -1 4 82.63 0 -15 227.37 2 82 0.15241074562072754 3
1 -1 4 99.29 0 -12 1333.6299999999999 11 94 0.16419100761413574 3
0 -1 5 69.8 0 -20 61.8 2 82 2.110140800476074 3
1 -1 5 59.81 0 -26 621.8 11 94 2.019749164581299 3
random:3T:600
0 -1 0 264.89 0 -3 476.12 2 82 0.31690478324890137 3
1 -1 0 285.6 0 -7 3812.760000000001 11 94 0.35634708404541016 3
0 -1 1 238.81 160.09999999999997 -2 360.85 2 82 4.892919063568115 3
1 -1 1 242.29 142.52000000000012 -2 2003.12 11 94 5.594988822937012 3
0 -1 2 228.71 140.90999999999997 -1 344.11 2 82 10.194362878799438 3
1 -1 2 230.09 135.78000000000017 -2 1877.9799999999998 11 94 11.679234981536865 3
0 -1 3 255.11 34.34 -1 291.49 2 82 0.006978034973144531 3
1 -1 3 251.44 0.0 -1 1566.73 11 94 0.00701904296875 3
0 -1 4 238.81 160.09999999999997 -2 360.85 2 82 4.699308156967163 3
1 -1 4 242.29 142.52000000000012 -2 2003.12 11 94 5.2876880168914795 3
0 -1 5 217.11 87.88 -1 256.77 2 82 7.972386121749878 3
1 -1 5 187.8 28.75 -1 1806.81 11 94 6.06964898109436 3
random:3T:900
0 -1 0 464.83 180.2 -1 790.3900000000001 2 82 0.5245349407196045 3
1 -1 0 477.98 0 -4 6125.17 11 94 0.5713579654693604 3
0 -1 1 386.4 306.4900000000003 -2 676.51 2 82 6.167582035064697 3
1 -1 1 396.85 291.81 -2 3817.52 11 94 4.618892192840576 3
0 -1 2 376.62 279.46000000000015 -2 653.03 2 82 9.692458868026733 3
1 -1 2 383.53 278.36000000000024 -2 3613.9400000000005 11 94 10.163847208023071 3
0 -1 3 431.38 182.98000000000002 -1 447.65000000000003 2 82 0.008692026138305664 3
1 -1 3 402.86 178.19 -1 2054.9500000000003 11 94 0.009922266006469727 3
0 -1 4 386.94 301.6700000000003 -2 676.5 2 82 5.664625883102417 3
1 -1 4 396.85 291.81 -2 3817.52 11 94 4.226722955703735 3
0 -1 5 358.61 251.55 -2 611.34 2 82 7.591198921203613 3
1 -1 5 331.11 229.36 -4 3331.140000000001 11 94 6.4844069480896 3
random:3T:1200
0 -1 0 669.37 314.4 -3 1132.2 2 82 0.6462979316711426 3
1 -1 0 677.42 177.17 -1 8374.660000000002 11 94 0.7328689098358154 3
0 -1 1 503.94 404.58 -1 990.77 2 82 3.965786933898926 3
1 -1 1 534.14 414.96 -1 5465.799999999999 11 94 5.082600116729736 3
0 -1 2 503.42 386.31 -1 964.4 2 82 8.435673236846924 3
1 -1 2 519.3 397.3800000000001 -2 5048.63 11 94 10.64158010482788 3
0 -1 3 634.21 326.11 -1 685.89 2 82 0.009827136993408203 3
1 -1 3 578.77 259.13 -1 3441.45 11 94 0.009515762329101562 3
0 -1 4 499.51 404.59 -1 993.27 2 82 3.5223002433776855 3
1 -1 4 534.14 414.96 -1 5465.799999999999 11 94 4.773705005645752 3
0 -1 5 476.64 374.1 -4 871.02 2 82 7.308341026306152 3
1 -1 5 456.8 349.42 -2 4032.4200000000005 11 94 7.868288993835449 3
random:3T:1500
0 -1 0 872.01 403.45 -1 1479.65 2 82 0.7976250648498535 3
1 -1 0 860.61 344.99 -1 10647.349999999999 11 94 0.9005489349365234 3
0 -1 1 616.57 452.78000000000003 -1 1243.49 2 82 5.101755857467651 3
1 -1 1 640.19 452.34000000000003 -1 6047.7699999999995 11 94 5.925951957702637 3
0 -1 2 635.59 453.28000000000003 -1 1260.6399999999999 2 82 9.796262741088867 3
1 -1 2 659.67 542.9300000000001 -4 6547.490000000001 11 94 11.926537275314331 3
0 -1 3 807.59 373.45 -1 847.74 2 82 0.011219978332519531 3
1 -1 3 745.67 362.37 -1 4117.45 11 94 0.010803937911987305 3
0 -1 4 620.06 454.72 -1 1247.4700000000003 2 82 5.28685188293457 3
1 -1 4 635.21 457.76 -1 5948.530000000001 11 94 5.987418174743652 3
0 -1 5 601.62 490.06999999999994 -2 1041.1 2 82 9.09981393814087 3
1 -1 5 586.38 440.09000000000003 -4 5729.08 11 94 8.844648838043213 3
random:4T:300
0 -1 0 97.21 0 -16 131.8 1 76 0.12284326553344727 4
1 -1 0 100.13 0 -21 1336.0600000000004 10 98 0.16236495971679688 4
0 -1 1 90.75 0 -9 81.56 1 76 0.117584228515625 4
1 -1 1 97.11 0 -15 1125.04 10 98 0.1535050868988037 4
0 -1 2 83.93 0.0 -13 0.0 1 76 2.256078004837036 4
1 -1 2 81.92 0 -15 730.5 10 98 3.281519889831543 4
0 -1 3 81.31 0.0 -13 0.0 1 76 0.004812955856323242 4
1 -1 3 68.07 0.0 -24 0.0 10 98 0.005550861358642578 4
0 -1 4 90.75 0 -9 81.56 1 76 0.12202715873718262 4
1 -1 4 97.11 0 -15 1125.04 10 98 0.15761303901672363 4
0 -1 5 65.57 0 -22 20.36 1 76 1.3802900314331055 4
1 -1 5 63.15 0 -32 652.32 10 98 1.952016830444336 4
random:4T:600
0 -1 0 289.47 0 -1 268.36 1 76 0.27051329612731934 4
1 -1 0 280.21 0 -7 3438.3199999999997 10 98 0.3372170925140381 4
0 -1 1 246.86 132.96000000000018 -2 173.28 1 76 6.373913049697876 4
1 -1 1 247.63 115.12000000000015 -2 1801.5999999999997 10 98 6.863062143325806 4
0 -1 2 229.35 120.63000000000018 -2 139.91 1 76 7.891344308853149 4
1 -1 2 224.88 143.58 -1 1713.9200000000003 10 98 7.4933388233184814 4
0 -1 3 266.06 52.91 -1 137.6 1 76 0.005654096603393555 4
1 -1 3 232.87 5.07 -1 977.7600000000001 10 98 0.006278038024902344 4
0 -1 4 246.86 132.96000000000018 -2 173.28 1 76 6.3115599155426025 4
1 -1 4 247.63 115.12000000000015 -2 1801.5999999999997 10 98 6.856348037719727 4
0 -1 5 203.35 57.310000000000024 -1 159.68 1 76 4.92587685585022 4
1 -1 5 180.04 0 -3 1665.1999999999998 10 98 4.551558971405029 4
random:4T:900
0 -1 0 499.03 143.39 -1 470.29 1 76 0.4040088653564453 4
1 -1 0 459.12 0.0 -2 5588.380000000001 10 98 0.48201513290405273 4
0 -1 1 390.15 301.12000000000035 -2 313.12 1 76 7.13724422454834 4
1 -1 1 396.08 276.48 -2 3384.3 10 98 8.866611957550049 4
0 -1 2 371.37 256.78000000000003 -1 256.78000000000003 1 76 5.4152140617370605 4
1 -1 2 378.72 265.21000000000004 -1 3250.4000000000005 10 98 9.290423154830933 4
0 -1 3 441.32 185.73000000000002 -1 185.73000000000002 1 76 0.006557941436767578 4
1 -1 3 399.72 174.18 -2 1768.8399999999997 10 98 0.007641315460205078 4
0 -1 4 388.1 301.1000000000003 -2 313.12 1 76 6.736219882965088 4
1 -1 4 396.08 276.48 -2 3384.3 10 98 8.024991989135742 4
0 -1 5 347.95 252.98999999999998 -2 314.64 1 76 4.508159875869751 4
1 -1 5 319.08 218.14 -2 2893.14 10 98 6.302294969558716 4
random:4T:1200
0 -1 0 702.66 369.5 -1 683.3599999999999 1 76 0.5175051689147949 4
1 -1 0 649.17 27.6 -1 7494.219999999999 10 98 0.6182279586791992 4
0 -1 1 517.34 427.90999999999997 -1 457.65 1 76 5.457007169723511 4
1 -1 1 533.75 406.45 -1 4918.4 10 98 5.927600860595703 4
0 -1 2 490.4 381.2200000000008 -2 410.59 1 76 9.064619064331055 4
1 -1 2 518.04 391.35 -1 4796.2 10 98 8.458292961120605 4
0 -1 3 648.9 337.61000000000007 -1 337.61000000000007 1 76 0.006905078887939453 4
1 -1 3 585.91 277.82 -2 2896.52 10 98 0.008892297744750977 4
0 -1 4 515.74 427.9 -1 457.80000000000007 1 76 5.1290600299835205 4
1 -1 4 533.75 406.45 -1 4918.4 10 98 5.955526113510132 4
0 -1 5 483.69 379.62 -1 465.9 1 76 5.112868785858154 4
1 -1 5 446.35 333.33 -4 3618.96 10 98 6.780034065246582 4
random:4T:1500
0 -1 0 911.23 517.79 -1 875.0699999999999 1 76 0.5705299377441406 4
1 -1 0 826.01 213.49 -2 9918.679999999998 10 98 0.6642141342163086 4
0 -1 1 635.33 467.28000000000003 -2 614.28 1 76 5.5397419929504395 4
1 -1 1 654.15 454.18999999999994 -1 6195.24 10 98 6.843141794204712 4
0 -1 2 625.46 479.41999999999996 -1 609.71 1 76 6.201047658920288 4
1 -1 2 664.2 492.92999999999995 -1 6338.4 10 98 10.646224975585938 4
0 -1 3 822.45 399.7200000000001 -1 399.7200000000001 1 76 0.007714748382568359 4
1 -1 3 751.75 364.18999999999994 -2 3668.3 10 98 0.009338855743408203 4
0 -1 4 635.08 461.89 -2 615.1800000000001 1 76 6.212823867797852 4
1 -1 4 657.52 454.18999999999994 -1 6180.04 10 98 7.098934173583984 4
0 -1 5 606.99 475.59000000000003 -1 595.94 1 76 5.877333164215088 4
1 -1 5 583.09 435.57 -4 5232.679999999999 10 98 8.86436676979065 4
