random:0T:300
0 -1 0 206.3 136.64 -1 2056.58 10 28 0.0526430606842041 0
1 -1 0 117.32 0 -9 183.31 2 62 0.15058493614196777 0
2 -1 0 131.03 0 -1 130.22 1 41 0.08698701858520508 0
3 -1 0 150.73 39.41 -1 150.37 1 46 0.1116490364074707 0
0 -1 1 195.69 172.57000000000002 -1 1817.44 10 28 0.16008710861206055 0
1 -1 1 116.67 7.550000000000001 -1 210.20999999999998 2 62 0.23151803016662598 0
2 -1 1 120.37 79.02 -1 81.73 1 41 0.9490268230438232 0
3 -1 1 136.77 75.41000000000001 -1 137.64 1 46 1.1293470859527588 0
0 -1 2 189.08 165.65000000000003 -1 1722.4799999999998 10 28 0.20734286308288574 0
1 -1 2 107.57 5.1899999999999995 -1 135.41 2 62 2.2243080139160156 0
2 -1 2 118.22 72.48 -1 91.76 1 41 1.4118876457214355 0
3 -1 2 131.83 79.22000000000001 -1 106.08 1 46 1.849621057510376 0
0 -1 3 175.28 127.60000000000001 -2 1502.1599999999999 10 28 0.0031299591064453125 0
1 -1 3 102.19 0.0 -6 118.29 2 62 0.0041961669921875 0
2 -1 3 123.74 0.0 -1 90.18 1 41 0.0028579235076904297 0
3 -1 3 134.62 0.0 -1 111.16 1 46 0.0034589767456054688 0
0 -1 4 195.69 172.57000000000002 -1 1817.44 10 28 0.148878812789917 0
1 -1 4 116.67 7.550000000000001 -1 210.20999999999998 2 62 0.22602319717407227 0
2 -1 4 120.37 79.02 -1 81.73 1 41 0.8297820091247559 0
3 -1 4 136.77 75.41000000000001 -1 137.64 1 46 1.0146591663360596 0
0 -1 5 189.94 166.0900000000001 -1 1735.4599999999998 10 28 0.22998285293579102 0
1 -1 5 93.82 0 -4 124.01 2 62 1.747323989868164 0
2 -1 5 117.58 68.05 -1 70.94 1 41 1.2450251579284668 0
3 -1 5 131.01 66.22000000000003 -1 119.03 1 46 1.7228028774261475 0
random:0T:600
0 -1 0 476.27 318.99 -1 4724.959999999999 10 28 0.09139299392700195 0
1 -1 0 332.38 109.21 -1 540.37 2 62 0.26958703994750977 0
2 -1 0 378.87 205.19 -1 372.69 1 41 0.1631309986114502 0
3 -1 0 397.21 247.15 -1 345.67 1 46 0.2181711196899414 0
0 -1 1 466.63 435.56000000000006 -1 4426.740000000001 10 28 0.3188488483428955 0
1 -1 1 306.04 254.81 -2 560.5999999999999 2 62 1.2640581130981445 0
2 -1 1 310.91 267.5500000000001 -2 306.43 1 41 1.2148609161376953 0
3 -1 1 312.0 265.74999999999994 -2 286.5 1 46 1.2270681858062744 0
0 -1 2 458.22 425.11 -1 4328.88 10 28 0.4830939769744873 0
1 -1 2 274.06 209.22999999999996 -2 489.25 2 62 3.683121919631958 0
2 -1 2 300.41 259.18 -2 287.18 1 41 1.7292780876159668 0
3 -1 2 316.12 268.75 -1 306.94 1 46 1.8549482822418213 0
0 -1 3 434.53 359.76 -2 3845.0199999999995 10 28 0.005636930465698242 0
1 -1 3 306.11 162.21999999999997 -1 336.59999999999997 2 62 0.005900859832763672 0
2 -1 3 359.56 252.36 -1 252.36 1 41 0.0047817230224609375 0
3 -1 3 366.01 257.53999999999996 -1 267.08 1 46 0.00569605827331543 0
0 -1 4 466.63 435.56000000000006 -1 4426.740000000001 10 28 0.3464360237121582 0
1 -1 4 304.81 247.70999999999992 -1 551.9200000000001 2 62 1.8558437824249268 0
2 -1 4 309.05 267.5400000000001 -2 305.33 1 41 1.2561619281768799 0
3 -1 4 311.66 264.04 -1 286.5 1 46 1.2168493270874023 0
0 -1 5 460.78 426.04 -1 4367.6 10 28 0.43866896629333496 0
1 -1 5 260.77 197.29000000000002 -2 462.8 2 62 3.119286060333252 0
2 -1 5 301.93 257.9 -2 259.46999999999997 1 41 1.6704277992248535 0
3 -1 5 324.88 271.90000000000003 -3 321.89 1 46 1.9286539554595947 0
random:0T:900
0 -1 0 746.35 529.96 -1 7395.920000000002 10 28 0.1520841121673584 0
1 -1 0 554.53 285.43 -1 1007.1100000000001 2 62 0.39388012886047363 0
2 -1 0 627.01 417.09999999999997 -1 617.33 1 41 0.23115086555480957 0
3 -1 0 643.45 464.78 -1 553.4200000000001 1 46 0.3004601001739502 0
0 -1 1 730.27 683.2 -2 6949.159999999998 10 28 0.5650010108947754 0
1 -1 1 465.11 382.44 -1 887.72 2 62 2.500282049179077 0
2 -1 1 475.38 431.09 -2 463.41999999999996 1 41 1.8055660724639893 0
3 -1 1 480.89 402.48 -2 500.88 1 46 1.8696630001068115 0
0 -1 2 722.9 671.4000000000001 -1 6870.52 10 28 0.6584560871124268 0
1 -1 2 430.13 356.5600000000002 -2 818.94 2 62 5.229681015014648 0
2 -1 2 468.56 422.90999999999997 -2 482.06 1 41 2.4241440296173096 0
3 -1 2 478.33 410.03999999999996 -1 453.42 1 46 2.872067928314209 0
0 -1 3 693.03 590.56 -2 6176.279999999999 10 28 0.008356094360351562 0
1 -1 3 518.81 305.34999999999997 -1 633.55 2 62 0.006985187530517578 0
2 -1 3 595.39 412.98 -1 412.98 1 41 0.006192922592163086 0
3 -1 3 597.52 422.97999999999996 -1 422.97999999999996 1 46 0.007124900817871094 0
0 -1 4 730.27 683.2 -2 6949.159999999998 10 28 0.6266260147094727 0
1 -1 4 456.27 373.54 -1 873.6400000000001 2 62 2.682497024536133 0
2 -1 4 471.67 393.60999999999996 -1 467.59 1 41 2.088672161102295 0
3 -1 4 468.36 398.21000000000004 -1 500.25000000000006 1 46 2.1011972427368164 0
0 -1 5 724.71 672.5 -1 6892.88 10 28 0.6578841209411621 0
1 -1 5 420.9 339.3000000000001 -2 766.1199999999999 2 62 4.857731103897095 0
2 -1 5 465.96 420.12000000000006 -2 473.57 1 41 2.4432997703552246 0
3 -1 5 481.01 432.61 -1 473.78999999999996 1 46 3.1831588745117188 0
random:0T:1200
0 -1 0 1014.7 749.51 -1 10087.540000000003 10 28 0.22773241996765137 0
1 -1 0 780.93 507.14 -1 1400.8700000000001 2 62 0.5943431854248047 0
2 -1 0 874.92 631.1499999999999 -1 862.6600000000002 1 41 0.3478379249572754 0
3 -1 0 888.8 670.9699999999999 -1 759.33 1 46 0.5235908031463623 0
0 -1 1 991.55 927.6700000000002 -2 9439.559999999998 10 28 0.9937601089477539 0
1 -1 1 589.33 455.21000000000004 -1 1158.24 2 62 3.764580011367798 0
2 -1 1 628.0 547.02 -1 653.0400000000001 1 41 3.275942802429199 0
3 -1 1 632.46 565.82 -1 617.04 1 46 3.2714030742645264 0
0 -1 2 983.45 916.91 -1 9348.78 10 28 0.9401400089263916 0
1 -1 2 570.77 503.84 -2 1118.36 2 62 6.458281993865967 0
2 -1 2 626.54 581.83 -2 656.0100000000001 1 41 3.5213589668273926 0
3 -1 2 628.97 540.4499999999999 -1 605.59 1 46 3.7598876953125 0
0 -1 3 950.88 820.78 -2 8496.68 10 28 0.013930082321166992 0
1 -1 3 718.23 419.66999999999996 -1 882.29 2 62 0.009589910507202148 0
2 -1 3 830.3 572.23 -1 572.23 1 41 0.008045196533203125 0
3 -1 3 829.02 578.85 -1 578.85 1 46 0.008177757263183594 0
0 -1 4 991.55 927.6700000000002 -2 9439.559999999998 10 28 0.8167340755462646 0
1 -1 4 589.81 441.40999999999997 -1 1157.0100000000002 2 62 3.374558925628662 0
2 -1 4 631.77 570.9899999999999 -1 668.03 1 41 2.866285800933838 0
3 -1 4 633.16 567.2 -1 619.3100000000001 1 46 2.5183873176574707 0
0 -1 5 987.6 920.1199999999998 -2 9399.96 10 28 0.8377642631530762 0
1 -1 5 556.4 484.25 -1 1043.59 2 62 5.139673709869385 0
2 -1 5 619.03 529.26 -1 636.81 1 41 3.3981940746307373 0
3 -1 5 639.76 550.3199999999999 -2 682.8799999999999 1 46 3.520444869995117 0
random:0T:1500
0 -1 0 1276.32 857.02 -1 12786.080000000002 10 28 0.2671499252319336 0
1 -1 0 1007.47 662.88 -1 1831.56 2 62 0.6550781726837158 0
2 -1 0 1122.1 849.3399999999999 -1 1115.18 1 41 0.3903021812438965 0
3 -1 0 1131.72 848.4499999999999 -1 1014.63 1 46 0.4803957939147949 0
0 -1 1 1252.88 1169.6800000000003 -1 11933.58 10 28 0.9555490016937256 0
1 -1 1 718.35 533.2 -1 1393.0 2 62 3.8036201000213623 0
2 -1 1 812.06 748.0400000000001 -2 810.74 1 41 3.2678160667419434 0
3 -1 1 808.72 711.26 -2 820.83 1 46 3.1033380031585693 0
0 -1 2 1238.96 1161.0899999999997 -1 11732.039999999997 10 28 0.9608728885650635 0
1 -1 2 699.72 560.6899999999999 -1 1428.6799999999998 2 62 6.6224281787872314 0
2 -1 2 783.81 725.28 -2 766.3700000000001 1 41 3.472533941268921 0
3 -1 2 804.37 724.76 -2 753.71 1 46 3.744704008102417 0
0 -1 3 1208.92 1056.2700000000002 -2 10816.980000000003 10 28 0.011811017990112305 0
1 -1 3 926.4 522.0399999999998 -1 1082.61 2 62 0.009453058242797852 0
2 -1 3 1064.33 730.28 -1 730.28 1 41 0.007884025573730469 0
3 -1 3 1060.52 734.6999999999999 -1 734.6999999999999 1 46 0.009122133255004883 0
0 -1 4 1253.8 1171.0000000000002 -2 11943.739999999998 10 28 0.8915228843688965 0
1 -1 4 722.67 536.6 -1 1392.03 2 62 3.6871988773345947 0
2 -1 4 799.71 724.78 -1 814.9599999999999 1 41 3.367959976196289 0
3 -1 4 786.22 680.95 -1 821.13 1 46 3.246925115585327 0
0 -1 5 1242.39 1162.59 -2 11784.839999999998 10 28 0.9641180038452148 0
1 -1 5 682.05 547.4 -1 1306.6 2 62 5.610936164855957 0
2 -1 5 780.31 706.83 -1 820.3699999999999 1 41 3.7333879470825195 0
3 -1 5 815.64 740.1800000000001 -2 850.75 1 46 3.9617209434509277 0
random:1T:300
0 -1 0 191.47 103.12 -1 1630.34 8 30 0.053568124771118164 1
1 -1 0 136.7 0.0 -5 187.46 1 56 0.1115269660949707 1
2 -1 0 106.98 0 -7 294.71999999999997 2 58 0.09377026557922363 1
3 -1 0 191.73 109.53 -1 217.35999999999999 1 31 0.061197757720947266 1
0 -1 1 183.21 152.38000000000005 -1 1415.08 8 30 0.2429189682006836 1
1 -1 1 126.16 56.03 -1 95.2 1 56 1.0300040245056152 1
2 -1 1 114.46 0.0 -2 276.18 2 58 0.07304215431213379 1
3 -1 1 176.9 135.88 -1 147.99 1 31 0.6043462753295898 1
0 -1 2 166.38 133.44 -1 1120.2800000000002 8 30 0.3212580680847168 1
1 -1 2 112.65 42.84 -1 97.68 1 56 2.0978739261627197 1
2 -1 2 98.76 37.64 -1 187.6 2 58 1.9801342487335205 1
3 -1 2 157.33 129.15000000000003 -1 132.70000000000002 1 31 0.6126179695129395 1
0 -1 3 153.8 108.22 -1 950.44 8 30 0.002585887908935547 1
1 -1 3 111.54 0.0 -4 85.32 1 56 0.0037050247192382812 1
2 -1 3 90.96 0.0 -7 0.0 2 58 0.0036988258361816406 1
3 -1 3 161.82 77.04 -1 87.39 1 31 0.002663135528564453 1
0 -1 4 183.21 152.38000000000005 -1 1415.08 8 30 0.2449510097503662 1
1 -1 4 126.16 56.03 -1 95.2 1 56 1.0486137866973877 1
2 -1 4 114.46 0.0 -2 276.18 2 58 0.07631373405456543 1
3 -1 4 176.9 135.88 -1 147.99 1 31 0.6090219020843506 1
0 -1 5 152.58 123.68000000000004 -4 1041.44 8 30 0.2572352886199951 1
1 -1 5 109.21 0.0 -1 108.13 1 56 1.2649600505828857 1
2 -1 5 85.64 0 -3 276.15999999999997 2 58 1.162642002105713 1
3 -1 5 167.32 132.54999999999998 -2 141.13 1 31 0.49553894996643066 1
random:1T:600
0 -1 0 451.84 282.09 -1 3775.42 8 30 0.101348876953125 1
1 -1 0 368.05 201.82 -1 396.32 1 56 0.21517014503479004 1
2 -1 0 335.74 194.96 -1 747.06 2 58 0.20058393478393555 1
3 -1 0 455.08 341.08 -1 475.99999999999994 1 31 0.12302303314208984 1
0 -1 1 439.85 408.1 -1 3348.58 8 30 0.4387657642364502 1
1 -1 1 304.7 267.74 -2 297.83 1 56 1.197922945022583 1
2 -1 1 294.48 170.49999999999991 -2 371.7400000000001 2 58 4.287620782852173 1
3 -1 1 420.02 392.46000000000004 -3 411.23 1 31 0.7543070316314697 1
0 -1 2 425.31 390.7200000000001 -1 3189.8600000000006 8 30 0.5428140163421631 1
1 -1 2 281.12 235.38999999999993 -2 256.11 1 56 2.576918125152588 1
2 -1 2 282.19 230.95999999999992 -2 501.53999999999996 2 58 2.860779047012329 1
3 -1 2 348.53 305.48000000000013 -2 344.8 1 31 1.0587451457977295 1
0 -1 3 399.98 319.22999999999996 -2 2602.84 8 30 0.0040912628173828125 1
1 -1 3 320.4 174.11999999999998 -1 174.11999999999998 1 56 0.0047779083251953125 1
2 -1 3 296.72 115.59 -2 231.18 2 58 0.004802227020263672 1
3 -1 3 406.34 257.95 -1 257.95 1 31 0.0037407875061035156 1
0 -1 4 406.27 348.36 -1 3038.5 8 30 0.8100817203521729 1
1 -1 4 304.7 267.74 -2 297.83 1 56 1.1665210723876953 1
2 -1 4 294.48 170.49999999999991 -2 371.7400000000001 2 58 4.3087098598480225 1
3 -1 4 418.23 391.50000000000006 -1 411.14 1 31 0.8050549030303955 1
0 -1 5 359.09 297.77000000000027 -4 2579.3999999999996 8 30 0.9081032276153564 1
1 -1 5 278.42 231.43999999999994 -4 271.15 1 56 2.448328971862793 1
2 -1 5 257.56 203.84999999999997 -2 537.34 2 58 2.325498104095459 1
3 -1 5 351.49 308.49000000000024 -2 332.24 1 31 0.9948642253875732 1
random:1T:900
0 -1 0 704.3 478.83000000000004 -1 5936.66 8 30 0.15637683868408203 1
1 -1 0 599.73 414.93 -1 597.82 1 56 0.324188232421875 1
2 -1 0 562.43 332.47 -1 1206.0 2 58 0.29715466499328613 1
3 -1 0 718.55 572.64 -1 729.5000000000001 1 31 0.18324899673461914 1
0 -1 1 697.23 649.48 -2 5347.94 8 30 0.7464141845703125 1
1 -1 1 450.77 376.86 -1 430.94 1 56 2.16523814201355 1
2 -1 1 427.2 347.03000000000054 -2 856.8600000000002 2 58 6.555868864059448 1
3 -1 1 667.93 635.8000000000001 -2 664.1499999999997 1 31 1.7325329780578613 1
0 -1 2 681.62 632.09 -1 5188.72 8 30 0.8588030338287354 1
1 -1 2 427.79 376.16 -4 387.56 1 56 3.086932897567749 1
2 -1 2 452.01 398.2799999999999 -4 918.9399999999999 2 58 4.188736915588379 1
3 -1 2 525.1 424.09000000000003 -1 521.1800000000001 1 31 1.5689682960510254 1
0 -1 3 647.55 528.5299999999999 -2 4278.839999999999 8 30 0.005780935287475586 1
1 -1 3 539.79 329.17999999999995 -1 329.17999999999995 1 56 0.006153106689453125 1
2 -1 3 509.52 220.03 -2 440.06 2 58 0.005903959274291992 1
3 -1 3 657.39 456.8299999999999 -1 456.8299999999999 1 31 0.005237102508544922 1
0 -1 4 660.29 601.4900000000009 -2 4995.780000000001 8 30 1.039698839187622 1
1 -1 4 449.18 376.86 -1 430.94 1 56 2.162606954574585 1
2 -1 4 427.2 347.03000000000054 -2 856.8600000000002 2 58 6.697797060012817 1
3 -1 4 657.39 625.8800000000001 -1 637.7999999999997 1 31 1.9123241901397705 1
0 -1 5 579.27 470.38000000000153 -4 4204.16 8 30 1.3854360580444336 1
1 -1 5 431.11 380.58 -1 415.11999999999995 1 56 3.1607396602630615 1
2 -1 5 410.39 343.63 -1 857.6200000000001 2 58 3.0888750553131104 1
3 -1 5 545.46 475.38000000000034 -2 542.34 1 31 1.594775915145874 1
random:1T:1200
0 -1 0 961.24 636.85 -1 8112.619999999997 8 30 0.22035884857177734 1
1 -1 0 829.88 579.1800000000001 -1 809.59 1 56 0.4452521800994873 1
2 -1 0 786.05 518.36 -1 1661.1600000000003 2 58 0.4197859764099121 1
3 -1 0 980.27 800.8800000000001 -1 991.83 1 31 0.2501490116119385 1
0 -1 1 947.35 885.22 -2 7246.1799999999985 8 30 1.0913050174713135 1
1 -1 1 597.42 514.25 -2 626.9699999999999 1 56 3.0550436973571777 1
2 -1 1 539.76 428.5 -2 1178.7200000000003 2 58 5.7050621509552 1
3 -1 1 843.75 797.4700000000001 -2 826.4099999999996 1 31 2.375931739807129 1
0 -1 2 910.69 835.02 -2 6897.64 8 30 1.1688668727874756 1
1 -1 2 573.42 524.39 -4 534.91 1 56 4.386193037033081 1
2 -1 2 599.03 544.6800000000001 -2 1205.5 2 58 5.1973042488098145 1
3 -1 2 687.27 616.12 -1 675.73 1 31 2.221158027648926 1
0 -1 3 894.6 736.5699999999999 -2 5948.800000000001 8 30 0.007414102554321289 1
1 -1 3 745.17 469.76 -1 469.76 1 56 0.007642984390258789 1
2 -1 3 709.56 340.54 -2 681.08 2 58 0.0074579715728759766 1
3 -1 3 901.86 635.3699999999999 -1 635.3699999999999 1 31 0.0067598819732666016 1
0 -1 4 955.32 898.23 -2 7327.0599999999995 8 30 1.1504347324371338 1
1 -1 4 591.51 498.03999999999996 -2 629.23 1 56 2.9713618755340576 1
2 -1 4 544.32 430.5 -1 1175.1600000000003 2 58 5.7546470165252686 1
3 -1 4 834.79 786.23 -1 827.9999999999997 1 31 2.424988031387329 1
0 -1 5 756.54 621.74 -1 5431.240000000001 8 30 1.9864039421081543 1
1 -1 5 577.15 501.78000000000003 -1 556.67 1 56 4.2302892208099365 1
2 -1 5 571.32 498.85 -1 1171.1200000000001 2 58 4.354966163635254 1
3 -1 5 699.94 624.73 -1 680.3199999999999 1 31 2.364264965057373 1
random:1T:1500
0 -1 0 1198.47 723.52 -1 10307.219999999992 8 30 0.3039379119873047 1
1 -1 0 1062.06 743.94 -1 1010.2700000000001 1 56 0.5681247711181641 1
2 -1 0 1005.28 677.76 -1 2188.380000000001 2 58 0.54721999168396 1
3 -1 0 1239.32 1025.6100000000001 -1 1260.25 1 31 0.31949806213378906 1
0 -1 1 1186.94 1102.06 -2 9069.16 8 30 1.3353500366210938 1
1 -1 1 727.78 630.65 -1 765.05 1 56 3.9184961318969727 1
2 -1 1 701.08 576.09 -2 1462.8000000000002 2 58 6.161653995513916 1
3 -1 1 1148.26 1093.65 -2 1117.5599999999995 1 31 3.1767449378967285 1
0 -1 2 1159.07 1067.1999999999998 -2 8783.88 8 30 1.3382189273834229 1
1 -1 2 709.17 663.26 -2 734.74 1 56 4.811681032180786 1
2 -1 2 746.12 615.04 -1 1495.1000000000001 2 58 5.710304021835327 1
3 -1 2 897.95 797.61 -1 859.3499999999999 1 31 2.619997024536133 1
0 -1 3 1140.79 943.19 -2 7608.160000000001 8 30 0.00946497917175293 1
1 -1 3 951.02 584.9 -1 584.9 1 56 0.009145975112915039 1
2 -1 3 916.35 486.86 -2 973.72 2 58 0.009135961532592773 1
3 -1 3 1150.9 821.79 -1 821.79 1 31 0.008167743682861328 1
0 -1 4 1159.35 1069.7 -2 8808.76 8 30 1.477283000946045 1
1 -1 4 726.76 619.14 -2 761.3299999999999 1 56 3.9108660221099854 1
2 -1 4 697.09 575.9399999999999 -2 1462.2199999999998 2 58 6.693993091583252 1
3 -1 4 1036.49 976.69 -1 1015.2099999999996 1 31 2.8488540649414062 1
0 -1 5 966.48 814.6999999999969 -4 6833.6 8 30 2.7705788612365723 1
1 -1 5 712.95 644.0199999999999 -1 680.69 1 56 5.182747840881348 1
2 -1 5 723.3 653.05 -1 1465.1999999999996 2 58 5.799789905548096 1
3 -1 5 912.99 808.68 -4 850.1999999999999 1 31 2.7865428924560547 1
random:2T:300
0 -1 0 180.32 136.59 -1 375.46000000000004 2 35 0.064849853515625 2
1 -1 0 120.58 4.85 -1 0 0 64 0.12300705909729004 2
2 -1 0 170.01 107.39 -1 403.02000000000004 2 31 0.04832601547241211 2
3 -1 0 235.04 228.91000000000003 -2 928.2800000000001 4 9 0.03429603576660156 2
0 -1 1 155.68 121.69000000000011 -4 274.22 2 35 0.4631500244140625 2
1 -1 1 115.88 0.0 -1 0 0 64 0.07071805000305176 2
2 -1 1 149.16 118.17000000000014 -4 279.08 2 31 0.3650989532470703 2
3 -1 1 234.41 230.8499999999999 -2 924.8399999999997 4 9 0.04723477363586426 2
0 -1 2 159.03 127.44 -2 260.62 2 35 0.3358161449432373 2
1 -1 2 107.6 0.0 -3 0 0 64 1.2606091499328613 2
2 -1 2 144.85 123.32000000000015 -4 250.5 2 31 0.47547388076782227 2
3 -1 2 234.41 230.8499999999999 -2 924.8399999999997 4 9 0.04768800735473633 2
0 -1 3 169.91 92.33999999999999 -1 234.32 2 35 0.002977132797241211 2
1 -1 3 121.08 0.0 -4 0 0 64 0.004297018051147461 2
2 -1 3 155.77 82.93 -1 181.84 2 31 0.002496957778930664 2
3 -1 3 217.68 206.29000000000005 -2 837.7 4 9 0.0022771358489990234 2
0 -1 4 155.68 121.69000000000011 -4 274.22 2 35 0.4573841094970703 2
1 -1 4 115.88 0.0 -1 0 0 64 0.06851816177368164 2
2 -1 4 149.16 118.17000000000014 -4 279.08 2 31 0.3609473705291748 2
3 -1 4 234.41 230.8499999999999 -2 924.8399999999997 4 9 0.04665017127990723 2
0 -1 5 125.61 89.86999999999999 -1 228.24 2 35 0.4208199977874756 2
1 -1 5 87.97 0.0 -6 0 0 64 1.1173288822174072 2
2 -1 5 144.85 123.32000000000015 -4 250.5 2 31 0.5325891971588135 2
3 -1 5 234.41 230.8499999999999 -2 924.8399999999997 4 9 0.058094024658203125 2
random:2T:600
0 -1 0 440.14 394.01 -2 841.7400000000001 2 35 0.12523698806762695 2
1 -1 0 351.57 262.75 -1 0 0 64 0.23867011070251465 2
2 -1 0 432.36 373.45 -1 924.3600000000001 2 31 0.09482812881469727 2
3 -1 0 528.89 519.4599999999996 -2 2090.4199999999983 4 9 0.0446162223815918 2
0 -1 1 352.85 292.0500000000003 -4 692.76 2 35 1.0583531856536865 2
1 -1 1 298.9 256.82 -4 0 0 64 0.7468068599700928 2
2 -1 1 341.07 290.50000000000006 -4 700.0799999999999 2 31 0.4998459815979004 2
3 -1 1 528.32 521.7399999999999 -2 2087.2999999999997 4 9 0.09095311164855957 2
0 -1 2 358.96 312.0600000000003 -4 640.52 2 35 1.6268367767333984 2
1 -1 2 287.44 232.0799999999999 -2 0 0 64 2.872715950012207 2
2 -1 2 333.85 295.2700000000001 -4 602.14 2 31 0.6422958374023438 2
3 -1 2 528.32 521.7399999999999 -2 2087.2999999999997 4 9 0.09804701805114746 2
0 -1 3 421.27 318.20000000000005 -2 636.4000000000001 2 35 0.004439115524291992 2
1 -1 3 339.33 216.71 -1 0 0 64 0.0062408447265625 2
2 -1 3 412.84 295.28 -2 590.56 2 31 0.0041310787200927734 2
3 -1 3 504.83 486.5999999999997 -2 1958.7999999999986 4 9 0.004828929901123047 2
0 -1 4 352.17 290.2800000000002 -4 688.66 2 35 0.9567630290985107 2
1 -1 4 298.58 256.82 -4 0 0 64 1.0811829566955566 2
2 -1 4 341.07 290.50000000000006 -4 700.0799999999999 2 31 0.5641999244689941 2
3 -1 4 528.32 521.7399999999999 -2 2087.2999999999997 4 9 0.11206197738647461 2
0 -1 5 336.42 275.0599999999999 -4 644.82 2 35 1.1256799697875977 2
1 -1 5 267.61 212.79 -2 0 0 64 2.1958680152893066 2
2 -1 5 333.85 295.2700000000001 -4 602.14 2 31 0.6448619365692139 2
3 -1 5 528.32 521.7399999999999 -2 2087.2999999999997 4 9 0.10737299919128418 2
random:2T:900
0 -1 0 699.68 647.79 -2 1309.7 2 35 0.19263315200805664 2
1 -1 0 584.76 501.39 -1 0 0 64 0.4206087589263916 2
2 -1 0 693.43 628.23 -1 1455.0799999999997 2 31 0.15733718872070312 2
3 -1 0 822.73 810.0100000000003 -2 3252.5600000000013 4 9 0.0742959976196289 2
0 -1 1 520.33 444.42 -1 1070.38 2 35 1.0272331237792969 2
1 -1 1 455.72 386.14 -2 0 0 64 1.7270081043243408 2
2 -1 1 524.29 463.79000000000013 -4 1065.46 2 31 0.8716917037963867 2
3 -1 1 822.11 812.1800000000006 -2 3249.1600000000008 4 9 0.13991308212280273 2
0 -1 2 538.45 436.45 -1 1068.1599999999999 2 35 1.1739509105682373 2
1 -1 2 451.05 389.22000000000014 -2 0 0 64 3.888101100921631 2
2 -1 2 513.19 446.49 -2 1018.6600000000001 2 31 1.229341983795166 2
3 -1 2 822.11 812.1800000000006 -2 3249.1600000000008 4 9 0.19085001945495605 2
0 -1 3 670.18 496.34999999999997 -2 992.6999999999999 2 35 0.008271932601928711 2
1 -1 3 563.53 469.79 -1 0 0 64 0.00946497917175293 2
2 -1 3 668.22 493.87 -2 987.74 2 31 0.008339881896972656 2
3 -1 3 792.05 767.0799999999998 -2 3080.2599999999993 4 9 0.009915828704833984 2
0 -1 4 514.16 428.06 -2 1071.92 2 35 1.2252638339996338 2
1 -1 4 451.35 381.15 -1 0 0 64 1.6509721279144287 2
2 -1 4 515.4 426.5 -2 1065.5399999999997 2 31 0.9199087619781494 2
3 -1 4 822.11 812.1800000000006 -2 3249.1600000000008 4 9 0.16403579711914062 2
0 -1 5 505.75 436.09999999999997 -1 987.22 2 35 1.6725549697875977 2
1 -1 5 433.76 368.50000000000006 -4 0 0 64 3.033972978591919 2
2 -1 5 519.9 468.03000000000003 -4 1018.5600000000001 2 31 1.0074231624603271 2
3 -1 5 822.11 812.1800000000006 -2 3249.1600000000008 4 9 0.1410200595855713 2
random:2T:1200
0 -1 0 956.97 901.1800000000001 -2 1820.7000000000005 2 35 0.23242425918579102 2
1 -1 0 817.7 755.25 -1 0 0 64 0.4902360439300537 2
2 -1 0 954.83 877.12 -2 1986.3399999999997 2 31 0.21715497970581055 2
3 -1 0 1116.57 1100.5600000000004 -2 4414.700000000002 4 9 0.09730076789855957 2
0 -1 1 687.1 576.9 -1 1365.2000000000003 2 35 1.2176251411437988 2
1 -1 1 589.67 457.2 -1 0 0 64 2.0686488151550293 2
2 -1 1 681.3 637.8799999999997 -4 1283.56 2 31 1.3234150409698486 2
3 -1 1 1115.96 1102.8000000000002 -2 4411.320000000002 4 9 0.19867897033691406 2
0 -1 2 687.99 614.61 -1 1377.8600000000001 2 35 1.2436952590942383 2
1 -1 2 595.81 532.24 -1 0 0 64 4.448312044143677 2
2 -1 2 683.71 640.3499999999997 -4 1352.98 2 31 1.4119389057159424 2
3 -1 2 1115.96 1102.8000000000002 -2 4411.320000000002 4 9 0.21921682357788086 2
0 -1 3 922.31 699.8499999999999 -2 1399.6999999999998 2 35 0.01028585433959961 2
1 -1 3 790.11 719.26 -1 0 0 64 0.010840177536010742 2
2 -1 3 922.13 687.02 -2 1374.04 2 31 0.007778167724609375 2
3 -1 3 1079.26 1047.56 -2 4201.68 4 9 0.010237932205200195 2
0 -1 4 682.33 577.42 -1 1396.76 2 35 1.091587781906128 2
1 -1 4 592.29 470.76 -1 0 0 64 2.257596015930176 2
2 -1 4 681.89 637.7999999999994 -4 1285.76 2 31 1.2588329315185547 2
3 -1 4 1115.96 1102.8000000000002 -2 4411.320000000002 4 9 0.1857740879058838 2
0 -1 5 708.39 614.2599999999985 -4 1248.04 2 35 2.1273579597473145 2
1 -1 5 581.83 510.35 -1 0 0 64 3.3210020065307617 2
2 -1 5 683.71 640.3499999999997 -4 1352.98 2 31 1.2684378623962402 2
3 -1 5 1115.96 1102.8000000000002 -2 4411.320000000002 4 9 0.18531298637390137 2
random:2T:1500
0 -1 0 1214.61 1143.27 -2 2297.88 2 35 0.282865047454834 2
1 -1 0 1050.4 980.6899999999999 -1 0 0 64 0.588411808013916 2
2 -1 0 1212.52 1111.86 -2 2536.7799999999993 2 31 0.24441313743591309 2
3 -1 0 1410.43 1391.1499999999985 -2 5576.899999999994 4 9 0.12108492851257324 2
0 -1 1 867.38 773.3500000000001 -2 1613.84 2 35 0.9832909107208252 2
1 -1 1 738.91 654.6999999999999 -1 0 0 64 2.514191150665283 2
2 -1 1 903.44 807.8399999999998 -4 1790.02 2 31 1.4852910041809082 2
3 -1 1 1409.77 1393.2400000000018 -2 5573.2800000000025 4 9 0.2328488826751709 2
0 -1 2 885.93 784.6899999999999 -2 1747.46 2 35 1.464677095413208 2
1 -1 2 740.04 640.3100000000001 -1 0 0 64 4.729068756103516 2
2 -1 2 893.06 808.2699999999995 -4 1705.52 2 31 1.6793909072875977 2
3 -1 2 1409.77 1393.2400000000018 -2 5573.2800000000025 4 9 0.23058176040649414 2
0 -1 3 1170.49 875.6399999999999 -2 1751.2799999999997 2 35 0.009633779525756836 2
1 -1 3 1013.63 964.88 -1 0 0 64 0.010767698287963867 2
2 -1 3 1178.12 896.59 -2 1793.18 2 31 0.00851583480834961 2
3 -1 3 1366.46 1328.0199999999988 -2 5323.039999999995 4 9 0.01237797737121582 2
0 -1 4 859.65 755.3499999999999 -2 1617.9999999999998 2 35 1.0172667503356934 2
1 -1 4 730.92 655.49 -1 0 0 64 2.662602186203003 2
2 -1 4 892.95 757.34 -2 1781.3 2 31 1.4466660022735596 2
3 -1 4 1409.77 1393.2400000000018 -2 5573.2800000000025 4 9 0.22516679763793945 2
0 -1 5 892.28 785.2299999999988 -4 1721.7 2 35 2.0247910022735596 2
1 -1 5 716.89 599.21 -1 0 0 64 3.7136659622192383 2
2 -1 5 897.58 809.4999999999993 -4 1706.24 2 31 1.840811014175415 2
3 -1 5 1409.77 1393.2400000000018 -2 5573.2800000000025 4 9 0.24175596237182617 2
random:3T:300
0 -1 0 130.29 0 -2 130.41 1 56 0.12659716606140137 3
1 -1 0 176.85 18.99 -1 1934.96 10 38 0.06231498718261719 3
2 -1 0 131.6 0 -1 130.85 1 41 0.07828187942504883 3
3 -1 0 170.18 30.3 -1 166.16 1 41 0.10430502891540527 3
0 -1 1 117.68 34.25 -1 138.35 1 56 0.7457931041717529 3
1 -1 1 147.58 98.83000000000007 -2 1402.8400000000001 10 38 0.440997838973999 3
2 -1 1 120.8 79.73 -1 82.15 1 41 0.8442819118499756 3
3 -1 1 154.59 109.66 -1 143.08 1 41 1.0330069065093994 3
0 -1 2 111.94 4.5 -1 119.96 1 56 1.5411708354949951 3
1 -1 2 145.24 84.55000000000004 -2 1291.5 10 38 0.7660760879516602 3
2 -1 2 118.64 73.19 -1 92.14 1 41 1.4003310203552246 3
3 -1 2 133.31 92.22 -1 102.95 1 41 1.0290391445159912 3
0 -1 3 110.3 0.0 -4 53.05 1 56 0.00414276123046875 3
1 -1 3 152.98 87.1 -2 1109.24 10 38 0.003859996795654297 3
2 -1 3 124.03 0.0 -1 90.38 1 41 0.0030999183654785156 3
3 -1 3 132.83 0.0 -1 41.3 1 41 0.0040738582611083984 3
0 -1 4 117.68 34.25 -1 138.35 1 56 0.7143421173095703 3
1 -1 4 147.58 98.83000000000007 -2 1402.8400000000001 10 38 0.44173693656921387 3
2 -1 4 120.8 79.73 -1 82.15 1 41 0.8605880737304688 3
3 -1 4 154.59 109.66 -1 143.08 1 41 1.054945945739746 3
0 -1 5 103.08 0 -2 102.37 1 56 1.3696238994598389 3
1 -1 5 134.95 73.28000000000002 -2 1235.6 10 38 0.5483410358428955 3
2 -1 5 118.0 68.76 -1 71.39 1 41 1.281071662902832 3
3 -1 5 125.91 55.68000000000002 -1 112.41 1 41 1.2872209548950195 3
random:3T:600
0 -1 0 361.7 167.62 -1 334.19 1 56 0.22730207443237305 3
1 -1 0 430.11 235.95 -1 4483.099999999999 10 38 0.12595796585083008 3
2 -1 0 379.23 197.08 -1 372.34000000000003 1 41 0.1578199863433838 3
3 -1 0 419.8 250.54 -1 387.72 1 41 0.22655701637268066 3
0 -1 1 279.6 209.29 -2 293.78 1 56 1.3599228858947754 3
1 -1 1 329.47 263.64 -2 2842.6800000000003 10 38 0.5428969860076904 3
2 -1 1 311.31 267.97000000000014 -2 306.85 1 41 1.156947135925293 3
3 -1 1 342.35 304.7900000000001 -4 358.33000000000004 1 41 1.0458788871765137 3
0 -1 2 292.04 239.0799999999998 -3 279.52 1 56 4.154006004333496 3
1 -1 2 329.83 253.85999999999984 -2 2801.7200000000003 10 38 0.847409725189209 3
2 -1 2 300.78 259.60999999999996 -2 287.40000000000003 1 41 1.7909157276153564 3
3 -1 2 318.33 276.43000000000006 -2 313.02 1 41 1.7515161037445068 3
0 -1 3 323.27 166.95 -1 166.95 1 56 0.00556492805480957 3
1 -1 3 392.8 274.34 -2 3108.2799999999997 10 38 0.004791975021362305 3
2 -1 3 359.87 252.54000000000002 -1 252.54000000000002 1 41 0.004851102828979492 3
3 -1 3 356.88 182.00000000000003 -1 182.00000000000003 1 41 0.004353046417236328 3
0 -1 4 278.53 207.73999999999998 -6 293.78 1 56 1.3797199726104736 3
1 -1 4 329.47 263.64 -2 2842.6800000000003 10 38 0.5564751625061035 3
2 -1 4 309.45 267.9700000000001 -2 305.74 1 41 1.2156319618225098 3
3 -1 4 340.62 303.06 -1 358.33000000000004 1 41 1.007115125656128 3
0 -1 5 280.91 223.01 -2 265.87 1 56 2.3560121059417725 3
1 -1 5 324.36 241.78999999999985 -2 2760.66 10 38 0.8496959209442139 3
2 -1 5 302.31 258.32 -2 259.69 1 41 1.767348051071167 3
3 -1 5 312.93 264.2599999999999 -2 319.87 1 41 1.771131992340088 3
random:3T:900
0 -1 0 598.2 402.21 -1 554.54 1 56 0.35132813453674316 3
1 -1 0 685.95 450.94 -1 7018.700000000001 10 38 0.19626688957214355 3
2 -1 0 627.95 408.51 -1 616.4399999999999 1 41 0.23775696754455566 3
3 -1 0 669.28 464.37 -1 628.44 1 41 0.2727479934692383 3
0 -1 1 433.66 376.7700000000001 -2 447.09 1 56 2.605123996734619 3
1 -1 1 532.93 428.56 -2 4841.580000000001 10 38 0.7372250556945801 3
2 -1 1 475.74 431.48 -4 463.56 1 41 1.920557975769043 3
3 -1 1 513.43 432.72 -1 515.84 1 41 1.698639154434204 3
0 -1 2 451.9 379.15000000000003 -1 432.04999999999995 1 56 3.783789873123169 3
1 -1 2 528.77 416.87000000000006 -2 4788.74 10 38 0.8189890384674072 3
2 -1 2 469.02 423.04999999999995 -2 482.40000000000003 1 41 2.2445409297943115 3
3 -1 2 480.11 434.54 -4 444.94 1 41 2.3750851154327393 3
0 -1 3 545.36 321.34000000000003 -1 321.34000000000003 1 56 0.0070378780364990234 3
1 -1 3 626.62 469.54 -2 4943.52 10 38 0.007085084915161133 3
2 -1 3 595.69 413.14000000000004 -1 413.14000000000004 1 41 0.005499839782714844 3
3 -1 3 581.65 320.3500000000001 -1 320.3500000000001 1 41 0.005419015884399414 3
0 -1 4 428.72 375.39000000000016 -2 445.28 1 56 2.4197840690612793 3
1 -1 4 532.93 428.56 -2 4841.580000000001 10 38 0.6852200031280518 3
2 -1 4 472.03 394.02 -1 467.74 1 41 1.8567922115325928 3
3 -1 4 511.19 429.84 -1 516.69 1 41 1.590682029724121 3
0 -1 5 434.28 378.55 -2 415.07 1 56 3.2094802856445312 3
1 -1 5 513.26 408.6400000000002 -2 4549.78 10 38 0.8960309028625488 3
2 -1 5 466.32 420.53000000000003 -2 473.98 1 41 2.290836811065674 3
3 -1 5 475.3 433.33 -1 454.20000000000005 1 41 2.36966872215271 3
random:3T:1200
0 -1 0 833.3 596.46 -1 782.21 1 56 0.46927499771118164 3
1 -1 0 933.59 604.01 -1 9597.78 10 38 0.2658662796020508 3
2 -1 0 877.28 615.2900000000001 -1 847.7099999999999 1 41 0.3164362907409668 3
3 -1 0 918.4 682.03 -1 869.7200000000001 1 41 0.3504660129547119 3
0 -1 1 576.84 464.01 -1 594.4300000000001 1 56 3.4810240268707275 3
1 -1 1 705.02 588.44 -2 6234.599999999999 10 38 0.9226570129394531 3
2 -1 1 628.37 547.33 -1 653.4200000000001 1 41 2.8815438747406006 3
3 -1 1 654.12 586.73 -2 637.83 1 41 2.1425070762634277 3
0 -1 2 601.05 512.55 -1 557.78 1 56 4.614454984664917 3
1 -1 2 725.7 579.9199999999996 -2 6408.9 10 38 1.1247971057891846 3
2 -1 2 626.9 582.22 -2 656.19 1 41 2.981448173522949 3
3 -1 2 633.81 582.9000000000001 -2 594.9499999999999 1 41 3.1706299781799316 3
0 -1 3 766.77 469.47 -1 469.47 1 56 0.008489847183227539 3
1 -1 3 867.87 663.13 -2 6957.36 10 38 0.008068084716796875 3
2 -1 3 830.58 572.37 -1 572.37 1 41 0.006834268569946289 3
3 -1 3 807.29 475.18000000000006 -1 475.18000000000006 1 41 0.006209135055541992 3
0 -1 4 589.12 522.58 -1 585.6899999999999 1 56 3.1655590534210205 3
1 -1 4 705.02 588.44 -2 6234.599999999999 10 38 0.9644839763641357 3
2 -1 4 632.13 571.3599999999999 -1 668.33 1 41 2.8980419635772705 3
3 -1 4 666.64 600.61 -1 680.5300000000002 1 41 2.6685731410980225 3
0 -1 5 583.79 493.41 -1 552.69 1 56 4.675194025039673 3
1 -1 5 713.49 571.4599999999998 -2 6341.000000000001 10 38 1.2731420993804932 3
2 -1 5 619.37 529.6 -1 636.9399999999999 1 41 3.3320369720458984 3
3 -1 5 646.11 595.6799999999997 -2 597.35 1 41 3.2046990394592285 3
random:3T:1500
0 -1 0 1066.81 792.71 -1 1014.5699999999999 1 56 0.5970759391784668 3
1 -1 0 1176.31 717.9200000000001 -1 12199.119999999999 10 38 0.32901716232299805 3
2 -1 0 1125.11 815.6 -1 1099.56 1 41 0.3906748294830322 3
3 -1 0 1163.7 903.8 -1 1126.4300000000003 1 41 0.42210984230041504 3
0 -1 1 716.81 583.8299999999999 -1 746.14 1 56 3.8630259037017822 3
1 -1 1 895.05 745.3199999999999 -4 8061.86 10 38 1.1749927997589111 3
2 -1 1 812.54 748.2500000000001 -2 810.84 1 41 3.533252716064453 3
3 -1 1 856.15 761.0699999999999 -3 863.29 1 41 2.8562498092651367 3
0 -1 2 753.43 640.58 -1 780.3199999999999 1 56 5.739052057266235 3
1 -1 2 888.5 710.4000000000001 -2 7929.9000000000015 10 38 1.3351638317108154 3
2 -1 2 784.21 725.5 -2 766.4300000000001 1 41 4.046875715255737 3
3 -1 2 812.95 751.64 -2 815.0100000000001 1 41 4.317358016967773 3
0 -1 3 981.54 608.6 -1 608.6 1 56 0.009506940841674805 3
1 -1 3 1102.05 850.7099999999999 -2 8827.4 10 38 0.010036945343017578 3
2 -1 3 1064.6 730.4 -1 730.4 1 41 0.008232355117797852 3
3 -1 3 1033.68 629.7600000000001 -1 629.7600000000001 1 41 0.0073699951171875 3
0 -1 4 721.99 628.5 -2 731.86 1 56 3.815229892730713 3
1 -1 4 895.05 745.3199999999999 -4 8061.86 10 38 1.1563310623168945 3
2 -1 4 800.15 725.18 -1 815.0799999999999 1 41 3.80328106880188 3
3 -1 4 837.98 756.0200000000002 -1 861.4000000000001 1 41 3.2041258811950684 3
0 -1 5 723.42 619.68 -1 747.8500000000001 1 56 4.8754801750183105 3
1 -1 5 889.73 733.7399999999999 -1 7816.959999999999 10 38 1.3470580577850342 3
2 -1 5 780.72 707.5 -1 820.6199999999999 1 41 4.0581300258636475 3
3 -1 5 817.97 752.8499999999999 -2 833.82 1 41 3.368569850921631 3
random:4T:300
0 -1 0 107.41 0 -10 135.96 1 66 0.12299704551696777 4
1 -1 0 120.48 0 -4 287.76 2 53 0.08461618423461914 4
2 -1 0 248.22 235.87000000000006 -2 1458.1800000000003 6 12 0.02510690689086914 4
3 -1 0 171.8 44.33 -1 368.6 2 43 0.08359909057617188 4
0 -1 1 100.15 0.0 -4 88.8 1 66 0.10938191413879395 4
1 -1 1 123.39 39.62000000000001 -1 287.76 2 53 0.6938180923461914 4
2 -1 1 246.26 239.64999999999992 -2 1443.86 6 12 0.05222916603088379 4
3 -1 1 157.61 127.16 -1 279.6 2 43 0.2500901222229004 4
0 -1 2 90.76 0.0 -8 0.0 1 66 1.9285459518432617 4
1 -1 2 101.95 26.26 -1 196.32 2 53 1.5421900749206543 4
2 -1 2 246.26 239.64999999999992 -2 1443.86 6 12 0.05666327476501465 4
3 -1 2 143.46 110.47000000000006 -2 279.6 2 43 0.9501698017120361 4
0 -1 3 88.03 0.0 -10 0.0 1 66 0.004450798034667969 4
1 -1 3 93.88 0.0 -6 0.0 2 53 0.0034999847412109375 4
2 -1 3 228.34 210.47000000000003 -2 1297.92 6 12 0.0024607181549072266 4
3 -1 3 160.85 48.480000000000004 -1 251.9 2 43 0.003464221954345703 4
0 -1 4 100.15 0.0 -4 88.8 1 66 0.10511493682861328 4
1 -1 4 123.39 39.62000000000001 -1 287.76 2 53 0.6932339668273926 4
2 -1 4 246.26 239.64999999999992 -2 1443.86 6 12 0.0527188777923584 4
3 -1 4 157.61 127.16 -1 279.6 2 43 0.25227904319763184 4
0 -1 5 78.46 0 -12 81.11 1 66 1.5156309604644775 4
1 -1 5 93.7 0 -3 223.06 2 53 1.007159948348999 4
2 -1 5 246.26 239.64999999999992 -2 1443.86 6 12 0.05576682090759277 4
3 -1 5 128.69 91.67000000000009 -2 257.58 2 43 1.102663278579712 4
random:4T:600
0 -1 0 312.94 0 -1 321.23 1 66 0.2603912353515625 4
1 -1 0 345.27 144.02 -1 803.1199999999999 2 53 0.1949152946472168 4
2 -1 0 537.69 520.5400000000001 -2 3166.3800000000006 6 12 0.05164480209350586 4
3 -1 0 415.68 249.85 -1 876.66 2 43 0.1690201759338379 4
0 -1 1 256.73 164.76999999999992 -2 174.89 1 66 5.35676383972168 4
1 -1 1 308.35 263.86000000000007 -4 591.5 2 53 1.153310775756836 4
2 -1 1 535.43 524.63 -2 3149.9 6 12 0.1151421070098877 4
3 -1 1 344.73 303.15 -1 704.56 2 43 0.8843441009521484 4
0 -1 2 246.02 178.01 -2 187.6 1 66 3.448570966720581 4
1 -1 2 287.39 239.60999999999999 -1 518.86 2 53 2.57049298286438 4
2 -1 2 535.43 524.63 -2 3149.9 6 12 0.1201331615447998 4
3 -1 2 318.9 272.87 -2 628.88 2 43 1.4450769424438477 4
0 -1 3 287.5 114.25 -1 139.94 1 66 0.007447242736816406 4
1 -1 3 309.23 134.25 -2 268.5 2 53 0.006735086441040039 4
2 -1 3 507.25 479.8199999999999 -2 2914.8799999999997 6 12 0.005010366439819336 4
3 -1 3 396.24 284.71 -2 569.42 2 43 0.0059032440185546875 4
0 -1 4 256.73 164.76999999999992 -2 174.89 1 66 5.691228151321411 4
1 -1 4 308.35 263.86000000000007 -4 591.5 2 53 1.198380708694458 4
2 -1 4 535.43 524.63 -2 3149.9 6 12 0.11825799942016602 4
3 -1 4 342.89 300.67 -1 704.5599999999998 2 43 0.8954219818115234 4
0 -1 5 234.38 176.14 -2 212.96 1 66 3.374277114868164 4
1 -1 5 274.64 214.35999999999999 -2 546.3199999999999 2 53 2.0298569202423096 4
2 -1 5 535.43 524.63 -2 3149.9 6 12 0.11389684677124023 4
3 -1 5 300.59 254.79999999999995 -2 552.66 2 43 1.4474539756774902 4
random:4T:900
0 -1 0 529.73 138.18 -1 535.34 1 66 0.40802621841430664 4
1 -1 0 568.03 322.27 -1 1259.0600000000002 2 53 0.29517316818237305 4
2 -1 0 827.15 805.3999999999994 -2 4874.619999999996 6 12 0.08086776733398438 4
3 -1 0 662.18 441.19 -1 1347.18 2 43 0.24541020393371582 4
0 -1 1 402.73 332.2300000000003 -2 411.20000000000005 1 66 5.821765899658203 4
1 -1 1 463.14 379.19 -1 904.52 2 53 2.0168938636779785 4
2 -1 1 825.1 809.1899999999999 -2 4859.62 6 12 0.16462206840515137 4
3 -1 1 505.24 420.16 -1 1024.8 2 43 1.3707091808319092 4
0 -1 2 415.21 322.84999999999997 -1 383.24 1 66 5.33116602897644 4
1 -1 2 439.53 356.96000000000004 -1 777.3 2 53 2.9589340686798096 4
2 -1 2 825.1 809.1899999999999 -2 4859.62 6 12 0.16836905479431152 4
3 -1 2 483.86 432.06 -4 993.78 2 43 1.8826470375061035 4
0 -1 3 479.32 238.14 -1 238.14 1 66 0.007295846939086914 4
1 -1 3 531.58 281.97 -2 563.94 2 53 0.006567239761352539 4
2 -1 3 786.09 749.0799999999999 -2 4531.280000000001 6 12 0.006371021270751953 4
3 -1 3 631.94 460.86999999999995 -2 921.7399999999999 2 43 0.006479024887084961 4
0 -1 4 407.57 327.0700000000004 -2 408.29 1 66 5.766333103179932 4
1 -1 4 464.98 384.64 -1 914.12 2 53 1.8754751682281494 4
2 -1 4 825.1 809.1899999999999 -2 4859.62 6 12 0.16355609893798828 4
3 -1 4 501.8 405.48 -1 1046.0399999999997 2 43 1.3778648376464844 4
0 -1 5 396.0 325.37 -2 358.51 1 66 4.379612922668457 4
1 -1 5 434.99 367.35 -2 858.86 2 53 2.8022947311401367 4
2 -1 5 825.1 809.1899999999999 -2 4859.62 6 12 0.17287707328796387 4
3 -1 5 467.87 413.88 -2 953.8599999999999 2 43 1.844660997390747 4
random:4T:1200
0 -1 0 750.91 301.32 -1 762.87 1 66 0.5556585788726807 4
1 -1 0 796.27 483.78999999999996 -1 1738.3400000000004 2 53 0.4036548137664795 4
2 -1 0 1116.64 1090.0799999999988 -2 6582.939999999993 6 12 0.1086881160736084 4
3 -1 0 903.95 599.58 -1 1866.2400000000005 2 43 0.33064889907836914 4
0 -1 1 531.38 429.7 -1 559.91 1 66 4.650544881820679 4
1 -1 1 618.05 512.42 -1 1255.7399999999998 2 53 2.9251210689544678 4
2 -1 1 1114.57 1094.1699999999994 -2 6567.9199999999955 6 12 0.2252192497253418 4
3 -1 1 662.76 614.15 -4 1276.44 2 43 1.9574179649353027 4
0 -1 2 559.37 462.84000000000003 -1 537.64 1 66 6.807049036026001 4
1 -1 2 601.96 520.99 -1 1172.52 2 53 4.332175970077515 4
2 -1 2 1114.57 1094.1699999999994 -2 6567.9199999999955 6 12 0.2245638370513916 4
3 -1 2 637.44 589.02 -2 1250.1999999999998 2 43 2.369645118713379 4
0 -1 3 681.74 348.81 -1 348.81 1 66 0.008640050888061523 4
1 -1 3 755.35 425.63 -2 851.26 2 53 0.007735013961791992 4
2 -1 3 1064.87 1018.2300000000001 -2 6147.060000000001 6 12 0.008382081985473633 4
3 -1 3 869.12 638.9 -2 1277.8 2 43 0.0076940059661865234 4
0 -1 4 529.45 418.34 -1 560.5 1 66 4.757573127746582 4
1 -1 4 614.1 518.56 -1 1258.06 2 53 2.7752418518066406 4
2 -1 4 1114.57 1094.1699999999994 -2 6567.9199999999955 6 12 0.2106618881225586 4
3 -1 4 655.42 582.17 -1 1305.4600000000003 2 43 1.6928799152374268 4
0 -1 5 541.48 469.11 -2 472.46000000000004 1 66 5.395668983459473 4
1 -1 5 580.33 517.9300000000001 -4 1145.08 2 53 3.4004549980163574 4
2 -1 5 1114.57 1094.1699999999994 -2 6567.9199999999955 6 12 0.22593402862548828 4
3 -1 5 629.4 578.8899999999999 -2 1245.3999999999996 2 43 2.489743232727051 4
random:4T:1500
0 -1 0 972.5 522.9100000000001 -1 972.1800000000001 1 66 0.6681280136108398 4
1 -1 0 1009.0 571.9300000000001 -1 2294.1800000000007 2 53 0.48830103874206543 4
2 -1 0 1406.13 1374.5999999999997 -2 8291.339999999998 6 12 0.1271829605102539 4
3 -1 0 1137.72 751.26 -1 2371.7600000000007 2 43 0.3898792266845703 4
0 -1 1 665.93 555.5899999999999 -1 708.5100000000001 1 66 5.618458032608032 4
1 -1 1 767.0 704.42 -1 1498.54 2 53 3.324802875518799 4
2 -1 1 1403.92 1378.54 -2 8275.159999999996 6 12 0.27254700660705566 4
3 -1 1 857.13 748.17 -1 1713.9799999999996 2 43 2.4630720615386963 4
0 -1 2 680.19 554.63 -1 667.98 1 66 7.166405916213989 4
1 -1 2 760.14 681.2400000000001 -1 1489.6000000000001 2 53 5.100081205368042 4
2 -1 2 1403.93 1378.8999999999999 -2 8275.319999999996 6 12 0.2800300121307373 4
3 -1 2 795.52 741.75 -1 1668.2399999999996 2 43 2.9786159992218018 4
0 -1 3 893.35 485.8 -1 485.8 1 66 0.011388063430786133 4
1 -1 3 978.41 564.2099999999999 -2 1128.4199999999998 2 53 0.009360790252685547 4
2 -1 3 1343.69 1287.8699999999994 -2 7763.380000000001 6 12 0.010023832321166992 4
3 -1 3 1107.18 810.2900000000001 -2 1620.5800000000002 2 43 0.008920907974243164 4
0 -1 4 671.67 544.69 -2 701.8100000000001 1 66 5.983976125717163 4
1 -1 4 755.78 659.9699999999999 -1 1500.54 2 53 3.322120189666748 4
2 -1 4 1403.93 1378.8999999999999 -2 8275.319999999996 6 12 0.27075719833374023 4
3 -1 4 842.05 758.98 -1 1653.6799999999998 2 43 2.4503836631774902 4
0 -1 5 662.98 534.8 -1 626.02 1 66 6.0878119468688965 4
1 -1 5 756.67 680.16 -2 1385.52 2 53 4.439486026763916 4
2 -1 5 1403.92 1378.54 -2 8275.159999999996 6 12 0.2751619815826416 4
3 -1 5 776.7 730.9399999999999 -1 1478.4799999999998 2 43 2.8807296752929688 4
