random:0T:300
0 -1 0 125.17 0 -12 1874.2800000000002 11 69 0.13414502143859863 0
1 -1 0 109.52 0 -12 151.64000000000001 2 67 0.15751290321350098 0
2 -1 0 131.03 0 -1 130.22 1 41 0.085662841796875 0
0 -1 1 122.1 0.78 -1 1417.3599999999997 11 69 0.09047508239746094 0
1 -1 1 107.77 0 -3 210.20999999999998 2 67 0.12586092948913574 0
2 -1 1 120.37 79.02 -1 81.73 1 41 0.9350299835205078 0
0 -1 2 114.82 0 -2 1303.13 11 69 1.6710002422332764 0
1 -1 2 95.13 0.0 -5 121.18 2 67 2.3477418422698975 0
2 -1 2 118.22 72.48 -1 91.76 1 41 1.4497647285461426 0
0 -1 3 108.21 0.0 -4 965.7200000000001 11 69 0.0045778751373291016 0
1 -1 3 84.37 0.0 -12 0.0 2 67 0.004361152648925781 0
2 -1 3 123.74 0.0 -1 90.18 1 41 0.0029413700103759766 0
0 -1 4 122.1 0.78 -1 1417.3599999999997 11 69 0.08296704292297363 0
1 -1 4 107.77 0.0 -3 210.20999999999998 2 67 0.10831904411315918 0
2 -1 4 120.37 79.02 -1 81.73 1 41 0.8298909664154053 0
0 -1 5 93.9 0 -7 1080.3 11 69 1.2577171325683594 0
1 -1 5 78.76 0.0 -12 57.08 2 67 1.615102767944336 0
2 -1 5 117.58 68.05 -1 70.94 1 41 1.2354099750518799 0
random:0T:600
0 -1 0 333.41 0 -1 4136.75 11 69 0.279818058013916 0
1 -1 0 319.09 84.38 -1 462.20000000000005 2 67 0.2819960117340088 0
2 -1 0 378.87 205.19 -1 372.69 1 41 0.14914798736572266 0
0 -1 1 288.3 197.0999999999999 -2 2874.79 11 69 2.421088933944702 0
1 -1 1 297.78 241.87 -2 537.1600000000001 2 67 1.5112991333007812 0
2 -1 1 310.91 267.5500000000001 -2 306.43 1 41 1.2164602279663086 0
0 -1 2 294.94 218.51999999999998 -3 2966.2900000000004 11 69 2.958250045776367 0
1 -1 2 258.64 197.71 -2 445.17 2 67 3.9156088829040527 0
2 -1 2 300.41 259.18 -2 287.18 1 41 1.788527250289917 0
0 -1 3 307.45 165.44 -1 2299.9799999999996 11 69 0.00647282600402832 0
1 -1 3 280.08 91.13 -1 221.28 2 67 0.005691051483154297 0
2 -1 3 359.56 252.36 -1 252.36 1 41 0.004754066467285156 0
0 -1 4 288.3 197.0999999999999 -2 2874.79 11 69 2.4929277896881104 0
1 -1 4 297.78 241.87 -2 537.1600000000001 2 67 1.5736792087554932 0
2 -1 4 309.05 267.5400000000001 -2 305.33 1 41 1.2720401287078857 0
0 -1 5 265.09 197.13000000000002 -1 2577.1899999999996 11 69 2.841953992843628 0
1 -1 5 233.45 166.07999999999998 -1 336.34000000000003 2 67 4.624892950057983 0
2 -1 5 301.93 257.9 -2 259.46999999999997 1 41 1.619143009185791 0
random:0T:900
0 -1 0 541.28 0 -1 6548.93 11 69 0.4008209705352783 0
1 -1 0 542.26 301.85 -1 828.07 2 67 0.4344639778137207 0
2 -1 0 627.01 417.09999999999997 -1 617.33 1 41 0.23475193977355957 0
0 -1 1 456.71 360.33000000000015 -2 4764.69 11 69 2.899725914001465 0
1 -1 1 452.36 365.81 -1 824.0699999999999 2 67 2.481703042984009 0
2 -1 1 475.38 431.09 -2 463.41999999999996 1 41 1.9613618850708008 0
0 -1 2 465.65 366.54999999999995 -3 4778.18 11 69 4.086642265319824 0
1 -1 2 421.11 345.67 -1 821.78 2 67 5.903970956802368 0
2 -1 2 468.56 422.90999999999997 -2 482.06 1 41 2.580172061920166 0
0 -1 3 514.22 319.16999999999996 -1 3656.99 11 69 0.008755207061767578 0
1 -1 3 450.45 177.99 -1 359.49 2 67 0.0067691802978515625 0
2 -1 3 595.39 412.98 -1 412.98 1 41 0.006825923919677734 0
0 -1 4 456.71 360.33000000000015 -2 4764.69 11 69 3.2991631031036377 0
1 -1 4 449.81 368.03 -1 824.0699999999999 2 67 2.937809944152832 0
2 -1 4 471.67 393.60999999999996 -1 467.59 1 41 2.1298611164093018 0
0 -1 5 446.03 345.44 -6 4439.6 11 69 3.867889165878296 0
1 -1 5 388.07 306.88 -2 652.8299999999999 2 67 5.100559949874878 0
2 -1 5 465.96 420.12000000000006 -2 473.57 1 41 2.8010220527648926 0
random:0T:1200
0 -1 0 754.09 0 -1 9268.320000000002 11 69 0.6554718017578125 0
1 -1 0 762.1 391.09 -1 1223.9299999999998 2 67 0.6542336940765381 0
2 -1 0 874.92 631.1499999999999 -1 862.6600000000002 1 41 0.36777710914611816 0
0 -1 1 623.44 437.91 -2 6389.3099999999995 11 69 4.305966138839722 0
1 -1 1 585.29 441.42 -1 1180.0900000000001 2 67 4.411833047866821 0
2 -1 1 628.0 547.02 -1 653.0400000000001 1 41 3.101428985595703 0
0 -1 2 629.32 517.03 -2 6373.919999999999 11 69 6.019282817840576 0
1 -1 2 556.48 486.45 -2 1029.44 2 67 7.693665981292725 0
2 -1 2 626.54 581.83 -2 656.0100000000001 1 41 3.0679831504821777 0
0 -1 3 725.81 466.3599999999999 -1 5340.079999999999 11 69 0.01076197624206543 0
1 -1 3 660.04 313.25 -1 638.3499999999999 2 67 0.009498834609985352 0
2 -1 3 830.3 572.23 -1 572.23 1 41 0.010352134704589844 0
0 -1 4 621.52 436.91 -1 6397.449999999999 11 69 4.204410791397095 0
1 -1 4 578.73 441.41 -1 1176.74 2 67 4.147543907165527 0
2 -1 4 631.77 570.9899999999999 -1 668.03 1 41 3.036134958267212 0
0 -1 5 604.08 483.59000000000003 -1 6109.1 11 69 5.132201194763184 0
1 -1 5 529.41 450.8600000000001 -2 968.8900000000001 2 67 6.2970640659332275 0
2 -1 5 619.03 529.26 -1 636.81 1 41 3.057913064956665 0
random:0T:1500
0 -1 0 948.07 164.98 -1 11779.370000000003 11 69 0.6529998779296875 0
1 -1 0 977.42 603.0799999999999 -1 1597.83 2 67 0.6366410255432129 0
2 -1 0 1122.1 849.3399999999999 -1 1115.18 1 41 0.37007784843444824 0
0 -1 1 766.93 577.13 -2 7811.070000000001 11 69 3.6545369625091553 0
1 -1 1 707.0 526.14 -1 1412.8400000000001 2 67 4.301446199417114 0
2 -1 1 812.06 748.0400000000001 -2 810.74 1 41 3.2031819820404053 0
0 -1 2 790.12 609.56 -1 8053.529999999999 11 69 5.731388807296753 0
1 -1 2 688.22 572.75 -1 1322.8899999999999 2 67 8.157129049301147 0
2 -1 2 783.81 725.28 -2 766.3700000000001 1 41 3.637932062149048 0
0 -1 3 930.81 604.1199999999999 -1 6947.56 11 69 0.011245965957641602 0
1 -1 3 831.85 369.72 -1 742.07 2 67 0.009057760238647461 0
2 -1 3 1064.33 730.28 -1 730.28 1 41 0.008269071578979492 0
0 -1 4 769.36 578.21 -2 7913.42 11 69 3.798800230026245 0
1 -1 4 698.82 528.67 -1 1415.1399999999999 2 67 4.362231969833374 0
2 -1 4 799.71 724.78 -1 814.9599999999999 1 41 3.429286003112793 0
0 -1 5 748.02 549.97 -1 7541.22 11 69 5.069972991943359 0
1 -1 5 652.56 546.8100000000001 -1 1244.76 2 67 7.084774971008301 0
2 -1 5 780.31 706.83 -1 820.3699999999999 1 41 3.7768189907073975 0
random:1T:300
0 -1 0 179.11 81.5 -1 1571.1 8 35 0.05773115158081055 1
1 -1 0 103.03 0 -11 281.82 2 82 0.1808779239654541 1
2 -1 0 106.98 0 -7 294.71999999999997 2 58 0.09660077095031738 1
0 -1 1 162.43 133.19999999999996 -1 1109.18 8 35 0.44039392471313477 1
1 -1 1 94.5 0.0 -6 171.31 2 82 0.1461639404296875 1
2 -1 1 114.46 0.0 -2 276.18 2 58 0.07536482810974121 1
0 -1 2 142.2 99.89000000000007 -2 955.4399999999999 8 35 0.4010798931121826 1
1 -1 2 81.0 0.0 -9 80.53 2 82 3.149775743484497 1
2 -1 2 98.76 37.64 -1 187.6 2 58 1.9375619888305664 1
0 -1 3 151.36 89.32 -1 914.4200000000001 8 35 0.0028657913208007812 1
1 -1 3 81.38 0.0 -13 52.52 2 82 0.005203962326049805 1
2 -1 3 90.96 0.0 -7 0.0 2 58 0.0036449432373046875 1
0 -1 4 162.43 133.19999999999996 -1 1109.18 8 35 0.42021918296813965 1
1 -1 4 94.5 0.0 -6 171.31 2 82 0.14110279083251953 1
2 -1 4 114.46 0.0 -2 276.18 2 58 0.07199811935424805 1
0 -1 5 130.2 98.12999999999997 -1 928.78 8 35 0.4844489097595215 1
1 -1 5 78.84 0 -12 81.91 2 82 2.7227940559387207 1
2 -1 5 85.64 0 -3 276.15999999999997 2 58 1.1461598873138428 1
random:1T:600
0 -1 0 430.67 270.23 -1 3673.8200000000006 8 35 0.11893677711486816 1
1 -1 0 302.96 0 -3 668.13 2 82 0.32958292961120605 1
2 -1 0 335.74 194.96 -1 747.06 2 58 0.19990205764770508 1
0 -1 1 412.57 377.92 -1 3126.1 8 35 0.4872629642486572 1
1 -1 1 249.74 140.27000000000015 -2 348.38 2 82 9.12474799156189 1
2 -1 1 294.48 170.49999999999991 -2 371.7400000000001 2 58 4.388463258743286 1
0 -1 2 335.26 267.77 -4 2287.38 8 35 0.7873570919036865 1
1 -1 2 238.8 189.04 -2 450.52 2 82 5.385652780532837 1
2 -1 2 282.19 230.95999999999992 -2 501.53999999999996 2 58 2.972148895263672 1
0 -1 3 396.91 313.11 -2 2561.36 8 35 0.004630088806152344 1
1 -1 3 265.52 4.89 -1 315.09000000000003 2 82 0.006382942199707031 1
2 -1 3 296.72 115.59 -2 231.18 2 58 0.005185127258300781 1
0 -1 4 398.46 342.7900000000004 -2 2957.9 8 35 0.7696161270141602 1
1 -1 4 249.74 140.27000000000015 -2 348.38 2 82 9.145780086517334 1
2 -1 4 294.48 170.49999999999991 -2 371.7400000000001 2 58 4.3463921546936035 1
0 -1 5 330.27 272.17999999999995 -2 2371.44 8 35 0.5826177597045898 1
1 -1 5 236.61 145.63999999999996 -1 328.51 2 82 6.327178955078125 1
2 -1 5 257.56 203.84999999999997 -2 537.34 2 58 2.5188090801239014 1
random:1T:900
0 -1 0 671.72 389.05 -1 5855.239999999998 8 35 0.19634294509887695 1
1 -1 0 509.88 114.13 -1 1019.62 2 82 0.5344090461730957 1
2 -1 0 562.43 332.47 -1 1206.0 2 58 0.3098621368408203 1
0 -1 1 649.06 589.1700000000001 -2 4943.52 8 35 1.010037899017334 1
1 -1 1 390.95 304.2300000000002 -2 671.3 2 82 9.862574100494385 1
2 -1 1 427.2 347.03000000000054 -2 856.8600000000002 2 58 7.233752727508545 1
0 -1 2 538.44 434.0700000000001 -2 3906.54 8 35 1.04484224319458 1
1 -1 2 385.26 310.46 -2 670.75 2 82 8.108154058456421 1
2 -1 2 452.01 398.2799999999999 -4 918.9399999999999 2 58 4.399216175079346 1
0 -1 3 636.84 504.18000000000006 -2 4111.54 8 35 0.006632089614868164 1
1 -1 3 431.52 188.10999999999999 -1 411.45 2 82 0.008347749710083008 1
2 -1 3 509.52 220.03 -2 440.06 2 58 0.006289005279541016 1
0 -1 4 602.27 536.1100000000007 -2 4487.72 8 35 1.3478620052337646 1
1 -1 4 390.95 304.2300000000002 -2 671.3 2 82 9.574824094772339 1
2 -1 4 427.2 347.03000000000054 -2 856.8600000000002 2 58 6.925820827484131 1
0 -1 5 517.97 431.64 -4 3752.8599999999997 8 35 0.824897050857544 1
1 -1 5 396.4 321.34000000000003 -1 748.18 2 82 8.093044996261597 1
2 -1 5 410.39 343.63 -1 857.6200000000001 2 58 3.2687129974365234 1
random:1T:1200
0 -1 0 918.95 597.58 -1 7973.359999999995 8 35 0.27879881858825684 1
1 -1 0 714.44 271.97 -1 1459.59 2 82 0.7472608089447021 1
2 -1 0 786.05 518.36 -1 1661.1600000000003 2 58 0.44510388374328613 1
0 -1 1 839.88 763.14 -2 6300.140000000001 8 35 1.2394862174987793 1
1 -1 1 524.48 418.33 -1 980.23 2 82 7.935661792755127 1
2 -1 1 539.76 428.5 -2 1178.7200000000003 2 58 5.549489974975586 1
0 -1 2 715.73 604.8199999999999 -2 5061.580000000001 8 35 1.3118042945861816 1
1 -1 2 540.35 449.84 -1 1043.07 2 82 10.40701413154602 1
2 -1 2 599.03 544.6800000000001 -2 1205.5 2 58 5.194789886474609 1
0 -1 3 878.65 700.9100000000001 -2 5650.6 8 35 0.008615970611572266 1
1 -1 3 625.2 332.12 -1 685.3199999999999 2 82 0.009416818618774414 1
2 -1 3 709.56 340.54 -2 681.08 2 58 0.00780487060546875 1
0 -1 4 879.34 798.2 -2 6664.560000000001 8 35 1.3419189453125 1
1 -1 4 524.39 423.02 -2 983.58 2 82 8.032409191131592 1
2 -1 4 544.32 430.5 -1 1175.1600000000003 2 58 6.241999864578247 1
0 -1 5 704.73 595.1 -2 5139.52 8 35 1.0856029987335205 1
1 -1 5 523.78 401.78 -1 947.8099999999998 2 82 9.691236972808838 1
2 -1 5 571.32 498.85 -1 1171.1200000000001 2 58 4.414904832839966 1
random:1T:1500
0 -1 0 1143.92 671.35 -1 10172.879999999994 8 35 0.34447193145751953 1
1 -1 0 922.91 326.2 -1 1865.5099999999998 2 82 0.8974370956420898 1
2 -1 0 1005.28 677.76 -1 2188.380000000001 2 58 0.5522382259368896 1
0 -1 1 1076.52 981.57 -2 8093.580000000001 8 35 1.6156432628631592 1
1 -1 1 645.79 468.51000000000005 -1 1216.8 2 82 8.571501016616821 1
2 -1 1 701.08 576.09 -2 1462.8000000000002 2 58 6.818072080612183 1
0 -1 2 922.67 774.0300000000002 -2 6680.1 8 35 1.958650827407837 1
1 -1 2 653.4 506.17 -1 1227.49 2 82 13.243808031082153 1
2 -1 2 746.12 615.04 -1 1495.1000000000001 2 58 6.806105852127075 1
0 -1 3 1123.16 903.1800000000001 -2 7285.380000000001 8 35 0.012766122817993164 1
1 -1 3 794.84 377.39 -1 768.83 2 82 0.01304173469543457 1
2 -1 3 916.35 486.86 -2 973.72 2 58 0.01031494140625 1
0 -1 4 1087.97 997.78 -2 8216.1 8 35 1.7716143131256104 1
1 -1 4 648.75 486.91 -1 1216.81 2 82 9.856446981430054 1
2 -1 4 697.09 575.9399999999999 -2 1462.2199999999998 2 58 7.494713306427002 1
0 -1 5 885.6 740.34 -1 6406.240000000001 8 35 1.4660170078277588 1
1 -1 5 653.6 515.26 -1 1221.4999999999998 2 82 11.090310096740723 1
2 -1 5 723.3 653.05 -1 1465.1999999999996 2 58 6.1533708572387695 1
random:2T:300
0 -1 0 180.32 136.59 -1 375.46000000000004 2 35 0.06261825561523438 2
1 -1 0 120.58 4.85 -1 0 0 64 0.13164901733398438 2
2 -1 0 162.06 74.62 -1 1109.56 6 40 0.0620579719543457 2
0 -1 1 155.68 121.69000000000011 -4 274.22 2 35 0.5012390613555908 2
1 -1 1 115.88 0.0 -1 0 0 64 0.07954192161560059 2
2 -1 1 147.77 110.77000000000012 -4 829.2 6 40 0.45703983306884766 2
0 -1 2 159.03 127.44 -2 260.62 2 35 0.32424330711364746 2
1 -1 2 107.6 0.0 -3 0 0 64 1.2709248065948486 2
2 -1 2 140.43 116.5 -4 716.8799999999999 6 40 0.35480308532714844 2
0 -1 3 169.91 92.33999999999999 -1 234.32 2 35 0.003139019012451172 2
1 -1 3 121.08 0.0 -4 0 0 64 0.004429817199707031 2
2 -1 3 146.08 72.72 -1 503.67999999999995 6 40 0.003120899200439453 2
0 -1 4 155.68 121.69000000000011 -4 274.22 2 35 0.47142910957336426 2
1 -1 4 115.88 0.0 -1 0 0 64 0.07241582870483398 2
2 -1 4 147.77 110.77000000000012 -4 829.2 6 40 0.4358363151550293 2
0 -1 5 125.61 89.86999999999999 -1 228.24 2 35 0.44025492668151855 2
1 -1 5 87.97 0.0 -6 0 0 64 1.1520121097564697 2
2 -1 5 141.28 116.47 -2 716.22 6 40 0.3942849636077881 2
random:2T:600
0 -1 0 440.14 394.01 -2 841.7400000000001 2 35 0.12098002433776855 2
1 -1 0 351.57 262.75 -1 0 0 64 0.24950885772705078 2
2 -1 0 413.79 314.43 -1 2669.44 6 40 0.1331920623779297 2
0 -1 1 352.85 292.0500000000003 -4 692.76 2 35 1.1174490451812744 2
1 -1 1 298.9 256.82 -4 0 0 64 0.7760889530181885 2
2 -1 1 343.92 279.7000000000001 -4 1961.12 6 40 0.596858024597168 2
0 -1 2 358.96 312.0600000000003 -4 640.52 2 35 1.6882269382476807 2
1 -1 2 287.44 232.0799999999999 -2 0 0 64 3.20637583732605 2
2 -1 2 343.06 284.8700000000001 -4 1892.8399999999997 6 40 0.8586208820343018 2
0 -1 3 421.27 318.20000000000005 -2 636.4000000000001 2 35 0.004926919937133789 2
1 -1 3 339.33 216.71 -1 0 0 64 0.006433010101318359 2
2 -1 3 392.21 265.73 -2 1642.1200000000001 6 40 0.00481104850769043 2
0 -1 4 352.17 290.2800000000002 -4 688.66 2 35 0.9537720680236816 2
1 -1 4 298.58 256.82 -4 0 0 64 1.0354406833648682 2
2 -1 4 343.92 279.7000000000001 -4 1961.12 6 40 0.584183931350708 2
0 -1 5 336.42 275.0599999999999 -4 644.82 2 35 1.0640308856964111 2
1 -1 5 267.61 212.79 -2 0 0 64 2.202526092529297 2
2 -1 5 343.34 285.1200000000002 -4 1895.8200000000002 6 40 0.903095006942749 2
random:2T:900
0 -1 0 699.68 647.79 -2 1309.7 2 35 0.16828417778015137 2
1 -1 0 584.76 501.39 -1 0 0 64 0.3746001720428467 2
2 -1 0 663.5 551.53 -1 4225.359999999999 6 40 0.20738506317138672 2
0 -1 1 520.33 444.42 -1 1070.38 2 35 1.0133471488952637 2
1 -1 1 455.72 386.14 -2 0 0 64 1.7014179229736328 2
2 -1 1 530.78 451.6000000000002 -4 2976.2400000000002 6 40 0.9853837490081787 2
0 -1 2 538.45 436.45 -1 1068.1599999999999 2 35 1.175874948501587 2
1 -1 2 451.05 389.22000000000014 -2 0 0 64 3.6332757472991943 2
2 -1 2 528.85 455.0900000000001 -4 2970.5000000000005 6 40 1.143293857574463 2
0 -1 3 670.18 496.34999999999997 -2 992.6999999999999 2 35 0.00764012336730957 2
1 -1 3 563.53 469.79 -1 0 0 64 0.008170127868652344 2
2 -1 3 637.38 463.68 -2 2809.34 6 40 0.007007122039794922 2
0 -1 4 514.16 428.06 -2 1071.92 2 35 1.026196002960205 2
1 -1 4 451.35 381.15 -1 0 0 64 1.5311450958251953 2
2 -1 4 523.59 402.93999999999994 -2 2977.46 6 40 1.0196559429168701 2
0 -1 5 505.75 436.09999999999997 -1 987.22 2 35 1.5077128410339355 2
1 -1 5 433.76 368.50000000000006 -4 0 0 64 3.037760019302368 2
2 -1 5 525.3 456.69000000000005 -4 2929.9599999999996 6 40 1.1659951210021973 2
random:2T:1200
0 -1 0 956.97 901.1800000000001 -2 1820.7000000000005 2 35 0.238569974899292 2
1 -1 0 817.7 755.25 -1 0 0 64 0.49906110763549805 2
2 -1 0 913.34 775.01 -1 5738.419999999999 6 40 0.271806001663208 2
0 -1 1 687.1 576.9 -1 1365.2000000000003 2 35 1.2123048305511475 2
1 -1 1 589.67 457.2 -1 0 0 64 1.9437999725341797 2
2 -1 1 706.85 623.3199999999996 -4 4029.3199999999997 6 40 1.3933920860290527 2
0 -1 2 687.99 614.61 -1 1377.8600000000001 2 35 1.1739027500152588 2
1 -1 2 595.81 532.24 -1 0 0 64 4.133860111236572 2
2 -1 2 704.82 584.97 -2 4105.28 6 40 1.5399348735809326 2
0 -1 3 922.31 699.8499999999999 -2 1399.6999999999998 2 35 0.008291006088256836 2
1 -1 3 790.11 719.26 -1 0 0 64 0.010059833526611328 2
2 -1 3 886.02 660.07 -2 4000.4000000000005 6 40 0.008932113647460938 2
0 -1 4 682.33 577.42 -1 1396.76 2 35 1.0524399280548096 2
1 -1 4 592.29 470.76 -1 0 0 64 2.1113510131835938 2
2 -1 4 707.62 623.2199999999996 -4 4045.4600000000005 6 40 1.585709810256958 2
0 -1 5 708.39 614.2599999999985 -4 1248.04 2 35 2.119229316711426 2
1 -1 5 581.83 510.35 -1 0 0 64 3.16103196144104 2
2 -1 5 711.67 624.5199999999999 -4 4110.0599999999995 6 40 1.4953229427337646 2
random:2T:1500
0 -1 0 1214.61 1143.27 -2 2297.88 2 35 0.284696102142334 2
1 -1 0 1050.4 980.6899999999999 -1 0 0 64 0.5789070129394531 2
2 -1 0 1140.07 909.38 -2 7415.079999999996 6 40 0.34882307052612305 2
0 -1 1 867.38 773.3500000000001 -2 1613.84 2 35 0.963062047958374 2
1 -1 1 738.91 654.6999999999999 -1 0 0 64 2.551100730895996 2
2 -1 1 910.74 788.87 -4 5071.64 6 40 1.6315128803253174 2
0 -1 2 885.93 784.6899999999999 -2 1747.46 2 35 1.5102062225341797 2
1 -1 2 740.04 640.3100000000001 -1 0 0 64 4.469066143035889 2
2 -1 2 906.15 787.4599999999996 -4 5064.2 6 40 2.0499908924102783 2
0 -1 3 1170.49 875.6399999999999 -2 1751.2799999999997 2 35 0.010191202163696289 2
1 -1 3 1013.63 964.88 -1 0 0 64 0.011827945709228516 2
2 -1 3 1129.07 845.64 -2 5101.460000000001 6 40 0.010721206665039062 2
0 -1 4 859.65 755.3499999999999 -2 1617.9999999999998 2 35 0.9955742359161377 2
1 -1 4 730.92 655.49 -1 0 0 64 2.8023269176483154 2
2 -1 4 902.73 726.2 -2 5074.66 6 40 1.7052910327911377 2
0 -1 5 892.28 785.2299999999988 -4 1721.7 2 35 2.1161348819732666 2
1 -1 5 716.89 599.21 -1 0 0 64 3.8362491130828857 2
2 -1 5 910.56 791.28 -4 5101.22 6 40 1.993351936340332 2
random:3T:300
0 -1 0 118.15 0 -5 130.33 1 61 0.12908387184143066 3
1 -1 0 121.41 0 -9 1446.2799999999995 11 74 0.149519681930542 3
2 -1 0 131.6 0 -1 130.85 1 41 0.07500791549682617 3
0 -1 1 111.01 0.49 -1 138.27 1 61 0.09465599060058594 3
1 -1 1 121.84 0.0 -1 1415.08 11 74 0.09621286392211914 3
2 -1 1 120.8 79.73 -1 82.15 1 41 0.8582990169525146 3
0 -1 2 105.17 0 -3 119.86 1 61 1.8470149040222168 3
1 -1 2 115.9 0.0 -1 1258.3000000000002 11 74 2.1016757488250732 3
2 -1 2 118.64 73.19 -1 92.14 1 41 1.3025801181793213 3
0 -1 3 101.15 0.0 -6 40.96 1 61 0.0046961307525634766 3
1 -1 3 101.26 0.0 -7 791.44 11 74 0.004971027374267578 3
2 -1 3 124.03 0.0 -1 90.38 1 41 0.003041982650756836 3
0 -1 4 111.01 0.49 -1 138.27 1 61 0.09016013145446777 3
1 -1 4 121.84 0.0 -1 1415.08 11 74 0.09518694877624512 3
2 -1 4 120.8 79.73 -1 82.15 1 41 0.8322770595550537 3
0 -1 5 97.64 0 -3 97.98 1 61 1.8144731521606445 3
1 -1 5 79.54 0.0 -13 816.6400000000002 11 74 1.280040979385376 3
2 -1 5 118.0 68.76 -1 71.39 1 41 1.2317698001861572 3
random:3T:600
0 -1 0 339.04 167.37 -1 310.87 1 61 0.2606778144836426 3
1 -1 0 329.86 0 -1 3486.73 11 74 0.2802588939666748 3
2 -1 0 379.23 197.08 -1 372.34000000000003 1 41 0.15353178977966309 3
0 -1 1 281.54 215.26999999999992 -2 294.21000000000004 1 61 1.6922519207000732 3
1 -1 1 272.49 187.97 -4 2571.0299999999997 11 74 1.0496840476989746 3
2 -1 1 311.31 267.97000000000014 -2 306.85 1 41 1.1978487968444824 3
0 -1 2 287.56 227.88999999999993 -2 279.85 1 61 4.301308870315552 3
1 -1 2 253.65 174.41000000000005 -2 2052.98 11 74 5.987834930419922 3
2 -1 2 300.78 259.60999999999996 -2 287.40000000000003 1 41 1.9761021137237549 3
0 -1 3 308.42 164.26000000000002 -1 164.26000000000002 1 61 0.006947994232177734 3
1 -1 3 291.64 148.8 -1 1884.5199999999998 11 74 0.007261037826538086 3
2 -1 3 359.87 252.54000000000002 -1 252.54000000000002 1 41 0.004932880401611328 3
0 -1 4 281.54 215.26999999999992 -2 294.21000000000004 1 61 1.9281809329986572 3
1 -1 4 272.49 187.97 -4 2571.0299999999997 11 74 1.1077780723571777 3
2 -1 4 309.45 267.9700000000001 -2 305.74 1 41 1.2392888069152832 3
0 -1 5 275.73 213.02 -1 264.61 1 61 3.2794511318206787 3
1 -1 5 225.61 149.07 -2 1887.05 11 74 3.4622228145599365 3
2 -1 5 302.31 258.32 -2 259.69 1 41 1.6435880661010742 3
random:3T:900
0 -1 0 571.21 343.38 -1 525.49 1 61 0.41399717330932617 3
1 -1 0 549.92 135.83 -1 5865.54 11 74 0.44216108322143555 3
2 -1 0 627.95 408.51 -1 616.4399999999999 1 41 0.24979209899902344 3
0 -1 1 431.92 378.74000000000007 -2 448.88 1 61 2.830124855041504 3
1 -1 1 427.53 341.89 -2 4089.69 11 74 2.217318058013916 3
2 -1 1 475.74 431.48 -4 463.56 1 41 1.8928029537200928 3
0 -1 2 447.04 373.87 -1 435.82 1 61 4.611350059509277 3
1 -1 2 418.85 311.45 -1 3670.25 11 74 4.3270509243011475 3
2 -1 2 469.02 423.04999999999995 -2 482.40000000000003 1 41 2.404026746749878 3
0 -1 3 525.78 312.05 -1 312.05 1 61 0.008836984634399414 3
1 -1 3 497.3 280.14 -1 3531.4399999999996 11 74 0.008819818496704102 3
2 -1 3 595.69 413.14000000000004 -1 413.14000000000004 1 41 0.006647825241088867 3
0 -1 4 432.75 362.5 -1 448.86 1 61 3.2034170627593994 3
1 -1 4 427.53 341.89 -2 4089.69 11 74 2.227047920227051 3
2 -1 4 472.03 394.02 -1 467.74 1 41 1.9119901657104492 3
0 -1 5 434.39 367.96000000000004 -2 418.02000000000004 1 61 4.232950925827026 3
1 -1 5 388.92 289.81000000000006 -2 3604.5199999999995 11 74 4.2166907787323 3
2 -1 5 466.32 420.53000000000003 -2 473.98 1 41 2.39083194732666 3
random:3T:1200
0 -1 0 800.03 549.3299999999999 -1 732.65 1 61 0.5602481365203857 3
1 -1 0 758.9 300.03 -1 8231.729999999998 11 74 0.5733239650726318 3
2 -1 0 877.28 615.2900000000001 -1 847.7099999999999 1 41 0.32282304763793945 3
0 -1 1 568.35 434.88 -1 589.64 1 61 3.3066649436950684 3
1 -1 1 586.88 437.39 -1 5543.64 11 74 3.53610897064209 3
2 -1 1 628.37 547.33 -1 653.4200000000001 1 41 2.8234519958496094 3
0 -1 2 585.72 472.43 -1 581.9000000000001 1 61 6.1337080001831055 3
1 -1 2 578.8 465.0700000000005 -2 5448.2300000000005 11 74 6.6750648021698 3
2 -1 2 626.9 582.22 -2 656.19 1 41 3.053027868270874 3
0 -1 3 730.39 440.18 -1 440.18 1 61 0.009212970733642578 3
1 -1 3 688.34 372.31999999999994 -1 4940.780000000001 11 74 0.010061264038085938 3
2 -1 3 830.58 572.37 -1 572.37 1 41 0.007749795913696289 3
0 -1 4 565.51 434.88 -1 585.01 1 61 3.7867250442504883 3
1 -1 4 583.73 437.39 -1 5553.27 11 74 3.761950969696045 3
2 -1 4 632.13 571.3599999999999 -1 668.33 1 41 3.0660111904144287 3
0 -1 5 571.85 496.33 -1 569.4399999999999 1 61 5.361248016357422 3
1 -1 5 540.75 418.79999999999995 -2 5262.79 11 74 5.899699926376343 3
2 -1 5 619.37 529.6 -1 636.9399999999999 1 41 3.3481006622314453 3
random:3T:1500
0 -1 0 1028.59 729.0 -1 949.5600000000001 1 61 0.691648006439209 3
1 -1 0 968.78 440.07 -1 10550.55 11 74 0.7057647705078125 3
2 -1 0 1125.11 815.6 -1 1099.56 1 41 0.3987240791320801 3
0 -1 1 717.22 601.6500000000001 -2 734.18 1 61 4.199963808059692 3
1 -1 1 735.35 535.73 -1 7207.82 11 74 4.8106982707977295 3
2 -1 1 812.54 748.2500000000001 -2 810.84 1 41 3.480638027191162 3
0 -1 2 738.84 616.15 -2 720.34 1 61 6.595538139343262 3
1 -1 2 720.22 566.19 -1 7134.72 11 74 6.2843310832977295 3
2 -1 2 784.21 725.5 -2 766.4300000000001 1 41 3.819495916366577 3
0 -1 3 939.11 533.96 -1 533.96 1 61 0.010724067687988281 3
1 -1 3 882.43 511.51 -1 6054.070000000001 11 74 0.011718273162841797 3
2 -1 3 1064.6 730.4 -1 730.4 1 41 0.00871133804321289 3
0 -1 4 714.56 595.8299999999999 -1 738.6600000000001 1 61 4.293426275253296 3
1 -1 4 730.21 521.0600000000001 -2 7195.290000000001 11 74 4.806698322296143 3
2 -1 4 800.15 725.18 -1 815.0799999999999 1 41 3.709625005722046 3
0 -1 5 713.68 581.2800000000001 -1 693.7 1 61 5.966874122619629 3
1 -1 5 693.66 523.84 -1 6881.5199999999995 11 74 6.10718297958374 3
2 -1 5 780.72 707.5 -1 820.6199999999999 1 41 4.106526851654053 3
random:4T:300
0 -1 0 99.84 0 -15 135.96 1 71 0.1451101303100586 4
1 -1 0 120.48 0 -4 287.76 2 53 0.09714198112487793 4
2 -1 0 164.04 0 -3 1517.3000000000002 8 50 0.10335898399353027 4
0 -1 1 92.79 0 -8 88.8 1 71 0.13322019577026367 4
1 -1 1 123.39 39.62000000000001 -1 287.76 2 53 0.7764220237731934 4
2 -1 1 152.29 110.38999999999996 -1 1101.0400000000002 8 50 1.3166022300720215 4
0 -1 2 82.65 0.0 -11 0.0 1 71 2.4795899391174316 4
1 -1 2 101.95 26.26 -1 196.32 2 53 1.5195059776306152 4
2 -1 2 140.94 96.30000000000003 -2 1082.3 8 50 1.0087380409240723 4
0 -1 3 79.75 0.0 -12 0.0 1 71 0.004775047302246094 4
1 -1 3 93.88 0.0 -6 0.0 2 53 0.003523111343383789 4
2 -1 3 131.41 4.18 -2 300.41999999999996 8 50 0.0037200450897216797 4
0 -1 4 92.79 0 -8 88.8 1 71 0.11856389045715332 4
1 -1 4 123.39 39.62000000000001 -1 287.76 2 53 0.6867411136627197 4
2 -1 4 152.29 110.38999999999996 -1 1101.0400000000002 8 50 1.2135369777679443 4
0 -1 5 68.89 0 -20 40.8 1 71 1.3429429531097412 4
1 -1 5 93.7 0 -3 223.06 2 53 0.9892480373382568 4
2 -1 5 120.78 51.18000000000002 -1 947.74 8 50 1.2040181159973145 4
random:4T:600
0 -1 0 299.45 0 -1 282.14 1 71 0.27450013160705566 4
1 -1 0 345.27 144.02 -1 803.1199999999999 2 53 0.1882028579711914 4
2 -1 0 399.18 133.05 -2 3458.5999999999995 8 50 0.17722225189208984 4
0 -1 1 262.96 199.56 -3 258.62 1 71 1.0333888530731201 4
1 -1 1 308.35 263.86000000000007 -4 591.5 2 53 1.047800064086914 4
2 -1 1 352.21 297.02000000000004 -2 2763.6400000000003 8 50 0.9070971012115479 4
0 -1 2 234.76 151.99999999999994 -2 156.47 1 71 4.557760000228882 4
1 -1 2 287.39 239.60999999999999 -1 518.86 2 53 2.3070461750030518 4
2 -1 2 321.25 262.37 -2 2303.46 8 50 1.720716953277588 4
0 -1 3 270.2 72.82 -1 137.6 1 71 0.0063359737396240234 4
1 -1 3 309.23 134.25 -2 268.5 2 53 0.005279064178466797 4
2 -1 3 346.67 156.07999999999998 -2 1488.22 8 50 0.004786014556884766 4
0 -1 4 263.47 199.56 -3 258.62 1 71 1.1504619121551514 4
1 -1 4 308.35 263.86000000000007 -4 591.5 2 53 1.0953662395477295 4
2 -1 4 350.92 289.17 -1 2763.6400000000003 8 50 0.9086019992828369 4
0 -1 5 208.53 109.21000000000001 -1 164.22 1 71 6.002748966217041 4
1 -1 5 274.64 214.35999999999999 -2 546.3199999999999 2 53 1.8810513019561768 4
2 -1 5 307.11 234.63999999999993 -2 2191.8799999999997 8 50 1.7369112968444824 4
random:4T:900
0 -1 0 516.44 181.93 -1 491.38 1 71 0.4249122142791748 4
1 -1 0 568.03 322.27 -1 1259.0600000000002 2 53 0.2859461307525635 4
2 -1 0 632.84 271.99 -1 5323.84 8 50 0.2712242603302002 4
0 -1 1 418.41 364.06 -1 397.59999999999997 1 71 3.863165855407715 4
1 -1 1 463.14 379.19 -1 904.52 2 53 1.9100232124328613 4
2 -1 1 529.21 426.6 -1 3954.4 8 50 1.5893349647521973 4
0 -1 2 385.91 281.4300000000001 -2 287.96000000000004 1 71 6.388581037521362 4
1 -1 2 439.53 356.96000000000004 -1 777.3 2 53 2.9938671588897705 4
2 -1 2 494.89 421.02 -2 3662.2799999999997 8 50 2.213449239730835 4
0 -1 3 447.4 188.59 -1 188.59 1 71 0.009616851806640625 4
1 -1 3 531.58 281.97 -2 563.94 2 53 0.008280038833618164 4
2 -1 3 563.05 311.02000000000004 -2 2719.38 8 50 0.006831169128417969 4
0 -1 4 412.51 345.05 -1 397.79999999999995 1 71 4.012653827667236 4
1 -1 4 464.98 384.64 -1 914.12 2 53 1.873873233795166 4
2 -1 4 519.5 400.03999999999996 -1 3951.04 8 50 1.6215691566467285 4
0 -1 5 365.14 279.71 -1 315.74 1 71 4.770078897476196 4
1 -1 5 434.99 367.35 -2 858.86 2 53 2.652247905731201 4
2 -1 5 480.21 399.76000000000005 -2 3485.3 8 50 2.1518571376800537 4
random:4T:1200
0 -1 0 734.37 377.94 -1 697.0 1 71 0.5698690414428711 4
1 -1 0 796.27 483.78999999999996 -1 1738.3400000000004 2 53 0.38784193992614746 4
2 -1 0 868.58 462.24 -1 7300.800000000002 8 50 0.3694727420806885 4
0 -1 1 536.23 424.23 -2 544.9100000000001 1 71 4.160933256149292 4
1 -1 1 618.05 512.42 -1 1255.7399999999998 2 53 2.816632032394409 4
2 -1 1 695.98 611.6899999999999 -1 5293.299999999999 8 50 2.347520112991333 4
0 -1 2 536.39 428.58 -1 503.78 1 71 8.315596103668213 4
1 -1 2 601.96 520.99 -1 1172.52 2 53 3.7645678520202637 4
2 -1 2 677.71 574.61 -2 5160.76 8 50 2.7056868076324463 4
0 -1 3 657.25 341.35999999999996 -1 341.35999999999996 1 71 0.008441925048828125 4
1 -1 3 755.35 425.63 -2 851.26 2 53 0.008020162582397461 4
2 -1 3 779.14 465.65000000000003 -2 3949.12 8 50 0.0075778961181640625 4
0 -1 4 546.1 424.24 -2 546.0500000000001 1 71 3.989692211151123 4
1 -1 4 614.1 518.56 -1 1258.06 2 53 2.65682315826416 4
2 -1 4 685.18 567.16 -1 5234.84 8 50 2.0366508960723877 4
0 -1 5 509.68 392.74 -1 472.59999999999997 1 71 6.259768962860107 4
1 -1 5 580.33 517.9300000000001 -4 1145.08 2 53 3.219346284866333 4
2 -1 5 652.62 556.3399999999999 -2 4693.32 8 50 2.614245891571045 4
random:4T:1500
0 -1 0 950.76 465.52 -1 897.25 1 71 0.6351821422576904 4
1 -1 0 1009.0 571.9300000000001 -1 2294.1800000000007 2 53 0.45473623275756836 4
2 -1 0 1089.74 560.27 -1 9296.54 8 50 0.41384077072143555 4
0 -1 1 675.34 525.81 -2 680.42 1 71 4.731571912765503 4
1 -1 1 767.0 704.42 -1 1498.54 2 53 3.133340835571289 4
2 -1 1 866.6 763.48 -4 6443.539999999999 8 50 2.5568487644195557 4
0 -1 2 658.95 460.6 -1 605.73 1 71 9.480369806289673 4
1 -1 2 760.14 681.2400000000001 -1 1489.6000000000001 2 53 4.777961254119873 4
2 -1 2 840.39 734.3299999999999 -1 6271.320000000001 8 50 3.1830410957336426 4
0 -1 3 837.17 431.98 -1 431.98 1 71 0.009452104568481445 4
1 -1 3 978.41 564.2099999999999 -2 1128.4199999999998 2 53 0.008625984191894531 4
2 -1 3 995.33 619.95 -2 5175.619999999999 8 50 0.008466958999633789 4
0 -1 4 674.03 518.21 -2 677.7 1 71 4.81255030632019 4
1 -1 4 755.78 659.9699999999999 -1 1500.54 2 53 2.9911532402038574 4
2 -1 4 854.83 719.3999999999999 -1 6451.359999999999 8 50 2.648488998413086 4
0 -1 5 644.2 573.04 -3 627.8499999999999 1 71 6.956553220748901 4
1 -1 5 756.67 680.16 -2 1385.52 2 53 4.15237283706665 4
2 -1 5 821.95 710.8500000000001 -4 6008.579999999999 8 50 2.954258918762207 4
