random:0T:300
0 -1 0 125.17 0 -12 1874.2800000000002 11 69 0.09982705116271973 0
1 -1 0 142.3 0 -4 160.13 1 51 0.09004712104797363 0
2 -1 0 107.12 0.0 -4 221.05 2 57 0.08989191055297852 0
0 -1 1 122.1 0.78 -1 1417.3599999999997 11 69 0.06565308570861816 0
1 -1 1 136.68 64.66 -1 127.0 1 51 0.9796509742736816 0
2 -1 1 100.96 1.69 -1 102.26 2 57 0.06226921081542969 0
0 -1 2 114.82 0 -2 1303.13 11 69 1.3705790042877197 0
1 -1 2 120.42 52.92 -1 53.65 1 51 1.7894227504730225 0
2 -1 2 97.91 14.04 -1 124.6 2 57 1.47039794921875 0
0 -1 3 108.21 0.0 -4 965.7200000000001 11 69 0.0040130615234375 0
1 -1 3 113.36 0.0 -5 0.0 1 51 0.0031468868255615234 0
2 -1 3 91.41 0.0 -6 59.21 2 57 0.0033388137817382812 0
0 -1 4 122.1 0.78 -1 1417.3599999999997 11 69 0.0671541690826416 0
1 -1 4 136.68 64.66 -1 127.0 1 51 0.9406540393829346 0
2 -1 4 100.96 1.69 -1 102.26 2 57 0.0670320987701416 0
0 -1 5 91.51 0 -8 1070.9699999999998 11 69 1.0245788097381592 0
1 -1 5 110.3 0.0 -1 93.23 1 51 1.0003831386566162 0
2 -1 5 86.05 0.0 -3 157.88 2 57 1.1305921077728271 0
0 -1 6 127.23 7.49 -1 1436.8399999999997 11 69 1.6073920726776123 0
1 -1 6 138.18 42.390000000000015 -1 135.86 1 51 1.8240230083465576 0
2 -1 6 106.49 0.0 -3 221.05 2 57 1.4002389907836914 0
0 -1 7 127.23 7.49 -1 1436.8399999999997 11 69 0.3836250305175781 0
1 -1 7 138.18 42.390000000000015 -1 135.86 1 51 0.4329249858856201 0
2 -1 7 106.49 0.0 -3 221.05 2 57 0.34758615493774414 0
0 -1 8 114.82 0 -2 1303.13 11 69 0.3493919372558594 0
1 -1 8 120.62 51.54 -1 61.31999999999997 1 51 0.4169020652770996 0
2 -1 8 97.9 13.94 -1 124.6 2 57 0.3370020389556885 0
random:0T:600
0 -1 0 333.41 0 -1 4136.75 11 69 0.22084689140319824 0
1 -1 0 379.81 149.12 -1 358.09000000000003 1 51 0.19035696983337402 0
2 -1 0 328.63 107.62 -1 572.99 2 57 0.1954801082611084 0
0 -1 1 288.3 197.0999999999999 -2 2874.79 11 69 2.1084091663360596 0
1 -1 1 322.39 273.94 -4 275.07 1 51 0.8062770366668701 0
2 -1 1 284.35 237.07 -2 483.28 2 57 1.3578250408172607 0
0 -1 2 294.94 218.51999999999998 -3 2966.2900000000004 11 69 2.457533359527588 0
1 -1 2 294.39 243.05999999999997 -2 271.97 1 51 1.9905946254730225 0
2 -1 2 275.48 225.45 -2 502.07000000000005 2 57 2.274711847305298 0
0 -1 3 307.45 165.44 -1 2299.9799999999996 11 69 0.005791902542114258 0
1 -1 3 325.6 145.7 -1 145.7 1 51 0.004349231719970703 0
2 -1 3 297.53 131.93 -1 300.24 2 57 0.004637002944946289 0
0 -1 4 288.3 197.0999999999999 -2 2874.79 11 69 2.096536159515381 0
1 -1 4 316.59 272.27 -2 275.07 1 51 0.8932788372039795 0
2 -1 4 284.35 237.07 -2 483.28 2 57 1.3834538459777832 0
0 -1 5 250.19 179.71 -2 2196.39 11 69 2.1266167163848877 0
1 -1 5 291.13 226.26 -2 255.62 1 51 1.8277807235717773 0
2 -1 5 262.59 200.5 -2 497.34000000000003 2 57 2.164695978164673 0
0 -1 6 318.97 255.81 -1 3109.5800000000004 11 69 2.7712008953094482 0
1 -1 6 349.2 294.37 -2 338.44 1 51 2.210811138153076 0
2 -1 6 301.21 240.87 -1 525.9100000000001 2 57 2.567103862762451 0
0 -1 7 319.27 152.27 -2 3995.3300000000004 11 69 0.6750190258026123 0
1 -1 7 307.09 201.86 -4 441.08000000000015 1 51 0.6522817611694336 0
2 -1 7 277.34 153.98 -2 666.93 2 57 0.5083768367767334 0
0 -1 8 294.31 171.48 -3 3653.0200000000004 11 69 0.6477489471435547 0
1 -1 8 268.6 179.82 -1 359.3200000000003 1 51 1.3298718929290771 0
2 -1 8 255.0 172.57 -2 625.9000000000001 2 57 0.7495429515838623 0
random:0T:900
0 -1 0 541.28 0 -1 6548.93 11 69 0.33805203437805176 0
1 -1 0 614.64 349.63 -1 555.86 1 51 0.2722642421722412 0
2 -1 0 557.33 284.56 -1 944.35 2 57 0.2822229862213135 0
0 -1 1 456.71 360.33000000000015 -2 4764.69 11 69 2.564007043838501 0
1 -1 1 473.4 389.75 -1 485.82000000000005 1 51 1.4471633434295654 0
2 -1 1 441.89 378.70000000000005 -2 832.35 2 57 1.8427300453186035 0
0 -1 2 465.65 366.54999999999995 -3 4778.18 11 69 3.3491508960723877 0
1 -1 2 453.67 370.88 -1 453.92999999999995 1 51 3.3508729934692383 0
2 -1 2 429.83 371.84 -2 784.77 2 57 3.2519190311431885 0
0 -1 3 514.22 319.16999999999996 -1 3656.99 11 69 0.007662057876586914 0
1 -1 3 547.76 285.79 -1 285.79 1 51 0.005566835403442383 0
2 -1 3 511.63 250.01000000000002 -1 567.34 2 57 0.005706071853637695 0
0 -1 4 456.71 360.33000000000015 -2 4764.69 11 69 2.574619770050049 0
1 -1 4 468.69 383.03999999999996 -1 479.04 1 51 2.2803537845611572 0
2 -1 4 440.68 382.06999999999994 -2 830.76 2 57 1.930466651916504 0
0 -1 5 430.43 335.73 -2 4015.2299999999996 11 69 3.0198678970336914 0
1 -1 5 447.13 390.67 -2 394.63 1 51 2.650228977203369 0
2 -1 5 419.32 353.48999999999995 -2 810.46 2 57 3.0791072845458984 0
0 -1 6 500.42 390.81 -1 4885.060000000001 11 69 3.770576238632202 0
1 -1 6 569.65 509.15999999999997 -1 544.48 1 51 3.438380241394043 0
2 -1 6 481.2 415.78000000000003 -1 898.74 2 57 3.5545530319213867 0
0 -1 7 475.63 218.84 -2 6807.830000000001 11 69 0.9999737739562988 0
1 -1 7 425.48 246.04 -4 726.0300000000007 1 51 0.9069898128509521 0
2 -1 7 395.91 219.78 -2 1174.79 2 57 0.6631739139556885 0
0 -1 8 445.84 229.37 -3 6419.709999999999 11 69 0.89794921875 0
1 -1 8 366.52 233.95 -1 657.3200000000021 1 51 2.2639846801757812 0
2 -1 8 361.14 229.97 -2 1140.0100000000007 2 57 1.0305218696594238 0
random:0T:1200
0 -1 0 754.09 0 -1 9268.320000000002 11 69 0.444835901260376 0
1 -1 0 853.27 580.9100000000001 -1 753.4900000000001 1 51 0.3753490447998047 0
2 -1 0 786.91 476.93 -1 1327.75 2 57 0.36949872970581055 0
0 -1 1 623.44 437.91 -2 6389.3099999999995 11 69 3.191948175430298 0
1 -1 1 637.88 514.02 -1 652.73 1 51 2.2511439323425293 0
2 -1 1 578.13 445.53000000000003 -1 1165.3899999999999 2 57 2.79032826423645 0
0 -1 2 629.32 517.03 -2 6373.919999999999 11 69 7.569250106811523 0
1 -1 2 609.34 513.38 -1 606.1599999999999 1 51 4.253528118133545 0
2 -1 2 579.03 518.16 -2 1140.92 2 57 4.201862096786499 0
0 -1 3 725.81 466.3599999999999 -1 5340.079999999999 11 69 0.009384870529174805 0
1 -1 3 762.36 407.56 -1 407.56 1 51 0.006500959396362305 0
2 -1 3 711.16 347.25 -1 791.04 2 57 0.006577968597412109 0
0 -1 4 621.52 436.91 -1 6397.449999999999 11 69 3.878890037536621 0
1 -1 4 621.7 526.01 -1 572.21 1 51 2.462986946105957 0
2 -1 4 587.16 465.58 -1 1184.25 2 57 2.9791228771209717 0
0 -1 5 599.18 487.95 -3 5982.09 11 69 3.965412139892578 0
1 -1 5 588.56 503.52 -1 603.98 1 51 3.276952028274536 0
2 -1 5 561.9 499.58 -2 1109.52 2 57 4.059074640274048 0
0 -1 6 714.16 608.4499999999999 -1 7338.360000000001 11 69 218.41008377075195 0
1 -1 6 780.23 717.23 -2 749.37 1 51 11.837185859680176 0
2 -1 6 654.06 540.23 -2 1209.25 2 57 3.7905569076538086 0
0 -1 7 616.23 310.63 -6 9349.08 11 69 1.1560721397399902 0
1 -1 7 542.27 386.65 -4 1003.540000000001 1 51 1.1013202667236328 0
2 -1 7 496.73 290.66 -2 1660.63 2 57 0.727863073348999 0
0 -1 8 580.6 269.42 -4 9020.719999999998 11 69 1.1266241073608398 0
1 -1 8 474.16 324.34000000000003 -4 889.3900000000025 1 51 2.595903158187866 0
2 -1 8 441.06 267.77 -4 1620.13 2 57 0.9211471080780029 0
random:0T:1500
0 -1 0 948.07 164.98 -1 11779.370000000003 11 69 0.6210980415344238 0
1 -1 0 1090.24 784.15 -1 963.3100000000002 1 51 0.44764113426208496 0
2 -1 0 1016.74 638.23 -1 1734.99 2 57 0.4587898254394531 0
0 -1 1 766.93 577.13 -2 7811.070000000001 11 69 3.5341219902038574 0
1 -1 1 805.24 721.72 -2 738.83 1 51 3.2541089057922363 0
2 -1 1 739.16 614.64 -1 1519.5100000000002 2 57 4.032692909240723 0
0 -1 2 790.12 609.56 -1 8053.529999999999 11 69 5.69500207901001 0
1 -1 2 751.37 618.4 -1 771.2600000000001 1 51 4.8200318813323975 0
2 -1 2 727.56 665.22 -4 1422.76 2 57 4.867178916931152 0
0 -1 3 930.81 604.1199999999999 -1 6947.56 11 69 0.009800195693969727 0
1 -1 3 968.55 512.5 -1 512.5 1 51 0.007228851318359375 0
2 -1 3 916.88 499.15000000000003 -1 1027.67 2 57 0.007898092269897461 0
0 -1 4 769.36 578.21 -2 7913.42 11 69 3.4930408000946045 0
1 -1 4 781.28 705.8100000000001 -1 743.2099999999999 1 51 3.2721610069274902 0
2 -1 4 734.07 613.65 -1 1467.71 2 57 3.7333409786224365 0
0 -1 5 762.62 553.11 -1 7811.39 11 69 4.961572647094727 0
1 -1 5 767.32 694.35 -2 743.92 1 51 1853.8269999027252 0
2 -1 5 701.61 532.59 -1 1400.46 2 57 20.837964057922363 0
0 -1 6 857.35 723.9200000000001 -2 8823.53 11 69 49.283324003219604 0
1 -1 6 972.7 911.08 -2 916.4499999999999 1 51 5.692713975906372 0
2 -1 6 834.78 720.72 -1 1557.4099999999999 2 57 4.936919927597046 0
0 -1 7 753.59 420.43 -3 12012.400000000001 11 69 1.4542829990386963 0
1 -1 7 627.5 457.98 -1 1291.200000000002 1 51 1.4672887325286865 0
2 -1 7 596.84 426.94 -4 2171.7200000000003 2 57 0.8247420787811279 0
0 -1 8 738.39 412.03 -6 11481.599999999997 11 69 1.320533037185669 0
1 -1 8 574.28 431.94 -4 1198.6300000000042 1 51 3.2896931171417236 0
2 -1 8 561.48 400.66 -2 2060.55 2 57 0.9085140228271484 0
random:1T:300
0 -1 0 167.0 57.46 -1 1478.76 8 40 0.06535506248474121 1
1 -1 0 108.55 0 -8 281.82 2 77 0.14058589935302734 1
2 -1 0 106.98 0 -7 294.71999999999997 2 58 0.0756828784942627 1
0 -1 1 156.9 109.39999999999993 -1 1109.18 8 40 0.5748581886291504 1
1 -1 1 100.03 0.0 -3 171.31 2 77 0.1263880729675293 1
2 -1 1 114.46 0.0 -2 276.18 2 58 0.08818411827087402 1
0 -1 2 132.4 83.78 -2 872.8599999999999 8 40 0.3611149787902832 1
1 -1 2 86.75 0.0 -7 113.32 2 77 2.3669869899749756 1
2 -1 2 98.76 37.64 -1 187.6 2 58 1.6556570529937744 1
0 -1 3 140.24 55.78 -1 858.04 8 40 0.0023190975189208984 1
1 -1 3 86.71 0.0 -11 64.39 2 77 0.0041351318359375 1
2 -1 3 90.96 0.0 -7 0.0 2 58 0.0030150413513183594 1
0 -1 4 156.9 109.39999999999993 -1 1109.18 8 40 0.5490131378173828 1
1 -1 4 100.03 0 -3 171.31 2 77 0.17434120178222656 1
2 -1 4 114.46 0.0 -2 276.18 2 58 0.07008695602416992 1
0 -1 5 126.03 75.50000000000001 -1 945.0600000000001 8 40 0.6906301975250244 1
1 -1 5 84.16 0 -9 113.21000000000001 2 77 2.1764438152313232 1
2 -1 5 85.64 0 -3 276.15999999999997 2 58 1.04091215133667 1
0 -1 6 154.0 94.77999999999997 -1 1109.18 8 40 0.777101993560791 1
1 -1 6 108.66 0 -7 281.82 2 77 3.0046348571777344 1
2 -1 6 106.7 0.0 -6 276.18 2 58 1.4608209133148193 1
0 -1 7 166.57 86.78 -1 1444.7199999999998 8 40 0.15248489379882812 1
1 -1 7 108.66 0 -7 281.82 2 77 0.7279350757598877 1
2 -1 7 106.7 0.0 -6 276.18 2 58 0.3722250461578369 1
0 -1 8 132.61 79.47 -2 927.2199999999998 8 40 0.1656336784362793 1
1 -1 8 86.75 0.0 -7 113.32 2 77 0.5417191982269287 1
2 -1 8 98.73 36.94 -1 187.86 2 58 0.30908727645874023 1
random:1T:600
0 -1 0 416.63 257.05 -1 3550.92 8 40 0.11602091789245605 1
1 -1 0 312.21 6.78 -1 683.49 2 77 0.2782778739929199 1
2 -1 0 335.74 194.96 -1 747.06 2 58 0.1828310489654541 1
0 -1 1 394.3 352.16 -1 2940.04 8 40 0.5870010852813721 1
1 -1 1 251.57 155.61000000000007 -2 348.38 2 77 7.927363872528076 1
2 -1 1 294.48 170.49999999999991 -2 371.7400000000001 2 58 3.952692985534668 1
0 -1 2 330.22 260.57 -4 2276.0800000000004 8 40 0.9371709823608398 1
1 -1 2 251.17 201.95999999999998 -2 475.1 2 77 4.394591808319092 1
2 -1 2 282.19 230.95999999999992 -2 501.53999999999996 2 58 2.7433278560638428 1
0 -1 3 368.58 267.31 -2 2202.44 8 40 0.004280805587768555 1
1 -1 3 280.36 87.22 -1 321.87 2 77 0.005657672882080078 1
2 -1 3 296.72 115.59 -2 231.18 2 58 0.004648923873901367 1
0 -1 4 394.3 352.16 -1 2940.04 8 40 0.622157096862793 1
1 -1 4 251.57 155.61000000000007 -2 348.38 2 77 8.106178998947144 1
2 -1 4 294.48 170.49999999999991 -2 371.7400000000001 2 58 4.010011196136475 1
0 -1 5 325.59 265.71 -2 2440.44 8 40 0.6724481582641602 1
1 -1 5 243.49 175.8 -1 460.12 2 77 5.298897981643677 1
2 -1 5 257.56 203.84999999999997 -2 537.34 2 58 2.1930229663848877 1
0 -1 6 393.9 349.98 -1 2943.74 8 40 0.9202277660369873 1
1 -1 6 283.42 199.70999999999998 -1 510.12 2 77 5.630127906799316 1
2 -1 6 301.44 228.37 -1 586.16 2 58 2.8166022300720215 1
0 -1 7 387.06 273.13 -1 3665.7599999999998 8 40 0.32912683486938477 1
1 -1 7 285.84 132.37 -1 691.0899999999999 2 77 1.1259849071502686 1
2 -1 7 303.54 190.47 -1 772.7200000000007 2 58 1.2589480876922607 1
0 -1 8 331.2 178.91 -2 3105.2800000000007 8 40 0.33570194244384766 1
1 -1 8 241.25 164.91 -1 583.8199999999999 2 77 1.156128168106079 1
2 -1 8 252.13 174.98 -4 783.8600000000008 2 58 1.4085941314697266 1
random:1T:900
0 -1 0 661.76 385.33 -1 5599.24 8 40 0.20586395263671875 1
1 -1 0 527.04 149.83 -2 1031.85 2 77 0.4596841335296631 1
2 -1 0 562.43 332.47 -1 1206.0 2 58 0.29444098472595215 1
0 -1 1 614.17 541.42 -2 4608.500000000001 8 40 1.1669948101043701 1
1 -1 1 400.57 318.3300000000005 -2 779.97 2 77 6.847921133041382 1
2 -1 1 427.2 347.03000000000054 -2 856.8600000000002 2 58 6.465773105621338 1
0 -1 2 519.58 398.71 -1 3816.6400000000003 8 40 1.2309720516204834 1
1 -1 2 405.88 339.23 -4 794.5 2 77 6.593508720397949 1
2 -1 2 452.01 398.2799999999999 -4 918.9399999999999 2 58 4.127094984054565 1
0 -1 3 605.4 462.1 -2 3760.6200000000003 8 40 0.006018161773681641 1
1 -1 3 458.15 231.83999999999997 -1 519.31 2 77 0.007539272308349609 1
2 -1 3 509.52 220.03 -2 440.06 2 58 0.005936145782470703 1
0 -1 4 611.48 537.26 -2 4600.74 8 40 1.14249587059021 1
1 -1 4 400.57 318.3300000000005 -2 779.97 2 77 6.79221510887146 1
2 -1 4 427.2 347.03000000000054 -2 856.8600000000002 2 58 6.40453314781189 1
0 -1 5 516.32 431.27 -4 3729.24 8 40 1.1126198768615723 1
1 -1 5 401.19 324.71000000000004 -1 795.1700000000001 2 77 5.751515865325928 1
2 -1 5 410.39 343.63 -1 857.6200000000001 2 58 2.88267183303833 1
0 -1 6 631.04 577.92 -1 4761.259999999999 8 40 1.4839918613433838 1
1 -1 6 446.43 348.69000000000005 -1 871.2800000000001 2 77 6.774086952209473 1
2 -1 6 491.45 389.11 -1 975.0600000000001 2 58 3.7648661136627197 1
0 -1 7 566.4 375.34000000000003 -1 5874.419999999997 8 40 0.49585890769958496 1
1 -1 7 409.25 229.57 -2 1237.04 2 77 1.542382001876831 1
2 -1 7 436.04 338.05 -1 1360.000000000003 2 58 2.0875020027160645 1
0 -1 8 500.31 233.45 -2 5335.86 8 40 0.4745769500732422 1
1 -1 8 348.5 225.77 -1 1137.4299999999998 2 77 1.5681431293487549 1
2 -1 8 355.84 231.3 -4 1379.8600000000044 2 58 2.4921951293945312 1
random:1T:1200
0 -1 0 897.61 436.88 -1 7667.199999999997 8 40 0.267078161239624 1
1 -1 0 739.65 342.39 -1 1382.5900000000001 2 77 0.5855166912078857 1
2 -1 0 786.05 518.36 -1 1661.1600000000003 2 58 0.3868448734283447 1
0 -1 1 839.04 760.27 -4 6316.82 8 40 1.6204419136047363 1
1 -1 1 534.89 422.39 -1 976.58 2 77 4.036122798919678 1
2 -1 1 539.76 428.5 -2 1178.7200000000003 2 58 5.02599310874939 1
0 -1 2 712.14 556.8 -1 5195.46 8 40 1.8518071174621582 1
1 -1 2 551.95 482.12 -2 1108.69 2 77 8.600894927978516 1
2 -1 2 599.03 544.6800000000001 -2 1205.5 2 58 4.803167104721069 1
0 -1 3 840.14 641.55 -2 5176.1 8 40 0.0070438385009765625 1
1 -1 3 663.09 351.27 -1 714.89 2 77 0.008288860321044922 1
2 -1 3 709.56 340.54 -2 681.08 2 58 0.006837129592895508 1
0 -1 4 859.92 794.1899999999999 -1 6472.219999999999 8 40 1.9559698104858398 1
1 -1 4 529.59 422.39 -1 977.08 2 77 4.065284013748169 1
2 -1 4 544.32 430.5 -1 1175.1600000000003 2 58 5.529428958892822 1
0 -1 5 697.16 597.5999999999998 -2 5078.48 8 40 1.6472949981689453 1
1 -1 5 540.16 405.48 -1 1024.12 2 77 7.112801790237427 1
2 -1 5 571.32 498.85 -1 1171.1200000000001 2 58 3.8765249252319336 1
0 -1 6 872.06 808.8 -1 6597.799999999999 8 40 1.9814677238464355 1
1 -1 6 591.89 437.49 -1 1111.6200000000001 2 77 8.2760648727417 1
2 -1 6 675.63 564.8100000000001 -1 1241.4999999999995 2 58 5.610677003860474 1
0 -1 7 722.8 431.40000000000003 -1 8095.759999999994 8 40 0.6530876159667969 1
1 -1 7 519.02 332.82000000000005 -2 1748.2400000000002 2 77 1.9074218273162842 1
2 -1 7 529.58 410.95 -1 1949.2800000000054 2 58 2.9270389080047607 1
0 -1 8 683.14 355.15 -4 7376.66 8 40 0.5913920402526855 1
1 -1 8 440.37 270.23 -2 1637.7800000000002 2 77 1.6981618404388428 1
2 -1 8 497.0 370.35 -2 1868.540000000005 2 58 2.802888870239258 1
random:1T:1500
0 -1 0 1120.64 465.15 -1 9858.499999999993 8 40 0.3396291732788086 1
1 -1 0 950.31 493.11 -1 1748.9 2 77 0.7104201316833496 1
2 -1 0 1005.28 677.76 -1 2188.380000000001 2 58 0.4766981601715088 1
0 -1 1 1034.97 922.0500000000002 -2 7742.719999999999 8 40 2.092996120452881 1
1 -1 1 664.7 480.09000000000003 -1 1264.3000000000002 2 77 6.752425909042358 1
2 -1 1 701.08 576.09 -2 1462.8000000000002 2 58 5.839659929275513 1
0 -1 2 884.16 751.5699999999999 -2 6329.38 8 40 2.1564080715179443 1
1 -1 2 687.73 621.5199999999999 -2 1344.92 2 77 10.696896076202393 1
2 -1 2 746.12 615.04 -1 1495.1000000000001 2 58 5.72652792930603 1
0 -1 3 1068.48 807.0 -2 6521.340000000001 8 40 0.008877992630004883 1
1 -1 3 845.36 460.00999999999993 -1 960.3299999999999 2 77 0.009945869445800781 1
2 -1 3 916.35 486.86 -2 973.72 2 58 0.00865626335144043 1
0 -1 4 990.43 870.9799999999997 -1 7431.159999999999 8 40 2.2659778594970703 1
1 -1 4 655.74 480.16 -2 1265.3400000000001 2 77 6.615149021148682 1
2 -1 4 697.09 575.9399999999999 -2 1462.2199999999998 2 58 6.296180009841919 1
0 -1 5 885.67 747.7600000000001 -2 6405.78 8 40 1.8200099468231201 1
1 -1 5 675.32 559.64 -1 1302.0900000000001 2 77 8.943444013595581 1
2 -1 5 723.3 653.05 -1 1465.1999999999996 2 58 5.274868965148926 1
0 -1 6 1099.87 1023.2299999999999 -2 8305.14 8 40 2.5909500122070312 1
1 -1 6 725.07 566.71 -1 1468.74 2 77 10.50498104095459 1
2 -1 6 864.14 748.55 -1 1668.9999999999993 2 58 7.465564966201782 1
0 -1 7 868.12 464.02 -1 10295.759999999991 8 40 0.8542931079864502 1
1 -1 7 611.22 404.35 -2 2303.3500000000004 2 77 2.3971738815307617 1
2 -1 7 600.15 450.93 -1 2539.6400000000076 2 58 3.9681527614593506 1
0 -1 8 847.25 435.61 -4 9528.819999999994 8 40 0.8090059757232666 1
1 -1 8 552.96 364.03000000000003 -2 2037.8100000000006 2 77 2.5400938987731934 1
2 -1 8 596.5 441.89 -4 2462.8800000000087 2 58 4.0625832080841064 1
random:2T:300
0 -1 0 183.04 90.75 -2 0 0 36 0.2800440788269043 2
1 -1 0 148.99 74.25 -2 0 0 50 0.6098768711090088 2
2 -1 0 139.28 0.0 -3 1454.5399999999997 8 53 0.5002231597900391 2
0 -1 1 165.76 137.02 -1 0 0 36 1.5428690910339355 2
1 -1 1 133.9 59.99 -1 0 0 50 2.612255811691284 2
2 -1 1 130.08 63.440000000000026 -1 1103.24 8 53 6471.205184221268 2
0 -1 2 142.02 106.7 -1 0 0 36 0.540334939956665 2
1 -1 2 118.89 43.49 -1 0 0 50 1.0113131999969482 2
2 -1 2 124.54 62.28000000000002 -1 902.9999999999999 8 53 1.0204389095306396 2
0 -1 3 172.37 77.98 -1 0 0 36 0.0024039745330810547 2
1 -1 3 141.65 11.03 -1 0 0 50 0.002744913101196289 2
2 -1 3 111.02 0.0 -1 268.78 8 53 0.0024421215057373047 2
0 -1 4 163.05 136.24 -1 0 0 36 0.31157684326171875 2
1 -1 4 133.9 59.99 -1 0 0 50 2.5907511711120605 2
2 -1 4 130.08 63.440000000000026 -1 1103.24 8 53 2.436516761779785 2
0 -1 5 139.85 98.27000000000001 -1 0 0 36 1.9490129947662354 2
1 -1 5 106.26 2.97 -1 0 0 50 6473.810575962067 2
2 -1 5 104.9 4.55 -1 795.66 8 53 0.5025060176849365 2
0 -1 6 162.64 125.99000000000001 -2 0 0 36 0.46430087089538574 2
1 -1 6 142.35 79.99000000000001 -2 0 0 50 1.5043351650238037 2
2 -1 6 129.99 51.67000000000002 -1 1100.54 8 53 0.7517292499542236 2
0 -1 7 162.64 125.99000000000001 -2 0 0 36 0.47351694107055664 2
1 -1 7 142.35 79.99000000000001 -2 0 0 50 1.918022871017456 2
2 -1 7 130.84 49.24 -1 1131.48 8 53 0.5831592082977295 2
0 -1 8 142.02 106.7 -1 0 0 36 0.6703860759735107 2
1 -1 8 118.89 43.49 -1 0 0 50 1.539659023284912 2
2 -1 8 125.32 58.74 -1 932.2599999999999 8 53 0.5692110061645508 2
random:2T:600
0 -1 0 443.54 344.04 -2 0 0 36 0.5248198509216309 2
1 -1 0 393.8 316.09000000000003 -2 0 0 50 0.9324319362640381 2
2 -1 0 380.08 208.21 -1 3219.5600000000004 8 53 0.6127443313598633 2
0 -1 1 355.65 317.8500000000003 -4 0 0 36 6473.1410937309265 2
1 -1 1 316.1 282.5 -6 0 0 50 0.48420095443725586 2
2 -1 1 317.96 246.22 -4 2346.78 8 53 0.3800699710845947 2
0 -1 2 337.71 294.9700000000001 -2 0 0 36 0.671238899230957 2
1 -1 2 308.53 256.03999999999996 -2 0 0 50 1.1103129386901855 2
2 -1 2 314.4 258.18 -2 2193.8199999999997 8 53 3.469494104385376 2
0 -1 3 419.9 346.42999999999995 -1 0 0 36 0.017596960067749023 2
1 -1 3 376.59 271.49 -1 0 0 50 0.030627012252807617 2
2 -1 3 344.06 198.17 -2 1674.22 8 53 0.02114582061767578 2
0 -1 4 346.48 307.90000000000003 -2 0 0 36 2.3747377395629883 2
1 -1 4 316.1 282.5 -6 0 0 50 2.9465620517730713 2
2 -1 4 317.96 246.22 -4 2346.78 8 53 693.1263241767883 2
0 -1 5 338.96 294.29000000000013 -4 0 0 36 1.7384741306304932 2
1 -1 5 305.82 262.03000000000003 -4 0 0 50 1.1925451755523682 2
2 -1 5 300.57 246.94999999999996 -4 2083.88 8 53 0.9050009250640869 2
0 -1 6 405.84 372.95000000000005 -2 0 0 36 0.7258260250091553 2
1 -1 6 355.82 328.67 -1 0 0 50 1.06986403465271 2
2 -1 6 335.79 289.62 -2 2339.5 8 53 0.7876811027526855 2
0 -1 7 405.84 372.95000000000005 -2 0 0 36 0.1810441017150879 2
1 -1 7 355.82 328.67 -1 0 0 50 0.29393672943115234 2
2 -1 7 329.3 186.48 -4 3253.8599999999997 8 53 0.25237178802490234 2
0 -1 8 337.71 294.9700000000001 -2 0 0 36 0.18946504592895508 2
1 -1 8 308.53 256.03999999999996 -2 0 0 50 0.2862570285797119 2
2 -1 8 318.9 188.83 -4 3089.019999999999 8 53 0.2663300037384033 2
random:2T:900
0 -1 0 704.12 596.3000000000001 -2 0 0 36 0.15007400512695312 2
1 -1 0 639.78 501.16 -2 0 0 50 0.22520208358764648 2
2 -1 0 609.6 339.73 -1 5259.360000000001 8 53 0.19441723823547363 2
0 -1 1 527.14 440.96999999999997 -1 0 0 36 0.9926061630249023 2
1 -1 1 463.51 388.8 -1 0 0 50 0.7090060710906982 2
2 -1 1 492.21 409.16 -4 3468.6600000000008 8 53 0.8254549503326416 2
0 -1 2 510.12 452.86 -1 0 0 36 1.0117077827453613 2
1 -1 2 474.09 416.36999999999995 -4 0 0 50 1.783940076828003 2
2 -1 2 500.3 414.37000000000006 -4 3738.0 8 53 1.2122759819030762 2
0 -1 3 672.51 614.3299999999999 -1 0 0 36 0.0049250125885009766 2
1 -1 3 611.49 531.92 -1 0 0 50 0.0061838626861572266 2
2 -1 3 574.28 370.27 -2 3034.7 8 53 0.006292104721069336 2
0 -1 4 514.14 451.65000000000003 -2 0 0 36 0.6250340938568115 2
1 -1 4 462.08 390.24 -2 0 0 50 0.9694919586181641 2
2 -1 4 489.75 401.84000000000003 -2 3468.6600000000008 8 53 0.7049930095672607 2
0 -1 5 510.02 451.62 -1 0 0 36 1.0681238174438477 2
1 -1 5 466.95 431.44 -1 0 0 50 1.4214191436767578 2
2 -1 5 488.75 405.64 -4 3596.62 8 53 1.1572778224945068 2
0 -1 6 652.63 605.5500000000001 -1 0 0 36 1.0064289569854736 2
1 -1 6 592.57 570.32 -2 0 0 50 2.097398042678833 2
2 -1 6 559.88 486.9000000000001 -2 4051.2799999999997 8 53 1.2745530605316162 2
0 -1 7 652.63 605.5500000000001 -1 0 0 36 0.2673940658569336 2
1 -1 7 592.57 570.32 -2 0 0 50 0.4662940502166748 2
2 -1 7 495.99 237.6 -4 5391.26 8 53 0.40259408950805664 2
0 -1 8 510.12 452.86 -1 0 0 36 0.26834702491760254 2
1 -1 8 474.09 416.36999999999995 -4 0 0 50 0.43285703659057617 2
2 -1 8 477.51 238.89 -4 5251.299999999999 8 53 0.4082469940185547 2
random:2T:1200
0 -1 0 964.21 850.17 -2 0 0 36 0.21587514877319336 2
1 -1 0 886.47 741.5 -2 0 0 50 0.3073868751525879 2
2 -1 0 846.65 411.87 -1 7226.620000000002 8 53 0.2837390899658203 2
0 -1 1 703.87 639.4300000000001 -2 0 0 36 1.1602628231048584 2
1 -1 1 616.09 544.8 -1 0 0 50 1.0979769229888916 2
2 -1 1 682.33 574.68 -4 5170.16 8 53 1.358793020248413 2
0 -1 2 676.48 626.9 -2 0 0 36 1.4206979274749756 2
1 -1 2 629.29 559.38 -1 0 0 50 2.2929258346557617 2
2 -1 2 668.84 581.03 -4 4865.840000000001 8 53 1.864649772644043 2
0 -1 3 920.13 886.8399999999999 -1 0 0 36 0.006667137145996094 2
1 -1 3 846.35 792.32 -1 0 0 50 0.007689952850341797 2
2 -1 3 802.36 537.4200000000001 -2 4358.5599999999995 8 53 0.007542848587036133 2
0 -1 4 655.58 615.7 -1 0 0 36 0.9195559024810791 2
1 -1 4 612.49 525.27 -1 0 0 50 1.2205331325531006 2
2 -1 4 678.64 572.9599999999997 -4 5161.46 8 53 1.314728021621704 2
0 -1 5 676.81 618.8200000000002 -1 0 0 36 1.3904387950897217 2
1 -1 5 623.82 536.5699999999999 -1 0 0 50 1.831146001815796 2
2 -1 5 663.58 569.76 -4 4846.759999999999 8 53 1.6790249347686768 2
0 -1 6 895.28 863.8 -2 0 0 36 1.4496488571166992 2
1 -1 6 810.95 758.1300000000001 -2 0 0 50 2.805560827255249 2
2 -1 6 783.54 684.03 -2 5769.9800000000005 8 53 1.8100638389587402 2
0 -1 7 895.28 863.8 -2 0 0 36 0.3422389030456543 2
1 -1 7 810.95 758.1300000000001 -2 0 0 50 0.6565759181976318 2
2 -1 7 664.23 368.13 -4 7481.98 8 53 0.5576109886169434 2
0 -1 8 676.48 626.9 -2 0 0 36 0.35964488983154297 2
1 -1 8 629.29 559.38 -1 0 0 50 0.5315489768981934 2
2 -1 8 639.07 346.65 -4 7213.860000000002 8 53 0.5603389739990234 2
random:2T:1500
0 -1 0 1224.35 1108.15 -2 0 0 36 0.274752140045166 2
1 -1 0 1130.82 917.4200000000001 -2 0 0 50 0.3873331546783447 2
2 -1 0 1055.4 451.44 -1 9292.600000000002 8 53 0.4049496650695801 2
0 -1 1 882.52 799.61 -2 0 0 36 1.3895599842071533 2
1 -1 1 767.38 695.89 -2 0 0 50 1.5944809913635254 2
2 -1 1 842.78 728.7399999999999 -2 6181.320000000001 8 53 1.6901140213012695 2
0 -1 2 861.0 758.2299999999999 -2 0 0 36 1.569831132888794 2
1 -1 2 793.28 712.24 -2 0 0 50 2.5221292972564697 2
2 -1 2 859.41 736.75 -4 6420.360000000001 8 53 2.2167019844055176 2
0 -1 3 1169.44 1143.43 -2 0 0 36 0.008100032806396484 2
1 -1 3 1081.17 1045.67 -2 0 0 50 0.009373903274536133 2
2 -1 3 1030.51 700.53 -2 5652.54 8 53 0.009120941162109375 2
0 -1 4 857.73 799.2099999999999 -2 0 0 36 1.3459126949310303 2
1 -1 4 752.47 694.02 -1 0 0 50 1.569126844406128 2
2 -1 4 837.04 680.5 -2 6184.1 8 53 1.6486914157867432 2
0 -1 5 873.92 783.48 -2 0 0 36 1.674774169921875 2
1 -1 5 794.5 732.5900000000001 -4 0 0 50 2.441265344619751 2
2 -1 5 841.36 716.3900000000001 -1 6152.199999999999 8 53 2.445744752883911 2
0 -1 6 1128.9 1088.0 -2 0 0 36 1.8271942138671875 2
1 -1 6 1014.99 946.47 -1 0 0 50 3.40376615524292 2
2 -1 6 971.3 839.1600000000001 -1 7098.320000000001 8 53 2.161226987838745 2
0 -1 7 1128.9 1088.0 -2 0 0 36 0.45057177543640137 2
1 -1 7 1014.99 946.47 -1 0 0 50 0.8125290870666504 2
2 -1 7 814.08 445.1 -4 9657.880000000001 8 53 0.8421981334686279 2
0 -1 8 861.0 758.2299999999999 -2 0 0 36 0.400115966796875 2
1 -1 8 793.28 712.24 -2 0 0 50 0.5575978755950928 2
2 -1 8 790.37 441.13 -4 9437.820000000003 8 53 0.6735308170318604 2
random:3T:300
0 -1 0 118.15 0 -5 130.33 1 61 0.10386371612548828 3
1 -1 0 139.39 0 -7 1357.6299999999999 9 61 0.09945225715637207 3
2 -1 0 119.48 0 -5 471.28000000000003 3 54 0.08653783798217773 3
0 -1 1 111.01 0.49 -1 138.27 1 61 0.08247613906860352 3
1 -1 1 135.96 52.27 -1 1182.62 9 61 0.47400712966918945 3
2 -1 1 117.67 25.36 -1 331.73 3 54 0.39881205558776855 3
0 -1 2 105.17 0 -3 119.86 1 61 1.6199109554290771 3
1 -1 2 130.78 60.71 -1 1130.45 9 61 2.0877108573913574 3
2 -1 2 106.43 34.85 -1 330.25 3 54 1.415325403213501 3
0 -1 3 101.15 0.0 -6 40.96 1 61 0.003863096237182617 3
1 -1 3 118.17 0.0 -3 839.3 9 61 0.0037539005279541016 3
2 -1 3 100.39 0.0 -5 70.59 3 54 0.003167867660522461 3
0 -1 4 111.01 0.49 -1 138.27 1 61 0.0783228874206543 3
1 -1 4 135.96 52.27 -1 1182.62 9 61 0.45716214179992676 3
2 -1 4 117.67 25.36 -1 331.73 3 54 0.38341498374938965 3
0 -1 5 97.64 0 -3 97.98 1 61 1.6436049938201904 3
1 -1 5 104.65 0.0 -2 1026.45 9 61 1.0632922649383545 3
2 -1 5 98.19 0.0 -1 288.68 3 54 0.9311211109161377 3
0 -1 6 117.76 0 -3 130.33 1 61 1.7996859550476074 3
1 -1 6 134.66 30.950000000000006 -1 1198.71 9 61 1.7228238582611084 3
2 -1 6 118.94 0.0 -1 391.9 3 54 1.1634547710418701 3
0 -1 7 117.76 0 -3 130.33 1 61 0.44372987747192383 3
1 -1 7 134.66 30.950000000000006 -1 1198.71 9 61 0.416424036026001 3
2 -1 7 118.94 0.0 -1 391.9 3 54 0.2879958152770996 3
0 -1 8 105.17 0 -3 119.86 1 61 0.403184175491333 3
1 -1 8 131.01 58.9 -1 1143.57 9 61 0.45762181282043457 3
2 -1 8 106.54 34.25 -1 334.42999999999995 3 54 0.3140687942504883 3
random:3T:600
0 -1 0 339.04 167.37 -1 310.87 1 61 0.2283787727355957 3
1 -1 0 354.13 0 -3 3410.2099999999996 9 61 0.1937398910522461 3
2 -1 0 342.82 112.19 -1 1076.54 3 54 0.1630721092224121 3
0 -1 1 281.54 215.26999999999992 -2 294.21000000000004 1 61 1.5190892219543457 3
1 -1 1 304.56 215.14999999999995 -2 2540.26 9 61 1.200289011001587 3
2 -1 1 302.68 246.25 -4 847.6200000000001 3 54 1.0726032257080078 3
0 -1 2 287.56 227.88999999999993 -2 279.85 1 61 3.6737942695617676 3
1 -1 2 308.26 241.4299999999998 -2 2587.0 9 61 3.1129679679870605 3
2 -1 2 279.98 221.7 -2 835.8100000000002 3 54 1.664078950881958 3
0 -1 3 308.42 164.26000000000002 -1 164.26000000000002 1 61 0.005692243576049805 3
1 -1 3 322.97 163.25 -1 2025.4899999999998 9 61 0.005024909973144531 3
2 -1 3 309.82 145.35 -2 468.76 3 54 0.005129098892211914 3
0 -1 4 281.54 215.26999999999992 -2 294.21000000000004 1 61 1.5057201385498047 3
1 -1 4 304.56 215.14999999999995 -2 2540.26 9 61 1.202524185180664 3
2 -1 4 300.89 246.75 -2 846.72 3 54 1.2279129028320312 3
0 -1 5 275.73 213.02 -1 264.61 1 61 2.733898878097534 3
1 -1 5 284.08 207.57 -2 2429.91 9 61 1.9672801494598389 3
2 -1 5 275.86 216.2 -2 778.75 3 54 1.903573989868164 3
0 -1 6 310.27 250.68000000000004 -1 285.40999999999997 1 61 3.4348928928375244 3
1 -1 6 341.74 287.82 -1 2683.2200000000003 9 61 2.376708745956421 3
2 -1 6 315.78 261.34000000000003 -1 850.77 3 54 2.191880941390991 3
0 -1 7 283.91 147.33 -3 406.4500000000005 1 61 1.5855579376220703 3
1 -1 7 320.5 188.51 -4 3392.6 9 61 0.5342302322387695 3
2 -1 7 294.01 158.45 -2 1077.34 3 54 0.4095439910888672 3
0 -1 8 258.81 173.95 -2 386.7600000000004 1 61 1.4768579006195068 3
1 -1 8 301.0 177.22 -2 3169.7300000000005 9 61 0.5778486728668213 3
2 -1 8 265.45 171.86 -2 1034.9900000000002 3 54 0.8734116554260254 3
random:3T:900
0 -1 0 571.21 343.38 -1 525.49 1 61 0.34449100494384766 3
1 -1 0 578.85 195.1 -1 5291.930000000001 9 61 0.2906532287597656 3
2 -1 0 570.08 287.07 -1 1745.97 3 54 0.24718308448791504 3
0 -1 1 431.92 378.74000000000007 -2 448.88 1 61 2.384122133255005 3
1 -1 1 464.02 385.53999999999996 -2 3937.25 9 61 1.9947409629821777 3
2 -1 1 455.27 373.34 -1 1320.29 3 54 1.9794249534606934 3
0 -1 2 447.04 373.87 -1 435.82 1 61 4.095219850540161 3
1 -1 2 466.05 368.71999999999997 -1 3906.31 9 61 2.877700090408325 3
2 -1 2 439.53 375.70000000000005 -1 1270.9399999999998 3 54 2.443439245223999 3
0 -1 3 525.78 312.05 -1 312.05 1 61 0.0065839290618896484 3
1 -1 3 531.23 317.28000000000003 -1 3145.2600000000007 9 61 0.006310224533081055 3
2 -1 3 528.8 288.83 -2 904.27 3 54 0.0055768489837646484 3
0 -1 4 432.75 362.5 -1 448.86 1 61 2.6471848487854004 3
1 -1 4 464.02 385.53999999999996 -2 3937.25 9 61 2.0195751190185547 3
2 -1 4 453.77 373.34 -1 1321.4299999999998 3 54 2.138322353363037 3
0 -1 5 434.39 367.96000000000004 -2 418.02000000000004 1 61 3.7818150520324707 3
1 -1 5 446.79 353.84000000000003 -2 3859.970000000001 9 61 2.7068541049957275 3
2 -1 5 430.83 367.63000000000005 -2 1241.3600000000001 3 54 2.766451835632324 3
0 -1 6 498.91 455.91999999999996 -1 478.89 1 61 4.910320997238159 3
1 -1 6 549.34 476.15000000000003 -2 4557.14 9 61 3.8432528972625732 3
2 -1 6 505.13 404.46000000000004 -2 1461.02 3 54 3.5468790531158447 3
0 -1 7 394.17 244.68 -4 691.8200000000013 1 61 2.436432123184204 3
1 -1 7 466.97 238.71 -2 5642.999999999999 9 61 0.7025020122528076 3
2 -1 7 421.28 222.23 -2 1845.4700000000003 3 54 0.5794830322265625 3
0 -1 8 357.57 230.73 -2 684.7600000000023 1 61 2.9223930835723877 3
1 -1 8 440.04 232.52 -2 5385.339999999999 9 61 0.8220229148864746 3
2 -1 8 380.18 229.58 -2 1818.4500000000007 3 54 1.2406609058380127 3
random:3T:1200
0 -1 0 800.03 549.3299999999999 -1 732.65 1 61 0.5266168117523193 3
1 -1 0 801.95 332.54 -1 7209.1 9 61 0.4463310241699219 3
2 -1 0 797.98 437.5 -1 2403.3 3 54 0.41138195991516113 3
0 -1 1 568.35 434.88 -1 589.64 1 61 3.0670628547668457 3
1 -1 1 624.38 441.95000000000005 -1 5314.57 9 61 2.994335174560547 3
2 -1 1 605.03 478.32000000000005 -1 1776.51 3 54 3.287400007247925 3
0 -1 2 585.72 472.43 -1 581.9000000000001 1 61 6.106178045272827 3
1 -1 2 627.36 538.5399999999998 -2 5233.460000000001 9 61 4.25757908821106 3
2 -1 2 597.4 528.05 -2 1798.63 3 54 3.4813008308410645 3
0 -1 3 730.39 440.18 -1 440.18 1 61 0.008723974227905273 3
1 -1 3 744.4 467.03000000000003 -1 4408.630000000001 9 61 0.007896900177001953 3
2 -1 3 745.46 419.75 -2 1315.23 3 54 0.0064890384674072266 3
0 -1 4 565.51 434.88 -1 585.01 1 61 3.2136998176574707 3
1 -1 4 619.94 441.95000000000005 -1 5327.82 9 61 2.6718389987945557 3
2 -1 4 598.23 447.58000000000004 -1 1770.0900000000001 3 54 2.873223066329956 3
0 -1 5 571.85 496.33 -1 569.4399999999999 1 61 4.875678062438965 3
1 -1 5 603.0 472.88 -1 5149.130000000001 9 61 4.092353105545044 3
2 -1 5 576.07 495.77 -1 1690.86 3 54 3.2512781620025635 3
0 -1 6 643.33 532.96 -1 643.96 1 61 5.904064893722534 3
1 -1 6 737.55 641.6600000000001 -1 5978.130000000001 9 61 4.9527130126953125 3
2 -1 6 699.34 600.78 -1 1976.17 3 54 3.981415033340454 3
0 -1 7 497.05 362.12 -3 977.3500000000026 1 61 3.4959208965301514 3
1 -1 7 603.22 322.52000000000004 -4 7741.86 9 61 0.9170382022857666 3
2 -1 7 549.24 320.57000000000005 -4 2590.38 3 54 0.97151780128479 3
0 -1 8 481.83 347.88 -2 902.3500000000025 1 61 3.5815131664276123 3
1 -1 8 559.56 270.49 -4 7429.539999999999 9 61 1.1096150875091553 3
2 -1 8 489.22 288.65000000000003 -4 2496.9600000000005 3 54 1.375678300857544 3
random:3T:1500
0 -1 0 1028.59 729.0 -1 949.5600000000001 1 61 0.6706461906433105 3
1 -1 0 1022.45 407.93 -1 9230.42 9 61 0.5578067302703857 3
2 -1 0 1023.03 629.1 -1 3079.6400000000003 3 54 0.5395877361297607 3
0 -1 1 717.22 601.6500000000001 -2 734.18 1 61 4.451433897018433 3
1 -1 1 780.17 611.14 -1 6648.669999999999 9 61 3.9704298973083496 3
2 -1 1 749.31 624.73 -1 2109.29 3 54 3.4144489765167236 3
0 -1 2 738.84 616.15 -2 720.34 1 61 6.234876871109009 3
1 -1 2 776.26 669.1199999999999 -2 6600.72 9 61 4.276997089385986 3
2 -1 2 744.85 676.4 -2 2231.5 3 54 4.051505088806152 3
0 -1 3 939.11 533.96 -1 533.96 1 61 0.009490966796875 3
1 -1 3 957.26 611.0300000000001 -1 5775.23 9 61 0.009182929992675781 3
2 -1 3 954.65 532.05 -2 1679.09 3 54 0.007684230804443359 3
0 -1 4 714.56 595.8299999999999 -1 738.6600000000001 1 61 3.962830066680908 3
1 -1 4 772.82 606.02 -2 6658.560000000001 9 61 3.4720242023468018 3
2 -1 4 743.49 608.53 -2 2139.59 3 54 3.2765650749206543 3
0 -1 5 713.68 581.2800000000001 -1 693.7 1 61 5.546732664108276 3
1 -1 5 755.8 632.48 -1 6530.42 9 61 4.453873157501221 3
2 -1 5 724.57 559.4699999999999 -1 2183.0800000000004 3 54 3.827209949493408 3
0 -1 6 855.0 759.7 -2 851.0600000000001 1 61 6.938504934310913 3
1 -1 6 967.26 864.1599999999999 -2 7979.959999999998 9 61 5.766902208328247 3
2 -1 6 904.63 787.7700000000001 -2 2512.91 3 54 4.40616774559021 3
0 -1 7 564.52 425.54 -3 1266.5200000000043 1 61 4.440219163894653 3
1 -1 7 735.81 434.25 -4 9990.23 9 61 1.174448013305664 3
2 -1 7 663.38 431.31 -4 3357.9599999999996 3 54 0.7766337394714355 3
0 -1 8 574.06 438.91 -2 1200.3500000000042 1 61 4.316664695739746 3
1 -1 8 716.06 417.98 -4 9515.42 9 61 1.0483660697937012 3
2 -1 8 608.76 423.12 -4 3242.330000000001 3 54 1.1449673175811768 3
random:4T:300
0 -1 0 117.63 0 -5 135.96 1 61 0.11801600456237793 4
1 -1 0 114.24 0 -8 362.14 2 58 0.09619784355163574 4
2 -1 0 157.21 0 -3 1396.6200000000003 8 55 0.09332704544067383 4
0 -1 1 110.42 0.0 -1 108.45 1 61 0.0780489444732666 4
1 -1 1 110.64 10.16 -1 287.76 2 58 0.22630715370178223 4
2 -1 1 149.78 103.66 -1 1083.9399999999998 8 55 1.1475043296813965 4
0 -1 2 100.83 0 -3 41.34 1 61 1.6609001159667969 4
1 -1 2 98.59 15.79 -1 188.06 2 58 1.6578898429870605 4
2 -1 2 138.39 88.70000000000002 -2 1064.56 8 55 1.1302392482757568 4
0 -1 3 100.54 0.0 -6 3.57 1 61 0.004332065582275391 4
1 -1 3 90.97 0.0 -7 0.0 2 58 0.003473997116088867 4
2 -1 3 128.96 0.0 -7 238.18 8 55 0.0042150020599365234 4
0 -1 4 110.42 0.0 -1 108.45 1 61 0.08608007431030273 4
1 -1 4 110.64 10.16 -1 287.76 2 58 0.23833608627319336 4
2 -1 4 149.78 103.66 -1 1083.9399999999998 8 55 1.1747450828552246 4
0 -1 5 92.53 0 -5 103.95 1 61 1.583008050918579 4
1 -1 5 91.15 0.0 -2 223.06 2 58 1.257936954498291 4
2 -1 5 118.14 44.22 -1 954.7599999999999 8 55 1.4347336292266846 4
0 -1 6 117.26 0 -3 135.96 1 61 1.9578890800476074 4
1 -1 6 114.13 0 -3 287.76 2 58 1.5048198699951172 4
2 -1 6 147.63 85.28 -1 1106.16 8 55 1.9586200714111328 4
0 -1 7 117.26 0 -3 135.96 1 61 0.43065404891967773 4
1 -1 7 114.13 0 -3 287.76 2 58 0.3312356472015381 4
2 -1 7 155.64 78.63 -1 1392.94 8 55 0.30304574966430664 4
0 -1 8 100.83 0 -3 41.34 1 61 0.42609310150146484 4
1 -1 8 98.59 15.79 -1 188.06 2 58 0.4016387462615967 4
2 -1 8 145.67 80.88 -2 1346.16 8 55 0.2856569290161133 4
random:4T:600
0 -1 0 338.11 166.61 -1 321.03000000000003 1 61 0.22548604011535645 4
1 -1 0 331.46 34.42 -1 755.06 2 58 0.1890881061553955 4
2 -1 0 389.18 172.82 -1 3166.1 8 55 0.18549108505249023 4
0 -1 1 263.71 187.75999999999976 -2 251.20999999999998 1 61 4.401165008544922 4
1 -1 1 289.54 243.14000000000001 -2 594.86 2 58 1.0814228057861328 4
2 -1 1 338.64 286.13 -4 2569.3999999999996 8 55 0.8648977279663086 4
0 -1 2 270.96 206.44 -2 227.01999999999998 1 61 2.8636279106140137 4
1 -1 2 276.02 223.01 -1 516.5799999999999 2 58 2.5241899490356445 4
2 -1 2 312.88 252.20999999999992 -2 2292.2199999999993 8 55 1.9918813705444336 4
0 -1 3 308.28 155.95000000000002 -1 155.95000000000002 1 61 0.005316019058227539 4
1 -1 3 297.57 134.25 -2 268.5 2 58 0.004580974578857422 4
2 -1 3 340.18 150.41 -2 1440.08 8 55 0.004620075225830078 4
0 -1 4 263.71 187.75999999999976 -2 251.20999999999998 1 61 4.535006999969482 4
1 -1 4 289.54 243.14000000000001 -2 594.86 2 58 1.141031265258789 4
2 -1 4 338.08 281.27 -1 2572.0599999999995 8 55 0.8901829719543457 4
0 -1 5 265.37 205.38 -2 264.57 1 61 2.5865118503570557 4
1 -1 5 264.89 205.38999999999996 -2 537.96 2 58 2.4886326789855957 4
2 -1 5 299.13 227.82999999999993 -2 2230.66 8 55 1.931215763092041 4
0 -1 6 307.7 243.88 -1 286.74 1 61 3.3301761150360107 4
1 -1 6 310.65 248.88 -1 564.38 2 58 2.720470905303955 4
2 -1 6 369.64 328.72999999999996 -1 2793.58 8 55 2.0716097354888916 4
0 -1 7 282.51 146.98 -3 407.0500000000003 1 61 1.6089389324188232 4
1 -1 7 286.75 155.9 -2 836.3600000000005 2 58 1.1960270404815674 4
2 -1 7 344.94 202.62 -4 3581.04 8 55 0.6837728023529053 4
0 -1 8 253.43 160.5 -2 319.49 1 61 1.5378880500793457 4
1 -1 8 253.18 167.32 -1 762.8200000000006 2 58 1.3955790996551514 4
2 -1 8 322.53 179.68 -2 3561.9600000000005 8 55 0.5729210376739502 4
random:4T:900
0 -1 0 570.51 342.26 -1 547.3800000000001 1 61 0.34499502182006836 4
1 -1 0 549.04 229.04 -1 1208.54 2 58 0.28852415084838867 4
2 -1 0 617.19 320.32 -1 5113.72 8 55 0.2763180732727051 4
0 -1 1 418.82 351.7500000000001 -2 420.4 1 61 3.1836061477661133 4
1 -1 1 443.8 372.16 -1 905.5799999999999 2 58 2.625941038131714 4
2 -1 1 502.34 392.48 -1 3832.4800000000005 8 55 1.6890029907226562 4
0 -1 2 431.47 339.3 -1 378.87 1 61 4.25708794593811 4
1 -1 2 430.28 379.28000000000003 -1 784.18 2 58 3.402430772781372 4
2 -1 2 473.46 403.5700000000001 -2 3474.8199999999997 8 55 2.755053758621216 4
0 -1 3 525.54 297.53 -1 297.53 1 61 0.008204936981201172 4
1 -1 3 510.95 254.29000000000002 -2 508.58000000000004 2 58 0.006273984909057617 4
2 -1 3 552.47 302.59999999999997 -2 2637.08 8 55 0.007456064224243164 4
0 -1 4 414.39 349.05 -2 420.45 1 61 3.4166371822357178 4
1 -1 4 443.8 372.16 -1 905.5799999999999 2 58 2.7638840675354004 4
2 -1 4 503.44 392.48 -1 3832.7199999999993 8 55 1.8563241958618164 4
0 -1 5 422.27 347.99 -2 417.96000000000004 1 61 3.7202060222625732 4
1 -1 5 422.11 358.8200000000001 -2 860.8399999999999 2 58 3.3978817462921143 4
2 -1 5 461.53 383.39 -2 3353.92 8 55 2.510554790496826 4
0 -1 6 479.27 424.84000000000003 -1 424.84000000000003 1 61 4.731884002685547 4
1 -1 6 490.68 401.93 -2 920.54 2 58 3.857999086380005 4
2 -1 6 587.7 515.1600000000001 -1 4269.06 8 55 3.2726662158966064 4
0 -1 7 394.57 244.68 -4 696.5400000000013 1 61 2.434218168258667 4
1 -1 7 409.0 234.53 -4 1405.7200000000012 2 58 1.6302080154418945 4
2 -1 7 499.12 246.45 -4 5773.9800000000005 8 55 0.8971688747406006 4
0 -1 8 352.37 223.35 -2 617.4900000000018 1 61 2.7403981685638428 4
1 -1 8 358.06 227.09 -1 1358.8200000000043 2 58 2.355134963989258 4
2 -1 8 463.64 235.99 -2 5691.799999999998 8 55 0.818242073059082 4
random:4T:1200
0 -1 0 798.69 555.44 -1 768.8000000000001 1 61 0.4631459712982178 4
1 -1 0 770.9 367.25 -1 1726.0200000000002 2 58 0.37569093704223633 4
2 -1 0 847.54 488.34 -1 7096.2 8 55 0.3756980895996094 4
0 -1 1 551.62 434.93 -1 563.6800000000001 1 61 4.549135208129883 4
1 -1 1 588.52 478.69 -1 1148.68 2 58 2.987974166870117 4
2 -1 1 673.34 589.92 -1 5050.48 8 55 2.638268232345581 4
0 -1 2 580.7 489.59000000000003 -1 591.5999999999999 1 61 5.1503636837005615 4
1 -1 2 589.08 530.11 -4 1067.16 2 58 4.5318827629089355 4
2 -1 2 641.81 557.63 -4 4901.08 8 55 3.2018089294433594 4
0 -1 3 729.98 414.81 -1 414.81 1 61 0.009072065353393555 4
1 -1 3 709.63 348.19 -2 696.38 2 58 0.00793910026550293 4
2 -1 3 765.59 452.24 -2 3808.98 8 55 0.008034944534301758 4
0 -1 4 558.66 424.43 -1 563.9300000000001 1 61 4.4884772300720215 4
1 -1 4 594.91 535.1700000000001 -4 1148.96 2 58 2.9671249389648438 4
2 -1 4 665.65 552.78 -1 5019.36 8 55 2.3812313079833984 4
0 -1 5 556.88 503.38000000000005 -2 566.06 1 61 4.4417290687561035 4
1 -1 5 572.62 506.88 -2 1155.74 2 58 3.9207751750946045 4
2 -1 5 624.0 533.4100000000001 -2 4524.84 8 55 2.938765048980713 4
0 -1 6 644.59 537.1700000000001 -1 630.9300000000001 1 61 5.614638090133667 4
1 -1 6 675.59 499.22999999999996 -2 1287.46 2 58 4.399368047714233 4
2 -1 6 796.7 720.6200000000001 -1 5961.32 8 55 3.845841884613037 4
0 -1 7 500.23 362.08 -3 983.7500000000026 1 61 3.318579912185669 4
1 -1 7 529.91 367.5 -2 1963.0800000000024 2 58 2.1786789894104004 4
2 -1 7 652.23 377.33000000000004 -4 7783.4000000000015 8 55 1.1089732646942139 4
0 -1 8 466.91 325.15000000000003 -2 850.7200000000022 1 61 3.2118120193481445 4
1 -1 8 487.85 337.61 -2 1847.2800000000052 2 58 3.0026140213012695 4
2 -1 8 619.63 349.18 -2 7591.619999999997 8 55 1.1033577919006348 4
random:4T:1500
0 -1 0 1028.01 735.1400000000001 -1 986.6200000000001 1 61 0.5989229679107666 4
1 -1 0 964.23 446.09 -1 2240.8 2 58 0.5040550231933594 4
2 -1 0 1062.73 660.9300000000001 -1 9010.560000000001 8 55 0.48127317428588867 4
0 -1 1 693.77 577.4200000000001 -1 709.66 1 61 4.321101188659668 4
1 -1 1 739.34 696.09 -2 1392.18 2 58 3.9791810512542725 4
2 -1 1 838.04 745.2 -1 6428.519999999999 8 55 3.0933446884155273 4
0 -1 2 743.77 633.05 -1 702.57 1 61 7.123830795288086 4
1 -1 2 752.19 693.36 -2 1502.1600000000003 2 58 5.775573968887329 4
2 -1 2 795.53 705.36 -2 6016.419999999999 8 55 3.6419758796691895 4
0 -1 3 938.85 518.2 -1 518.2 1 61 0.010277986526489258 4
1 -1 3 916.78 500.89 -2 1001.78 2 58 0.00857090950012207 4
2 -1 3 979.52 598.75 -2 4950.0599999999995 8 55 0.009358882904052734 4
0 -1 4 699.96 572.74 -2 717.0899999999999 1 61 4.667880058288574 4
1 -1 4 738.31 659.4100000000001 -1 1401.02 2 58 4.12734317779541 4
2 -1 4 827.37 696.9300000000001 -1 6401.280000000001 8 55 3.0878491401672363 4
0 -1 5 701.13 539.22 -1 727.04 1 61 5.505109071731567 4
1 -1 5 721.65 659.26 -4 1463.9800000000002 2 58 5.090023040771484 4
2 -1 5 786.24 683.83 -1 5783.8 8 55 3.5927999019622803 4
0 -1 6 871.36 775.4000000000001 -1 848.51 1 61 7.422360897064209 4
1 -1 6 844.47 746.5 -2 1624.24 2 58 5.37089204788208 4
2 -1 6 1018.72 942.6 -1 7699.380000000001 8 55 4.90253210067749 4
0 -1 7 570.09 434.72 -2 1278.2600000000039 1 61 4.3741490840911865 4
1 -1 7 617.95 430.69 -2 2549.9200000000064 2 58 3.021413803100586 4
2 -1 7 786.07 454.82 -4 9994.340000000002 8 55 1.385453701019287 4
0 -1 8 567.02 430.06 -2 1152.7400000000036 1 61 4.504025220870972 4
1 -1 8 599.26 441.65999999999997 -2 2467.440000000009 2 58 4.13443398475647 4
2 -1 8 756.92 442.88 -2 9799.379999999997 8 55 1.3914680480957031 4
random:5T:300
0 -1 0 127.76 0 -3 525.56 4 56 0.09894990921020508 5
1 -1 0 105.09 0 -9 1791.7400000000002 12 70 0.09803891181945801 5
2 -1 0 134.31 0 -6 0 0 53 0.09940624237060547 5
0 -1 1 119.28 32.900000000000006 -1 410.05999999999995 4 56 0.622218132019043 5
1 -1 1 98.93 0 -5 1341.8799999999997 12 70 0.07734131813049316 5
2 -1 1 124.93 52.13 -1 0 0 53 0.9821178913116455 5
0 -1 2 110.51 18.15 -1 406.99 4 56 1.6372449398040771 5
1 -1 2 83.99 0 -6 861.5799999999999 12 70 1.2588090896606445 5
2 -1 2 111.17 10.47 -1 0 0 53 1.629343032836914 5
0 -1 3 102.06 0.0 -6 66.53 4 56 0.005856990814208984 5
1 -1 3 81.68 0.0 -7 290.48 12 70 0.007476806640625 5
2 -1 3 108.81 0.0 -5 0 0 53 0.004309177398681641 5
0 -1 4 119.28 32.900000000000006 -1 410.05999999999995 4 56 0.7662498950958252 5
1 -1 4 98.93 0.0 -5 1341.8799999999997 12 70 0.10908174514770508 5
2 -1 4 124.93 52.13 -1 0 0 53 1.0176599025726318 5
0 -1 5 101.56 0 -3 444.96999999999997 4 56 1.2270450592041016 5
1 -1 5 78.64 0 -12 928.67 12 70 0.9813499450683594 5
2 -1 5 93.31 0 -2 0 0 53 1.1255700588226318 5
0 -1 6 127.21 4.62 -1 525.3299999999999 4 56 1.6004459857940674 5
1 -1 6 104.16 0.0 -5 1562.76 12 70 1.538132905960083 5
2 -1 6 131.71 32.75000000000001 -1 0 0 53 2.013123035430908 5
0 -1 7 127.21 4.62 -1 525.3299999999999 4 56 0.3953132629394531 5
1 -1 7 104.16 0.0 -5 1562.76 12 70 0.38097190856933594 5
2 -1 7 131.71 32.75000000000001 -1 0 0 53 0.4642622470855713 5
0 -1 8 110.51 18.15 -1 406.99 4 56 0.3950531482696533 5
1 -1 8 83.99 0 -6 861.5799999999999 12 70 0.3155241012573242 5
2 -1 8 111.17 10.47 -1 0 0 53 0.33014702796936035 5
random:5T:600
0 -1 0 355.42 123.41 -1 1317.8400000000001 4 56 0.21103310585021973 5
1 -1 0 312.48 0 -2 4421.5199999999995 12 70 0.23283076286315918 5
2 -1 0 369.91 200.63 -1 0 0 53 0.20483684539794922 5
0 -1 1 303.58 246.14999999999998 -4 1138.11 4 56 0.9997692108154297 5
1 -1 1 269.51 188.7 -2 2715.06 12 70 1.0903542041778564 5
2 -1 1 287.77 222.0999999999999 -2 0 0 53 1.7245800495147705 5
0 -1 2 290.73 237.59999999999985 -2 1054.19 4 56 2.995927095413208 5
1 -1 2 264.64 192.5 -2 2935.9700000000007 12 70 2.702106237411499 5
2 -1 2 278.99 236.78999999999988 -2 0 0 53 2.842334032058716 5
0 -1 3 313.29 134.65 -1 596.9100000000001 4 56 0.005052804946899414 5
1 -1 3 277.36 112.11 -1 1843.1299999999999 12 70 0.0054171085357666016 5
2 -1 3 320.23 191.92000000000002 -1 0 0 53 0.004558086395263672 5
0 -1 4 303.49 246.14999999999998 -4 1138.11 4 56 1.0032620429992676 5
1 -1 4 271.06 190.6 -2 2779.74 12 70 1.2299280166625977 5
2 -1 4 286.69 222.5799999999999 -2 0 0 53 1.8039610385894775 5
0 -1 5 284.83 209.97 -2 1081.49 4 56 2.097198963165283 5
1 -1 5 229.19 151.82999999999998 -2 2076.3799999999997 12 70 2.1694529056549072 5
2 -1 5 259.49 206.96999999999997 -2 0 0 53 2.1155271530151367 5
0 -1 6 323.29 273.35999999999996 -1 1159.0900000000001 4 56 2.594069004058838 5
1 -1 6 285.45 200.23000000000002 -2 2914.3900000000003 12 70 3.1310081481933594 5
2 -1 6 339.9 288.94 -1 0 0 53 3.102391004562378 5
0 -1 7 312.14 163.18 -2 1460.82 4 56 0.6304430961608887 5
1 -1 7 294.37 122.71 -2 3939.1800000000003 12 70 0.7768328189849854 5
2 -1 7 339.9 288.94 -1 0 0 53 0.6298398971557617 5
0 -1 8 279.62 174.4 -1 1359.21 4 56 0.5479381084442139 5
1 -1 8 266.23 154.21 -2 3284.94 12 70 0.7511858940124512 5
2 -1 8 278.99 236.78999999999988 -2 0 0 53 0.7099318504333496 5
random:5T:900
0 -1 0 588.92 293.22 -1 2108.88 4 56 0.3292269706726074 5
1 -1 0 534.43 177.46 -1 7023.150000000001 12 70 0.3782010078430176 5
2 -1 0 606.42 377.09000000000003 -1 0 0 53 0.33725690841674805 5
0 -1 1 457.42 358.84 -1 1725.3300000000002 4 56 1.7953951358795166 5
1 -1 1 441.36 346.3 -2 4566.64 12 70 2.117314100265503 5
2 -1 1 433.46 365.87 -1 0 0 53 2.246856927871704 5
0 -1 2 453.87 384.23 -1 1621.8000000000002 4 56 3.196319818496704 5
1 -1 2 429.57 328.39000000000004 -2 4628.51 12 70 3.529766798019409 5
2 -1 2 422.95 368.2 -1 0 0 53 2.8855080604553223 5
0 -1 3 532.4 278.81 -1 1193.6599999999999 4 56 0.006485700607299805 5
1 -1 3 480.34 213.34 -1 3481.1099999999997 12 70 0.00640106201171875 5
2 -1 3 541.03 434.96999999999997 -1 0 0 53 0.005774021148681641 5
0 -1 4 457.02 364.73 -1 1725.3500000000001 4 56 1.8104708194732666 5
1 -1 4 436.21 338.17 -1 4525.120000000001 12 70 2.0490028858184814 5
2 -1 4 426.7 365.88 -1 0 0 53 2.033514976501465 5
0 -1 5 445.67 360.09999999999997 -2 1712.39 4 56 3.206406831741333 5
1 -1 5 406.21 299.86 -2 3944.9599999999996 12 70 3.0854320526123047 5
2 -1 5 414.11 352.9700000000002 -2 0 0 53 2.9474310874938965 5
0 -1 6 499.59 400.46999999999997 -2 1889.44 4 56 3.3678510189056396 5
1 -1 6 485.46 399.42 -1 5304.15 12 70 3.9141628742218018 5
2 -1 6 553.66 500.1 -1 0 0 53 4.041428804397583 5
0 -1 7 457.92 224.82 -2 2482.3 4 56 0.8859131336212158 5
1 -1 7 462.35 202.62 -2 6880.189999999999 12 70 1.0132830142974854 5
2 -1 7 553.66 500.1 -1 0 0 53 0.8935563564300537 5
0 -1 8 404.2 230.97 -1 2421.9300000000003 4 56 0.7429389953613281 5
1 -1 8 428.04 219.9 -2 6248.9 12 70 0.9067769050598145 5
2 -1 8 422.95 368.2 -1 0 0 53 0.6450119018554688 5
random:5T:1200
0 -1 0 816.57 443.63 -1 2961.0999999999995 4 56 0.4256148338317871 5
1 -1 0 745.79 322.87 -1 9800.33 12 70 0.49385499954223633 5
2 -1 0 845.14 578.3599999999999 -1 0 0 53 0.39571475982666016 5
0 -1 1 620.27 512.8199999999999 -1 2291.17 4 56 2.331228733062744 5
1 -1 1 595.54 430.35 -1 6044.29 12 70 2.855241060256958 5
2 -1 1 565.36 439.62 -1 0 0 53 2.4670631885528564 5
0 -1 2 611.58 513.4300000000001 -1 2331.9100000000003 4 56 3.965117931365967 5
1 -1 2 595.84 416.84000000000003 -1 6483.25 12 70 4.8517889976501465 5
2 -1 2 565.44 523.21 -4 0 0 53 3.555216073989868 5
0 -1 3 752.69 415.26 -1 1766.49 4 56 0.008181095123291016 5
1 -1 3 667.99 339.08 -1 4887.709999999999 12 70 0.008237838745117188 5
2 -1 3 748.66 668.06 -1 0 0 53 0.006824970245361328 5
0 -1 4 609.91 444.35 -1 2290.79 4 56 2.3606789112091064 5
1 -1 4 590.83 424.78 -1 6069.81 12 70 3.274277925491333 5
2 -1 4 558.75 438.61 -1 0 0 53 2.429431915283203 5
0 -1 5 585.12 442.29999999999995 -2 2283.79 4 56 3.4248979091644287 5
1 -1 5 566.39 430.58000000000004 -2 5817.659999999999 12 70 3.9815375804901123 5
2 -1 5 548.98 499.86999999999995 -1 0 0 53 3.327134847640991 5
0 -1 6 721.73 644.1899999999999 -1 2663.15 4 56 4.673840761184692 5
1 -1 6 681.67 587.78 -2 7146.630000000001 12 70 5.430370092391968 5
2 -1 6 771.8 716.46 -1 0 0 53 5.477552890777588 5
0 -1 7 582.62 324.47 -2 3422.9299999999994 4 56 0.9831337928771973 5
1 -1 7 611.67 266.17 -4 9655.459999999997 12 70 1.254396915435791 5
2 -1 7 771.8 716.46 -1 0 0 53 1.1570277214050293 5
0 -1 8 516.07 288.47 -4 3330.6200000000003 4 56 0.9937319755554199 5
1 -1 8 567.94 255.93 -2 9181.749999999998 12 70 1.2029709815979004 5
2 -1 8 565.44 523.21 -4 0 0 53 0.8091268539428711 5
random:5T:1500
0 -1 0 1047.15 633.81 -1 3816.6099999999997 4 56 0.5125219821929932 5
1 -1 0 959.7 402.62 -1 12455.51 12 70 0.6128997802734375 5
2 -1 0 1082.98 778.6700000000001 -1 0 0 53 0.49990129470825195 5
0 -1 1 772.46 629.5600000000001 -1 3034.38 4 56 3.2681891918182373 5
1 -1 1 765.67 554.13 -1 7942.28 12 70 4.140897035598755 5
2 -1 1 704.31 578.06 -1 0 0 53 3.0286779403686523 5
0 -1 2 742.34 555.12 -1 2894.5600000000004 4 56 4.689538955688477 5
1 -1 2 770.29 635.3999999999997 -2 8483.73 12 70 6.615643739700317 5
2 -1 2 711.5 675.5999999999999 -2 0 0 53 4.536672115325928 5
0 -1 3 969.35 541.34 -1 2307.16 4 56 0.009694099426269531 5
1 -1 3 858.9 484.05 -1 6187.599999999999 12 70 0.009738922119140625 5
2 -1 3 955.76 911.43 -1 0 0 53 0.008181095123291016 5
0 -1 4 763.05 646.76 -2 2984.9800000000005 4 56 3.43658185005188 5
1 -1 4 754.1 576.45 -1 7899.439999999998 12 70 4.4709930419921875 5
2 -1 4 702.92 598.74 -1 0 0 53 3.2456231117248535 5
0 -1 5 736.94 545.02 -1 2903.47 4 56 4.200929164886475 5
1 -1 5 723.14 519.43 -1 7692.039999999999 12 70 5.141788959503174 5
2 -1 5 673.13 537.16 -1 0 0 53 4.086484909057617 5
0 -1 6 851.85 729.79 -1 3235.8 4 56 5.120651960372925 5
1 -1 6 848.68 695.3299999999999 -1 9010.329999999998 12 70 6.530510902404785 5
2 -1 6 975.33 929.82 -1 0 0 53 6.701848983764648 5
0 -1 7 691.85 421.23 -2 4357.029999999999 4 56 1.195404052734375 5
1 -1 7 775.25 405.83 -4 12514.760000000002 12 70 1.6635668277740479 5
2 -1 7 975.33 929.82 -1 0 0 53 1.3991811275482178 5
0 -1 8 639.09 425.16 -4 4354.339999999999 4 56 1.1976938247680664 5
1 -1 8 715.44 353.45 -2 11322.259999999998 12 70 1.4822981357574463 5
2 -1 8 711.5 675.5999999999999 -2 0 0 53 0.9908738136291504 5
random:6T:300
0 -1 0 123.08 0 -7 1840.08 11 59 0.0874481201171875 6
1 -1 0 123.27 0 -4 140.35 1 56 0.10824871063232422 6
2 -1 0 125.59 0 -4 293.88 2 62 0.11727714538574219 6
0 -1 1 108.66 0.0 -2 1504.27 11 59 0.013134956359863281 6
1 -1 1 99.23 0 -2 71.3 1 56 0.07705211639404297 6
2 -1 1 113.41 15.28 -1 269.51 2 62 0.4239201545715332 6
0 -1 2 100.49 0.0 -2 1211.39 11 59 0.827003002166748 6
1 -1 2 83.91 0.0 -5 5.55 1 56 1.3460750579833984 6
2 -1 2 98.28 0 -2 176.01999999999998 2 62 1.740077018737793 6
0 -1 3 86.44 0.0 -5 123.36000000000001 11 59 0.0037078857421875 6
1 -1 3 88.38 0.0 -6 18.44 1 56 0.00385284423828125 6
2 -1 3 96.4 0.0 -6 89.64 2 62 0.004301786422729492 6
0 -1 4 108.66 0.0 -2 1504.27 11 59 0.013429880142211914 6
1 -1 4 99.23 0.0 -2 71.3 1 56 0.07684874534606934 6
2 -1 4 113.41 15.28 -1 269.51 2 62 0.42208123207092285 6
0 -1 5 89.06 0 -6 1054.27 11 59 0.6798450946807861 6
1 -1 5 73.69 0 -9 5.32 1 56 1.1049890518188477 6
2 -1 5 84.43 0 -8 203.26999999999998 2 62 1.3247501850128174 6
0 -1 6 119.18 0.0 -2 1503.67 11 59 0.9915709495544434 6
1 -1 6 123.13 0 -3 125.47 1 56 1.7743210792541504 6
2 -1 6 125.51 0 -3 288.67 2 62 2.0827510356903076 6
0 -1 7 119.18 0.0 -2 1503.67 11 59 0.26180291175842285 6
1 -1 7 123.13 0 -3 125.47 1 56 0.43462514877319336 6
2 -1 7 125.51 0 -3 288.67 2 62 0.5071749687194824 6
0 -1 8 100.49 0.0 -2 1211.39 11 59 0.22708821296691895 6
1 -1 8 83.91 0.0 -5 5.55 1 56 0.33606410026550293 6
2 -1 8 98.28 0 -2 176.01999999999998 2 62 0.42990732192993164 6
random:6T:600
0 -1 0 333.79 0 -3 4667.57 11 59 0.20750904083251953 6
1 -1 0 349.62 0 -1 367.32 1 56 0.21747589111328125 6
2 -1 0 347.04 165.95 -1 749.9200000000001 2 62 0.25676798820495605 6
0 -1 1 281.21 207.0199999999999 -2 2813.2799999999997 11 59 1.1005191802978516 6
1 -1 1 289.38 236.82 -4 243.91 1 56 0.9506239891052246 6
2 -1 1 292.48 239.24 -4 577.53 2 62 1.0236790180206299 6
0 -1 2 273.05 199.89 -2 2737.2300000000005 11 59 1.4935591220855713 6
1 -1 2 257.49 201.32000000000002 -1 213.42000000000002 1 56 2.5840320587158203 6
2 -1 2 273.39 224.21000000000004 -2 511.9200000000001 2 62 3.2054479122161865 6
0 -1 3 294.3 152.47 -2 1728.79 11 59 0.005477190017700195 6
1 -1 3 295.24 132.19 -1 159.25 1 56 0.004717111587524414 6
2 -1 3 300.73 134.73 -1 330.24 2 62 0.005414009094238281 6
0 -1 4 281.21 207.0199999999999 -2 2813.2799999999997 11 59 1.0961699485778809 6
1 -1 4 289.38 236.82 -4 243.91 1 56 0.957362174987793 6
2 -1 4 290.88 239.28 -4 577.54 2 62 1.0403940677642822 6
0 -1 5 250.74 179.74 -2 2380.1800000000003 11 59 1.3663339614868164 6
1 -1 5 242.76 183.76 -1 213.19 1 56 2.1720173358917236 6
2 -1 5 240.24 178.3 -2 386.62 2 62 2.476062297821045 6
0 -1 6 318.13 264.3000000000001 -1 3139.65 11 59 2.2197277545928955 6
1 -1 6 316.57 258.88 -1 284.35 1 56 2.8244152069091797 6
2 -1 6 319.91 257.20000000000005 -1 594.19 2 62 3.788519859313965 6
0 -1 7 327.38 163.14 -4 4202.5599999999995 11 59 0.5884511470794678 6
1 -1 7 308.03 203.07 -4 384.8899999999999 1 56 0.9161720275878906 6
2 -1 7 313.74 141.21 -3 788.3600000000001 2 62 0.9148521423339844 6
0 -1 8 288.18 167.16 -2 3707.79 11 59 0.5498082637786865 6
1 -1 8 242.94 161.82 -1 292.7499999999999 1 56 1.3754708766937256 6
2 -1 8 255.9 150.91 -1 701.9700000000001 2 62 0.8539009094238281 6
random:6T:900
0 -1 0 554.09 126.88 -1 7313.509999999998 11 59 0.3140418529510498 6
1 -1 0 579.98 208.78 -1 598.51 1 56 0.32624101638793945 6
2 -1 0 579.58 334.43 -1 1167.94 2 62 0.38115406036376953 6
0 -1 1 449.39 355.71999999999997 -4 4685.860000000001 11 59 1.2188808917999268 6
1 -1 1 450.22 369.82 -1 424.62 1 56 1.8235220909118652 6
2 -1 1 452.48 371.15 -1 871.72 2 62 2.404313087463379 6
0 -1 2 454.0 359.24 -4 4608.140000000001 11 59 2.246168851852417 6
1 -1 2 432.28 370.06 -4 412.52 1 56 3.5155301094055176 6
2 -1 2 429.17 368.1400000000001 -2 805.3299999999999 2 62 4.513210773468018 6
0 -1 3 507.23 305.97999999999996 -2 3426.5600000000004 11 59 0.00773310661315918 6
1 -1 3 488.64 278.81 -1 278.81 1 56 0.006588935852050781 6
2 -1 3 498.27 287.95 -1 593.0 2 62 0.0068089962005615234 6
0 -1 4 449.39 355.71999999999997 -4 4685.860000000001 11 59 1.1738231182098389 6
1 -1 4 450.22 369.82 -1 424.62 1 56 1.7687606811523438 6
2 -1 4 442.95 371.15999999999997 -1 870.3499999999999 2 62 2.269786834716797 6
0 -1 5 426.45 327.89000000000004 -2 4238.66 11 59 1.9715619087219238 6
1 -1 5 411.83 331.82 -1 366.56 1 56 3.041015863418579 6
2 -1 5 400.67 324.56000000000006 -2 684.89 2 62 3.6767759323120117 6
0 -1 6 521.54 419.09 -2 5090.339999999999 11 59 2.7837042808532715 6
1 -1 6 531.71 474.35 -2 506.89 1 56 4.799315929412842 6
2 -1 6 511.26 407.19 -1 976.1899999999999 2 62 5.527796030044556 6
0 -1 7 499.28 224.8 -4 7161.130000000001 11 59 0.9021127223968506 6
1 -1 7 434.89 246.7 -4 669.8599999999994 1 56 1.2751848697662354 6
2 -1 7 454.32 289.56 -1 1338.31 2 62 1.3384881019592285 6
0 -1 8 452.52 227.0 -2 6687.360000000001 11 59 0.8452119827270508 6
1 -1 8 349.09 224.07 -1 590.7500000000016 1 56 2.5903589725494385 6
2 -1 8 363.78 218.09 -1 1274.4999999999995 2 62 1.3252100944519043 6
random:6T:1200
0 -1 0 775.88 295.13 -1 10197.67 11 59 0.4308180809020996 6
1 -1 0 811.14 427.37 -1 823.42 1 56 0.4335658550262451 6
2 -1 0 805.33 527.77 -1 1649.92 2 62 0.5024359226226807 6
0 -1 1 616.99 493.72999999999996 -4 6291.590000000001 11 59 1.8135101795196533 6
1 -1 1 577.42 432.2 -1 570.27 1 56 2.544957160949707 6
2 -1 1 592.19 449.8 -2 1113.4 2 62 3.219223976135254 6
0 -1 2 619.68 509.31 -4 6291.700000000001 11 59 2.844290018081665 6
1 -1 2 559.11 458.62000000000006 -1 519.52 1 56 4.292062997817993 6
2 -1 2 581.83 513.13 -2 1098.98 2 62 5.4501941204071045 6
0 -1 3 720.52 458.05999999999995 -2 5110.11 11 59 0.00845789909362793 6
1 -1 3 683.01 358.78000000000003 -1 358.78000000000003 1 56 0.007028818130493164 6
2 -1 3 690.41 360.27000000000004 -1 736.26 2 62 0.008441925048828125 6
0 -1 4 607.08 428.33 -1 6286.93 11 59 1.7925019264221191 6
1 -1 4 563.79 433.34000000000003 -1 569.27 1 56 2.4820780754089355 6
2 -1 4 573.65 435.90999999999997 -1 1112.1100000000001 2 62 3.2455532550811768 6
0 -1 5 583.06 469.7100000000001 -4 5653.38 11 59 2.5798189640045166 6
1 -1 5 550.8 479.03000000000003 -2 522.0999999999999 1 56 3.7773220539093018 6
2 -1 5 557.64 482.76000000000016 -2 1036.01 2 62 5.0646140575408936 6
0 -1 6 717.42 634.91 -2 7180.32 11 59 3.3415300846099854 6
1 -1 6 726.47 651.5 -1 685.6299999999999 1 56 5.638833999633789 6
2 -1 6 704.06 620.1800000000001 -1 1348.69 2 62 7.161564826965332 6
0 -1 7 656.74 356.09000000000003 -4 10015.790000000003 11 59 1.1797740459442139 6
1 -1 7 536.09 374.78 -2 950.9599999999988 1 56 1.6311490535736084 6
2 -1 7 565.39 413.81 -1 1891.8199999999997 2 62 1.7959401607513428 6
0 -1 8 606.45 307.26000000000005 -4 9241.880000000001 11 59 1.098026990890503 6
1 -1 8 441.99 268.24 -2 827.0300000000018 1 56 3.016382932662964 6
2 -1 8 478.97 311.84 -2 1756.2699999999993 2 62 1.6737427711486816 6
random:6T:1500
0 -1 0 961.5 387.4 -1 13162.570000000003 11 59 0.5713610649108887 6
1 -1 0 1041.46 655.6 -1 1052.6099999999997 1 56 0.5498900413513184 6
2 -1 0 1028.14 679.96 -1 2106.87 2 62 0.6406300067901611 6
0 -1 1 783.35 657.3399999999997 -4 8053.229999999999 11 59 2.7364706993103027 6
1 -1 1 707.47 572.3699999999999 -1 755.21 1 56 3.357947826385498 6
2 -1 1 727.56 579.58 -2 1388.86 2 62 4.035029888153076 6
0 -1 2 780.68 610.0799999999999 -2 7979.610000000001 11 59 3.8106842041015625 6
1 -1 2 722.87 564.27 -1 684.4300000000001 1 56 5.923026084899902 6
2 -1 2 729.25 612.08 -1 1347.4099999999999 2 62 6.777111768722534 6
0 -1 3 934.24 608.44 -2 6776.8200000000015 11 59 0.010504961013793945 6
1 -1 3 896.09 505.38 -1 505.38 1 56 0.008098125457763672 6
2 -1 3 904.05 511.61 -1 1032.56 2 62 0.009269952774047852 6
0 -1 4 783.35 657.3399999999997 -4 8053.229999999999 11 59 2.7875547409057617 6
1 -1 4 712.73 576.74 -1 749.51 1 56 3.704655170440674 6
2 -1 4 710.85 564.05 -2 1390.1599999999999 2 62 4.536731958389282 6
0 -1 5 752.66 625.0899999999999 -4 7650.49 11 59 3.2490580081939697 6
1 -1 5 682.46 571.01 -1 629.9 1 56 4.606376886367798 6
2 -1 5 692.76 578.89 -1 1259.96 2 62 5.490107774734497 6
0 -1 6 908.09 761.27 -2 9039.249999999998 11 59 4.285656213760376 6
1 -1 6 898.31 780.53 -1 808.1199999999999 1 56 6.658483982086182 6
2 -1 6 912.41 796.87 -1 1725.01 2 62 9.229199886322021 6
0 -1 7 797.09 431.42 -4 12992.820000000003 11 59 1.533891201019287 6
1 -1 7 613.68 452.61 -1 1238.5999999999995 1 56 2.185612916946411 6
2 -1 7 655.99 452.5 -1 2451.470000000001 2 62 2.110264778137207 6
0 -1 8 771.7 418.9 -4 12048.249999999998 11 59 1.3502521514892578 6
1 -1 8 572.87 420.52 -4 1059.2600000000032 1 56 3.900614023208618 6
2 -1 8 589.99 431.76 -2 2319.2799999999993 2 62 2.0727787017822266 6
random:7T:300
0 -1 0 128.71 0 -4 1384.4799999999998 9 58 0.09191608428955078 7
1 -1 0 132.65 0 -2 134.04 1 56 0.11026191711425781 7
2 -1 0 127.23 0 -4 239.1 2 61 0.11798882484436035 7
0 -1 1 129.66 20.849999999999994 -2 1238.46 9 58 0.5251200199127197 7
1 -1 1 125.13 31.74 -1 132.12 1 56 0.6621217727661133 7
2 -1 1 122.1 0.0 -2 250.84 2 61 0.08686304092407227 7
0 -1 2 105.87 0.0 -1 1075.56 9 58 1.0065209865570068 7
1 -1 2 115.07 31.89 -1 132.12 1 56 2.1598012447357178 7
2 -1 2 112.33 18.4 -1 253.6 2 61 2.0867860317230225 7
0 -1 3 86.54 0.0 -13 0.0 9 58 0.0034220218658447266 7
1 -1 3 94.86 0.0 -7 20.08 1 56 0.0036270618438720703 7
2 -1 3 102.3 0.0 -5 176.08 2 61 0.00420379638671875 7
0 -1 4 129.66 20.849999999999994 -2 1238.46 9 58 0.5240340232849121 7
1 -1 4 125.13 31.74 -1 132.12 1 56 0.6725690364837646 7
2 -1 4 122.1 0.0 -2 250.84 2 61 0.0844869613647461 7
0 -1 5 91.09 0.0 -4 843.8599999999999 9 58 0.832582950592041 7
1 -1 5 103.72 0 -3 116.98 1 56 1.393599033355713 7
2 -1 5 93.86 0 -4 275.68 2 61 1.4394018650054932 7
0 -1 6 126.6 0.0 -2 1236.13 9 58 1.132361888885498 7
1 -1 6 132.65 0 -2 134.04 1 56 1.9152612686157227 7
2 -1 6 125.39 0 -2 239.1 2 61 1.891808032989502 7
0 -1 7 126.6 0.0 -2 1236.13 9 58 0.2873039245605469 7
1 -1 7 132.65 0 -2 134.04 1 56 0.4665489196777344 7
2 -1 7 125.39 0 -2 239.1 2 61 0.45925402641296387 7
0 -1 8 105.87 0.0 -1 1075.56 9 58 0.2544901371002197 7
1 -1 8 115.07 31.89 -1 132.12 1 56 0.49045610427856445 7
2 -1 8 112.33 18.4 -1 253.6 2 61 0.48102498054504395 7
random:7T:600
0 -1 0 341.94 14.54 -1 3446.7100000000005 9 58 0.20235896110534668 7
1 -1 0 363.53 206.29 -1 352.66999999999996 1 56 0.21032977104187012 7
2 -1 0 343.13 0 -2 706.9599999999999 2 61 0.2334449291229248 7
0 -1 1 308.87 195.44999999999993 -2 2341.6800000000003 9 58 2.845787763595581 7
1 -1 1 308.96 277.07 -2 286.14 1 56 1.36393404006958 7
2 -1 1 290.21 200.63999999999993 -2 547.0 2 61 2.118239164352417 7
0 -1 2 281.64 206.44 -1 2303.85 9 58 1.6906218528747559 7
1 -1 2 299.34 249.84 -2 289.53 1 56 2.7960660457611084 7
2 -1 2 280.25 216.98999999999995 -4 568.38 2 61 2.9048311710357666 7
0 -1 3 289.77 140.39 -2 1299.45 9 58 0.004703044891357422 7
1 -1 3 301.74 156.66000000000003 -1 159.61 1 56 0.004998922348022461 7
2 -1 3 307.06 174.72 -2 349.44 2 61 0.005507946014404297 7
0 -1 4 308.87 195.44999999999993 -2 2341.6800000000003 9 58 2.853464126586914 7
1 -1 4 308.96 277.07 -2 286.14 1 56 1.3638441562652588 7
2 -1 4 290.21 200.63999999999993 -2 547.0 2 61 2.120297908782959 7
0 -1 5 277.7 216.32999999999998 -4 2304.61 9 58 1.7374372482299805 7
1 -1 5 281.56 235.79999999999998 -1 277.70000000000005 1 56 2.4173948764801025 7
2 -1 5 261.5 205.39 -1 535.3199999999999 2 61 2.4588727951049805 7
0 -1 6 323.58 262.2 -1 2618.6400000000003 9 58 1.9803447723388672 7
1 -1 6 321.67 262.08 -1 291.12 1 56 3.2587668895721436 7
2 -1 6 312.32 247.12000000000006 -1 557.46 2 61 3.5540719032287598 7
0 -1 7 334.16 157.82 -2 3291.3500000000004 9 58 0.5840549468994141 7
1 -1 7 319.44 215.0 -1 408.2300000000003 1 56 1.330256700515747 7
2 -1 7 300.23 137.6 -2 799.1400000000009 2 61 1.6792528629302979 7
0 -1 8 286.02 168.5 -2 2936.5000000000005 9 58 0.8894338607788086 7
1 -1 8 268.72 181.58 -1 435.92000000000064 1 56 1.6142637729644775 7
2 -1 8 272.14 167.01 -2 858.2400000000013 2 61 1.7532658576965332 7
random:7T:900
0 -1 0 559.73 174.86 -2 5696.029999999998 9 58 0.31269001960754395 7
1 -1 0 591.17 352.11 -1 557.8000000000001 1 56 0.3198821544647217 7
2 -1 0 560.76 167.8 -1 1139.28 2 61 0.3426706790924072 7
0 -1 1 467.79 363.74 -1 3970.8199999999997 9 58 3.8678932189941406 7
1 -1 1 459.18 377.93 -1 480.0 1 56 2.273695230484009 7
2 -1 1 427.49 346.38 -1 878.3 2 61 2.7298970222473145 7
0 -1 2 453.45 356.47 -4 3882.11 9 58 2.6528310775756836 7
1 -1 2 459.51 376.05 -1 424.84000000000003 1 56 3.902819871902466 7
2 -1 2 427.2 359.40000000000003 -1 861.32 2 61 3.5280048847198486 7
0 -1 3 501.47 281.45 -2 2586.39 9 58 0.0060863494873046875 7
1 -1 3 514.0 300.37 -1 300.37 1 56 0.006196022033691406 7
2 -1 3 521.07 329.28 -2 658.56 2 61 0.00671696662902832 7
0 -1 4 467.79 363.74 -1 3970.8199999999997 9 58 3.854280948638916 7
1 -1 4 458.6 390.60999999999996 -1 479.71999999999997 1 56 2.3054420948028564 7
2 -1 4 427.49 346.38 -1 878.3 2 61 2.625480890274048 7
0 -1 5 456.59 380.56 -4 3814.49 9 58 2.6532089710235596 7
1 -1 5 426.01 352.86 -1 416.61 1 56 3.011007070541382 7
2 -1 5 418.52 355.05999999999995 -1 887.0 2 61 3.4596972465515137 7
0 -1 6 508.33 395.09000000000003 -1 3969.6699999999996 9 58 2.7513012886047363 7
1 -1 6 504.09 398.67 -1 491.0799999999999 1 56 4.443049907684326 7
2 -1 6 493.06 400.78000000000003 -1 965.46 2 61 4.6498026847839355 7
0 -1 7 503.55 221.88 -2 5720.67 9 58 0.8974559307098389 7
1 -1 7 440.4 343.45 -1 700.5400000000013 1 56 2.171196937561035 7
2 -1 7 417.73 243.8 -1 1367.900000000003 2 61 2.4856042861938477 7
0 -1 8 444.42 227.74 -2 5408.89 9 58 1.2330780029296875 7
1 -1 8 374.03 242.75 -4 723.2600000000017 1 56 2.4253320693969727 7
2 -1 8 378.7 234.45999999999998 -4 1402.0200000000032 2 61 2.424808979034424 7
random:7T:1200
0 -1 0 754.45 231.23 -2 7670.879999999997 9 58 0.41617774963378906 7
1 -1 0 820.53 559.63 -1 782.85 1 56 0.4181230068206787 7
2 -1 0 777.02 333.38000000000005 -1 1561.26 2 61 0.447070837020874 7
0 -1 1 615.1 438.14 -2 5338.9400000000005 9 58 4.219774961471558 7
1 -1 1 604.98 511.2 -1 606.54 1 56 3.3141469955444336 7
2 -1 1 562.76 434.84 -1 1158.54 2 61 3.445202112197876 7
0 -1 2 624.26 521.1199999999998 -2 5284.820000000001 9 58 3.79689884185791 7
1 -1 2 595.74 476.57000000000005 -1 583.86 1 56 4.524782180786133 7
2 -1 2 575.75 454.24 -1 1158.1 2 61 4.2930638790130615 7
0 -1 3 708.84 408.77 -2 3757.9399999999996 9 58 0.007208824157714844 7
1 -1 3 713.24 410.11 -1 410.11 1 56 0.0074481964111328125 7
2 -1 3 720.72 466.3 -2 932.6 2 61 0.00828409194946289 7
0 -1 4 607.04 438.14 -2 5312.409999999999 9 58 3.7685627937316895 7
1 -1 4 607.89 495.38 -1 607.52 1 56 3.356529712677002 7
2 -1 4 554.21 434.84 -1 1158.54 2 61 3.755715847015381 7
0 -1 5 626.2 532.31 -2 5138.87 9 58 3.595836877822876 7
1 -1 5 589.6 518.88 -1 552.75 1 56 4.340290069580078 7
2 -1 5 567.53 459.36 -1 1160.7 2 61 4.340328216552734 7
0 -1 6 691.23 565.3199999999999 -1 5716.560000000001 9 58 3.3705899715423584 7
1 -1 6 681.25 570.37 -1 667.3399999999997 1 56 6.204418659210205 7
2 -1 6 657.53 544.1 -1 1196.66 2 61 5.471682071685791 7
0 -1 7 645.81 352.64 -2 8074.869999999999 9 58 1.1553778648376465 7
1 -1 7 522.52 413.91 -1 994.6700000000026 1 56 3.0966532230377197 7
2 -1 7 516.06 353.69 -1 1940.0600000000056 2 61 3.5178728103637695 7
0 -1 8 587.98 296.22999999999996 -1 7459.73 9 58 1.3738200664520264 7
1 -1 8 502.59 365.95 -2 975.0700000000027 1 56 3.236699104309082 7
2 -1 8 497.51 368.88 -3 1959.080000000006 2 61 3.5730087757110596 7
random:7T:1500
0 -1 0 961.38 262.14 -2 10107.529999999995 9 58 0.5333678722381592 7
1 -1 0 1049.3 700.01 -1 1003.96 1 56 0.5072500705718994 7
2 -1 0 989.66 542.2 -1 2038.2600000000002 2 61 0.5507981777191162 7
0 -1 1 790.11 627.6200000000001 -2 6560.85 9 58 3.7656350135803223 7
1 -1 1 735.22 647.37 -1 783.4599999999999 1 56 4.023101806640625 7
2 -1 1 705.33 583.9 -1 1394.0 2 61 3.738151788711548 7
0 -1 2 773.78 663.64 -4 6511.490000000001 9 58 4.5004048347473145 7
1 -1 2 757.29 644.28 -1 790.27 1 56 5.618071794509888 7
2 -1 2 731.9 669.55 -4 1462.02 2 61 5.451734781265259 7
0 -1 3 906.94 515.6999999999999 -2 4758.41 9 58 0.00854182243347168 7
1 -1 3 924.5 519.96 -1 519.96 1 56 0.008720159530639648 7
2 -1 3 926.95 571.0099999999999 -2 1142.0199999999998 2 61 0.010056018829345703 7
0 -1 4 773.47 602.56 -2 6604.639999999999 9 58 3.729050874710083 7
1 -1 4 737.16 631.49 -1 778.29 1 56 3.7263031005859375 7
2 -1 4 698.4 584.1500000000001 -2 1393.6800000000003 2 61 3.945251703262329 7
0 -1 5 778.52 674.1500000000001 -2 6440.200000000001 9 58 3.9943361282348633 7
1 -1 5 734.55 673.37 -2 756.2399999999999 1 56 5.252056837081909 7
2 -1 5 725.88 661.4399999999999 -2 1478.8600000000001 2 61 5.601432800292969 7
0 -1 6 857.04 718.94 -2 7005.250000000001 9 58 4.211528778076172 7
1 -1 6 890.58 760.49 -1 844.2299999999998 1 56 8.284678936004639 7
2 -1 6 872.23 756.79 -1 1651.8600000000001 2 61 7.048565149307251 7
0 -1 7 772.82 428.44 -2 10539.140000000003 9 58 1.492210865020752 7
1 -1 7 581.63 452.56 -1 1289.9000000000037 1 56 4.083389043807983 7
2 -1 7 592.03 422.31 -1 2534.000000000009 2 61 4.716116905212402 7
0 -1 8 751.81 424.98 -2 10056.079999999998 9 58 1.6897711753845215 7
1 -1 8 589.28 452.04999999999995 -4 1283.7400000000046 1 56 4.434336185455322 7
2 -1 8 579.69 437.32 -2 2555.0800000000095 2 61 4.825667142868042 7
random:8T:300
0 -1 0 159.98 28.88 -1 348.1 2 42 0.08079004287719727 8
1 -1 0 117.1 0 -10 1912.72 10 73 0.12325596809387207 8
2 -1 0 104.86 0 -8 0 0 60 0.10764384269714355 8
0 -1 1 146.5 95.83 -1 239.95999999999998 2 42 0.8150930404663086 8
1 -1 1 112.61 0 -8 1461.0600000000002 10 73 0.09509825706481934 8
2 -1 1 97.2 0 -3 0 0 60 0.08698606491088867 8
0 -1 2 136.28 80.82 -1 212.76 2 42 0.8971116542816162 8
1 -1 2 97.83 0 -6 731.6199999999999 10 73 1.8488988876342773 8
2 -1 2 88.42 0.0 -5 0 0 60 1.5025947093963623 8
0 -1 3 142.21 1.63 -1 228.43 2 42 0.0030989646911621094 8
1 -1 3 81.8 0.0 -17 0.0 10 73 0.0042879581451416016 8
2 -1 3 84.52 0.0 -7 0 0 60 0.0038902759552001953 8
0 -1 4 146.5 95.83 -1 239.95999999999998 2 42 0.8195137977600098 8
1 -1 4 112.61 0 -8 1461.0600000000002 10 73 0.09353518486022949 8
2 -1 4 97.2 0 -3 0 0 60 0.08567690849304199 8
0 -1 5 127.28 50.87 -1 222.18 2 42 1.1452851295471191 8
1 -1 5 82.66 0 -20 921.0000000000001 10 73 1.0366010665893555 8
2 -1 5 73.52 0 -9 0 0 60 1.2232511043548584 8
0 -1 6 151.77 90.17999999999996 -1 276.2 2 42 1.3563199043273926 8
1 -1 6 115.48 0 -6 1458.3199999999997 10 73 2.040558099746704 8
2 -1 6 104.57 0.0 -5 0 0 60 1.8727343082427979 8
0 -1 7 153.83 72.74 -3 362.69999999999993 2 42 0.28547191619873047 8
1 -1 7 115.48 0 -6 1458.3199999999997 10 73 0.49163103103637695 8
2 -1 7 104.57 0.0 -5 0 0 60 0.45398497581481934 8
0 -1 8 135.97 76.71 -1 219.76999999999998 2 42 0.3507258892059326 8
1 -1 8 97.83 0 -6 731.6199999999999 10 73 0.4611780643463135 8
2 -1 8 88.42 0.0 -5 0 0 60 0.37001872062683105 8
random:8T:600
0 -1 0 407.75 241.37 -1 788.1999999999999 2 42 0.1589810848236084 8
1 -1 0 319.42 0 -2 3958.7399999999993 10 73 0.25464510917663574 8
2 -1 0 314.54 35.85 -1 0 0 60 0.21744203567504883 8
0 -1 1 339.61 289.0500000000001 -3 649.14 2 42 2.258578062057495 8
1 -1 1 296.17 214.94000000000003 -1 2796.1800000000003 10 73 1.5705621242523193 8
2 -1 1 276.46 216.88 -2 0 0 60 0.9101037979125977 8
0 -1 2 324.13 276.57 -3 559.69 2 42 1.5628509521484375 8
1 -1 2 259.7 180.32999999999998 -2 2244.3 10 73 3.466999053955078 8
2 -1 2 240.28 178.72000000000008 -2 0 0 60 3.5913069248199463 8
0 -1 3 363.81 256.72 -1 524.02 2 42 0.004644155502319336 8
1 -1 3 277.05 124.49000000000001 -2 1319.42 10 73 0.006310224533081055 8
2 -1 3 289.87 136.23 -1 0 0 60 0.00543212890625 8
0 -1 4 338.7 287.05 -1 648.8000000000001 2 42 1.8866162300109863 8
1 -1 4 293.53 223.53 -2 2800.2000000000003 10 73 1.466639757156372 8
2 -1 4 276.46 216.88 -2 0 0 60 0.9141669273376465 8
0 -1 5 321.91 256.1099999999997 -2 571.09 2 42 2.465970039367676 8
1 -1 5 214.82 69.26000000000002 -1 1756.26 10 73 3.980208158493042 8
2 -1 5 234.07 186.97 -2 0 0 60 2.6242411136627197 8
0 -1 6 379.15 350.08000000000004 -2 756.1700000000001 2 42 1.7594490051269531 8
1 -1 6 302.02 216.10000000000002 -1 2717.4599999999996 10 73 3.863327980041504 8
2 -1 6 295.31 220.63000000000005 -1 0 0 60 3.748175859451294 8
0 -1 7 325.32 175.22 -3 922.8100000000002 2 42 0.45696401596069336 8
1 -1 7 306.21 165.69 -2 3548.1400000000003 10 73 0.9726388454437256 8
2 -1 7 295.31 220.63000000000005 -1 0 0 60 0.8392660617828369 8
0 -1 8 290.08 177.4 -1 779.4400000000004 2 42 0.9675140380859375 8
1 -1 8 275.76 140.91 -1 3126.08 10 73 1.0030410289764404 8
2 -1 8 240.28 178.72000000000008 -2 0 0 60 0.7966866493225098 8
random:8T:900
0 -1 0 651.78 448.62 -1 1275.0099999999998 2 42 0.2453169822692871 8
1 -1 0 531.16 160.38 -1 6348.76 10 73 0.42063093185424805 8
2 -1 0 543.02 270.64 -1 0 0 60 0.3445708751678467 8
0 -1 1 507.66 455.9200000000003 -3 979.3000000000001 2 42 2.3963258266448975 8
1 -1 1 460.78 347.08 -1 4375.099999999999 10 73 2.261030912399292 8
2 -1 1 429.76 359.84999999999997 -1 0 0 60 2.90435791015625 8
0 -1 2 496.45 415.82 -1 958.65 2 42 2.294868230819702 8
1 -1 2 435.05 325.2100000000002 -1 3924.9599999999996 10 73 5.62389612197876 8
2 -1 2 401.68 332.23999999999995 -2 0 0 60 4.116868019104004 8
0 -1 3 584.93 401.59 -1 815.4200000000001 2 42 0.005835056304931641 8
1 -1 3 464.7 216.67000000000002 -2 2327.4400000000005 10 73 0.007325887680053711 8
2 -1 3 499.2 365.69000000000005 -1 0 0 60 0.006375312805175781 8
0 -1 4 487.25 403.77 -2 948.67 2 42 1.7466487884521484 8
1 -1 4 451.34 345.08000000000004 -2 4257.54 10 73 2.174133062362671 8
2 -1 4 428.26 359.84999999999997 -1 0 0 60 2.0619688034057617 8
0 -1 5 483.72 426.7800000000009 -2 953.54 2 42 3.1475579738616943 8
1 -1 5 373.21 253.21 -2 3318.4400000000005 10 73 3.4202888011932373 8
2 -1 5 390.71 333.06000000000006 -2 0 0 60 3.7841110229492188 8
0 -1 6 600.55 562.1700000000001 -1 1163.13 2 42 2.470684766769409 8
1 -1 6 492.65 409.28999999999996 -1 4516.879999999999 10 73 5.337843894958496 8
2 -1 6 455.73 396.36 -2 0 0 60 4.185965061187744 8
0 -1 7 459.05 247.86 -6 1473.0200000000004 2 42 0.6477360725402832 8
1 -1 7 466.79 226.2 -2 6233.500000000002 10 73 1.474919080734253 8
2 -1 7 455.73 396.36 -2 0 0 60 0.9257571697235107 8
0 -1 8 398.81 232.62 -1 1356.0400000000013 2 42 1.412843942642212 8
1 -1 8 422.84 212.61 -1 5839.94 10 73 1.5874407291412354 8
2 -1 8 401.68 332.23999999999995 -2 0 0 60 0.9208199977874756 8
random:8T:1200
0 -1 0 895.88 658.1700000000001 -1 1764.6399999999999 2 42 0.32582998275756836 8
1 -1 0 745.9 313.5 -1 8621.02 10 73 0.5989160537719727 8
2 -1 0 763.85 473.57 -1 0 0 60 0.48452091217041016 8
0 -1 1 696.2 616.0199999999992 -3 1359.5700000000002 2 42 3.848851203918457 8
1 -1 1 608.49 437.64 -2 5742.4 10 73 3.7185819149017334 8
2 -1 1 551.84 436.21999999999997 -1 0 0 60 2.8058018684387207 8
0 -1 2 656.87 570.44 -1 1256.6100000000001 2 42 3.2255120277404785 8
1 -1 2 579.26 408.36 -1 5156.400000000001 10 73 5.984012126922607 8
2 -1 2 531.83 429.52 -1 0 0 60 4.464961051940918 8
0 -1 3 806.68 543.91 -1 1101.98 2 42 0.006942272186279297 8
1 -1 3 652.89 342.47 -2 3460.500000000001 10 73 0.00880289077758789 8
2 -1 3 701.58 620.7 -1 0 0 60 0.0077533721923828125 8
0 -1 4 664.99 567.55 -2 1350.23 2 42 3.022629976272583 8
1 -1 4 594.77 426.34 -1 5692.46 10 73 3.6795928478240967 8
2 -1 4 549.21 436.21999999999997 -1 0 0 60 2.721035957336426 8
0 -1 5 648.78 536.1899999999999 -1 1325.4899999999998 2 42 3.0206408500671387 8
1 -1 5 525.87 388.65 -2 4665.12 10 73 4.412801027297974 8
2 -1 5 521.31 468.0600000000002 -2 0 0 60 4.7744810581207275 8
0 -1 6 839.86 795.21 -2 1635.35 2 42 3.364147901535034 8
1 -1 6 690.72 599.1 -1 6056.4400000000005 10 73 7.289499998092651 8
2 -1 6 627.16 490.87999999999994 -1 0 0 60 5.564001083374023 8
0 -1 7 592.79 381.09000000000003 -2 2025.9100000000003 2 42 0.8744909763336182 8
1 -1 7 609.36 322.48 -2 8717.920000000004 10 73 1.9284400939941406 8
2 -1 7 627.16 490.87999999999994 -1 0 0 60 1.2108149528503418 8
0 -1 8 535.83 353.74 -2 1881.6100000000008 2 42 1.5733418464660645 8
1 -1 8 552.35 269.66 -2 8167.519999999999 10 73 1.9295732975006104 8
2 -1 8 531.83 429.52 -1 0 0 60 0.9990992546081543 8
random:8T:1500
0 -1 0 1140.53 847.8900000000001 -1 2254.7400000000002 2 42 0.4026808738708496 8
1 -1 0 928.5 397.48 -1 11319.4 10 73 0.7119989395141602 8
2 -1 0 984.92 667.98 -1 0 0 60 0.5923192501068115 8
0 -1 1 855.84 779.8299999999992 -3 1648.06 2 42 4.158459901809692 8
1 -1 1 755.31 542.13 -1 7071.000000000001 10 73 4.750262022018433 8
2 -1 1 687.82 548.2 -1 0 0 60 3.8515877723693848 8
0 -1 2 836.58 742.6199999999999 -1 1672.29 2 42 4.009392023086548 8
1 -1 2 725.69 543.1800000000001 -1 6270.9400000000005 10 73 6.715798854827881 8
2 -1 2 659.96 531.44 -1 0 0 60 5.314115047454834 8
0 -1 3 1029.23 683.27 -1 1382.92 2 42 0.008722066879272461 8
1 -1 3 859.35 479.81000000000006 -2 4875.28 10 73 0.010370254516601562 8
2 -1 3 915.2 868.9300000000001 -1 0 0 60 0.009381771087646484 8
0 -1 4 846.64 735.43 -2 1635.56 2 42 3.730077028274536 8
1 -1 4 701.75 507.9 -2 6357.44 10 73 4.388219118118286 8
2 -1 4 680.58 561.13 -1 0 0 60 3.994032859802246 8
0 -1 5 834.58 742.9499999999999 -2 1661.2599999999998 2 42 3.812540054321289 8
1 -1 5 659.89 528.79 -2 5477.739999999999 10 73 5.435192823410034 8
2 -1 5 660.92 608.49 -2 0 0 60 5.248631000518799 8
0 -1 6 1060.18 1006.25 -1 2026.58 2 42 4.286548852920532 8
1 -1 6 883.81 762.44 -1 8004.220000000001 10 73 8.925065994262695 8
2 -1 6 797.8 693.9100000000001 -1 0 0 60 6.9410529136657715 8
0 -1 7 697.6 442.46 -2 2589.000000000001 2 42 1.083739995956421 8
1 -1 7 743.34 426.65 -2 11394.76 10 73 2.387835741043091 8
2 -1 7 797.8 693.9100000000001 -1 0 0 60 1.446164846420288 8
0 -1 8 638.95 445.08000000000004 -2 2447.9100000000008 2 42 1.6971139907836914 8
1 -1 8 696.66 380.58000000000004 -4 10350.619999999999 10 73 2.300581216812134 8
2 -1 8 659.96 531.44 -1 0 0 60 1.1540329456329346 8
random:9T:300
0 -1 0 130.52 0 -2 2072.16 13 76 0.13746404647827148 9
1 -1 0 125.82 73.46 -1 321.55 3 58 0.10254311561584473 9
2 -1 0 174.57 121.33 -2 133.47 1 46 0.09794282913208008 9
0 -1 1 128.42 21.05 -1 1434.0199999999998 13 76 0.512017011642456 9
1 -1 1 118.55 63.56 -1 325.4 3 58 1.0937981605529785 9
2 -1 1 158.3 131.08 -3 143.88 1 46 0.27556800842285156 9
0 -1 2 121.73 5.32 -1 1303.15 13 76 1.544701099395752 9
1 -1 2 118.55 63.56 -1 325.4 3 58 2.001077890396118 9
2 -1 2 158.3 131.08 -3 143.88 1 46 0.7902228832244873 9
0 -1 3 113.13 0.0 -11 179.07000000000002 13 76 0.0059909820556640625 9
1 -1 3 117.72 0.0 -4 156.13 3 58 0.004086017608642578 9
2 -1 3 167.49 47.18 -1 82.02000000000001 1 46 0.003804922103881836 9
0 -1 4 128.42 21.05 -1 1434.0199999999998 13 76 0.5123088359832764 9
1 -1 4 118.55 63.56 -1 325.4 3 58 1.095571756362915 9
2 -1 4 158.3 131.08 -3 143.88 1 46 0.27830076217651367 9
0 -1 5 118.99 0.0 -1 1256.78 13 76 1.4388277530670166 9
1 -1 5 108.25 31.73 -1 276.0 3 58 1.462791919708252 9
2 -1 5 158.33 131.07999999999998 -3 147.9 1 46 0.7907500267028809 9
0 -1 6 126.58 8.83 -1 1725.7599999999998 13 76 1.6608250141143799 9
1 -1 6 121.39 75.47 -1 321.55 3 58 1.418942928314209 9
2 -1 6 164.0 125.44 -1 143.54 1 46 0.992016077041626 9
0 -1 7 126.58 8.83 -1 1725.7599999999998 13 76 0.42393970489501953 9
1 -1 7 121.38 73.46 -1 336.70000000000005 3 58 0.30678796768188477 9
2 -1 7 154.74 113.76 -3 172.05999999999995 1 46 0.28223085403442383 9
0 -1 8 121.73 5.32 -1 1303.15 13 76 0.3908078670501709 9
1 -1 8 119.32 61.58 -1 352.64000000000004 3 58 0.2966880798339844 9
2 -1 8 152.72 113.76 -3 173.9599999999999 1 46 0.4974179267883301 9
random:9T:600
0 -1 0 338.06 30.97 -1 4932.72 13 76 0.29950737953186035 9
1 -1 0 349.95 198.26 -1 963.65 3 58 0.21294403076171875 9
2 -1 0 416.47 321.04999999999995 -1 376.94 1 46 0.18746614456176758 9
0 -1 1 300.64 223.41 -5 3439.6000000000004 13 76 1.076965093612671 9
1 -1 1 300.97 259.02 -6 844.4200000000001 3 58 1.1020419597625732 9
2 -1 1 337.23 296.8400000000001 -3 337.56000000000006 1 46 0.9773259162902832 9
0 -1 2 299.95 237.69999999999996 -3 3479.0400000000004 13 76 2.9726150035858154 9
1 -1 2 300.97 259.02 -6 844.4200000000001 3 58 2.0120930671691895 9
2 -1 2 337.23 296.8400000000001 -3 337.56000000000006 1 46 1.4950478076934814 9
0 -1 3 322.22 148.64 -2 2083.11 13 76 0.007475852966308594 9
1 -1 3 328.47 134.46 -1 531.09 3 58 0.005583047866821289 9
2 -1 3 406.08 250.41000000000003 -1 250.41000000000003 1 46 0.0058460235595703125 9
0 -1 4 300.64 223.41 -5 3439.6000000000004 13 76 1.081360101699829 9
1 -1 4 300.97 259.02 -6 844.4200000000001 3 58 1.1108832359313965 9
2 -1 4 337.23 296.8400000000001 -3 337.56000000000006 1 46 0.9863460063934326 9
0 -1 5 298.43 232.92 -3 3443.41 13 76 2.6755828857421875 9
1 -1 5 287.17 242.43 -3 786.18 3 58 1.9113359451293945 9
2 -1 5 338.54 299.35 -6 343.78 1 46 1.5581128597259521 9
0 -1 6 305.46 223.18 -1 3467.0599999999995 13 76 3.0587821006774902 9
1 -1 6 325.61 279.33 -1 859.02 3 58 2.514502763748169 9
2 -1 6 382.78 351.54 -2 369.78 1 46 1.7738487720489502 9
0 -1 7 316.45 154.71 -1 4544.959999999999 13 76 0.7766861915588379 9
1 -1 7 292.84 191.27 -6 1109.6799999999998 3 58 0.517545223236084 9
2 -1 7 298.93 197.71 -3 457.20000000000005 1 46 0.4974379539489746 9
0 -1 8 295.89 185.57 -3 4144.19 13 76 0.748481035232544 9
1 -1 8 273.78 187.18 -6 1145.46 3 58 0.452394962310791 9
2 -1 8 287.9 197.71 -3 471.96000000000095 1 46 1.1974258422851562 9
random:9T:900
0 -1 0 538.59 231.53 -1 7885.089999999999 13 76 0.4265918731689453 9
1 -1 0 580.02 417.92999999999995 -1 1603.57 3 58 0.30889296531677246 9
2 -1 0 660.88 542.11 -1 610.37 1 46 0.2644832134246826 9
0 -1 1 475.54 366.65999999999997 -1 5611.89 13 76 2.2397942543029785 9
1 -1 1 470.61 416.75000000000006 -6 1395.67 3 58 1.9691860675811768 9
2 -1 1 501.53 460.52 -3 472.76000000000005 1 46 1.629636287689209 9
0 -1 2 473.49 390.12 -3 5476.95 13 76 3.971705198287964 9
1 -1 2 470.61 416.75000000000006 -6 1395.67 3 58 2.940416097640991 9
2 -1 2 501.53 460.52 -3 472.76000000000005 1 46 2.1790101528167725 9
0 -1 3 534.33 300.5 -2 4045.6500000000005 13 76 0.009738922119140625 9
1 -1 3 545.1 275.37 -1 936.7299999999999 3 58 0.007358074188232422 9
2 -1 3 645.17 413.23 -1 413.23 1 46 0.007222890853881836 9
0 -1 4 476.98 373.64 -1 5614.619999999999 13 76 2.3951921463012695 9
1 -1 4 470.61 416.75000000000006 -6 1395.67 3 58 2.0486268997192383 9
2 -1 4 501.53 460.52 -3 472.76000000000005 1 46 1.6811931133270264 9
0 -1 5 472.83 385.41999999999996 -3 5460.860000000001 13 76 4.022213697433472 9
1 -1 5 453.34 392.00000000000006 -6 1278.1800000000003 3 58 2.6197800636291504 9
2 -1 5 503.15 459.15 -3 500.48999999999995 1 46 2.2245900630950928 9
0 -1 6 479.24 358.21999999999997 -1 5560.82 13 76 5.520687818527222 9
1 -1 6 518.53 449.9 -2 1486.58 3 58 5.848750829696655 9
2 -1 6 589.0 547.16 -1 567.47 1 46 2.699068307876587 9
0 -1 7 493.29 222.99 -3 7519.860000000001 13 76 0.9279799461364746 9
1 -1 7 438.3 240.23 -6 1868.42 3 58 0.5911810398101807 9
2 -1 7 408.18 246.04 -6 738.9800000000001 1 46 0.5760650634765625 9
0 -1 8 445.78 237.1 -3 7266.429999999999 13 76 0.8879730701446533 9
1 -1 8 385.08 237.98 -6 1939.7600000000002 3 58 0.6085262298583984 9
2 -1 8 396.11 268.27 -6 756.070000000002 1 46 2.9424619674682617 9
random:9T:1200
0 -1 0 746.9 357.91999999999996 -1 10703.74 13 76 0.978679895401001 9
1 -1 0 806.39 577.91 -1 2245.34 3 58 0.7108159065246582 9
2 -1 0 904.69 712.55 -1 854.3199999999999 1 46 0.6060543060302734 9
0 -1 1 646.66 497.90999999999997 -1 7743.15 13 76 6.24676513671875 9
1 -1 1 633.4 577.22 -3 1839.4000000000003 3 58 4.71536922454834 9
2 -1 1 662.47 623.9599999999999 -3 697.6300000000001 1 46 4.319366216659546 9
0 -1 2 634.91 529.01 -3 7383.980000000001 13 76 5.736902952194214 9
1 -1 2 633.4 577.22 -3 1839.4000000000003 3 58 2.9896531105041504 9
2 -1 2 662.47 623.9599999999999 -3 697.6300000000001 1 46 3.3956258296966553 9
0 -1 3 746.83 449.78000000000003 -2 6000.450000000001 13 76 0.020318031311035156 9
1 -1 3 765.17 404.75 -1 1367.9099999999999 3 58 0.013541698455810547 9
2 -1 3 885.27 572.9599999999999 -1 572.9599999999999 1 46 0.01468801498413086 9
0 -1 4 650.09 482.32 -2 7742.919999999998 13 76 6.2512781620025635 9
1 -1 4 633.4 577.22 -3 1839.4000000000003 3 58 4.710785865783691 9
2 -1 4 662.47 623.9599999999999 -3 697.6300000000001 1 46 4.281597852706909 9
0 -1 5 634.2 523.28 -6 7365.359999999999 13 76 8.21566104888916 9
1 -1 5 616.33 552.3499999999999 -3 1806.67 3 58 5.173164129257202 9
2 -1 5 663.9 624.38 -3 706.7199999999999 1 46 2.5680558681488037 9
0 -1 6 643.34 461.53999999999996 -1 7548.420000000001 13 76 3.954624891281128 9
1 -1 6 665.14 569.13 -1 1921.6599999999999 3 58 6.668622016906738 9
2 -1 6 826.0 782.07 -1 813.53 1 46 5.804150104522705 9
0 -1 7 653.36 272.66 -3 10233.71 13 76 2.3284549713134766 9
1 -1 7 581.99 334.27000000000004 -3 2597.6499999999996 3 58 1.5829191207885742 9
2 -1 7 544.93 391.03999999999996 -6 1018.1900000000004 1 46 1.5601279735565186 9
0 -1 8 578.26 265.37 -3 10413.5 13 76 2.3929150104522705 9
1 -1 8 516.26 348.32 -3 2653.77 3 58 1.4565207958221436 9
2 -1 8 514.16 394.9 -6 1057.4000000000037 1 46 4.205733776092529 9
random:9T:1500
0 -1 0 947.35 422.19 -1 13790.099999999999 13 76 1.2223260402679443 9
1 -1 0 1031.0 783.79 -1 2914.61 3 58 0.8652060031890869 9
2 -1 0 1146.99 924.96 -1 1094.55 1 46 0.7402172088623047 9
0 -1 1 790.87 608.38 -1 9393.760000000002 13 76 7.3072381019592285 9
1 -1 1 794.13 726.6600000000001 -6 2384.6600000000003 3 58 6.239075660705566 9
2 -1 1 840.48 773.0500000000001 -3 852.2199999999999 1 46 5.505522012710571 9
0 -1 2 803.51 684.5999999999999 -3 9339.750000000002 13 76 10.373641967773438 9
1 -1 2 794.13 726.6600000000001 -6 2384.6600000000003 3 58 7.6756980419158936 9
2 -1 2 840.48 773.0500000000001 -3 852.2199999999999 1 46 6.301326036453247 9
0 -1 3 959.48 595.91 -2 7934.63 13 76 0.024672985076904297 9
1 -1 3 980.79 517.75 -1 1771.6 3 58 0.01673603057861328 9
2 -1 3 1126.91 758.84 -1 758.84 1 46 0.01705312728881836 9
0 -1 4 794.07 588.52 -1 9434.599999999999 13 76 7.362594842910767 9
1 -1 4 794.13 726.6600000000001 -6 2384.6600000000003 3 58 6.266357898712158 9
2 -1 4 840.48 773.0500000000001 -3 852.2199999999999 1 46 5.529937744140625 9
0 -1 5 798.48 671.4899999999999 -1 9271.679999999998 13 76 10.137992858886719 9
1 -1 5 773.1 707.9599999999999 -3 2308.54 3 58 6.901154041290283 9
2 -1 5 846.58 780.5299999999997 -6 865.29 1 46 6.703147649765015 9
0 -1 6 808.54 583.5200000000001 -1 9600.86 13 76 10.178071975708008 9
1 -1 6 816.28 711.44 -2 2381.1400000000003 3 58 7.67688512802124 9
2 -1 6 1047.63 986.7299999999999 -2 997.84 1 46 7.415986061096191 9
0 -1 7 819.41 392.65999999999997 -3 13085.150000000001 13 76 2.8925130367279053 9
1 -1 7 723.0 436.79 -3 3369.4499999999994 3 58 1.9224708080291748 9
2 -1 7 638.58 456.09000000000003 -3 1306.9900000000023 1 46 2.121579885482788 9
0 -1 8 738.53 384.33000000000004 -3 12898.98 13 76 2.7393910884857178 9
1 -1 8 626.59 436.95000000000005 -3 3457.2999999999993 3 58 1.7033350467681885 9
2 -1 8 590.26 457.17 -3 1355.4000000000055 1 46 5.386796236038208 9
