random:0T:300
0 -1 0 91.43 0 -20 1745.48 12 95 0.16144990921020508 0
1 -1 0 91.93 0 -26 158.77 2 82 0.15191864967346191 0
0 -1 1 91.73 0 -15 1394.5299999999997 12 95 0.14416813850402832 0
1 -1 1 80.37 0.0 -18 100.09 2 82 0.13671493530273438 0
0 -1 2 86.83 0 -21 1281.77 12 95 2.6276631355285645 0
1 -1 2 72.51 0.0 -17 4.38 2 82 2.2099640369415283 0
0 -1 3 66.31 0.0 -23 16.11 12 95 0.005404949188232422 0
1 -1 3 71.76 0.0 -17 0.0 2 82 0.004881858825683594 0
0 -1 4 91.73 0 -15 1394.5299999999997 12 95 0.14293694496154785 0
1 -1 4 80.37 0.0 -18 100.09 2 82 0.1342329978942871 0
0 -1 5 59.21 0 -28 643.7800000000001 12 95 1.8025000095367432 0
1 -1 5 62.38 0.0 -28 47.13 2 82 1.397134780883789 0
0 -1 6 87.73 0 -28 1436.8399999999997 12 95 2.972179889678955 0
1 -1 6 90.73 0 -18 140.57000000000002 2 82 3.3418970108032227 0
0 -1 7 87.73 0 -28 1436.8399999999997 12 95 0.7046856880187988 0
1 -1 7 90.73 0 -18 140.57000000000002 2 82 0.7849869728088379 0
0 -1 8 86.83 0 -21 1281.77 12 95 0.6223759651184082 0
1 -1 8 72.51 0.0 -17 4.38 2 82 0.5175840854644775 0
random:0T:600
0 -1 0 270.05 0 -10 4122.95 12 95 0.3167402744293213 0
1 -1 0 282.49 0 -1 556.12 2 82 0.3083982467651367 0
0 -1 1 234.78 105.34000000000009 -2 2171.83 12 95 3.8386359214782715 0
1 -1 1 237.42 159.24 -1 338.49 2 82 1.9194340705871582 0
0 -1 2 226.81 121.96000000000018 -2 2139.1800000000003 12 95 7.930001974105835 0
1 -1 2 213.83 133.77 -1 311.38 2 82 4.436022043228149 0
0 -1 3 241.4 35.29 -1 1554.6799999999998 12 95 0.006399869918823242 0
1 -1 3 237.48 0.0 -1 157.32 2 82 0.005681753158569336 0
0 -1 4 234.78 105.34000000000009 -2 2171.83 12 95 3.937051296234131 0
1 -1 4 237.42 159.24 -1 338.49 2 82 1.8931548595428467 0
0 -1 5 191.58 0.0 -1 1916.1 12 95 4.488956928253174 0
1 -1 5 187.27 31.260000000000005 -1 262.9 2 82 5.202266216278076 0
0 -1 6 243.13 120.55 -1 2171.18 12 95 6.39441990852356 0
1 -1 6 261.34 169.77000000000007 -1 386.91999999999996 2 82 7.519747734069824 0
0 -1 7 245.97 109.07 -1 2344.6400000000003 12 95 1.263273000717163 0
1 -1 7 259.18 140.86 -2 528.7099999999996 2 82 1.9785900115966797 0
0 -1 8 231.0 106.57 -2 2378.42 12 95 1.1466832160949707 0
1 -1 8 214.92 129.43 -1 381.0099999999999 2 82 1.4519970417022705 0
random:0T:900
0 -1 0 453.48 0 -1 6412.990000000002 12 95 0.4666900634765625 0
1 -1 0 490.56 193.04 -1 963.28 2 82 0.4540252685546875 0
0 -1 1 384.49 257.11999999999983 -2 4046.44 12 95 4.719769716262817 0
1 -1 1 390.0 317.01 -2 684.29 2 82 2.5966711044311523 0
0 -1 2 370.39 246.12 -2 3908.8399999999997 12 95 6.936059951782227 0
1 -1 2 362.0 265.56 -2 620.65 2 82 6.746474981307983 0
0 -1 3 404.53 178.38 -1 2257.4400000000005 12 95 0.008771181106567383 0
1 -1 3 414.52 170.25 -1 345.28 2 82 0.007146120071411133 0
0 -1 4 384.49 257.11999999999983 -2 4046.44 12 95 4.725464105606079 0
1 -1 4 391.07 311.55 -4 674.73 2 82 2.743446111679077 0
0 -1 5 330.99 217.69999999999993 -2 3406.61 12 95 6.825643062591553 0
1 -1 5 324.47 239.01 -4 566.1700000000001 2 82 5.524909734725952 0
0 -1 6 400.96 290.22 -1 4055.0899999999992 12 95 10.143121242523193 0
1 -1 6 439.94 372.62 -1 797.77 2 82 8.919307231903076 0
0 -1 7 399.16 208.86 -4 4981.0199999999995 12 95 1.6028468608856201 0
1 -1 7 384.71 212.58 -2 1066.7500000000002 2 82 2.6627421379089355 0
0 -1 8 376.46 193.77 -2 5125.469999999999 12 95 1.572929859161377 0
1 -1 8 330.26 208.18 -2 926.6800000000005 2 82 2.5830039978027344 0
random:0T:1200
0 -1 0 643.48 0 -1 8835.130000000001 12 95 0.6568498611450195 0
1 -1 0 692.25 340.36 -1 1330.89 2 82 0.5994303226470947 0
0 -1 1 519.0 395.03000000000003 -4 5863.4 12 95 4.568579196929932 0
1 -1 1 501.56 398.92999999999995 -1 926.76 2 82 3.88624906539917 0
0 -1 2 514.42 388.43 -1 5596.539999999999 12 95 229.0952022075653 0
1 -1 2 495.44 398.82000000000005 -2 926.45 2 82 7.516824007034302 0
0 -1 3 602.29 310.94 -1 3970.6900000000005 12 95 0.00908803939819336 0
1 -1 3 580.23 213.88000000000002 -1 456.80000000000007 2 82 0.007555723190307617 0
0 -1 4 517.22 395.46000000000004 -4 5874.52 12 95 4.660643815994263 0
1 -1 4 506.43 392.90999999999997 -1 927.6300000000001 2 82 3.882399082183838 0
0 -1 5 458.62 335.2100000000001 -4 4350.009999999999 12 95 7.953650951385498 0
1 -1 5 456.18 361.88 -4 794.36 2 82 7.12981104850769 0
0 -1 6 548.16 423.05 -1 5889.970000000001 12 95 9.760470151901245 0
1 -1 6 564.01 434.42 -1 1031.55 2 82 9.834385871887207 0
0 -1 7 522.17 249.88 -4 7688.940000000001 12 95 1.970207929611206 0
1 -1 7 479.43 270.27 -4 1605.48 2 82 1851.9899969100952 0
0 -1 8 492.43 241.6 -2 7782.66 12 95 1.92215895652771 0
1 -1 8 409.18 249.5 -2 1480.0700000000002 2 82 10.67780089378357 0
random:0T:1500
0 -1 0 816.83 0 -1 11307.630000000001 12 95 3.395129919052124 0
1 -1 0 895.05 430.15 -1 1699.52 2 82 3.106174945831299 0
0 -1 1 647.58 454.51 -2 6562.860000000001 12 95 53.18439483642578 0
1 -1 1 624.51 448.4 -1 1230.0700000000002 2 82 6.0849058628082275 0
0 -1 2 632.15 442.8 -1 6431.419999999999 12 95 9.857081890106201 0
1 -1 2 613.66 533.67 -4 1189.23 2 82 8.625334978103638 0
0 -1 3 762.33 369.78999999999996 -1 4615.330000000001 12 95 0.00992274284362793 0
1 -1 3 771.39 352.17 -1 710.8100000000001 2 82 0.008306264877319336 0
0 -1 4 648.49 454.51 -2 6560.889999999999 12 95 5.585931062698364 0
1 -1 4 629.62 463.2 -1 1249.6599999999999 2 82 5.9045820236206055 0
0 -1 5 589.7 436.24 -4 6187.750000000001 12 95 8.573355197906494 0
1 -1 5 571.76 464.5100000000002 -4 1071.54 2 82 8.284455299377441 0
0 -1 6 681.19 464.23 -2 7423.039999999999 12 95 11.149460077285767 0
1 -1 6 748.13 574.46 -2 1334.91 2 82 385.67785024642944 0
0 -1 7 629.83 283.58 -4 10308.77 12 95 2.236150026321411 0
1 -1 7 572.91 413.42 -2 2115.26 2 82 2.804234027862549 0
0 -1 8 593.78 279.56 -4 10182.22 12 95 2.0733859539031982 0
1 -1 8 505.72 295.99 -2 1826.9600000000003 2 82 2.7394208908081055 0
random:1T:300
0 -1 0 90.57 0 -26 1387.24 10 88 0.1340498924255371 1
1 -1 0 97.21 0 -14 281.82 2 87 0.16457009315490723 1
0 -1 1 94.72 0 -20 1368.8400000000001 10 88 0.11915993690490723 1
1 -1 1 86.59 0.0 -10 132.39000000000001 2 87 0.15475726127624512 1
0 -1 2 71.83 0.0 -20 783.26 10 88 2.3079071044921875 1
1 -1 2 76.35 0 -14 80.53 2 87 3.284113883972168 1
0 -1 3 63.42 0.0 -22 0.0 10 88 0.0045969486236572266 1
1 -1 3 67.02 0.0 -17 0.0 2 87 0.004992008209228516 1
0 -1 4 94.72 0.0 -20 1368.8400000000001 10 88 0.11818289756774902 1
1 -1 4 86.59 0 -10 132.39000000000001 2 87 0.1540517807006836 1
0 -1 5 56.48 0.0 -25 529.26 10 88 1.5325119495391846 1
1 -1 5 74.19 0 -16 46.84 2 87 2.894796133041382 1
0 -1 6 90.5 0.0 -24 1368.8400000000001 10 88 2.845046043395996 1
1 -1 6 97.97 0 -13 281.82 2 87 4.2170209884643555 1
0 -1 7 90.5 0.0 -24 1368.8400000000001 10 88 0.6744613647460938 1
1 -1 7 97.97 0 -13 281.82 2 87 0.9395871162414551 1
0 -1 8 71.83 0.0 -20 783.26 10 88 0.5525290966033936 1
1 -1 8 76.35 0 -14 80.53 2 87 0.7611489295959473 1
random:1T:600
0 -1 0 283.39 0 -3 3319.32 10 88 0.27306509017944336 1
1 -1 0 290.99 0 -2 615.57 2 87 0.3470458984375 1
0 -1 1 257.91 141.00999999999996 -2 1855.8 10 88 1.548494815826416 1
1 -1 1 245.13 121.49000000000018 -2 339.73 2 87 8.547140121459961 1
0 -1 2 220.49 139.73000000000002 -4 1743.5 10 88 5.963222026824951 1
1 -1 2 227.88 162.14000000000001 -1 380.9 2 87 5.676708221435547 1
0 -1 3 239.21 46.06999999999999 -1 986.76 10 88 0.0056493282318115234 1
1 -1 3 230.96 0.0 -2 286.9 2 87 0.0059697628021240234 1
0 -1 4 257.91 141.00999999999996 -2 1855.8 10 88 1.5616669654846191 1
1 -1 4 245.13 121.49000000000018 -2 339.73 2 87 8.967895030975342 1
0 -1 5 194.46 98.41 -1 1631.68 10 88 6.6088690757751465 1
1 -1 5 230.7 98.41999999999997 -1 319.5 2 87 7.183345079421997 1
0 -1 6 255.28 106.22 -1 1855.8200000000002 10 88 5.372047185897827 1
1 -1 6 270.19 152.27999999999997 -1 372.94999999999993 2 87 8.092864036560059 1
0 -1 7 267.8 96.83 -1 2511.32 10 88 1.336712121963501 1
1 -1 7 274.27 105.67 -1 598.76 2 87 1.5543780326843262 1
0 -1 8 223.45 116.54 -4 1982.2399999999996 10 88 1.154231071472168 1
1 -1 8 228.39 157.85 -1 489.9799999999999 2 87 1.369138240814209 1
random:1T:900
0 -1 0 479.51 0 -2 5266.86 10 88 0.44008803367614746 1
1 -1 0 493.21 73.05 -1 924.0200000000001 2 87 0.5270628929138184 1
0 -1 1 408.35 301.3500000000001 -2 3486.9000000000005 10 88 2.7801589965820312 1
1 -1 1 379.3 283.0800000000001 -2 619.1600000000001 2 87 8.68012285232544 1
0 -1 2 372.27 262.09999999999997 -4 3342.0 10 88 7.130469799041748 1
1 -1 2 376.57 295.9600000000002 -2 620.1199999999999 2 87 10.656786918640137 1
0 -1 3 408.7 174.46 -2 1770.88 10 88 0.007268190383911133 1
1 -1 3 406.22 184.67 -1 374.08 2 87 0.0071849822998046875 1
0 -1 4 408.35 301.3500000000001 -2 3486.9000000000005 10 88 2.740938186645508 1
1 -1 4 379.3 283.0800000000001 -2 619.1600000000001 2 87 8.524513959884644 1
0 -1 5 354.81 277.4500000000001 -2 3169.82 10 88 7.7539379596710205 1
1 -1 5 384.54 311.2 -1 692.26 2 87 8.296426773071289 1
0 -1 6 418.71 338.37 -1 3448.539999999999 10 88 7.1379311084747314 1
1 -1 6 426.69 338.05 -1 701.1100000000001 2 87 9.677349090576172 1
0 -1 7 432.64 179.54 -2 5142.639999999999 10 88 1.772270917892456 1
1 -1 7 399.99 214.07999999999998 -1 1152.2399999999998 2 87 2.006556987762451 1
0 -1 8 369.59 199.24 -4 4672.7 10 88 1.7399530410766602 1
1 -1 8 341.1 222.56 -2 1044.5499999999997 2 87 1.776705026626587 1
random:1T:1200
0 -1 0 680.95 163.41 -1 7598.48 10 88 0.5726299285888672 1
1 -1 0 698.08 265.6 -1 1271.88 2 87 0.6629102230072021 1
0 -1 1 525.06 398.03 -1 5047.900000000001 10 88 3.94576096534729 1
1 -1 1 506.61 413.04 -1 899.8399999999999 2 87 9.124704837799072 1
0 -1 2 507.62 390.29999999999995 -2 4750.12 10 88 6.912727117538452 1
1 -1 2 531.09 449.84 -1 929.3399999999999 2 87 11.73128867149353 1
0 -1 3 609.16 306.10999999999996 -2 3143.8600000000006 10 88 0.009625911712646484 1
1 -1 3 559.73 276.43 -1 590.21 2 87 0.00916910171508789 1
0 -1 4 527.61 399.62 -1 5047.88 10 88 4.278970241546631 1
1 -1 4 508.52 421.54 -1 899.8399999999999 2 87 9.460869073867798 1
0 -1 5 502.48 416.19000000000034 -4 4681.72 10 88 9.450812816619873 1
1 -1 5 508.42 396.21999999999997 -1 916.3800000000001 2 87 10.23659086227417 1
0 -1 6 563.01 411.12 -1 5197.42 10 88 9.075334310531616 1
1 -1 6 546.27 412.42999999999995 -1 958.2 2 87 11.265826225280762 1
0 -1 7 559.99 305.53999999999996 -2 7732.819999999998 10 88 2.363193988800049 1
1 -1 7 502.15 306.76 -2 1665.2300000000002 2 87 2.667789936065674 1
0 -1 8 486.12 244.6 -4 7382.339999999999 10 88 2.30702805519104 1
1 -1 8 424.08 263.41 -2 1583.94 2 87 2.3829450607299805 1
random:1T:1500
0 -1 0 878.77 315.16 -1 9592.199999999999 10 88 0.752586841583252 1
1 -1 0 900.72 423.37 -1 1727.69 2 87 0.8879830837249756 1
0 -1 1 624.84 456.76 -1 6347.800000000001 10 88 6.114776849746704 1
1 -1 1 605.99 452.08000000000004 -1 1206.45 2 87 8.758372783660889 1
0 -1 2 629.41 443.31 -1 5455.22 10 88 8.560656070709229 1
1 -1 2 648.83 506.17999999999995 -1 1248.5900000000001 2 87 12.783377885818481 1
0 -1 3 776.1 367.38 -2 3704.5800000000004 10 88 0.01041102409362793 1
1 -1 3 754.1 367.38 -1 743.0699999999999 2 87 0.009676933288574219 1
0 -1 4 624.84 456.76 -1 6347.800000000001 10 88 5.91618800163269 1
1 -1 4 608.52 454.82 -2 1207.71 2 87 8.83798599243164 1
0 -1 5 649.92 554.28 -1 6080.86 10 88 10.050449132919312 1
1 -1 5 645.66 495.79999999999995 -1 1203.13 2 87 12.535094976425171 1
0 -1 6 723.42 554.48 -1 6574.94 10 88 12177.143481016159 1
1 -1 6 682.59 468.69 -2 1288.37 2 87 13665.48306274414 1
0 -1 7 667.51 433.93 -1 10355.679999999998 10 88 2.8037257194519043 1
1 -1 7 595.33 393.99 -1 2211.2200000000003 2 87 2.619946002960205 1
0 -1 8 589.83 281.0 -4 8918.820000000002 10 88 2.175968647003174 1
1 -1 8 538.06 341.12 -2 1892.79 2 87 2.472984790802002 1
random:2T:300
0 -1 0 106.9 0.0 -3 1399.1 8 71 0.09338903427124023 2
1 -1 0 116.68 0.0 -3 0 0 68 0.10463094711303711 2
0 -1 1 110.96 0.0 -3 1072.04 8 71 0.053869009017944336 2
1 -1 1 110.33 0.0 -2 0 0 68 0.06452298164367676 2
0 -1 2 102.91 0.0 -4 820.18 8 71 0.9443221092224121 2
1 -1 2 100.32 0.0 -10 0 0 68 1.0938830375671387 2
0 -1 3 108.5 0.0 -5 471.14 8 71 0.0035729408264160156 2
1 -1 3 109.14 0.0 -7 0 0 68 0.0037310123443603516 2
0 -1 4 110.96 0.0 -3 1072.04 8 71 0.05590081214904785 2
1 -1 4 110.33 0.0 -2 0 0 68 0.06633901596069336 2
0 -1 5 70.89 0.0 -12 501.79999999999995 8 71 0.621553897857666 2
1 -1 5 81.72 0.0 -9 0 0 68 1.027411937713623 2
0 -1 6 106.19 0.0 -1 1100.5600000000002 8 71 1.1186070442199707 2
1 -1 6 119.47 16.94 -1 0 0 68 1.655113935470581 2
0 -1 7 106.19 0.0 -1 1100.5600000000002 8 71 0.28061389923095703 2
1 -1 7 119.47 16.94 -1 0 0 68 0.3785700798034668 2
0 -1 8 102.91 0.0 -4 820.18 8 71 0.2576432228088379 2
1 -1 8 100.32 0.0 -10 0 0 68 0.3016519546508789 2
random:2T:600
0 -1 0 316.26 76.65 -1 3030.74 8 71 0.20055103302001953 2
1 -1 0 337.17 229.54000000000002 -2 0 0 68 0.216170072555542 2
0 -1 1 295.36 223.98999999999998 -4 2252.48 8 71 0.6288533210754395 2
1 -1 1 294.04 250.66000000000003 -1 0 0 68 0.7480440139770508 2
0 -1 2 285.17 220.0 -4 2109.6400000000003 8 71 1.7391157150268555 2
1 -1 2 271.88 210.51 -1 0 0 68 2.3314929008483887 2
0 -1 3 304.58 165.68 -2 1345.94 8 71 0.0048580169677734375 2
1 -1 3 321.11 185.63 -1 0 0 68 0.0053250789642333984 2
0 -1 4 295.36 223.98999999999998 -4 2252.48 8 71 0.6935741901397705 2
1 -1 4 294.04 250.66000000000003 -1 0 0 68 0.8024489879608154 2
0 -1 5 235.22 163.67 -1 1457.52 8 71 1.9002010822296143 2
1 -1 5 256.76 199.05 -2 0 0 68 1.988394021987915 2
0 -1 6 293.91 223.11 -2 2146.68 8 71 1.9749069213867188 2
1 -1 6 322.62 286.45 -1 0 0 68 2.62797212600708 2
0 -1 7 292.4 155.49 -2 2873.5999999999995 8 71 0.4773092269897461 2
1 -1 7 322.62 286.45 -1 0 0 68 0.5740470886230469 2
0 -1 8 283.53 161.39 -2 2696.34 8 71 0.4891078472137451 2
1 -1 8 271.88 210.51 -1 0 0 68 0.5033650398254395 2
random:2T:900
0 -1 0 540.46 315.94 -1 4888.219999999999 8 71 0.35874009132385254 2
1 -1 0 552.29 383.81 -2 0 0 68 0.31016016006469727 2
0 -1 1 462.39 371.90999999999997 -2 3560.5999999999995 8 71 1.2916347980499268 2
1 -1 1 445.53 381.82 -2 0 0 68 1.532789945602417 2
0 -1 2 462.52 375.6900000000001 -2 3385.9799999999996 8 71 3.2097740173339844 2
1 -1 2 436.83 368.5 -2 0 0 68 3.0938282012939453 2
0 -1 3 515.02 307.71000000000004 -2 2503.98 8 71 0.005679130554199219 2
1 -1 3 544.35 429.37 -1 0 0 68 0.0068438053131103516 2
0 -1 4 462.39 371.90999999999997 -2 3560.5999999999995 8 71 1.324674129486084 2
1 -1 4 442.03 381.15000000000003 -1 0 0 68 1.4276280403137207 2
0 -1 5 417.9 328.55 -4 2800.2 8 71 2.3249189853668213 2
1 -1 5 424.16 357.2700000000001 -4 0 0 68 3.0981781482696533 2
0 -1 6 497.81 412.87 -1 3572.7000000000003 8 71 3.0884931087493896 2
1 -1 6 508.06 447.91999999999996 -1 0 0 68 3.5245509147644043 2
0 -1 7 444.41 220.6 -2 5026.160000000001 8 71 0.7931210994720459 2
1 -1 7 508.06 447.91999999999996 -1 0 0 68 0.7502620220184326 2
0 -1 8 429.0 223.84 -2 4859.860000000001 8 71 0.8142039775848389 2
1 -1 8 436.83 368.5 -2 0 0 68 0.693091869354248 2
random:2T:1200
0 -1 0 754.94 532.9 -1 6824.06 8 71 0.43011999130249023 2
1 -1 0 779.84 603.36 -2 0 0 68 0.4680192470550537 2
0 -1 1 623.29 513.11 -1 4722.920000000001 8 71 2.0083909034729004 2
1 -1 1 580.76 460.78000000000003 -1 0 0 68 2.002535820007324 2
0 -1 2 625.44 528.3000000000001 -1 4604.68 8 71 3.8946192264556885 2
1 -1 2 580.12 495.5 -1 0 0 68 3.95717191696167 2
0 -1 3 704.05 411.46000000000004 -2 3378.9400000000005 8 71 0.008835077285766602 2
1 -1 3 758.83 663.87 -1 0 0 68 0.011194229125976562 2
0 -1 4 623.38 513.11 -1 4722.920000000001 8 71 2.037935972213745 2
1 -1 4 571.18 457.21000000000004 -1 0 0 68 2.067318916320801 2
0 -1 5 586.41 484.81 -1 4332.66 8 71 3.1806819438934326 2
1 -1 5 568.12 493.92 -2 0 0 68 3.3348820209503174 2
0 -1 6 662.82 538.35 -1 4770.579999999999 8 71 3.623695135116577 2
1 -1 6 697.62 624.55 -1 0 0 68 4.565877914428711 2
0 -1 7 589.71 323.98999999999995 -4 6989.300000000001 8 71 1.0203640460968018 2
1 -1 7 697.62 624.55 -1 0 0 68 1.0003719329833984 2
0 -1 8 562.59 275.67 -2 6630.76 8 71 0.9903161525726318 2
1 -1 8 580.12 495.5 -1 0 0 68 0.8113031387329102 2
random:2T:1500
0 -1 0 964.62 699.23 -2 8846.74 8 71 0.5317318439483643 2
1 -1 0 1008.57 824.86 -2 0 0 68 0.5741610527038574 2
0 -1 1 775.67 663.12 -4 5830.219999999999 8 71 2.3791592121124268 2
1 -1 1 720.85 602.2900000000001 -1 0 0 68 2.6283199787139893 2
0 -1 2 775.19 591.6700000000001 -1 5711.660000000001 8 71 3.9130959510803223 2
1 -1 2 725.21 596.1899999999999 -2 0 0 68 4.391072988510132 2
0 -1 3 900.4 523.5100000000001 -2 4207.400000000001 8 71 0.008374929428100586 2
1 -1 3 969.74 922.26 -1 0 0 68 0.009317874908447266 2
0 -1 4 770.51 560.21 -1 5847.08 8 71 2.5165722370147705 2
1 -1 4 715.73 598.47 -1 0 0 68 2.7159180641174316 2
0 -1 5 750.39 600.5999999999999 -1 5499.82 8 71 4.006248950958252 2
1 -1 5 696.35 549.12 -1 0 0 68 3.8265540599823 2
0 -1 6 814.78 647.7800000000001 -2 6023.799999999999 8 71 3.8712692260742188 2
1 -1 6 863.37 779.21 -1 0 0 68 5.019562005996704 2
0 -1 7 723.61 424.53 -4 9032.220000000003 8 71 1.2346019744873047 2
1 -1 7 863.37 779.21 -1 0 0 68 1.0680711269378662 2
0 -1 8 697.82 417.68999999999994 -2 8187.8200000000015 8 71 1.1212618350982666 2
1 -1 8 725.21 596.1899999999999 -2 0 0 68 0.9409427642822266 2
random:3T:300
0 -1 0 93.0 0 -20 213.18 2 82 0.14618182182312012 3
1 -1 0 99.91 0 -21 1593.1999999999998 11 94 0.15170001983642578 3
0 -1 1 82.63 0 -15 227.37 2 82 0.13541388511657715 3
1 -1 1 99.29 0 -12 1333.6299999999999 11 94 0.14274215698242188 3
0 -1 2 77.62 0 -14 152.10999999999999 2 82 2.529113292694092 3
1 -1 2 87.57 0.0 -14 900.38 11 94 2.888253927230835 3
0 -1 3 76.74 0.0 -14 50.15 2 82 0.005769968032836914 3
1 -1 3 72.8 0.0 -23 0.0 11 94 0.0050661563873291016 3
0 -1 4 82.63 0 -15 227.37 2 82 0.14065790176391602 3
1 -1 4 99.29 0 -12 1333.6299999999999 11 94 0.14558982849121094 3
0 -1 5 69.83 0 -20 67.72999999999999 2 82 1.9541308879852295 3
1 -1 5 59.81 0 -27 565.02 11 94 1.8333380222320557 3
0 -1 6 92.16 0 -20 211.03000000000003 2 82 2.8714759349823 3
1 -1 6 98.18 0 -17 1355.6899999999996 11 94 3.146026372909546 3
0 -1 7 92.16 0 -20 211.03000000000003 2 82 0.6657109260559082 3
1 -1 7 98.18 0 -17 1355.6899999999996 11 94 0.736191987991333 3
0 -1 8 77.62 0 -14 152.10999999999999 2 82 0.6044888496398926 3
1 -1 8 87.57 0.0 -14 900.38 11 94 0.6776020526885986 3
random:3T:600
0 -1 0 264.89 0 -3 476.12 2 82 0.2764909267425537 3
1 -1 0 285.6 0 -7 3812.760000000001 11 94 0.31242990493774414 3
0 -1 1 238.81 160.09999999999997 -2 360.85 2 82 4.331821918487549 3
1 -1 1 242.29 142.52000000000012 -2 2003.12 11 94 5.101377964019775 3
0 -1 2 228.71 140.90999999999997 -1 344.11 2 82 9.59677004814148 3
1 -1 2 230.09 135.78000000000017 -2 1877.9799999999998 11 94 11.541675090789795 3
0 -1 3 255.11 34.34 -1 291.49 2 82 0.006041049957275391 3
1 -1 3 251.44 0.0 -1 1566.73 11 94 0.007016897201538086 3
0 -1 4 238.81 160.09999999999997 -2 360.85 2 82 4.998332977294922 3
1 -1 4 242.29 142.52000000000012 -2 2003.12 11 94 5.398378133773804 3
0 -1 5 217.91 106.76999999999997 -1 325.36 2 82 9.327935934066772 3
1 -1 5 183.74 0.73 -1 1824.4100000000003 11 94 4.422090291976929 3
0 -1 6 252.41 129.8 -1 357.21000000000004 2 82 5.494542837142944 3
1 -1 6 251.04 129.86 -1 2008.05 11 94 6.085048675537109 3
0 -1 7 253.98 105.52 -3 488.5 2 82 1.2459208965301514 3
1 -1 7 258.3 78.75 -2 2468.7900000000004 11 94 1.4884300231933594 3
0 -1 8 231.28 123.23 -1 469.09 2 82 1.1734557151794434 3
1 -1 8 241.96 111.54 -2 2560.3 11 94 1.349025011062622 3
random:3T:900
0 -1 0 464.83 180.2 -1 790.3900000000001 2 82 0.46662402153015137 3
1 -1 0 477.98 0 -4 6125.17 11 94 0.5261578559875488 3
0 -1 1 386.4 306.4900000000003 -2 676.51 2 82 5.947141170501709 3
1 -1 1 396.85 291.81 -2 3817.52 11 94 4.090381145477295 3
0 -1 2 376.62 279.46000000000015 -2 653.03 2 82 9.386569023132324 3
1 -1 2 383.53 278.36000000000024 -2 3613.9400000000005 11 94 10.415826797485352 3
0 -1 3 431.38 182.98000000000002 -1 447.65000000000003 2 82 0.008532047271728516 3
1 -1 3 402.86 178.19 -1 2054.9500000000003 11 94 0.008409976959228516 3
0 -1 4 386.94 301.6700000000003 -2 676.5 2 82 6.349962949752808 3
1 -1 4 396.85 291.81 -2 3817.52 11 94 4.723014831542969 3
0 -1 5 365.51 276.48 -2 630.14 2 82 6.667165994644165 3
1 -1 5 323.95 220.02 -2 3221.9799999999996 11 94 6.207554817199707 3
0 -1 6 397.73 299.32 -1 667.63 2 82 6.583683252334595 3
1 -1 6 416.3 327.54999999999995 -2 3819.11 11 94 8.526579856872559 3
0 -1 7 376.88 193.2 -3 982.8399999999999 2 82 1.4067368507385254 3
1 -1 7 405.05 178.51 -2 5045.6 11 94 1.69199800491333 3
0 -1 8 345.68 213.24 -2 966.5699999999999 2 82 1.2872750759124756 3
1 -1 8 379.41 196.5 -2 5169.37 11 94 1.666130781173706 3
random:3T:1200
0 -1 0 669.37 314.4 -3 1132.2 2 82 0.6730492115020752 3
1 -1 0 677.42 177.17 -1 8374.660000000002 11 94 0.7035140991210938 3
0 -1 1 503.94 404.58 -1 990.77 2 82 3.925325870513916 3
1 -1 1 534.14 414.96 -1 5465.799999999999 11 94 4.829315185546875 3
0 -1 2 503.42 386.31 -1 964.4 2 82 7.740317106246948 3
1 -1 2 519.3 397.3800000000001 -2 5048.63 11 94 9.640526056289673 3
0 -1 3 634.21 326.11 -1 685.89 2 82 0.009278059005737305 3
1 -1 3 578.77 259.13 -1 3441.45 11 94 0.00915384292602539 3
0 -1 4 499.51 404.59 -1 993.27 2 82 3.372864007949829 3
1 -1 4 534.14 414.96 -1 5465.799999999999 11 94 4.750366926193237 3
0 -1 5 493.42 390.14 -1 935.5799999999999 2 82 7.563107967376709 3
1 -1 5 453.67 344.4 -2 4015.6099999999997 11 94 7.662846088409424 3
0 -1 6 539.14 438.86999999999995 -2 983.19 2 82 9.65735125541687 3
1 -1 6 558.89 430.69 -1 5365.26 11 94 10.191428899765015 3
0 -1 7 461.6 246.04999999999998 -3 1467.9699999999998 2 82 1.5861120223999023 3
1 -1 7 528.17 233.23 -2 7701.68 11 94 2.3663177490234375 3
0 -1 8 423.14 252.28 -2 1464.3600000000001 2 82 1.6355619430541992 3
1 -1 8 489.89 243.1 -2 7783.68 11 94 2.164991855621338 3
random:3T:1500
0 -1 0 872.01 403.45 -1 1479.65 2 82 0.8003189563751221 3
1 -1 0 860.61 344.99 -1 10647.349999999999 11 94 0.9048869609832764 3
0 -1 1 616.57 452.78000000000003 -1 1243.49 2 82 5.010671138763428 3
1 -1 1 640.19 452.34000000000003 -1 6047.7699999999995 11 94 5.722285985946655 3
0 -1 2 635.59 453.28000000000003 -1 1260.6399999999999 2 82 9.816829204559326 3
1 -1 2 659.67 542.9300000000001 -4 6547.490000000001 11 94 11.441236972808838 3
0 -1 3 807.59 373.45 -1 847.74 2 82 0.01093912124633789 3
1 -1 3 745.67 362.37 -1 4117.45 11 94 0.01011204719543457 3
0 -1 4 620.06 454.72 -1 1247.4700000000003 2 82 5.25288724899292 3
1 -1 4 635.21 457.76 -1 5948.530000000001 11 94 6.482234001159668 3
0 -1 5 617.76 521.15 -2 1098.75 2 82 8.926353931427002 3
1 -1 5 582.51 439.49 -4 5715.56 11 94 9.292412757873535 3
0 -1 6 638.45 466.24 -2 1253.4099999999999 2 82 10.941727876663208 3
1 -1 6 651.72 461.76 -1 6574.469999999999 11 94 11.378921031951904 3
0 -1 7 546.77 330.26 -2 1858.67 2 82 1.7945530414581299 3
1 -1 7 627.21 318.5 -4 9930.14 11 94 2.5870189666748047 3
0 -1 8 520.95 318.79 -2 1824.33 2 82 1.8815059661865234 3
1 -1 8 588.05 284.05 -4 9631.25 11 94 2.62432599067688 3
random:4T:300
0 -1 0 91.21 0 -21 131.8 1 81 0.12868785858154297 4
1 -1 0 95.72 0 -22 1420.8600000000001 10 93 0.15349721908569336 4
0 -1 1 85.15 0 -14 81.56 1 81 0.14660906791687012 4
1 -1 1 91.99 0 -17 1423.2799999999997 10 93 0.15471887588500977 4
0 -1 2 75.63 0 -18 0.0 1 81 2.7855329513549805 4
1 -1 2 80.51 0 -14 766.4199999999998 10 93 3.1197848320007324 4
0 -1 3 73.35 0.0 -15 0.0 1 81 0.005607128143310547 4
1 -1 3 66.26 0.0 -23 0.0 10 93 0.005454063415527344 4
0 -1 4 85.15 0 -14 81.56 1 81 0.14639925956726074 4
1 -1 4 91.99 0 -17 1423.2799999999997 10 93 0.15617609024047852 4
0 -1 5 62.29 0 -26 15.26 1 81 1.6854689121246338 4
1 -1 5 65.29 0 -33 732.6199999999999 10 93 1.7464990615844727 4
0 -1 6 91.16 0 -20 131.8 1 81 3.1053102016448975 4
1 -1 6 94.88 0 -17 1254.2599999999998 10 93 3.5552070140838623 4
0 -1 7 91.16 0 -20 131.8 1 81 0.7243521213531494 4
1 -1 7 94.88 0 -17 1254.2599999999998 10 93 0.8268892765045166 4
0 -1 8 75.63 0 -18 0.0 1 81 0.6519150733947754 4
1 -1 8 80.51 0 -14 766.4199999999998 10 93 0.7347757816314697 4
random:4T:600
0 -1 0 276.53 0 -1 270.52 1 81 0.30271291732788086 4
1 -1 0 277.25 0 -6 3554.0600000000004 10 93 0.32132816314697266 4
0 -1 1 242.58 117.40000000000016 -2 173.28 1 81 6.7453508377075195 4
1 -1 1 244.48 159.91 -2 1867.8999999999999 10 93 1.1331660747528076 4
0 -1 2 222.77 113.67 -1 113.67 1 81 5.167695999145508 4
1 -1 2 224.12 144.94 -1 1721.8999999999999 10 93 6.446748971939087 4
0 -1 3 243.84 7.73 -1 124.5 1 81 0.0063610076904296875 4
1 -1 3 236.27 26.01 -1 977.7600000000001 10 93 0.0067250728607177734 4
0 -1 4 242.58 117.40000000000016 -2 173.28 1 81 6.747722864151001 4
1 -1 4 244.48 159.91 -2 1867.8999999999999 10 93 1.1313421726226807 4
0 -1 5 180.23 0.0 -1 158.55 1 81 4.353737115859985 4
1 -1 5 175.96 0 -5 1688.7800000000002 10 93 4.127583980560303 4
0 -1 6 257.09 136.30999999999997 -1 184.45 1 81 6.1204211711883545 4
1 -1 6 250.06 102.15 -1 1830.3400000000001 10 93 5.919297933578491 4
0 -1 7 257.38 103.66 -3 292.7599999999999 1 81 2.006500005722046 4
1 -1 7 258.41 77.27 -1 2308.22 10 93 1.3588719367980957 4
0 -1 8 222.2 98.5 -1 130.78000000000003 1 81 1.92225980758667 4
1 -1 8 236.1 121.78 -1 2459.06 10 93 1.3544111251831055 4
random:4T:900
0 -1 0 481.58 174.12 -1 480.17 1 81 0.45659399032592773 4
1 -1 0 460.34 0 -1 5647.9800000000005 10 93 0.46725988388061523 4
0 -1 1 381.12 282.1299999999999 -2 321.5 1 81 8.034104824066162 4
1 -1 1 402.83 320.42 -2 3511.2400000000002 10 93 3.830847978591919 4
0 -1 2 359.93 248.86 -4 304.18 1 81 7.522803068161011 4
1 -1 2 383.53 272.13000000000005 -1 3257.16 10 93 9.946807146072388 4
0 -1 3 420.48 182.82999999999998 -1 182.82999999999998 1 81 0.007425069808959961 4
1 -1 3 401.93 174.19 -2 1768.8599999999997 10 93 0.008065938949584961 4
0 -1 4 383.21 277.5900000000001 -2 321.5 1 81 7.9691550731658936 4
1 -1 4 402.83 320.42 -2 3511.2400000000002 10 93 3.853584051132202 4
0 -1 5 314.43 227.06 -2 309.99 1 81 5.576925754547119 4
1 -1 5 312.76 207.59 -2 2740.04 10 93 6.375681161880493 4
0 -1 6 416.68 337.53999999999996 -2 346.46 1 81 8.282480716705322 4
1 -1 6 403.38 302.71 -2 3328.2199999999993 10 93 8.430111169815063 4
0 -1 7 373.44 211.29999999999998 -3 585.2700000000012 1 81 3.80131196975708 4
1 -1 7 411.17 171.07 -2 4919.94 10 93 2.0758299827575684 4
0 -1 8 330.16 189.34 -1 428.78000000000065 1 81 4.9112889766693115 4
1 -1 8 376.81 202.11 -1 5096.22 10 93 2.3596038818359375 4
random:4T:1200
0 -1 0 691.91 236.35 -2 664.97 1 81 0.7414870262145996 4
1 -1 0 657.37 0 -1 7753.44 10 93 0.7264251708984375 4
0 -1 1 502.3 412.06 -2 467.98999999999995 1 81 7.993112087249756 4
1 -1 1 536.31 399.47999999999996 -1 4969.4 10 93 5.845157861709595 4
0 -1 2 494.99 399.05 -2 416.13 1 81 10.704204082489014 4
1 -1 2 530.38 392.72999999999996 -1 4827.079999999999 10 93 10.695792198181152 4
0 -1 3 612.55 313.83 -1 313.83 1 81 0.008569955825805664 4
1 -1 3 595.09 287.27 -2 2979.8600000000006 10 93 0.009514808654785156 4
0 -1 4 502.11 416.25 -1 468.11 1 81 7.643409967422485 4
1 -1 4 538.05 399.47999999999996 -1 4969.419999999999 10 93 5.585543155670166 4
0 -1 5 455.14 354.69 -1 395.54999999999995 1 81 7.381631851196289 4
1 -1 5 443.83 322.7400000000002 -4 3634.18 10 93 8.416801691055298 4
0 -1 6 549.51 437.1 -1 471.53 1 81 9.644163131713867 4
1 -1 6 536.85 397.42999999999995 -1 4986.02 10 93 9.98048710823059 4
0 -1 7 470.79 328.0 -4 859.7100000000017 1 81 4.799520969390869 4
1 -1 7 531.3 253.79 -4 7373.42 10 93 2.4811551570892334 4
0 -1 8 400.45 240.31 -2 718.3100000000021 1 81 5.902230978012085 4
1 -1 8 490.09 253.14 -1 7682.100000000002 10 93 2.574052095413208 4
random:4T:1500
0 -1 0 897.03 425.6 -1 862.1300000000001 1 81 0.752216100692749 4
1 -1 0 830.51 110.91 -1 9949.56 10 93 0.8128073215484619 4
0 -1 1 617.4 451.54 -2 616.86 1 81 7.707149028778076 4
1 -1 1 645.36 447.78000000000003 -1 6307.799999999999 10 93 6.291031122207642 4
0 -1 2 612.82 456.85 -1 588.39 1 81 11.723172664642334 4
1 -1 2 670.95 468.07 -1 6368.54 10 93 12.307397842407227 4
0 -1 3 789.4 372.44 -1 372.44 1 81 0.010413169860839844 4
1 -1 3 757.13 365.47999999999996 -2 3678.6399999999994 10 93 0.010954141616821289 4
0 -1 4 615.47 451.54 -2 617.19 1 81 8.349311113357544 4
1 -1 4 644.5 447.78000000000003 -1 6338.640000000001 10 93 6.460316181182861 4
0 -1 5 575.83 431.31 -1 518.0 1 81 8.388576984405518 4
1 -1 5 571.59 429.45000000000005 -4 5056.719999999999 10 93 9.052494287490845 4
0 -1 6 700.66 580.0600000000001 -1 705.1200000000001 1 81 13.303030967712402 4
1 -1 6 664.79 462.40999999999997 -2 6126.8200000000015 10 93 13.014883995056152 4
0 -1 7 545.54 402.48 -2 1151.6300000000037 1 81 7.043928146362305 4
1 -1 7 642.42 371.65 -4 9682.96 10 93 3.0750269889831543 4
0 -1 8 484.72 286.01 -1 894.3100000000019 1 81 6.186899900436401 4
1 -1 8 601.03 287.13 -2 9202.380000000003 10 93 2.9798028469085693 4
random:5T:300
0 -1 0 92.92 0 -20 554.29 4 87 0.1756730079650879 5
1 -1 0 87.1 0 -19 1438.0299999999997 12 92 0.15052008628845215 5
0 -1 1 81.49 0 -15 394.13 4 87 0.16315317153930664 5
1 -1 1 83.39 0 -21 1363.05 12 92 0.14131617546081543 5
0 -1 2 72.28 0 -16 276.67999999999995 4 87 3.0085790157318115 5
1 -1 2 80.41 0 -18 1075.25 12 92 2.8238751888275146 5
0 -1 3 68.33 0.0 -18 0.0 4 87 0.005526065826416016 5
1 -1 3 59.24 0.0 -23 57.769999999999996 12 92 0.005159139633178711 5
0 -1 4 81.49 0 -15 394.13 4 87 0.17451691627502441 5
1 -1 4 83.39 0 -21 1363.05 12 92 0.15013480186462402 5
0 -1 5 61.45 0 -28 164.21 4 87 2.0759708881378174 5
1 -1 5 55.56 0 -30 434.22 12 92 1.8229098320007324 5
0 -1 6 92.92 0 -20 554.29 4 87 4.4100401401519775 5
1 -1 6 87.0 0 -17 1309.55 12 92 3.1607460975646973 5
0 -1 7 92.92 0 -20 554.29 4 87 1.0356829166412354 5
1 -1 7 87.0 0 -17 1309.55 12 92 0.7601814270019531 5
0 -1 8 72.28 0 -16 276.67999999999995 4 87 0.7372691631317139 5
1 -1 8 80.41 0 -18 1075.25 12 92 0.6714787483215332 5
random:5T:600
0 -1 0 272.5 0 -4 1181.4899999999998 4 87 0.3525722026824951 5
1 -1 0 259.66 0 -9 3954.9899999999993 12 92 0.3225979804992676 5
0 -1 1 247.37 173.07 -1 792.8499999999999 4 87 1.6507701873779297 5
1 -1 1 234.9 131.68999999999994 -1 2164.82 12 92 4.402241945266724 5
0 -1 2 219.45 132.80999999999995 -1 682.11 4 87 8.94034194946289 5
1 -1 2 218.72 113.03999999999999 -1 2100.8600000000006 12 92 4.88567590713501 5
0 -1 3 235.0 0.0 -1 485.75 4 87 0.007302045822143555 5
1 -1 3 230.72 15.89 -1 1646.5699999999997 12 92 0.0069468021392822266 5
0 -1 4 247.37 173.07 -1 792.8499999999999 4 87 1.6200690269470215 5
1 -1 4 234.9 131.68999999999994 -1 2164.82 12 92 4.289193868637085 5
0 -1 5 187.92 0.0 -1 607.99 4 87 5.208249807357788 5
1 -1 5 182.86 0.0 -1 1840.4199999999998 12 92 4.448865652084351 5
0 -1 6 254.24 112.08 -1 743.84 4 87 7.716772079467773 5
1 -1 6 238.2 98.71999999999997 -1 2152.9300000000003 12 92 8.625223875045776 5
0 -1 7 259.47 87.18 -1 986.8399999999999 4 87 1.6114749908447266 5
1 -1 7 245.16 90.04 -1 2507.22 12 92 1.307373046875 5
0 -1 8 223.6 98.39 -1 917.6700000000001 4 87 1.5045750141143799 5
1 -1 8 227.1 103.98 -1 2565.9899999999993 12 92 1.4116649627685547 5
random:5T:900
0 -1 0 469.11 166.77 -1 1972.49 4 87 0.5186450481414795 5
1 -1 0 441.5 0 -4 6557.110000000001 12 92 0.5002057552337646 5
0 -1 1 396.67 320.73 -1 1493.21 4 87 2.82273006439209 5
1 -1 1 405.14 308.36 -1 4078.89 12 92 2.6203010082244873 5
0 -1 2 373.1 303.69 -4 1298.1799999999998 4 87 8.834988832473755 5
1 -1 2 357.63 237.59 -4 3804.1000000000004 12 92 6.638282060623169 5
0 -1 3 407.73 176.46 -1 728.57 4 87 0.008578062057495117 5
1 -1 3 391.81 182.93 -2 2321.04 12 92 0.008069038391113281 5
0 -1 4 396.67 320.73 -1 1493.21 4 87 2.8771138191223145 5
1 -1 4 403.65 311.89 -1 4078.8799999999997 12 92 2.748995065689087 5
0 -1 5 322.41 224.71 -1 1185.5 4 87 6.828913927078247 5
1 -1 5 317.62 205.61999999999995 -2 2974.08 12 92 6.588593244552612 5
0 -1 6 411.81 342.0 -2 1387.52 4 87 10.095273971557617 5
1 -1 6 410.75 310.84000000000003 -2 4050.25 12 92 8.019248962402344 5
0 -1 7 405.05 171.33 -1 1979.0900000000001 4 87 2.1494641304016113 5
1 -1 7 407.6 214.12 -2 5382.540000000002 12 92 1.929642915725708 5
0 -1 8 347.81 189.29 -1 1960.3100000000004 4 87 2.004700183868408 5
1 -1 8 381.08 192.35 -1 5510.92 12 92 1.814039945602417 5
random:5T:1200
0 -1 0 657.93 317.0 -1 2740.4 4 87 0.7012550830841064 5
1 -1 0 615.65 0 -4 9393.42 12 92 0.6843535900115967 5
0 -1 1 517.58 404.44 -1 1882.21 4 87 5.312532901763916 5
1 -1 1 545.55 396.6 -1 5818.530000000001 12 92 5.144788980484009 5
0 -1 2 506.94 411.78999999999996 -1 1918.13 4 87 10.917056798934937 5
1 -1 2 535.85 398.27000000000004 -4 5741.449999999999 12 92 9.765114068984985 5
0 -1 3 594.38 282.0 -1 1234.0700000000002 4 87 0.009525060653686523 5
1 -1 3 585.74 322.19 -2 3995.8300000000004 12 92 0.010009050369262695 5
0 -1 4 514.15 399.81 -1 1882.2099999999998 4 87 5.16547703742981 5
1 -1 4 543.38 394.66 -1 5808.990000000001 12 92 5.197908163070679 5
0 -1 5 454.74 357.01 -4 1493.35 4 87 8.899304866790771 5
1 -1 5 471.42 352.5 -1 4351.47 12 92 8.18875789642334 5
0 -1 6 531.53 423.87 -2 1922.55 4 87 11.804695129394531 5
1 -1 6 559.15 407.09 -1 5898.07 12 92 10.284035921096802 5
0 -1 7 519.13 251.01 -4 2963.5600000000004 4 87 2.5927188396453857 5
1 -1 7 540.65 252.76 -2 8381.380000000001 12 92 2.466365098953247 5
0 -1 8 437.05 255.24 -2 2976.86 4 87 2.3353822231292725 5
1 -1 8 507.64 240.82 -1 8485.030000000002 12 92 2.34367299079895 5
random:5T:1500
0 -1 0 849.81 414.71 -1 3571.9300000000003 4 87 0.8439290523529053 5
1 -1 0 768.83 0 -4 12300.449999999999 12 92 0.8187220096588135 5
0 -1 1 656.68 461.65 -2 2466.2699999999995 4 87 7.058903932571411 5
1 -1 1 684.14 450.28000000000003 -1 7651.15 12 92 6.474905014038086 5
0 -1 2 638.98 467.46 -2 2401.82 4 87 13.235595941543579 5
1 -1 2 653.03 454.39 -1 6629.360000000001 12 92 10.784353017807007 5
0 -1 3 768.7 365.59000000000003 -1 1485.94 4 87 0.011162042617797852 5
1 -1 3 743.0 373.21999999999997 -2 4634.54 12 92 0.010996103286743164 5
0 -1 4 636.12 456.77000000000004 -2 2474.3300000000004 4 87 7.348212003707886 5
1 -1 4 672.88 450.28 -1 7533.900000000001 12 92 6.962594032287598 5
0 -1 5 569.05 445.75 -4 2048.7 4 87 10.496608972549438 5
1 -1 5 602.49 435.81 -1 6246.4 12 92 9.62359094619751 5
0 -1 6 679.7 540.79 -2 2564.73 4 87 14.601733207702637 5
1 -1 6 696.32 470.15000000000003 -1 7386.7300000000005 12 92 12.211318969726562 5
0 -1 7 618.74 382.15999999999997 -1 3956.7300000000005 4 87 3.196253776550293 5
1 -1 7 657.73 347.71999999999997 -2 10718.220000000001 12 92 2.839840888977051 5
0 -1 8 547.28 332.64 -2 3694.91 4 87 2.972195863723755 5
1 -1 8 610.02 280.19 -2 10475.96 12 92 2.6307220458984375 5
random:6T:300
0 -1 0 93.65 0 -23 1874.3900000000003 13 96 0.16022396087646484 6
1 -1 0 86.54 0 -26 48.77 1 81 0.15925812721252441 6
0 -1 1 90.35 0 -18 1490.0 13 96 0.15142607688903809 6
1 -1 1 87.01 0 -12 56.2 1 81 0.1470170021057129 6
0 -1 2 82.25 0 -16 1228.7199999999998 13 96 2.800123691558838 6
1 -1 2 81.16 0 -12 79.99 1 81 2.980271100997925 6
0 -1 3 66.36 0.0 -26 0.0 13 96 0.005911827087402344 6
1 -1 3 78.21 0.0 -13 0.0 1 81 0.005307912826538086 6
0 -1 4 90.35 0 -18 1490.0 13 96 0.15469002723693848 6
1 -1 4 87.01 0 -12 56.2 1 81 0.14844989776611328 6
0 -1 5 65.06 0 -27 833.9700000000001 13 96 2.0159130096435547 6
1 -1 5 70.41 0.0 -19 0.0 1 81 2.067873001098633 6
0 -1 6 92.55 0 -24 1658.1799999999998 13 96 3.4803340435028076 6
1 -1 6 85.57 0 -18 52.39 1 81 3.6720638275146484 6
0 -1 7 92.55 0 -24 1658.1799999999998 13 96 0.8205697536468506 6
1 -1 7 85.57 0 -18 52.39 1 81 0.8447837829589844 6
0 -1 8 82.25 0 -16 1228.7199999999998 13 96 0.6546039581298828 6
1 -1 8 81.16 0 -12 79.99 1 81 0.6739649772644043 6
random:6T:600
0 -1 0 263.09 0 -7 4489.64 13 96 0.3326070308685303 6
1 -1 0 274.17 0.0 -3 233.04000000000002 1 81 0.33100390434265137 6
0 -1 1 236.43 127.87000000000005 -3 2333.96 13 96 1.7680492401123047 6
1 -1 1 248.92 182.2 -1 239.17000000000002 1 81 0.6233317852020264 6
0 -1 2 224.0 96.99000000000001 -1 2290.09 13 96 7.679993152618408 6
1 -1 2 230.94 173.81 -2 174.6 1 81 5.602622985839844 6
0 -1 3 239.67 31.13 -1 1675.02 13 96 0.007467031478881836 6
1 -1 3 258.59 0.0 -1 151.93 1 81 0.006475925445556641 6
0 -1 4 236.43 127.87000000000005 -3 2333.96 13 96 1.846177101135254 6
1 -1 4 248.92 182.2 -1 239.17000000000002 1 81 0.6588599681854248 6
0 -1 5 193.83 0.0 -1 2194.79 13 96 4.759573936462402 6
1 -1 5 212.19 98.11999999999998 -1 141.15 1 81 8.56841516494751 6
0 -1 6 244.31 127.67 -1 2385.59 13 96 6.251176834106445 6
1 -1 6 254.37 166.70000000000007 -1 166.8 1 81 7.259844064712524 6
0 -1 7 258.94 115.47 -4 3272.0299999999993 13 96 1.52358078956604 6
1 -1 7 253.71 131.7 -4 276.65 1 81 1.7150771617889404 6
0 -1 8 227.86 59.48 -1 2518.8100000000004 13 96 1.2015962600708008 6
1 -1 8 231.75 147.01 -2 303.6899999999999 1 81 2.263535261154175 6
random:6T:900
0 -1 0 446.76 0 -3 7100.969999999999 13 96 0.5207030773162842 6
1 -1 0 483.42 192.8 -1 422.62 1 81 0.49158620834350586 6
0 -1 1 390.93 277.2500000000001 -3 4436.889999999999 13 96 6.523361921310425 6
1 -1 1 413.92 332.73 -1 398.12 1 81 3.012935161590576 6
0 -1 2 383.18 272.64000000000016 -2 4317.36 13 96 9.88132381439209 6
1 -1 2 385.71 311.0900000000001 -2 318.53999999999996 1 81 8.087074041366577 6
0 -1 3 401.04 165.5 -1 2402.6800000000003 13 96 0.009373903274536133 6
1 -1 3 424.82 188.92 -1 188.92 1 81 0.007497072219848633 6
0 -1 4 390.93 277.2500000000001 -3 4436.889999999999 13 96 6.461930990219116 6
1 -1 4 410.45 332.74 -1 398.3 1 81 2.9603159427642822 6
0 -1 5 335.49 219.16 -1 3824.8599999999997 13 96 6.194203853607178 6
1 -1 5 360.26 278.4 -1 279.52 1 81 6.8448240756988525 6
0 -1 6 412.74 338.37 -1 4486.290000000002 13 96 9.048968076705933 6
1 -1 6 420.66 356.02 -1 393.6 1 81 9.23330569267273 6
0 -1 7 416.31 198.65 -4 6071.87 13 96 1.9616010189056396 6
1 -1 7 373.61 207.56 -4 561.7099999999998 1 81 2.317279815673828 6
0 -1 8 378.06 167.47 -1 5625.25 13 96 1.6416170597076416 6
1 -1 8 337.88 215.95 -2 601.6900000000016 1 81 4.5050718784332275 6
random:6T:1200
0 -1 0 626.7 0 -2 9918.499999999998 13 96 0.7136468887329102 6
1 -1 0 694.96 331.28 -1 599.99 1 81 0.6409618854522705 6
0 -1 1 533.21 393.43 -1 6391.8099999999995 13 96 4.962508678436279 6
1 -1 1 536.0 418.29999999999995 -1 541.56 1 81 4.830296039581299 6
0 -1 2 529.75 395.27000000000004 -4 6218.780000000001 13 96 10.05313777923584 6
1 -1 2 519.11 448.51 -2 478.34 1 81 9.722020149230957 6
0 -1 3 598.07 261.72 -1 4278.33 13 96 0.01213693618774414 6
1 -1 3 604.51 326.01 -1 326.01 1 81 0.010872602462768555 6
0 -1 4 532.35 397.87 -1 6391.8099999999995 13 96 4.952264070510864 6
1 -1 4 534.88 414.74 -1 541.5600000000001 1 81 5.226337909698486 6
0 -1 5 465.37 344.74 -2 4711.48 13 96 7.739933013916016 6
1 -1 5 490.69 401.56 -4 436.31000000000006 1 81 8.101830959320068 6
0 -1 6 552.96 411.40000000000003 -1 6499.9800000000005 13 96 10.493000030517578 6
1 -1 6 543.61 417.29 -2 533.97 1 81 10.148406744003296 6
0 -1 7 550.77 244.28 -4 9127.2 13 96 2.3594629764556885 6
1 -1 7 468.49 272.87 -4 827.7599999999994 1 81 2.805338144302368 6
0 -1 8 499.04 227.17 -1 8644.610000000002 13 96 2.1341359615325928 6
1 -1 8 423.16 269.31 -2 807.2000000000016 1 81 4.882274866104126 6
random:6T:1500
0 -1 0 786.22 0 -1 12848.1 13 96 0.8903079032897949 6
1 -1 0 905.47 407.23 -1 802.86 1 81 0.8044033050537109 6
0 -1 1 631.95 441.32 -1 6877.15 13 96 5.618753671646118 6
1 -1 1 641.4 458.71 -1 655.49 1 81 5.8671653270721436 6
0 -1 2 649.27 453.64 -1 7005.900000000001 13 96 11.42758584022522 6
1 -1 2 653.74 583.1700000000001 -2 634.29 1 81 11.083627939224243 6
0 -1 3 757.95 359.12 -1 5109.09 13 96 0.01230001449584961 6
1 -1 3 786.42 377.22999999999996 -1 377.22999999999996 1 81 0.00962519645690918 6
0 -1 4 634.81 451.52 -1 6859.64 13 96 5.68733024597168 6
1 -1 4 645.49 458.71 -1 656.3500000000001 1 81 6.056879043579102 6
0 -1 5 600.17 440.19 -4 6757.210000000001 13 96 9.422713041305542 6
1 -1 5 610.37 533.64 -4 591.6500000000001 1 81 9.352190017700195 6
0 -1 6 679.96 462.86 -2 8155.839999999999 13 96 12.212754964828491 6
1 -1 6 657.25 476.90999999999997 -1 612.76 1 81 11.182892084121704 6
0 -1 7 662.6 324.40000000000003 -4 11339.81 13 96 2.5682220458984375 6
1 -1 7 560.02 413.12 -4 1112.0299999999995 1 81 3.627473831176758 6
0 -1 8 604.37 278.89 -2 11177.28 13 96 2.4298770427703857 6
1 -1 8 534.84 375.51000000000005 -2 1034.300000000003 1 81 6.331155300140381 6
random:7T:300
0 -1 0 96.49 0 -21 1629.3200000000004 11 94 0.16808128356933594 7
1 -1 0 93.04 0 -26 129.43 1 81 0.16004204750061035 7
0 -1 1 95.58 0 -13 1389.04 11 94 0.15384817123413086 7
1 -1 1 97.71 0.0 -10 126.24 1 81 0.1681499481201172 7
0 -1 2 91.32 0 -12 1316.45 11 94 3.3273892402648926 7
1 -1 2 85.4 0.0 -10 126.24 1 81 3.567506790161133 7
0 -1 3 69.11 0.0 -23 0.0 11 94 0.005525827407836914 7
1 -1 3 73.05 0.0 -16 0.0 1 81 0.005162954330444336 7
0 -1 4 95.58 0 -13 1389.04 11 94 0.1548161506652832 7
1 -1 4 97.71 0.0 -10 126.24 1 81 0.1524190902709961 7
0 -1 5 68.44 0 -22 782.8199999999999 11 94 2.3196840286254883 7
1 -1 5 75.92 0 -20 86.53 1 81 2.3015689849853516 7
0 -1 6 94.2 0 -27 1378.3600000000004 11 94 3.427839994430542 7
1 -1 6 91.96 0 -19 129.43 1 81 3.637622117996216 7
0 -1 7 94.2 0 -27 1378.3600000000004 11 94 0.7977867126464844 7
1 -1 7 91.96 0 -19 129.43 1 81 0.8360600471496582 7
0 -1 8 91.32 0 -12 1316.45 11 94 0.7591531276702881 7
1 -1 8 85.4 0.0 -10 126.24 1 81 0.7933449745178223 7
random:7T:600
0 -1 0 274.95 0 -1 3932.91 11 94 0.35057616233825684 7
1 -1 0 292.43 0 -3 281.18 1 81 0.32651710510253906 7
0 -1 1 252.62 150.61000000000007 -2 2015.43 11 94 3.589055299758911 7
1 -1 1 269.16 201.18 -2 280.75 1 81 1.1384499073028564 7
0 -1 2 248.7 188.95999999999998 -1 2490.1299999999997 11 94 6.416214942932129 7
1 -1 2 248.48 192.42 -2 244.82999999999998 1 81 5.90230917930603 7
0 -1 3 245.48 36.33 -1 1508.3799999999999 11 94 0.006883144378662109 7
1 -1 3 233.62 0.0 -2 86.72 1 81 0.0060689449310302734 7
0 -1 4 252.62 150.61000000000007 -2 2015.43 11 94 3.602987051010132 7
1 -1 4 269.16 201.18 -2 280.75 1 81 1.1481420993804932 7
0 -1 5 207.1 33.41000000000001 -1 1880.7000000000003 11 94 5.952713966369629 7
1 -1 5 222.59 79.83000000000001 -1 174.39 1 81 7.71969199180603 7
0 -1 6 255.95 148.41000000000003 -1 2013.09 11 94 7.165349960327148 7
1 -1 6 266.18 152.21 -1 183.92 1 81 7.110029935836792 7
0 -1 7 272.62 97.0 -2 3043.88 11 94 1.6266148090362549 7
1 -1 7 268.17 135.87 -1 306.8400000000002 1 81 1.6860458850860596 7
0 -1 8 258.5 159.04 -1 3246.6399999999994 11 94 1.4842643737792969 7
1 -1 8 239.7 164.09 -1 348.38000000000017 1 81 2.4892308712005615 7
random:7T:900
0 -1 0 468.29 0 -1 6396.3 11 94 0.5419986248016357 7
1 -1 0 499.63 124.45 -2 489.39 1 81 0.500870943069458 7
0 -1 1 408.76 309.7600000000003 -2 3786.25 11 94 6.4257519245147705 7
1 -1 1 417.83 360.06 -1 437.75 1 81 3.3325140476226807 7
0 -1 2 402.1 333.13 -2 3737.58 11 94 8.236873149871826 7
1 -1 2 400.89 334.19 -2 339.28999999999996 1 81 7.727238893508911 7
0 -1 3 408.63 183.91 -2 2045.63 11 94 0.0088958740234375 7
1 -1 3 416.21 174.42999999999998 -1 174.42999999999998 1 81 0.007489681243896484 7
0 -1 4 408.76 309.7600000000003 -2 3786.25 11 94 6.470227956771851 7
1 -1 4 417.87 360.06 -1 437.75 1 81 3.483781099319458 7
0 -1 5 361.15 247.6 -3 3545.19 11 94 7.0402491092681885 7
1 -1 5 370.98 313.88 -1 332.05 1 81 7.184590101242065 7
0 -1 6 422.42 341.61 -1 3776.53 11 94 8.87364411354065 7
1 -1 6 413.15 345.71 -1 346.39 1 81 8.604642868041992 7
0 -1 7 430.04 180.9 -1 5933.99 11 94 2.3291609287261963 7
1 -1 7 389.58 219.65 -2 600.9100000000009 1 81 3.2876710891723633 7
0 -1 8 405.82 222.55 -1 6188.09 11 94 2.3869168758392334 7
1 -1 8 343.75 225.32 -1 646.3800000000019 1 81 4.758339881896973 7
random:7T:1200
0 -1 0 656.0 45.69 -1 8536.89 11 94 0.7095201015472412 7
1 -1 0 706.93 203.58 -2 659.41 1 81 0.6460838317871094 7
0 -1 1 535.78 415.42 -1 5430.360000000001 11 94 4.442234039306641 7
1 -1 1 541.6 425.46999999999997 -1 558.1099999999999 1 81 5.439760684967041 7
0 -1 2 538.19 412.44 -1 5423.52 11 94 10.486439943313599 7
1 -1 2 533.47 421.41 -1 494.4 1 81 9.744170904159546 7
0 -1 3 608.3 330.94 -2 3707.8199999999997 11 94 0.01002192497253418 7
1 -1 3 573.15 224.07 -1 224.07 1 81 0.008581161499023438 7
0 -1 4 534.65 415.42 -1 5430.36 11 94 4.461215019226074 7
1 -1 4 530.91 425.46999999999997 -1 554.05 1 81 5.688689231872559 7
0 -1 5 505.12 375.83000000000004 -1 5245.710000000001 11 94 9.202248334884644 7
1 -1 5 500.35 385.55 -1 473.64 1 81 8.978554248809814 7
0 -1 6 557.46 421.44 -1 5276.8099999999995 11 94 10.692574977874756 7
1 -1 6 529.29 409.68 -1 455.68 1 81 9.695316314697266 7
0 -1 7 556.33 270.57 -6 8681.32 11 94 3.0469632148742676 7
1 -1 7 482.96 321.66 -2 875.2900000000013 1 81 4.425105094909668 7
0 -1 8 528.0 267.77 -4 8861.400000000001 11 94 3.1923937797546387 7
1 -1 8 447.63 278.71 -1 826.2500000000017 1 81 5.208253860473633 7
random:7T:1500
0 -1 0 838.42 250.6 -1 11300.390000000001 11 94 0.9329869747161865 7
1 -1 0 911.03 246.98 -2 868.1099999999999 1 81 0.8288869857788086 7
0 -1 1 651.29 456.12 -2 6767.820000000001 11 94 6.489904880523682 7
1 -1 1 663.88 493.33 -1 680.88 1 81 7.374006986618042 7
0 -1 2 684.3 507.96 -2 7008.3099999999995 11 94 12.620855808258057 7
1 -1 2 652.36 468.81 -1 652.0799999999999 1 81 10.806142807006836 7
0 -1 3 770.52 374.98999999999995 -2 4365.91 11 94 0.011886835098266602 7
1 -1 3 770.52 354.96999999999997 -1 354.96999999999997 1 81 0.009882926940917969 7
0 -1 4 645.74 453.38 -1 6742.159999999999 11 94 6.175384998321533 7
1 -1 4 657.07 468.81 -1 680.8 1 81 7.506550073623657 7
0 -1 5 634.18 468.34999999999997 -1 6079.65 11 94 10.556694746017456 7
1 -1 5 614.35 466.65 -1 590.13 1 81 9.550342082977295 7
0 -1 6 708.62 471.42 -2 7066.730000000001 11 94 13.10555100440979 7
1 -1 6 674.55 526.39 -1 622.14 1 81 11.84465217590332 7
0 -1 7 671.88 390.52 -2 11299.559999999998 11 94 3.5699970722198486 7
1 -1 7 556.53 394.36 -2 1172.8300000000029 1 81 6.444640159606934 7
0 -1 8 651.22 364.52 -3 10989.110000000004 11 94 3.4360530376434326 7
1 -1 8 550.4 419.9 -2 1128.8100000000038 1 81 7.1996119022369385 7
random:8T:300
0 -1 0 88.29 0 -26 264.33 2 82 0.15922975540161133 8
1 -1 0 93.08 0 -40 1964.3200000000002 10 93 0.17980527877807617 8
0 -1 1 80.54 0 -15 25.42 2 82 0.15221595764160156 8
1 -1 1 95.06 0 -13 1341.6400000000003 10 93 0.15775489807128906 8
0 -1 2 75.58 0 -15 19.96 2 82 2.7461209297180176 8
1 -1 2 84.96 0 -14 677.28 10 93 3.0834479331970215 8
0 -1 3 76.12 0.0 -15 0.0 2 82 0.005449056625366211 8
1 -1 3 74.53 0.0 -22 0.0 10 93 0.005683183670043945 8
0 -1 4 80.54 0 -15 25.42 2 82 0.1561431884765625 8
1 -1 4 95.06 0 -13 1341.6400000000003 10 93 0.15755391120910645 8
0 -1 5 70.41 0 -19 74.01 2 82 2.1190969944000244 8
1 -1 5 71.42 0 -26 677.76 10 93 2.044469118118286 8
0 -1 6 87.4 0 -20 261.01 2 82 3.1848859786987305 8
1 -1 6 92.3 0 -16 1458.3199999999997 10 93 3.4224660396575928 8
0 -1 7 87.4 0 -20 261.01 2 82 0.718026876449585 8
1 -1 7 92.3 0 -16 1458.3199999999997 10 93 0.7921679019927979 8
0 -1 8 75.58 0 -15 19.96 2 82 0.633202075958252 8
1 -1 8 84.96 0 -14 677.28 10 93 0.7074828147888184 8
random:8T:600
0 -1 0 250.68 0 -5 572.0799999999999 2 82 0.2887229919433594 8
1 -1 0 257.67 0 -6 3711.5199999999995 10 93 0.33104419708251953 8
0 -1 1 243.25 167.74999999999983 -3 381.57000000000005 2 82 3.5960981845855713 8
1 -1 1 243.52 173.82 -4 1849.7399999999998 10 93 0.7597789764404297 8
0 -1 2 225.64 138.5200000000001 -2 318.65 2 82 8.046730995178223 8
1 -1 2 228.24 152.48 -1 1702.08 10 93 5.4065563678741455 8
0 -1 3 253.78 34.34 -1 182.64 2 82 0.006754875183105469 8
1 -1 3 248.36 0.0 -1 1064.64 10 93 0.006643056869506836 8
0 -1 4 243.25 167.74999999999983 -3 381.57000000000005 2 82 3.752101182937622 8
1 -1 4 243.52 173.82 -4 1849.7399999999998 10 93 0.7931499481201172 8
0 -1 5 216.49 108.05999999999996 -1 298.69 2 82 8.893095016479492 8
1 -1 5 198.9 25.51 -1 1702.18 10 93 5.755406141281128 8
0 -1 6 243.97 136.2 -1 368.33000000000004 2 82 5.700639963150024 8
1 -1 6 244.99 140.95 -1 1875.6999999999996 10 93 7.006260871887207 8
0 -1 7 248.87 97.76 -2 586.73 2 82 1.4349417686462402 8
1 -1 7 262.85 134.76 -1 2835.2 10 93 1.5970790386199951 8
0 -1 8 226.72 117.4 -2 395.6799999999999 2 82 1.797109842300415 8
1 -1 8 238.9 128.9 -1 2397.5 10 93 1.479557991027832 8
random:8T:900
0 -1 0 449.61 49.84 -1 911.1599999999999 2 82 0.48003673553466797 8
1 -1 0 453.65 0 -3 6112.02 10 93 0.546748161315918 8
0 -1 1 395.54 319.86 -1 735.42 2 82 5.193062782287598 8
1 -1 1 410.45 320.55 -1 3463.2400000000007 10 93 3.1634888648986816 8
0 -1 2 377.4 284.52000000000004 -2 618.55 2 82 8.043375968933105 8
1 -1 2 382.61 267.43000000000006 -2 3235.2999999999997 10 93 8.236660957336426 8
0 -1 3 430.2 174.16 -1 350.9 2 82 0.008165836334228516 8
1 -1 3 404.81 176.54000000000002 -2 1788.1999999999998 10 93 0.008050918579101562 8
0 -1 4 395.8 312.15 -1 735.52 2 82 7.98427414894104 8
1 -1 4 408.43 325.88000000000005 -1 3463.26 10 93 3.4265811443328857 8
0 -1 5 364.84 273.19 -2 623.5 2 82 6.825183868408203 8
1 -1 5 329.89 216.76 -2 2912.9199999999996 10 93 6.015221118927002 8
0 -1 6 398.47 313.41999999999996 -2 692.28 2 82 7.901748895645142 8
1 -1 6 423.76 350.92999999999995 -2 3527.9399999999996 10 93 10.003214836120605 8
0 -1 7 372.53 195.69 -1 1140.1900000000003 2 82 2.0611681938171387 8
1 -1 7 417.08 211.7 -4 5506.840000000001 10 93 2.3734357357025146 8
0 -1 8 340.85 199.71 -2 958.3200000000008 2 82 3.4977478981018066 8
1 -1 8 379.76 206.02 -1 5108.119999999999 10 93 2.347731828689575 8
random:8T:1200
0 -1 0 653.06 252.87 -1 1296.61 2 82 0.6667582988739014 8
1 -1 0 632.95 0 -2 8275.84 10 93 0.7351272106170654 8
0 -1 1 517.21 411.39 -1 915.4000000000001 2 82 4.532632827758789 8
1 -1 1 545.35 405.45 -1 4884.6 10 93 5.143131971359253 8
0 -1 2 508.59 413.15999999999997 -1 951.34 2 82 8.83102297782898 8
1 -1 2 539.18 407.16 -1 4793.12 10 93 12.025279998779297 8
0 -1 3 633.12 293.63 -1 596.74 2 82 0.010335922241210938 8
1 -1 3 575.21 248.85 -2 2630.62 10 93 0.009479045867919922 8
0 -1 4 512.21 396.75 -1 922.98 2 82 4.940672874450684 8
1 -1 4 540.88 405.45 -1 4876.259999999999 10 93 6.415502071380615 8
0 -1 5 494.68 396.01 -2 893.43 2 82 11.049325942993164 8
1 -1 5 470.12 362.92999999999995 -2 3784.2999999999997 10 93 11.34586215019226 8
0 -1 6 540.82 420.77000000000004 -1 980.52 2 82 15.968393087387085 8
1 -1 6 561.05 420.98 -2 4912.42 10 93 12.350785970687866 8
0 -1 7 469.92 269.52 -4 1615.1600000000003 2 82 3.9961118698120117 8
1 -1 7 537.06 258.87 -2 7904.360000000001 10 93 4.801103830337524 8
0 -1 8 420.89 255.64 -2 1526.9900000000011 2 82 7.207544803619385 8
1 -1 8 492.63 255.25 -2 7694.399999999998 10 93 4.86627197265625 8
random:8T:1500
0 -1 0 862.04 364.23 -1 1690.68 2 82 1.3455438613891602 8
1 -1 0 812.48 0 -2 10553.279999999999 10 93 1.4967920780181885 8
0 -1 1 620.08 451.17999999999995 -1 1218.9899999999998 2 82 4.7764201164245605 8
1 -1 1 659.54 450.77 -1 6402.04 10 93 8.118265151977539 8
0 -1 2 640.89 470.35 -1 1195.33 2 82 20.50954008102417 8
1 -1 2 667.25 550.25 -2 6329.799999999999 10 93 19.732563257217407 8
0 -1 3 806.21 366.21 -1 734.53 2 82 0.018374919891357422 8
1 -1 3 748.59 360.09000000000003 -2 3632.4800000000005 10 93 0.017835140228271484 8
0 -1 4 631.07 459.71000000000004 -1 1218.87 2 82 11.3177649974823 8
1 -1 4 645.16 447.90999999999997 -1 6149.879999999999 10 93 10.28614616394043 8
0 -1 5 618.82 528.83 -4 1145.39 2 82 15.984259128570557 8
1 -1 5 598.24 458.97000000000014 -4 5260.180000000001 10 93 16.25954008102417 8
0 -1 6 649.94 470.88 -2 1274.01 2 82 18.372730016708374 8
1 -1 6 678.94 476.96999999999997 -1 6313.960000000001 10 93 20.620476961135864 8
0 -1 7 570.4 387.49 -2 2067.34 2 82 5.163725137710571 8
1 -1 7 657.37 387.43999999999994 -4 10240.499999999998 10 93 5.95154595375061 8
0 -1 8 523.06 323.61999999999995 -2 1827.320000000001 2 82 7.357270002365112 8
1 -1 8 586.29 282.23 -2 8936.82 10 93 5.170041084289551 8
random:9T:300
0 -1 0 105.87 0 -16 2116.75 14 99 0.31381916999816895 9
1 -1 0 102.37 0 -4 302.90999999999997 3 81 0.24476194381713867 9
0 -1 1 102.23 0.0 -6 1420.9799999999998 14 99 0.23673295974731445 9
1 -1 1 94.93 0.0 -8 254.78 3 81 0.22525382041931152 9
0 -1 2 88.16 0.0 -10 761.1999999999999 14 99 4.15516996383667 9
1 -1 2 87.64 0.0 -7 114.2 3 81 3.4641520977020264 9
0 -1 3 89.33 0.0 -22 80.44 14 99 0.010190963745117188 9
1 -1 3 94.37 0.0 -11 129.95 3 81 0.008751869201660156 9
0 -1 4 102.23 0.0 -6 1420.9799999999998 14 99 0.2368760108947754 9
1 -1 4 94.93 0.0 -8 254.78 3 81 0.2109360694885254 9
0 -1 5 83.7 0.0 -13 638.11 14 99 3.5152041912078857 9
1 -1 5 77.62 0.0 -13 41.53 3 81 2.4141807556152344 9
0 -1 6 104.09 0.0 -16 1790.7 14 99 4.9878270626068115 9
1 -1 6 102.36 0.0 -3 302.90999999999997 3 81 4.650525331497192 9
0 -1 7 104.09 0.0 -16 1790.7 14 99 1.1981160640716553 9
1 -1 7 102.36 0.0 -3 302.90999999999997 3 81 1.0515499114990234 9
0 -1 8 88.16 0.0 -10 761.1999999999999 14 99 0.9751989841461182 9
1 -1 8 87.64 0.0 -7 114.2 3 81 0.8733189105987549 9
random:9T:600
0 -1 0 286.4 0 -1 4698.169999999999 14 99 0.606107234954834 9
1 -1 0 297.02 0 -1 869.0999999999999 3 81 0.48401689529418945 9
0 -1 1 258.87 183.10999999999996 -3 2967.7399999999993 14 99 3.4768409729003906 9
1 -1 1 240.34 166.96000000000004 -3 522.0899999999999 3 81 13.007200002670288 9
0 -1 2 236.93 163.31 -1 2377.47 14 99 9.406583070755005 9
1 -1 2 240.24 189.3 -3 634.05 3 81 6.160320997238159 9
0 -1 3 278.24 97.6 -1 2027.8199999999997 14 99 0.013708114624023438 9
1 -1 3 286.14 90.32 -1 488.44 3 81 0.011564016342163086 9
0 -1 4 258.87 183.10999999999996 -3 2967.7399999999993 14 99 3.4420340061187744 9
1 -1 4 240.34 166.96000000000004 -3 522.0899999999999 3 81 13.043977975845337 9
0 -1 5 236.0 165.09 -1 2410.6299999999997 14 99 7.902546167373657 9
1 -1 5 224.31 160.73999999999998 -1 554.39 3 81 6.335118055343628 9
0 -1 6 253.32 169.48999999999998 -1 2570.1999999999994 14 99 8.430949926376343 9
1 -1 6 269.89 202.53 -3 790.8599999999999 3 81 7.629206657409668 9
0 -1 7 268.1 118.93 -1 3546.62 14 99 2.0402278900146484 9
1 -1 7 265.01 188.41 -6 901.9300000000001 3 81 1.7206060886383057 9
0 -1 8 236.6 151.77 -3 2419.6099999999997 14 99 2.200775384902954 9
1 -1 8 239.46 160.36 -3 759.4199999999996 3 81 2.242069959640503 9
random:9T:900
0 -1 0 472.1 146.2 -1 7456.72 14 99 0.909916877746582 9
1 -1 0 487.57 36.03 -1 1438.6100000000001 3 81 0.7556798458099365 9
0 -1 1 414.29 322.58 -6 4906.1500000000015 14 99 5.416213035583496 9
1 -1 1 390.8 312.69000000000057 -3 1036.98 3 81 10.678413152694702 9
0 -1 2 393.36 300.31 -3 4532.65 14 99 10.575100898742676 9
1 -1 2 387.08 323.46 -3 1045.58 3 81 8.397272825241089 9
0 -1 3 455.58 176.85 -1 3343.3599999999997 14 99 0.016557931900024414 9
1 -1 3 474.01 248.20999999999998 -1 853.3499999999999 3 81 0.013910055160522461 9
0 -1 4 414.29 322.58 -6 4906.1500000000015 14 99 5.433387994766235 9
1 -1 4 390.8 312.69000000000057 -3 1036.98 3 81 10.765305042266846 9
0 -1 5 395.3 303.53 -3 4502.719999999999 14 99 10.808357954025269 9
1 -1 5 373.81 304.49 -3 988.95 3 81 7.556731939315796 9
0 -1 6 414.9 298.02 -6 4795.85 14 99 11.831899881362915 9
1 -1 6 440.72 352.05 -1 1265.37 3 81 11.046535730361938 9
0 -1 7 429.01 195.19 -1 6409.48 14 99 2.8647000789642334 9
1 -1 7 399.28 238.66 -6 1661.86 3 81 2.4310121536254883 9
0 -1 8 383.58 218.56 -3 5595.38 14 99 2.48652982711792 9
1 -1 8 349.15 223.28 -3 1562.5900000000001 3 81 2.541569948196411 9
random:9T:1200
0 -1 0 657.59 234.18 -1 10131.370000000003 14 99 1.1803357601165771 9
1 -1 0 685.63 155.08 -1 2014.12 3 81 0.9837508201599121 9
0 -1 1 561.03 409.07 -1 6910.58 14 99 8.173376083374023 9
1 -1 1 527.56 437.48 -1 1421.2800000000002 3 81 4.918105125427246 9
0 -1 2 546.91 430.0300000000001 -3 6646.820000000001 14 99 14.242254734039307 9
1 -1 2 529.01 456.15000000000003 -3 1519.0700000000002 3 81 9.86341118812561 9
0 -1 3 643.9 320.95000000000005 -1 4894.420000000002 14 99 0.02017688751220703 9
1 -1 3 670.6 352.57 -1 1093.73 3 81 0.017187833786010742 9
0 -1 4 561.03 409.07 -1 6910.58 14 99 8.163841009140015 9
1 -1 4 527.56 437.48 -1 1421.2800000000002 3 81 4.948369026184082 9
0 -1 5 548.61 430.0800000000001 -3 6570.0 14 99 14.375217914581299 9
1 -1 5 516.31 437.65000000000003 -3 1368.6799999999998 3 81 10.269592761993408 9
0 -1 6 563.24 397.63 -1 7008.550000000001 14 99 15.205294132232666 9
1 -1 6 576.58 450.77 -1 1707.12 3 81 12.647404909133911 9
0 -1 7 575.41 242.38 -1 9343.769999999999 14 99 3.621431827545166 9
1 -1 7 510.3 268.38 -3 2429.8900000000003 3 81 3.068830966949463 9
0 -1 8 503.86 255.2 -3 8605.82 14 99 3.01249098777771 9
1 -1 8 429.07 261.65 -3 2348.15 3 81 2.7984559535980225 9
random:9T:1500
0 -1 0 837.3 282.21 -1 13052.01 14 99 1.4745869636535645 9
1 -1 0 877.09 322.0 -1 2547.9700000000003 3 81 1.2021920680999756 9
0 -1 1 697.06 454.93 -1 8844.330000000002 14 99 10.648096084594727 9
1 -1 1 665.94 465.47999999999996 -1 1890.53 3 81 10.384161949157715 9
0 -1 2 699.9 559.8399999999999 -3 8733.81 14 99 17.846536874771118 9
1 -1 2 663.64 586.52 -1 1920.54 3 81 12.012369871139526 9
0 -1 3 836.47 397.45000000000005 -1 6658.310000000002 14 99 0.02224898338317871 9
1 -1 3 871.32 485.65999999999997 -1 1521.5 3 81 0.018500089645385742 9
0 -1 4 697.06 454.93 -1 8844.330000000002 14 99 10.578153133392334 9
1 -1 4 665.94 465.47999999999996 -1 1890.53 3 81 10.188186168670654 9
0 -1 5 686.72 536.39 -6 8494.28 14 99 16.262382745742798 9
1 -1 5 655.63 565.6299999999998 -3 1837.0100000000002 3 81 11.396821022033691 9
0 -1 6 678.41 443.63 -1 8167.549999999999 14 99 16.002099990844727 9
1 -1 6 697.99 528.71 -1 1929.1999999999998 3 81 13.750165939331055 9
0 -1 7 706.77 285.49 -6 11909.529999999999 14 99 4.165237188339233 9
1 -1 7 642.6 409.89 -3 3128.55 3 81 3.673168897628784 9
0 -1 8 609.47 275.29 -3 11585.390000000001 14 99 3.6604270935058594 9
1 -1 8 539.26 359.85999999999996 -3 2777.17 3 81 3.4323172569274902 9
