random:0T:120
-1 0 159.72 0 -95 7553.0 0.05449986457824707
-1 1 159.72 0 -95 7553.0 0.031622886657714844
-1 2 159.72 0 -95 7553.0 2.06304669380188
-1 3 159.72 0 -95 7553.0 40.642483949661255
random:0T:120
-1 0 159.72 0 -95 35.62735849056604 0.054488182067871094
-1 1 159.72 0 -95 35.62735849056604 0.03012704849243164
-1 2 159.72 0 -95 35.62735849056604 2.087383270263672
-1 3 159.72 0 -95 35.62735849056604 41.882055044174194
random:0T:120
-1 0 159.72 0 -95 35.62735849056604 0.05237078666687012
-1 1 159.72 0 -95 35.62735849056604 0.029356002807617188
-1 2 159.72 0 -95 35.62735849056604 2.103058099746704
-1 3 159.72 0 -95 35.62735849056604 42.10556483268738
