random:0T:180
-1 0 355.25 0 -38 16457.0 0.08578205108642578
-1 1 355.25 0 -38 16457.0 0.03962302207946777
-1 2 355.25 0 -38 16457.0 3.5912740230560303
-1 3 355.25 0 -38 16457.0 48.56786799430847
random:0T:180
-1 0 355.25 0 -38 77.62735849056604 0.08894896507263184
-1 1 355.25 0 -38 77.62735849056604 0.0403749942779541
-1 2 355.25 0 -38 77.62735849056604 3.577687978744507
-1 3 355.25 0 -38 77.62735849056604 50.49762010574341
random:0T:180
-1 0 355.25 0 -38 77.62735849056604 0.0824739933013916
-1 1 355.25 0 -38 77.62735849056604 0.03608202934265137
-1 2 355.25 0 -38 77.62735849056604 3.5442140102386475
-1 3 355.25 0 -38 77.62735849056604 49.87761211395264
