random:0T:360
-1 0 1170.46 0.0 -5 51935.0 0.20370912551879883
-1 1 1144.4 29.631249999999998 -1 52837.0 0.389556884765625
-1 2 1118.72 45.93149999999998 -5 53025.0 13.733647108078003
-1 3 1141.1 60.33975 -1 52768.0 67.73066806793213
random:0T:360
-1 0 1170.46 0.0 -5 244.97641509433961 0.21454310417175293
-1 1 1144.4 29.631249999999998 -1 249.2311320754717 0.37471795082092285
-1 2 1118.72 45.93149999999998 -5 250.1179245283019 13.533285856246948
-1 3 1141.1 60.33975 -1 248.9056603773585 69.13213682174683
random:0T:360
-1 0 1170.46 0.0 -5 244.97641509433961 0.1966838836669922
-1 1 1144.4 29.631249999999998 -1 249.2311320754717 0.3936011791229248
-1 2 1118.72 45.93149999999998 -5 250.1179245283019 13.690160274505615
-1 3 1141.1 60.33975 -1 248.9056603773585 70.74472498893738
