random:0T:60
-1 0 41.38 0 -149 2027.0 0.02841925621032715
-1 1 41.38 0 -149 2027.0 0.05323290824890137
-1 2 41.38 0 -149 2027.0 0.8034899234771729
-1 3 40.67 0 -145 1999.0 65.20472717285156
random:0T:60
-1 0 41.38 0 -149 9.56132075471698 0.02755904197692871
-1 1 41.38 0 -149 9.56132075471698 0.05930185317993164
-1 2 41.38 0 -149 9.56132075471698 0.7827861309051514
-1 3 40.67 0 -145 9.429245283018869 65.84969115257263
random:0T:60
-1 0 41.38 0 -149 9.56132075471698 0.028370141983032227
-1 1 41.38 0 -149 9.56132075471698 0.05274224281311035
-1 2 41.38 0 -149 9.56132075471698 0.816986083984375
-1 3 40.67 0 -145 9.429245283018869 66.09056830406189
