random:2T:300
0 -1 0 118.6 21.5 -1 271.2 2 71 135.6 8962.690000000002 428.29999999999995 0.21889305114746094 2
1 -1 0 96.6 0.0 -5 1061.2399999999998 6 68 172.14 8691.140000000003 516.42 0.15562701225280762 2
0 -1 1 109.42 0.0 -1 267.28 2 71 133.64 8303.16 400.91999999999996 0.12142181396484375 2
1 -1 1 113.45 24.99 -1 665.44 6 68 107.7 9045.500000000002 348.09000000000003 0.6773638725280762 2
0 -1 2 102.06 0.0 -2 252.9 2 71 126.45 7752.290000000004 379.35 2.585592031478882 2
1 -1 2 110.28 19.12 -1 635.26 6 68 102.49 8769.760000000004 326.59 2.4609200954437256 2
0 -1 3 97.51 0.0 -11 0.0 2 71 0.0 6923.540000000001 0.0 0.004461050033569336 2
1 -1 3 103.66 0.0 -9 213.32 6 68 0.0 7475.330000000002 0.0 0.006972312927246094 2
0 -1 4 109.42 0.0 -1 267.28 2 71 133.64 8303.16 400.91999999999996 0.1313488483428955 2
1 -1 4 113.45 24.99 -1 665.44 6 68 107.7 9045.500000000002 348.09000000000003 0.7128159999847412 2
0 -1 5 68.56 0.0 -14 169.26 2 71 84.63 5206.159999999999 253.89 1.4621059894561768 2
1 -1 5 74.25 0.0 -13 290.64000000000004 6 68 1.74 5630.000000000003 5.22 0.9872698783874512 2
0 -1 6 118.35 21.51 -1 271.2 2 71 135.6 8945.35 428.30999999999995 3.162109136581421 2
1 -1 6 97.64 0.0 -3 826.5799999999999 6 68 135.03 8292.859999999999 405.09000000000003 2.1734459400177 2
0 -1 7 118.35 21.51 -1 271.2 2 71 135.6 8945.35 428.30999999999995 0.7607450485229492 2
1 -1 7 97.64 0.0 -3 826.5799999999999 6 68 135.03 8292.859999999999 405.09000000000003 0.5329463481903076 2
0 -1 8 102.06 0.0 -2 252.9 2 71 126.45 7752.290000000004 379.35 0.6593890190124512 2
1 -1 8 110.28 19.12 -1 635.26 6 68 102.49 8769.760000000004 326.59 0.6493861675262451 2
random:2T:600
0 -1 0 340.57 198.07999999999998 -2 632.88 2 71 316.44 25446.350000000002 1147.3999999999999 0.4158010482788086 2
1 -1 0 312.15 135.6 -4 2267.84 6 68 370.38 25761.569999999992 1246.7399999999998 0.37466883659362793 2
0 -1 1 291.0 221.48999999999984 -2 563.78 2 71 281.89 21788.79 1067.1599999999999 3.1193950176239014 2
1 -1 1 299.5 245.97 -2 1632.4800000000002 6 68 268.71000000000004 23630.72000000001 1052.1000000000001 1.4797987937927246 2
0 -1 2 279.96 216.00999999999996 -2 535.8399999999999 2 71 267.91999999999996 20948.819999999996 1019.7699999999999 4.466017961502075 2
1 -1 2 297.24 243.48000000000002 -4 1611.38 6 68 265.11 23434.799999999992 1038.81 3.423391103744507 2
0 -1 3 304.07 116.42 -2 232.84 2 71 116.42 22054.770000000008 509.59 0.010206937789916992 2
1 -1 3 302.67 120.12 -2 868.8999999999999 6 68 120.12 22319.089999999997 528.31 0.007631778717041016 2
0 -1 4 288.08 221.21 -2 565.72 2 71 282.86 21585.000000000004 1069.79 1.587986946105957 2
1 -1 4 299.16 246.35999999999999 -4 1632.4800000000002 6 68 268.71000000000004 23608.150000000023 1052.49 1.5789451599121094 2
0 -1 5 233.15 168.14000000000001 -1 347.94 2 71 173.97 17249.79 690.05 4.388357877731323 2
1 -1 5 234.69 170.04999999999998 -1 1101.6 6 68 170.5 18162.219999999987 681.55 3.6873340606689453 2
0 -1 6 321.6 275.95 -1 578.6800000000001 2 71 289.34000000000003 23990.79 1143.97 5.550786018371582 2
1 -1 6 293.25 227.61 -4 1698.66 6 68 282.33000000000004 23338.51 1074.6000000000001 3.214911937713623 2
0 -1 7 284.4 160.5 -2 818.3000000000006 2 71 409.1500000000003 21829.170000000002 1387.950000000001 1.7701690196990967 2
1 -1 7 287.65 163.39 -2 2234.5 6 68 371.45 24029.51 1277.7399999999998 1.0794742107391357 2
0 -1 8 265.61 171.09 -2 811.7800000000009 2 71 405.89000000000044 20481.630000000005 1388.7600000000014 2.5328030586242676 2
1 -1 8 285.8 182.59 -2 2189.4 6 68 364.12 23813.340000000004 1274.95 1.022244930267334 2
random:2T:900
0 -1 0 567.2 387.16 -1 1004.48 2 71 502.24 42280.32000000001 1893.88 0.6784341335296631 2
1 -1 0 534.64 318.65 -2 3434.46 6 68 560.85 43224.78000000001 2001.2000000000003 0.5314297676086426 2
0 -1 1 443.1 371.8 -2 889.5 2 71 444.75 33239.05 1706.05 2.0327260494232178 2
1 -1 1 461.69 390.54 -4 2501.2599999999998 6 68 407.27 36397.24000000003 1612.35 2.2707841396331787 2
0 -1 2 445.24 368.82000000000005 -4 859.6600000000001 2 71 429.83000000000004 33331.240000000005 1658.3100000000004 5.8333048820495605 2
1 -1 2 464.41 400.3299999999999 -4 2472.5600000000004 6 68 406.22 36524.930000000015 1618.99 4.749240875244141 2
0 -1 3 508.03 194.13 -2 388.26 2 71 194.13 36846.92 965.85 0.014652252197265625 2
1 -1 3 512.45 218.51 -2 1555.4199999999998 6 68 218.51 37957.77 1055.12 0.010434627532958984 2
0 -1 4 439.48 371.57 -2 888.96 2 71 444.48 32980.670000000006 1705.01 2.4823029041290283 2
1 -1 4 461.18 387.38 -2 2501.26 6 68 407.27000000000004 36362.90000000002 1609.19 2.3289270401000977 2
0 -1 5 398.54 320.65 -2 641.3 2 71 320.65 29578.85 1283.4099999999999 4.8522233963012695 2
1 -1 5 413.22 328.82000000000005 -4 2187.98 6 68 347.87000000000006 32474.99000000001 1372.4300000000003 3.7877731323242188 2
0 -1 6 483.12 411.03000000000003 -2 894.9200000000001 2 71 447.46000000000004 36091.149999999994 1753.41 5.685450792312622 2
1 -1 6 495.7 427.72 -1 2593.36 6 68 429.61 38894.0 1716.55 4.992670059204102 2
0 -1 7 402.21 240.33 -2 1355.5800000000017 2 71 677.7900000000009 31267.839999999997 2273.7000000000025 2.5927281379699707 2
1 -1 7 432.02 224.94 -2 3929.3200000000006 6 68 654.0699999999999 37235.86 2187.1499999999996 1.6867578029632568 2
0 -1 8 376.26 230.85 -2 1376.9600000000037 2 71 688.4800000000018 29468.160000000003 2296.2900000000054 3.962999105453491 2
1 -1 8 419.66 235.47 -2 3886.419999999999 6 68 647.2099999999999 36309.989999999976 2177.0999999999995 1.8037240505218506 2
random:2T:1200
0 -1 0 790.71 608.38 -1 1375.78 2 71 687.89 58891.83999999998 2672.05 0.8974611759185791 2
1 -1 0 749.44 478.17 -2 5001.959999999999 6 68 820.9399999999998 60965.80999999998 2940.99 0.7561149597167969 2
0 -1 1 577.63 433.86 -2 1176.6 2 71 588.3 43365.180000000015 2198.7599999999998 3.102344036102295 2
1 -1 1 616.15 512.36 -1 3454.2200000000003 6 68 547.28 48806.670000000006 2154.2 3.3549141883850098 2
0 -1 2 586.63 450.53999999999996 -1 1188.82 2 71 594.41 44028.28000000001 2233.77 5.9913129806518555 2
1 -1 2 608.37 515.0699999999999 -1 3331.1000000000004 6 68 536.54 48031.15999999998 2124.6899999999996 5.3506529331207275 2
0 -1 3 704.92 337.96999999999997 -2 675.9399999999999 2 71 337.96999999999997 51401.21000000001 1652.6399999999999 0.01459193229675293 2
1 -1 3 707.78 341.57 -2 2312.5 6 68 341.57 52753.91999999998 1671.75 0.015902996063232422 2
0 -1 4 570.32 433.0 -1 1156.56 2 71 578.28 42805.969999999994 2167.84 3.428165912628174 2
1 -1 4 616.15 512.36 -1 3454.2200000000003 6 68 547.28 48806.670000000006 2154.2 3.470884084701538 2
0 -1 5 553.63 482.2 -2 1049.3999999999999 2 71 524.6999999999999 41406.439999999995 2056.2999999999997 5.938697099685669 2
1 -1 5 572.4 470.06999999999994 -1 3262.1000000000004 6 68 528.55 45447.63000000003 2055.72 4.478705167770386 2
0 -1 6 618.63 493.56 -2 1197.8600000000001 2 71 598.9300000000001 46318.26 2290.3500000000004 6.678068161010742 2
1 -1 6 687.98 581.44 -2 3651.7200000000003 6 68 604.9 54086.27000000001 2396.14 6.437046051025391 2
0 -1 7 509.04 320.09999999999997 -4 1761.7600000000025 2 71 880.8800000000012 39665.37 2962.740000000004 3.338120937347412 2
1 -1 7 560.74 328.43 -4 5340.659999999998 6 68 889.1899999999998 48811.64999999998 2995.9999999999995 2.170781135559082 2
0 -1 8 483.25 279.23 -2 1706.6400000000035 2 71 853.3200000000018 37723.73000000002 2839.1900000000055 4.273955821990967 2
1 -1 8 554.06 309.76 -2 5093.399999999999 6 68 838.1399999999996 47863.049999999974 2824.1799999999994 1.8230762481689453 2
random:2T:1500
0 -1 0 1011.77 827.1600000000001 -2 1747.04 2 71 873.52 75329.65999999999 3447.7200000000003 0.985788106918335 2
1 -1 0 935.7 565.26 -2 6538.899999999998 6 68 1077.1899999999996 76705.62000000001 3796.829999999999 0.8714396953582764 2
0 -1 1 692.76 569.93 -1 1372.66 2 71 686.33 51930.92999999997 2628.92 3.536421060562134 2
1 -1 1 764.87 638.0600000000001 -1 4426.860000000001 6 68 693.46 60865.09000000006 2718.44 4.541845083236694 2
0 -1 2 747.39 570.23 -1 1468.6 2 71 734.3 56001.66999999997 2773.1299999999997 7.261612176895142 2
1 -1 2 743.49 572.6099999999999 -1 4239.820000000001 6 68 675.57 59037.11000000002 2599.3199999999997 6.039859056472778 2
0 -1 3 920.52 467.14 -2 934.28 2 71 467.14 67225.35000000003 2282.3100000000004 0.020329952239990234 2
1 -1 3 908.9 483.87 -2 3075.4599999999996 6 68 483.87 67955.81000000001 2335.63 0.01596522331237793 2
0 -1 4 698.0 564.22 -1 1281.28 2 71 640.64 52120.549999999974 2486.1400000000003 3.8331546783447266 2
1 -1 4 754.35 624.9499999999999 -2 4376.5199999999995 6 68 693.0 60048.529999999984 2703.95 4.255652904510498 2
0 -1 5 693.95 546.88 -1 1245.08 2 71 622.54 51760.38000000005 2414.5 6.269521951675415 2
1 -1 5 726.69 566.41 -1 4185.16 6 68 665.6 57785.350000000035 2563.21 5.309445142745972 2
0 -1 6 744.2 606.3000000000001 -1 1514.3000000000002 2 71 757.1500000000001 55866.86999999999 2877.7500000000005 7.081454753875732 2
1 -1 6 831.87 691.4399999999999 -1 4467.78 6 68 739.78 65502.92000000001 2910.78 6.44865608215332 2
0 -1 7 614.02 432.94 -2 2457.080000000006 2 71 1228.540000000003 48509.59000000002 4118.560000000009 4.723794937133789 2
1 -1 7 680.47 432.38 -2 7125.039999999995 6 68 1187.0099999999993 60522.119999999995 3993.409999999998 2.4739630222320557 2
0 -1 8 595.66 405.07000000000005 -4 2213.9800000000064 2 71 1106.9900000000032 46720.15000000002 3726.0400000000095 5.357914209365845 2
1 -1 8 681.09 429.03000000000003 -4 6697.719999999997 6 68 1115.3799999999992 59709.72999999999 3775.169999999998 2.236264944076538 2
random:3T:300
0 -1 0 89.72 0 -23 213.18 2 85 82.85 8052.580000000002 248.54999999999998 0.27188801765441895 3
1 -1 0 101.77 0 -19 1593.1999999999998 11 91 0 12447.679999999998 0 0.25429296493530273 3
0 -1 1 79.71 0 -18 227.37 2 85 89.1 7230.070000000004 267.29999999999995 0.26787900924682617 3
1 -1 1 101.13 0 -10 1333.6299999999999 11 91 8.49 11869.870000000003 25.47 0.23087787628173828 3
0 -1 2 74.67 0 -17 152.10999999999999 2 85 59.26 6651.060000000004 177.78 5.112569808959961 3
1 -1 2 89.37 0 -13 911.64 11 91 0.0 9955.759999999997 0.0 4.9001100063323975 3
0 -1 3 68.22 0.0 -15 44.61 2 85 0.0 5888.15 0.0 0.009637117385864258 3
1 -1 3 72.34 0.0 -22 0.0 11 91 0.0 6583.200000000001 0.0 0.0069849491119384766 3
0 -1 4 79.71 0 -18 227.37 2 85 89.1 7230.070000000004 267.29999999999995 0.2757229804992676 3
1 -1 4 101.13 0 -10 1333.6299999999999 11 91 8.49 11869.870000000003 25.47 0.2523069381713867 3
0 -1 5 66.52 0 -26 42.58 2 85 0.0 5739.25 0.0 3.3135650157928467 3
1 -1 5 49.19 0 -32 210.06 11 91 0 4896.090000000001 0 2.612884998321533 3
0 -1 6 88.91 0 -23 211.03000000000003 2 85 80.7 7979.420000000004 242.10000000000002 6.225016117095947 3
1 -1 6 99.98 0 -15 1355.6899999999996 11 91 10.89 11809.709999999994 32.67 5.574228048324585 3
0 -1 7 88.91 0 -23 211.03000000000003 2 85 80.7 7979.420000000004 242.10000000000002 1.340811014175415 3
1 -1 7 99.98 0 -15 1355.6899999999996 11 91 10.89 11809.709999999994 32.67 1.2352802753448486 3
0 -1 8 74.67 0 -17 152.10999999999999 2 85 59.26 6651.060000000004 177.78 1.1797280311584473 3
1 -1 8 89.37 0 -13 911.64 11 91 0.0 9955.759999999997 0.0 1.1852209568023682 3
random:3T:600
0 -1 0 258.09 0 -3 456.44999999999993 2 85 222.77999999999997 22850.36999999999 668.3399999999999 0.5226399898529053 3
1 -1 0 290.12 0 -5 3832.05 11 91 156.77 34064.94000000002 470.31000000000006 0.5870389938354492 3
0 -1 1 236.88 161.07 -3 360.85 2 85 174.96 20856.669999999987 685.95 3.244401216506958 3
1 -1 1 244.09 150.59000000000012 -2 2003.12 11 91 157.04 26218.829999999994 621.7100000000002 14.020634174346924 3
0 -1 2 227.16 148.2 -1 344.11 2 85 168.32 19996.77999999998 653.16 9.331001996994019 3
1 -1 2 231.81 141.80000000000015 -2 1887.2799999999997 11 91 144.12 24869.499999999993 574.1600000000002 18.825387954711914 3
0 -1 3 236.52 0.0 -1 287.5 2 85 122.43 20679.139999999992 367.29 0.009232759475708008 3
1 -1 3 253.71 5.08 -1 1566.73 11 91 103.63 26220.760000000006 315.96999999999997 0.01335000991821289 3
0 -1 4 236.88 161.07 -3 360.85 2 85 174.96 20856.669999999987 685.95 3.235969066619873 3
1 -1 4 244.09 150.59000000000012 -2 2003.12 11 91 157.04 26218.829999999994 621.7100000000002 14.174326181411743 3
0 -1 5 202.83 37.94000000000001 -1 308.82 2 85 144.2 17857.77999999999 470.53999999999996 11.853953123092651 3
1 -1 5 168.14 0.0 -3 1704.23 11 91 128.87 18708.76000000001 386.61 6.311129093170166 3
0 -1 6 247.22 107.38999999999996 -1 357.21000000000004 2 85 173.09 21728.22 626.66 12.125361919403076 3
1 -1 6 252.18 145.85000000000002 -1 2008.05 11 91 157.57 26964.23999999999 618.56 9.9481680393219 3
0 -1 7 248.4 95.74 -3 460.53999999999985 2 85 230.25 22035.24 786.49 2.9246301651000977 3
1 -1 7 261.78 85.92 -2 2585.6200000000003 11 91 222.5399999999999 28993.01 753.5399999999996 2.758906126022339 3
0 -1 8 228.58 142.06 -2 485.0899999999999 2 85 237.23999999999995 20399.059999999987 853.7799999999997 2.4500560760498047 3
1 -1 8 245.42 115.3 -2 2639.1100000000006 11 91 216.1699999999999 27611.789999999994 763.8099999999997 2.242033004760742 3
random:3T:900
0 -1 0 447.73 80.14 -2 664.72 2 85 268.81 39386.41000000001 886.57 0.8238329887390137 3
1 -1 0 485.92 0 -3 6147.9400000000005 11 91 323.84 56514.72000000001 971.52 0.9664850234985352 3
0 -1 1 384.99 310.93000000000006 -3 678.12 2 85 328.64 34080.399999999994 1296.85 15.245248079299927 3
1 -1 1 400.25 305.7100000000003 -2 3819.08 11 91 341.35 44060.86999999999 1329.7600000000004 16.574132919311523 3
0 -1 2 377.27 285.2500000000001 -2 650.45 2 85 316.81 33369.07999999999 1235.6800000000003 15.066134691238403 3
1 -1 2 387.69 281.27000000000027 -2 3605.4500000000007 11 91 292.97 42490.95999999999 1160.1800000000003 15.655253887176514 3
0 -1 3 411.63 182.35999999999999 -1 409.1 2 85 182.35999999999999 35806.54000000002 803.24 0.015573978424072266 3
1 -1 3 403.76 178.18 -1 2054.9 11 91 178.18 40852.209999999985 797.46 0.011524200439453125 3
0 -1 4 385.31 307.06000000000034 -3 678.1300000000001 2 85 328.65000000000003 34107.27 1293.0100000000004 16.080557823181152 3
1 -1 4 400.25 305.7100000000003 -2 3819.08 11 91 341.35 44060.86999999999 1329.7600000000004 15.647566795349121 3
0 -1 5 345.64 245.63 -1 616.3299999999999 2 85 298.5 30612.02 1141.13 12.745827674865723 3
1 -1 5 303.83 204.6 -1 2706.88 11 91 224.79000000000002 33062.46000000002 878.9700000000001 9.583261966705322 3
0 -1 6 391.67 292.0 -2 661.62 2 85 328.49 34615.249999999985 1277.47 13.393654108047485 3
1 -1 6 416.06 330.01 -2 3838.63 11 91 345.63 45538.66 1366.8999999999999 12.569181203842163 3
0 -1 7 373.77 187.83 -3 950.5 2 85 470.64000000000004 33671.71 1599.75 2.679995059967041 3
1 -1 7 409.24 182.44 -2 5175.310000000001 11 91 465.88999999999993 47591.33 1580.11 2.8615880012512207 3
0 -1 8 345.69 213.24 -2 982.42 2 85 485.78 31348.500000000004 1670.58 2.4073102474212646 3
1 -1 8 382.87 198.56 -2 5237.29 11 91 469.66999999999996 45315.36000000001 1607.5699999999997 2.6771199703216553 3
random:3T:1200
0 -1 0 640.7 179.27 -2 1049.96 2 85 481.1 56559.119999999995 1622.5700000000002 1.004931926727295 3
1 -1 0 686.77 189.28 -1 8466.33 11 91 470.22999999999996 79428.65999999999 1599.9699999999998 1.0961809158325195 3
0 -1 1 503.75 397.23 -1 988.42 2 85 483.78999999999996 44795.429999999986 1848.6 6.3239359855651855 3
1 -1 1 545.66 421.96000000000004 -1 5497.83 11 91 490.35 60650.29999999999 1893.0100000000002 7.733377933502197 3
0 -1 2 510.45 414.19 -1 963.47 2 85 475.08 45315.05 1839.43 16.29332399368286 3
1 -1 2 531.8 414.03 -2 5283.2300000000005 11 91 450.21000000000004 58960.27000000001 1764.66 14.73358678817749 3
0 -1 3 599.76 308.57 -1 661.99 2 85 308.57 52303.360000000015 1374.6200000000001 0.015130996704101562 3
1 -1 3 585.27 267.11 -1 3491.5299999999997 11 91 267.11 60243.03000000001 1255.24 0.012078046798706055 3
0 -1 4 504.35 397.24 -1 993.6500000000001 2 85 487.13000000000005 44856.81 1858.63 6.350035905838013 3
1 -1 4 544.74 414.96000000000004 -1 5497.869999999999 11 91 490.37 60567.07999999996 1886.0700000000002 7.761404037475586 3
0 -1 5 481.28 382.25 -2 901.44 2 85 447.38 42711.70999999998 1724.3899999999999 14.864519119262695 3
1 -1 5 436.52 310.24 -2 3902.8900000000003 11 91 332.65 47529.24999999998 1308.19 10.981531143188477 3
0 -1 6 529.33 423.23 -1 984.06 2 85 484.25 46961.26999999998 1875.98 16.424025774002075 3
1 -1 6 564.64 430.69 -1 5363.539999999999 11 91 443.26 62109.439999999966 1760.47 16.08310890197754 3
0 -1 7 460.19 248.46 -2 1434.8400000000001 2 85 715.5 41985.560000000005 2394.96 3.0966219902038574 3
1 -1 7 531.55 236.95000000000002 -1 7813.88 11 91 708.22 63998.49999999999 2361.6099999999997 3.447244167327881 3
0 -1 8 424.73 252.28 -2 1481.61 2 85 736.5899999999999 39065.02 2462.0499999999997 2.7536370754241943 3
1 -1 8 493.98 244.23 -2 7839.969999999998 11 91 706.5799999999999 60632.30999999998 2363.97 3.190478801727295 3
random:3T:1500
0 -1 0 837.96 233.65 -2 1351.63 2 85 617.84 73929.56 2087.17 1.2222988605499268 3
1 -1 0 867.32 329.35 -1 11037.939999999999 11 91 641.56 101001.80999999998 2254.0299999999997 1.4182510375976562 3
0 -1 1 618.4 450.04999999999995 -1 1224.89 2 85 608.19 55013.70999999999 2274.62 9.718698978424072 3
1 -1 1 651.2 456.96000000000004 -1 6347.15 11 91 532.6 71953.67999999998 2054.76 9.406746864318848 3
0 -1 2 625.96 448.37 -1 1233.68 2 85 616.22 55674.06 2297.03 18.068837881088257 3
1 -1 2 662.91 547.34 -4 6601.87 11 91 562.47 73528.73999999996 2234.75 16.928143739700317 3
0 -1 3 776.9 371.6 -1 780.0699999999999 2 85 371.6 67596.57999999997 1820.0700000000002 0.0205230712890625 3
1 -1 3 746.96 363.76 -1 4124.400000000001 11 91 363.76 76222.03999999996 1793.8600000000001 0.015597105026245117 3
0 -1 4 630.05 454.72999999999996 -1 1268.4499999999998 2 85 631.56 56091.21999999998 2349.41 10.68179178237915 3
1 -1 4 649.4 458.41 -2 6303.769999999999 11 91 532.6 71702.81999999996 2056.21 9.225073099136353 3
0 -1 5 603.17 497.26000000000005 -2 1038.08 2 85 516.52 53345.95999999997 2046.82 16.224839210510254 3
1 -1 5 569.17 428.54999999999995 -4 5567.1900000000005 11 91 494.93000000000006 62928.41 1913.3400000000001 13.495205163955688 3
0 -1 6 638.12 466.24 -2 1217.49 2 85 600.26 56675.289999999986 2267.02 19.391881942749023 3
1 -1 6 671.89 461.76 -1 6859.9800000000005 11 91 581.0799999999999 74862.35000000003 2205.0 17.757200002670288 3
0 -1 7 541.98 334.15000000000003 -2 1792.25 2 85 892.24 49652.480000000025 3010.8700000000003 3.3248720169067383 3
1 -1 7 635.35 336.6 -4 10082.27 11 91 902.69 77981.59000000005 3044.67 4.073101997375488 3
0 -1 8 520.72 315.02 -2 1821.7999999999997 2 85 907.0699999999999 47904.880000000005 3036.23 3.3576948642730713 3
1 -1 8 600.8 286.69 -2 9636.22 11 91 857.74 73945.01999999997 2859.9100000000003 3.9263558387756348 3
random:4T:300
0 -1 0 88.83 0 -24 131.8 1 86 131.8 7902.679999999997 395.40000000000003 0.24894404411315918 4
1 -1 0 109.49 0 -16 1420.44 10 88 59.87 12476.129999999997 179.60999999999999 0.29398608207702637 4
0 -1 1 82.11 0 -16 36.91 1 86 36.91 7135.469999999998 110.72999999999999 0.2868967056274414 4
1 -1 1 99.79 0.0 -11 1187.2400000000002 10 88 44.37 11156.399999999994 133.10999999999999 0.20256400108337402 4
0 -1 2 73.8 0 -18 0.0 1 86 0.0 6346.559999999999 0.0 5.173979997634888 4
1 -1 2 89.46 0 -11 862.48 10 88 75.43 9597.16 226.29000000000002 4.433578968048096 4
0 -1 3 74.26 0.0 -15 0.0 1 86 0.0 6386.630000000001 0.0 0.010009765625 4
1 -1 3 73.45 0.0 -21 0.0 10 88 0.0 6463.179999999997 0.0 0.011178970336914062 4
0 -1 4 82.11 0 -16 36.91 1 86 36.91 7135.469999999998 110.72999999999999 0.2541041374206543 4
1 -1 4 99.79 0.0 -11 1187.2400000000002 10 88 44.37 11156.399999999994 133.10999999999999 0.22252488136291504 4
0 -1 5 58.43 0 -30 0.0 1 86 0.0 5025.129999999998 0.0 2.7620887756347656 4
1 -1 5 65.27 0 -26 682.66 10 88 0.0 7109.000000000003 0.0 2.5870189666748047 4
0 -1 6 88.02 0 -24 131.8 1 86 131.8 7833.389999999995 395.40000000000003 5.444567918777466 4
1 -1 6 107.86 0 -14 1238.82 10 88 59.87 11969.330000000002 179.60999999999999 5.427951097488403 4
0 -1 7 88.02 0 -24 131.8 1 86 131.8 7833.389999999995 395.40000000000003 1.275238037109375 4
1 -1 7 107.86 0 -14 1238.82 10 88 59.87 11969.330000000002 179.60999999999999 1.1954631805419922 4
0 -1 8 73.8 0 -18 0.0 1 86 0.0 6346.559999999999 0.0 1.2674970626831055 4
1 -1 8 89.46 0 -11 862.48 10 88 75.43 9597.16 226.29000000000002 1.069387674331665 4
random:4T:600
0 -1 0 259.8 0 -4 260.59 1 86 260.59 22864.34999999999 781.77 0.5676369667053223 4
1 -1 0 302.32 0 -4 3527.46 10 88 272.49 33659.249999999985 817.47 0.5437979698181152 4
0 -1 1 238.4 101.9300000000001 -2 163.36 1 86 163.36 20829.300000000007 592.0100000000001 10.580188035964966 4
1 -1 1 244.61 135.89000000000019 -2 1815.4399999999998 10 88 165.02 25156.410000000007 630.9500000000003 10.17241907119751 4
0 -1 2 217.63 85.90000000000005 -2 138.08 1 86 138.08 18992.42999999999 500.14000000000004 14.703183650970459 4
1 -1 2 233.94 157.47000000000006 -1 1743.2400000000002 10 88 171.92 24073.5 673.23 9.315066814422607 4
0 -1 3 239.75 0.0 -1 108.19 1 86 108.19 20834.680000000008 324.57 0.01402902603149414 4
1 -1 3 255.7 20.32 -1 1399.6200000000001 10 88 132.86 25300.73999999999 418.90000000000003 0.008939981460571289 4
0 -1 4 238.4 101.9300000000001 -2 163.36 1 86 163.36 20829.300000000007 592.0100000000001 10.533437967300415 4
1 -1 4 244.61 135.89000000000019 -2 1815.4399999999998 10 88 165.02 25156.410000000007 630.9500000000003 10.466127872467041 4
0 -1 5 165.44 0 -2 148.32 1 86 148.32 14524.530000000002 444.96 7.916408061981201 4
1 -1 5 185.83 15.56 -1 1687.7800000000002 10 88 147.42 19729.009999999987 457.82 7.059732913970947 4
0 -1 6 246.88 106.52999999999996 -1 184.45 1 86 184.45 21600.149999999998 659.8799999999999 12.056325197219849 4
1 -1 6 269.26 168.97 -1 1829.2999999999997 10 88 169.65 27353.780000000006 677.9200000000001 9.25139594078064 4
0 -1 7 247.19 95.53 -3 266.2199999999998 1 86 266.2199999999998 21790.989999999998 894.1899999999994 3.33522891998291 4
1 -1 7 284.94 152.29 -1 2698.26 10 88 267.08 30471.129999999997 953.53 2.2143561840057373 4
0 -1 8 218.31 76.82 -2 188.22999999999985 1 86 188.22999999999985 19150.72999999999 641.5099999999995 3.0075159072875977 4
1 -1 8 250.66 127.23 -1 2722.44 10 88 270.15999999999997 27502.799999999996 937.7099999999999 1.8920681476593018 4
random:4T:900
0 -1 0 458.84 137.77 -1 454.85 1 86 454.85 40370.35999999999 1502.3200000000002 0.7896151542663574 4
1 -1 0 492.68 0 -1 5640.839999999999 10 88 485.75 54637.40000000002 1457.25 0.7627041339874268 4
0 -1 1 371.9 264.62 -2 306.64 1 86 306.64 32596.289999999997 1184.54 10.791093111038208 4
1 -1 1 401.44 300.8200000000002 -2 3397.6400000000003 10 88 301.45 42121.83999999997 1205.17 14.516302108764648 4
0 -1 2 339.42 236.84 -4 286.48 1 86 286.48 29763.390000000007 1096.28 11.733947992324829 4
1 -1 2 392.46 288.0200000000002 -1 3251.44 10 88 316.90999999999997 41039.33000000002 1238.75 16.374205112457275 4
0 -1 3 417.19 179.21 -1 179.21 1 86 179.21 36237.14 789.21 0.01073002815246582 4
1 -1 3 408.54 184.67999999999998 -2 1862.6599999999999 10 88 184.67999999999998 39677.170000000006 828.26 0.010390996932983398 4
0 -1 4 372.35 260.09000000000003 -2 306.64 1 86 306.64 32635.260000000002 1180.01 10.335239887237549 4
1 -1 4 399.9 301.17999999999995 -2 3414.3999999999996 10 88 309.83000000000004 42020.41000000001 1230.67 13.56481409072876 4
0 -1 5 300.91 211.44 -2 288.64 1 86 288.64 26455.439999999995 1077.36 10.129467964172363 4
1 -1 5 330.53 223.73 -2 3059.3399999999997 10 88 298.08000000000004 35205.04999999998 1117.97 8.459086179733276 4
0 -1 6 395.28 301.71 -1 344.37 1 86 344.37 34682.78 1334.8200000000002 13.729444026947021 4
1 -1 6 446.71 351.71000000000004 -2 3850.2200000000003 10 88 351.71000000000004 47010.86000000001 1413.0100000000002 13.091205835342407 4
0 -1 7 364.19 187.72 -3 562.3600000000013 1 86 562.3600000000013 32445.37999999999 1874.8000000000038 6.844988822937012 4
1 -1 7 440.33 247.17 -4 5321.619999999999 10 88 530.2199999999999 49392.24000000001 1837.83 3.136854887008667 4
0 -1 8 328.86 177.46 -2 486.230000000001 1 86 486.230000000001 29254.08 1636.150000000003 7.08634614944458 4
1 -1 8 390.56 205.1 -1 5360.0 10 88 534.87 45089.28000000001 1809.71 2.975173234939575 4
random:4T:1200
0 -1 0 660.15 339.86 -1 661.76 1 86 661.76 58096.049999999996 2325.14 1.0895578861236572 4
1 -1 0 684.93 0 -1 7790.1 10 88 695.06 75853.70999999999 2085.18 0.9961590766906738 4
0 -1 1 486.31 407.12 -1 455.39 1 86 455.39 42733.21999999997 1773.29 13.33067274093628 4
1 -1 1 543.68 413.0 -1 4929.92 10 88 451.87 57703.96999999995 1768.6100000000001 8.678298234939575 4
0 -1 2 477.94 365.05000000000064 -2 420.71000000000004 1 86 420.71000000000004 41944.420000000006 1627.1800000000007 19.949909210205078 4
1 -1 2 541.06 399.41 -1 4843.74 10 88 477.0 57300.41000000001 1830.41 15.188216209411621 4
0 -1 3 602.54 290.94000000000005 -1 290.94000000000005 1 86 290.94000000000005 52400.59000000001 1318.3300000000002 0.012138843536376953 4
1 -1 3 596.59 313.44 -2 3216.5200000000004 10 88 313.44 58932.57999999999 1402.6 0.009737253189086914 4
0 -1 4 491.65 400.75 -1 458.73 1 86 458.73 43199.53999999999 1776.94 15.354427099227905 4
1 -1 4 541.18 399.74 -1 4925.080000000001 10 88 450.37 57473.760000000046 1750.8500000000001 8.512221097946167 4
0 -1 5 432.03 324.81000000000006 -4 350.23 1 86 350.23 37854.920000000006 1375.5 13.710981845855713 4
1 -1 5 457.71 345.58000000000004 -4 3686.54 10 88 363.58 47651.369999999995 1436.3200000000002 10.630892992019653 4
0 -1 6 535.49 432.83 -1 493.83 1 86 493.83 47039.400000000016 1914.32 17.004411935806274 4
1 -1 6 609.28 441.7 -2 5643.360000000001 10 88 540.36 64903.729999999996 2062.7799999999997 17.236020803451538 4
0 -1 7 457.17 275.23999999999995 -4 823.7500000000014 1 86 823.7500000000014 40964.01000000003 2746.490000000004 8.006955862045288 4
1 -1 7 563.29 270.89 -4 7944.4400000000005 10 88 792.0000000000001 65457.99 2646.8900000000003 4.139164209365845 4
0 -1 8 404.3 256.02 -2 767.5100000000017 1 86 767.5100000000017 36305.23000000002 2558.550000000005 9.234524250030518 4
1 -1 8 505.58 257.63 -2 7858.020000000001 10 88 772.4000000000001 60206.95999999999 2574.8300000000004 3.771937131881714 4
random:4T:1500
0 -1 0 856.03 524.83 -1 852.96 1 86 852.96 75324.66 3083.71 1.3555479049682617 4
1 -1 0 864.53 43.11 -1 10085.46 10 88 922.67 96249.76999999997 2811.12 1.3706228733062744 4
0 -1 1 601.36 456.0 -2 563.54 1 86 563.54 52843.87000000003 2146.62 13.30907917022705 4
1 -1 1 669.42 454.78999999999996 -1 6274.819999999999 10 88 595.28 71458.85 2240.63 9.298995018005371 4
0 -1 2 596.45 464.58 -1 506.69000000000005 1 86 506.69000000000005 52308.30999999999 1984.65 16.88289785385132 4
1 -1 2 689.34 520.51 -1 6391.84 10 88 630.14 73445.47999999997 2410.9300000000003 17.05991506576538 4
0 -1 3 783.36 367.91 -1 367.91 1 86 367.91 68104.92000000001 1803.06 0.018304824829101562 4
1 -1 3 754.83 373.3299999999999 -2 3751.68 10 88 373.3299999999999 73928.09999999998 1839.6999999999998 0.02118396759033203 4
0 -1 4 596.9 456.0 -2 582.9300000000001 1 86 582.9300000000001 52499.55999999999 2204.79 12.639404058456421 4
1 -1 4 671.96 457.38 -1 6316.099999999999 10 88 584.49 71764.58 2210.85 10.045961856842041 4
0 -1 5 548.48 422.64000000000004 -1 511.98 1 86 511.98 48193.33 1958.5800000000002 15.232404232025146 4
1 -1 5 593.17 439.78 -4 5242.14 10 88 506.17 62682.96000000003 1958.29 12.220099210739136 4
0 -1 6 649.14 481.03 -2 629.3 1 86 629.3 57084.87999999998 2368.93 20.536173820495605 4
1 -1 6 716.26 554.1600000000001 -1 6734.64 10 88 623.3399999999999 76500.24000000005 2424.18 18.6300048828125 4
0 -1 7 537.82 398.36 -2 1103.600000000003 1 86 1103.600000000003 48459.45999999999 3709.1600000000094 11.282343864440918 4
1 -1 7 684.45 417.7 -4 10442.119999999999 10 88 1042.94 81115.42000000001 3546.52 4.722954034805298 4
0 -1 8 501.25 312.2 -2 927.3800000000018 1 86 927.3800000000018 44962.33000000001 3094.340000000005 9.720332860946655 4
1 -1 8 618.59 316.90000000000003 -2 9208.060000000001 10 88 897.9400000000002 72852.39000000001 3010.7200000000007 4.3192219734191895 4
random:5T:300
0 -1 0 88.9 0 -24 554.29 4 91 130.11 9198.420000000002 390.33000000000004 0.26671290397644043 5
1 -1 0 82.93 0 -17 1400.86 12 88 82.84 10099.250000000004 248.52 0.23660802841186523 5
0 -1 1 77.97 0 -17 390.9 4 91 58.86 7876.9 176.57999999999998 0.27312397956848145 5
1 -1 1 88.24 0 -15 1363.05 12 88 73.27 10491.490000000002 219.81 0.19405603408813477 5
0 -1 2 70.72 0 -18 276.67999999999995 4 91 17.59 6988.930000000001 52.769999999999996 5.283775091171265 5
1 -1 2 84.61 0 -14 1075.25 12 88 53.82 9596.189999999997 161.46 4.0200841426849365 5
0 -1 3 67.18 0.0 -20 0.0 4 91 0.0 6113.760000000001 0.0 0.012014150619506836 5
1 -1 3 62.23 0.0 -20 6.94 12 88 0.0 5490.1600000000035 0.0 0.01066899299621582 5
0 -1 4 77.97 0 -17 390.9 4 91 58.86 7876.9 176.57999999999998 0.2829010486602783 5
1 -1 4 88.24 0 -15 1363.05 12 88 73.27 10491.490000000002 219.81 0.22300291061401367 5
0 -1 5 57.57 0 -32 85.34 4 91 0.0 5409.6100000000015 0.0 3.030327081680298 5
1 -1 5 59.34 0 -29 568.24 12 88 0.0 6358.710000000003 0.0 2.275254964828491 5
0 -1 6 88.9 0 -24 554.29 4 91 130.11 9198.420000000002 390.33000000000004 7.094763994216919 5
1 -1 6 82.88 0 -15 1282.58 12 88 82.84 9858.289999999997 248.52 4.327138900756836 5
0 -1 7 88.9 0 -24 554.29 4 91 130.11 9198.420000000002 390.33000000000004 1.6197431087493896 5
1 -1 7 82.88 0 -15 1282.58 12 88 82.84 9858.289999999997 248.52 1.0362532138824463 5
0 -1 8 70.72 0 -18 276.67999999999995 4 91 17.59 6988.930000000001 52.769999999999996 1.2360498905181885 5
1 -1 8 84.61 0 -14 1075.25 12 88 53.82 9596.189999999997 161.46 0.9755618572235107 5
random:5T:600
0 -1 0 264.22 0 -4 1192.6399999999999 4 91 283.01 26429.690000000006 849.03 0.6232051849365234 5
1 -1 0 258.82 0 -7 3950.49 12 88 233.94 30677.479999999992 701.8199999999999 0.5364129543304443 5
0 -1 1 235.08 135.7 -1 707.51 4 91 168.24 22806.959999999992 640.4200000000001 10.42083477973938 5
1 -1 1 240.61 161.37999999999997 -1 2164.82 12 88 171.44 25503.550000000007 675.6999999999999 7.297386884689331 5
0 -1 2 217.97 113.72000000000001 -1 682.11 4 91 159.06 21199.770000000015 590.9 14.426189184188843 5
1 -1 2 229.44 143.12999999999997 -2 2100.8600000000006 12 88 167.12 24392.229999999996 644.49 10.847469806671143 5
0 -1 3 230.66 0.0 -2 477.83 4 91 93.24 21945.9 279.71999999999997 0.010777950286865234 5
1 -1 3 244.55 10.01 -1 1534.77 12 88 10.01 24589.980000000003 46.66 0.013816118240356445 5
0 -1 4 235.08 135.7 -1 707.51 4 91 168.24 22806.959999999992 640.4200000000001 10.975041627883911 5
1 -1 4 240.61 161.37999999999997 -1 2164.82 12 88 171.44 25503.550000000007 675.6999999999999 7.595908880233765 5
0 -1 5 182.12 0 -3 585.4200000000001 4 91 106.39 17743.739999999994 319.17 9.652683019638062 5
1 -1 5 191.78 5.53 -1 1910.33 12 88 77.69 20696.98000000001 238.6 7.203356027603149 5
0 -1 6 248.72 95.83 -1 743.84 4 91 184.08 24121.52000000002 648.07 13.777237176895142 5
1 -1 6 234.77 135.32 -1 2146.93 12 88 173.57 24953.21000000001 656.03 8.449201822280884 5
0 -1 7 250.31 68.2 -1 848.44 4 91 192.33 24475.47000000002 645.19 2.917017936706543 5
1 -1 7 249.02 88.66 -2 2943.1499999999996 12 88 242.59 27800.059999999998 816.43 1.996755838394165 5
0 -1 8 220.81 93.71 -1 857.54 4 91 211.41999999999993 21808.970000000016 727.9699999999998 2.7166881561279297 5
1 -1 8 244.4 120.02 -2 2900.3199999999997 12 88 236.72 27308.230000000007 830.18 1.90034818649292 5
random:5T:900
0 -1 0 460.35 146.33 -1 2010.5499999999997 4 91 461.64 45912.729999999996 1531.25 0.9512991905212402 5
1 -1 0 448.61 0 -1 6003.979999999999 12 88 348.53000000000003 51485.31000000001 1045.5900000000001 0.7823159694671631 5
0 -1 1 386.88 312.92 -4 1337.09 4 91 319.92999999999995 37880.66000000001 1272.7099999999998 6.51005482673645 5
1 -1 1 414.2 330.23 -1 4155.83 12 88 333.34999999999997 44761.55999999994 1330.28 4.474167108535767 5
0 -1 2 370.01 295.02 -4 1303.23 4 91 309.42999999999995 36277.009999999995 1223.31 15.283377170562744 5
1 -1 2 396.98 281.91000000000025 -2 3966.37 12 88 311.03 42866.929999999986 1215.0000000000002 15.210142135620117 5
0 -1 3 404.72 175.88000000000002 -1 726.82 4 91 175.88000000000002 38282.82 770.97 0.015882253646850586 5
1 -1 3 393.64 157.38 -1 2203.01 12 88 157.38 39046.16000000001 743.62 0.016129016876220703 5
0 -1 4 385.81 312.82 -4 1337.09 4 91 319.92999999999995 37782.83 1272.61 5.969175100326538 5
1 -1 4 413.45 330.23 -1 4155.379999999999 12 88 331.59999999999997 44694.34 1325.03 5.006700038909912 5
0 -1 5 318.61 216.18 -2 1163.1599999999999 4 91 269.52 31320.189999999973 1024.74 14.317003011703491 5
1 -1 5 327.4 217.03 -2 3232.6000000000004 12 88 247.25 35276.06000000001 958.78 9.535166025161743 5
0 -1 6 398.87 314.24 -2 1349.21 4 91 334.54 38995.580000000016 1317.8600000000001 18.40056085586548 5
1 -1 6 406.16 313.83000000000004 -2 4031.2700000000004 12 88 331.13 43804.79000000002 1307.22 12.028170108795166 5
0 -1 7 399.78 192.81 -1 1930.9999999999998 4 91 479.48 40241.71000000001 1631.25 3.9976370334625244 5
1 -1 7 406.88 178.01 -2 5937.5 12 88 492.03 47680.24000000001 1654.1 2.9555630683898926 5
0 -1 8 348.32 186.72 -1 1893.7600000000004 4 91 472.61000000000007 35484.42999999998 1604.5500000000002 3.4275760650634766 5
1 -1 8 397.25 201.15 -2 5903.02 12 88 489.58000000000004 46763.89000000001 1669.8900000000003 2.868468999862671 5
random:5T:1200
0 -1 0 657.78 305.79 -1 2816.0499999999997 4 91 636.02 65489.919999999984 2213.85 1.2722899913787842 5
1 -1 0 650.85 0 -1 8630.320000000002 12 88 517.6700000000001 74535.57000000002 1553.0100000000002 1.0775980949401855 5
0 -1 1 519.08 400.28 -1 1936.8999999999999 4 91 465.18999999999994 51109.940000000046 1795.8499999999997 9.09253716468811 5
1 -1 1 565.96 403.6 -1 5798.849999999999 12 88 462.5899999999999 61401.789999999964 1791.37 8.505390167236328 5
0 -1 2 506.99 416.44 -1 1921.8200000000002 4 91 463.51 49979.85999999997 1806.97 19.874791860580444 5
1 -1 2 548.0 407.85 -1 5820.039999999999 12 88 470.21 59864.24 1818.48 13.146074056625366 5
0 -1 3 585.88 270.23 -1 1199.39 4 91 270.23 55713.96000000001 1250.0900000000001 0.012370824813842773 5
1 -1 3 581.68 190.14000000000001 -1 3739.1400000000003 12 88 190.14000000000001 58666.19999999998 1030.67 0.012842893600463867 5
0 -1 4 512.42 398.61 -1 1937.28 4 91 465.3299999999999 50504.91000000003 1794.6 7.916015863418579 5
1 -1 4 557.84 402.61 -1 5788.67 12 88 461.66999999999996 60667.529999999984 1787.62 7.606186866760254 5
0 -1 5 458.02 356.98 -4 1531.68 4 91 364.98 44743.31000000002 1451.92 14.58982801437378 5
1 -1 5 473.91 352.25 -1 4380.49 12 88 352.25 50465.130000000005 1412.3600000000001 10.145044803619385 5
0 -1 6 525.21 420.76 -1 1945.03 4 91 483.49 51684.240000000005 1871.23 17.981794834136963 5
1 -1 6 564.43 428.27 -1 5937.199999999999 12 88 483.80999999999995 61544.119999999966 1879.6999999999998 14.021107912063599 5
0 -1 7 512.91 241.94 -2 2943.6099999999997 4 91 731.2799999999999 52562.34999999998 2435.7799999999997 4.158969879150391 5
1 -1 7 538.03 252.3 -2 8807.08 12 88 732.2299999999999 64960.390000000014 2448.99 3.0413498878479004 5
0 -1 8 439.72 255.24 -2 2926.3500000000004 4 91 727.6100000000001 45867.579999999994 2438.0700000000006 3.4022090435028076 5
1 -1 8 521.99 245.65 -2 8791.62 12 88 727.01 63518.57999999998 2426.68 2.8500399589538574 5
random:5T:1500
0 -1 0 846.06 402.79999999999995 -1 3640.9 4 91 865.42 84272.83999999998 2999.0599999999995 1.2447521686553955 5
1 -1 0 832.39 0 -1 11537.660000000003 12 88 700.8500000000001 96325.79 2102.55 1.0753791332244873 5
0 -1 1 628.03 445.07 -1 2379.2400000000002 4 91 591.2800000000001 61909.03000000002 2218.9100000000003 8.630343198776245 5
1 -1 1 715.61 482.23 -1 7721.470000000001 12 88 625.02 78416.45000000001 2357.29 8.435272932052612 5
0 -1 2 636.36 453.94 -1 2440.59 4 91 604.58 62790.09000000001 2267.6800000000003 18.06320810317993 5
1 -1 2 675.47 538.5999999999999 -2 7227.349999999999 12 88 584.12 73896.41999999997 2290.96 12.997729063034058 5
0 -1 3 765.28 363.59000000000003 -1 1480.67 4 91 363.59000000000003 72601.68000000002 1779.7799999999997 0.015588045120239258 5
1 -1 3 734.92 343.13 -1 4468.79 12 88 343.13 73610.72000000004 1747.71 0.013708114624023438 5
0 -1 4 598.8 444.17 -1 2046.23 4 91 496.06000000000006 58583.54999999997 1932.3500000000004 8.097530126571655 5
1 -1 4 695.35 464.15 -1 7689.99 12 88 624.5499999999998 76570.44000000006 2337.7999999999997 9.753124713897705 5
0 -1 5 583.27 410.46000000000004 -1 2033.59 4 91 476.6 57144.94999999998 1840.2600000000002 17.918784856796265 5
1 -1 5 621.52 475.4100000000002 -2 6260.499999999999 12 88 512.03 67214.75999999997 2011.5 12.549700260162354 5
0 -1 6 664.26 512.29 -2 2579.9700000000003 4 91 643.72 65607.68 2443.45 22.510424852371216 5
1 -1 6 690.57 465.27000000000004 -1 7461.450000000001 12 88 618.3 75693.43000000002 2320.17 15.050066947937012 5
0 -1 7 613.69 373.31 -2 3874.06 4 91 965.9599999999999 63594.05000000001 3271.1899999999996 4.873666048049927 5
1 -1 7 668.53 352.44000000000005 -2 10962.570000000002 12 88 903.5000000000001 80755.62000000001 3062.9400000000005 4.134919881820679 5
0 -1 8 545.12 327.13 -2 3639.4799999999996 4 91 907.28 56884.730000000025 3048.9700000000003 4.869048118591309 5
1 -1 8 638.82 287.19 -2 10551.169999999998 12 88 860.9799999999999 77318.06 2870.1299999999997 4.200865983963013 5
random:6T:300
0 -1 0 93.65 0 -23 1874.3900000000003 13 96 117.21 12739.640000000003 351.63 0.2079181671142578 6
1 -1 0 86.54 0 -26 48.77 1 81 48.77 7107.3399999999965 146.31 0.209000825881958 6
0 -1 1 90.35 0 -18 1490.0 13 96 0.0 11653.630000000005 0.0 0.20252180099487305 6
1 -1 1 87.01 0 -12 56.2 1 81 56.2 7160.469999999995 168.60000000000002 0.22326993942260742 6
0 -1 2 82.25 0 -16 1228.7199999999998 13 96 16.24 10353.37 48.72 3.9814488887786865 6
1 -1 2 81.16 0 -12 79.99 1 81 79.99 6733.949999999995 239.96999999999997 3.8881139755249023 6
0 -1 3 66.36 0.0 -26 0.0 13 96 0.0 6370.939999999999 0.0 0.007558107376098633 6
1 -1 3 78.21 0.0 -13 0.0 1 81 0.0 6334.610000000001 0.0 0.010468721389770508 6
0 -1 4 90.35 0 -18 1490.0 13 96 0.0 11653.630000000005 0.0 0.20316481590270996 6
1 -1 4 87.01 0 -12 56.2 1 81 56.2 7160.469999999995 168.60000000000002 0.1972978115081787 6
0 -1 5 65.06 0 -27 833.9700000000001 13 96 0.0 7913.780000000006 0.0 2.6947848796844482 6
1 -1 5 70.41 0.0 -19 0.0 1 81 0.0 5703.41 0.0 2.729679822921753 6
0 -1 6 92.55 0 -24 1658.1799999999998 13 96 117.21 12200.830000000004 351.63 4.6314849853515625 6
1 -1 6 85.57 0 -18 52.39 1 81 52.39 7035.939999999996 157.17000000000002 4.968017101287842 6
0 -1 7 92.55 0 -24 1658.1799999999998 13 96 117.21 12200.830000000004 351.63 1.0890769958496094 6
1 -1 7 85.57 0 -18 52.39 1 81 52.39 7035.939999999996 157.17000000000002 1.1318612098693848 6
0 -1 8 82.25 0 -16 1228.7199999999998 13 96 16.24 10353.37 48.72 0.920727014541626 6
1 -1 8 81.16 0 -12 79.99 1 81 79.99 6733.949999999995 239.96999999999997 0.8993730545043945 6
random:6T:600
0 -1 0 263.09 0 -7 4489.64 13 96 270.33 34235.680000000015 810.99 0.4543931484222412 6
1 -1 0 274.17 0.0 -3 233.04000000000002 1 81 233.04000000000002 22673.46 699.1200000000001 0.423504114151001 6
0 -1 1 236.43 127.87000000000005 -3 2333.96 13 96 140.92 27365.189999999984 550.63 2.3377511501312256 6
1 -1 1 248.92 182.2 -1 239.17000000000002 1 81 239.17000000000002 20640.660000000007 899.71 0.822627067565918 6
0 -1 2 224.0 96.99000000000001 -1 2290.09 13 96 158.76 26083.850000000002 573.27 10.24394702911377 6
1 -1 2 230.94 173.81 -2 174.6 1 81 174.6 19055.330000000005 697.6099999999999 7.035714626312256 6
0 -1 3 239.67 31.13 -1 1675.02 13 96 46.57 26358.119999999988 170.84 0.007811784744262695 6
1 -1 3 258.59 0.0 -1 151.93 1 81 151.93 21249.83 455.79 0.009856939315795898 6
0 -1 4 236.43 127.87000000000005 -3 2333.96 13 96 140.92 27365.189999999984 550.63 2.325705051422119 6
1 -1 4 248.92 182.2 -1 239.17000000000002 1 81 239.17000000000002 20640.660000000007 899.71 0.8429381847381592 6
0 -1 5 193.83 0.0 -1 2194.79 13 96 151.37 22997.520000000008 454.11 6.598527908325195 6
1 -1 5 212.19 98.11999999999998 -1 141.15 1 81 141.15 17469.370000000003 521.57 11.393002986907959 6
0 -1 6 244.31 127.67 -1 2385.59 13 96 181.21 28224.769999999986 671.3 9.403686046600342 6
1 -1 6 254.37 166.70000000000007 -1 166.8 1 81 166.8 20937.33 667.1000000000001 9.86484408378601 6
0 -1 7 258.94 115.47 -4 3272.0299999999993 13 96 235.23000000000002 31402.729999999996 821.1600000000001 2.0105111598968506 6
1 -1 7 253.71 131.7 -4 276.65 1 81 276.65 21103.690000000006 961.6499999999999 2.1567001342773438 6
0 -1 8 227.86 59.48 -1 2518.8100000000004 13 96 182.13 26912.500000000004 605.87 1.6723079681396484 6
1 -1 8 231.75 147.01 -2 303.6899999999999 1 81 303.6899999999999 19379.44000000001 1058.0799999999997 3.1677048206329346 6
random:6T:900
0 -1 0 446.76 0 -3 7100.969999999999 13 96 436.88 57091.34999999998 1310.6399999999999 0.6523778438568115 6
1 -1 0 483.42 192.8 -1 422.62 1 81 422.62 40002.36999999999 1460.66 0.6887979507446289 6
0 -1 1 390.93 277.2500000000001 -3 4436.889999999999 13 96 329.0 46402.88000000004 1264.25 8.454829931259155 6
1 -1 1 413.92 332.73 -1 398.12 1 81 398.12 34324.109999999986 1527.0900000000001 3.952813148498535 6
0 -1 2 383.18 272.64000000000016 -2 4317.36 13 96 308.15 45420.469999999994 1197.0900000000001 12.721644163131714 6
1 -1 2 385.71 311.0900000000001 -2 318.53999999999996 1 81 318.53999999999996 31879.33999999999 1266.71 10.445670127868652 6
0 -1 3 401.04 165.5 -1 2402.6800000000003 13 96 165.5 43304.77000000001 778.72 0.018978118896484375 6
1 -1 3 424.82 188.92 -1 188.92 1 81 188.92 34788.10999999998 815.02 0.011284828186035156 6
0 -1 4 390.93 277.2500000000001 -3 4436.889999999999 13 96 329.0 46402.88000000004 1264.25 8.606450319290161 6
1 -1 4 410.45 332.74 -1 398.3 1 81 398.3 34042.86999999999 1527.64 3.9623610973358154 6
0 -1 5 335.49 219.16 -1 3824.8599999999997 13 96 285.72 39856.729999999996 1076.3200000000002 8.478979110717773 6
1 -1 5 360.26 278.4 -1 279.52 1 81 279.52 29740.5 1116.96 9.801740169525146 6
0 -1 6 412.74 338.37 -1 4486.290000000002 13 96 340.88 48595.44999999998 1361.01 12.316733121871948 6
1 -1 6 420.66 356.02 -1 393.6 1 81 393.6 34861.01000000001 1536.8200000000002 11.577369928359985 6
0 -1 7 416.31 198.65 -4 6071.87 13 96 463.66999999999996 52109.32000000002 1589.6599999999999 2.5101840496063232 6
1 -1 7 373.61 207.56 -4 561.7099999999998 1 81 561.7099999999998 31385.720000000005 1892.6899999999994 3.0841400623321533 6
0 -1 8 378.06 167.47 -1 5625.25 13 96 429.03 47543.95000000002 1454.56 2.167732000350952 6
1 -1 8 337.88 215.95 -2 601.6900000000016 1 81 601.6900000000016 28571.750000000015 2021.020000000005 6.162766218185425 6
random:6T:1200
0 -1 0 626.7 0 -2 9918.499999999998 13 96 498.02 79999.92999999996 1494.06 0.9898560047149658 6
1 -1 0 694.96 331.28 -1 599.99 1 81 599.99 57491.87999999999 2131.25 0.8693540096282959 6
0 -1 1 533.21 393.43 -1 6391.8099999999995 13 96 424.94 63971.499999999985 1668.25 6.629748821258545 6
1 -1 1 536.0 418.29999999999995 -1 541.56 1 81 541.56 44499.15 2042.9799999999998 6.335010766983032 6
0 -1 2 529.75 395.27000000000004 -4 6218.780000000001 13 96 463.49999999999994 63293.61 1785.7699999999998 13.007906675338745 6
1 -1 2 519.11 448.51 -2 478.34 1 81 478.34 43004.53 1883.53 12.888627052307129 6
0 -1 3 598.07 261.72 -1 4278.33 13 96 261.72 65971.50999999998 1282.95 0.013126850128173828 6
1 -1 3 604.51 326.01 -1 326.01 1 81 326.01 49617.02999999997 1421.08 0.009979248046875 6
0 -1 4 532.35 397.87 -1 6391.8099999999995 13 96 424.94 63888.78999999998 1672.69 6.495944976806641 6
1 -1 4 534.88 414.74 -1 541.5600000000001 1 81 541.5600000000001 44408.100000000006 2039.4200000000003 7.056068181991577 6
0 -1 5 465.37 344.74 -2 4711.48 13 96 344.74 54098.77000000002 1379.96 10.44490122795105 6
1 -1 5 490.69 401.56 -4 436.31000000000006 1 81 436.31000000000006 40618.28 1710.4900000000002 10.797604084014893 6
0 -1 6 552.96 411.40000000000003 -1 6499.9800000000005 13 96 494.53 66084.24999999999 1894.99 13.890885829925537 6
1 -1 6 543.61 417.29 -2 533.97 1 81 533.97 45099.970000000016 2019.2 15.235138893127441 6
0 -1 7 550.77 244.28 -4 9127.2 13 96 690.53 71128.11999999992 2315.8700000000003 3.5444653034210205 6
1 -1 7 468.49 272.87 -4 827.7599999999994 1 81 827.7599999999994 39603.38999999996 2756.1499999999983 4.330964088439941 6
0 -1 8 499.04 227.17 -1 8644.610000000002 13 96 661.6400000000001 65196.86999999999 2212.09 3.2221908569335938 6
1 -1 8 423.16 269.31 -2 807.2000000000016 1 81 807.2000000000016 35890.360000000015 2690.910000000005 7.270593881607056 6
random:6T:1500
0 -1 0 786.22 0 -1 12848.1 13 96 648.98 101172.85 1946.94 1.2693469524383545 6
1 -1 0 905.47 407.23 -1 802.86 1 81 802.86 74948.92 2815.81 1.1271610260009766 6
0 -1 1 631.95 441.32 -1 6877.15 13 96 520.51 74421.48 2002.85 7.590651035308838 6
1 -1 1 641.4 458.71 -1 655.49 1 81 655.49 53264.130000000005 2425.18 7.688431978225708 6
0 -1 2 649.27 453.64 -1 7005.900000000001 13 96 520.78 76341.70999999998 2015.98 15.902952194213867 6
1 -1 2 653.74 583.1700000000001 -2 634.29 1 81 634.29 54221.76999999999 2486.04 14.858021974563599 6
0 -1 3 757.95 359.12 -1 5109.09 13 96 359.12 82981.06000000006 1816.43 0.016260147094726562 6
1 -1 3 786.42 377.22999999999996 -1 377.22999999999996 1 81 377.22999999999996 64454.39999999999 1815.1499999999999 0.01365804672241211 6
0 -1 4 634.81 451.52 -1 6859.64 13 96 518.33 74661.23 2006.5100000000002 7.995018005371094 6
1 -1 4 645.49 458.71 -1 656.3500000000001 1 81 656.3500000000001 53597.189999999995 2427.76 8.60185694694519 6
0 -1 5 600.17 440.19 -4 6757.210000000001 13 96 510.68 71130.60000000003 1972.23 13.70790410041809 6
1 -1 5 610.37 533.64 -4 591.6500000000001 1 81 591.6500000000001 50623.34000000003 2308.59 14.099134922027588 6
0 -1 6 679.96 462.86 -2 8155.839999999999 13 96 617.26 81587.64999999997 2314.64 17.58753514289856 6
1 -1 6 657.25 476.90999999999997 -1 612.76 1 81 612.76 54462.68000000001 2315.19 17.47554302215576 6
0 -1 7 662.6 324.40000000000003 -4 11339.81 13 96 858.92 86289.22999999997 2901.16 3.9873757362365723 6
1 -1 7 560.02 413.12 -4 1112.0299999999995 1 81 1112.0299999999995 47585.449999999975 3749.209999999998 5.72953200340271 6
0 -1 8 604.37 278.89 -2 11177.28 13 96 839.2900000000001 80373.74999999991 2796.76 3.361084222793579 6
1 -1 8 534.84 375.51000000000005 -2 1034.300000000003 1 81 1034.300000000003 45390.38000000001 3478.410000000009 8.774908781051636 6
random:7T:300
0 -1 0 92.68 0 -24 1585.28 11 99 113.26 12345.480000000009 339.78000000000003 0.2624351978302002 7
1 -1 0 99.24 0 -18 129.43 1 76 129.43 7801.01 388.29 0.21104812622070312 7
0 -1 1 95.57 0.0 -20 1298.66 11 99 109.2 12058.77 327.6 0.2409360408782959 7
1 -1 1 104.14 0.0 -5 126.24 1 76 126.24 8167.060000000001 378.71999999999997 0.17798185348510742 7
0 -1 2 86.72 0 -17 1315.34 11 99 110.88 11215.67 332.64 5.272329092025757 7
1 -1 2 91.02 0.0 -5 126.24 1 76 126.24 7170.119999999999 378.71999999999997 4.108736991882324 7
0 -1 3 65.3 0.0 -25 0.0 11 99 0.0 6464.900000000006 0.0 0.007458209991455078 7
1 -1 3 82.57 0.0 -12 0.0 1 76 0.0 6275.050000000001 0.0 0.0054662227630615234 7
0 -1 4 95.57 0.0 -20 1298.66 11 99 109.2 12058.77 327.6 0.22531509399414062 7
1 -1 4 104.14 0.0 -5 126.24 1 76 126.24 8167.060000000001 378.71999999999997 0.18672800064086914 7
0 -1 5 65.02 0 -27 781.3899999999999 11 99 23.67 8000.190000000001 71.01 3.5125410556793213 7
1 -1 5 83.41 0 -11 86.53 1 76 86.53 6512.060000000002 259.59000000000003 3.2948520183563232 7
0 -1 6 91.69 0 -27 1350.02 11 99 113.26 11776.94000000001 339.78000000000003 5.536746978759766 7
1 -1 6 99.2 0 -12 129.43 1 76 129.43 7798.069999999997 388.29 4.435373783111572 7
0 -1 7 91.69 0 -27 1350.02 11 99 113.26 11776.94000000001 339.78000000000003 1.331178903579712 7
1 -1 7 99.2 0 -12 129.43 1 76 129.43 7798.069999999997 388.29 1.0384831428527832 7
0 -1 8 86.72 0 -17 1315.34 11 99 110.88 11215.67 332.64 1.1822638511657715 7
1 -1 8 91.02 0.0 -5 126.24 1 76 126.24 7170.119999999999 378.71999999999997 1.0205059051513672 7
random:7T:600
0 -1 0 264.91 0 -4 3894.07 11 99 272.59000000000003 34014.46000000003 817.7700000000001 0.5050408840179443 7
1 -1 0 306.57 0.0 -3 300.03999999999996 1 76 300.03999999999996 23899.289999999997 900.1199999999999 0.4228520393371582 7
0 -1 1 255.86 115.75000000000016 -2 1995.3600000000001 11 99 179.43 29321.009999999977 654.0400000000001 10.225189924240112 7
1 -1 1 286.8 245.27 -1 284.36 1 76 284.36 22365.74999999999 1098.3500000000001 2.9882240295410156 7
0 -1 2 232.75 164.73 -1 1999.0499999999997 11 99 179.8 27039.859999999997 704.1300000000001 10.546541213989258 7
1 -1 2 256.94 200.75 -2 260.06 1 76 260.06 20047.690000000006 980.9300000000001 8.509347677230835 7
0 -1 3 231.69 0.0 -1 1451.1699999999998 11 99 123.55 25839.799999999996 370.65 0.012221813201904297 7
1 -1 3 269.53 62.39 -1 140.37 1 76 140.37 20765.15 483.5 0.010516881942749023 7
0 -1 4 255.86 115.75000000000016 -2 1995.3600000000001 11 99 179.43 29321.009999999977 654.0400000000001 10.207966089248657 7
1 -1 4 286.8 245.27 -1 284.36 1 76 284.36 22365.74999999999 1098.3500000000001 2.665489912033081 7
0 -1 5 202.45 1.13 -1 1880.3800000000003 11 99 160.42000000000002 23803.530000000002 482.39000000000004 8.53513216972351 7
1 -1 5 236.7 168.41000000000005 -1 174.39 1 76 174.39 18338.290000000005 691.58 12.648413896560669 7
0 -1 6 250.27 126.50000000000001 -1 2006.7900000000002 11 99 180.33 28790.31000000001 667.49 11.359620094299316 7
1 -1 6 273.93 181.9 -1 183.92 1 76 183.92 21186.249999999993 733.66 8.089310884475708 7
0 -1 7 263.13 87.58 -2 2837.3999999999996 11 99 255.32999999999998 31724.920000000006 853.57 2.679975986480713 7
1 -1 7 275.44 134.0 -1 332.49 1 76 332.49 21598.179999999997 1131.47 2.225578784942627 7
0 -1 8 252.29 158.97 -1 3164.4599999999996 11 99 286.29999999999995 31306.119999999988 1017.8699999999999 2.411447048187256 7
1 -1 8 243.52 164.09 -1 373.6400000000003 1 76 373.6400000000003 19254.7 1285.010000000001 3.317645788192749 7
random:7T:900
0 -1 0 449.51 0 -1 6336.280000000001 11 99 465.14 57173.93999999999 1395.42 0.7971818447113037 7
1 -1 0 516.32 135.18 -2 509.5 1 76 509.5 40259.240000000005 1663.68 0.6264958381652832 7
0 -1 1 406.23 268.92000000000013 -2 3762.7 11 99 338.42999999999995 47741.73999999999 1284.21 6.196715831756592 7
1 -1 1 420.66 360.06 -1 417.59000000000003 1 76 417.59000000000003 32805.340000000004 1612.83 4.358703136444092 7
0 -1 2 397.11 329.85 -4 3747.080000000001 11 99 334.65 46808.130000000005 1333.8 13.351145029067993 7
1 -1 2 408.91 339.74 -4 391.32 1 76 391.32 31859.550000000025 1513.7 9.599392890930176 7
0 -1 3 395.78 182.61 -2 2029.25 11 99 182.61 43240.94000000001 806.71 0.013196229934692383 7
1 -1 3 447.39 190.14 -1 190.14 1 76 190.14 34381.799999999996 875.8 0.01359105110168457 7
0 -1 4 406.23 268.92000000000013 -2 3762.7 11 99 338.42999999999995 47741.73999999999 1284.21 6.26350212097168 7
1 -1 4 423.51 362.21 -1 417.59000000000003 1 76 417.59000000000003 33021.84000000001 1614.98 5.245484113693237 7
0 -1 5 347.15 244.54 -1 3334.1600000000003 11 99 299.41 41036.569999999985 1142.77 11.953711986541748 7
1 -1 5 390.86 328.46000000000004 -1 366.19 1 76 366.19 30438.01999999999 1427.03 10.43819284439087 7
0 -1 6 411.39 324.63 -1 3749.98 11 99 340.08000000000004 48227.280000000006 1344.8700000000001 16.69104790687561 7
1 -1 6 426.51 346.1 -1 429.78 1 76 429.78 33274.2 1635.44 10.563261032104492 7
0 -1 7 419.83 175.38 -1 5744.170000000001 11 99 518.75 53051.59000000002 1731.63 3.5844130516052246 7
1 -1 7 394.63 231.55 -2 627.500000000001 1 76 627.500000000001 31246.770000000008 2114.0500000000034 4.146237134933472 7
0 -1 8 400.3 222.51 -1 6084.72 11 99 552.08 51799.02 1878.7500000000002 3.866131067276001 7
1 -1 8 344.3 225.32 -1 671.6400000000021 1 76 671.6400000000021 27509.750000000025 2240.2400000000066 6.389210939407349 7
random:7T:1200
0 -1 0 604.12 0 -1 9171.279999999999 11 99 711.0 78150.81 2133.0 1.0764050483703613 7
1 -1 0 717.31 209.46 -1 702.9000000000001 1 76 702.9000000000001 55921.13000000001 2318.1600000000003 0.8246862888336182 7
0 -1 1 527.76 395.44 -1 5491.710000000001 11 99 495.84000000000003 63231.820000000036 1882.96 5.796217203140259 7
1 -1 1 535.64 427.25 -1 567.85 1 76 567.85 41844.69999999998 2130.8 5.862964868545532 7
0 -1 2 533.3 408.83000000000004 -1 5438.049999999999 11 99 481.66999999999996 63672.89000000001 1853.8399999999997 16.320746898651123 7
1 -1 2 548.52 421.41 -1 513.2800000000001 1 76 513.2800000000001 42714.01000000003 1961.2500000000002 11.562160968780518 7
0 -1 3 583.64 314.88 -2 3553.46 11 99 314.88 64887.68999999996 1397.71 0.01499485969543457 7
1 -1 3 655.1 342.13 -1 342.13 1 76 342.13 50471.570000000014 1561.02 0.010970830917358398 7
0 -1 4 527.94 411.78000000000003 -1 5491.710000000001 11 99 495.84000000000003 63249.85000000001 1899.3 6.199469089508057 7
1 -1 4 534.05 425.47 -1 567.19 1 76 567.19 41722.52999999999 2127.04 6.775898218154907 7
0 -1 5 482.02 367.55 -1 4609.380000000001 11 99 374.05 56939.04000000004 1489.7 13.526403188705444 7
1 -1 5 541.76 444.03 -1 534.15 1 76 534.15 42242.24000000001 2046.4799999999998 12.056925773620605 7
0 -1 6 554.43 417.81 -1 5464.380000000001 11 99 482.6 65816.85 1865.6100000000001 16.684021949768066 7
1 -1 6 550.59 418.36 -1 539.3399999999999 1 76 539.3399999999999 42923.16000000004 2036.3799999999997 11.86474323272705 7
0 -1 7 543.95 264.76 -1 8441.49 11 99 761.98 70733.78000000003 2550.7 4.591287851333618 7
1 -1 7 489.84 331.28 -2 904.2600000000016 1 76 904.2600000000016 39036.54999999999 3044.060000000005 5.51738977432251 7
0 -1 8 518.62 267.75 -4 8732.060000000001 11 99 789.6400000000002 68807.08 2636.6700000000005 4.900381088256836 7
1 -1 8 454.83 293.51 -1 842.0600000000018 1 76 842.0600000000018 36251.07000000003 2819.690000000005 6.175865888595581 7
random:7T:1500
0 -1 0 760.42 0 -1 11797.730000000001 11 99 934.9899999999999 98876.97999999995 2804.97 1.4992341995239258 7
1 -1 0 930.98 310.61 -1 912.2500000000001 1 76 912.2500000000001 72578.68000000001 3047.3600000000006 1.0079550743103027 7
0 -1 1 609.16 442.43 -1 5685.93 11 99 508.13 71678.51000000005 1966.82 7.933505058288574 7
1 -1 1 649.62 468.4 -1 675.86 1 76 675.86 50722.71000000001 2495.98 8.469542980194092 7
0 -1 2 688.87 514.16 -1 7055.1799999999985 11 99 637.44 82308.79000000004 2426.48 23.407873153686523 7
1 -1 2 675.2 528.72 -1 633.1800000000001 1 76 633.1800000000001 52581.53999999999 2428.26 15.497382879257202 7
0 -1 3 746.82 372.42999999999995 -2 4116.69 11 99 372.42999999999995 82168.58999999994 1828.28 0.023886919021606445 7
1 -1 3 833.77 428.05999999999995 -1 428.05999999999995 1 76 428.05999999999995 64222.370000000024 2047.3 0.017243146896362305 7
0 -1 4 605.86 451.38 -1 5690.789999999999 11 99 508.13 71361.90000000001 1975.77 9.413733959197998 7
1 -1 4 644.93 468.4 -1 675.91 1 76 675.91 50366.66999999998 2496.13 8.681396245956421 7
0 -1 5 600.35 417.27000000000004 -1 5774.25 11 99 515.63 70983.20000000006 1964.1599999999999 16.914472103118896 7
1 -1 5 649.09 463.01 -1 624.48 1 76 624.48 50579.82999999998 2336.45 14.236666679382324 7
0 -1 6 694.3 461.67 -1 6757.61 11 99 604.94 82250.72000000003 2276.4900000000002 23.69968008995056 7
1 -1 6 701.54 551.92 -2 715.5699999999999 1 76 715.5699999999999 54747.81 2698.63 16.477750062942505 7
0 -1 7 655.2 371.89 -1 10686.609999999999 11 99 969.56 86238.31000000001 3280.5699999999997 5.989055156707764 7
1 -1 7 562.59 400.71000000000004 -2 1200.860000000003 1 76 1200.860000000003 45158.889999999985 4003.290000000009 8.723201990127563 7
0 -1 8 639.48 356.28 -3 10810.850000000004 11 99 981.1400000000002 84930.19999999992 3299.7000000000007 5.670520067214966 7
1 -1 8 557.94 426.07 -2 1154.070000000004 1 76 1154.070000000004 44711.650000000045 3888.280000000012 8.91039776802063 7
random:8T:300
0 -1 0 88.29 0 -26 264.33 2 82 127.88 7768.720000000003 383.64 0.21035075187683105 8
1 -1 0 93.08 0 -40 1964.3200000000002 10 93 180.48000000000002 12584.940000000004 541.44 0.25952792167663574 8
0 -1 1 80.54 0 -15 25.42 2 82 0.0 6654.840000000005 0.0 0.21544194221496582 8
1 -1 1 95.06 0 -13 1341.6400000000003 10 93 128.66 11523.940000000004 385.98 0.20024704933166504 8
0 -1 2 75.58 0 -15 19.96 2 82 0.0 6237.5300000000025 0.0 3.6051619052886963 8
1 -1 2 84.96 0 -14 677.28 10 93 56.63 9255.96 169.89000000000001 3.9667739868164062 8
0 -1 3 76.12 0.0 -15 0.0 2 82 0.0 6242.17 0.0 0.008591175079345703 8
1 -1 3 74.53 0.0 -22 0.0 10 93 0.0 6931.280000000002 0.0 0.006167173385620117 8
0 -1 4 80.54 0 -15 25.42 2 82 0.0 6654.840000000005 0.0 0.20112109184265137 8
1 -1 4 95.06 0 -13 1341.6400000000003 10 93 128.66 11523.940000000004 385.98 0.20327186584472656 8
0 -1 5 70.41 0 -19 74.01 2 82 0.0 5921.240000000001 0.0 2.7472381591796875 8
1 -1 5 71.42 0 -26 677.76 10 93 7.24 7997.770000000001 21.72 2.7375528812408447 8
0 -1 6 87.4 0 -20 261.01 2 82 127.88 7688.630000000003 383.64 4.492980003356934 8
1 -1 6 92.3 0 -16 1458.3199999999997 10 93 141.27 11500.350000000004 423.81000000000006 4.968172073364258 8
0 -1 7 87.4 0 -20 261.01 2 82 127.88 7688.630000000003 383.64 1.0568478107452393 8
1 -1 7 92.3 0 -16 1458.3199999999997 10 93 141.27 11500.350000000004 423.81000000000006 1.1906840801239014 8
0 -1 8 75.58 0 -15 19.96 2 82 0.0 6237.5300000000025 0.0 0.9211628437042236 8
1 -1 8 84.96 0 -14 677.28 10 93 56.63 9255.96 169.89000000000001 1.0075891017913818 8
random:8T:600
0 -1 0 250.68 0 -5 572.0799999999999 2 82 284.39 21700.00000000001 853.17 0.4111611843109131 8
1 -1 0 257.67 0 -6 3711.5199999999995 10 93 352.87999999999994 31386.320000000018 1058.6399999999999 0.5088503360748291 8
0 -1 1 243.25 167.74999999999983 -3 381.57000000000005 2 82 174.97000000000003 20709.37999999999 692.6599999999999 5.043689250946045 8
1 -1 1 243.52 173.82 -4 1849.7399999999998 10 93 183.75 26346.51 725.0699999999999 1.0438928604125977 8
0 -1 2 225.64 138.5200000000001 -2 318.65 2 82 159.06 19139.949999999993 615.7 11.493160963058472 8
1 -1 2 228.24 152.48 -1 1702.08 10 93 167.74 24630.249999999993 655.7 7.461514949798584 8
0 -1 3 253.78 34.34 -1 182.64 2 82 85.53 21175.190000000006 290.93000000000006 0.013291120529174805 8
1 -1 3 248.36 0.0 -1 1064.64 10 93 96.2 25227.030000000006 288.6 0.009606122970581055 8
0 -1 4 243.25 167.74999999999983 -3 381.57000000000005 2 82 174.97000000000003 20709.37999999999 692.6599999999999 5.0270140171051025 8
1 -1 4 243.52 173.82 -4 1849.7399999999998 10 93 183.75 26346.51 725.0699999999999 1.1950531005859375 8
0 -1 5 216.49 108.05999999999996 -1 298.69 2 82 127.09 18349.57 489.3299999999999 12.07288908958435 8
1 -1 5 198.9 25.51 -1 1702.18 10 93 156.76 21901.810000000027 495.78999999999996 7.755061149597168 8
0 -1 6 243.97 136.2 -1 368.33000000000004 2 82 183.58 20742.03999999999 686.94 7.421356916427612 8
1 -1 6 244.99 140.95 -1 1875.6999999999996 10 93 186.56 26535.06 700.6300000000001 9.170236349105835 8
0 -1 7 248.87 97.76 -2 586.73 2 82 292.46000000000004 21581.10999999999 975.1400000000001 1.967721939086914 8
1 -1 7 262.85 134.76 -1 2835.2 10 93 279.57 30115.640000000007 973.47 2.3416130542755127 8
0 -1 8 226.72 117.4 -2 395.6799999999999 2 82 183.53999999999988 19382.779999999988 668.0199999999996 2.3793840408325195 8
1 -1 8 238.9 128.9 -1 2397.5 10 93 237.95999999999992 27013.11999999999 842.7799999999997 1.9441032409667969 8
random:8T:900
0 -1 0 449.61 49.84 -1 911.1599999999999 2 82 449.66999999999996 38690.20000000001 1398.8499999999997 0.646014928817749 8
1 -1 0 453.65 0 -3 6112.02 10 93 585.83 54413.58000000001 1757.4900000000002 0.7290620803833008 8
0 -1 1 395.54 319.86 -1 735.42 2 82 349.93999999999994 33905.329999999994 1369.6799999999998 6.721746921539307 8
1 -1 1 410.45 320.55 -1 3463.2400000000007 10 93 342.22 45098.51000000002 1347.21 4.12442684173584 8
0 -1 2 377.4 284.52000000000004 -2 618.55 2 82 305.75 32183.609999999997 1201.77 10.575624942779541 8
1 -1 2 382.61 267.43000000000006 -2 3235.2999999999997 10 93 317.37 42053.67 1219.54 10.746928215026855 8
0 -1 3 430.2 174.16 -1 350.9 2 82 174.16 35978.009999999995 807.07 0.009374856948852539 8
1 -1 3 404.81 176.54000000000002 -2 1788.1999999999998 10 93 176.54000000000002 41223.99 782.9100000000001 0.009675025939941406 8
0 -1 4 395.8 312.15 -1 735.52 2 82 351.52 33926.27999999999 1366.71 9.356377840042114 8
1 -1 4 408.43 325.88000000000005 -1 3463.26 10 93 342.22 44910.77000000003 1352.5400000000002 4.004834175109863 8
0 -1 5 364.84 273.19 -2 623.5 2 82 295.40999999999997 31163.680000000008 1159.4199999999998 7.8182127475738525 8
1 -1 5 329.89 216.76 -2 2912.9199999999996 10 93 262.26 36505.95999999998 1003.54 6.887707233428955 8
0 -1 6 398.47 313.41999999999996 -2 692.28 2 82 345.49 34058.71 1349.8899999999999 8.77344822883606 8
1 -1 6 423.76 350.92999999999995 -2 3527.9399999999996 10 93 350.92999999999995 46465.18999999999 1406.06 11.743798017501831 8
0 -1 7 372.53 195.69 -1 1140.1900000000003 2 82 569.8300000000002 32828.22999999999 1905.1800000000005 2.5237631797790527 8
1 -1 7 417.08 211.7 -4 5506.840000000001 10 93 547.97 49801.919999999984 1855.6100000000001 2.8925371170043945 8
0 -1 8 340.85 199.71 -2 958.3200000000008 2 82 477.0200000000007 29866.330000000016 1630.7700000000023 4.006498098373413 8
1 -1 8 379.76 206.02 -1 5108.119999999999 10 93 509.94000000000005 45534.02999999997 1735.8400000000001 2.455207109451294 8
random:8T:1200
0 -1 0 653.06 252.87 -1 1296.61 2 82 627.06 56144.460000000014 2134.0499999999997 0.6914329528808594 8
1 -1 0 632.95 0 -2 8275.84 10 93 793.01 75416.33 2379.0299999999997 0.771751880645752 8
0 -1 1 517.21 411.39 -1 915.4000000000001 2 82 453.65000000000003 44241.83000000001 1772.3400000000001 4.544844150543213 8
1 -1 1 545.35 405.45 -1 4884.6 10 93 480.81 60487.060000000056 1847.88 5.432309150695801 8
0 -1 2 508.59 413.15999999999997 -1 951.34 2 82 462.61 43607.46000000002 1800.9899999999998 8.99136996269226 8
1 -1 2 539.18 407.16 -1 4793.12 10 93 474.42 59729.81 1830.42 12.579254865646362 8
0 -1 3 633.12 293.63 -1 596.74 2 82 293.63 53109.32000000003 1381.77 0.011091947555541992 8
1 -1 3 575.21 248.85 -2 2630.62 10 93 248.85 58756.18999999997 1193.32 0.009879112243652344 8
0 -1 4 512.21 396.75 -1 922.98 2 82 449.38 43847.14000000002 1744.8899999999999 5.0935139656066895 8
1 -1 4 540.88 405.45 -1 4876.259999999999 10 93 479.86 60054.709999999985 1845.03 6.03067684173584 8
0 -1 5 494.68 396.01 -2 893.43 2 82 417.35 42350.869999999995 1648.0600000000002 9.06473708152771 8
1 -1 5 470.12 362.92999999999995 -2 3784.2999999999997 10 93 364.1 51289.77000000001 1455.23 7.910393953323364 8
0 -1 6 540.82 420.77000000000004 -1 980.52 2 82 488.78000000000003 46308.58000000001 1887.1100000000001 8.707594871520996 8
1 -1 6 561.05 420.98 -2 4912.42 10 93 488.65999999999997 62002.74999999999 1886.96 9.897901058197021 8
0 -1 7 469.92 269.52 -4 1615.1600000000003 2 82 804.9200000000001 41763.82999999999 2684.28 2.092590093612671 8
1 -1 7 537.06 258.87 -2 7904.360000000001 10 93 776.23 65755.47 2587.56 2.5135200023651123 8
0 -1 8 420.89 255.64 -2 1526.9900000000011 2 82 763.210000000001 37566.780000000006 2545.2700000000027 3.906001091003418 8
1 -1 8 492.63 255.25 -2 7694.399999999998 10 93 767.66 61203.78 2558.23 2.6537280082702637 8
random:8T:1500
0 -1 0 862.04 364.23 -1 1690.68 2 82 819.3000000000001 74068.25000000004 2822.13 0.72648024559021 8
1 -1 0 812.48 0 -2 10553.279999999999 10 93 1006.7300000000001 96667.62 3020.1900000000005 0.8076827526092529 8
0 -1 1 620.08 451.17999999999995 -1 1218.9899999999998 2 82 594.68 53284.69000000001 2235.22 5.26004695892334 8
1 -1 1 659.54 450.77 -1 6402.04 10 93 633.4 74141.51000000005 2350.97 5.507040977478027 8
0 -1 2 640.89 470.35 -1 1195.33 2 82 578.78 54943.900000000016 2206.69 10.99796724319458 8
1 -1 2 667.25 550.25 -2 6329.799999999999 10 93 628.81 74713.67 2436.68 10.327202081680298 8
0 -1 3 806.21 366.21 -1 734.53 2 82 366.21 67578.49999999999 1839.9799999999998 0.009640932083129883 8
1 -1 3 748.59 360.09000000000003 -2 3632.4800000000005 10 93 360.09000000000003 76883.71999999999 1769.09 0.009303092956542969 8
0 -1 4 631.07 459.71000000000004 -1 1218.87 2 82 587.71 54185.590000000026 2222.84 5.82431173324585 8
1 -1 4 645.16 447.90999999999997 -1 6149.879999999999 10 93 595.96 72299.56000000006 2235.79 5.369516611099243 8
0 -1 5 618.82 528.83 -4 1145.39 2 82 572.69 53033.98 2246.9 8.61629605293274 8
1 -1 5 598.24 458.97000000000014 -4 5260.180000000001 10 93 512.01 66156.77 1995.0 9.026999950408936 8
0 -1 6 649.94 470.88 -2 1274.01 2 82 636.48 55842.84999999999 2380.32 9.775866270065308 8
1 -1 6 678.94 476.96999999999997 -1 6313.960000000001 10 93 629.18 75769.00000000003 2364.5099999999998 11.320791006088257 8
0 -1 7 570.4 387.49 -2 2067.34 2 82 1033.0000000000002 50907.66999999998 3486.4900000000007 2.8679068088531494 8
1 -1 7 657.37 387.43999999999994 -4 10240.499999999998 10 93 1021.8799999999999 81616.43000000004 3453.0799999999995 2.9622199535369873 8
0 -1 8 523.06 323.61999999999995 -2 1827.320000000001 2 82 907.6500000000001 46545.310000000005 3046.57 3.6581356525421143 8
1 -1 8 586.29 282.23 -2 8936.82 10 93 867.0999999999999 72398.37999999998 2883.5299999999997 2.5177841186523438 8
random:9T:300
0 -1 0 108.05 0 -14 2116.75 14 97 44.59 14714.83 133.77 0.14447879791259766 9
1 -1 0 99.9 0 -6 302.90999999999997 3 83 85.68 8897.490000000003 257.04 0.1167290210723877 9
0 -1 1 104.16 0.0 -6 1515.6099999999997 14 97 0.0 13134.580000000004 0.0 0.09968018531799316 9
1 -1 1 94.48 0.0 -8 246.41 3 83 53.22 8334.690000000002 159.66 0.10292410850524902 9
0 -1 2 90.95 0.0 -9 880.8900000000001 14 97 0.0 10584.259999999995 0.0 1.851836919784546 9
1 -1 2 87.11 0.0 -9 112.65 3 83 0.0 7455.550000000003 0.0 1.8608460426330566 9
0 -1 3 91.72 0.0 -20 121.49000000000001 14 97 0.0 9139.679999999997 0.0 0.0064580440521240234 9
1 -1 3 93.95 0.0 -11 121.34 3 83 0.0 8040.590000000002 0.0 0.006204128265380859 9
0 -1 4 104.16 0.0 -6 1515.6099999999997 14 97 0.0 13134.580000000004 0.0 0.11367607116699219 9
1 -1 4 94.48 0.0 -8 246.41 3 83 53.22 8334.690000000002 159.66 0.12521600723266602 9
0 -1 5 85.73 0.0 -11 638.11 14 97 0.0 9592.01 0.0 1.915235996246338 9
1 -1 5 75.38 0.0 -15 36.04 3 83 0.0 6328.549999999997 0.0 1.157114028930664 9
0 -1 6 106.23 0.0 -14 1790.7 14 97 64.92 13885.830000000004 194.76 2.159006118774414 9
1 -1 6 99.9 0 -5 302.90999999999997 3 83 85.68 8897.240000000003 257.04 2.207430839538574 9
0 -1 7 106.23 0.0 -14 1790.7 14 97 64.92 13885.830000000004 194.76 0.5829839706420898 9
1 -1 7 99.9 0 -5 302.90999999999997 3 83 85.68 8897.240000000003 257.04 0.546137809753418 9
0 -1 8 90.95 0.0 -9 880.8900000000001 14 97 0.0 10584.259999999995 0.0 0.45625782012939453 9
1 -1 8 87.11 0.0 -9 112.65 3 83 0.0 7455.550000000003 0.0 0.4008309841156006 9
random:9T:600
0 -1 0 291.24 0 -1 4808.8099999999995 14 97 165.06 37868.13999999999 495.18 0.27536940574645996 9
1 -1 0 292.21 0 -1 867.1099999999999 3 83 275.65999999999997 25987.510000000002 826.9799999999999 0.3042488098144531 9
0 -1 1 265.58 189.54000000000002 -3 3296.51 14 97 193.62 32353.940000000006 770.4000000000001 1.2431538105010986 9
1 -1 1 241.31 163.14000000000004 -3 520.22 3 83 166.98 21069.119999999988 664.0799999999999 6.833531141281128 9
0 -1 2 238.9 170.3 -2 2450.73 14 97 170.3 28074.289999999994 686.99 4.230456113815308 9
1 -1 2 238.93 185.05 -3 617.9399999999999 3 83 201.59999999999997 21067.389999999992 789.8499999999999 2.8196308612823486 9
0 -1 3 282.28 105.74000000000001 -1 2088.96 14 97 105.74000000000001 31558.619999999995 432.74 0.0060307979583740234 9
1 -1 3 285.01 84.58000000000001 -1 484.9 3 83 147.62 24625.699999999993 527.44 0.0048980712890625 9
0 -1 4 265.58 189.54000000000002 -3 3296.51 14 97 193.62 32353.940000000006 770.4000000000001 1.1415910720825195 9
1 -1 4 241.31 163.14000000000004 -3 520.22 3 83 166.98 21069.119999999988 664.0799999999999 6.281000852584839 9
0 -1 5 238.78 168.83999999999997 -2 2481.27 14 97 168.83999999999997 28124.140000000003 676.1099999999999 3.655567169189453 9
1 -1 5 220.72 114.41 -1 471.33000000000004 3 83 153.01 19262.289999999994 573.4399999999999 5.599447011947632 9
0 -1 6 256.53 173.98000000000002 -4 2591.74 14 97 178.63000000000002 30066.85 709.8700000000001 3.828280210494995 9
1 -1 6 265.95 196.07 -3 788.1600000000001 3 83 256.48 23650.309999999994 965.51 3.5896458625793457 9
0 -1 7 270.87 115.92999999999999 -1 3613.1400000000003 14 97 250.15 33500.450000000004 866.38 0.9012947082519531 9
1 -1 7 262.97 185.15 -1 891.23 3 83 296.21999999999997 23608.979999999992 1073.81 0.828510046005249 9
0 -1 8 238.54 155.71 -3 2501.8 14 97 171.44 28141.55 670.03 0.9146561622619629 9
1 -1 8 239.47 157.7 -3 740.0099999999998 3 83 234.45999999999978 21356.30999999999 861.0799999999992 1.0708069801330566 9
random:9T:900
0 -1 0 475.65 151.25 -1 7517.6799999999985 14 97 311.68 61173.520000000026 1086.29 0.4143960475921631 9
1 -1 0 485.64 72.29 -1 1294.81 3 83 419.07 42897.719999999994 1329.5 0.3368241786956787 9
0 -1 1 414.32 322.68 -6 4837.709999999999 14 97 326.53000000000003 49864.92999999998 1302.2700000000002 1.9751408100128174 9
1 -1 1 391.26 308.8700000000005 -3 1031.61 3 83 315.41 34537.700000000004 1255.1000000000006 6.0676329135894775 9
0 -1 2 397.3 307.25 -3 4613.780000000001 14 97 311.88 47765.83 1242.8899999999999 4.842984199523926 9
1 -1 2 385.87 319.73 -3 1035.13 3 83 335.95000000000005 34097.13000000001 1327.5800000000002 3.7170801162719727 9
0 -1 3 465.68 178.66 -1 3604.3299999999995 14 97 178.66 52379.2 880.71 0.007225990295410156 9
1 -1 3 471.82 240.0 -1 835.78 3 83 240.0 40832.48999999999 1041.81 0.006047964096069336 9
0 -1 4 414.32 322.68 -6 4837.709999999999 14 97 326.53000000000003 49864.92999999998 1302.2700000000002 2.076507091522217 9
1 -1 4 391.26 308.8700000000005 -3 1031.61 3 83 315.41 34537.700000000004 1255.1000000000006 4.80159592628479 9
0 -1 5 397.33 305.40999999999997 -3 4526.5 14 97 309.07 47593.87999999999 1232.62 4.481841802597046 9
1 -1 5 372.15 299.09000000000003 -3 949.38 3 83 305.87 32787.00000000001 1216.7 4.008856773376465 9
0 -1 6 420.58 315.79999999999995 -4 4876.620000000001 14 97 331.5 50549.439999999995 1310.3 5.580694198608398 9
1 -1 6 433.67 352.05 -1 1239.15 3 83 410.74 38472.97 1584.27 5.324014186859131 9
0 -1 7 432.0 197.27 -1 6494.97 14 97 457.56000000000006 54894.200000000004 1569.9500000000003 1.2230477333068848 9
1 -1 7 398.05 238.66 -6 1650.9399999999998 3 83 548.0999999999999 36339.62999999999 1882.9599999999998 1.1343421936035156 9
0 -1 8 385.58 220.73 -3 5699.310000000001 14 97 402.05999999999995 48800.24999999999 1426.9099999999999 1.0346100330352783 9
1 -1 8 350.19 221.81 -3 1534.7900000000004 3 83 505.33000000000015 32135.23 1737.8000000000004 1.174320936203003 9
random:9T:1200
0 -1 0 662.71 230.04 -1 10234.479999999998 14 97 405.51 84751.49 1446.57 0.5161070823669434 9
1 -1 0 683.42 174.97 -1 1939.28 3 83 644.25 60602.70999999999 2107.72 0.4453599452972412 9
0 -1 1 562.6 413.29 -1 6963.319999999999 14 97 480.78 68498.43 1855.6299999999999 3.338909149169922 9
1 -1 1 526.96 436.69 -1 1420.49 3 83 448.3 46578.76000000003 1781.5900000000001 3.5924129486083984 9
0 -1 2 551.32 436.1700000000001 -3 6693.09 14 97 454.20000000000005 66863.99 1798.7700000000002 6.197191953659058 9
1 -1 2 528.72 451.55 -3 1512.09 3 83 492.55 46907.68 1929.2 5.124546051025391 9
0 -1 3 650.13 329.02000000000004 -1 4957.66 14 97 329.02000000000004 72978.37000000001 1583.1600000000003 0.00935506820678711 9
1 -1 3 669.27 351.15 -1 1079.17 3 83 351.15 57707.89 1618.09 0.01032710075378418 9
0 -1 4 562.6 413.29 -1 6963.319999999999 14 97 480.78 68498.43 1855.6299999999999 3.6380369663238525 9
1 -1 4 526.96 436.69 -1 1420.49 3 83 448.3 46578.76000000003 1781.5900000000001 3.5942330360412598 9
0 -1 5 551.99 436.9800000000001 -3 6607.960000000001 14 97 441.20000000000005 66759.05000000002 1760.5800000000002 6.453969955444336 9
1 -1 5 515.71 433.67000000000047 -3 1386.62 3 83 453.77 45576.8 1794.9800000000005 6.558870077133179 9
0 -1 6 565.93 399.65999999999997 -1 7012.3200000000015 14 97 462.53 68920.26999999997 1787.25 6.610651969909668 9
1 -1 6 562.73 418.62 -1 1674.1 3 83 553.63 50054.60999999998 2079.5099999999998 6.215424060821533 9
0 -1 7 575.63 243.52 -1 9448.149999999998 14 97 668.74 74732.64 2249.7400000000002 1.6121389865875244 9
1 -1 7 509.18 268.38 -3 2419.3799999999997 3 83 806.1500000000001 47100.66000000001 2686.8300000000004 1.514955997467041 9
0 -1 8 505.82 256.38 -3 8696.8 14 97 616.29 66458.11 2105.25 1.4515719413757324 9
1 -1 8 430.6 256.98 -3 2320.15 3 83 771.3400000000001 40380.03999999999 2571.0000000000005 1.4433321952819824 9
random:9T:1500
0 -1 0 842.87 282.21 -1 13226.469999999998 14 97 522.28 108210.95 1849.05 0.7612948417663574 9
1 -1 0 871.09 265.98 -1 2518.45 3 83 809.99 77337.73000000001 2695.9500000000003 0.6396639347076416 9
0 -1 1 700.98 466.91 -1 8988.880000000001 14 97 606.3599999999999 85972.74000000002 2285.99 4.895804166793823 9
1 -1 1 663.51 465.04999999999995 -1 1889.3400000000001 3 83 606.5699999999999 58849.750000000015 2284.7599999999998 5.150278091430664 9
0 -1 2 707.47 575.43 -3 8866.0 14 97 609.6199999999999 86356.12999999996 2404.2899999999995 8.135012865066528 9
1 -1 2 664.62 587.29 -6 1946.9099999999999 3 83 643.75 59057.32999999999 2518.54 6.188474893569946 9
0 -1 3 849.79 431.88 -1 6898.480000000001 14 97 431.88 96227.06000000006 2116.5 0.009877204895019531 9
1 -1 3 867.34 478.80999999999995 -1 1507.31 3 83 478.80999999999995 75004.12000000001 2216.18 0.008756875991821289 9
0 -1 4 700.98 466.91 -1 8988.880000000001 14 97 606.3599999999999 85972.74000000002 2285.99 4.877429008483887 9
1 -1 4 663.51 465.04999999999995 -1 1889.3400000000001 3 83 606.5699999999999 58849.750000000015 2284.7599999999998 4.638794183731079 9
0 -1 5 702.08 558.5299999999996 -3 8692.48 14 97 572.0700000000002 85486.51000000002 2274.7400000000002 8.255393028259277 9
1 -1 5 654.17 563.5899999999993 -3 1854.1399999999999 3 83 609.89 58004.029999999984 2393.2599999999993 6.785821199417114 9
0 -1 6 699.32 452.76000000000005 -1 8931.970000000001 14 97 622.15 85698.04000000001 2319.21 7.725719928741455 9
1 -1 6 682.56 480.02000000000004 -1 1919.4200000000005 3 83 624.72 60491.51000000002 2354.1800000000003 6.945952892303467 9
0 -1 7 713.0 310.5 -6 11985.919999999998 14 97 848.5900000000001 93132.35999999994 2856.2700000000004 1.9076120853424072 9
1 -1 7 639.77 408.20000000000005 -3 3117.2799999999997 3 83 1038.45 59335.420000000006 3523.55 1.7607450485229492 9
0 -1 8 613.67 275.94 -3 11783.329999999998 14 97 826.04 83092.20999999999 2754.06 1.5822100639343262 9
1 -1 8 536.38 330.40000000000003 -3 2803.5299999999997 3 83 925.0899999999999 50126.88999999999 3105.6699999999996 1.4377410411834717 9
