random:2T:300
0 -1 0 111.97 0.0 -13 1438.4599999999998 8 67 175.57 10378.73 526.71 0.20008492469787598 2
1 -1 0 114.96 9.83 -1 0 0 72 0 8276.82 9.83 0.23128700256347656 2
0 -1 1 105.52 0.0 -4 1103.24 8 67 133.86 9276.369999999999 401.58000000000004 0.08647704124450684 2
1 -1 1 107.63 0.0 -4 0 0 72 0 7749.539999999999 0.0 0.13624310493469238 2
0 -1 2 95.12 0.0 -3 574.7 8 67 62.32 7522.730000000001 186.96 1.492466926574707 2
1 -1 2 101.44 0.0 -4 0 0 72 0 7303.919999999999 0.0 2.615072011947632 2
0 -1 3 90.17 0.0 -13 0.0 8 67 0.0 6041.400000000001 0.0 0.006850242614746094 2
1 -1 3 106.86 0.0 -8 0 0 72 0 7693.770000000002 0.0 0.0062029361724853516 2
0 -1 4 105.52 0.0 -4 1103.24 8 67 133.86 9276.369999999999 401.58000000000004 0.09023380279541016 2
1 -1 4 107.63 0.0 -4 0 0 72 0 7749.539999999999 0.0 0.145432710647583 2
0 -1 5 79.56 0.0 -6 515.2 8 67 42.17 6361.090000000001 126.51 1.243758201599121 2
1 -1 5 89.27 0.0 -7 0 0 72 0 6427.78 0.0 2.4199531078338623 2
0 -1 6 107.72 0.0 -2 1100.5600000000002 8 67 133.18 9418.300000000008 399.54 1.5189540386199951 2
1 -1 6 115.14 16.36 -1 0 0 72 0 8290.050000000001 16.36 3.013866901397705 2
0 -1 7 107.72 0.0 -2 1100.5600000000002 8 67 133.18 9418.300000000008 399.54 0.3595242500305176 2
1 -1 7 115.14 16.36 -1 0 0 72 0 8290.050000000001 16.36 0.7293088436126709 2
0 -1 8 95.12 0.0 -3 574.7 8 67 62.32 7522.730000000001 186.96 0.3755331039428711 2
1 -1 8 101.44 0.0 -4 0 0 72 0 7303.919999999999 0.0 0.6628060340881348 2
random:2T:600
0 -1 0 326.57 179.33 -1 3095.0799999999995 8 67 361.13000000000005 28070.360000000004 1262.72 0.32662296295166016 2
1 -1 0 338.27 238.20999999999998 -2 0 0 72 0 24355.569999999992 238.20999999999998 0.45688295364379883 2
0 -1 1 266.15 186.44 -4 1594.62 8 67 186.79 21021.470000000005 746.81 0.591702938079834 2
1 -1 1 286.98 231.71999999999994 -1 0 0 72 0 20662.81 231.71999999999994 1.5615479946136475 2
0 -1 2 278.83 214.73999999999998 -2 1983.42 8 67 241.0 22648.750000000007 937.74 2.489218235015869 2
1 -1 2 277.5 228.29000000000002 -2 0 0 72 0 19979.94 228.29000000000002 4.689057111740112 2
0 -1 3 303.92 145.51 -2 1196.86 8 67 145.51 22756.03 643.17 0.007842063903808594 2
1 -1 3 315.68 176.64 -1 0 0 72 0 22728.94 176.64 0.011051177978515625 2
0 -1 4 273.47 192.2 -4 1918.5400000000002 8 67 215.3 22159.41 838.1000000000001 0.9658868312835693 2
1 -1 4 284.64 236.20999999999998 -1 0 0 72 0 20493.99 236.20999999999998 1.7510919570922852 2
0 -1 5 260.77 185.2 -4 1932.2200000000003 8 67 231.94 21335.839999999997 881.02 2.4897022247314453 2
1 -1 5 255.91 186.03 -4 0 0 72 0 18425.569999999996 186.03 3.5794661045074463 2
0 -1 6 294.93 224.79000000000002 -2 2154.06 8 67 254.03 24068.66 986.8800000000001 2.9854648113250732 2
1 -1 6 314.22 271.28 -1 0 0 72 0 22624.079999999994 271.28 5.5147199630737305 2
0 -1 7 294.19 143.94 -2 2912.3199999999997 8 67 362.8 25535.149999999987 1232.3400000000001 0.8407440185546875 2
1 -1 7 314.22 271.28 -1 0 0 72 0 22624.079999999994 271.28 1.289586067199707 2
0 -1 8 277.3 178.77 -2 2440.3799999999997 8 67 304.75 23459.999999999996 1093.02 0.930311918258667 2
1 -1 8 277.5 228.29000000000002 -2 0 0 72 0 19979.94 228.29000000000002 1.1737821102142334 2
random:2T:900
0 -1 0 554.87 332.81 -1 5015.34 8 67 596.8100000000002 47207.020000000004 2123.2400000000007 0.5477950572967529 2
1 -1 0 568.8 444.12 -1 0 0 72 0 40953.39999999998 444.12 0.7310190200805664 2
0 -1 1 455.37 360.00999999999993 -4 3452.7400000000002 8 67 425.93 37415.11000000001 1637.8 3.1475589275360107 2
1 -1 1 438.63 384.26 -2 0 0 72 0 31581.100000000006 384.26 2.7150468826293945 2
0 -1 2 450.34 370.05 -2 3182.5600000000004 8 67 388.51 36537.59 1535.58 4.037093162536621 2
1 -1 2 430.67 376.78999999999996 -2 0 0 72 0 31008.339999999982 376.78999999999996 6.063185930252075 2
0 -1 3 522.87 297.34999999999997 -2 2418.0000000000005 8 67 297.34999999999997 39868.159999999996 1355.0 0.014511823654174805 2
1 -1 3 533.73 411.07000000000005 -1 0 0 72 0 38428.37000000002 411.07000000000005 0.011999130249023438 2
0 -1 4 446.98 352.73999999999995 -4 3327.86 8 67 410.46000000000004 36603.200000000004 1584.1200000000001 1.9975731372833252 2
1 -1 4 431.14 383.03 -4 0 0 72 0 31042.339999999986 383.03 2.534823179244995 2
0 -1 5 445.95 350.9900000000001 -4 3221.76 8 67 392.27 36322.18000000001 1527.8000000000002 5.153088092803955 2
1 -1 5 425.1 362.57000000000005 -4 0 0 72 0 30607.370000000006 362.57000000000005 6.3573548793792725 2
0 -1 6 483.06 389.32 -2 3592.26 8 67 446.34000000000003 39549.69999999998 1728.34 3.77467679977417 2
1 -1 6 499.15 416.06 -1 0 0 72 0 35938.70000000002 416.06 7.195813179016113 2
0 -1 7 447.48 214.27 -2 5051.58 8 67 631.09 40084.27 2107.54 1.2248358726501465 2
1 -1 7 499.15 416.06 -1 0 0 72 0 35938.70000000002 416.06 1.61149001121521 2
0 -1 8 425.56 233.37 -2 4602.079999999999 8 67 574.6999999999999 37716.860000000015 1957.4699999999998 1.2388408184051514 2
1 -1 8 430.67 376.78999999999996 -2 0 0 72 0 31008.339999999982 376.78999999999996 1.4387171268463135 2
random:2T:1200
0 -1 0 745.8 413.49 -1 7055.3 8 67 852.5200000000001 64078.96 2971.05 0.7850089073181152 2
1 -1 0 799.99 656.08 -1 0 0 72 0 57599.53999999997 656.08 0.9754276275634766 2
0 -1 1 621.23 448.73 -1 4718.62 8 67 588.42 51059.949999999975 2213.99 3.493027925491333 2
1 -1 1 577.63 459.13 -1 0 0 72 0 41589.620000000024 459.13 4.354342937469482 2
0 -1 2 603.82 517.44 -4 4327.62 8 67 526.53 49111.490000000005 2097.0299999999997 4.862261056900024 2
1 -1 2 577.38 520.92 -4 0 0 72 0 41571.57000000002 520.92 8.061609029769897 2
0 -1 3 742.15 447.12 -2 3623.8 8 67 447.12 56971.789999999986 2059.57 0.014824151992797852 2
1 -1 3 737.24 654.6800000000001 -1 0 0 72 0 53081.15999999999 654.6800000000001 0.01730489730834961 2
0 -1 4 611.62 445.94 -2 4725.48 8 67 588.66 50429.819999999985 2211.92 2.969265937805176 2
1 -1 4 576.5 471.32 -1 0 0 72 0 41508.08000000001 471.32 4.4971818923950195 2
0 -1 5 605.15 499.65000000000003 -1 4387.8 8 67 516.05 49320.64000000001 2047.8 5.337082862854004 2
1 -1 5 556.55 453.19999999999993 -1 0 0 72 0 40071.659999999996 453.19999999999993 6.65518593788147 2
0 -1 6 645.89 484.56000000000006 -1 4718.44 8 67 570.77 52711.380000000005 2196.87 4.850783109664917 2
1 -1 6 636.61 516.28 -1 0 0 72 0 45836.030000000006 516.28 7.862971305847168 2
0 -1 7 594.59 321.88 -4 6938.78 8 67 866.36 53714.859999999986 2920.96 1.490110158920288 2
1 -1 7 636.61 516.28 -1 0 0 72 0 45836.030000000006 516.28 1.72987699508667 2
0 -1 8 548.38 267.64 -2 6472.58 8 67 800.8600000000001 49686.72000000001 2670.2200000000003 1.4844112396240234 2
1 -1 8 577.38 520.92 -4 0 0 72 0 41571.57000000002 520.92 1.6939327716827393 2
random:2T:1500
0 -1 0 923.11 457.37 -1 9104.460000000001 8 67 1106.6400000000003 80057.48 3777.290000000001 0.8911139965057373 2
1 -1 0 1021.92 905.3900000000001 -1 0 0 72 0 73578.51 905.3900000000001 1.1035137176513672 2
0 -1 1 778.06 588.03 -1 5947.82 8 67 735.98 64025.33 2795.9700000000003 4.738772869110107 2
1 -1 1 735.56 643.63 -1 0 0 72 0 52960.43000000001 643.63 6.0891640186309814 2
0 -1 2 764.78 660.67 -2 5535.639999999999 8 67 665.04 62311.689999999966 2655.79 5.902831792831421 2
1 -1 2 709.71 656.99 -4 0 0 72 0 51099.45 656.99 9.208325147628784 2
0 -1 3 961.24 594.4 -2 4811.24 8 67 594.4 74025.86999999998 2755.58 0.021006107330322266 2
1 -1 3 949.33 907.1100000000001 -1 0 0 72 0 68352.01 907.1100000000001 0.019675016403198242 2
0 -1 4 763.13 650.74 -4 5789.72 8 67 710.1899999999999 62709.439999999966 2781.3099999999995 3.648452043533325 2
1 -1 4 708.34 619.62 -1 0 0 72 0 51000.53000000003 619.62 5.8617942333221436 2
0 -1 5 763.64 587.74 -2 5514.359999999999 8 67 666.03 62192.36999999998 2585.83 6.63421106338501 2
1 -1 5 685.47 544.84 -1 0 0 72 0 49354.04000000001 544.84 7.3428778648376465 2
0 -1 6 841.8 703.7 -1 6043.460000000001 8 67 752.14 68487.75000000001 2960.12 5.373748302459717 2
1 -1 6 783.15 636.08 -2 0 0 72 0 56386.71000000001 636.08 8.842242002487183 2
0 -1 7 727.81 421.46000000000004 -2 9046.28 8 67 1129.7299999999998 66855.90000000001 3810.6499999999996 1.8635990619659424 2
1 -1 7 783.15 636.08 -2 0 0 72 0 56386.71000000001 636.08 1.9434239864349365 2
0 -1 8 707.5 411.28999999999996 -2 8493.560000000001 8 67 1061.14 64389.66999999997 3594.71 1.9086990356445312 2
1 -1 8 709.71 656.99 -4 0 0 72 0 51099.45 656.99 1.9108750820159912 2
random:3T:300
0 -1 0 96.8 0 -24 1464.1499999999996 9 81 88.81 10769.230000000001 266.43 0.2473130226135254 3
1 -1 0 89.72 0 -18 464.39 4 95 60.57 9452.56 181.71 0.31490015983581543 3
0 -1 1 90.38 0 -11 1128.87 9 81 5.71 9578.190000000004 17.13 0.17863798141479492 3
1 -1 1 82.74 0 -19 378.03999999999996 4 95 0.0 8616.189999999999 0.0 0.29518699645996094 3
0 -1 2 81.16 0.0 -12 807.6800000000001 9 81 0.0 8188.98 0.0 3.4303500652313232 3
1 -1 2 80.24 0 -21 322.90999999999997 4 95 0 8268.469999999998 0 5.963681936264038 3
0 -1 3 65.79 0.0 -20 0.0 9 81 0.0 5328.809999999998 0.0 0.007238149642944336 3
1 -1 3 72.01 0.0 -18 33.82 4 95 0.0 6908.960000000002 0.0 0.012865066528320312 3
0 -1 4 90.38 0 -11 1128.87 9 81 5.71 9578.190000000004 17.13 0.20039725303649902 3
1 -1 4 82.74 0 -19 378.03999999999996 4 95 0 8616.189999999999 0 0.28275299072265625 3
0 -1 5 70.65 0.0 -16 605.98 9 81 0.0 6934.91 0.0 2.767169952392578 3
1 -1 5 62.06 0.0 -28 145.31 4 95 0.0 6186.65 0.0 3.9055891036987305 3
0 -1 6 95.71 0 -10 1211.9699999999998 9 81 88.81 10176.850000000006 266.43 4.414781093597412 3
1 -1 6 89.92 0 -17 464.39 4 95 60.57 9471.089999999998 181.71 7.457428216934204 3
0 -1 7 95.71 0 -10 1211.9699999999998 9 81 88.81 10176.850000000006 266.43 1.0538592338562012 3
1 -1 7 89.92 0 -17 464.39 4 95 60.57 9471.089999999998 181.71 1.6944198608398438 3
0 -1 8 81.16 0.0 -12 807.6800000000001 9 81 0.0 8188.98 0.0 0.8408150672912598 3
1 -1 8 80.24 0 -21 322.90999999999997 4 95 0 8268.469999999998 0 1.319450855255127 3
random:3T:600
0 -1 0 270.75 0 -7 3170.3400000000006 9 81 245.84 28271.62000000001 737.52 0.4277608394622803 3
1 -1 0 264.78 0 -8 1139.2900000000002 4 95 168.62 27433.13000000002 505.86 0.6490669250488281 3
0 -1 1 251.37 186.11 -2 1715.56 9 81 186.11 23792.200000000004 744.58 1.489246129989624 3
1 -1 1 233.78 113.33000000000017 -2 698.8699999999999 4 95 149.37 23606.63999999999 561.4400000000002 6.869601726531982 3
0 -1 2 231.36 163.59 -2 1668.6699999999998 9 81 172.03 22077.140000000003 679.6800000000001 6.214579105377197 3
1 -1 2 222.13 131.49 -1 694.49 4 95 157.26 22491.070000000003 603.27 11.808857202529907 3
0 -1 3 242.2 56.03999999999999 -2 649.7499999999999 9 81 56.03999999999999 20917.979999999996 237.84999999999997 0.00747227668762207 3
1 -1 3 232.94 0.0 -3 226.04 4 95 0.0 22581.33 0.0 0.009830236434936523 3
0 -1 4 250.27 186.25 -4 1735.0000000000002 9 81 186.64 23741.969999999998 746.17 1.651332139968872 3
1 -1 4 233.78 113.33000000000017 -2 698.8699999999999 4 95 149.37 23606.63999999999 561.4400000000002 6.75613808631897 3
0 -1 5 216.89 140.68 -1 1532.0600000000004 9 81 156.12 20632.4 609.04 5.698714017868042 3
1 -1 5 182.96 0.0 -2 646.3299999999999 4 95 148.57 18673.61000000001 445.71 10.2950279712677 3
0 -1 6 254.35 172.41 -1 1665.79 9 81 174.89 23933.84000000001 697.0799999999999 7.359367847442627 3
1 -1 6 245.32 127.22999999999999 -1 723.84 4 95 168.62 24753.250000000004 633.09 15.300021886825562 3
0 -1 7 266.05 141.74 -2 2452.0 9 81 270.38 26454.130000000016 952.88 2.087743043899536 3
1 -1 7 248.13 90.1 -3 942.05 4 95 234.52 25456.600000000006 793.6600000000001 3.4091529846191406 3
0 -1 8 233.26 137.08 -2 1908.87 9 81 197.91000000000003 22711.450000000008 730.8100000000001 1.778426170349121 3
1 -1 8 221.97 117.13 -1 739.23 4 95 167.44 22565.560000000005 619.45 3.401278018951416 3
random:3T:900
0 -1 0 470.44 109.19 -2 5006.8 9 81 414.74 48119.18 1353.41 0.7822861671447754 3
1 -1 0 444.5 0 -1 1692.94 4 95 306.23 45613.08999999996 918.69 1.0526819229125977 3
0 -1 1 417.05 333.81 -1 3173.0 9 81 348.25 40127.409999999996 1378.56 4.517600059509277 3
1 -1 1 361.71 255.41999999999996 -4 1295.69 4 95 295.05 36953.52999999999 1140.5700000000002 5.528924942016602 3
0 -1 2 398.46 300.90000000000003 -2 3089.8099999999995 9 81 303.86999999999995 38454.63999999998 1212.51 10.453941106796265 3
1 -1 2 361.25 263.79 -4 1295.62 4 95 292.22 36909.57999999999 1140.45 17.22758197784424 3
0 -1 3 420.32 167.61 -2 1571.3600000000001 9 81 167.61 37188.27000000001 813.6400000000001 0.012883901596069336 3
1 -1 3 408.42 151.27 -2 663.09 4 95 151.27 40125.72000000001 700.47 0.015799999237060547 3
0 -1 4 414.63 333.81 -1 3172.9300000000003 9 81 348.25 39930.840000000004 1378.56 4.6298439502716064 3
1 -1 4 361.71 255.41999999999996 -4 1295.69 4 95 295.05 36953.52999999999 1140.5700000000002 5.03654408454895 3
0 -1 5 375.27 279.33 -2 2937.95 9 81 312.43 36272.429999999986 1216.62 9.812824010848999 3
1 -1 5 313.41 211.12 -1 1123.68 4 95 273.46999999999997 32021.37999999999 1031.5299999999997 12.506997108459473 3
0 -1 6 427.9 349.15 -2 3198.9700000000003 9 81 349.15 41057.65000000001 1410.6699999999998 11.375209093093872 3
1 -1 6 385.1 297.8 -2 1346.9 4 95 324.07000000000005 39278.70000000002 1270.0100000000002 17.97062611579895 3
0 -1 7 413.45 213.06 -2 4636.92 9 81 513.52 42763.349999999984 1753.62 2.375476837158203 3
1 -1 7 366.63 184.74 -3 1806.52 4 95 448.53 38443.29999999999 1530.33 2.9657280445098877 3
0 -1 8 375.17 210.5 -2 4152.3 9 81 444.46 38693.49000000002 1543.8799999999999 2.1575307846069336 3
1 -1 8 338.3 199.56 -1 1653.0 4 95 405.46000000000004 35444.15999999999 1415.94 3.3370490074157715 3
random:3T:1200
0 -1 0 658.69 195.21 -2 7175.7 9 81 570.6400000000001 67705.47 1907.1300000000003 1.0556390285491943 3
1 -1 0 637.17 0 -1 2414.49 4 95 364.05 65360.14000000005 1092.15 1.3210997581481934 3
0 -1 1 565.33 420.13 -1 4490.840000000001 9 81 493.19 54773.58999999998 1899.6999999999998 7.332300662994385 3
1 -1 1 480.54 390.46000000000004 -4 1882.41 4 95 451.48 49416.549999999996 1744.9 6.741999864578247 3
0 -1 2 533.09 421.4500000000001 -2 4235.9800000000005 9 81 436.34 51652.189999999995 1730.47 13.045953035354614 3
1 -1 2 478.57 383.21000000000004 -3 1771.25 4 95 403.6 49006.649999999994 1594.0100000000002 18.029773950576782 3
0 -1 3 619.81 297.02 -2 2759.76 9 81 297.02 55723.76999999999 1443.52 0.020830154418945312 3
1 -1 3 582.8 188.78 -2 944.14 4 95 188.78 57254.70000000001 1008.2 0.02304697036743164 3
0 -1 4 560.63 420.12 -1 4482.51 9 81 492.11 54376.270000000004 1896.4499999999998 7.46150279045105 3
1 -1 4 480.54 390.46000000000004 -4 1882.41 4 95 451.48 49416.549999999996 1744.9 6.398116827011108 3
0 -1 5 507.99 394.15 -4 4169.84 9 81 426.08 49486.80999999997 1672.3899999999999 10.895609140396118 3
1 -1 5 433.43 312.11000000000007 -2 1437.47 4 95 350.99 44050.86000000003 1365.0800000000002 20.082063913345337 3
0 -1 6 565.58 429.81 -1 4511.41 9 81 477.33000000000004 54834.64000000003 1861.8000000000002 13.678059101104736 3
1 -1 6 523.35 434.12000000000006 -1 1979.19 4 95 473.03 53676.68999999998 1853.21 24.93101692199707 3
0 -1 7 535.06 252.18 -2 6784.660000000001 9 81 750.8000000000002 56908.93000000001 2504.5800000000004 2.797941207885742 3
1 -1 7 449.56 236.65 -3 2670.57 4 95 663.13 48049.43 2226.04 3.2775940895080566 3
0 -1 8 485.21 250.78 -2 6273.08 9 81 692.85 51847.95999999999 2329.3300000000004 2.4958548545837402 3
1 -1 8 419.35 244.78 -1 2543.13 4 95 634.5600000000001 44924.7 2148.4600000000005 3.8387129306793213 3
random:3T:1500
0 -1 0 809.74 242.39 -2 9448.169999999998 9 81 621.83 84484.98999999999 2107.88 1.4111340045928955 3
1 -1 0 808.8 69.56 -1 3085.69 4 95 453.54 83007.50000000003 1430.18 1.7147400379180908 3
0 -1 1 701.32 526.87 -1 5909.5599999999995 9 81 652.26 68626.37999999999 2483.65 9.776618957519531 3
1 -1 1 583.82 446.91 -1 2077.1200000000003 4 95 478.49 59617.45000000003 1882.38 9.808947801589966 3
0 -1 2 675.68 487.49999999999994 -1 5532.43 9 81 577.4699999999999 65795.12999999998 2219.91 16.36884880065918 3
1 -1 2 601.44 438.78 -1 2119.97 4 95 513.41 61377.110000000015 1979.01 22.09529995918274 3
0 -1 3 801.35 363.46000000000004 -2 3382.58 9 81 363.46000000000004 71674.20999999998 1860.23 0.01472926139831543 3
1 -1 3 766.9 330.98 -2 1396.22 4 95 330.98 75647.8 1680.4700000000003 0.021646976470947266 3
0 -1 4 689.48 497.28999999999996 -1 5901.449999999999 9 81 651.71 67650.50999999998 2452.42 8.695014953613281 3
1 -1 4 583.23 449.11 -1 2077.14 4 95 478.49000000000007 59561.53000000001 1884.5800000000004 9.196370840072632 3
0 -1 5 665.01 548.14 -2 5639.290000000001 9 81 604.27 65144.289999999986 2360.95 13.419535875320435 3
1 -1 5 546.24 423.00000000000006 -2 2042.7399999999998 4 95 508.93 55978.70999999995 1949.79 17.5661518573761 3
0 -1 6 701.4 532.15 -1 5884.59 9 81 634.47 68582.81 2435.56 14.434944868087769 3
1 -1 6 645.74 502.35 -1 2400.93 4 95 584.33 66146.84999999999 2255.34 22.991983890533447 3
0 -1 7 652.72 361.03999999999996 -4 8525.71 9 81 945.0500000000001 69921.86999999995 3196.19 3.2070610523223877 3
1 -1 7 518.66 283.68 -4 3482.4800000000005 4 95 858.72 56237.400000000016 2859.8399999999997 3.570213794708252 3
0 -1 8 585.99 281.29 -4 7889.589999999999 9 81 865.9699999999999 63244.09999999997 2879.2 2.864013671875 3
1 -1 8 483.64 279.07 -1 3393.53 4 95 844.9 52732.64000000003 2813.77 3.62601375579834 3
random:4T:300
0 -1 0 90.77 0 -23 362.14 2 73 181.07 7350.360000000001 543.21 0.22594404220581055 4
1 -1 0 93.65 0 -17 1178.77 9 101 72.61 11816.460000000005 217.82999999999998 0.3187572956085205 4
0 -1 1 87.83 0 -10 287.76 2 73 143.88 6987.020000000001 431.64 0.20711708068847656 4
1 -1 1 89.32 0 -17 1170.2599999999998 9 101 86.32 11361.84000000001 258.96 0.29173779487609863 4
0 -1 2 75.69 0.0 -9 55.98 2 73 27.99 5637.449999999999 83.97 3.233597993850708 4
1 -1 2 83.36 0 -20 814.93 9 101 0.0 10049.580000000004 0.0 6.462790250778198 4
0 -1 3 71.44 0.0 -13 0.0 2 73 0.0 5215.369999999997 0.0 0.009685993194580078 4
1 -1 3 68.5 0.0 -24 0.0 9 101 0.0 6918.260000000002 0.0 0.013450860977172852 4
0 -1 4 87.83 0 -10 287.76 2 73 143.88 6987.020000000001 431.64 0.18502402305603027 4
1 -1 4 89.32 0 -17 1170.2599999999998 9 101 86.32 11361.84000000001 258.96 0.33460092544555664 4
0 -1 5 68.37 0 -15 167.02 2 73 83.51 5324.960000000001 250.53000000000003 2.344326972961426 4
1 -1 5 62.89 0 -27 367.78 9 101 0 7087.069999999999 0 4.475230932235718 4
0 -1 6 91.75 0 -10 287.76 2 73 143.88 7273.390000000003 431.64 4.055077791213989 4
1 -1 6 93.65 0 -17 1178.77 9 101 72.61 11816.460000000005 217.82999999999998 7.624910116195679 4
0 -1 7 91.75 0 -10 287.76 2 73 143.88 7273.390000000003 431.64 0.9095799922943115 4
1 -1 7 93.65 0 -17 1178.77 9 101 72.61 11816.460000000005 217.82999999999998 1.7270019054412842 4
0 -1 8 75.69 0.0 -9 55.98 2 73 27.99 5637.449999999999 83.97 0.8097610473632812 4
1 -1 8 83.36 0 -20 814.93 9 101 0.0 10049.580000000004 0.0 1.3649029731750488 4
random:4T:600
0 -1 0 277.33 0 -2 629.02 2 73 314.51 21503.259999999995 943.53 0.4778139591217041 4
1 -1 0 268.5 0 -11 2949.750000000001 9 101 171.29 33018.10999999999 513.87 0.6315851211547852 4
0 -1 1 255.84 191.75 -4 438.86 2 73 219.43 19553.889999999996 850.04 1.5773811340332031 4
1 -1 1 235.9 90.88000000000008 -2 1656.5 9 101 174.34 27139.21 613.9000000000001 10.91804814338684 4
0 -1 2 230.73 174.5499999999998 -1 423.38 2 73 211.69 17690.279999999995 809.6199999999998 9.129539012908936 4
1 -1 2 221.8 126.38999999999999 -2 1536.1400000000003 9 101 134.47 25473.800000000007 529.8 12.166329860687256 4
0 -1 3 257.9 60.63 -2 121.26 2 73 60.63 19069.359999999993 251.62 0.00673985481262207 4
1 -1 3 220.52 0.0 -7 166.11 9 101 0.0 22604.350000000002 0.0 0.011592864990234375 4
0 -1 4 254.51 191.78 -4 439.0 2 73 219.5 19456.899999999987 850.28 1.575124979019165 4
1 -1 4 235.9 90.88000000000008 -2 1656.5 9 101 174.34 27139.21 613.9000000000001 11.063748836517334 4
0 -1 5 215.02 150.63 -1 347.44 2 73 173.72 16391.320000000003 671.79 5.193279027938843 4
1 -1 5 193.54 11.31 -1 1463.7300000000002 9 101 140.75 22475.499999999996 433.56 10.633114099502563 4
0 -1 6 258.46 173.10000000000008 -1 374.28 2 73 187.14 19616.0 734.52 7.955972194671631 4
1 -1 6 244.24 134.4 -1 1658.41 9 101 171.29 27985.059999999983 648.27 14.212327003479004 4
0 -1 7 261.06 142.78 -2 695.7600000000003 2 73 347.88000000000017 20448.620000000003 1186.4200000000005 2.2878098487854004 4
1 -1 7 251.22 90.94 -3 2128.53 9 101 232.29999999999995 29629.84999999999 787.8399999999999 3.1295840740203857 4
0 -1 8 229.1 138.95 -1 570.1199999999995 2 73 285.0599999999998 17864.420000000002 994.1299999999994 2.884958028793335 4
1 -1 8 222.21 113.44 -2 1630.9700000000003 9 101 170.0 25705.080000000013 623.44 2.4148731231689453 4
random:4T:900
0 -1 0 486.06 176.62 -1 1082.28 2 73 541.14 37646.73999999999 1800.04 0.7105143070220947 4
1 -1 0 443.22 0 -3 4213.59 9 101 304.77 53192.800000000025 914.31 0.9255599975585938 4
0 -1 1 409.29 341.84 -1 693.78 2 73 346.89 31265.729999999985 1382.51 3.203261375427246 4
1 -1 1 373.59 247.66000000000003 -2 3065.51 9 101 331.07 43864.01999999999 1240.8700000000001 5.962915897369385 4
0 -1 2 392.8 316.1200000000006 -1 748.7 2 73 374.35 30172.030000000002 1439.1700000000008 12.559032917022705 4
1 -1 2 357.53 249.26999999999998 -2 2861.6699999999996 9 101 268.12 41833.88999999998 1053.63 16.127947092056274 4
0 -1 3 443.3 168.63 -2 337.26 2 73 168.63 33035.63000000001 816.7 0.015823841094970703 4
1 -1 3 395.76 149.67 -2 1409.91 9 101 149.67 42792.01000000002 695.67 0.015041112899780273 4
0 -1 4 408.88 346.89 -2 693.78 2 73 346.89 31235.889999999996 1389.3400000000001 3.507251262664795 4
1 -1 4 373.59 247.66000000000003 -2 3065.51 9 101 331.07 43864.01999999999 1240.8700000000001 6.3156187534332275 4
0 -1 5 370.6 297.88 -2 644.0799999999999 2 73 322.03999999999996 28341.709999999974 1264.0 7.524018049240112 4
1 -1 5 329.66 229.63 -2 2763.5499999999997 9 101 296.78999999999996 38822.62999999999 1120.0 13.943956136703491 4
0 -1 6 438.18 384.46000000000004 -2 860.6800000000001 2 73 430.34000000000003 33708.79000000001 1675.48 10.127775192260742 4
1 -1 6 391.52 300.55 -4 3069.3 9 101 327.14 45682.600000000006 1281.97 17.066636085510254 4
0 -1 7 383.3 213.63 -2 1277.140000000002 2 73 638.570000000001 30535.070000000018 2129.340000000003 4.142843008041382 4
1 -1 7 383.6 185.2 -3 4094.59 9 101 451.84999999999997 46933.21000000003 1540.75 3.2553398609161377 4
0 -1 8 337.7 211.53 -1 1166.120000000003 2 73 583.0600000000015 26984.66000000001 1960.7100000000046 5.739104986190796 4
1 -1 8 349.79 197.54 -2 3484.6399999999994 9 101 384.34 42298.42999999999 1350.56 2.8226659297943115 4
random:4T:1200
0 -1 0 696.13 259.02 -2 1471.28 2 73 735.64 53759.82999999999 2465.94 0.8900430202484131 4
1 -1 0 638.23 0 -2 6032.34 9 101 365.62 76525.92 1096.8600000000001 1.4436638355255127 4
0 -1 1 536.51 418.04999999999995 -1 945.0799999999999 2 73 472.53999999999996 41055.19000000003 1835.6699999999998 5.858183145523071 4
1 -1 1 495.8 387.78000000000003 -2 4265.72 9 101 454.04 58606.78000000003 1749.9 14.793514728546143 4
0 -1 2 533.77 459.73999999999995 -1 1055.82 2 73 527.91 41077.13999999999 2043.47 11.051814079284668 4
1 -1 2 482.59 379.58000000000004 -3 3751.5900000000006 9 101 404.77 56244.35000000004 1593.8899999999999 18.322960138320923 4
0 -1 3 649.16 299.76 -2 599.52 2 73 299.76 48587.68999999999 1451.74 0.018681049346923828 4
1 -1 3 562.56 188.42 -2 1848.2300000000002 9 101 188.42 60515.13000000003 1007.12 0.019150972366333008 4
0 -1 4 530.8 418.05999999999995 -1 949.78 2 73 474.89 40647.950000000004 1842.73 6.200052976608276 4
1 -1 4 495.8 387.78000000000003 -2 4265.72 9 101 454.04 58606.78000000003 1749.9 14.641005992889404 4
0 -1 5 508.23 428.52000000000004 -2 963.8399999999999 2 73 481.91999999999996 39028.33999999999 1874.2799999999997 10.2104971408844 4
1 -1 5 461.55 359.18 -4 3379.0 9 101 361.12 53374.38999999996 1442.5400000000002 17.74280285835266 4
0 -1 6 571.28 445.99 -2 999.5600000000001 2 73 499.78000000000003 43702.82999999999 1945.3300000000002 11.55334210395813 4
1 -1 6 539.37 409.15000000000003 -1 4506.44 9 101 477.70000000000005 63488.94 1842.2500000000002 23.509877920150757 4
0 -1 7 490.49 317.86 -4 1737.0600000000022 2 73 868.5300000000011 39280.230000000025 2923.4500000000035 4.687757253646851 4
1 -1 7 481.55 236.9 -3 6007.939999999999 9 101 663.5499999999998 60651.99999999998 2227.5499999999997 3.5903820991516113 4
0 -1 8 431.17 267.25 -1 1627.7800000000034 2 73 813.8900000000017 34731.290000000045 2708.920000000005 6.32466197013855 4
1 -1 8 448.38 243.67 -2 5495.9800000000005 9 101 608.4200000000001 56278.00999999999 2068.9300000000003 3.5959551334381104 4
random:4T:1500
0 -1 0 900.67 388.59000000000003 -2 1929.24 2 73 964.62 69607.65000000002 3282.4500000000003 1.1126158237457275 4
1 -1 0 793.23 0 -2 8228.12 9 101 379.14 96572.11 1137.42 1.6921751499176025 4
0 -1 1 686.76 564.3100000000001 -1 1253.92 2 73 626.96 52641.01000000001 2445.19 8.059205055236816 4
1 -1 1 609.19 445.83 -1 4840.55 9 101 532.63 71209.70999999998 2043.7199999999998 11.181267976760864 4
0 -1 2 663.46 489.5 -1 1338.04 2 73 669.02 51108.92000000002 2496.56 13.105927228927612 4
1 -1 2 611.88 437.51 -1 4852.72 9 101 508.28000000000003 71505.13 1962.3500000000001 22.506165981292725 4
0 -1 3 841.74 364.07 -2 728.14 2 73 364.07 62903.34 1862.06 0.011411190032958984 4
1 -1 3 745.16 328.97999999999996 -2 3039.1900000000005 9 101 328.97999999999996 81339.5 1674.4699999999998 0.017061233520507812 4
0 -1 4 675.61 553.96 -1 1246.6 2 73 623.3 51812.43999999999 2423.8599999999997 8.277729034423828 4
1 -1 4 617.57 452.63 -1 4802.18 9 101 525.0799999999999 71979.07000000004 2027.87 10.91258692741394 4
0 -1 5 639.04 559.1099999999999 -4 1260.9 2 73 630.45 49171.930000000015 2450.46 11.762946605682373 4
1 -1 5 591.41 470.5500000000002 -4 4692.889999999999 9 101 498.65 69117.9 1966.5 21.747227907180786 4
0 -1 6 679.35 471.93 -1 1304.96 2 73 652.48 52202.27000000002 2429.37 12.762850046157837 4
1 -1 6 649.07 461.15999999999997 -2 5239.52 9 101 572.5899999999999 76035.06999999999 2178.93 24.7879478931427 4
0 -1 7 584.01 420.66999999999996 -2 2365.140000000005 2 73 1182.5700000000024 47362.68 3968.3800000000074 6.958518028259277 4
1 -1 7 561.83 281.92 -4 7882.7599999999975 9 101 870.1199999999999 72510.27000000003 2892.2799999999997 4.2623608112335205 4
0 -1 8 554.97 394.01 -4 2066.500000000005 2 73 1033.2500000000025 44645.590000000026 3493.7600000000075 7.929170846939087 4
1 -1 8 528.78 274.87 -2 7476.0599999999995 9 101 829.68 68358.42000000003 2763.91 3.867244005203247 4
random:5T:300
0 -1 0 86.54 0 -24 1791.7400000000002 12 85 112.25 10939.58 336.75 0.22080588340759277 5
1 -1 0 86.74 0 -22 554.2900000000001 4 94 130.11 9262.160000000003 390.33000000000004 0.2981228828430176 5
0 -1 1 81.1 0 -16 1327.7699999999998 12 85 0.0 9548.939999999995 0.0 0.19454312324523926 5
1 -1 1 80.51 0 -17 480.9 4 94 104.76 8529.780000000002 314.28000000000003 0.302170991897583 5
0 -1 2 60.69 0 -17 366.5000000000001 12 85 0.0 5891.889999999995 0.0 2.8769309520721436 5
1 -1 2 71.75 0 -17 123.8 4 94 12.78 6991.879999999999 38.339999999999996 5.87064003944397 5
0 -1 3 62.61 0.0 -23 0.0 12 85 0.0 5321.5799999999945 0.0 0.00974893569946289 5
1 -1 3 68.94 0.0 -19 34.87 4 94 0.0 6550.500000000002 0.0 0.011178970336914062 5
0 -1 4 81.1 0 -16 1327.7699999999998 12 85 0.0 9548.939999999995 0.0 0.20317316055297852 5
1 -1 4 80.51 0 -17 480.9 4 94 104.76 8529.780000000002 314.28000000000003 0.30712103843688965 5
0 -1 5 58.71 0 -31 565.3 12 85 0.0 6121.229999999998 0.0 1.838291883468628 5
1 -1 5 63.22 0 -29 166.12 4 94 0.0 6274.829999999996 0.0 4.020411014556885 5
0 -1 6 85.67 0 -22 1562.76 12 85 112.25 10407.639999999996 336.75 3.724747896194458 5
1 -1 6 86.74 0 -22 554.2900000000001 4 94 130.11 9262.160000000003 390.33000000000004 7.484148025512695 5
0 -1 7 85.67 0 -22 1562.76 12 85 112.25 10407.639999999996 336.75 0.8694310188293457 5
1 -1 7 86.74 0 -22 554.2900000000001 4 94 130.11 9262.160000000003 390.33000000000004 1.6822824478149414 5
0 -1 8 60.69 0 -17 366.5000000000001 12 85 0.0 5891.889999999995 0.0 0.7096319198608398 5
1 -1 8 71.75 0 -17 123.8 4 94 12.78 6991.879999999999 38.339999999999996 1.3099431991577148 5
random:5T:600
0 -1 0 259.46 0 -6 3995.14 12 85 268.91 30044.589999999997 806.73 0.47539401054382324 5
1 -1 0 265.44 0.0 -9 1241.27 4 94 282.09 27433.84 846.27 0.5562028884887695 5
0 -1 1 232.51 149.64999999999998 -2 2172.8599999999997 12 85 159.61 24109.08 628.48 1.634976863861084 5
1 -1 1 236.99 158.18 -1 727.51 4 94 178.44 23732.38000000001 693.5 4.589367151260376 5
0 -1 2 212.38 116.64999999999999 -1 1937.0800000000002 12 85 151.28 21926.339999999993 570.49 7.774019718170166 5
1 -1 2 219.19 147.3 -1 648.12 4 94 157.99 21900.16 621.27 14.80277395248413 5
0 -1 3 243.94 68.43 -1 1492.8100000000002 12 85 109.97999999999999 23720.24999999999 398.36999999999995 0.011097908020019531 5
1 -1 3 232.53 0.0 -2 571.71 4 94 124.32 23001.350000000006 372.96 0.012417078018188477 5
0 -1 4 232.43 150.90999999999994 -2 2172.95 12 85 159.61 24102.15000000001 629.74 2.0537548065185547 5
1 -1 4 236.99 158.18 -1 727.51 4 94 178.44 23732.38000000001 693.5 4.5828869342803955 5
0 -1 5 179.29 0.0 -1 1870.9999999999998 12 85 69.52 18981.670000000006 208.56 5.045874357223511 5
1 -1 5 196.52 20.36 -1 609.65 4 94 107.25999999999999 19692.069999999992 342.14 12.00099515914917 5
0 -1 6 233.58 129.65 -1 2209.2099999999996 12 85 180.1 24272.33 669.9499999999999 6.757425785064697 5
1 -1 6 249.3 105.34 -1 743.83 4 94 184.08000000000004 24921.8 657.5800000000002 13.608716011047363 5
0 -1 7 248.3 123.25 -1 2919.91 12 85 236.62999999999997 26945.020000000004 833.1399999999999 1.8564441204071045 5
1 -1 7 255.43 82.17 -1 1005.0500000000001 4 94 247.67 26020.88 825.18 3.165087938308716 5
0 -1 8 221.28 112.5 -1 2391.99 12 85 197.0299999999999 23592.83 703.5899999999997 1.8036460876464844 5
1 -1 8 221.88 117.51 -1 839.3400000000001 4 94 208.95999999999998 22535.769999999997 744.3899999999999 2.7118029594421387 5
random:5T:900
0 -1 0 456.84 0 -2 6747.91 12 85 468.51 52327.469999999965 1405.53 0.7104179859161377 5
1 -1 0 453.79 14.46 -1 1924.91 4 94 439.03000000000003 46506.539999999964 1331.5500000000002 0.9000780582427979 5
0 -1 1 400.77 298.4000000000001 -2 4137.92 12 85 329.40999999999997 42341.40000000002 1286.63 4.752381086349487 5
1 -1 1 390.59 310.40000000000003 -4 1365.5900000000001 4 94 333.46000000000004 39446.859999999964 1310.7800000000002 5.968719959259033 5
0 -1 2 377.12 262.53 -2 3765.05 12 85 293.33 39585.22 1142.52 11.465378046035767 5
1 -1 2 372.13 305.44000000000005 -1 1254.46 4 94 305.44000000000005 37489.02999999998 1221.9900000000002 16.808802127838135 5
0 -1 3 413.85 179.6 -2 2337.5299999999997 12 85 179.6 39852.659999999996 848.65 0.008679866790771484 5
1 -1 3 406.04 182.79 -1 747.6899999999999 4 94 182.79 39662.81999999998 789.96 0.009951114654541016 5
0 -1 4 398.25 298.64000000000016 -2 4131.84 12 85 329.58000000000004 42114.670000000006 1287.3800000000003 5.365683078765869 5
1 -1 4 389.61 309.96000000000015 -1 1365.5900000000001 4 94 333.46 39354.14 1310.3400000000001 6.7126851081848145 5
0 -1 5 322.65 212.8 -1 3240.1300000000006 12 85 238.83 33905.9 929.29 7.180207014083862 5
1 -1 5 328.9 236.51 -1 1205.76 4 94 268.01 33328.33 1040.54 13.2808358669281 5
0 -1 6 414.65 334.97 -1 4150.13 12 85 339.46000000000004 43545.470000000016 1353.3500000000001 11.170565128326416 5
1 -1 6 397.49 300.31 -2 1381.19 4 94 344.73 40126.909999999974 1334.5 16.846686124801636 5
0 -1 7 416.2 203.32 -2 5862.429999999999 12 85 486.26 47102.17999999997 1662.1 2.53200101852417 5
1 -1 7 397.81 180.39 -2 1987.5400000000002 4 94 491.16 41368.95999999999 1653.87 3.8858413696289062 5
0 -1 8 378.94 197.83 -2 5349.349999999999 12 85 443.64 42908.31999999998 1528.75 2.3735508918762207 5
1 -1 8 342.61 199.77 -1 1878.8700000000001 4 94 465.50000000000006 35962.749999999985 1596.2700000000002 3.472982168197632 5
random:5T:1200
0 -1 0 653.69 128.76 -2 9331.170000000002 12 85 633.4499999999999 74225.87000000002 2029.11 1.0768449306488037 5
1 -1 0 651.43 233.46 -1 2760.5 4 94 648.0100000000001 66755.81000000001 2177.4900000000002 1.286426067352295 5
0 -1 1 549.21 400.13 -1 5958.819999999999 12 85 450.59 58600.24000000002 1751.9 6.475461006164551 5
1 -1 1 514.46 392.44000000000005 -1 1965.0100000000002 4 94 476.17 52289.229999999974 1820.95 9.39172101020813 5
0 -1 2 532.36 391.5 -1 5530.39 12 85 449.92 56311.11 1741.26 12.655175924301147 5
1 -1 2 513.91 415.79 -1 1866.2599999999998 4 94 458.1 52040.199999999975 1790.0900000000001 21.913945198059082 5
0 -1 3 613.32 329.14 -2 4052.709999999999 12 85 329.14 60238.0 1538.7199999999998 0.011001110076904297 5
1 -1 3 582.42 297.38 -1 1282.29 4 94 297.38 57312.01000000001 1330.25 0.018967151641845703 5
0 -1 4 545.17 393.34000000000003 -1 5929.91 12 85 442.12000000000006 58199.689999999995 1719.7000000000003 6.9652979373931885 5
1 -1 4 506.74 392.43 -1 1961.46 4 94 475.21 51556.42999999999 1818.06 8.47423529624939 5
0 -1 5 460.19 335.77 -2 4324.929999999999 12 85 344.11 47765.67999999999 1368.1 9.18965196609497 5
1 -1 5 458.46 356.84000000000003 -1 1495.3200000000002 4 94 356.84000000000003 46085.89999999998 1428.54 16.615432024002075 5
0 -1 6 576.59 437.24 -1 5957.490000000001 12 85 488.39000000000004 60924.94999999999 1902.41 13.195048093795776 5
1 -1 6 531.82 413.71999999999997 -2 1986.64 4 94 493.66 53964.23999999999 1894.7 21.815418004989624 5
0 -1 7 550.92 246.84 -2 8686.330000000002 12 85 717.26 64200.88999999999 2398.62 3.0495660305023193 5
1 -1 7 508.75 255.27 -2 2984.07 4 94 744.02 53790.189999999966 2487.33 4.844268083572388 5
0 -1 8 509.53 243.83 -2 8296.909999999998 12 85 689.5999999999999 59904.16999999999 2312.6299999999997 2.8984649181365967 5
1 -1 8 428.98 244.89 -1 2931.0999999999995 4 94 731.62 46186.609999999986 2439.75 4.533050775527954 5
random:5T:1500
0 -1 0 841.73 205.94 -2 11780.16 12 85 793.9999999999999 95107.76000000005 2587.9399999999996 1.1592159271240234 5
1 -1 0 837.03 353.58 -1 3560.05 4 94 828.0000000000001 85800.72999999998 2837.5800000000004 1.5066449642181396 5
0 -1 1 660.11 445.0 -1 6704.830000000001 12 85 536.79 69518.97000000002 2055.37 7.732281923294067 5
1 -1 1 621.06 451.65 -1 2381.8 4 94 578.59 63143.34 2187.42 12.226073026657104 5
0 -1 2 689.02 540.53 -1 7484.56 12 85 602.5400000000001 73535.89000000001 2348.1500000000005 15.636482000350952 5
1 -1 2 649.68 476.64000000000004 -1 2493.6 4 94 615.48 66057.36000000002 2323.08 26.241615772247314 5
0 -1 3 796.67 422.58 -2 5347.050000000001 12 85 422.58 78410.82999999999 2036.73 0.020540237426757812 5
1 -1 3 764.94 370.27 -1 1501.67 4 94 370.27 74907.82000000004 1793.04 0.021348237991333008 5
0 -1 4 661.87 445.0 -1 6913.84 12 85 537.63 70087.00000000001 2057.89 8.104499816894531 5
1 -1 4 608.94 440.78000000000003 -1 2264.95 4 94 505.72 61769.98999999998 1957.94 11.569337129592896 5
0 -1 5 603.25 435.05 -4 6158.1399999999985 12 85 446.53 63592.44999999998 1774.6399999999999 10.687638998031616 5
1 -1 5 576.15 446.99 -4 2046.9099999999999 4 94 471.09000000000003 58251.84000000001 1860.26 19.701653957366943 5
0 -1 6 714.91 485.66 -1 7694.75 12 85 639.48 76156.70999999998 2404.1 14.784230947494507 5
1 -1 6 630.28 461.47 -2 2510.72 4 94 625.18 64267.48000000002 2337.01 24.485851764678955 5
0 -1 7 684.43 337.96 -4 11085.729999999998 12 85 915.5 80347.93999999996 3084.46 3.6878280639648438 5
1 -1 7 604.82 386.73 -4 3867.01 4 94 961.9300000000001 64587.49999999996 3272.52 5.46151328086853 5
0 -1 8 626.64 280.51 -2 10456.219999999998 12 85 841.3799999999999 74176.42 2804.6499999999996 3.506153106689453 5
1 -1 8 533.83 320.3 -2 3633.2799999999997 4 94 903.5100000000001 57446.31000000001 3030.8300000000004 5.477022886276245 5
random:6T:300
0 -1 0 89.26 0 -26 1804.5099999999998 12 85 0 11195.800000000001 0 0.21471381187438965 6
1 -1 0 90.14 0.0 -20 288.67 2 92 143.02 8869.779999999995 429.06000000000006 0.30407094955444336 6
0 -1 1 91.12 0.0 -12 1579.19 12 85 74.92 10903.240000000002 224.76 0.18298101425170898 6
1 -1 1 77.52 0 -19 145.1 2 92 0.0 7421.900000000002 0.0 0.31102514266967773 6
0 -1 2 78.78 0.0 -12 1036.47 12 85 0.0 8769.060000000005 0.0 3.273127317428589 6
1 -1 2 73.25 0 -15 93.93 2 92 43.32 6927.1399999999985 129.96 6.001585960388184 6
0 -1 3 67.35 0.0 -12 454.45000000000005 12 85 0.0 6633.3099999999995 0.0 0.010710000991821289 6
1 -1 3 70.06 0.0 -18 0.0 2 92 0.0 6445.890000000003 0.0 0.01264190673828125 6
0 -1 4 91.12 0.0 -12 1579.19 12 85 74.92 10903.240000000002 224.76 0.2129371166229248 6
1 -1 4 77.52 0 -19 145.1 2 92 0.0 7421.900000000002 0.0 0.33074116706848145 6
0 -1 5 64.84 0 -27 741.8 12 85 0.0 6995.309999999996 0.0 2.006840944290161 6
1 -1 5 65.11 0 -27 141.26 2 92 55.53 6272.849999999996 166.59 3.9074440002441406 6
0 -1 6 87.61 0 -17 1503.67 12 85 0.0 10454.259999999995 0.0 3.577623128890991 6
1 -1 6 90.14 0.0 -20 288.67 2 92 143.02 8869.779999999995 429.06000000000006 7.776429891586304 6
0 -1 7 87.61 0 -17 1503.67 12 85 0.0 10454.259999999995 0.0 0.9175150394439697 6
1 -1 7 90.14 0.0 -20 288.67 2 92 143.02 8869.779999999995 429.06000000000006 1.768019199371338 6
0 -1 8 78.78 0.0 -12 1036.47 12 85 0.0 8769.060000000005 0.0 0.7724349498748779 6
1 -1 8 73.25 0 -15 93.93 2 92 43.32 6927.1399999999985 129.96 1.3459980487823486 6
random:6T:600
0 -1 0 253.14 0 -8 4204.570000000001 12 85 79.39 29925.840000000004 238.17000000000002 0.4589979648590088 6
1 -1 0 267.1 0 -5 508.02 2 92 251.01 25589.119999999995 753.03 0.6195662021636963 6
0 -1 1 240.49 162.10000000000002 -2 2212.86 12 85 171.81 24867.139999999996 677.5300000000001 5.491117238998413 6
1 -1 1 233.79 131.5000000000002 -3 325.91999999999996 2 92 138.51 22160.589999999993 547.0300000000002 12.35135793685913 6
0 -1 2 226.28 162.63 -2 2134.01 12 85 165.01 23501.83 657.66 8.14326810836792 6
1 -1 2 218.49 144.49 -1 331.18 2 92 164.78 20763.239999999998 638.83 11.88450813293457 6
0 -1 3 248.26 68.43 -1 1885.22 12 85 77.53999999999999 24872.659999999985 301.04999999999995 0.012096166610717773 6
1 -1 3 234.22 0.0 -2 262.46 2 92 124.32 22073.60000000001 372.96 0.007965803146362305 6
0 -1 4 240.49 162.10000000000002 -2 2212.86 12 85 171.81 24867.139999999996 677.5300000000001 5.554476976394653 6
1 -1 4 233.79 131.5000000000002 -3 325.91999999999996 2 92 138.51 22160.589999999993 547.0300000000002 12.186137914657593 6
0 -1 5 199.33 31.410000000000007 -1 1947.0900000000001 12 85 85.17 20837.09 286.92 6.607166290283203 6
1 -1 5 197.09 31.980000000000004 -1 341.71 2 92 167.5 18815.26 534.48 11.80161714553833 6
0 -1 6 238.99 119.77000000000001 -1 2193.67 12 85 152.76 24701.829999999987 578.05 7.491369009017944 6
1 -1 6 256.72 113.34999999999994 -1 374.47 2 92 186.94 24367.380000000005 674.1699999999998 15.997342824935913 6
0 -1 7 240.84 108.47 -1 2300.34 12 85 186.06 25072.11999999999 666.6500000000001 1.3647511005401611 6
1 -1 7 261.16 88.2 -1 527.29 2 92 262.19 25081.150000000016 874.77 3.044074773788452 6
0 -1 8 226.29 154.08 -2 2194.79 12 85 161.85 23624.65 639.63 1.8288781642913818 6
1 -1 8 220.55 118.23 -1 478.7999999999999 2 92 239.39000000000001 21247.809999999998 836.4000000000001 2.981771945953369 6
random:6T:900
0 -1 0 444.31 0 -6 6834.939999999999 12 85 172.8 51435.82 518.4000000000001 0.6996281147003174 6
1 -1 0 468.44 154.97 -1 854.75 2 92 424.31 44805.53999999997 1427.9 0.8470349311828613 6
0 -1 1 403.32 307.44000000000005 -2 4151.28 12 85 318.96000000000004 42584.579999999965 1264.3200000000002 4.907517910003662 6
1 -1 1 377.07 287.0500000000001 -3 687.03 2 92 334.35 36064.469999999994 1290.1000000000001 15.836084127426147 6
0 -1 2 393.05 301.03 -2 3976.629999999999 12 85 301.03 41362.449999999946 1204.26 9.224241971969604 6
1 -1 2 366.34 295.43000000000006 -2 631.84 2 92 313.87 34966.50000000002 1237.04 19.46399712562561 6
0 -1 3 426.75 172.38 -1 3343.07 12 85 172.38 42959.86000000001 826.99 0.009073972702026367 6
1 -1 3 410.74 182.79 -1 368.65 2 92 182.79 38525.699999999975 789.96 0.010583162307739258 6
0 -1 4 399.72 305.46000000000004 -2 4151.2699999999995 12 85 318.95000000000005 42278.40999999998 1262.3100000000002 4.703038930892944 6
1 -1 4 375.79 287.7500000000001 -3 687.76 2 92 335.08 35948.369999999995 1292.9900000000002 17.27542495727539 6
0 -1 5 340.9 230.0 -2 3549.67 12 85 246.71 36075.730000000025 970.13 7.65907096862793 6
1 -1 5 332.94 241.57999999999998 -4 647.8699999999999 2 92 321.45 31926.299999999985 1205.9299999999998 15.156871795654297 6
0 -1 6 405.69 321.33 -1 4077.38 12 85 327.46 42638.71000000001 1303.7099999999998 10.586493015289307 6
1 -1 6 403.1 301.24 -1 699.3499999999999 2 92 349.65999999999997 38484.139999999985 1350.22 17.97012495994568 6
0 -1 7 393.66 209.48 -2 4956.4 12 85 408.54999999999995 43373.780000000006 1435.1299999999999 2.0079452991485596 6
1 -1 7 396.44 183.23 -3 1079.5499999999997 2 92 539.5799999999999 38631.239999999976 1801.9699999999998 4.715242862701416 6
0 -1 8 374.38 219.83 -2 4916.419999999999 12 85 386.21999999999997 41655.19999999997 1378.4899999999998 2.0303971767425537 6
1 -1 8 333.91 200.17 -1 1051.5700000000006 2 92 525.3700000000003 32822.9 1776.280000000001 4.447628974914551 6
random:6T:1200
0 -1 0 600.36 0 -6 9821.340000000002 12 85 193.56 70673.41999999998 580.6800000000001 1.135774850845337 6
1 -1 0 671.44 254.3 -3 1290.54 2 92 642.3000000000001 64353.29999999997 2181.2000000000003 1.3242549896240234 6
0 -1 1 551.92 417.83 -1 5977.899999999999 12 85 467.95000000000005 58868.70999999999 1821.68 6.581914901733398 6
1 -1 1 502.45 391.71000000000004 -1 993.0100000000001 2 92 482.45000000000005 48211.10000000003 1839.0600000000002 11.976685047149658 6
0 -1 2 533.34 412.72000000000025 -2 5617.360000000001 12 85 430.74 56568.589999999975 1704.9400000000003 14.124994277954102 6
1 -1 2 508.56 432.97 -2 943.0700000000002 2 92 468.22 48673.849999999984 1837.63 21.201271057128906 6
0 -1 3 615.22 309.81 -1 4286.37 12 85 309.81 60866.48000000002 1480.73 0.01787281036376953 6
1 -1 3 587.79 297.38 -1 611.98 2 92 297.38 55301.08 1330.25 0.01711416244506836 6
0 -1 4 550.68 417.83 -1 5982.36 12 85 467.65999999999997 58772.110000000015 1820.81 6.915855169296265 6
1 -1 4 498.58 391.71000000000004 -1 979.3700000000001 2 92 469.3 47827.78999999998 1799.6100000000001 12.736779928207397 6
0 -1 5 491.86 372.83 -1 4904.979999999999 12 85 392.98 51617.97000000001 1551.77 12.184568166732788 6
1 -1 5 463.58 365.36 -2 825.3499999999999 2 92 377.45 44299.94999999998 1497.71 18.435304880142212 6
0 -1 6 557.38 423.18 -1 5832.010000000001 12 85 446.13 59041.23999999998 1761.57 13.588504076004028 6
1 -1 6 529.96 415.76 -2 959.03 2 92 478.94 50674.73999999995 1852.58 22.872205018997192 6
0 -1 7 519.85 261.83 -4 7543.58 12 85 620.56 59274.80999999998 2123.5099999999998 2.484377861022949 6
1 -1 7 499.14 268.04 -4 1573.1 2 92 777.4399999999999 49066.99999999998 2600.3599999999997 5.310019016265869 6
0 -1 8 490.15 255.89 -2 7383.880000000001 12 85 594.71 56430.710000000014 2040.02 2.2786431312561035 6
1 -1 8 416.3 261.38 -2 1569.4299999999998 2 92 782.9599999999999 41438.42 2610.2599999999998 5.34874415397644 6
random:6T:1500
0 -1 0 728.64 0 -6 12797.250000000004 12 85 198.18 87529.18000000001 594.54 1.4782819747924805 6
1 -1 0 872.84 367.9 -3 1656.38 2 92 823.22 83614.37000000002 2837.56 1.6660630702972412 6
0 -1 1 676.61 454.7 -1 7276.41 12 85 577.7800000000001 72064.39 2188.04 8.960268020629883 6
1 -1 1 609.63 452.58000000000004 -1 1144.98 2 92 553.68 58376.35000000003 2113.62 11.928555011749268 6
0 -1 2 690.46 558.87 -1 7554.799999999999 12 85 583.33 73798.82000000005 2308.86 13.686502933502197 6
1 -1 2 640.02 456.52 -1 1255.9300000000003 2 92 626.1000000000001 61393.46000000003 2334.8200000000006 23.560418844223022 6
0 -1 3 804.62 370.82 -1 5973.0599999999995 12 85 370.82 80339.09000000001 1881.45 0.016123056411743164 6
1 -1 3 773.34 370.27 -1 744.3499999999999 2 92 370.27 72635.86000000003 1793.04 0.015140056610107422 6
0 -1 4 669.61 454.7 -1 7103.93 12 85 550.68 71124.35000000002 2106.74 7.23026704788208 6
1 -1 4 611.69 464.09 -1 1131.9699999999998 2 92 549.86 58539.21000000001 2113.67 11.74923324584961 6
0 -1 5 629.79 508.15 -2 6301.159999999999 12 85 508.9 66134.84000000001 2034.85 11.56082820892334 6
1 -1 5 588.59 473.44 -1 1050.33 2 92 521.76 56250.73000000003 2038.72 18.386834859848022 6
0 -1 6 698.78 462.71000000000004 -1 7531.13 12 85 604.84 74458.41000000005 2277.23 11.922916173934937 6
1 -1 6 662.61 466.70000000000005 -2 1249.94 2 92 624.53 63459.610000000015 2340.29 20.84702491760254 6
0 -1 7 627.1 279.45 -4 10154.77 12 85 841.43 73613.01000000001 2803.74 2.209322929382324 6
1 -1 7 590.09 412.88 -4 2149.7499999999995 2 92 1074.07 58587.94999999998 3635.09 5.304241895675659 6
0 -1 8 593.35 275.67 -2 10036.67 12 85 821.1300000000001 70508.35000000002 2739.0600000000004 2.149164915084839 6
1 -1 8 528.49 355.22 -2 1959.9200000000005 2 92 979.8300000000005 52540.630000000034 3294.710000000002 5.76789402961731 6
random:7T:300
0 -1 0 93.58 0 -16 1638.1599999999999 11 84 129.24 11136.790000000005 387.72 0.20131206512451172 7
1 -1 0 91.86 0 -15 129.43 1 91 129.43 8618.21 388.29 0.26871490478515625 7
0 -1 1 99.25 0 -11 1508.91 11 84 130.39 11354.930000000002 391.16999999999996 0.15335392951965332 7
1 -1 1 84.71 0.0 -11 126.24 1 91 126.24 7961.25 378.71999999999997 0.2530670166015625 7
0 -1 2 84.2 0 -8 1401.09 11 84 120.17 9875.139999999996 360.51 3.173550844192505 7
1 -1 2 75.3 0.0 -13 126.24 1 91 126.24 7104.560000000003 378.71999999999997 5.297805070877075 7
0 -1 3 69.89 0.0 -11 480.9700000000001 11 84 24.41 6832.450000000001 73.23 0.006376981735229492 7
1 -1 3 72.44 0.0 -16 0.0 1 91 0.0 6592.0700000000015 0.0 0.007128000259399414 7
0 -1 4 99.25 0 -11 1508.91 11 84 130.39 11354.930000000002 391.16999999999996 0.15796923637390137 7
1 -1 4 84.71 0.0 -11 126.24 1 91 126.24 7961.25 378.71999999999997 0.2580709457397461 7
0 -1 5 71.73 0 -16 811.33 11 84 24.79 7648.150000000004 74.37 2.3650808334350586 7
1 -1 5 68.79 0 -17 73.57 1 91 73.57 6406.729999999999 220.70999999999998 4.455168962478638 7
0 -1 6 95.02 0 -15 1506.52 11 84 129.24 10994.31 387.72 3.772292137145996 7
1 -1 6 91.86 0 -15 129.43 1 91 129.43 8618.21 388.29 7.715186834335327 7
0 -1 7 95.02 0 -15 1506.52 11 84 129.24 10994.31 387.72 0.9461150169372559 7
1 -1 7 91.86 0 -15 129.43 1 91 129.43 8618.21 388.29 1.531904935836792 7
0 -1 8 84.2 0 -8 1401.09 11 84 120.17 9875.139999999996 360.51 0.7913742065429688 7
1 -1 8 75.3 0.0 -13 126.24 1 91 126.24 7104.560000000003 378.71999999999997 1.1858203411102295 7
random:7T:600
0 -1 0 293.29 0 -3 3751.6399999999994 11 84 300.5 32139.550000000007 901.5 0.4672279357910156 7
1 -1 0 283.4 0 -5 272.58 1 91 272.58 26334.52000000001 817.74 0.5348870754241943 7
0 -1 1 268.47 131.97000000000017 -2 2042.1100000000001 11 84 184.14 26635.340000000004 684.3900000000001 6.720566749572754 7
1 -1 1 254.84 201.11999999999998 -1 263.52 1 91 263.52 23717.269999999986 991.68 3.978498935699463 7
0 -1 2 241.48 182.89 -1 2139.31 11 84 183.29 24562.54000000001 732.76 6.843291997909546 7
1 -1 2 224.98 160.86 -4 183.21 1 91 183.21 20839.909999999993 710.49 9.635974168777466 7
0 -1 3 251.79 69.09 -1 1813.5899999999997 11 84 160.58 24777.880000000005 550.83 0.00935506820678711 7
1 -1 3 236.53 0.0 -2 0.0 1 91 0.0 21524.62 0.0 0.01300811767578125 7
0 -1 4 268.47 131.97000000000017 -2 2042.1100000000001 11 84 184.14 26635.340000000004 684.3900000000001 6.807286024093628 7
1 -1 4 254.84 201.11999999999998 -1 263.52 1 91 263.52 23717.269999999986 991.68 3.5801289081573486 7
0 -1 5 217.6 101.88999999999997 -1 1887.02 11 84 160.66 22052.719999999976 583.87 9.059951066970825 7
1 -1 5 218.64 96.74999999999999 -1 171.51 1 91 171.51 20238.999999999993 611.28 12.08237910270691 7
0 -1 6 265.05 152.66 -1 2041.5600000000004 11 84 183.88 26347.71000000001 704.3 7.365857839584351 7
1 -1 6 260.24 136.22 -1 183.92 1 91 183.92 24049.95000000001 687.98 13.259637832641602 7
0 -1 7 281.77 89.06 -2 2950.7000000000003 11 84 264.85 29570.25000000001 883.6100000000001 2.0674610137939453 7
1 -1 7 262.35 128.41 -1 296.52000000000015 1 91 296.52000000000015 24466.860000000008 1017.9700000000004 3.3798210620880127 7
0 -1 8 261.46 150.12 -2 3626.9599999999996 11 84 327.28999999999996 29216.35999999999 1131.9899999999998 1.9280598163604736 7
1 -1 8 224.58 147.51 -2 326.0800000000001 1 91 326.0800000000001 21088.859999999993 1125.7500000000002 4.072077035903931 7
random:7T:900
0 -1 0 494.94 179.74 -1 5539.110000000001 11 84 459.59 52652.99999999998 1558.51 0.678973913192749 7
1 -1 0 482.12 103.57 -2 352.68 1 91 352.68 44578.24 1161.61 0.853003978729248 7
0 -1 1 421.52 303.1900000000002 -2 3838.33 11 84 345.06 43084.27000000002 1338.3700000000003 11.893929958343506 7
1 -1 1 398.46 339.99 -1 392.4 1 91 392.4 37044.409999999974 1517.1899999999998 5.003782749176025 7
0 -1 2 411.03 331.33 -2 3765.03 11 84 334.62 42056.40999999996 1335.19 8.79160213470459 7
1 -1 2 381.2 324.05 -4 342.38 1 91 342.38 35374.01999999999 1351.1899999999998 14.258568048477173 7
0 -1 3 431.63 278.46 -2 3189.25 11 84 278.46 42635.62 1145.7199999999998 0.012683868408203125 7
1 -1 3 414.74 148.9 -1 148.9 1 91 148.9 38039.12999999999 691.0400000000001 0.010190725326538086 7
0 -1 4 421.52 303.1900000000002 -2 3838.33 11 84 345.06 43084.27000000002 1338.3700000000003 10.842174053192139 7
1 -1 4 398.52 339.99 -1 392.4 1 91 392.4 37049.82999999997 1517.1899999999998 4.909358978271484 7
0 -1 5 379.91 298.56 -4 3599.3 11 84 314.52 39110.87999999997 1242.12 6.727375745773315 7
1 -1 5 366.81 302.48 -1 328.33000000000004 1 91 328.33000000000004 34036.06000000001 1287.4700000000003 12.644863367080688 7
0 -1 6 430.83 345.64 -1 4104.9800000000005 11 84 349.2 44399.82 1393.2399999999998 9.268279790878296 7
1 -1 6 404.07 324.78 -1 346.25 1 91 346.25 37462.48000000002 1363.53 16.408950090408325 7
0 -1 7 449.69 184.17 -2 5855.179999999999 11 84 529.6899999999999 49484.59 1773.2399999999998 2.6689369678497314 7
1 -1 7 378.51 216.07 -2 594.0000000000007 1 91 594.0000000000007 35632.48000000001 1998.070000000002 5.900671005249023 7
0 -1 8 413.39 217.66 -2 6576.759999999999 11 84 594.75 47878.44999999999 2001.91 2.6746809482574463 7
1 -1 8 332.23 216.23 -2 624.0800000000019 1 91 624.0800000000019 31480.760000000013 2088.4700000000057 7.539389133453369 7
random:7T:1200
0 -1 0 686.13 243.11 -2 8442.02 11 84 701.94 74519.20000000004 2348.9300000000003 0.9025928974151611 7
1 -1 0 678.28 192.12 -2 578.0500000000001 1 91 578.0500000000001 62879.85999999999 1926.27 1.0980360507965088 7
0 -1 1 549.16 406.44 -1 5528.410000000001 11 84 490.45000000000005 57186.47000000003 1877.7900000000002 10.135499954223633 7
1 -1 1 521.32 413.46000000000004 -1 507.11999999999995 1 91 507.11999999999995 48454.35 1934.82 8.348631143569946 7
0 -1 2 570.72 469.99000000000007 -2 5499.389999999999 11 84 493.13000000000005 58939.41999999999 1949.38 11.181596994400024 7
1 -1 2 512.88 442.81 -1 502.57 1 91 502.57 47676.97999999999 1950.52 16.773727893829346 7
0 -1 3 620.46 359.28 -2 3980.2400000000007 11 84 359.28 60079.23999999998 1629.8799999999999 0.01182413101196289 7
1 -1 3 592.12 188.25 -1 188.25 1 91 188.25 54259.39 1004.9000000000001 0.014764070510864258 7
0 -1 4 545.78 406.44 -1 5528.410000000001 11 84 490.45000000000005 56902.41000000002 1877.7900000000002 10.220951795578003 7
1 -1 4 519.87 416.34000000000003 -1 472.41999999999996 1 91 472.41999999999996 48252.81999999999 1833.6 9.117164134979248 7
0 -1 5 535.92 422.78999999999996 -1 5214.299999999999 11 84 459.84000000000003 55445.82999999998 1802.31 9.91617488861084 7
1 -1 5 491.45 391.44 -1 483.37 1 91 483.37 45688.490000000034 1841.5500000000002 15.908811092376709 7
0 -1 6 594.08 415.11 -1 5880.43 11 84 490.17999999999995 61663.75 1885.65 11.434514999389648 7
1 -1 6 512.87 403.66 -1 478.71000000000004 1 91 478.71000000000004 47628.89999999998 1839.7900000000002 16.47579073905945 7
0 -1 7 579.99 285.08 -2 8448.4 11 84 765.08 65615.60999999999 2580.32 2.932638168334961 7
1 -1 7 469.66 301.26 -2 834.930000000001 1 91 834.930000000001 44408.72 2806.050000000003 6.275730133056641 7
0 -1 8 536.11 260.29 -1 8778.329999999998 11 84 779.8199999999999 62589.79999999999 2599.75 2.939012050628662 7
1 -1 8 425.37 270.62 -4 813.4600000000017 1 91 813.4600000000017 40335.229999999996 2711.000000000005 7.850590944290161 7
random:7T:1500
0 -1 0 836.47 268.66 -2 11365.14 11 84 941.0999999999999 92993.97999999998 3091.9599999999996 1.1028342247009277 7
1 -1 0 860.48 245.72000000000003 -1 764.6800000000001 1 91 764.6800000000001 79833.16 2539.76 1.3483662605285645 7
0 -1 1 702.42 521.86 -2 7187.13 11 84 635.05 73377.24999999999 2427.0099999999998 9.785406112670898 7
1 -1 1 627.66 468.40000000000003 -1 636.16 1 91 636.16 58389.09000000001 2376.88 10.330259084701538 7
0 -1 2 692.55 473.27 -1 7111.829999999999 11 84 626.37 72398.15 2352.38 12.123449087142944 7
1 -1 2 638.1 468.4 -1 652.39 1 91 652.39 59371.83000000001 2425.57 20.207938194274902 7
0 -1 3 811.89 503.59 -2 5614.440000000001 11 84 503.59 79427.22 2280.21 0.016273021697998047 7
1 -1 3 779.14 328.01 -1 328.01 1 91 328.01 71558.05999999998 1669.1399999999999 0.021302223205566406 7
0 -1 4 686.82 469.33000000000004 -2 7187.22 11 84 635.2099999999999 72067.06999999999 2374.9599999999996 10.71943998336792 7
1 -1 4 620.58 468.40000000000003 -1 636.88 1 91 636.88 57746.51000000001 2379.04 12.545927047729492 7
0 -1 5 671.0 514.83 -1 6735.75 11 84 585.86 69835.47000000007 2272.41 11.983814239501953 7
1 -1 5 605.7 440.23 -1 592.24 1 91 592.24 56303.539999999964 2216.95 17.27924418449402 7
0 -1 6 758.69 585.34 -2 7521.02 11 84 635.91 78771.78000000001 2493.07 14.594404220581055 7
1 -1 6 631.64 459.98 -2 618.98 1 91 618.98 58717.62000000001 2316.92 19.14537215232849 7
0 -1 7 697.64 391.44000000000005 -2 11368.9 11 84 1031.99 81339.52999999998 3487.4100000000003 4.029776096343994 7
1 -1 7 551.13 389.41999999999996 -1 1144.9600000000025 1 91 1144.9600000000025 52442.31000000002 3824.3000000000075 10.390492916107178 7
0 -1 8 645.61 290.77 -2 10088.710000000001 11 84 875.4899999999999 74409.02999999997 2917.24 3.445301055908203 7
1 -1 8 527.8 389.84999999999997 -2 1070.750000000003 1 91 1070.750000000003 50170.989999999976 3602.100000000009 12.296419143676758 7
random:8T:300
0 -1 0 85.71 0 -10 0 0 70 0 5999.4800000000005 0 0.16367197036743164 8
1 -1 0 94.11 0 -24 1824.69 12 105 94.05 13531.179999999995 282.15 0.30405712127685547 8
0 -1 1 80.98 0 -10 0 0 70 0 5668.35 0 0.1970221996307373 8
1 -1 1 91.92 0 -20 1429.8700000000001 12 105 0.0 12511.639999999998 0.0 0.346019983291626 8
0 -1 2 76.27 0.0 -9 0 0 70 0 5338.75 0.0 3.193236827850342 8
1 -1 2 74.94 0 -19 378.70000000000005 12 105 0.0 8626.349999999997 0.0 5.739988088607788 8
0 -1 3 72.95 0.0 -11 0 0 70 0 5106.669999999998 0.0 0.008079767227172852 8
1 -1 3 67.17 0.0 -27 0.0 12 105 0.0 7053.240000000002 0.0 0.008192062377929688 8
0 -1 4 80.98 0 -10 0 0 70 0 5668.35 0 0.17103791236877441 8
1 -1 4 91.92 0 -20 1429.8700000000001 12 105 0.0 12511.639999999998 0.0 0.29676222801208496 8
0 -1 5 66.16 0 -14 0 0 70 0 4630.92 0 2.433151960372925 8
1 -1 5 61.36 0 -31 391.19999999999993 12 105 0 7225.42 0 4.126733064651489 8
0 -1 6 85.71 0 -10 0 0 70 0 5999.4800000000005 0 3.4412600994110107 8
1 -1 6 92.68 0 -21 1654.1499999999999 12 105 94.05 13039.610000000002 282.15 6.285887956619263 8
0 -1 7 85.71 0 -10 0 0 70 0 5999.4800000000005 0 0.9136791229248047 8
1 -1 7 92.68 0 -21 1654.1499999999999 12 105 94.05 13039.610000000002 282.15 1.5948371887207031 8
0 -1 8 76.27 0.0 -9 0 0 70 0 5338.75 0.0 0.8150379657745361 8
1 -1 8 74.94 0 -19 378.70000000000005 12 105 0.0 8626.349999999997 0.0 1.3633689880371094 8
random:8T:600
0 -1 0 275.4 0 -1 0 0 70 0 19278.309999999998 0 0.3715689182281494 8
1 -1 0 263.95 0 -10 4251.54 12 105 176.06 36218.31000000003 528.1800000000001 0.6653501987457275 8
0 -1 1 253.18 200.05 -2 0 0 70 0 17722.530000000006 200.05 1.6626031398773193 8
1 -1 1 236.73 96.0200000000001 -2 2132.2999999999997 12 105 107.78999999999999 29121.019999999997 419.3900000000001 4.881260871887207 8
0 -1 2 229.23 177.41 -1 0 0 70 0 16046.26999999999 177.41 5.842729091644287 8
1 -1 2 219.16 75.95 -1 1872.6 12 105 81.75 26756.75000000002 321.2 14.35812520980835 8
0 -1 3 263.71 69.73 -1 0 0 70 0 18459.659999999993 69.73 0.007097959518432617 8
1 -1 3 222.26 0.0 -1 879.5300000000001 12 105 42.97 25096.799999999992 128.91 0.011403083801269531 8
0 -1 4 251.81 200.05 -2 0 0 70 0 17626.54 200.05 1.3467350006103516 8
1 -1 4 236.73 96.0200000000001 -2 2132.2999999999997 12 105 107.78999999999999 29121.019999999997 419.3900000000001 4.149284839630127 8
0 -1 5 214.99 157.03 -1 0 0 70 0 15049.55 157.03 4.37404990196228 8
1 -1 5 181.85 0.0 -2 1818.58 12 105 37.0 22731.88 111.0 8.558293104171753 8
0 -1 6 255.07 175.2700000000001 -1 0 0 70 0 17854.67000000001 175.2700000000001 6.514374732971191 8
1 -1 6 238.61 112.28999999999999 -1 2229.5399999999995 12 105 176.06 29513.56000000002 640.47 11.54867696762085 8
0 -1 7 255.07 175.2700000000001 -1 0 0 70 0 17854.67000000001 175.2700000000001 1.4559438228607178 8
1 -1 7 245.4 96.39 -3 2740.6999999999994 12 105 214.95999999999995 31248.350000000017 741.2699999999999 2.606332778930664 8
0 -1 8 229.23 177.41 -1 0 0 70 0 16046.26999999999 177.41 1.1073029041290283 8
1 -1 8 219.12 48.2 -1 1890.23 12 105 99.38000000000002 26788.460000000014 346.3400000000001 2.684446096420288 8
random:8T:900
0 -1 0 488.32 210.2 -1 0 0 70 0 34182.710000000014 210.2 0.5786569118499756 8
1 -1 0 437.08 0 -6 6550.09 12 105 312.48 58993.659999999996 937.44 0.816554069519043 8
0 -1 1 408.71 332.68999999999994 -1 0 0 70 0 28609.909999999996 332.68999999999994 2.834656000137329 8
1 -1 1 382.2 246.45 -2 4034.750000000001 12 105 290.84999999999997 48200.79999999997 1119.0 4.601978302001953 8
0 -1 2 397.18 327.40999999999997 -2 0 0 70 0 27802.93999999999 327.40999999999997 7.843003988265991 8
1 -1 2 353.03 235.09 -4 3722.0099999999998 12 105 258.9 44511.86999999997 1011.79 13.171152114868164 8
0 -1 3 451.18 310.81 -1 0 0 70 0 31582.780000000017 310.81 0.008975028991699219 8
1 -1 3 391.6 164.7 -2 2057.38 12 105 164.7 45232.66 740.76 0.013330936431884766 8
0 -1 4 407.29 332.69 -1 0 0 70 0 28510.649999999987 332.69 3.6841061115264893 8
1 -1 4 381.26 246.45 -2 4034.750000000001 12 105 290.84999999999997 48102.01999999998 1119.0 5.829208135604858 8
0 -1 5 368.79 304.57 -2 0 0 70 0 25815.200000000004 304.57 8.08344292640686 8
1 -1 5 313.1 195.6 -2 2872.78 12 105 227.06 38620.700000000026 876.7800000000001 12.749538660049438 8
0 -1 6 421.12 346.28999999999996 -1 0 0 70 0 29478.11999999999 346.28999999999996 8.665107011795044 8
1 -1 6 393.48 285.48 -4 4052.1499999999996 12 105 334.37 49419.760000000024 1288.5900000000001 16.316944122314453 8
0 -1 7 421.12 346.28999999999996 -1 0 0 70 0 29478.11999999999 346.28999999999996 1.931128978729248 8
1 -1 7 395.13 188.19 -3 5470.6900000000005 12 105 453.98 52429.609999999964 1550.13 3.4777748584747314 8
0 -1 8 397.18 327.40999999999997 -2 0 0 70 0 27802.93999999999 327.40999999999997 1.9550261497497559 8
1 -1 8 354.93 161.76 -1 4176.82 12 105 322.78999999999996 45621.00999999998 1130.1299999999999 3.5872421264648438 8
random:8T:1200
0 -1 0 698.08 365.27 -1 0 0 70 0 48865.54999999998 365.27 0.7551829814910889 8
1 -1 0 609.56 0 -6 9196.600000000002 12 105 368.55 82396.65000000004 1105.65 1.14555025100708 8
0 -1 1 557.23 429.43 -1 0 0 70 0 39006.360000000015 429.43 5.685662031173706 8
1 -1 1 513.47 394.58000000000015 -2 5628.72 12 105 404.87 65171.58000000003 1609.1900000000003 9.899678945541382 8
0 -1 2 526.11 459.74 -1 0 0 70 0 36827.61 459.74 10.085432767868042 8
1 -1 2 487.92 360.83000000000004 -2 4963.64 12 105 365.48 61158.840000000004 1457.27 18.256375074386597 8
0 -1 3 659.25 552.46 -1 0 0 70 0 46147.709999999985 552.46 0.010342836380004883 8
1 -1 3 556.2 195.96 -2 2805.26 12 105 195.96 64011.14000000002 1029.74 0.013221979141235352 8
0 -1 4 556.1 465.98 -1 0 0 70 0 38926.750000000015 465.98 5.745214939117432 8
1 -1 4 509.95 394.67 -2 5644.52 12 105 403.81 64833.61999999997 1606.1000000000001 9.916191101074219 8
0 -1 5 502.33 436.39 -2 0 0 70 0 35162.84 436.39 9.467751026153564 8
1 -1 5 443.2 281.08000000000004 -1 4240.049999999999 12 105 281.08000000000004 55016.280000000006 1124.43 16.09372115135193 8
0 -1 6 541.34 431.61 -1 0 0 70 0 37894.03 431.61 10.92090892791748 8
1 -1 6 541.67 408.89 -1 5990.7300000000005 12 105 490.45000000000005 68857.13999999997 1880.2400000000002 22.4458270072937 8
0 -1 7 541.34 431.61 -1 0 0 70 0 37894.03 431.61 1.8593909740447998 8
1 -1 7 508.05 238.54 -3 8018.38 12 105 657.1700000000001 69382.06999999995 2210.05 3.6265909671783447 8
0 -1 8 526.11 459.74 -1 0 0 70 0 36827.61 459.74 2.0198371410369873 8
1 -1 8 468.61 224.04 -1 6935.609999999999 12 105 574.5 63074.84999999998 1947.54 4.122395038604736 8
random:8T:1500
0 -1 0 914.62 556.4100000000001 -1 0 0 70 0 64023.63000000002 556.4100000000001 0.994290828704834 8
1 -1 0 751.23 0 -6 11836.53 12 105 381.02 102552.02000000005 1143.06 1.4248666763305664 8
0 -1 1 664.72 555.86 -1 0 0 70 0 46530.149999999994 555.86 6.513511896133423 8
1 -1 1 627.47 447.61 -1 6451.599999999999 12 105 532.76 78787.07000000007 2045.8899999999999 13.44759202003479 8
0 -1 2 650.26 489.5 -1 0 0 70 0 45518.43999999996 489.5 10.884684085845947 8
1 -1 2 607.31 453.66999999999996 -2 6158.2699999999995 12 105 474.89 76084.23999999995 1878.3400000000001 19.475838899612427 8
0 -1 3 855.98 769.85 -1 0 0 70 0 59918.850000000006 769.85 0.015565156936645508 8
1 -1 3 736.58 347.71000000000004 -2 4273.51 12 105 347.71000000000004 85887.79 1730.6600000000003 0.015635013580322266 8
0 -1 4 673.43 556.55 -1 0 0 70 0 47140.06999999999 556.55 7.121695041656494 8
1 -1 4 621.02 446.73 -1 6426.779999999998 12 105 532.11 78060.45 2043.06 15.249723196029663 8
0 -1 5 635.17 536.88 -1 0 0 70 0 44461.98999999999 536.88 10.459722995758057 8
1 -1 5 573.27 417.04999999999995 -2 5992.08 12 105 436.00000000000006 72177.71000000004 1725.0500000000002 16.770092964172363 8
0 -1 6 666.24 550.75 -2 0 0 70 0 46636.76999999998 550.75 10.311718940734863 8
1 -1 6 645.66 449.8 -1 6580.219999999999 12 105 536.62 80954.50999999998 2059.6600000000003 22.05008602142334 8
0 -1 7 666.24 550.75 -2 0 0 70 0 46636.76999999998 550.75 2.202134132385254 8
1 -1 7 609.49 282.29 -4 10331.37 12 105 850.6800000000001 84659.69999999995 2834.33 4.40221905708313 8
0 -1 8 650.26 489.5 -1 0 0 70 0 45518.43999999996 489.5 2.179964065551758 8
1 -1 8 560.39 263.12 -2 9399.83 12 105 781.71 77640.42000000001 2608.25 4.039112091064453 8
random:9T:300
0 -1 0 100.87 0.0 -3 207.81 3 73 30.84 7779.4900000000025 92.52 0.16058778762817383 9
1 -1 0 100.28 0.0 -8 2072.16 14 107 0.0 14873.790000000006 0.0 0.2771730422973633 9
0 -1 1 100.28 0.0 -1 235.33 3 73 66.53 7791.360000000002 199.59 0.14315104484558105 9
1 -1 1 98.76 0.0 -6 1566.4199999999998 14 107 0.0 13699.65 0.0 0.22530293464660645 9
0 -1 2 100.28 0.0 -1 235.33 3 73 66.53 7791.360000000002 199.59 2.6151652336120605 9
1 -1 2 93.34 0.0 -7 550.94 14 107 0.0 11089.319999999992 0.0 5.942776918411255 9
0 -1 3 94.4 0.0 -9 56.04 3 73 0.0 7003.610000000002 0.0 0.010595083236694336 9
1 -1 3 90.6 0.0 -14 326.13 14 107 0.0 10346.200000000004 0.0 0.013309955596923828 9
0 -1 4 100.28 0.0 -1 235.33 3 73 66.53 7791.360000000002 199.59 0.1506056785583496 9
1 -1 4 98.76 0.0 -6 1566.4199999999998 14 107 0.0 13699.65 0.0 0.28693103790283203 9
0 -1 5 86.14 0.0 -6 173.12 3 73 43.99 6634.819999999999 131.97 2.3313090801239014 9
1 -1 5 85.31 0.0 -13 645.6500000000002 14 107 0.0 10419.540000000003 0.0 4.4584150314331055 9
0 -1 6 98.01 0.0 -3 226.91000000000003 3 73 41.68 7608.83 125.03999999999999 2.3811256885528564 9
1 -1 6 100.66 0 -6 1744.32 14 107 18.54 14259.250000000002 55.62 6.383839845657349 9
0 -1 7 98.01 0.0 -3 226.91000000000003 3 73 41.68 7608.83 125.03999999999999 0.6178779602050781 9
1 -1 7 100.66 0 -6 1744.32 14 107 18.54 14259.250000000002 55.62 1.4298510551452637 9
0 -1 8 100.28 0.0 -1 235.33 3 73 66.53 7791.360000000002 199.59 0.7142231464385986 9
1 -1 8 93.34 0.0 -7 550.94 14 107 0.0 11089.319999999992 0.0 1.334078073501587 9
random:9T:600
0 -1 0 306.32 178.25 -1 800.61 3 73 258.24 23962.490000000013 952.97 0.4097461700439453 9
1 -1 0 285.21 27.73 -1 4758.9 14 107 153.2 40035.19000000001 487.33 0.657804012298584 9
0 -1 1 267.23 218.3 -3 755.4100000000001 3 73 244.45 21018.670000000002 951.6499999999999 1.6104657649993896 9
1 -1 1 251.07 186.68 -2 2795.9499999999994 14 107 186.68 32456.520000000004 750.6899999999999 2.6456379890441895 9
0 -1 2 267.23 218.3 -3 755.4100000000001 3 73 244.45 21018.670000000002 951.6499999999999 4.763492107391357 9
1 -1 2 259.23 194.43999999999997 -1 3168.41 14 107 194.43999999999997 34074.509999999995 778.9 10.730746746063232 9
0 -1 3 293.63 128.55 -1 458.18 3 73 135.42000000000002 22351.399999999994 534.8100000000001 0.010465860366821289 9
1 -1 3 274.01 69.62 -1 2200.96 14 107 115.91 33721.41 417.35 0.01070094108581543 9
0 -1 4 267.23 218.3 -3 755.4100000000001 3 73 244.45 21018.670000000002 951.6499999999999 1.7402169704437256 9
1 -1 4 251.07 186.68 -2 2795.9499999999994 14 107 186.68 32456.520000000004 750.6899999999999 2.788591146469116 9
0 -1 5 244.17 190.73999999999998 -1 692.06 3 73 228.69 19208.829999999994 876.81 3.7482922077178955 9
1 -1 5 244.02 170.91 -1 2863.5500000000006 14 107 172.68 31837.469999999994 688.9499999999999 9.61596131324768 9
0 -1 6 272.78 216.54 -3 729.64 3 73 221.31 21372.51 880.47 4.809659004211426 9
1 -1 6 254.67 178.63 -2 2618.8299999999995 14 107 178.63 32487.660000000014 714.75 10.187134027481079 9
0 -1 7 264.63 178.25 -3 899.99 3 73 297.65 21118.029999999995 1071.1999999999998 1.2269961833953857 9
1 -1 7 262.51 122.87 -1 3553.6399999999994 14 107 237.67 35195.64000000002 835.88 2.283818006515503 9
0 -1 8 253.16 179.49 -3 904.4600000000002 3 73 300.54 20289.460000000006 1081.1100000000001 1.0402979850769043 9
1 -1 8 255.86 177.89 -3 3237.3199999999997 14 107 225.70999999999992 33851.19 855.0199999999998 2.6436119079589844 9
random:9T:900
0 -1 0 509.73 279.8 -1 1418.77 3 73 457.03000000000003 40048.10999999999 1650.89 0.7383880615234375 9
1 -1 0 465.77 150.53 -1 7301.26 14 107 303.86 64439.85000000002 1062.1100000000001 0.9801199436187744 9
0 -1 1 431.11 371.82 -3 1210.0700000000002 3 73 390.85 33891.250000000015 1544.3700000000001 3.828780174255371 9
1 -1 1 410.3 321.32 -3 4870.5599999999995 14 107 333.16 53643.32999999998 1320.8 6.7228569984436035 9
0 -1 2 431.11 371.82 -3 1210.0700000000002 3 73 390.85 33891.250000000015 1544.3700000000001 6.825506925582886 9
1 -1 2 424.8 333.15000000000003 -3 5430.41 14 107 349.53 56314.039999999986 1381.74 14.126989126205444 9
0 -1 3 501.52 253.71999999999997 -1 859.99 3 73 253.71999999999997 38331.090000000004 1118.7299999999998 0.013276338577270508 9
1 -1 3 443.79 180.92000000000002 -1 3438.96 14 107 180.92000000000002 54363.930000000015 853.49 0.02028203010559082 9
0 -1 4 431.11 371.82 -3 1210.0700000000002 3 73 390.85 33891.250000000015 1544.3700000000001 3.776854991912842 9
1 -1 4 410.32 321.32 -3 4870.57 14 107 333.16 53644.89999999998 1320.8 6.511102914810181 9
0 -1 5 408.84 343.08000000000015 -3 1194.1399999999999 3 73 392.87 32233.809999999994 1521.6900000000003 6.516513109207153 9
1 -1 5 400.9 314.27 -3 4642.8600000000015 14 107 317.2900000000001 52182.47999999997 1266.1400000000003 12.706888198852539 9
0 -1 6 436.17 368.96999999999997 -3 1188.88 3 73 369.17 34218.01999999998 1476.48 5.798559904098511 9
1 -1 6 410.93 314.14000000000004 -1 4872.31 14 107 332.23999999999995 53714.48 1310.86 11.960958003997803 9
0 -1 7 400.89 233.09 -3 1665.83 3 73 551.5599999999998 32596.879999999994 1887.7699999999993 1.5649652481079102 9
1 -1 7 416.01 202.71 -1 6415.889999999999 14 107 429.0899999999999 57345.00999999997 1489.9799999999998 2.7965428829193115 9
0 -1 8 362.68 233.77 -3 1698.3400000000004 3 73 565.8100000000002 29872.14 1931.2000000000005 1.3590881824493408 9
1 -1 8 391.16 232.89 -3 6328.530000000001 14 107 444.71 54510.72 1567.02 2.6172029972076416 9
random:9T:1200
0 -1 0 719.44 395.09000000000003 -1 2059.8900000000003 3 73 665.47 56638.97999999998 2391.5 0.7357401847839355 9
1 -1 0 641.22 217.88 -1 10115.030000000002 14 107 434.44 88840.76 1521.1999999999998 1.0929710865020752 9
0 -1 1 584.02 523.7700000000001 -3 1659.69 3 73 546.6300000000001 45952.69000000001 2163.6600000000003 5.130182981491089 9
1 -1 1 546.61 413.2 -1 6852.410000000001 14 107 438.2799999999999 72191.68 1728.0399999999997 8.58850383758545 9
0 -1 2 584.02 523.7700000000001 -3 1659.69 3 73 546.6300000000001 45952.69000000001 2163.6600000000003 7.889261722564697 9
1 -1 2 554.52 453.53999999999996 -3 6640.450000000001 14 107 453.88000000000005 72614.46999999999 1815.18 15.73534107208252 9
0 -1 3 702.32 348.59 -1 1176.1499999999999 3 73 348.59 53621.77 1660.13 0.013010978698730469 9
1 -1 3 633.98 321.78999999999996 -1 4950.709999999999 14 107 321.78999999999996 77737.41999999998 1503.9699999999998 0.02114725112915039 9
0 -1 4 584.02 523.7700000000001 -3 1659.69 3 73 546.6300000000001 45952.69000000001 2163.6600000000003 5.963238000869751 9
1 -1 4 546.61 413.2 -1 6852.410000000001 14 107 438.2799999999999 72191.68 1728.0399999999997 9.374114990234375 9
0 -1 5 569.99 497.6300000000001 -3 1667.31 3 73 546.32 44943.85999999999 2136.59 8.192945718765259 9
1 -1 5 548.62 435.75000000000017 -3 6634.259999999999 14 107 445.27 71971.33999999998 1771.5600000000002 16.550387859344482 9
0 -1 6 592.73 501.63 -1 1705.0700000000002 3 73 537.46 46679.34999999999 2114.01 8.038310050964355 9
1 -1 6 548.29 404.38 -1 6910.74 14 107 433.47999999999996 72488.21000000002 1704.8199999999997 14.549421787261963 9
0 -1 7 518.95 267.08 -6 2405.16 3 73 796.04 42693.87000000001 2655.2 1.8823058605194092 9
1 -1 7 551.59 246.5 -1 9391.6 14 107 648.51 77802.99 2192.0299999999997 3.427887201309204 9
0 -1 8 455.34 269.18 -3 2443.5699999999997 3 73 810.8799999999999 38126.84 2701.8199999999993 1.6559040546417236 9
1 -1 8 505.52 263.05 -3 9493.18 14 107 668.21 73077.0 2267.6800000000003 3.3085408210754395 9
random:9T:1500
0 -1 0 926.42 522.01 -1 2696.52 3 73 876.73 73021.48999999999 3152.2 0.9253239631652832 9
1 -1 0 816.42 254.82 -1 13241.259999999998 14 107 515.85 113838.95999999998 1802.3700000000001 1.4032118320465088 9
0 -1 1 734.83 669.5400000000001 -3 2183.8999999999996 3 73 704.0500000000001 58010.729999999996 2781.69 6.631897211074829 9
1 -1 1 692.0 478.14000000000004 -1 8790.8 14 107 594.1199999999999 91625.76999999999 2260.4999999999995 11.354151010513306 9
0 -1 2 734.83 669.5400000000001 -3 2183.8999999999996 3 73 704.0500000000001 58010.729999999996 2781.69 9.570466041564941 9
1 -1 2 704.4 588.09 -3 8735.279999999999 14 107 601.84 92841.84000000001 2393.61 18.397921085357666 9
0 -1 3 911.0 500.28999999999996 -1 1542.6799999999998 3 73 500.28999999999996 69588.15000000001 2363.09 0.019742250442504883 9
1 -1 3 808.72 371.89 -1 6461.44 14 107 371.89 99456.41000000002 1883.16 0.017583847045898438 9
0 -1 4 734.83 669.5400000000001 -3 2183.8999999999996 3 73 704.0500000000001 58010.729999999996 2781.69 7.065469980239868 9
1 -1 4 692.54 467.27 -2 8772.890000000001 14 107 594.05 91647.58999999998 2249.42 11.280226707458496 9
0 -1 5 715.24 643.3599999999999 -3 2118.7700000000004 3 73 693.2 56450.279999999984 2722.96 9.053654670715332 9
1 -1 5 700.4 565.3599999999993 -3 8809.239999999998 14 107 601.8699999999999 92561.61999999997 2370.969999999999 19.90325665473938 9
0 -1 6 724.25 538.0899999999999 -1 2125.74 3 73 685.8 57121.54 2595.49 8.672977209091187 9
1 -1 6 683.19 479.18 -1 8594.989999999998 14 107 594.8000000000001 90291.33999999997 2263.58 16.41121816635132 9
0 -1 7 660.34 408.65999999999997 -3 3125.5400000000004 3 73 1040.3 54455.98 3529.5599999999995 2.2727019786834717 9
1 -1 7 678.64 295.66 -6 11882.839999999998 14 107 840.41 96380.58000000002 2816.89 3.8104162216186523 9
0 -1 8 583.7 410.46000000000004 -3 3160.7 3 73 1052.83 48931.79 3568.95 1.8977439403533936 9
1 -1 8 605.3 282.52 -3 12095.960000000003 14 107 844.5600000000001 88958.97000000004 2816.2000000000003 3.8234589099884033 9
