random:2T:300
0 -1 0 106.9 0.0 -3 1399.1 8 71 168.94 10388.340000000002 506.82 0.08435606956481934 2
1 -1 0 116.68 0.0 -3 0 0 68 0 7934.420000000003 0.0 0.09876489639282227 2
0 -1 1 110.96 0.0 -3 1072.04 8 71 129.71 10021.96 389.13 0.04670906066894531 2
1 -1 1 110.33 0.0 -2 0 0 68 0 7502.169999999999 0.0 0.06506991386413574 2
0 -1 2 102.91 0.0 -4 820.18 8 71 95.29 8946.74 285.87 0.830747127532959 2
1 -1 2 100.32 0.0 -10 0 0 68 0 6821.560000000001 0.0 1.020582914352417 2
0 -1 3 108.5 0.0 -5 471.14 8 71 47.35 8645.839999999998 142.05 0.003756999969482422 2
1 -1 3 109.14 0.0 -7 0 0 68 0 7421.690000000002 0.0 0.0039920806884765625 2
0 -1 4 110.96 0.0 -3 1072.04 8 71 129.71 10021.96 389.13 0.06324028968811035 2
1 -1 4 110.33 0.0 -2 0 0 68 0 7502.169999999999 0.0 0.07050418853759766 2
0 -1 5 70.89 0.0 -12 501.79999999999995 8 71 5.52 6036.820000000003 16.56 0.6181638240814209 2
1 -1 5 81.72 0.0 -9 0 0 68 0 5557.279999999999 0.0 0.96309494972229 2
0 -1 6 106.19 0.0 -1 1100.5600000000002 8 71 133.18 9740.700000000006 399.54 1.101560115814209 2
1 -1 6 119.47 16.94 -1 0 0 68 0 8123.88 16.94 1.5074403285980225 2
0 -1 7 106.19 0.0 -1 1100.5600000000002 8 71 133.18 9740.700000000006 399.54 0.2655611038208008 2
1 -1 7 119.47 16.94 -1 0 0 68 0 8123.88 16.94 0.33010196685791016 2
0 -1 8 102.91 0.0 -4 820.18 8 71 95.29 8946.74 285.87 0.22681498527526855 2
1 -1 8 100.32 0.0 -10 0 0 68 0 6821.560000000001 0.0 0.2554299831390381 2
random:2T:600
0 -1 0 316.26 76.65 -1 3030.74 8 71 373.49 28515.890000000003 1197.1200000000001 0.1961970329284668 2
1 -1 0 337.17 229.54000000000002 -2 0 0 68 0 22927.620000000003 229.54000000000002 0.1851649284362793 2
0 -1 1 295.36 223.98999999999998 -4 2252.48 8 71 280.49 25475.77 1065.46 0.5433700084686279 2
1 -1 1 294.04 250.66000000000003 -1 0 0 68 0 19994.409999999993 250.66000000000003 0.660473108291626 2
0 -1 2 285.17 220.0 -4 2109.6400000000003 8 71 261.85 24466.460000000006 1005.5500000000001 1.5874168872833252 2
1 -1 2 271.88 210.51 -1 0 0 68 0 18487.730000000014 210.51 2.0004959106445312 2
0 -1 3 304.58 165.68 -2 1345.94 8 71 165.68 24316.899999999998 670.7 0.004322052001953125 2
1 -1 3 321.11 185.63 -1 0 0 68 0 21835.19 185.63 0.004606962203979492 2
0 -1 4 295.36 223.98999999999998 -4 2252.48 8 71 280.49 25475.77 1065.46 0.55722975730896 2
1 -1 4 294.04 250.66000000000003 -1 0 0 68 0 19994.409999999993 250.66000000000003 0.6846797466278076 2
0 -1 5 235.22 163.67 -1 1457.52 8 71 171.89 19615.70000000001 679.3399999999999 1.693303108215332 2
1 -1 5 256.76 199.05 -2 0 0 68 0 17459.72000000001 199.05 1.8241300582885742 2
0 -1 6 293.91 223.11 -2 2146.68 8 71 252.75 25161.229999999996 981.36 1.676825761795044 2
1 -1 6 322.62 286.45 -1 0 0 68 0 21938.390000000007 286.45 2.2756710052490234 2
0 -1 7 292.4 155.49 -2 2873.5999999999995 8 71 358.84000000000003 26507.559999999983 1232.01 0.4122138023376465 2
1 -1 7 322.62 286.45 -1 0 0 68 0 21938.390000000007 286.45 0.5280048847198486 2
0 -1 8 283.53 161.39 -2 2696.34 8 71 336.07 25523.53000000001 1169.6 0.4320199489593506 2
1 -1 8 271.88 210.51 -1 0 0 68 0 18487.730000000014 210.51 0.45885610580444336 2
random:2T:900
0 -1 0 540.46 315.94 -1 4888.219999999999 8 71 600.66 48149.01000000002 2117.92 0.2905290126800537 2
1 -1 0 552.29 383.81 -2 0 0 68 0 37556.05 383.81 0.26222991943359375 2
0 -1 1 462.39 371.90999999999997 -2 3560.5999999999995 8 71 439.95 39950.61999999997 1691.7599999999998 1.0697481632232666 2
1 -1 1 445.53 381.82 -2 0 0 68 0 30296.030000000013 381.82 1.226511001586914 2
0 -1 2 462.52 375.6900000000001 -2 3385.9799999999996 8 71 417.79999999999995 39610.590000000004 1629.09 2.5643818378448486 2
1 -1 2 436.83 368.5 -2 0 0 68 0 29704.55999999999 368.5 2.506009817123413 2
0 -1 3 515.02 307.71000000000004 -2 2503.98 8 71 307.71000000000004 41574.54000000002 1327.13 0.005167961120605469 2
1 -1 3 544.35 429.37 -1 0 0 68 0 37015.91 429.37 0.0060040950775146484 2
0 -1 4 462.39 371.90999999999997 -2 3560.5999999999995 8 71 439.95 39950.61999999997 1691.7599999999998 1.0777840614318848 2
1 -1 4 442.03 381.15000000000003 -1 0 0 68 0 30057.840000000015 381.15000000000003 1.1387560367584229 2
0 -1 5 417.9 328.55 -4 2800.2 8 71 328.62 35271.320000000014 1314.41 2.109039068222046 2
1 -1 5 424.16 357.2700000000001 -4 0 0 68 0 28842.840000000015 357.2700000000001 2.6039180755615234 2
0 -1 6 497.81 412.87 -1 3572.7000000000003 8 71 443.21000000000004 42490.080000000016 1742.5 2.4720680713653564 2
1 -1 6 508.06 447.91999999999996 -1 0 0 68 0 34547.87 447.91999999999996 3.1115150451660156 2
0 -1 7 444.41 220.6 -2 5026.160000000001 8 71 627.9300000000001 41605.43000000001 2104.3900000000003 0.6637020111083984 2
1 -1 7 508.06 447.91999999999996 -1 0 0 68 0 34547.87 447.91999999999996 0.6589701175689697 2
0 -1 8 429.0 223.84 -2 4859.860000000001 8 71 605.4100000000001 40178.670000000006 2040.0700000000002 0.6900498867034912 2
1 -1 8 436.83 368.5 -2 0 0 68 0 29704.55999999999 368.5 0.5727598667144775 2
random:2T:1200
0 -1 0 754.94 532.9 -1 6824.06 8 71 841.6600000000001 67248.94000000003 3057.8800000000006 0.41719913482666016 2
1 -1 0 779.84 603.36 -2 0 0 68 0 53029.03999999999 603.36 0.4164421558380127 2
0 -1 1 623.29 513.11 -1 4722.920000000001 8 71 585.78 53699.13000000004 2270.45 1.6943371295928955 2
1 -1 1 580.76 460.78000000000003 -1 0 0 68 0 39491.72000000001 460.78000000000003 1.716054916381836 2
0 -1 2 625.44 528.3000000000001 -1 4604.68 8 71 567.99 53615.919999999984 2232.27 3.2198610305786133 2
1 -1 2 580.12 495.5 -1 0 0 68 0 39447.959999999985 495.5 3.4573659896850586 2
0 -1 3 704.05 411.46000000000004 -2 3378.9400000000005 8 71 411.46000000000004 56745.32999999997 1885.8400000000001 0.007819890975952148 2
1 -1 3 758.83 663.87 -1 0 0 68 0 51600.61999999999 663.87 0.008706092834472656 2
0 -1 4 623.38 513.11 -1 4722.920000000001 8 71 585.78 53705.920000000035 2270.45 1.690514087677002 2
1 -1 4 571.18 457.21000000000004 -1 0 0 68 0 38840.56000000002 457.21000000000004 1.5889759063720703 2
0 -1 5 586.41 484.81 -1 4332.66 8 71 516.71 50300.23 2034.94 2.8523497581481934 2
1 -1 5 568.12 493.92 -2 0 0 68 0 38632.140000000014 493.92 3.0320088863372803 2
0 -1 6 662.82 538.35 -1 4770.579999999999 8 71 592.65 56601.049999999974 2316.2999999999997 3.1979687213897705 2
1 -1 6 697.62 624.55 -1 0 0 68 0 47438.39 624.55 3.9529500007629395 2
0 -1 7 589.71 323.98999999999995 -4 6989.300000000001 8 71 871.7500000000001 55847.75999999999 2939.2400000000002 0.8940882682800293 2
1 -1 7 697.62 624.55 -1 0 0 68 0 47438.39 624.55 0.8473720550537109 2
0 -1 8 562.59 275.67 -2 6630.76 8 71 823.14 53205.52999999996 2745.09 0.8600888252258301 2
1 -1 8 580.12 495.5 -1 0 0 68 0 39447.959999999985 495.5 0.7026259899139404 2
random:2T:1500
0 -1 0 964.62 699.23 -2 8846.74 8 71 1088.1200000000001 86181.38999999996 3963.5900000000006 0.485274076461792 2
1 -1 0 1008.57 824.86 -2 0 0 68 0 68582.46 824.86 0.48603391647338867 2
0 -1 1 775.67 663.12 -4 5830.219999999999 8 71 723.62 66732.78 2833.98 2.3425259590148926 2
1 -1 1 720.85 602.2900000000001 -1 0 0 68 0 49017.63999999998 602.2900000000001 2.4799561500549316 2
0 -1 2 775.19 591.6700000000001 -1 5711.660000000001 8 71 705.58 66462.10999999997 2708.4100000000003 3.573272228240967 2
1 -1 2 725.21 596.1899999999999 -2 0 0 68 0 49314.07000000002 596.1899999999999 3.934385061264038 2
0 -1 3 900.4 523.5100000000001 -2 4207.400000000001 8 71 523.5100000000001 72343.53999999996 2454.7700000000004 0.007105827331542969 2
1 -1 3 969.74 922.26 -1 0 0 68 0 65942.37 922.26 0.008029937744140625 2
0 -1 4 770.51 560.21 -1 5847.08 8 71 723.6299999999999 66400.24000000002 2731.0999999999995 2.2186710834503174 2
1 -1 4 715.73 598.47 -1 0 0 68 0 48669.66000000001 598.47 2.7403640747070312 2
0 -1 5 750.39 600.5999999999999 -1 5499.82 8 71 662.65 64277.46000000002 2588.5499999999997 3.3677258491516113 2
1 -1 5 696.35 549.12 -1 0 0 68 0 47351.699999999975 549.12 3.4090261459350586 2
0 -1 6 814.78 647.7800000000001 -2 6023.799999999999 8 71 749.1099999999999 69896.78000000001 2895.11 3.493957042694092 2
1 -1 6 863.37 779.21 -1 0 0 68 0 58709.19000000001 779.21 4.448564052581787 2
0 -1 7 723.61 424.53 -4 9032.220000000003 8 71 1127.3700000000001 69440.94000000002 3806.6400000000003 1.1847167015075684 2
1 -1 7 863.37 779.21 -1 0 0 68 0 58709.19000000001 779.21 1.1113569736480713 2
0 -1 8 697.82 417.68999999999994 -2 8187.8200000000015 8 71 1019.93 65920.75999999998 3477.48 1.113905906677246 2
1 -1 8 725.21 596.1899999999999 -2 0 0 68 0 49314.07000000002 596.1899999999999 0.9577391147613525 2
random:3T:300
0 -1 0 93.0 0 -20 213.18 2 82 82.85 8052.580000000003 248.54999999999998 0.14819598197937012 3
1 -1 0 99.91 0 -21 1593.1999999999998 11 94 0 12578.369999999999 0 0.14397501945495605 3
0 -1 1 82.63 0 -15 227.37 2 82 89.1 7230.070000000006 267.29999999999995 0.11445879936218262 3
1 -1 1 99.29 0 -12 1333.6299999999999 11 94 8.49 12000.560000000003 25.47 0.13317203521728516 3
0 -1 2 77.62 0 -14 152.10999999999999 2 82 59.26 6668.730000000003 177.78 2.4592950344085693 3
1 -1 2 87.57 0.0 -14 900.38 11 94 0.0 10032.339999999997 0.0 2.4726569652557373 3
0 -1 3 76.74 0.0 -14 50.15 2 82 0.0 6392.62 0.0 0.0044841766357421875 3
1 -1 3 72.8 0.0 -23 0.0 11 94 0.0 6843.280000000002 0.0 0.004697084426879883 3
0 -1 4 82.63 0 -15 227.37 2 82 89.1 7230.070000000006 267.29999999999995 0.10950899124145508 3
1 -1 4 99.29 0 -12 1333.6299999999999 11 94 8.49 12000.560000000003 25.47 0.11365389823913574 3
0 -1 5 69.83 0 -20 67.72999999999999 2 82 5.93 5861.339999999999 17.79 1.609969139099121 3
1 -1 5 59.81 0 -27 565.02 11 94 0.0 6751.749999999999 0.0 1.545969009399414 3
0 -1 6 92.16 0 -20 211.03000000000003 2 82 80.7 7979.4200000000055 242.10000000000002 2.4143588542938232 3
1 -1 6 98.18 0 -17 1355.6899999999996 11 94 10.89 11940.399999999994 32.67 2.721230983734131 3
0 -1 7 92.16 0 -20 211.03000000000003 2 82 80.7 7979.4200000000055 242.10000000000002 0.5606689453125 3
1 -1 7 98.18 0 -17 1355.6899999999996 11 94 10.89 11940.399999999994 32.67 0.6442489624023438 3
0 -1 8 77.62 0 -14 152.10999999999999 2 82 59.26 6668.730000000003 177.78 0.5013470649719238 3
1 -1 8 87.57 0.0 -14 900.38 11 94 0.0 10032.339999999997 0.0 0.6753110885620117 3
random:3T:600
0 -1 0 264.89 0 -3 476.12 2 82 233.67 22673.149999999994 701.01 0.23215317726135254 3
1 -1 0 285.6 0 -7 3812.760000000001 11 94 153.29999999999998 34472.08 459.9 0.2790040969848633 3
0 -1 1 238.81 160.09999999999997 -2 360.85 2 82 174.96 20303.94999999999 684.98 3.6068778038024902 3
1 -1 1 242.29 142.52000000000012 -2 2003.12 11 94 157.04 26781.229999999992 613.6400000000001 4.158509016036987 3
0 -1 2 228.71 140.90999999999997 -1 344.11 2 82 168.32 19442.519999999997 645.8699999999999 8.091061115264893 3
1 -1 2 230.09 135.78000000000017 -2 1877.9799999999998 11 94 141.25 25384.21999999999 559.5300000000002 8.81824779510498 3
0 -1 3 255.11 34.34 -1 291.49 2 82 125.19 21501.740000000013 409.90999999999997 0.004876852035522461 3
1 -1 3 251.44 0.0 -1 1566.73 11 94 103.63 26769.050000000007 310.89 0.005110740661621094 3
0 -1 4 238.81 160.09999999999997 -2 360.85 2 82 174.96 20303.94999999999 684.98 3.7151618003845215 3
1 -1 4 242.29 142.52000000000012 -2 2003.12 11 94 157.04 26781.229999999992 613.6400000000001 4.0901689529418945 3
0 -1 5 217.91 106.76999999999997 -1 325.36 2 82 156.47 18519.22000000001 576.18 7.107966899871826 3
1 -1 5 183.74 0.73 -1 1824.4100000000003 11 94 147.31 20920.700000000004 442.66 3.687319040298462 3
0 -1 6 252.41 129.8 -1 357.21000000000004 2 82 173.09 21412.309999999994 649.0699999999999 4.451138019561768 3
1 -1 6 251.04 129.86 -1 2008.05 11 94 157.57 27613.83999999999 602.5699999999999 5.084877967834473 3
0 -1 7 253.98 105.52 -3 488.5 2 82 240.02 21803.39 825.58 1.0488150119781494 3
1 -1 7 258.3 78.75 -2 2468.7900000000004 11 94 211.98999999999998 29218.249999999985 714.7199999999999 1.0935699939727783 3
0 -1 8 231.28 123.23 -1 469.09 2 82 231.15999999999994 19903.390000000003 816.7099999999998 0.9332420825958252 3
1 -1 8 241.96 111.54 -2 2560.3 11 94 210.76 27865.129999999994 743.8199999999999 1.0477039813995361 3
random:3T:900
0 -1 0 464.83 180.2 -1 790.3900000000001 2 82 385.58 39696.78999999998 1336.94 0.34189367294311523 3
1 -1 0 477.98 0 -4 6125.17 11 94 319.25 57180.829999999994 957.75 0.38925790786743164 3
0 -1 1 386.4 306.4900000000003 -2 676.51 2 82 326.71000000000004 33037.810000000005 1286.6200000000003 4.443275213241577 3
1 -1 1 396.85 291.81 -2 3817.52 11 94 342.35 44939.299999999996 1318.8600000000001 3.242428779602051 3
0 -1 2 376.62 279.46000000000015 -2 653.03 2 82 318.99 32188.709999999977 1236.4300000000003 7.038726091384888 3
1 -1 2 383.53 278.36000000000024 -2 3613.9400000000005 11 94 289.18 43280.13 1145.9 7.781687021255493 3
0 -1 3 431.38 182.98000000000002 -1 447.65000000000003 2 82 182.98000000000002 36268.259999999995 833.5300000000001 0.00641179084777832 3
1 -1 3 402.86 178.19 -1 2054.9500000000003 11 94 178.19 41978.59999999999 787.8599999999999 0.00588679313659668 3
0 -1 4 386.94 301.6700000000003 -2 676.5 2 82 326.7 33082.22 1281.7700000000002 4.401923894882202 3
1 -1 4 396.85 291.81 -2 3817.52 11 94 342.35 44939.299999999996 1318.8600000000001 3.2208330631256104 3
0 -1 5 365.51 276.48 -2 630.14 2 82 304.86 31232.049999999992 1191.06 5.710906982421875 3
1 -1 5 323.95 220.02 -2 3221.9799999999996 11 94 287.68 36895.230000000025 1083.06 5.091721296310425 3
0 -1 6 397.73 299.32 -1 667.63 2 82 330.04 33949.409999999996 1289.44 5.684214115142822 3
1 -1 6 416.3 327.54999999999995 -2 3819.11 11 94 344.54 46770.02000000003 1361.17 7.6422388553619385 3
0 -1 7 376.88 193.2 -3 982.8399999999999 2 82 491.36999999999995 32869.79 1667.31 1.2352550029754639 3
1 -1 7 405.05 178.51 -2 5045.6 11 94 456.76 48165.81000000001 1548.79 1.469749927520752 3
0 -1 8 345.68 213.24 -2 966.5699999999999 2 82 482.0400000000001 30279.129999999997 1659.3600000000004 1.1742219924926758 3
1 -1 8 379.41 196.5 -2 5169.37 11 94 461.93 46003.090000000004 1582.29 1.463432788848877 3
random:3T:1200
0 -1 0 669.37 314.4 -3 1132.2 2 82 560.07 57153.099999999984 1994.6100000000001 0.5129129886627197 3
1 -1 0 677.42 177.17 -1 8374.660000000002 11 94 458.76 80426.47 1553.45 0.595653772354126 3
0 -1 1 503.94 404.58 -1 990.77 2 82 484.12 43304.97 1856.94 3.2282891273498535 3
1 -1 1 534.14 414.96 -1 5465.799999999999 11 94 423.64 61140.62999999999 1685.88 4.295413017272949 3
0 -1 2 503.42 386.31 -1 964.4 2 82 476.78999999999996 43209.41 1816.6799999999998 7.064154863357544 3
1 -1 2 519.3 397.3800000000001 -2 5048.63 11 94 400.74 58911.079999999994 1599.6000000000001 7.862128973007202 3
0 -1 3 634.21 326.11 -1 685.89 2 82 326.11 53376.77000000004 1479.21 0.010226011276245117 3
1 -1 3 578.77 259.13 -1 3441.45 11 94 259.13 61287.32999999997 1224.1599999999999 0.00993800163269043 3
0 -1 4 499.51 404.59 -1 993.27 2 82 485.94 42946.53999999998 1862.4099999999999 2.7520430088043213 3
1 -1 4 534.14 414.96 -1 5465.799999999999 11 94 423.64 61140.62999999999 1685.88 3.8022589683532715 3
0 -1 5 493.42 390.14 -1 935.5799999999999 2 82 459.9699999999999 42331.329999999965 1770.0499999999997 6.463296890258789 3
1 -1 5 453.67 344.4 -2 4015.6099999999997 11 94 353.89 50676.34999999997 1406.0700000000002 6.0739781856536865 3
0 -1 6 539.14 438.86999999999995 -2 983.19 2 82 482.06 46175.810000000005 1885.05 7.54010272026062 3
1 -1 6 558.89 430.69 -1 5365.26 11 94 447.5799999999999 63266.23999999997 1773.4299999999998 8.037262916564941 3
0 -1 7 461.6 246.04999999999998 -3 1467.9699999999998 2 82 726.62 40786.81 2425.9100000000003 1.2496178150177002 3
1 -1 7 528.17 233.23 -2 7701.68 11 94 695.2 65051.24999999995 2318.8300000000004 1.8347439765930176 3
0 -1 8 423.14 252.28 -2 1464.3600000000001 2 82 732.0699999999999 37626.06999999999 2448.4900000000002 1.30184006690979 3
1 -1 8 489.89 243.1 -2 7783.68 11 94 701.3699999999999 61617.25999999998 2347.2099999999996 1.680264949798584 3
random:3T:1500
0 -1 0 872.01 403.45 -1 1479.65 2 82 703.3 74463.77000000002 2513.3499999999995 0.6088991165161133 3
1 -1 0 860.61 344.99 -1 10647.349999999999 11 94 678.25 102192.18000000005 2379.74 0.6567361354827881 3
0 -1 1 616.57 452.78000000000003 -1 1243.49 2 82 611.76 53045.460000000014 2288.06 4.4438862800598145 3
1 -1 1 640.19 452.34000000000003 -1 6047.7699999999995 11 94 522.8000000000001 72273.79 2020.7400000000002 4.69983696937561 3
0 -1 2 635.59 453.28000000000003 -1 1260.6399999999999 2 82 629.92 54639.3 2343.04 7.88239312171936 3
1 -1 2 659.67 542.9300000000001 -4 6547.490000000001 11 94 565.92 75104.32000000004 2240.6899999999996 9.363524913787842 3
0 -1 3 807.59 373.45 -1 847.74 2 82 373.45 67918.12999999998 1861.6999999999998 0.009612083435058594 3
1 -1 3 745.67 362.37 -1 4117.45 11 94 362.37 78328.27999999998 1775.93 0.008445978164672852 3
0 -1 4 620.06 454.72 -1 1247.4700000000003 2 82 609.8100000000001 53339.46999999996 2284.1500000000005 4.1336448192596436 3
1 -1 4 635.21 457.76 -1 5948.530000000001 11 94 519.8499999999999 71607.09000000003 2017.3099999999997 4.67238187789917 3
0 -1 5 617.76 521.15 -2 1098.75 2 82 522.74 52854.01 2089.37 7.050061941146851 3
1 -1 5 582.51 439.49 -4 5715.56 11 94 507.06 66187.16000000002 1960.67 7.054066896438599 3
0 -1 6 638.45 466.24 -2 1253.4099999999999 2 82 626.3399999999999 54859.35999999998 2345.2599999999998 8.649585008621216 3
1 -1 6 651.72 461.76 -1 6574.469999999999 11 94 589.43 74410.37 2230.05 8.788300037384033 3
0 -1 7 546.77 330.26 -2 1858.67 2 82 924.75 48552.42000000001 3104.51 1.4157288074493408 3
1 -1 7 627.21 318.5 -4 9930.14 11 94 897.7800000000002 78817.72000000002 3011.8400000000006 2.0826029777526855 3
0 -1 8 520.95 318.79 -2 1824.33 2 82 911.3499999999999 46366.28 3052.8399999999997 1.4738938808441162 3
1 -1 8 588.05 284.05 -4 9631.25 11 94 854.79 74539.39000000003 2848.42 1.935035228729248 3
random:4T:300
0 -1 0 91.21 0 -21 131.8 1 81 131.8 7651.7699999999995 395.40000000000003 0.10570406913757324 4
1 -1 0 95.72 0 -22 1420.8600000000001 10 93 53.53 11743.779999999992 160.59 0.1332852840423584 4
0 -1 1 85.15 0 -14 81.56 1 81 81.56 7060.319999999998 244.68 0.12482500076293945 4
1 -1 1 91.99 0 -17 1423.2799999999997 10 93 136.44 11401.789999999997 409.32 0.11512589454650879 4
0 -1 2 75.63 0 -18 0.0 1 81 0.0 6126.299999999998 0.0 2.1732840538024902 4
1 -1 2 80.51 0 -14 766.4199999999998 10 93 64.9 9019.959999999997 194.70000000000002 2.3982510566711426 4
0 -1 3 73.35 0.0 -15 0.0 1 81 0.0 5941.330000000004 0.0 0.004498004913330078 4
1 -1 3 66.26 0.0 -23 0.0 10 93 0.0 6161.760000000001 0.0 0.004740238189697266 4
0 -1 4 85.15 0 -14 81.56 1 81 81.56 7060.319999999998 244.68 0.10666704177856445 4
1 -1 4 91.99 0 -17 1423.2799999999997 10 93 136.44 11401.789999999997 409.32 0.11399102210998535 4
0 -1 5 62.29 0 -26 15.26 1 81 15.26 5076.150000000002 45.78 1.3522131443023682 4
1 -1 5 65.29 0 -33 732.6199999999999 10 93 0.0 7537.100000000001 0.0 1.3230388164520264 4
0 -1 6 91.16 0 -20 131.8 1 81 131.8 7647.679999999999 395.40000000000003 2.4374568462371826 4
1 -1 6 94.88 0 -17 1254.2599999999998 10 93 53.53 11332.10999999999 160.59 2.761420965194702 4
0 -1 7 91.16 0 -20 131.8 1 81 131.8 7647.679999999999 395.40000000000003 0.5620758533477783 4
1 -1 7 94.88 0 -17 1254.2599999999998 10 93 53.53 11332.10999999999 160.59 0.6638848781585693 4
0 -1 8 75.63 0 -18 0.0 1 81 0.0 6126.299999999998 0.0 0.5196528434753418 4
1 -1 8 80.51 0 -14 766.4199999999998 10 93 64.9 9019.959999999997 194.70000000000002 0.5734870433807373 4
random:4T:600
0 -1 0 276.53 0 -1 270.52 1 81 270.52 22939.819999999992 811.56 0.23375797271728516 4
1 -1 0 277.25 0 -6 3554.0600000000004 10 93 269.03 32892.23999999999 807.0899999999999 0.25649595260620117 4
0 -1 1 242.58 117.40000000000016 -2 173.28 1 81 173.28 19995.76 637.2400000000002 5.410825967788696 4
1 -1 1 244.48 159.91 -2 1867.8999999999999 10 93 185.48 26471.979999999992 716.3499999999999 1.0141501426696777 4
0 -1 2 222.77 113.67 -1 113.67 1 81 113.67 18271.900000000005 456.96 4.303215980529785 4
1 -1 2 224.12 144.94 -1 1721.8999999999999 10 93 169.58 24287.14000000002 653.6800000000001 5.197852849960327 4
0 -1 3 243.84 7.73 -1 124.5 1 81 124.5 19999.739999999998 381.23 0.005825996398925781 4
1 -1 3 236.27 26.01 -1 977.7600000000001 10 93 85.65 23929.02000000001 282.96000000000004 0.005934000015258789 4
0 -1 4 242.58 117.40000000000016 -2 173.28 1 81 173.28 19995.76 637.2400000000002 6.3259546756744385 4
1 -1 4 244.48 159.91 -2 1867.8999999999999 10 93 185.48 26471.979999999992 716.3499999999999 1.1133430004119873 4
0 -1 5 180.23 0.0 -1 158.55 1 81 158.55 14915.75 475.65000000000003 3.9278199672698975 4
1 -1 5 175.96 0 -5 1688.7800000000002 10 93 142.36 19741.64 427.08000000000004 3.510788917541504 4
0 -1 6 257.09 136.30999999999997 -1 184.45 1 81 184.45 21193.16999999999 689.6599999999999 5.2968971729278564 4
1 -1 6 250.06 102.15 -1 1830.3400000000001 10 93 167.05 26916.01 603.3000000000001 5.093623161315918 4
0 -1 7 257.38 103.66 -3 292.7599999999999 1 81 292.7599999999999 21433.16999999999 981.9399999999996 1.9318561553955078 4
1 -1 7 258.41 77.27 -1 2308.22 10 93 221.65999999999997 28649.010000000002 742.2499999999999 1.4206812381744385 4
0 -1 8 222.2 98.5 -1 130.78000000000003 1 81 130.78000000000003 18259.85000000001 490.8400000000001 1.713184118270874 4
1 -1 8 236.1 121.78 -1 2459.06 10 93 243.14999999999998 26875.74000000002 851.2299999999999 1.156507968902588 4
random:4T:900
0 -1 0 481.58 174.12 -1 480.17 1 81 480.17 39968.539999999986 1614.63 0.3565950393676758 4
1 -1 0 460.34 0 -1 5647.9800000000005 10 93 479.96 54107.97999999999 1439.8799999999999 0.38196492195129395 4
0 -1 1 381.12 282.1299999999999 -2 321.5 1 81 321.5 31513.39 1246.6299999999999 6.422111988067627 4
1 -1 1 402.83 320.42 -2 3511.2400000000002 10 93 347.70000000000005 44485.92000000002 1363.5200000000002 3.0032570362091064 4
0 -1 2 359.93 248.86 -4 304.18 1 81 304.18 29762.929999999993 1161.4 6.550002813339233 4
1 -1 2 383.53 272.13000000000005 -1 3257.16 10 93 318.78 42182.57 1228.47 8.702056884765625 4
0 -1 3 420.48 182.82999999999998 -1 182.82999999999998 1 81 182.82999999999998 34424.299999999996 813.37 0.020193099975585938 4
1 -1 3 401.93 174.19 -2 1768.8599999999997 10 93 174.19 40916.79000000001 800.9899999999999 0.009307861328125 4
0 -1 4 383.21 277.5900000000001 -2 321.5 1 81 321.5 31682.699999999997 1242.0900000000001 6.506271123886108 4
1 -1 4 402.83 320.42 -2 3511.2400000000002 10 93 347.70000000000005 44485.92000000002 1363.5200000000002 3.0163068771362305 4
0 -1 5 314.43 227.06 -2 309.99 1 81 309.99 26088.540000000008 1157.03 4.353955030441284 4
1 -1 5 312.76 207.59 -2 2740.04 10 93 265.97 34567.01999999998 1005.5000000000001 5.375385999679565 4
0 -1 6 416.68 337.53999999999996 -2 346.46 1 81 346.46 34443.67 1376.9199999999998 7.1050779819488525 4
1 -1 6 403.38 302.71 -2 3328.2199999999993 10 93 321.81 44170.43000000001 1268.14 7.187196969985962 4
0 -1 7 373.44 211.29999999999998 -3 585.2700000000012 1 81 585.2700000000012 31419.249999999985 1967.1100000000035 3.1846859455108643 4
1 -1 7 411.17 171.07 -2 4919.94 10 93 490.59000000000003 48078.82 1642.84 1.7538530826568604 4
0 -1 8 330.16 189.34 -1 428.78000000000065 1 81 428.78000000000065 27600.910000000014 1475.6800000000019 3.6302130222320557 4
1 -1 8 376.81 202.11 -1 5096.22 10 93 506.29999999999995 45235.610000000015 1721.0099999999998 1.8713500499725342 4
random:4T:1200
0 -1 0 691.91 236.35 -2 664.97 1 81 664.97 57374.54 2231.26 0.5183439254760742 4
1 -1 0 657.37 0 -1 7753.44 10 93 678.0000000000001 76642.17000000001 2034.0000000000005 0.6409769058227539 4
0 -1 1 502.3 412.06 -2 467.98999999999995 1 81 467.98999999999995 41622.659999999996 1816.0299999999997 6.897863864898682 4
1 -1 1 536.31 399.47999999999996 -1 4969.4 10 93 491.22999999999996 59815.33000000003 1873.1699999999998 4.430629253387451 4
0 -1 2 494.99 399.05 -2 416.13 1 81 416.13 40926.369999999995 1647.4399999999998 8.619323253631592 4
1 -1 2 530.38 392.72999999999996 -1 4827.079999999999 10 93 476.99 58979.64000000005 1823.7 9.057010173797607 4
0 -1 3 612.55 313.83 -1 313.83 1 81 313.83 50243.98000000002 1399.92 0.0071070194244384766 4
1 -1 3 595.09 287.27 -2 2979.8600000000006 10 93 287.27 61303.40999999999 1349.0 0.007509946823120117 4
0 -1 4 502.11 416.25 -1 468.11 1 81 468.11 41607.48999999998 1820.58 6.510799169540405 4
1 -1 4 538.05 399.47999999999996 -1 4969.419999999999 10 93 491.22999999999996 59977.19000000002 1873.1699999999998 4.669450998306274 4
0 -1 5 455.14 354.69 -1 395.54999999999995 1 81 395.54999999999995 37657.11999999998 1541.34 5.9823548793792725 4
1 -1 5 443.83 322.7400000000002 -4 3634.18 10 93 344.58000000000004 48544.649999999965 1356.4800000000005 7.156203031539917 4
0 -1 6 549.51 437.1 -1 471.53 1 81 471.53 45453.41999999999 1851.69 8.119187116622925 4
1 -1 6 536.85 397.42999999999995 -1 4986.02 10 93 472.89000000000004 59899.06999999998 1816.1 7.921716928482056 4
0 -1 7 470.79 328.0 -4 859.7100000000017 1 81 859.7100000000017 39853.81000000001 2907.130000000005 3.9345290660858154 4
1 -1 7 531.3 253.79 -4 7373.42 10 93 733.64 64157.78 2454.71 2.1733920574188232 4
0 -1 8 400.45 240.31 -2 718.3100000000021 1 81 718.3100000000021 33872.67000000002 2395.240000000006 4.858763933181763 4
1 -1 8 490.09 253.14 -1 7682.100000000002 10 93 765.6600000000002 60942.94999999999 2550.1200000000003 2.11690092086792 4
random:4T:1500
0 -1 0 897.03 425.6 -1 862.1300000000001 1 81 862.1300000000001 74383.31999999999 3011.9900000000002 0.6187188625335693 4
1 -1 0 830.51 110.91 -1 9949.56 10 93 888.6800000000001 97136.08999999997 2776.95 0.6386077404022217 4
0 -1 1 617.4 451.54 -2 616.86 1 81 616.86 51243.500000000015 2302.12 6.013849973678589 4
1 -1 1 645.36 447.78000000000003 -1 6307.799999999999 10 93 600.62 72634.16999999995 2249.6400000000003 5.0073511600494385 4
0 -1 2 612.82 456.85 -1 588.39 1 81 588.39 50814.91999999997 2222.02 9.687746047973633 4
1 -1 2 670.95 468.07 -1 6368.54 10 93 631.1800000000001 75135.67000000001 2361.61 10.424470901489258 4
0 -1 3 789.4 372.44 -1 372.44 1 81 372.44 64686.19000000001 1833.1499999999999 0.007983684539794922 4
1 -1 3 757.13 365.47999999999996 -2 3678.6399999999994 10 93 365.47999999999996 77770.53 1829.8799999999997 0.008543014526367188 4
0 -1 4 615.47 451.54 -2 617.19 1 81 617.19 51087.54 2303.11 6.42099404335022 4
1 -1 4 644.5 447.78000000000003 -1 6338.640000000001 10 93 606.01 72615.83 2265.81 6.1319732666015625 4
0 -1 5 575.83 431.31 -1 518.0 1 81 518.0 47678.61000000001 1985.31 7.834602117538452 4
1 -1 5 571.59 429.45000000000005 -4 5056.719999999999 10 93 502.56 63271.47000000002 1937.13 8.154520034790039 4
0 -1 6 700.66 580.0600000000001 -1 705.1200000000001 1 81 705.1200000000001 58163.520000000004 2695.4200000000005 10.343883991241455 4
1 -1 6 664.79 462.40999999999997 -2 6126.8200000000015 10 93 599.97 74078.84000000003 2262.32 9.892429113388062 4
0 -1 7 545.54 402.48 -2 1151.6300000000037 1 81 1151.6300000000037 46492.12999999999 3857.3700000000113 5.653936147689819 4
1 -1 7 642.42 371.65 -4 9682.96 10 93 965.8500000000001 79111.01999999999 3269.2000000000003 2.421990156173706 4
0 -1 8 484.72 286.01 -1 894.3100000000019 1 81 894.3100000000019 41051.01000000001 2968.940000000006 5.5623369216918945 4
1 -1 8 601.03 287.13 -2 9202.380000000003 10 93 916.1900000000002 74300.16000000008 3035.7000000000007 2.634481191635132 4
random:5T:300
0 -1 0 92.92 0 -20 554.29 4 87 130.11 9192.380000000003 390.33000000000004 0.18741607666015625 5
1 -1 0 87.1 0 -19 1438.0299999999997 12 92 85.67 10889.519999999997 257.01 0.15643525123596191 5
0 -1 1 81.49 0 -15 394.13 4 87 60.51 7877.700000000001 181.53 0.17779922485351562 5
1 -1 1 83.39 0 -21 1363.05 12 92 73.27 10398.180000000002 219.81 0.15184831619262695 5
0 -1 2 72.28 0 -16 276.67999999999995 4 87 17.59 6841.940000000002 52.769999999999996 2.7946879863739014 5
1 -1 2 80.41 0 -18 1075.25 12 92 53.82 9548.039999999997 161.46 2.8215038776397705 5
0 -1 3 68.33 0.0 -18 0.0 4 87 0.0 5945.030000000001 0.0 0.005660057067871094 5
1 -1 3 59.24 0.0 -23 57.769999999999996 12 92 0.0 5565.690000000005 0.0 0.005290031433105469 5
0 -1 4 81.49 0 -15 394.13 4 87 60.51 7877.700000000001 181.53 0.16396498680114746 5
1 -1 4 83.39 0 -21 1363.05 12 92 73.27 10398.180000000002 219.81 0.15565085411071777 5
0 -1 5 61.45 0 -28 164.21 4 87 0.0 5674.860000000001 0.0 2.062096118927002 5
1 -1 5 55.56 0 -30 434.22 12 92 0.0 5979.63 0.0 1.8411531448364258 5
0 -1 6 92.92 0 -20 554.29 4 87 130.11 9192.380000000003 390.33000000000004 3.6625912189483643 5
1 -1 6 87.0 0 -17 1309.55 12 92 85.67 10622.849999999999 257.01 2.726609230041504 5
0 -1 7 92.92 0 -20 554.29 4 87 130.11 9192.380000000003 390.33000000000004 0.7995152473449707 5
1 -1 7 87.0 0 -17 1309.55 12 92 85.67 10622.849999999999 257.01 0.6380891799926758 5
0 -1 8 72.28 0 -16 276.67999999999995 4 87 17.59 6841.940000000002 52.769999999999996 0.6940371990203857 5
1 -1 8 80.41 0 -18 1075.25 12 92 53.82 9548.039999999997 161.46 0.5479421615600586 5
random:5T:600
0 -1 0 272.5 0 -4 1181.4899999999998 4 87 256.49 26070.79 769.47 0.2688021659851074 5
1 -1 0 259.66 0 -9 3954.9899999999993 12 92 236.97 31798.929999999986 710.91 0.24207305908203125 5
0 -1 1 247.37 173.07 -1 792.8499999999999 4 87 184.32 23106.989999999987 726.03 1.2392730712890625 5
1 -1 1 234.9 131.68999999999994 -1 2164.82 12 92 171.44 25940.499999999996 646.0099999999999 3.822077989578247 5
0 -1 2 219.45 132.80999999999995 -1 682.11 4 87 159.06 20456.750000000015 609.99 6.920845031738281 5
1 -1 2 218.72 113.03999999999999 -1 2100.8600000000006 12 92 167.12 24323.889999999996 614.4 3.846276044845581 5
0 -1 3 235.0 0.0 -1 485.75 4 87 95.87 21416.89 287.61 0.0053348541259765625 5
1 -1 3 230.72 15.89 -1 1646.5699999999997 12 92 124.94 24519.839999999982 390.71 0.0047740936279296875 5
0 -1 4 247.37 173.07 -1 792.8499999999999 4 87 184.32 23106.989999999987 726.03 1.2244820594787598 5
1 -1 4 234.9 131.68999999999994 -1 2164.82 12 92 171.44 25940.499999999996 646.0099999999999 3.3006539344787598 5
0 -1 5 187.92 0.0 -1 607.99 4 87 106.03 17564.769999999986 318.09000000000003 3.8873648643493652 5
1 -1 5 182.86 0.0 -1 1840.4199999999998 12 92 41.76 20503.79 125.28 3.396282911300659 5
0 -1 6 254.24 112.08 -1 743.84 4 87 184.08 23606.41 664.32 6.594230890274048 5
1 -1 6 238.2 98.71999999999997 -1 2152.9300000000003 12 92 174.2 26219.829999999976 621.3199999999999 6.903971195220947 5
0 -1 7 259.47 87.18 -1 986.8399999999999 4 87 240.65 24547.309999999994 809.1300000000001 1.248896837234497 5
1 -1 7 245.16 90.04 -1 2507.22 12 92 194.91000000000003 27569.469999999987 674.77 0.9896423816680908 5
0 -1 8 223.6 98.39 -1 917.6700000000001 4 87 226.92 21288.230000000014 779.15 1.1799638271331787 5
1 -1 8 227.1 103.98 -1 2565.9899999999993 12 92 205.2299999999999 26025.350000000006 719.6699999999997 1.099120855331421 5
random:5T:900
0 -1 0 469.11 166.77 -1 1972.49 4 87 454.57 44757.42999999999 1530.48 0.40451693534851074 5
1 -1 0 441.5 0 -4 6557.110000000001 12 92 402.89000000000004 53732.46 1208.67 0.3729438781738281 5
0 -1 1 396.67 320.73 -1 1493.21 4 87 346.41999999999996 37496.370000000024 1359.9899999999998 2.1222689151763916 5
1 -1 1 405.14 308.36 -1 4078.89 12 92 324.68 45430.25 1282.4 1.9968738555908203 5
0 -1 2 373.1 303.69 -4 1298.1799999999998 4 87 305.36000000000007 35056.10999999999 1219.7700000000002 6.787225246429443 5
1 -1 2 357.63 237.59 -4 3804.1000000000004 12 92 306.63 40510.50999999998 1157.48 5.10381007194519 5
0 -1 3 407.73 176.46 -1 728.57 4 87 176.46 36929.83000000002 787.8199999999999 0.007429838180541992 5
1 -1 3 391.81 182.93 -2 2321.04 12 92 182.93 40688.93000000001 819.72 0.008092164993286133 5
0 -1 4 396.67 320.73 -1 1493.21 4 87 346.41999999999996 37496.370000000024 1359.9899999999998 2.1555190086364746 5
1 -1 4 403.65 311.89 -1 4078.8799999999997 12 92 324.68 45293.40999999998 1285.9299999999998 2.1044650077819824 5
0 -1 5 322.41 224.71 -1 1185.5 4 87 267.96000000000004 30420.809999999976 1028.5900000000001 5.119563817977905 5
1 -1 5 317.62 205.61999999999995 -2 2974.08 12 92 220.59 35169.46000000001 867.3899999999999 5.655748128890991 5
0 -1 6 411.81 342.0 -2 1387.52 4 87 345.74 38602.70999999999 1379.22 8.852232933044434 5
1 -1 6 410.75 310.84000000000003 -2 4050.25 12 92 331.7 45889.61000000001 1305.94 6.725928068161011 5
0 -1 7 405.05 171.33 -1 1979.0900000000001 4 87 488.46000000000004 39197.39999999998 1636.71 1.7905988693237305 5
1 -1 7 407.6 214.12 -2 5382.540000000002 12 92 445.1800000000001 48264.40999999998 1549.6600000000003 1.776292085647583 5
0 -1 8 347.81 189.29 -1 1960.3100000000004 4 87 488.84000000000003 34180.019999999975 1655.81 1.806135892868042 5
1 -1 8 381.08 192.35 -1 5510.92 12 92 457.32 46080.98999999997 1564.31 1.5887620449066162 5
random:5T:1200
0 -1 0 657.93 317.0 -1 2740.4 4 87 629.7900000000001 62720.90000000001 2206.3700000000003 0.681359052658081 5
1 -1 0 615.65 0 -4 9393.42 12 92 584.7300000000001 75426.38999999996 1754.1900000000005 0.6576402187347412 5
0 -1 1 517.58 404.44 -1 1882.21 4 87 442.09000000000003 48793.56999999999 1730.71 4.400686740875244 5
1 -1 1 545.55 396.6 -1 5818.530000000001 12 92 468.05 61827.48 1800.75 4.215972900390625 5
0 -1 2 506.94 411.78999999999996 -1 1918.13 4 87 459.1 47940.46 1789.0900000000001 8.920458793640137 5
1 -1 2 535.85 398.27000000000004 -4 5741.449999999999 12 92 475.0 60781.28999999996 1823.27 8.816725015640259 5
0 -1 3 594.38 282.0 -1 1234.0700000000002 4 87 282.0 54178.769999999975 1296.5900000000001 0.010799169540405273 5
1 -1 3 585.74 322.19 -2 3995.8300000000004 12 92 322.19 61879.83999999998 1444.1899999999998 0.010859012603759766 5
0 -1 4 514.15 399.81 -1 1882.2099999999998 4 87 442.09000000000003 48495.120000000024 1726.08 4.6248040199279785 5
1 -1 4 543.38 394.66 -1 5808.990000000001 12 92 467.17999999999995 61609.099999999984 1796.2 4.133785009384155 5
0 -1 5 454.74 357.01 -4 1493.35 4 87 357.34000000000003 42549.01000000001 1429.03 6.64684796333313 5
1 -1 5 471.42 352.5 -1 4351.47 12 92 354.69 52073.49000000004 1416.57 6.113518714904785 5
0 -1 6 531.53 423.87 -2 1922.55 4 87 477.24 50087.899999999936 1855.5900000000001 8.80924677848816 5
1 -1 6 559.15 407.09 -1 5898.07 12 92 485.0899999999999 63237.81000000001 1862.3599999999997 8.212106943130493 5
0 -1 7 519.13 251.01 -4 2963.5600000000004 4 87 736.78 51091.27999999997 2461.3500000000004 2.469655990600586 5
1 -1 7 540.65 252.76 -2 8381.380000000001 12 92 694.58 66502.48000000001 2336.5 2.1324291229248047 5
0 -1 8 437.05 255.24 -2 2976.86 4 87 742.2600000000001 43977.289999999986 2482.0200000000004 1.9150059223175049 5
1 -1 8 507.64 240.82 -1 8485.030000000002 12 92 705.3 63673.310000000005 2356.72 2.1663599014282227 5
random:5T:1500
0 -1 0 849.81 414.71 -1 3571.9300000000003 4 87 836.6800000000001 81077.23999999998 2924.75 0.7584199905395508 5
1 -1 0 768.83 0 -4 12300.449999999999 12 92 773.71 95332.94 2321.13 0.7948760986328125 5
0 -1 1 656.68 461.65 -2 2466.2699999999995 4 87 589.21 62064.05000000001 2229.28 5.670464038848877 5
1 -1 1 684.14 450.28000000000003 -1 7651.15 12 92 628.29 78242.74999999997 2335.15 4.873497009277344 5
0 -1 2 638.98 467.46 -2 2401.82 4 87 586.17 60394.619999999995 2225.97 10.268608093261719 5
1 -1 2 653.03 454.39 -1 6629.360000000001 12 92 528.9699999999999 73337.09 2041.2999999999997 8.854304075241089 5
0 -1 3 768.7 365.59000000000003 -1 1485.94 4 87 365.59000000000003 69848.85000000003 1804.9 0.008584022521972656 5
1 -1 3 743.0 373.21999999999997 -2 4634.54 12 92 373.21999999999997 77625.02000000002 1845.8999999999999 0.00974893569946289 5
0 -1 4 636.12 456.77000000000004 -2 2474.3300000000004 4 87 589.6600000000001 60290.76999999997 2225.7500000000005 5.8905229568481445 5
1 -1 4 672.88 450.28 -1 7533.900000000001 12 92 621.08 76972.81999999999 2313.5200000000004 6.129819869995117 5
0 -1 5 569.05 445.75 -4 2048.7 4 87 472.65999999999997 53604.720000000016 1863.73 8.817028999328613 5
1 -1 5 602.49 435.81 -1 6246.4 12 92 513.6800000000001 67922.0 1976.8500000000001 7.7014782428741455 5
0 -1 6 679.7 540.79 -2 2564.73 4 87 639.3 64263.59000000003 2458.6899999999996 11.65063762664795 5
1 -1 6 696.32 470.15000000000003 -1 7386.7300000000005 12 92 610.24 78834.51999999997 2300.87 9.345767974853516 5
0 -1 7 618.74 382.15999999999997 -1 3956.7300000000005 4 87 986.5300000000003 61743.72999999998 3341.750000000001 2.6598830223083496 5
1 -1 7 657.73 347.71999999999997 -2 10718.220000000001 12 92 881.6999999999999 81947.73999999998 2992.8199999999997 2.4007771015167236 5
0 -1 8 547.28 332.64 -2 3694.91 4 87 918.5699999999999 55002.950000000004 3088.35 2.403247117996216 5
1 -1 8 610.02 280.19 -2 10475.96 12 92 848.1099999999999 77074.12999999996 2824.52 2.127108097076416 5
random:6T:300
0 -1 0 93.65 0 -23 1874.3900000000003 13 96 117.21 12739.640000000003 351.63 0.13779282569885254 6
1 -1 0 86.54 0 -26 48.77 1 81 48.77 7107.3399999999965 146.31 0.14024710655212402 6
0 -1 1 90.35 0 -18 1490.0 13 96 0.0 11653.630000000005 0.0 0.12937498092651367 6
1 -1 1 87.01 0 -12 56.2 1 81 56.2 7160.469999999995 168.60000000000002 0.11781668663024902 6
0 -1 2 82.25 0 -16 1228.7199999999998 13 96 16.24 10353.37 48.72 2.2350857257843018 6
1 -1 2 81.16 0 -12 79.99 1 81 79.99 6733.949999999995 239.96999999999997 2.326451063156128 6
0 -1 3 66.36 0.0 -26 0.0 13 96 0.0 6370.939999999999 0.0 0.0046460628509521484 6
1 -1 3 78.21 0.0 -13 0.0 1 81 0.0 6334.610000000001 0.0 0.003962993621826172 6
0 -1 4 90.35 0 -18 1490.0 13 96 0.0 11653.630000000005 0.0 0.11380910873413086 6
1 -1 4 87.01 0 -12 56.2 1 81 56.2 7160.469999999995 168.60000000000002 0.10853719711303711 6
0 -1 5 65.06 0 -27 833.9700000000001 13 96 0.0 7913.780000000006 0.0 1.5738999843597412 6
1 -1 5 70.41 0.0 -19 0.0 1 81 0.0 5703.41 0.0 1.6479570865631104 6
0 -1 6 92.55 0 -24 1658.1799999999998 13 96 117.21 12200.830000000004 351.63 2.7471561431884766 6
1 -1 6 85.57 0 -18 52.39 1 81 52.39 7035.939999999996 157.17000000000002 2.8768162727355957 6
0 -1 7 92.55 0 -24 1658.1799999999998 13 96 117.21 12200.830000000004 351.63 0.6267118453979492 6
1 -1 7 85.57 0 -18 52.39 1 81 52.39 7035.939999999996 157.17000000000002 0.7229068279266357 6
0 -1 8 82.25 0 -16 1228.7199999999998 13 96 16.24 10353.37 48.72 0.5054690837860107 6
1 -1 8 81.16 0 -12 79.99 1 81 79.99 6733.949999999995 239.96999999999997 0.5474529266357422 6
random:6T:600
0 -1 0 263.09 0 -7 4489.64 13 96 270.33 34235.680000000015 810.99 0.26071810722351074 6
1 -1 0 274.17 0.0 -3 233.04000000000002 1 81 233.04000000000002 22673.46 699.1200000000001 0.2678258419036865 6
0 -1 1 236.43 127.87000000000005 -3 2333.96 13 96 140.92 27365.189999999984 550.63 1.3792059421539307 6
1 -1 1 248.92 182.2 -1 239.17000000000002 1 81 239.17000000000002 20640.660000000007 899.71 0.476870059967041 6
0 -1 2 224.0 96.99000000000001 -1 2290.09 13 96 158.76 26083.850000000002 573.27 6.089663028717041 6
1 -1 2 230.94 173.81 -2 174.6 1 81 174.6 19055.330000000005 697.6099999999999 4.271343946456909 6
0 -1 3 239.67 31.13 -1 1675.02 13 96 46.57 26358.119999999988 170.84 0.0067119598388671875 6
1 -1 3 258.59 0.0 -1 151.93 1 81 151.93 21249.83 455.79 0.005357027053833008 6
0 -1 4 236.43 127.87000000000005 -3 2333.96 13 96 140.92 27365.189999999984 550.63 1.376225233078003 6
1 -1 4 248.92 182.2 -1 239.17000000000002 1 81 239.17000000000002 20640.660000000007 899.71 0.508620023727417 6
0 -1 5 193.83 0.0 -1 2194.79 13 96 151.37 22997.520000000008 454.11 3.7077319622039795 6
1 -1 5 212.19 98.11999999999998 -1 141.15 1 81 141.15 17469.370000000003 521.57 6.508600234985352 6
0 -1 6 244.31 127.67 -1 2385.59 13 96 181.21 28224.769999999986 671.3 4.815048933029175 6
1 -1 6 254.37 166.70000000000007 -1 166.8 1 81 166.8 20937.33 667.1000000000001 5.808465242385864 6
0 -1 7 258.94 115.47 -4 3272.0299999999993 13 96 235.23000000000002 31402.729999999996 821.1600000000001 1.2827210426330566 6
1 -1 7 253.71 131.7 -4 276.65 1 81 276.65 21103.690000000006 961.6499999999999 1.335277795791626 6
0 -1 8 227.86 59.48 -1 2518.8100000000004 13 96 182.13 26912.500000000004 605.87 0.977046012878418 6
1 -1 8 231.75 147.01 -2 303.6899999999999 1 81 303.6899999999999 19379.44000000001 1058.0799999999997 1.807056188583374 6
random:6T:900
0 -1 0 446.76 0 -3 7100.969999999999 13 96 436.88 57091.34999999998 1310.6399999999999 0.38506412506103516 6
1 -1 0 483.42 192.8 -1 422.62 1 81 422.62 40002.36999999999 1460.66 0.3809218406677246 6
0 -1 1 390.93 277.2500000000001 -3 4436.889999999999 13 96 329.0 46402.88000000004 1264.25 4.824331998825073 6
1 -1 1 413.92 332.73 -1 398.12 1 81 398.12 34324.109999999986 1527.0900000000001 2.2382068634033203 6
0 -1 2 383.18 272.64000000000016 -2 4317.36 13 96 308.15 45420.469999999994 1197.0900000000001 7.369570970535278 6
1 -1 2 385.71 311.0900000000001 -2 318.53999999999996 1 81 318.53999999999996 31879.33999999999 1266.71 6.341871023178101 6
0 -1 3 401.04 165.5 -1 2402.6800000000003 13 96 165.5 43304.77000000001 778.72 0.009977102279663086 6
1 -1 3 424.82 188.92 -1 188.92 1 81 188.92 34788.10999999998 815.02 0.008115053176879883 6
0 -1 4 390.93 277.2500000000001 -3 4436.889999999999 13 96 329.0 46402.88000000004 1264.25 5.143976211547852 6
1 -1 4 410.45 332.74 -1 398.3 1 81 398.3 34042.86999999999 1527.64 2.2999680042266846 6
0 -1 5 335.49 219.16 -1 3824.8599999999997 13 96 285.72 39856.729999999996 1076.3200000000002 5.168201923370361 6
1 -1 5 360.26 278.4 -1 279.52 1 81 279.52 29740.5 1116.96 5.599406003952026 6
0 -1 6 412.74 338.37 -1 4486.290000000002 13 96 340.88 48595.44999999998 1361.01 7.268644094467163 6
1 -1 6 420.66 356.02 -1 393.6 1 81 393.6 34861.01000000001 1536.8200000000002 7.2872679233551025 6
0 -1 7 416.31 198.65 -4 6071.87 13 96 463.66999999999996 52109.32000000002 1589.6599999999999 1.5959150791168213 6
1 -1 7 373.61 207.56 -4 561.7099999999998 1 81 561.7099999999998 31385.720000000005 1892.6899999999994 1.8574039936065674 6
0 -1 8 378.06 167.47 -1 5625.25 13 96 429.03 47543.95000000002 1454.56 1.4144928455352783 6
1 -1 8 337.88 215.95 -2 601.6900000000016 1 81 601.6900000000016 28571.750000000015 2021.020000000005 3.8283698558807373 6
random:6T:1200
0 -1 0 626.7 0 -2 9918.499999999998 13 96 498.02 79999.92999999996 1494.06 0.6179320812225342 6
1 -1 0 694.96 331.28 -1 599.99 1 81 599.99 57491.87999999999 2131.25 0.5062830448150635 6
0 -1 1 533.21 393.43 -1 6391.8099999999995 13 96 424.94 63971.499999999985 1668.25 3.822924852371216 6
1 -1 1 536.0 418.29999999999995 -1 541.56 1 81 541.56 44499.15 2042.9799999999998 3.7112069129943848 6
0 -1 2 529.75 395.27000000000004 -4 6218.780000000001 13 96 463.49999999999994 63293.61 1785.7699999999998 8.273425817489624 6
1 -1 2 519.11 448.51 -2 478.34 1 81 478.34 43004.53 1883.53 7.983264923095703 6
0 -1 3 598.07 261.72 -1 4278.33 13 96 261.72 65971.50999999998 1282.95 0.00807809829711914 6
1 -1 3 604.51 326.01 -1 326.01 1 81 326.01 49617.02999999997 1421.08 0.007263898849487305 6
0 -1 4 532.35 397.87 -1 6391.8099999999995 13 96 424.94 63888.78999999998 1672.69 4.115218162536621 6
1 -1 4 534.88 414.74 -1 541.5600000000001 1 81 541.5600000000001 44408.100000000006 2039.4200000000003 4.230731010437012 6
0 -1 5 465.37 344.74 -2 4711.48 13 96 344.74 54098.77000000002 1379.96 6.325774908065796 6
1 -1 5 490.69 401.56 -4 436.31000000000006 1 81 436.31000000000006 40618.28 1710.4900000000002 6.64743185043335 6
0 -1 6 552.96 411.40000000000003 -1 6499.9800000000005 13 96 494.53 66084.24999999999 1894.99 8.356016159057617 6
1 -1 6 543.61 417.29 -2 533.97 1 81 533.97 45099.970000000016 2019.2 7.812609910964966 6
0 -1 7 550.77 244.28 -4 9127.2 13 96 690.53 71128.11999999992 2315.8700000000003 1.8035778999328613 6
1 -1 7 468.49 272.87 -4 827.7599999999994 1 81 827.7599999999994 39603.38999999996 2756.1499999999983 2.165847063064575 6
0 -1 8 499.04 227.17 -1 8644.610000000002 13 96 661.6400000000001 65196.86999999999 2212.09 1.6038861274719238 6
1 -1 8 423.16 269.31 -2 807.2000000000016 1 81 807.2000000000016 35890.360000000015 2690.910000000005 3.7879021167755127 6
random:6T:1500
0 -1 0 786.22 0 -1 12848.1 13 96 648.98 101172.85 1946.94 0.6788327693939209 6
1 -1 0 905.47 407.23 -1 802.86 1 81 802.86 74948.92 2815.81 0.6416640281677246 6
0 -1 1 631.95 441.32 -1 6877.15 13 96 520.51 74421.48 2002.85 4.427523136138916 6
1 -1 1 641.4 458.71 -1 655.49 1 81 655.49 53264.130000000005 2425.18 4.522928953170776 6
0 -1 2 649.27 453.64 -1 7005.900000000001 13 96 520.78 76341.70999999998 2015.98 9.263892412185669 6
1 -1 2 653.74 583.1700000000001 -2 634.29 1 81 634.29 54221.76999999999 2486.04 9.065011978149414 6
0 -1 3 757.95 359.12 -1 5109.09 13 96 359.12 82981.06000000006 1816.43 0.009509086608886719 6
1 -1 3 786.42 377.22999999999996 -1 377.22999999999996 1 81 377.22999999999996 64454.39999999999 1815.1499999999999 0.007449150085449219 6
0 -1 4 634.81 451.52 -1 6859.64 13 96 518.33 74661.23 2006.5100000000002 4.620041131973267 6
1 -1 4 645.49 458.71 -1 656.3500000000001 1 81 656.3500000000001 53597.189999999995 2427.76 5.001885175704956 6
0 -1 5 600.17 440.19 -4 6757.210000000001 13 96 510.68 71130.60000000003 1972.23 7.1481359004974365 6
1 -1 5 610.37 533.64 -4 591.6500000000001 1 81 591.6500000000001 50623.34000000003 2308.59 7.318157911300659 6
0 -1 6 679.96 462.86 -2 8155.839999999999 13 96 617.26 81587.64999999997 2314.64 9.909993886947632 6
1 -1 6 657.25 476.90999999999997 -1 612.76 1 81 612.76 54462.68000000001 2315.19 9.34018087387085 6
0 -1 7 662.6 324.40000000000003 -4 11339.81 13 96 858.92 86289.22999999997 2901.16 2.2122278213500977 6
1 -1 7 560.02 413.12 -4 1112.0299999999995 1 81 1112.0299999999995 47585.449999999975 3749.209999999998 3.061953067779541 6
0 -1 8 604.37 278.89 -2 11177.28 13 96 839.2900000000001 80373.74999999991 2796.76 2.1653449535369873 6
1 -1 8 534.84 375.51000000000005 -2 1034.300000000003 1 81 1034.300000000003 45390.38000000001 3478.410000000009 5.280739068984985 6
random:7T:300
0 -1 0 96.49 0 -21 1629.3200000000004 11 94 116.16 12328.73 348.48 0.12825798988342285 7
1 -1 0 93.04 0 -26 129.43 1 81 129.43 7795.479999999999 388.29 0.12143898010253906 7
0 -1 1 95.58 0 -13 1389.04 11 94 118.31 11762.160000000007 354.93 0.11877226829528809 7
1 -1 1 97.71 0.0 -10 126.24 1 81 126.24 8167.060000000001 378.71999999999997 0.11978888511657715 7
0 -1 2 91.32 0 -12 1316.45 11 94 110.99 11217.370000000003 332.96999999999997 2.5381312370300293 7
1 -1 2 85.4 0.0 -10 126.24 1 81 126.24 7170.119999999999 378.71999999999997 2.7526142597198486 7
0 -1 3 69.11 0.0 -23 0.0 11 94 0.0 6496.220000000003 0.0 0.0059740543365478516 7
1 -1 3 73.05 0.0 -16 0.0 1 81 0.0 5916.990000000002 0.0 0.004904031753540039 7
0 -1 4 95.58 0 -13 1389.04 11 94 118.31 11762.160000000007 354.93 0.15815234184265137 7
1 -1 4 97.71 0.0 -10 126.24 1 81 126.24 8167.060000000001 378.71999999999997 0.12350106239318848 7
0 -1 5 68.44 0 -22 782.8199999999999 11 94 23.85 7999.4500000000035 71.55000000000001 1.8727037906646729 7
1 -1 5 75.92 0 -20 86.53 1 81 86.53 6322.870000000002 259.59000000000003 1.7935140132904053 7
0 -1 6 94.2 0 -27 1378.3600000000004 11 94 116.16 11611.8 348.48 2.717376708984375 7
1 -1 6 91.96 0 -19 129.43 1 81 129.43 7707.94 388.29 3.032639980316162 7
0 -1 7 94.2 0 -27 1378.3600000000004 11 94 116.16 11611.8 348.48 0.662761926651001 7
1 -1 7 91.96 0 -19 129.43 1 81 129.43 7707.94 388.29 0.7168631553649902 7
0 -1 8 91.32 0 -12 1316.45 11 94 110.99 11217.370000000003 332.96999999999997 0.603388786315918 7
1 -1 8 85.4 0.0 -10 126.24 1 81 126.24 7170.119999999999 378.71999999999997 0.648798942565918 7
random:7T:600
0 -1 0 274.95 0 -1 3932.91 11 94 275.15 33710.77000000002 825.4499999999999 0.3121979236602783 7
1 -1 0 292.43 0 -3 281.18 1 81 281.18 24249.280000000017 843.54 0.2809419631958008 7
0 -1 1 252.62 150.61000000000007 -2 2015.43 11 94 181.45 27776.999999999985 694.96 2.965088129043579 7
1 -1 1 269.16 201.18 -2 280.75 1 81 280.75 22363.119999999984 1043.43 0.9079082012176514 7
0 -1 2 248.7 188.95999999999998 -1 2490.1299999999997 11 94 216.58999999999997 28358.11000000001 838.73 5.1704630851745605 7
1 -1 2 248.48 192.42 -2 244.82999999999998 1 81 244.82999999999998 20616.270000000004 926.91 4.8493218421936035 7
0 -1 3 245.48 36.33 -1 1508.3799999999999 11 94 129.39 26091.829999999984 424.49999999999994 0.00552821159362793 7
1 -1 3 233.62 0.0 -2 86.72 1 81 86.72 19097.030000000006 260.15999999999997 0.005210161209106445 7
0 -1 4 252.62 150.61000000000007 -2 2015.43 11 94 181.45 27776.999999999985 694.96 2.9532248973846436 7
1 -1 4 269.16 201.18 -2 280.75 1 81 280.75 22363.119999999984 1043.43 0.9451298713684082 7
0 -1 5 207.1 33.41000000000001 -1 1880.7000000000003 11 94 160.45999999999998 23228.770000000004 514.79 4.924468994140625 7
1 -1 5 222.59 79.83000000000001 -1 174.39 1 81 174.39 18378.470000000012 603.0 6.485858917236328 7
0 -1 6 255.95 148.41000000000003 -1 2013.09 11 94 180.97 28085.400000000012 691.3199999999999 5.910681962966919 7
1 -1 6 266.18 152.21 -1 183.92 1 81 183.92 21928.170000000002 703.97 6.121782064437866 7
0 -1 7 272.62 97.0 -2 3043.88 11 94 273.1700000000001 31714.32000000002 916.5100000000002 1.4501919746398926 7
1 -1 7 268.17 135.87 -1 306.8400000000002 1 81 306.8400000000002 22335.290000000005 1056.3900000000008 1.4031128883361816 7
0 -1 8 258.5 159.04 -1 3246.6399999999994 11 94 293.56 30791.829999999994 1039.72 1.4496679306030273 7
1 -1 8 239.7 164.09 -1 348.38000000000017 1 81 348.38000000000017 20112.3 1209.2300000000005 2.32711124420166 7
random:7T:900
0 -1 0 468.29 0 -1 6396.3 11 94 479.2 56811.46000000002 1437.6 0.47917795181274414 7
1 -1 0 499.63 124.45 -2 489.39 1 81 489.39 41448.950000000004 1592.6200000000001 0.3879239559173584 7
0 -1 1 408.76 309.7600000000003 -2 3786.25 11 94 339.34000000000003 45995.51999999999 1327.7800000000004 5.130030155181885 7
1 -1 1 417.83 360.06 -1 437.75 1 81 437.75 34720.02000000001 1673.31 2.7541050910949707 7
0 -1 2 402.1 333.13 -2 3737.58 11 94 333.21000000000004 45272.80999999998 1332.7600000000002 7.109039068222046 7
1 -1 2 400.89 334.19 -2 339.28999999999996 1 81 339.28999999999996 33150.28 1352.06 6.424556016921997 7
0 -1 3 408.63 183.91 -2 2045.63 11 94 183.91 42502.459999999985 837.8 0.0070841312408447266 7
1 -1 3 416.21 174.42999999999998 -1 174.42999999999998 1 81 174.42999999999998 34062.2 760.46 0.00563812255859375 7
0 -1 4 408.76 309.7600000000003 -2 3786.25 11 94 339.34000000000003 45995.51999999999 1327.7800000000004 5.261280059814453 7
1 -1 4 417.87 360.06 -1 437.75 1 81 437.75 34722.86000000001 1673.31 2.8031880855560303 7
0 -1 5 361.15 247.6 -3 3545.19 11 94 315.5 41038.409999999996 1194.1 5.61076283454895 7
1 -1 5 370.98 313.88 -1 332.05 1 81 332.05 30713.09 1310.0300000000002 5.699021100997925 7
0 -1 6 422.42 341.61 -1 3776.53 11 94 341.61 47260.30999999999 1367.08 7.185710906982422 7
1 -1 6 413.15 345.71 -1 346.39 1 81 346.39 34157.94999999999 1384.88 6.885317802429199 7
0 -1 7 430.04 180.9 -1 5933.99 11 94 537.4399999999999 52291.56999999998 1793.2199999999998 1.9290380477905273 7
1 -1 7 389.58 219.65 -2 600.9100000000009 1 81 600.9100000000009 32757.820000000007 2022.3800000000028 2.764151096343994 7
0 -1 8 405.82 222.55 -1 6188.09 11 94 560.11 50523.72000000005 1902.8799999999999 2.070194959640503 7
1 -1 8 343.75 225.32 -1 646.3800000000019 1 81 646.3800000000019 29136.480000000025 2164.460000000006 3.979233980178833 7
random:7T:1200
0 -1 0 656.0 45.69 -1 8536.89 11 94 662.95 78737.35000000002 2034.5400000000002 0.6032710075378418 7
1 -1 0 706.93 203.58 -2 659.41 1 81 659.41 58580.05 2181.81 0.5532441139221191 7
0 -1 1 535.78 415.42 -1 5430.360000000001 11 94 487.21000000000004 61223.840000000026 1877.0500000000002 3.6552467346191406 7
1 -1 1 541.6 425.46999999999997 -1 558.1099999999999 1 81 558.1099999999999 44986.04000000001 2099.7999999999997 4.64098596572876 7
0 -1 2 538.19 412.44 -1 5423.52 11 94 478.79999999999995 61437.05000000001 1848.84 8.242446184158325 7
1 -1 2 533.47 421.41 -1 494.4 1 81 494.4 44199.48999999998 1904.61 7.659332036972046 7
0 -1 3 608.3 330.94 -2 3707.8199999999997 11 94 330.94 64595.52 1497.81 0.00820302963256836 7
1 -1 3 573.15 224.07 -1 224.07 1 81 224.07 46873.420000000006 1107.0500000000002 0.006591081619262695 7
0 -1 4 534.65 415.42 -1 5430.36 11 94 487.21999999999997 61117.61000000002 1877.08 3.7137317657470703 7
1 -1 4 530.91 425.46999999999997 -1 554.05 1 81 554.05 44111.950000000004 2087.62 4.63581395149231 7
0 -1 5 505.12 375.83000000000004 -1 5245.710000000001 11 94 469.89 57973.02 1785.5 7.117230176925659 7
1 -1 5 500.35 385.55 -1 473.64 1 81 473.64 41475.37000000002 1806.47 6.89871883392334 7
0 -1 6 557.46 421.44 -1 5276.8099999999995 11 94 473.35 62954.98 1841.4900000000002 8.741840362548828 7
1 -1 6 529.29 409.68 -1 455.68 1 81 455.68 43783.820000000014 1776.72 7.9033119678497314 7
0 -1 7 556.33 270.57 -6 8681.32 11 94 786.3400000000001 69657.21000000006 2629.5900000000006 2.614297866821289 7
1 -1 7 482.96 321.66 -2 875.2900000000013 1 81 875.2900000000013 40870.66000000001 2947.530000000004 3.7105088233947754 7
0 -1 8 528.0 267.77 -4 8861.400000000001 11 94 801.3000000000001 67354.60000000005 2671.67 2.6349780559539795 7
1 -1 8 447.63 278.71 -1 826.2500000000017 1 81 826.2500000000017 37910.88000000003 2757.460000000005 4.15354585647583 7
random:7T:1500
0 -1 0 838.42 250.6 -1 11300.390000000001 11 94 882.4699999999999 101412.06000000003 2898.0099999999998 0.7142219543457031 7
1 -1 0 911.03 246.98 -2 868.1099999999999 1 81 868.1099999999999 75529.53000000001 2851.31 0.6278800964355469 7
0 -1 1 651.29 456.12 -2 6767.820000000001 11 94 612.85 74757.21 2294.67 5.193804025650024 7
1 -1 1 663.88 493.33 -1 680.88 1 81 680.88 55135.729999999974 2535.97 5.728137969970703 7
0 -1 2 684.3 507.96 -2 7008.3099999999995 11 94 631.5699999999999 78340.67000000003 2402.6699999999996 9.892452001571655 7
1 -1 2 652.36 468.81 -1 652.0799999999999 1 81 652.0799999999999 54145.15000000003 2425.0499999999997 8.25748586654663 7
0 -1 3 770.52 374.98999999999995 -2 4365.91 11 94 374.98999999999995 81160.73999999998 1868.4499999999998 0.00884699821472168 7
1 -1 3 770.52 354.96999999999997 -1 354.96999999999997 1 81 354.96999999999997 63122.40000000001 1731.9099999999999 0.007534027099609375 7
0 -1 4 645.74 453.38 -1 6742.159999999999 11 94 610.27 74183.40999999996 2284.19 4.663799047470093 7
1 -1 4 657.07 468.81 -1 680.8 1 81 680.8 54584.07 2511.21 5.585383892059326 7
0 -1 5 634.18 468.34999999999997 -1 6079.65 11 94 519.0400000000001 71772.24999999997 2025.4700000000003 8.184655904769897 7
1 -1 5 614.35 466.65 -1 590.13 1 81 590.13 50942.28999999998 2237.04 8.248588800430298 7
0 -1 6 708.62 471.42 -2 7066.730000000001 11 94 637.47 80744.00000000001 2383.83 10.051514148712158 7
1 -1 6 674.55 526.39 -1 622.14 1 81 622.14 55883.19 2392.81 9.152446985244751 7
0 -1 7 671.88 390.52 -2 11299.559999999998 11 94 1025.1799999999998 85756.23999999998 3466.0599999999995 2.9514830112457275 7
1 -1 7 556.53 394.36 -2 1172.8300000000029 1 81 1172.8300000000029 47424.899999999994 3912.850000000009 5.2910802364349365 7
0 -1 8 651.22 364.52 -3 10989.110000000004 11 94 997.0100000000001 83192.72999999995 3355.55 2.9082489013671875 7
1 -1 8 550.4 419.9 -2 1128.8100000000038 1 81 1128.8100000000038 46840.42000000001 3806.3300000000113 5.84496283531189 7
random:8T:300
0 -1 0 88.29 0 -26 264.33 2 82 127.88 7768.720000000003 383.64 0.13461017608642578 8
1 -1 0 93.08 0 -40 1964.3200000000002 10 93 180.48000000000002 12584.940000000004 541.44 0.13800978660583496 8
0 -1 1 80.54 0 -15 25.42 2 82 0.0 6654.840000000004 0.0 0.12164306640625 8
1 -1 1 95.06 0 -13 1341.6400000000003 10 93 128.66 11523.940000000004 385.98 0.12123918533325195 8
0 -1 2 75.58 0 -15 19.96 2 82 0.0 6237.530000000003 0.0 2.18062686920166 8
1 -1 2 84.96 0 -14 677.28 10 93 56.63 9255.96 169.89000000000001 2.402186155319214 8
0 -1 3 76.12 0.0 -15 0.0 2 82 0.0 6242.170000000001 0.0 0.003905057907104492 8
1 -1 3 74.53 0.0 -22 0.0 10 93 0.0 6931.280000000002 0.0 0.004395961761474609 8
0 -1 4 80.54 0 -15 25.42 2 82 0.0 6654.840000000004 0.0 0.11063790321350098 8
1 -1 4 95.06 0 -13 1341.6400000000003 10 93 128.66 11523.940000000004 385.98 0.11520624160766602 8
0 -1 5 70.41 0 -19 74.01 2 82 0.0 5921.24 0.0 1.6267578601837158 8
1 -1 5 71.42 0 -26 677.76 10 93 7.24 7997.770000000001 21.72 1.652033805847168 8
0 -1 6 87.4 0 -20 261.01 2 82 127.88 7688.630000000003 383.64 2.5420119762420654 8
1 -1 6 92.3 0 -16 1458.3199999999997 10 93 141.27 11500.350000000004 423.81000000000006 2.8532941341400146 8
0 -1 7 87.4 0 -20 261.01 2 82 127.88 7688.630000000003 383.64 0.608299970626831 8
1 -1 7 92.3 0 -16 1458.3199999999997 10 93 141.27 11500.350000000004 423.81000000000006 0.6586291790008545 8
0 -1 8 75.58 0 -15 19.96 2 82 0.0 6237.530000000003 0.0 0.5503180027008057 8
1 -1 8 84.96 0 -14 677.28 10 93 56.63 9255.96 169.89000000000001 0.5800750255584717 8
random:8T:600
0 -1 0 250.68 0 -5 572.0799999999999 2 82 284.39 21700.00000000001 853.17 0.27646303176879883 8
1 -1 0 257.67 0 -6 3711.5199999999995 10 93 352.87999999999994 31386.320000000018 1058.6399999999999 0.25826406478881836 8
0 -1 1 243.25 167.74999999999983 -3 381.57000000000005 2 82 174.97000000000003 20709.37999999999 692.6599999999999 2.9920260906219482 8
1 -1 1 243.52 173.82 -4 1849.7399999999998 10 93 183.75 26346.51 725.0699999999999 0.566129207611084 8
0 -1 2 225.64 138.5200000000001 -2 318.65 2 82 159.06 19139.94999999999 615.7 6.461341857910156 8
1 -1 2 228.24 152.48 -1 1702.08 10 93 167.74 24630.249999999993 655.7 4.175330877304077 8
0 -1 3 253.78 34.34 -1 182.64 2 82 85.53 21175.19000000001 290.93000000000006 0.006526947021484375 8
1 -1 3 248.36 0.0 -1 1064.64 10 93 96.2 25227.030000000006 288.6 0.006381034851074219 8
0 -1 4 243.25 167.74999999999983 -3 381.57000000000005 2 82 174.97000000000003 20709.37999999999 692.6599999999999 2.834108829498291 8
1 -1 4 243.52 173.82 -4 1849.7399999999998 10 93 183.75 26346.51 725.0699999999999 0.6244497299194336 8
0 -1 5 216.49 108.05999999999996 -1 298.69 2 82 127.09 18349.570000000003 489.3299999999999 7.5210349559783936 8
1 -1 5 198.9 25.51 -1 1702.18 10 93 156.76 21901.810000000027 495.78999999999996 4.358735084533691 8
0 -1 6 243.97 136.2 -1 368.33000000000004 2 82 183.58 20742.039999999986 686.94 4.319441080093384 8
1 -1 6 244.99 140.95 -1 1875.6999999999996 10 93 186.56 26535.06 700.6300000000001 5.285520076751709 8
0 -1 7 248.87 97.76 -2 586.73 2 82 292.46000000000004 21581.10999999999 975.1400000000001 1.1718969345092773 8
1 -1 7 262.85 134.76 -1 2835.2 10 93 279.57 30115.640000000007 973.47 1.204704999923706 8
0 -1 8 226.72 117.4 -2 395.6799999999999 2 82 183.53999999999988 19382.779999999988 668.0199999999996 1.3946168422698975 8
1 -1 8 238.9 128.9 -1 2397.5 10 93 237.95999999999992 27013.11999999999 842.7799999999997 1.1816840171813965 8
random:8T:900
0 -1 0 449.61 49.84 -1 911.1599999999999 2 82 449.66999999999996 38690.20000000002 1398.8499999999997 0.38391709327697754 8
1 -1 0 453.65 0 -3 6112.02 10 93 585.83 54413.58000000001 1757.4900000000002 0.44579291343688965 8
0 -1 1 395.54 319.86 -1 735.42 2 82 349.93999999999994 33905.33 1369.6799999999998 4.023452043533325 8
1 -1 1 410.45 320.55 -1 3463.2400000000007 10 93 342.22 45098.51000000002 1347.21 2.5234358310699463 8
0 -1 2 377.4 284.52000000000004 -2 618.55 2 82 305.75 32183.609999999993 1201.77 6.573416233062744 8
1 -1 2 382.61 267.43000000000006 -2 3235.2999999999997 10 93 317.37 42053.67 1219.54 6.571911334991455 8
0 -1 3 430.2 174.16 -1 350.9 2 82 174.16 35978.00999999998 807.07 0.0068359375 8
1 -1 3 404.81 176.54000000000002 -2 1788.1999999999998 10 93 176.54000000000002 41223.99 782.9100000000001 0.007324934005737305 8
0 -1 4 395.8 312.15 -1 735.52 2 82 351.52 33926.28 1366.71 6.3680970668792725 8
1 -1 4 408.43 325.88000000000005 -1 3463.26 10 93 342.22 44910.77000000003 1352.5400000000002 2.6993651390075684 8
0 -1 5 364.84 273.19 -2 623.5 2 82 295.40999999999997 31163.680000000008 1159.4199999999998 5.446560859680176 8
1 -1 5 329.89 216.76 -2 2912.9199999999996 10 93 262.26 36505.95999999998 1003.54 4.869704008102417 8
0 -1 6 398.47 313.41999999999996 -2 692.28 2 82 345.49 34058.71 1349.8899999999999 6.584709882736206 8
1 -1 6 423.76 350.92999999999995 -2 3527.9399999999996 10 93 350.92999999999995 46465.18999999999 1406.06 8.065151929855347 8
0 -1 7 372.53 195.69 -1 1140.1900000000003 2 82 569.8300000000002 32828.22999999999 1905.1800000000005 1.7803237438201904 8
1 -1 7 417.08 211.7 -4 5506.840000000001 10 93 547.97 49801.919999999984 1855.6100000000001 1.9105181694030762 8
0 -1 8 340.85 199.71 -2 958.3200000000008 2 82 477.0200000000007 29866.33000000001 1630.7700000000023 2.8651199340820312 8
1 -1 8 379.76 206.02 -1 5108.119999999999 10 93 509.94000000000005 45534.02999999997 1735.8400000000001 1.9286913871765137 8
random:8T:1200
0 -1 0 653.06 252.87 -1 1296.61 2 82 627.06 56144.46000000002 2134.0499999999997 0.5594418048858643 8
1 -1 0 632.95 0 -2 8275.84 10 93 793.01 75416.33 2379.0299999999997 0.6162612438201904 8
0 -1 1 517.21 411.39 -1 915.4000000000001 2 82 453.65000000000003 44241.83 1772.3400000000001 3.625943183898926 8
1 -1 1 545.35 405.45 -1 4884.6 10 93 480.81 60487.060000000056 1847.88 4.305694818496704 8
0 -1 2 508.59 413.15999999999997 -1 951.34 2 82 462.61 43607.46000000003 1800.9899999999998 7.059409141540527 8
1 -1 2 539.18 407.16 -1 4793.12 10 93 474.42 59729.81 1830.42 9.737188816070557 8
0 -1 3 633.12 293.63 -1 596.74 2 82 293.63 53109.32000000003 1381.77 0.00995016098022461 8
1 -1 3 575.21 248.85 -2 2630.62 10 93 248.85 58756.18999999997 1193.32 0.009491205215454102 8
0 -1 4 512.21 396.75 -1 922.98 2 82 449.38 43847.14000000002 1744.8899999999999 3.8023858070373535 8
1 -1 4 540.88 405.45 -1 4876.259999999999 10 93 479.86 60054.709999999985 1845.03 4.265564918518066 8
0 -1 5 494.68 396.01 -2 893.43 2 82 417.35 42350.86999999999 1648.0600000000002 6.465179204940796 8
1 -1 5 470.12 362.92999999999995 -2 3784.2999999999997 10 93 364.1 51289.77000000001 1455.23 6.7880699634552 8
0 -1 6 540.82 420.77000000000004 -1 980.52 2 82 488.78000000000003 46308.579999999994 1887.1100000000001 7.909519910812378 8
1 -1 6 561.05 420.98 -2 4912.42 10 93 488.65999999999997 62002.74999999999 1886.96 9.21740198135376 8
0 -1 7 469.92 269.52 -4 1615.1600000000003 2 82 804.9200000000001 41763.82999999998 2684.28 1.9741272926330566 8
1 -1 7 537.06 258.87 -2 7904.360000000001 10 93 776.23 65755.47 2587.56 2.4172520637512207 8
0 -1 8 420.89 255.64 -2 1526.9900000000011 2 82 763.210000000001 37566.780000000006 2545.2700000000027 3.658012866973877 8
1 -1 8 492.63 255.25 -2 7694.399999999998 10 93 767.66 61203.78 2558.23 2.4008593559265137 8
random:8T:1500
0 -1 0 862.04 364.23 -1 1690.68 2 82 819.3000000000001 74068.25000000001 2822.13 0.7098429203033447 8
1 -1 0 812.48 0 -2 10553.279999999999 10 93 1006.7300000000001 96667.62 3020.1900000000005 0.6926798820495605 8
0 -1 1 620.08 451.17999999999995 -1 1218.9899999999998 2 82 594.68 53284.69000000002 2235.22 4.7173521518707275 8
1 -1 1 659.54 450.77 -1 6402.04 10 93 633.4 74141.51000000005 2350.97 5.153234004974365 8
0 -1 2 640.89 470.35 -1 1195.33 2 82 578.78 54943.90000000002 2206.69 9.82222318649292 8
1 -1 2 667.25 550.25 -2 6329.799999999999 10 93 628.81 74713.67 2436.68 9.356711864471436 8
0 -1 3 806.21 366.21 -1 734.53 2 82 366.21 67578.49999999999 1839.9799999999998 0.008205890655517578 8
1 -1 3 748.59 360.09000000000003 -2 3632.4800000000005 10 93 360.09000000000003 76883.71999999999 1769.09 0.008302927017211914 8
0 -1 4 631.07 459.71000000000004 -1 1218.87 2 82 587.71 54185.590000000026 2222.84 5.398559093475342 8
1 -1 4 645.16 447.90999999999997 -1 6149.879999999999 10 93 595.96 72299.56000000006 2235.79 4.981446027755737 8
0 -1 5 618.82 528.83 -4 1145.39 2 82 572.69 53033.98 2246.9 7.73110294342041 8
1 -1 5 598.24 458.97000000000014 -4 5260.180000000001 10 93 512.01 66156.77 1995.0 8.258151054382324 8
0 -1 6 649.94 470.88 -2 1274.01 2 82 636.48 55842.85 2380.32 8.913530826568604 8
1 -1 6 678.94 476.96999999999997 -1 6313.960000000001 10 93 629.18 75769.00000000003 2364.5099999999998 9.795094966888428 8
0 -1 7 570.4 387.49 -2 2067.34 2 82 1033.0000000000002 50907.66999999998 3486.4900000000007 2.4439921379089355 8
1 -1 7 657.37 387.43999999999994 -4 10240.499999999998 10 93 1021.8799999999999 81616.43000000004 3453.0799999999995 2.8983349800109863 8
0 -1 8 523.06 323.61999999999995 -2 1827.320000000001 2 82 907.6500000000001 46545.31000000001 3046.57 3.862514019012451 8
1 -1 8 586.29 282.23 -2 8936.82 10 93 867.0999999999999 72398.37999999998 2883.5299999999997 2.518779993057251 8
random:9T:300
0 -1 0 105.87 0 -16 2116.75 14 99 44.59 14714.83 133.77 0.16219639778137207 9
1 -1 0 102.37 0 -4 302.90999999999997 3 81 85.68 8897.490000000003 257.04 0.10999011993408203 9
0 -1 1 102.23 0.0 -6 1420.9799999999998 14 99 0.0 12962.8 0.0 0.12233805656433105 9
1 -1 1 94.93 0.0 -8 254.78 3 81 57.84 8198.93 173.52 0.10574507713317871 9
0 -1 2 88.16 0.0 -10 761.1999999999999 14 99 0.0 10250.029999999997 0.0 1.9677369594573975 9
1 -1 2 87.64 0.0 -7 114.2 3 81 0.0 7327.060000000002 0.0 1.603996992111206 9
0 -1 3 89.33 0.0 -22 80.44 14 99 0.0 9004.140000000001 0.0 0.006320953369140625 9
1 -1 3 94.37 0.0 -11 129.95 3 81 0.0 7904.160000000002 0.0 0.004030942916870117 9
0 -1 4 102.23 0.0 -6 1420.9799999999998 14 99 0.0 12962.8 0.0 0.10445904731750488 9
1 -1 4 94.93 0.0 -8 254.78 3 81 57.84 8198.93 173.52 0.10074996948242188 9
0 -1 5 83.7 0.0 -13 638.11 14 99 0.0 9562.8 0.0 1.6466262340545654 9
1 -1 5 77.62 0.0 -13 41.53 3 81 0.0 6370.409999999997 0.0 1.1406652927398682 9
0 -1 6 104.09 0.0 -16 1790.7 14 99 64.92 13885.830000000004 194.76 2.396602153778076 9
1 -1 6 102.36 0.0 -3 302.90999999999997 3 81 85.68 8897.240000000003 257.04 2.2189481258392334 9
0 -1 7 104.09 0.0 -16 1790.7 14 99 64.92 13885.830000000004 194.76 0.575124979019165 9
1 -1 7 102.36 0.0 -3 302.90999999999997 3 81 85.68 8897.240000000003 257.04 0.5053517818450928 9
0 -1 8 88.16 0.0 -10 761.1999999999999 14 99 0.0 10250.029999999997 0.0 0.4608330726623535 9
1 -1 8 87.64 0.0 -7 114.2 3 81 0.0 7327.060000000002 0.0 0.36985015869140625 9
random:9T:600
0 -1 0 286.4 0 -1 4698.169999999999 14 99 165.06 37750.219999999994 495.18 0.31225109100341797 9
1 -1 0 297.02 0 -1 869.0999999999999 3 81 276.35 25796.53999999999 829.0500000000001 0.23804473876953125 9
0 -1 1 258.87 183.10999999999996 -3 2967.7399999999993 14 99 186.68 31564.02999999999 743.1499999999999 1.6068000793457031 9
1 -1 1 240.34 166.96000000000004 -3 522.0899999999999 3 81 168.01 20511.34999999999 670.99 6.006698131561279 9
0 -1 2 236.93 163.31 -1 2377.47 14 99 163.31 28211.12 654.84 4.514688014984131 9
1 -1 2 240.24 189.3 -3 634.05 3 81 207.56 20727.64 811.98 3.002454996109009 9
0 -1 3 278.24 97.6 -1 2027.8199999999997 14 99 97.6 31600.94000000001 393.49999999999994 0.006920814514160156 9
1 -1 3 286.14 90.32 -1 488.44 3 81 149.23999999999998 24154.390000000003 538.04 0.005006074905395508 9
0 -1 4 258.87 183.10999999999996 -3 2967.7399999999993 14 99 186.68 31564.02999999999 743.1499999999999 1.694540023803711 9
1 -1 4 240.34 166.96000000000004 -3 522.0899999999999 3 81 168.01 20511.34999999999 670.99 6.354834794998169 9
0 -1 5 236.0 165.09 -1 2410.6299999999997 14 99 165.42 28185.039999999997 661.35 3.773171901702881 9
1 -1 5 224.31 160.73999999999998 -1 554.39 3 81 161.94 19277.539999999994 646.56 3.092482089996338 9
0 -1 6 253.32 169.48999999999998 -1 2570.1999999999994 14 99 169.57999999999998 30219.130000000005 678.2299999999999 4.006171941757202 9
1 -1 6 269.89 202.53 -3 790.8599999999999 3 81 256.76 23442.67999999999 972.81 3.432398796081543 9
0 -1 7 268.1 118.93 -1 3546.62 14 99 246.57999999999998 33635.08 858.6700000000001 1.0451650619506836 9
1 -1 7 265.01 188.41 -6 901.9300000000001 3 81 299.53000000000003 23269.379999999994 1087.0000000000002 0.8229267597198486 9
0 -1 8 236.6 151.77 -3 2419.6099999999997 14 99 165.4 28262.580000000005 647.97 1.0571770668029785 9
1 -1 8 239.46 160.36 -3 759.4199999999996 3 81 243.86999999999972 20914.969999999998 891.9699999999992 1.1199889183044434 9
random:9T:900
0 -1 0 472.1 146.2 -1 7456.72 14 99 305.24 61650.95999999999 1061.92 0.45296406745910645 9
1 -1 0 487.57 36.03 -1 1438.6100000000001 3 81 470.52 42370.15 1447.59 0.368851900100708 9
0 -1 1 414.29 322.58 -6 4906.1500000000015 14 99 322.73 50826.890000000014 1290.77 2.627803087234497 9
1 -1 1 390.8 312.69000000000057 -3 1036.98 3 81 315.97 33728.549999999996 1260.6000000000006 4.953869104385376 9
0 -1 2 393.36 300.31 -3 4532.65 14 99 301.53999999999996 48007.950000000026 1204.9299999999998 4.920981168746948 9
1 -1 2 387.08 323.46 -3 1045.58 3 81 334.77000000000004 33444.49 1327.7700000000002 4.041790008544922 9
0 -1 3 455.58 176.85 -1 3343.3599999999997 14 99 176.85 51789.389999999956 864.31 0.00867009162902832 9
1 -1 3 474.01 248.20999999999998 -1 853.3499999999999 3 81 248.20999999999998 40101.82 1070.6899999999998 0.006720781326293945 9
0 -1 4 414.29 322.58 -6 4906.1500000000015 14 99 322.73 50826.890000000014 1290.77 2.4971766471862793 9
1 -1 4 390.8 312.69000000000057 -3 1036.98 3 81 315.97 33728.549999999996 1260.6000000000006 5.099681854248047 9
0 -1 5 395.3 303.53 -3 4502.719999999999 14 99 311.33000000000004 48139.85999999999 1237.52 5.064275741577148 9
1 -1 5 373.81 304.49 -3 988.95 3 81 313.02 32256.230000000025 1243.55 3.5900700092315674 9
0 -1 6 414.9 298.02 -6 4795.85 14 99 305.95 50667.19 1215.87 5.569736003875732 9
1 -1 6 440.72 352.05 -1 1265.37 3 81 410.17999999999995 38229.23999999999 1582.59 5.246079921722412 9
0 -1 7 429.01 195.19 -1 6409.48 14 99 448.44 55290.780000000006 1540.51 1.3359899520874023 9
1 -1 7 399.28 238.66 -6 1661.86 3 81 552.78 35665.76 1897.0 1.0953760147094727 9
0 -1 8 383.58 218.56 -3 5595.38 14 99 392.07 49165.21 1394.77 1.1512300968170166 9
1 -1 8 349.15 223.28 -3 1562.5900000000001 3 81 516.5800000000002 31406.56 1773.0200000000004 1.2044439315795898 9
random:9T:1200
0 -1 0 657.59 234.18 -1 10131.370000000003 14 99 367.45000000000005 85364.34 1336.5300000000002 0.5514097213745117 9
1 -1 0 685.63 155.08 -1 2014.12 3 81 648.29 59564.46000000001 2099.95 0.44492602348327637 9
0 -1 1 561.03 409.07 -1 6910.58 14 99 455.90000000000003 69362.67999999998 1776.77 3.7044150829315186 9
1 -1 1 527.56 437.48 -1 1421.2800000000002 3 81 448.8 45574.99000000002 1783.88 2.48813796043396 9
0 -1 2 546.91 430.0300000000001 -3 6646.820000000001 14 99 452.08000000000004 67437.87000000001 1786.2700000000004 7.149059057235718 9
1 -1 2 529.01 456.15000000000003 -3 1519.0700000000002 3 81 491.42 45887.899999999965 1930.41 4.952246189117432 9
0 -1 3 643.9 320.95000000000005 -1 4894.420000000002 14 99 320.95000000000005 73534.59 1542.5200000000002 0.011010169982910156 9
1 -1 3 670.6 352.57 -1 1093.73 3 81 352.57 56506.35000000002 1628.9 0.008215904235839844 9
0 -1 4 561.03 409.07 -1 6910.58 14 99 455.90000000000003 69362.67999999998 1776.77 4.146885871887207 9
1 -1 4 527.56 437.48 -1 1421.2800000000002 3 81 448.8 45574.99000000002 1783.88 2.4077200889587402 9
0 -1 5 548.61 430.0800000000001 -3 6570.0 14 99 434.19 67452.50000000003 1732.65 7.411216735839844 9
1 -1 5 516.31 437.65000000000003 -3 1368.6799999999998 3 81 440.35 44558.25999999999 1758.7000000000003 5.313382863998413 9
0 -1 6 563.24 397.63 -1 7008.550000000001 14 99 465.38 69777.91999999998 1793.77 6.877010345458984 9
1 -1 6 576.58 450.77 -1 1707.12 3 81 565.3499999999999 50116.819999999985 2146.8199999999997 5.762259006500244 9
0 -1 7 575.41 242.38 -1 9343.769999999999 14 99 655.5999999999999 75652.89999999998 2209.18 1.7411730289459229 9
1 -1 7 510.3 268.38 -3 2429.8900000000003 3 81 808.4000000000003 46193.81999999999 2693.580000000001 1.416640043258667 9
0 -1 8 503.86 255.2 -3 8605.82 14 99 609.66 67094.20999999998 2084.18 1.6234889030456543 9
1 -1 8 429.07 261.65 -3 2348.15 3 81 777.8800000000001 39450.94 2595.2900000000004 1.425356149673462 9
random:9T:1500
0 -1 0 837.3 282.21 -1 13052.01 14 99 517.84 108997.13999999998 1835.73 0.7916309833526611 9
1 -1 0 877.09 322.0 -1 2547.9700000000003 3 81 796.19 76140.06000000001 2710.57 0.5524330139160156 9
0 -1 1 697.06 454.93 -1 8844.330000000002 14 99 593.0500000000002 86697.52000000003 2234.0800000000004 4.905070066452026 9
1 -1 1 665.94 465.47999999999996 -1 1890.53 3 81 607.1299999999999 57721.999999999985 2286.8699999999994 4.769871950149536 9
0 -1 2 699.9 559.8399999999999 -3 8733.81 14 99 566.33 86757.81999999999 2258.83 8.400039911270142 9
1 -1 2 663.64 586.52 -1 1920.54 3 81 632.22 57595.829999999994 2483.1800000000003 5.727802991867065 9
0 -1 3 836.47 397.45000000000005 -1 6658.310000000002 14 99 397.45000000000005 96126.70999999995 1985.19 0.010571002960205078 9
1 -1 3 871.32 485.65999999999997 -1 1521.5 3 81 485.65999999999997 73619.95000000004 2241.74 0.009575128555297852 9
0 -1 4 697.06 454.93 -1 8844.330000000002 14 99 593.0500000000002 86697.52000000003 2234.0800000000004 5.0718748569488525 9
1 -1 4 665.94 465.47999999999996 -1 1890.53 3 81 607.1299999999999 57721.999999999985 2286.8699999999994 4.664249897003174 9
0 -1 5 686.72 536.39 -6 8494.28 14 99 569.63 84974.21000000004 2245.2799999999997 7.5330421924591064 9
1 -1 5 655.63 565.6299999999998 -3 1837.0100000000002 3 81 596.97 56779.669999999984 2356.54 5.526864051818848 9
0 -1 6 678.41 443.63 -1 8167.549999999999 14 99 542.36 83497.89000000004 2070.71 7.665052890777588 9
1 -1 6 697.99 528.71 -1 1929.1999999999998 3 81 625.1999999999999 60395.8 2404.31 6.628021001815796 9
0 -1 7 706.77 285.49 -6 11909.529999999999 14 99 840.4799999999999 93789.28999999998 2806.9299999999994 2.018558979034424 9
1 -1 7 642.6 409.89 -3 3128.55 3 81 1041.8500000000001 58307.700000000026 3535.44 1.916057825088501 9
0 -1 8 609.47 275.29 -3 11585.390000000001 14 99 820.2500000000001 83507.93 2736.0400000000004 1.787229061126709 9
1 -1 8 539.26 359.85999999999996 -3 2777.17 3 81 923.1800000000003 49234.14999999999 3129.400000000001 1.6580209732055664 9
