random:2T:300
random:0T:300
0 -1 0 90.63 0 -22 1745.48 12 100 18.96 12554.289999999999 56.88 0.30521225929260254 0
1 -1 0 95.29 0 -22 151.64000000000001 2 77 15.78 7640.85 47.339999999999996 0.2841987609863281 0
0 -1 1 90.92 0 -17 1394.5299999999997 12 100 16.74 11880.600000000002 50.22 0.2817268371582031 0
1 -1 1 91.03 0 -12 148.29000000000002 2 77 48.2 7305.579999999999 50.22 0.22452497482299805 0
0 -1 2 86.26 0 -23 1281.77 12 100 0 11189.880000000001 0 5.428654193878174 0
1 -1 2 82.3 0.0 -12 102.25 2 77 0.0 6541.81 0 4.206939220428467 0
0 -1 3 67.95 0.0 -24 16.11 12 100 0.0 6827.520000000001 0.0 0.009189128875732422 0
1 -1 3 75.19 0.0 -16 0.0 2 77 0.0 5789.470000000003 0.0 0.007509946823120117 0
0 -1 4 90.92 0 -17 1394.5299999999997 12 100 16.74 11880.600000000002 50.22 0.2874789237976074 0
1 -1 4 91.03 0 -12 148.29000000000002 2 77 48.2 7305.579999999999 50.22 0.24130702018737793 0
0 -1 5 64.82 0 -29 694.38 12 100 0.0 7870.970000000001 0.0 3.7101619243621826 0
1 -1 5 69.04 0.0 -20 27.52 2 77 0.0 5371.310000000001 0.0 2.9194629192352295 0
0 -1 6 87.32 0 -28 1436.8399999999997 12 100 0 11606.060000000009 0 5.825753927230835 0
1 -1 6 94.18 0 -15 156.79000000000002 2 77 20.93 7565.079999999998 0 5.489262819290161 0
0 -1 7 87.32 0 -28 1436.8399999999997 12 100 0 11606.060000000009 0 1.410238265991211 0
1 -1 7 94.18 0 -15 156.79000000000002 2 77 20.93 7565.079999999998 0 1.3581359386444092 0
0 -1 8 86.26 0 -23 1281.77 12 100 0 11189.880000000001 0 1.3220880031585693 0
1 -1 8 82.3 0.0 -12 102.25 2 77 0.0 6541.81 0 0.9766168594360352 0
random:0T:600
0 -1 0 264.65 0 -12 4086.88 12 100 159.37 34638.93 478.11 0.6206779479980469 0
1 -1 0 291.59 0 -1 444.88 2 77 158.66 23341.879999999994 475.98 0.5254561901092529 0
0 -1 1 231.73 101.50000000000009 -2 2171.83 12 100 158.87 27516.420000000002 578.1100000000001 7.159807920455933 0
1 -1 1 258.06 188.36 -1 497.27 2 77 234.88 20865.409999999985 578.1100000000001 1.1052889823913574 0
0 -1 2 224.74 115.8 -1 2135.3 12 100 143.67 26744.84 546.81 18.27276301383972 0
1 -1 2 235.17 170.57999999999998 -1 348.46 2 77 170.57999999999998 18804.710000000003 546.81 7.9839091300964355 0
0 -1 3 238.05 15.27 -1 1554.6799999999998 12 100 104.53 26914.350000000006 328.86 0.013760089874267578 0
1 -1 3 246.6 8.22 -1 179.4 2 77 72.89 19346.839999999997 226.89000000000001 0.0065119266510009766 0
0 -1 4 231.73 101.50000000000009 -2 2171.83 12 100 158.87 27516.420000000002 578.1100000000001 7.158238887786865 0
1 -1 4 258.06 188.36 -1 497.27 2 77 234.88 20865.409999999985 578.1100000000001 1.1678259372711182 0
0 -1 5 190.84 0.0 -1 1987.3100000000002 12 100 128.44 23058.890000000003 385.32 9.378071069717407 0
1 -1 5 211.79 102.61999999999996 -1 296.27 2 77 135.0 16900.58 385.32 13.12784194946289 0
0 -1 6 238.21 116.25 -1 2169.9700000000003 12 100 143.9 28161.00999999999 547.95 13.798686027526855 0
1 -1 6 268.13 190.35000000000005 -1 465.42 2 77 220.43 21577.22 547.95 12.485400915145874 0
0 -1 7 239.29 105.59 -1 2239.82 12 100 182.45 28408.329999999994 652.9399999999999 2.574162006378174 0
1 -1 7 263.02 148.2 -2 555.6399999999996 2 77 277.2499999999997 21363.609999999993 652.9399999999999 3.774446964263916 0
0 -1 8 226.56 109.42 -1 2244.5 12 100 182.44 27145.069999999996 656.7399999999999 2.3122968673706055 0
1 -1 8 233.39 143.39 -1 463.7199999999998 2 77 213.22999999999976 18898.41 656.7399999999999 3.180816173553467 0
random:0T:900
0 -1 0 443.96 0 -5 6348.459999999999 12 100 222.64999999999998 57093.04000000002 667.9499999999999 0.9810731410980225 0
1 -1 0 504.46 161.47 -1 825.3 2 77 342.32 40494.010000000024 667.9499999999999 0.8356428146362305 0
0 -1 1 378.38 252.25999999999993 -2 4021.16 12 100 308.36 45880.66999999998 1177.34 7.763407945632935 0
1 -1 1 418.82 331.56 -2 789.5300000000001 2 77 392.58000000000004 33828.48 1177.34 4.343937158584595 0
0 -1 2 375.88 270.62 -3 3980.4900000000002 12 100 284.51 45549.45999999997 1124.15 17.152861833572388 0
1 -1 2 388.62 304.34000000000003 -4 668.2900000000001 2 77 333.85 31260.289999999983 1124.15 12.359657049179077 0
0 -1 3 401.23 178.38 -1 2241.3800000000006 12 100 178.38 44605.51999999999 805.62 0.015638113021850586 0
1 -1 3 420.68 171.35 -1 350.17999999999995 2 77 171.35 33092.49 779.3 0.014945030212402344 0
0 -1 4 378.38 252.25999999999993 -2 4021.16 12 100 308.36 45880.66999999998 1177.34 8.148457050323486 0
1 -1 4 417.94 331.55 -2 790.3800000000001 2 77 392.58000000000004 33762.37999999998 1177.34 4.400730848312378 0
0 -1 5 331.41 221.88 -2 3520.8099999999995 12 100 280.89 40182.44999999999 1064.55 14.035453796386719 0
1 -1 5 362.2 268.49 -1 581.35 2 77 268.49 29051.92000000001 1027.35 10.233869075775146 0
0 -1 6 393.71 276.36 -1 4028.9500000000003 12 100 286.19 47429.01 1134.9299999999998 16.208193063735962 0
1 -1 6 450.16 376.42 -1 822.22 2 77 389.68 36306.460000000014 1134.9299999999998 14.619523048400879 0
0 -1 7 388.98 208.05 -4 4940.2699999999995 12 100 399.57000000000005 48778.85000000004 1406.76 3.4945449829101562 0
1 -1 7 387.93 216.61 -2 1100.63 2 77 549.0300000000002 32071.660000000003 1406.76 4.695925951004028 0
0 -1 8 370.78 204.88 -3 4969.69 12 100 409.24 47017.8 1432.6 3.4596920013427734 0
1 -1 8 343.85 213.96 -1 1008.0800000000006 2 77 500.33000000000055 28492.569999999996 1432.6 5.917210102081299 0
random:0T:1200
0 -1 0 627.75 0 -1 8717.06 12 100 406.08000000000004 80209.37999999993 1218.2400000000002 1.4086940288543701 0
1 -1 0 716.93 314.1 -1 1168.0700000000002 2 77 504.73 57539.70999999999 1218.2400000000002 1.1367270946502686 0
0 -1 1 510.04 389.11 -2 5805.959999999999 12 100 460.87 62615.749999999956 1771.7200000000003 8.78078007698059 0
1 -1 1 559.14 423.41999999999996 -1 1118.29 2 77 547.09 45290.45000000002 1771.7200000000003 8.688449144363403 0
0 -1 2 516.2 394.35 -6 5652.550000000001 12 100 441.28 62925.33999999998 1718.19 20.343026876449585 0
1 -1 2 525.06 450.87999999999994 -2 957.4200000000001 2 77 465.02 42344.479999999996 1718.19 15.342036008834839 0
0 -1 3 594.09 303.26 -1 3906.9300000000003 12 100 303.26 67223.23 1385.76 0.019308090209960938 0
1 -1 3 596.31 236.8 -1 514.51 2 77 236.8 46944.960000000014 1166.04 0.010882139205932617 0
0 -1 4 510.04 389.11 -2 5805.959999999999 12 100 460.87 62615.749999999956 1771.7200000000003 9.19399905204773 0
1 -1 4 551.69 418.74 -1 1098.52 2 77 546.7099999999999 44677.540000000015 1771.7200000000003 8.138739824295044 0
0 -1 5 468.03 354.18 -1 4439.16 12 100 357.95 55681.29 1428.03 17.501245975494385 0
1 -1 5 495.98 402.29 -4 893.57 2 77 425.31000000000006 39977.77000000001 1428.03 13.352254867553711 0
0 -1 6 535.46 393.07 -1 5839.23 12 100 440.19000000000005 65224.89999999998 1713.64 22.166783809661865 0
1 -1 6 604.77 488.79 -1 1143.9899999999998 2 77 565.15 48854.94999999997 1713.64 17.151077270507812 0
0 -1 7 507.67 249.43 -4 7656.380000000001 12 100 629.26 66079.95999999998 2137.21 4.19265604019165 0
1 -1 7 485.47 271.6 -4 1631.02 2 77 814.4799999999999 40643.009999999995 2137.21 5.106684923171997 0
0 -1 8 485.53 247.69 -3 7668.019999999999 12 100 634.18 63889.230000000025 2150.23 4.151633262634277 0
1 -1 8 420.36 253.56 -2 1535.0300000000007 2 77 764.0800000000005 35438.07 2150.23 6.292842864990234 0
random:0T:1500
0 -1 0 792.03 0 -1 11317.109999999997 12 100 453.3 101837.07999999989 1359.9 1.6762850284576416 0
1 -1 0 925.66 462.11 -1 1569.32 2 77 692.1099999999999 74414.26 1359.9 1.3817200660705566 0
0 -1 1 644.26 454.51000000000005 -2 6566.189999999999 12 100 534.98 77558.16999999995 2059.4500000000003 12.376836061477661 0
1 -1 1 662.96 510.93 -1 1292.73 2 77 642.18 53633.25999999999 2059.4500000000003 10.286036014556885 0
0 -1 2 633.97 437.65 -1 6481.99 12 100 531.9 76360.50999999994 2033.35 22.923656940460205 0
1 -1 2 658.47 512.08 -1 1299.0300000000002 2 77 649.0400000000001 53299.95999999999 2033.35 18.337764978408813 0
0 -1 3 754.36 369.11 -1 4539.67 12 100 369.11 84515.46000000004 1832.7399999999998 0.028185129165649414 0
1 -1 3 781.23 356.64 -1 722.38 2 77 356.64 61599.75999999999 1778.0300000000002 0.01813197135925293 0
0 -1 4 643.74 454.51 -2 6567.699999999999 12 100 535.1 77509.77 2059.8100000000004 13.056598901748657 0
1 -1 4 647.2 460.78999999999996 -1 1261.49 2 77 607.94 52357.75 2059.8100000000004 9.29755687713623 0
0 -1 5 602.22 457.62 -4 6266.970000000001 12 100 492.74 72756.05999999998 1935.8400000000001 19.84066390991211 0
1 -1 5 620.89 537.05 -2 1196.68 2 77 580.76 50201.93000000001 1935.8400000000001 14.540244817733765 0
0 -1 6 631.31 441.13 -1 6693.499999999999 12 100 528.49 76517.55999999995 2026.6 22.49513006210327 0
1 -1 6 754.78 551.51 -1 1451.24 2 77 714.33 61020.45999999999 2026.6 20.16191291809082 0
0 -1 7 609.98 283.58 -4 10163.449999999999 12 100 838.6999999999998 81324.48999999995 2799.6799999999994 4.929102182388306 0
1 -1 7 581.53 419.19 -2 2154.59 2 77 1076.09 49086.860000000015 2799.6799999999994 5.573563098907471 0
0 -1 8 583.94 278.18 -2 10132.489999999998 12 100 838.91 78658.68999999996 2794.91 4.689049005508423 0
1 -1 8 532.33 329.85 -2 1880.1900000000005 2 77 939.1099999999999 44749.719999999994 2794.91 6.447221040725708 0
random:1T:300
0 -1 0 90.57 0 -26 1387.24 10 88 135.15 10744.950000000003 405.45000000000005 0.2681910991668701 1
1 -1 0 97.21 0 -14 281.82 2 87 136.0 9020.680000000002 405.45000000000005 0.3921847343444824 1
0 -1 1 94.72 0 -20 1368.8400000000001 10 88 129.83 11072.709999999995 389.49 0.2666480541229248 1
1 -1 1 86.59 0.0 -10 132.39000000000001 2 87 55.02 7797.999999999998 165.06 0.3096730709075928 1
0 -1 2 71.83 0.0 -20 783.26 10 88 0.0 7887.160000000001 0.0 4.91493821144104 1
1 -1 2 76.35 0 -14 80.53 2 87 25.24 6803.410000000003 0.0 7.355857849121094 1
0 -1 3 63.42 0.0 -22 0.0 10 88 0.0 5580.549999999999 0.0 0.008690834045410156 1
1 -1 3 67.02 0.0 -17 0.0 2 87 0.0 5830.980000000002 0.0 0.00996708869934082 1
0 -1 4 94.72 0.0 -20 1368.8400000000001 10 88 129.83 11072.709999999995 389.49 0.2456498146057129 1
1 -1 4 86.59 0 -10 132.39000000000001 2 87 55.02 7797.999999999998 165.06 0.3283867835998535 1
0 -1 5 56.48 0.0 -25 529.26 10 88 0.0 6029.099999999999 0.0 3.3277430534362793 1
1 -1 5 74.19 0 -16 46.84 2 87 0.0 6548.46 0.0 6.420717000961304 1
0 -1 6 90.5 0.0 -24 1368.8400000000001 10 88 129.83 10702.1 389.49 6.309621095657349 1
1 -1 6 97.97 0 -13 281.82 2 87 136.0 9086.609999999999 389.49 8.83201003074646 1
0 -1 7 90.5 0.0 -24 1368.8400000000001 10 88 129.83 10702.1 389.49 1.4199190139770508 1
1 -1 7 97.97 0 -13 281.82 2 87 136.0 9086.609999999999 389.49 2.07238507270813 1
0 -1 8 71.83 0.0 -20 783.26 10 88 0.0 7887.160000000001 0.0 1.1426301002502441 1
1 -1 8 76.35 0 -14 80.53 2 87 25.24 6803.410000000003 0.0 1.5676970481872559 1
random:1T:600
0 -1 0 283.39 0 -3 3319.32 10 88 288.46000000000004 31576.950000000008 865.3800000000001 0.636498212814331 1
1 -1 0 290.99 0 -2 615.57 2 87 285.62 26547.399999999998 856.86 0.7603962421417236 1
0 -1 1 257.91 141.00999999999996 -2 1855.8 10 88 184.01000000000002 26407.27999999999 693.0400000000001 3.0867109298706055 1
1 -1 1 245.13 121.49000000000018 -2 339.73 2 87 167.38 22005.54999999999 623.6300000000001 18.528499841690063 1
0 -1 2 220.49 139.73000000000002 -4 1743.5 10 88 156.94 22889.95999999999 610.55 13.288662910461426 1
1 -1 2 227.88 162.14000000000001 -1 380.9 2 87 167.44 20587.40999999999 610.55 12.295847177505493 1
0 -1 3 239.21 46.06999999999999 -1 986.76 10 88 86.86 23024.350000000002 306.65 0.009241104125976562 1
1 -1 3 230.96 0.0 -2 286.9 2 87 132.8 20666.910000000007 260.58 0.01248788833618164 1
0 -1 4 257.91 141.00999999999996 -2 1855.8 10 88 184.01000000000002 26407.27999999999 693.0400000000001 4.289109945297241 1
1 -1 4 245.13 121.49000000000018 -2 339.73 2 87 167.38 22005.54999999999 623.6300000000001 18.12726593017578 1
0 -1 5 194.46 98.41 -1 1631.68 10 88 140.21 20375.68000000001 519.04 14.131295919418335 1
1 -1 5 230.7 98.41999999999997 -1 319.5 2 87 153.94 20710.050000000007 519.04 13.876568078994751 1
0 -1 6 255.28 106.22 -1 1855.8200000000002 10 88 184.01 26176.29 658.25 10.232180833816528 1
1 -1 6 270.19 152.27999999999997 -1 372.94999999999993 2 87 185.38 24252.549999999996 658.25 15.522321939468384 1
0 -1 7 267.8 96.83 -1 2511.32 10 88 247.72 28589.440000000006 839.99 2.6395766735076904 1
1 -1 7 274.27 105.67 -1 598.76 2 87 298.81 25058.609999999993 839.99 3.1071908473968506 1
0 -1 8 223.45 116.54 -4 1982.2399999999996 10 88 187.59 23627.719999999994 679.31 2.392892837524414 1
1 -1 8 228.39 157.85 -1 489.9799999999999 2 87 244.55999999999995 20849.78999999999 679.31 2.7450079917907715 1
random:1T:900
0 -1 0 479.51 0 -2 5266.86 10 88 476.28999999999996 52730.21000000002 1428.87 0.8876190185546875 1
1 -1 0 493.21 73.05 -1 924.0200000000001 2 87 423.07000000000005 44757.72999999998 1269.21 0.9946720600128174 1
0 -1 1 408.35 301.3500000000001 -2 3486.9000000000005 10 88 344.42 42908.19 1334.6100000000001 5.3261802196502686 1
1 -1 1 379.3 283.0800000000001 -2 619.1600000000001 2 87 299.8 34237.37000000001 1182.4800000000002 16.63484787940979 1
0 -1 2 372.27 262.09999999999997 -4 3342.0 10 88 315.1 39444.06999999999 1207.4 13.983091115951538 1
1 -1 2 376.57 295.9600000000002 -2 620.1199999999999 2 87 302.40999999999997 34001.72999999998 1169.33 20.76439094543457 1
0 -1 3 408.7 174.46 -2 1770.88 10 88 174.46 39507.72999999999 816.67 0.01509404182434082 1
1 -1 3 406.22 184.67 -1 374.08 2 87 184.67 36089.38000000002 719.51 0.010067224502563477 1
0 -1 4 408.35 301.3500000000001 -2 3486.9000000000005 10 88 344.42 42908.19 1334.6100000000001 5.374245882034302 1
1 -1 4 379.3 283.0800000000001 -2 619.1600000000001 2 87 299.8 34237.37000000001 1182.4800000000002 16.599714756011963 1
0 -1 5 354.81 277.4500000000001 -2 3169.82 10 88 287.68 37563.17000000001 1140.49 15.287435054779053 1
1 -1 5 384.54 311.2 -1 692.26 2 87 320.7 34839.850000000006 1140.49 16.04076385498047 1
0 -1 6 418.71 338.37 -1 3448.539999999999 10 88 344.33 43743.80999999998 1371.3600000000001 13.954453706741333 1
1 -1 6 426.69 338.05 -1 701.1100000000001 2 87 348.94000000000005 38524.14 1371.04 18.35641884803772 1
0 -1 7 432.64 179.54 -2 5142.639999999999 10 88 512.8399999999999 48357.329999999965 1718.0599999999997 3.645442008972168 1
1 -1 7 399.99 214.07999999999998 -1 1152.2399999999998 2 87 574.8399999999999 37103.50000000001 1718.0599999999997 4.01901388168335 1
0 -1 8 369.59 199.24 -4 4672.7 10 88 465.24 41869.67999999998 1594.96 3.5194098949432373 1
1 -1 8 341.1 222.56 -2 1044.5499999999997 2 87 521.2899999999998 31765.190000000002 1594.96 3.4705448150634766 1
random:1T:1200
0 -1 0 680.95 163.41 -1 7598.48 10 88 701.1 75120.59000000005 2266.71 1.0814461708068848 1
1 -1 0 698.08 265.6 -1 1271.88 2 87 582.97 63276.57999999999 1912.3200000000002 1.294368028640747 1
0 -1 1 525.06 398.03 -1 5047.900000000001 10 88 500.63 56300.669999999984 1899.9199999999998 7.081042051315308 1
1 -1 1 506.61 413.04 -1 899.8399999999999 2 87 441.16999999999996 45874.81000000001 1721.5399999999997 16.81278109550476 1
0 -1 2 507.62 390.29999999999995 -2 4750.12 10 88 416.70000000000005 54170.430000000015 1640.4 13.492347955703735 1
1 -1 2 531.09 449.84 -1 929.3399999999999 2 87 457.0 48063.360000000015 1640.4 22.783061027526855 1
0 -1 3 609.16 306.10999999999996 -2 3143.8600000000006 10 88 306.10999999999996 59893.56000000002 1440.6299999999999 0.02106785774230957 1
1 -1 3 559.73 276.43 -1 590.21 2 87 276.43 49876.9 1233.73 0.01819610595703125 1
0 -1 4 527.61 399.62 -1 5047.88 10 88 500.63 56525.009999999995 1901.5099999999998 7.77808690071106 1
1 -1 4 508.52 421.54 -1 899.8399999999999 2 87 441.16999999999996 46040.50000000001 1723.1299999999997 17.62325406074524 1
0 -1 5 502.48 416.19000000000034 -4 4681.72 10 88 438.75 53581.90000000001 1732.4400000000003 17.795050144195557 1
1 -1 5 508.42 396.21999999999997 -1 916.3800000000001 2 87 447.83000000000004 46065.60999999997 1712.47 18.402712106704712 1
0 -1 6 563.01 411.12 -1 5197.42 10 88 482.18 59939.62 1857.6599999999999 16.828518867492676 1
1 -1 6 546.27 412.42999999999995 -1 958.2 2 87 476.14 49441.78999999999 1839.54 20.886584043502808 1
0 -1 7 559.99 305.53999999999996 -2 7732.819999999998 10 88 771.4599999999999 64744.61999999999 2619.9199999999996 4.494247198104858 1
1 -1 7 502.15 306.76 -2 1665.2300000000002 2 87 830.62 47017.83000000001 2619.9199999999996 4.926753759384155 1
0 -1 8 486.12 244.6 -4 7382.339999999999 10 88 736.1799999999998 57543.23999999999 2453.1399999999994 4.203236103057861 1
1 -1 8 424.08 263.41 -2 1583.94 2 87 790.23 40062.97000000003 2453.1399999999994 4.228384017944336 1
random:1T:1500
0 -1 0 878.77 315.16 -1 9592.199999999999 10 88 889.33 96515.85000000003 2983.15 1.3675849437713623 1
1 -1 0 900.72 423.37 -1 1727.69 2 87 803.6400000000001 81817.68000000004 2726.08 1.6480638980865479 1
0 -1 1 624.84 456.76 -1 6347.800000000001 10 88 629.48 67681.6 2345.2 11.27447509765625 1
1 -1 1 605.99 452.08000000000004 -1 1206.45 2 87 595.6 55133.90999999998 2238.88 16.726274013519287 1
0 -1 2 629.41 443.31 -1 5455.22 10 88 527.67 66298.20999999999 2026.3199999999997 15.971387147903442 1
1 -1 2 648.83 506.17999999999995 -1 1248.5900000000001 2 87 617.25 58945.330000000016 2026.3199999999997 23.60500979423523 1
0 -1 3 776.1 367.38 -2 3704.5800000000004 10 88 367.38 75706.04 1854.6299999999999 0.043801069259643555 1
1 -1 3 754.1 367.38 -1 743.0699999999999 2 87 367.38 67092.82999999999 1712.2599999999998 0.019836902618408203 1
0 -1 4 624.84 456.76 -1 6347.800000000001 10 88 629.48 67681.6 2345.2 11.18995189666748 1
1 -1 4 608.52 454.82 -2 1207.71 2 87 595.6 55356.549999999996 2241.6200000000003 16.49810004234314 1
0 -1 5 649.92 554.28 -1 6080.86 10 88 595.75 69355.09000000001 2341.5299999999997 17.62507200241089 1
1 -1 5 645.66 495.79999999999995 -1 1203.13 2 87 593.58 58579.069999999985 2276.54 22.290048837661743 1
0 -1 6 723.42 554.48 -1 6574.94 10 88 639.03 76810.49999999993 2471.5699999999997 21.2506902217865 1
1 -1 6 682.59 468.69 -2 1288.37 2 87 641.84 61962.309999999976 2385.7799999999997 23.56496000289917 1
0 -1 7 667.51 433.93 -1 10355.679999999998 10 88 1034.62 79452.43999999999 3537.7899999999995 5.596807241439819 1
1 -1 7 595.33 393.99 -1 2211.2200000000003 2 87 1105.22 56216.24000000003 3497.8499999999995 6.058953046798706 1
0 -1 8 589.83 281.0 -4 8918.820000000002 10 88 842.5200000000001 69742.53 2808.5600000000004 4.788203001022339 1
1 -1 8 538.06 341.12 -2 1892.79 2 87 946.11 50596.94999999998 2808.5600000000004 5.1607019901275635 1
random:2T:300
0 -1 0 118.6 21.5 -1 271.2 2 71 135.6 8962.690000000002 428.29999999999995 0.2146148681640625 2
1 -1 0 96.6 0.0 -5 1061.2399999999998 6 68 172.14 8691.140000000003 406.79999999999995 0.16010284423828125 2
0 -1 1 109.42 0.0 -1 267.28 2 71 133.64 8303.16 400.91999999999996 0.14071202278137207 2
1 -1 1 113.45 24.99 -1 665.44 6 68 107.7 9045.500000000002 323.1 0.7458541393280029 2
0 -1 2 102.06 0.0 -2 252.9 2 71 126.45 7752.290000000004 379.35 2.8921141624450684 2
1 -1 2 110.28 19.12 -1 635.26 6 68 102.49 8769.760000000004 307.46999999999997 2.7792980670928955 2
0 -1 3 97.51 0.0 -11 0.0 2 71 0.0 6923.540000000001 0.0 0.007301807403564453 2
1 -1 3 103.66 0.0 -9 213.32 6 68 0.0 7475.330000000002 0.0 0.007858991622924805 2
0 -1 4 109.42 0.0 -1 267.28 2 71 133.64 8303.16 400.91999999999996 0.15250802040100098 2
1 -1 4 113.45 24.99 -1 665.44 6 68 107.7 9045.500000000002 323.1 0.781451940536499 2
0 -1 5 68.56 0.0 -14 169.26 2 71 84.63 5206.159999999999 253.89 1.5621769428253174 2
1 -1 5 74.25 0.0 -13 290.64000000000004 6 68 1.74 5630.000000000003 5.22 1.0358448028564453 2
0 -1 6 118.35 21.51 -1 271.2 2 71 135.6 8945.35 428.30999999999995 3.3047327995300293 2
1 -1 6 97.64 0.0 -3 826.5799999999999 6 68 135.03 8292.859999999999 405.09000000000003 2.165286064147949 2
0 -1 7 118.35 21.51 -1 271.2 2 71 135.6 8945.35 428.30999999999995 0.8535668849945068 2
1 -1 7 97.64 0.0 -3 826.5799999999999 6 68 135.03 8292.859999999999 405.09000000000003 0.5307292938232422 2
0 -1 8 102.06 0.0 -2 252.9 2 71 126.45 7752.290000000004 379.35 0.7099947929382324 2
1 -1 8 110.28 19.12 -1 635.26 6 68 102.49 8769.760000000004 307.46999999999997 0.662757158279419 2
random:2T:600
0 -1 0 340.57 198.07999999999998 -2 632.88 2 71 316.44 25446.350000000002 1147.3999999999999 0.4569857120513916 2
1 -1 0 312.15 135.6 -4 2267.84 6 68 370.38 25761.569999999992 1084.9199999999998 0.3905460834503174 2
0 -1 1 291.0 221.48999999999984 -2 563.78 2 71 281.89 21788.79 1067.1599999999999 3.1476752758026123 2
1 -1 1 299.5 245.97 -2 1632.4800000000002 6 68 268.71000000000004 23630.72000000001 1027.62 1.5355050563812256 2
0 -1 2 279.96 216.00999999999996 -2 535.8399999999999 2 71 267.91999999999996 20948.819999999996 1019.7699999999999 4.9427409172058105 2
1 -1 2 297.24 243.48000000000002 -4 1611.38 6 68 265.11 23434.799999999992 1011.34 3.8644139766693115 2
0 -1 3 304.07 116.42 -2 232.84 2 71 116.42 22054.770000000008 509.59 0.010146856307983398 2
1 -1 3 302.67 120.12 -2 868.8999999999999 6 68 120.12 22319.089999999997 509.59 0.007980108261108398 2
0 -1 4 288.08 221.21 -2 565.72 2 71 282.86 21585.000000000004 1069.79 1.7638130187988281 2
1 -1 4 299.16 246.35999999999999 -4 1632.4800000000002 6 68 268.71000000000004 23608.150000000023 1027.3400000000001 1.6645560264587402 2
0 -1 5 233.15 168.14000000000001 -1 347.94 2 71 173.97 17249.79 690.05 4.700959920883179 2
1 -1 5 234.69 170.04999999999998 -1 1101.6 6 68 170.5 18162.219999999987 679.64 3.6493890285491943 2
0 -1 6 321.6 275.95 -1 578.6800000000001 2 71 289.34000000000003 23990.79 1143.97 5.694493055343628 2
1 -1 6 293.25 227.61 -4 1698.66 6 68 282.33000000000004 23338.51 1074.6000000000001 3.3459370136260986 2
0 -1 7 284.4 160.5 -2 818.3000000000006 2 71 409.1500000000003 21829.170000000002 1387.950000000001 1.9126760959625244 2
1 -1 7 287.65 163.39 -2 2234.5 6 68 371.45 24029.51 1274.85 1.112868070602417 2
0 -1 8 265.61 171.09 -2 811.7800000000009 2 71 405.89000000000044 20481.630000000005 1388.7600000000014 2.7487809658050537 2
1 -1 8 285.8 182.59 -2 2189.4 6 68 364.12 23813.340000000004 1263.45 1.0747950077056885 2
random:2T:900
0 -1 0 567.2 387.16 -1 1004.48 2 71 502.24 42280.32000000001 1893.88 0.6690897941589355 2
1 -1 0 534.64 318.65 -2 3434.46 6 68 560.85 43224.78000000001 1825.37 0.5521230697631836 2
0 -1 1 443.1 371.8 -2 889.5 2 71 444.75 33239.05 1706.05 2.145854949951172 2
1 -1 1 461.69 390.54 -4 2501.2599999999998 6 68 407.27 36397.24000000003 1593.61 2.40273118019104 2
0 -1 2 445.24 368.82000000000005 -4 859.6600000000001 2 71 429.83000000000004 33331.240000000005 1658.3100000000004 5.962498188018799 2
1 -1 2 464.41 400.3299999999999 -4 2472.5600000000004 6 68 406.22 36524.930000000015 1587.48 4.96143102645874 2
0 -1 3 508.03 194.13 -2 388.26 2 71 194.13 36846.92 965.85 0.016672849655151367 2
1 -1 3 512.45 218.51 -2 1555.4199999999998 6 68 218.51 37957.77 965.85 0.012955188751220703 2
0 -1 4 439.48 371.57 -2 888.96 2 71 444.48 32980.670000000006 1705.01 2.6401991844177246 2
1 -1 4 461.18 387.38 -2 2501.26 6 68 407.27000000000004 36362.90000000002 1593.38 2.4420859813690186 2
0 -1 5 398.54 320.65 -2 641.3 2 71 320.65 29578.85 1283.4099999999999 5.020313024520874 2
1 -1 5 413.22 328.82000000000005 -4 2187.98 6 68 347.87000000000006 32474.99000000001 1283.4099999999999 4.197099685668945 2
0 -1 6 483.12 411.03000000000003 -2 894.9200000000001 2 71 447.46000000000004 36091.149999999994 1753.41 5.925283908843994 2
1 -1 6 495.7 427.72 -1 2593.36 6 68 429.61 38894.0 1699.86 5.160097599029541 2
0 -1 7 402.21 240.33 -2 1355.5800000000017 2 71 677.7900000000009 31267.839999999997 2273.7000000000025 2.8053369522094727 2
1 -1 7 432.02 224.94 -2 3929.3200000000006 6 68 654.0699999999999 37235.86 2187.1499999999996 1.789160966873169 2
0 -1 8 376.26 230.85 -2 1376.9600000000037 2 71 688.4800000000018 29468.160000000003 2296.2900000000054 4.317826986312866 2
1 -1 8 419.66 235.47 -2 3886.419999999999 6 68 647.2099999999999 36309.989999999976 2172.4799999999996 1.7719080448150635 2
random:2T:1200
0 -1 0 790.71 608.38 -1 1375.78 2 71 687.89 58891.83999999998 2672.05 0.8619558811187744 2
1 -1 0 749.44 478.17 -2 5001.959999999999 6 68 820.9399999999998 60965.80999999998 2541.84 0.770313024520874 2
0 -1 1 577.63 433.86 -2 1176.6 2 71 588.3 43365.180000000015 2198.7599999999998 3.537926197052002 2
1 -1 1 616.15 512.36 -1 3454.2200000000003 6 68 547.28 48806.670000000006 2075.7 3.795836925506592 2
0 -1 2 586.63 450.53999999999996 -1 1188.82 2 71 594.41 44028.28000000001 2233.77 6.838251113891602 2
1 -1 2 608.37 515.0699999999999 -1 3331.1000000000004 6 68 536.54 48031.15999999998 2060.16 6.480406999588013 2
0 -1 3 704.92 337.96999999999997 -2 675.9399999999999 2 71 337.96999999999997 51401.21000000001 1652.6399999999999 0.016077041625976562 2
1 -1 3 707.78 341.57 -2 2312.5 6 68 341.57 52753.91999999998 1652.6399999999999 0.01826190948486328 2
0 -1 4 570.32 433.0 -1 1156.56 2 71 578.28 42805.969999999994 2167.84 3.7514028549194336 2
1 -1 4 616.15 512.36 -1 3454.2200000000003 6 68 547.28 48806.670000000006 2074.84 3.669025182723999 2
0 -1 5 553.63 482.2 -2 1049.3999999999999 2 71 524.6999999999999 41406.439999999995 2056.2999999999997 6.2889838218688965 2
1 -1 5 572.4 470.06999999999994 -1 3262.1000000000004 6 68 528.55 45447.63000000003 2044.1699999999998 4.733723878860474 2
0 -1 6 618.63 493.56 -2 1197.8600000000001 2 71 598.9300000000001 46318.26 2290.3500000000004 6.7564308643341064 2
1 -1 6 687.98 581.44 -2 3651.7200000000003 6 68 604.9 54086.27000000001 2290.3500000000004 6.468848705291748 2
0 -1 7 509.04 320.09999999999997 -4 1761.7600000000025 2 71 880.8800000000012 39665.37 2962.740000000004 3.1863131523132324 2
1 -1 7 560.74 328.43 -4 5340.659999999998 6 68 889.1899999999998 48811.64999999998 2962.740000000004 2.092611789703369 2
0 -1 8 483.25 279.23 -2 1706.6400000000035 2 71 853.3200000000018 37723.73000000002 2839.1900000000055 4.620438814163208 2
1 -1 8 554.06 309.76 -2 5093.399999999999 6 68 838.1399999999996 47863.049999999974 2793.649999999999 2.1050021648406982 2
random:2T:1500
0 -1 0 1011.77 827.1600000000001 -2 1747.04 2 71 873.52 75329.65999999999 3447.7200000000003 1.170727014541626 2
1 -1 0 935.7 565.26 -2 6538.899999999998 6 68 1077.1899999999996 76705.62000000001 3185.8199999999997 1.02498197555542 2
0 -1 1 692.76 569.93 -1 1372.66 2 71 686.33 51930.92999999997 2628.92 4.042752027511597 2
1 -1 1 764.87 638.0600000000001 -1 4426.860000000001 6 68 693.46 60865.09000000006 2628.92 5.17879581451416 2
0 -1 2 747.39 570.23 -1 1468.6 2 71 734.3 56001.66999999997 2773.1299999999997 8.296730041503906 2
1 -1 2 743.49 572.6099999999999 -1 4239.820000000001 6 68 675.57 59037.11000000002 2596.94 6.479170799255371 2
0 -1 3 920.52 467.14 -2 934.28 2 71 467.14 67225.35000000003 2282.3100000000004 0.011427164077758789 2
1 -1 3 908.9 483.87 -2 3075.4599999999996 6 68 483.87 67955.81000000001 2282.3100000000004 0.01660633087158203 2
0 -1 4 698.0 564.22 -1 1281.28 2 71 640.64 52120.549999999974 2486.1400000000003 4.312445878982544 2
1 -1 4 754.35 624.9499999999999 -2 4376.5199999999995 6 68 693.0 60048.529999999984 2486.1400000000003 4.673763036727905 2
0 -1 5 693.95 546.88 -1 1245.08 2 71 622.54 51760.38000000005 2414.5 7.4185991287231445 2
1 -1 5 726.69 566.41 -1 4185.16 6 68 665.6 57785.350000000035 2414.5 6.101789951324463 2
0 -1 6 744.2 606.3000000000001 -1 1514.3000000000002 2 71 757.1500000000001 55866.86999999999 2877.7500000000005 8.05260181427002 2
1 -1 6 831.87 691.4399999999999 -1 4467.78 6 68 739.78 65502.92000000001 2825.6400000000003 7.183006048202515 2
0 -1 7 614.02 432.94 -2 2457.080000000006 2 71 1228.540000000003 48509.59000000002 4118.560000000009 5.06901216506958 2
1 -1 7 680.47 432.38 -2 7125.039999999995 6 68 1187.0099999999993 60522.119999999995 3993.409999999998 2.7464237213134766 2
0 -1 8 595.66 405.07000000000005 -4 2213.9800000000064 2 71 1106.9900000000032 46720.15000000002 3726.0400000000095 6.022774934768677 2
1 -1 8 681.09 429.03000000000003 -4 6697.719999999997 6 68 1115.3799999999992 59709.72999999999 3726.0400000000095 2.5152289867401123 2
random:3T:300
0 -1 0 89.72 0 -23 213.18 2 85 82.85 8052.580000000002 248.54999999999998 0.30739521980285645 3
1 -1 0 101.77 0 -19 1593.1999999999998 11 91 0 12447.679999999998 0 0.26417112350463867 3
0 -1 1 79.71 0 -18 227.37 2 85 89.1 7230.070000000004 267.29999999999995 0.28775906562805176 3
1 -1 1 101.13 0 -10 1333.6299999999999 11 91 8.49 11869.870000000003 25.47 0.2377619743347168 3
0 -1 2 74.67 0 -17 152.10999999999999 2 85 59.26 6651.060000000004 177.78 4.995913028717041 3
1 -1 2 89.37 0 -13 911.64 11 91 0.0 9955.759999999997 0.0 5.234994888305664 3
0 -1 3 68.22 0.0 -15 44.61 2 85 0.0 5888.15 0.0 0.012687921524047852 3
1 -1 3 72.34 0.0 -22 0.0 11 91 0.0 6583.200000000001 0.0 0.011359930038452148 3
0 -1 4 79.71 0 -18 227.37 2 85 89.1 7230.070000000004 267.29999999999995 0.28542518615722656 3
1 -1 4 101.13 0 -10 1333.6299999999999 11 91 8.49 11869.870000000003 25.47 0.26756787300109863 3
0 -1 5 66.52 0 -26 42.58 2 85 0.0 5739.25 0.0 3.5396370887756348 3
1 -1 5 49.19 0 -32 210.06 11 91 0 4896.090000000001 0.0 2.6634891033172607 3
0 -1 6 88.91 0 -23 211.03000000000003 2 85 80.7 7979.420000000004 242.10000000000002 6.333056926727295 3
1 -1 6 99.98 0 -15 1355.6899999999996 11 91 10.89 11809.709999999994 32.67 5.62415885925293 3
0 -1 7 88.91 0 -23 211.03000000000003 2 85 80.7 7979.420000000004 242.10000000000002 1.4263560771942139 3
1 -1 7 99.98 0 -15 1355.6899999999996 11 91 10.89 11809.709999999994 32.67 1.2909481525421143 3
0 -1 8 74.67 0 -17 152.10999999999999 2 85 59.26 6651.060000000004 177.78 1.2602651119232178 3
1 -1 8 89.37 0 -13 911.64 11 91 0.0 9955.759999999997 0.0 1.1831119060516357 3
random:3T:600
0 -1 0 258.09 0 -3 456.44999999999993 2 85 222.77999999999997 22850.36999999999 668.3399999999999 0.6090140342712402 3
1 -1 0 290.12 0 -5 3832.05 11 91 156.77 34064.94000000002 470.31000000000006 0.5709230899810791 3
0 -1 1 236.88 161.07 -3 360.85 2 85 174.96 20856.669999999987 685.95 3.2698841094970703 3
1 -1 1 244.09 150.59000000000012 -2 2003.12 11 91 157.04 26218.829999999994 621.7100000000002 14.609364032745361 3
0 -1 2 227.16 148.2 -1 344.11 2 85 168.32 19996.77999999998 653.16 10.12499713897705 3
1 -1 2 231.81 141.80000000000015 -2 1887.2799999999997 11 91 144.12 24869.499999999993 574.1600000000002 18.37099289894104 3
0 -1 3 236.52 0.0 -1 287.5 2 85 122.43 20679.139999999992 367.29 0.011946916580200195 3
1 -1 3 253.71 5.08 -1 1566.73 11 91 103.63 26220.760000000006 310.89 0.011340141296386719 3
0 -1 4 236.88 161.07 -3 360.85 2 85 174.96 20856.669999999987 685.95 3.274127244949341 3
1 -1 4 244.09 150.59000000000012 -2 2003.12 11 91 157.04 26218.829999999994 621.7100000000002 14.820056676864624 3
0 -1 5 202.83 37.94000000000001 -1 308.82 2 85 144.2 17857.77999999999 470.53999999999996 12.040032148361206 3
1 -1 5 168.14 0.0 -3 1704.23 11 91 128.87 18708.76000000001 386.61 6.781093120574951 3
0 -1 6 247.22 107.38999999999996 -1 357.21000000000004 2 85 173.09 21728.22 626.66 12.949456930160522 3
1 -1 6 252.18 145.85000000000002 -1 2008.05 11 91 157.57 26964.23999999999 580.0999999999999 10.924221277236938 3
0 -1 7 248.4 95.74 -3 460.53999999999985 2 85 230.25 22035.24 786.49 3.115854024887085 3
1 -1 7 261.78 85.92 -2 2585.6200000000003 11 91 222.5399999999999 28993.01 753.5399999999996 2.5059380531311035 3
0 -1 8 228.58 142.06 -2 485.0899999999999 2 85 237.23999999999995 20399.059999999987 853.7799999999997 2.3369381427764893 3
1 -1 8 245.42 115.3 -2 2639.1100000000006 11 91 216.1699999999999 27611.789999999994 763.8099999999997 2.3335540294647217 3
random:3T:900
0 -1 0 447.73 80.14 -2 664.72 2 85 268.81 39386.41000000001 886.57 0.8482952117919922 3
1 -1 0 485.92 0 -3 6147.9400000000005 11 91 323.84 56514.72000000001 806.4300000000001 0.8657457828521729 3
0 -1 1 384.99 310.93000000000006 -3 678.12 2 85 328.64 34080.399999999994 1296.85 14.913672924041748 3
1 -1 1 400.25 305.7100000000003 -2 3819.08 11 91 341.35 44060.86999999999 1291.6300000000003 16.14453101158142 3
0 -1 2 377.27 285.2500000000001 -2 650.45 2 85 316.81 33369.07999999999 1235.6800000000003 16.2934730052948 3
1 -1 2 387.69 281.27000000000027 -2 3605.4500000000007 11 91 292.97 42490.95999999999 1160.1800000000003 15.294395208358765 3
0 -1 3 411.63 182.35999999999999 -1 409.1 2 85 182.35999999999999 35806.54000000002 803.24 0.018798112869262695 3
1 -1 3 403.76 178.18 -1 2054.9 11 91 178.18 40852.209999999985 790.7 0.014991044998168945 3
0 -1 4 385.31 307.06000000000034 -3 678.1300000000001 2 85 328.65000000000003 34107.27 1293.0100000000004 15.76822805404663 3
1 -1 4 400.25 305.7100000000003 -2 3819.08 11 91 341.35 44060.86999999999 1291.6600000000003 17.0456759929657 3
0 -1 5 345.64 245.63 -1 616.3299999999999 2 85 298.5 30612.02 1141.13 13.483212232589722 3
1 -1 5 303.83 204.6 -1 2706.88 11 91 224.79000000000002 33062.46000000002 878.9700000000001 9.916712999343872 3
0 -1 6 391.67 292.0 -2 661.62 2 85 328.49 34615.249999999985 1277.47 15.099279165267944 3
1 -1 6 416.06 330.01 -2 3838.63 11 91 345.63 45538.66 1277.47 15.030582666397095 3
0 -1 7 373.77 187.83 -3 950.5 2 85 470.64000000000004 33671.71 1599.75 3.754288911819458 3
1 -1 7 409.24 182.44 -2 5175.310000000001 11 91 465.88999999999993 47591.33 1580.11 3.6907079219818115 3
0 -1 8 345.69 213.24 -2 982.42 2 85 485.78 31348.500000000004 1670.58 3.2656970024108887 3
1 -1 8 382.87 198.56 -2 5237.29 11 91 469.66999999999996 45315.36000000001 1607.5699999999997 3.8824760913848877 3
random:3T:1200
0 -1 0 640.7 179.27 -2 1049.96 2 85 481.1 56559.119999999995 1622.5700000000002 1.2545020580291748 3
1 -1 0 686.77 189.28 -1 8466.33 11 91 470.22999999999996 79428.65999999999 1589.9599999999998 1.3345367908477783 3
0 -1 1 503.75 397.23 -1 988.42 2 85 483.78999999999996 44795.429999999986 1848.6 7.872195243835449 3
1 -1 1 545.66 421.96000000000004 -1 5497.83 11 91 490.35 60650.29999999999 1848.6 8.984724998474121 3
0 -1 2 510.45 414.19 -1 963.47 2 85 475.08 45315.05 1839.43 17.804879903793335 3
1 -1 2 531.8 414.03 -2 5283.2300000000005 11 91 450.21000000000004 58960.27000000001 1764.66 16.189921617507935 3
0 -1 3 599.76 308.57 -1 661.99 2 85 308.57 52303.360000000015 1374.6200000000001 0.022326946258544922 3
1 -1 3 585.27 267.11 -1 3491.5299999999997 11 91 267.11 60243.03000000001 1250.24 0.017215967178344727 3
0 -1 4 504.35 397.24 -1 993.6500000000001 2 85 487.13000000000005 44856.81 1858.63 7.518397092819214 3
1 -1 4 544.74 414.96000000000004 -1 5497.869999999999 11 91 490.37 60567.07999999996 1858.63 8.733990907669067 3
0 -1 5 481.28 382.25 -2 901.44 2 85 447.38 42711.70999999998 1724.3899999999999 16.08136296272278 3
1 -1 5 436.52 310.24 -2 3902.8900000000003 11 91 332.65 47529.24999999998 1308.19 11.994344234466553 3
0 -1 6 529.33 423.23 -1 984.06 2 85 484.25 46961.26999999998 1875.98 18.62608504295349 3
1 -1 6 564.64 430.69 -1 5363.539999999999 11 91 443.26 62109.439999999966 1753.01 17.191688776016235 3
0 -1 7 460.19 248.46 -2 1434.8400000000001 2 85 715.5 41985.560000000005 2394.96 3.2699930667877197 3
1 -1 7 531.55 236.95000000000002 -1 7813.88 11 91 708.22 63998.49999999999 2361.6099999999997 3.8076999187469482 3
0 -1 8 424.73 252.28 -2 1481.61 2 85 736.5899999999999 39065.02 2462.0499999999997 2.957650899887085 3
1 -1 8 493.98 244.23 -2 7839.969999999998 11 91 706.5799999999999 60632.30999999998 2363.97 3.5564260482788086 3
random:3T:1500
0 -1 0 837.96 233.65 -2 1351.63 2 85 617.84 73929.56 2087.17 1.3939692974090576 3
1 -1 0 867.32 329.35 -1 11037.939999999999 11 91 641.56 101001.80999999998 2087.17 1.569854974746704 3
0 -1 1 618.4 450.04999999999995 -1 1224.89 2 85 608.19 55013.70999999999 2274.62 10.78659987449646 3
1 -1 1 651.2 456.96000000000004 -1 6347.15 11 91 532.6 71953.67999999998 2047.8500000000001 9.812196969985962 3
0 -1 2 625.96 448.37 -1 1233.68 2 85 616.22 55674.06 2297.03 19.276511907577515 3
1 -1 2 662.91 547.34 -4 6601.87 11 91 562.47 73528.73999999996 2135.78 18.811750173568726 3
0 -1 3 776.9 371.6 -1 780.0699999999999 2 85 371.6 67596.57999999997 1820.0700000000002 0.024871826171875 3
1 -1 3 746.96 363.76 -1 4124.400000000001 11 91 363.76 76222.03999999996 1793.8600000000001 0.021722793579101562 3
0 -1 4 630.05 454.72999999999996 -1 1268.4499999999998 2 85 631.56 56091.21999999998 2349.41 11.90313196182251 3
1 -1 4 649.4 458.41 -2 6303.769999999999 11 91 532.6 71702.81999999996 2052.53 9.966101884841919 3
0 -1 5 603.17 497.26000000000005 -2 1038.08 2 85 516.52 53345.95999999997 2046.82 18.25146794319153 3
1 -1 5 569.17 428.54999999999995 -4 5567.1900000000005 11 91 494.93000000000006 62928.41 1913.3400000000001 15.267523050308228 3
0 -1 6 638.12 466.24 -2 1217.49 2 85 600.26 56675.289999999986 2267.02 23.818044900894165 3
1 -1 6 671.89 461.76 -1 6859.9800000000005 11 91 581.0799999999999 74862.35000000003 2205.0 21.059086084365845 3
0 -1 7 541.98 334.15000000000003 -2 1792.25 2 85 892.24 49652.480000000025 3010.8700000000003 3.7057130336761475 3
1 -1 7 635.35 336.6 -4 10082.27 11 91 902.69 77981.59000000005 3010.8700000000003 4.609112024307251 3
0 -1 8 520.72 315.02 -2 1821.7999999999997 2 85 907.0699999999999 47904.880000000005 3036.23 3.864103078842163 3
1 -1 8 600.8 286.69 -2 9636.22 11 91 857.74 73945.01999999997 2859.9100000000003 4.370210886001587 3
random:4T:300
0 -1 0 88.83 0 -24 131.8 1 86 131.8 7902.679999999997 395.40000000000003 0.2775890827178955 4
1 -1 0 109.49 0 -16 1420.44 10 88 59.87 12476.129999999997 179.60999999999999 0.2661879062652588 4
0 -1 1 82.11 0 -16 36.91 1 86 36.91 7135.469999999998 110.72999999999999 0.2693369388580322 4
1 -1 1 99.79 0.0 -11 1187.2400000000002 10 88 44.37 11156.399999999994 110.72999999999999 0.2709791660308838 4
0 -1 2 73.8 0 -18 0.0 1 86 0.0 6346.559999999999 0.0 5.528455972671509 4
1 -1 2 89.46 0 -11 862.48 10 88 75.43 9597.16 0.0 5.084568023681641 4
0 -1 3 74.26 0.0 -15 0.0 1 86 0.0 6386.630000000001 0.0 0.007766008377075195 4
1 -1 3 73.45 0.0 -21 0.0 10 88 0.0 6463.179999999997 0.0 0.008751869201660156 4
0 -1 4 82.11 0 -16 36.91 1 86 36.91 7135.469999999998 110.72999999999999 0.29717397689819336 4
1 -1 4 99.79 0.0 -11 1187.2400000000002 10 88 44.37 11156.399999999994 110.72999999999999 0.2405688762664795 4
0 -1 5 58.43 0 -30 0.0 1 86 0.0 5025.129999999998 0.0 3.1602840423583984 4
1 -1 5 65.27 0 -26 682.66 10 88 0.0 7109.000000000003 0.0 2.9244258403778076 4
0 -1 6 88.02 0 -24 131.8 1 86 131.8 7833.389999999995 395.40000000000003 5.951128959655762 4
1 -1 6 107.86 0 -14 1238.82 10 88 59.87 11969.330000000002 179.60999999999999 6.01123309135437 4
0 -1 7 88.02 0 -24 131.8 1 86 131.8 7833.389999999995 395.40000000000003 1.4551260471343994 4
1 -1 7 107.86 0 -14 1238.82 10 88 59.87 11969.330000000002 179.60999999999999 1.4676499366760254 4
0 -1 8 73.8 0 -18 0.0 1 86 0.0 6346.559999999999 0.0 1.409430980682373 4
1 -1 8 89.46 0 -11 862.48 10 88 75.43 9597.16 0.0 1.21964693069458 4
random:4T:600
0 -1 0 259.8 0 -4 260.59 1 86 260.59 22864.34999999999 781.77 0.5852010250091553 4
1 -1 0 302.32 0 -4 3527.46 10 88 272.49 33659.249999999985 781.77 0.560809850692749 4
0 -1 1 238.4 101.9300000000001 -2 163.36 1 86 163.36 20829.300000000007 592.0100000000001 11.643659114837646 4
1 -1 1 244.61 135.89000000000019 -2 1815.4399999999998 10 88 165.02 25156.410000000007 592.0100000000001 11.16875696182251 4
0 -1 2 217.63 85.90000000000005 -2 138.08 1 86 138.08 18992.42999999999 500.14000000000004 15.953538179397583 4
1 -1 2 233.94 157.47000000000006 -1 1743.2400000000002 10 88 171.92 24073.5 500.14000000000004 10.376774311065674 4
0 -1 3 239.75 0.0 -1 108.19 1 86 108.19 20834.680000000008 324.57 0.011515140533447266 4
1 -1 3 255.7 20.32 -1 1399.6200000000001 10 88 132.86 25300.73999999999 324.57 0.013239145278930664 4
0 -1 4 238.4 101.9300000000001 -2 163.36 1 86 163.36 20829.300000000007 592.0100000000001 11.676207065582275 4
1 -1 4 244.61 135.89000000000019 -2 1815.4399999999998 10 88 165.02 25156.410000000007 592.0100000000001 11.338864088058472 4
0 -1 5 165.44 0 -2 148.32 1 86 148.32 14524.530000000002 444.96 8.777299880981445 4
1 -1 5 185.83 15.56 -1 1687.7800000000002 10 88 147.42 19729.009999999987 442.26 7.968218088150024 4
0 -1 6 246.88 106.52999999999996 -1 184.45 1 86 184.45 21600.149999999998 659.8799999999999 13.74778699874878 4
1 -1 6 269.26 168.97 -1 1829.2999999999997 10 88 169.65 27353.780000000006 615.48 10.60242486000061 4
0 -1 7 247.19 95.53 -3 266.2199999999998 1 86 266.2199999999998 21790.989999999998 894.1899999999994 3.9861631393432617 4
1 -1 7 284.94 152.29 -1 2698.26 10 88 267.08 30471.129999999997 894.1899999999994 2.6595194339752197 4
0 -1 8 218.31 76.82 -2 188.22999999999985 1 86 188.22999999999985 19150.72999999999 641.5099999999995 3.4449472427368164 4
1 -1 8 250.66 127.23 -1 2722.44 10 88 270.15999999999997 27502.799999999996 641.5099999999995 2.3317041397094727 4
random:4T:900
0 -1 0 458.84 137.77 -1 454.85 1 86 454.85 40370.35999999999 1502.3200000000002 0.9192969799041748 4
1 -1 0 492.68 0 -1 5640.839999999999 10 88 485.75 54637.40000000002 1364.5500000000002 0.8654022216796875 4
0 -1 1 371.9 264.62 -2 306.64 1 86 306.64 32596.289999999997 1184.54 11.674829006195068 4
1 -1 1 401.44 300.8200000000002 -2 3397.6400000000003 10 88 301.45 42121.83999999997 1168.9699999999998 16.17952609062195 4
0 -1 2 339.42 236.84 -4 286.48 1 86 286.48 29763.390000000007 1096.28 13.571501970291138 4
1 -1 2 392.46 288.0200000000002 -1 3251.44 10 88 316.90999999999997 41039.33000000002 1096.28 18.77645492553711 4
0 -1 3 417.19 179.21 -1 179.21 1 86 179.21 36237.14 789.21 0.016265153884887695 4
1 -1 3 408.54 184.67999999999998 -2 1862.6599999999999 10 88 184.67999999999998 39677.170000000006 789.21 0.015027284622192383 4
0 -1 4 372.35 260.09000000000003 -2 306.64 1 86 306.64 32635.260000000002 1180.01 12.155925989151001 4
1 -1 4 399.9 301.17999999999995 -2 3414.3999999999996 10 88 309.83000000000004 42020.41000000001 1180.01 15.382658004760742 4
0 -1 5 300.91 211.44 -2 288.64 1 86 288.64 26455.439999999995 1077.36 11.64738392829895 4
1 -1 5 330.53 223.73 -2 3059.3399999999997 10 88 298.08000000000004 35205.04999999998 1077.36 10.836527109146118 4
0 -1 6 395.28 301.71 -1 344.37 1 86 344.37 34682.78 1334.8200000000002 15.551537275314331 4
1 -1 6 446.71 351.71000000000004 -2 3850.2200000000003 10 88 351.71000000000004 47010.86000000001 1334.8200000000002 14.500694990158081 4
0 -1 7 364.19 187.72 -3 562.3600000000013 1 86 562.3600000000013 32445.37999999999 1874.8000000000038 8.744063138961792 4
1 -1 7 440.33 247.17 -4 5321.619999999999 10 88 530.2199999999999 49392.24000000001 1778.3799999999999 4.247064828872681 4
0 -1 8 328.86 177.46 -2 486.230000000001 1 86 486.230000000001 29254.08 1636.150000000003 9.182538032531738 4
1 -1 8 390.56 205.1 -1 5360.0 10 88 534.87 45089.28000000001 1636.150000000003 3.7422990798950195 4
random:4T:1200
0 -1 0 660.15 339.86 -1 661.76 1 86 661.76 58096.049999999996 2325.14 1.4570870399475098 4
1 -1 0 684.93 0 -1 7790.1 10 88 695.06 75853.70999999999 1985.28 1.3990159034729004 4
0 -1 1 486.31 407.12 -1 455.39 1 86 455.39 42733.21999999997 1773.29 16.261569023132324 4
1 -1 1 543.68 413.0 -1 4929.92 10 88 451.87 57703.96999999995 1762.73 9.993517875671387 4
0 -1 2 477.94 365.05000000000064 -2 420.71000000000004 1 86 420.71000000000004 41944.420000000006 1627.1800000000007 24.98373579978943 4
1 -1 2 541.06 399.41 -1 4843.74 10 88 477.0 57300.41000000001 1627.1800000000007 19.084241151809692 4
0 -1 3 602.54 290.94000000000005 -1 290.94000000000005 1 86 290.94000000000005 52400.59000000001 1318.3300000000002 0.020362138748168945 4
1 -1 3 596.59 313.44 -2 3216.5200000000004 10 88 313.44 58932.57999999999 1318.3300000000002 0.02124190330505371 4
0 -1 4 491.65 400.75 -1 458.73 1 86 458.73 43199.53999999999 1776.94 19.920708656311035 4
1 -1 4 541.18 399.74 -1 4925.080000000001 10 88 450.37 57473.760000000046 1750.8500000000001 10.438730955123901 4
0 -1 5 432.03 324.81000000000006 -4 350.23 1 86 350.23 37854.920000000006 1375.5 17.58894634246826 4
1 -1 5 457.71 345.58000000000004 -4 3686.54 10 88 363.58 47651.369999999995 1375.5 12.929149150848389 4
0 -1 6 535.49 432.83 -1 493.83 1 86 493.83 47039.400000000016 1914.32 21.123804330825806 4
1 -1 6 609.28 441.7 -2 5643.360000000001 10 88 540.36 64903.729999999996 1914.32 21.07184886932373 4
0 -1 7 457.17 275.23999999999995 -4 823.7500000000014 1 86 823.7500000000014 40964.01000000003 2746.490000000004 9.038012981414795 4
1 -1 7 563.29 270.89 -4 7944.4400000000005 10 88 792.0000000000001 65457.99 2646.8900000000003 4.82437801361084 4
0 -1 8 404.3 256.02 -2 767.5100000000017 1 86 767.5100000000017 36305.23000000002 2558.550000000005 11.022318124771118 4
1 -1 8 505.58 257.63 -2 7858.020000000001 10 88 772.4000000000001 60206.95999999999 2558.550000000005 4.485543966293335 4
random:4T:1500
0 -1 0 856.03 524.83 -1 852.96 1 86 852.96 75324.66 3083.71 1.6254689693450928 4
1 -1 0 864.53 43.11 -1 10085.46 10 88 922.67 96249.76999999997 2601.9900000000002 1.5574619770050049 4
0 -1 1 601.36 456.0 -2 563.54 1 86 563.54 52843.87000000003 2146.62 16.57548689842224 4
1 -1 1 669.42 454.78999999999996 -1 6274.819999999999 10 88 595.28 71458.85 2145.41 10.680046081542969 4
0 -1 2 596.45 464.58 -1 506.69000000000005 1 86 506.69000000000005 52308.30999999999 1984.65 17.350870847702026 4
1 -1 2 689.34 520.51 -1 6391.84 10 88 630.14 73445.47999999997 1984.65 17.727827072143555 4
0 -1 3 783.36 367.91 -1 367.91 1 86 367.91 68104.92000000001 1803.06 0.019005775451660156 4
1 -1 3 754.83 373.3299999999999 -2 3751.68 10 88 373.3299999999999 73928.09999999998 1803.06 0.01678299903869629 4
0 -1 4 596.9 456.0 -2 582.9300000000001 1 86 582.9300000000001 52499.55999999999 2204.79 12.9950590133667 4
1 -1 4 671.96 457.38 -1 6316.099999999999 10 88 584.49 71764.58 2204.79 10.464017152786255 4
0 -1 5 548.48 422.64000000000004 -1 511.98 1 86 511.98 48193.33 1958.5800000000002 16.001221179962158 4
1 -1 5 593.17 439.78 -4 5242.14 10 88 506.17 62682.96000000003 1941.15 12.762340068817139 4
0 -1 6 649.14 481.03 -2 629.3 1 86 629.3 57084.87999999998 2368.93 20.917038202285767 4
1 -1 6 716.26 554.1600000000001 -1 6734.64 10 88 623.3399999999999 76500.24000000005 2351.0499999999997 19.31905508041382 4
0 -1 7 537.82 398.36 -2 1103.600000000003 1 86 1103.600000000003 48459.45999999999 3709.1600000000094 12.782073020935059 4
1 -1 7 684.45 417.7 -4 10442.119999999999 10 88 1042.94 81115.42000000001 3527.1800000000003 5.499207258224487 4
0 -1 8 501.25 312.2 -2 927.3800000000018 1 86 927.3800000000018 44962.33000000001 3094.340000000005 10.454912900924683 4
1 -1 8 618.59 316.90000000000003 -2 9208.060000000001 10 88 897.9400000000002 72852.39000000001 3006.0200000000004 4.567883014678955 4
random:5T:300
0 -1 0 88.9 0 -24 554.29 4 91 130.11 9198.420000000002 390.33000000000004 0.26825785636901855 5
1 -1 0 82.93 0 -17 1400.86 12 88 82.84 10099.250000000004 248.52 0.19496488571166992 5
0 -1 1 77.97 0 -17 390.9 4 91 58.86 7876.9 176.57999999999998 0.2400190830230713 5
1 -1 1 88.24 0 -15 1363.05 12 88 73.27 10491.490000000002 176.57999999999998 0.1757340431213379 5
0 -1 2 70.72 0 -18 276.67999999999995 4 91 17.59 6988.930000000001 52.769999999999996 4.510843992233276 5
1 -1 2 84.61 0 -14 1075.25 12 88 53.82 9596.189999999997 52.769999999999996 3.6428542137145996 5
0 -1 3 67.18 0.0 -20 0.0 4 91 0.0 6113.760000000001 0.0 0.0115509033203125 5
1 -1 3 62.23 0.0 -20 6.94 12 88 0.0 5490.1600000000035 0.0 0.0064008235931396484 5
0 -1 4 77.97 0 -17 390.9 4 91 58.86 7876.9 176.57999999999998 0.21815013885498047 5
1 -1 4 88.24 0 -15 1363.05 12 88 73.27 10491.490000000002 176.57999999999998 0.1861732006072998 5
0 -1 5 57.57 0 -32 85.34 4 91 0.0 5409.6100000000015 0.0 2.866650104522705 5
1 -1 5 59.34 0 -29 568.24 12 88 0.0 6358.710000000003 0.0 2.1602559089660645 5
0 -1 6 88.9 0 -24 554.29 4 91 130.11 9198.420000000002 390.33000000000004 6.575882911682129 5
1 -1 6 82.88 0 -15 1282.58 12 88 82.84 9858.289999999997 248.52 4.0306549072265625 5
0 -1 7 88.9 0 -24 554.29 4 91 130.11 9198.420000000002 390.33000000000004 1.4648981094360352 5
1 -1 7 82.88 0 -15 1282.58 12 88 82.84 9858.289999999997 248.52 0.8888700008392334 5
0 -1 8 70.72 0 -18 276.67999999999995 4 91 17.59 6988.930000000001 52.769999999999996 1.105254888534546 5
1 -1 8 84.61 0 -14 1075.25 12 88 53.82 9596.189999999997 52.769999999999996 0.8648121356964111 5
random:5T:600
0 -1 0 264.22 0 -4 1192.6399999999999 4 91 283.01 26429.690000000006 849.03 0.5273771286010742 5
1 -1 0 258.82 0 -7 3950.49 12 88 233.94 30677.479999999992 701.8199999999999 0.4310877323150635 5
0 -1 1 235.08 135.7 -1 707.51 4 91 168.24 22806.959999999992 640.4200000000001 9.105101108551025 5
1 -1 1 240.61 161.37999999999997 -1 2164.82 12 88 171.44 25503.550000000007 640.4200000000001 6.649556875228882 5
0 -1 2 217.97 113.72000000000001 -1 682.11 4 91 159.06 21199.770000000015 590.9 12.254340171813965 5
1 -1 2 229.44 143.12999999999997 -2 2100.8600000000006 12 88 167.12 24392.229999999996 590.9 8.901745796203613 5
0 -1 3 230.66 0.0 -2 477.83 4 91 93.24 21945.9 279.71999999999997 0.009471893310546875 5
1 -1 3 244.55 10.01 -1 1534.77 12 88 10.01 24589.980000000003 30.03 0.013217687606811523 5
0 -1 4 235.08 135.7 -1 707.51 4 91 168.24 22806.959999999992 640.4200000000001 9.45242691040039 5
1 -1 4 240.61 161.37999999999997 -1 2164.82 12 88 171.44 25503.550000000007 640.4200000000001 7.113646984100342 5
0 -1 5 182.12 0 -3 585.4200000000001 4 91 106.39 17743.739999999994 319.17 7.818091869354248 5
1 -1 5 191.78 5.53 -1 1910.33 12 88 77.69 20696.98000000001 233.07 5.872217178344727 5
0 -1 6 248.72 95.83 -1 743.84 4 91 184.08 24121.52000000002 648.07 12.613231897354126 5
1 -1 6 234.77 135.32 -1 2146.93 12 88 173.57 24953.21000000001 616.5400000000001 7.753705263137817 5
0 -1 7 250.31 68.2 -1 848.44 4 91 192.33 24475.47000000002 645.19 2.5197861194610596 5
1 -1 7 249.02 88.66 -2 2943.1499999999996 12 88 242.59 27800.059999999998 645.19 1.7947509288787842 5
0 -1 8 220.81 93.71 -1 857.54 4 91 211.41999999999993 21808.970000000016 727.9699999999998 2.3986399173736572 5
1 -1 8 244.4 120.02 -2 2900.3199999999997 12 88 236.72 27308.230000000007 727.9699999999998 1.6249210834503174 5
random:5T:900
0 -1 0 460.35 146.33 -1 2010.5499999999997 4 91 461.64 45912.729999999996 1531.25 0.79544997215271 5
1 -1 0 448.61 0 -1 6003.979999999999 12 88 348.53000000000003 51485.31000000001 1045.5900000000001 0.6244380474090576 5
0 -1 1 386.88 312.92 -4 1337.09 4 91 319.92999999999995 37880.66000000001 1272.7099999999998 5.342569828033447 5
1 -1 1 414.2 330.23 -1 4155.83 12 88 333.34999999999997 44761.55999999994 1272.7099999999998 3.640974998474121 5
0 -1 2 370.01 295.02 -4 1303.23 4 91 309.42999999999995 36277.009999999995 1223.31 12.97080397605896 5
1 -1 2 396.98 281.91000000000025 -2 3966.37 12 88 311.03 42866.929999999986 1210.2 12.56332278251648 5
0 -1 3 404.72 175.88000000000002 -1 726.82 4 91 175.88000000000002 38282.82 770.97 0.014339923858642578 5
1 -1 3 393.64 157.38 -1 2203.01 12 88 157.38 39046.16000000001 715.47 0.009198188781738281 5
0 -1 4 385.81 312.82 -4 1337.09 4 91 319.92999999999995 37782.83 1272.61 4.932240009307861 5
1 -1 4 413.45 330.23 -1 4155.379999999999 12 88 331.59999999999997 44694.34 1272.61 3.7746388912200928 5
0 -1 5 318.61 216.18 -2 1163.1599999999999 4 91 269.52 31320.189999999973 1024.74 11.399379968643188 5
1 -1 5 327.4 217.03 -2 3232.6000000000004 12 88 247.25 35276.06000000001 957.9300000000001 7.412611961364746 5
0 -1 6 398.87 314.24 -2 1349.21 4 91 334.54 38995.580000000016 1317.8600000000001 14.78880786895752 5
1 -1 6 406.16 313.83000000000004 -2 4031.2700000000004 12 88 331.13 43804.79000000002 1307.22 10.163323879241943 5
0 -1 7 399.78 192.81 -1 1930.9999999999998 4 91 479.48 40241.71000000001 1631.25 3.575650930404663 5
1 -1 7 406.88 178.01 -2 5937.5 12 88 492.03 47680.24000000001 1616.45 2.4977946281433105 5
0 -1 8 348.32 186.72 -1 1893.7600000000004 4 91 472.61000000000007 35484.42999999998 1604.5500000000002 3.0102858543395996 5
1 -1 8 397.25 201.15 -2 5903.02 12 88 489.58000000000004 46763.89000000001 1604.5500000000002 2.518038034439087 5
random:5T:1200
0 -1 0 657.78 305.79 -1 2816.0499999999997 4 91 636.02 65489.919999999984 2213.85 1.1350388526916504 5
1 -1 0 650.85 0 -1 8630.320000000002 12 88 517.6700000000001 74535.57000000002 1553.0100000000002 0.9145493507385254 5
0 -1 1 519.08 400.28 -1 1936.8999999999999 4 91 465.18999999999994 51109.940000000046 1795.8499999999997 8.083606719970703 5
1 -1 1 565.96 403.6 -1 5798.849999999999 12 88 462.5899999999999 61401.789999999964 1788.0499999999997 7.588560104370117 5
0 -1 2 506.99 416.44 -1 1921.8200000000002 4 91 463.51 49979.85999999997 1806.97 16.941679000854492 5
1 -1 2 548.0 407.85 -1 5820.039999999999 12 88 470.21 59864.24 1798.38 12.09461784362793 5
0 -1 3 585.88 270.23 -1 1199.39 4 91 270.23 55713.96000000001 1250.0900000000001 0.0133209228515625 5
1 -1 3 581.68 190.14000000000001 -1 3739.1400000000003 12 88 190.14000000000001 58666.19999999998 1009.82 0.010408878326416016 5
0 -1 4 512.42 398.61 -1 1937.28 4 91 465.3299999999999 50504.91000000003 1794.6 7.551405668258667 5
1 -1 4 557.84 402.61 -1 5788.67 12 88 461.66999999999996 60667.529999999984 1783.62 7.42329216003418 5
0 -1 5 458.02 356.98 -4 1531.68 4 91 364.98 44743.31000000002 1451.92 14.07339596748352 5
1 -1 5 473.91 352.25 -1 4380.49 12 88 352.25 50465.130000000005 1412.3600000000001 9.93385100364685 5
0 -1 6 525.21 420.76 -1 1945.03 4 91 483.49 51684.240000000005 1871.23 16.980654001235962 5
1 -1 6 564.43 428.27 -1 5937.199999999999 12 88 483.80999999999995 61544.119999999966 1871.23 13.78861403465271 5
0 -1 7 512.91 241.94 -2 2943.6099999999997 4 91 731.2799999999999 52562.34999999998 2435.7799999999997 4.423660039901733 5
1 -1 7 538.03 252.3 -2 8807.08 12 88 732.2299999999999 64960.390000000014 2435.7799999999997 3.559608221054077 5
0 -1 8 439.72 255.24 -2 2926.3500000000004 4 91 727.6100000000001 45867.579999999994 2438.0700000000006 4.2195820808410645 5
1 -1 8 521.99 245.65 -2 8791.62 12 88 727.01 63518.57999999998 2426.68 3.500380039215088 5
random:5T:1500
0 -1 0 846.06 402.79999999999995 -1 3640.9 4 91 865.42 84272.83999999998 2999.0599999999995 1.4186737537384033 5
1 -1 0 832.39 0 -1 11537.660000000003 12 88 700.8500000000001 96325.79 2102.55 1.1819980144500732 5
0 -1 1 628.03 445.07 -1 2379.2400000000002 4 91 591.2800000000001 61909.03000000002 2218.9100000000003 9.800026893615723 5
1 -1 1 715.61 482.23 -1 7721.470000000001 12 88 625.02 78416.45000000001 2218.9100000000003 9.291588068008423 5
0 -1 2 636.36 453.94 -1 2440.59 4 91 604.58 62790.09000000001 2267.6800000000003 20.348557233810425 5
1 -1 2 675.47 538.5999999999999 -2 7227.349999999999 12 88 584.12 73896.41999999997 2206.3 14.557271957397461 5
0 -1 3 765.28 363.59000000000003 -1 1480.67 4 91 363.59000000000003 72601.68000000002 1779.7799999999997 0.015717029571533203 5
1 -1 3 734.92 343.13 -1 4468.79 12 88 343.13 73610.72000000004 1718.3999999999996 0.015819072723388672 5
0 -1 4 598.8 444.17 -1 2046.23 4 91 496.06000000000006 58583.54999999997 1932.3500000000004 8.642465829849243 5
1 -1 4 695.35 464.15 -1 7689.99 12 88 624.5499999999998 76570.44000000006 1932.3500000000004 9.8752281665802 5
0 -1 5 583.27 410.46000000000004 -1 2033.59 4 91 476.6 57144.94999999998 1840.2600000000002 17.834205150604248 5
1 -1 5 621.52 475.4100000000002 -2 6260.499999999999 12 88 512.03 67214.75999999997 1840.2600000000002 11.914922952651978 5
0 -1 6 664.26 512.29 -2 2579.9700000000003 4 91 643.72 65607.68 2443.45 21.576080799102783 5
1 -1 6 690.57 465.27000000000004 -1 7461.450000000001 12 88 618.3 75693.43000000002 2320.17 14.694730043411255 5
0 -1 7 613.69 373.31 -2 3874.06 4 91 965.9599999999999 63594.05000000001 3271.1899999999996 5.21766209602356 5
1 -1 7 668.53 352.44000000000005 -2 10962.570000000002 12 88 903.5000000000001 80755.62000000001 3062.9400000000005 4.076557159423828 5
0 -1 8 545.12 327.13 -2 3639.4799999999996 4 91 907.28 56884.730000000025 3048.9700000000003 5.114855051040649 5
1 -1 8 638.82 287.19 -2 10551.169999999998 12 88 860.9799999999999 77318.06 2870.1299999999997 4.5062079429626465 5
random:6T:300
0 -1 0 93.65 0 -23 1874.3900000000003 13 96 117.21 12739.640000000003 351.63 0.2371959686279297 6
1 -1 0 86.54 0 -26 48.77 1 81 48.77 7107.3399999999965 146.31 0.24637889862060547 6
0 -1 1 90.35 0 -18 1490.0 13 96 0.0 11653.630000000005 0.0 0.20297884941101074 6
1 -1 1 87.01 0 -12 56.2 1 81 56.2 7160.469999999995 0.0 0.20459914207458496 6
0 -1 2 82.25 0 -16 1228.7199999999998 13 96 16.24 10353.37 48.72 3.9682769775390625 6
1 -1 2 81.16 0 -12 79.99 1 81 79.99 6733.949999999995 48.72 4.161963939666748 6
0 -1 3 66.36 0.0 -26 0.0 13 96 0.0 6370.939999999999 0.0 0.009243011474609375 6
1 -1 3 78.21 0.0 -13 0.0 1 81 0.0 6334.610000000001 0.0 0.008057117462158203 6
0 -1 4 90.35 0 -18 1490.0 13 96 0.0 11653.630000000005 0.0 0.23759102821350098 6
1 -1 4 87.01 0 -12 56.2 1 81 56.2 7160.469999999995 0.0 0.19867897033691406 6
0 -1 5 65.06 0 -27 833.9700000000001 13 96 0.0 7913.780000000006 0.0 2.8718161582946777 6
1 -1 5 70.41 0.0 -19 0.0 1 81 0.0 5703.41 0.0 2.928762912750244 6
0 -1 6 92.55 0 -24 1658.1799999999998 13 96 117.21 12200.830000000004 351.63 4.938318967819214 6
1 -1 6 85.57 0 -18 52.39 1 81 52.39 7035.939999999996 157.17000000000002 5.352171897888184 6
0 -1 7 92.55 0 -24 1658.1799999999998 13 96 117.21 12200.830000000004 351.63 1.2100589275360107 6
1 -1 7 85.57 0 -18 52.39 1 81 52.39 7035.939999999996 157.17000000000002 1.2417230606079102 6
0 -1 8 82.25 0 -16 1228.7199999999998 13 96 16.24 10353.37 48.72 0.980424165725708 6
1 -1 8 81.16 0 -12 79.99 1 81 79.99 6733.949999999995 48.72 1.041496753692627 6
random:6T:600
0 -1 0 263.09 0 -7 4489.64 13 96 270.33 34235.680000000015 810.99 0.4962422847747803 6
1 -1 0 274.17 0.0 -3 233.04000000000002 1 81 233.04000000000002 22673.46 699.1200000000001 0.44673991203308105 6
0 -1 1 236.43 127.87000000000005 -3 2333.96 13 96 140.92 27365.189999999984 550.63 2.41778564453125 6
1 -1 1 248.92 182.2 -1 239.17000000000002 1 81 239.17000000000002 20640.660000000007 550.63 0.8426351547241211 6
0 -1 2 224.0 96.99000000000001 -1 2290.09 13 96 158.76 26083.850000000002 573.27 10.792273998260498 6
1 -1 2 230.94 173.81 -2 174.6 1 81 174.6 19055.330000000005 573.27 7.32611608505249 6
0 -1 3 239.67 31.13 -1 1675.02 13 96 46.57 26358.119999999988 170.84 0.013705015182495117 6
1 -1 3 258.59 0.0 -1 151.93 1 81 151.93 21249.83 139.71 0.012304306030273438 6
0 -1 4 236.43 127.87000000000005 -3 2333.96 13 96 140.92 27365.189999999984 550.63 2.4206130504608154 6
1 -1 4 248.92 182.2 -1 239.17000000000002 1 81 239.17000000000002 20640.660000000007 550.63 0.8454430103302002 6
0 -1 5 193.83 0.0 -1 2194.79 13 96 151.37 22997.520000000008 454.11 6.312639236450195 6
1 -1 5 212.19 98.11999999999998 -1 141.15 1 81 141.15 17469.370000000003 423.45000000000005 11.654794931411743 6
0 -1 6 244.31 127.67 -1 2385.59 13 96 181.21 28224.769999999986 671.3 8.29203462600708 6
1 -1 6 254.37 166.70000000000007 -1 166.8 1 81 166.8 20937.33 628.07 9.606207847595215 6
0 -1 7 258.94 115.47 -4 3272.0299999999993 13 96 235.23000000000002 31402.729999999996 821.1600000000001 2.116690158843994 6
1 -1 7 253.71 131.7 -4 276.65 1 81 276.65 21103.690000000006 821.1600000000001 2.3458008766174316 6
0 -1 8 227.86 59.48 -1 2518.8100000000004 13 96 182.13 26912.500000000004 605.87 1.7078421115875244 6
1 -1 8 231.75 147.01 -2 303.6899999999999 1 81 303.6899999999999 19379.44000000001 605.87 3.2569448947906494 6
random:6T:900
0 -1 0 446.76 0 -3 7100.969999999999 13 96 436.88 57091.34999999998 1310.6399999999999 0.7674002647399902 6
1 -1 0 483.42 192.8 -1 422.62 1 81 422.62 40002.36999999999 1267.8600000000001 0.7099361419677734 6
0 -1 1 390.93 277.2500000000001 -3 4436.889999999999 13 96 329.0 46402.88000000004 1264.25 9.215321063995361 6
1 -1 1 413.92 332.73 -1 398.12 1 81 398.12 34324.109999999986 1264.25 4.2606260776519775 6
0 -1 2 383.18 272.64000000000016 -2 4317.36 13 96 308.15 45420.469999999994 1197.0900000000001 14.328431129455566 6
1 -1 2 385.71 311.0900000000001 -2 318.53999999999996 1 81 318.53999999999996 31879.33999999999 1197.0900000000001 12.214996099472046 6
0 -1 3 401.04 165.5 -1 2402.6800000000003 13 96 165.5 43304.77000000001 778.72 0.015581846237182617 6
1 -1 3 424.82 188.92 -1 188.92 1 81 188.92 34788.10999999998 744.76 0.010132074356079102 6
0 -1 4 390.93 277.2500000000001 -3 4436.889999999999 13 96 329.0 46402.88000000004 1264.25 9.899174928665161 6
1 -1 4 410.45 332.74 -1 398.3 1 81 398.3 34042.86999999999 1264.25 4.681625127792358 6
0 -1 5 335.49 219.16 -1 3824.8599999999997 13 96 285.72 39856.729999999996 1076.3200000000002 9.611922979354858 6
1 -1 5 360.26 278.4 -1 279.52 1 81 279.52 29740.5 1057.72 10.677909851074219 6
0 -1 6 412.74 338.37 -1 4486.290000000002 13 96 340.88 48595.44999999998 1361.01 12.709142208099365 6
1 -1 6 420.66 356.02 -1 393.6 1 81 393.6 34861.01000000001 1361.01 12.733189105987549 6
0 -1 7 416.31 198.65 -4 6071.87 13 96 463.66999999999996 52109.32000000002 1589.6599999999999 2.703665018081665 6
1 -1 7 373.61 207.56 -4 561.7099999999998 1 81 561.7099999999998 31385.720000000005 1589.6599999999999 3.236480951309204 6
0 -1 8 378.06 167.47 -1 5625.25 13 96 429.03 47543.95000000002 1454.56 2.335594892501831 6
1 -1 8 337.88 215.95 -2 601.6900000000016 1 81 601.6900000000016 28571.750000000015 1454.56 6.490625619888306 6
random:6T:1200
0 -1 0 626.7 0 -2 9918.499999999998 13 96 498.02 79999.92999999996 1494.06 1.0112898349761963 6
1 -1 0 694.96 331.28 -1 599.99 1 81 599.99 57491.87999999999 1494.06 0.8982658386230469 6
0 -1 1 533.21 393.43 -1 6391.8099999999995 13 96 424.94 63971.499999999985 1668.25 6.8840038776397705 6
1 -1 1 536.0 418.29999999999995 -1 541.56 1 81 541.56 44499.15 1668.25 6.678175926208496 6
0 -1 2 529.75 395.27000000000004 -4 6218.780000000001 13 96 463.49999999999994 63293.61 1785.7699999999998 14.47458529472351 6
1 -1 2 519.11 448.51 -2 478.34 1 81 478.34 43004.53 1785.7699999999998 15.912741899490356 6
0 -1 3 598.07 261.72 -1 4278.33 13 96 261.72 65971.50999999998 1282.95 0.019301176071166992 6
1 -1 3 604.51 326.01 -1 326.01 1 81 326.01 49617.02999999997 1228.21 0.0223388671875 6
0 -1 4 532.35 397.87 -1 6391.8099999999995 13 96 424.94 63888.78999999998 1672.69 7.549443960189819 6
1 -1 4 534.88 414.74 -1 541.5600000000001 1 81 541.5600000000001 44408.100000000006 1672.69 8.082041025161743 6
0 -1 5 465.37 344.74 -2 4711.48 13 96 344.74 54098.77000000002 1379.96 11.764461994171143 6
1 -1 5 490.69 401.56 -4 436.31000000000006 1 81 436.31000000000006 40618.28 1379.96 11.360713005065918 6
0 -1 6 552.96 411.40000000000003 -1 6499.9800000000005 13 96 494.53 66084.24999999999 1894.99 15.227740049362183 6
1 -1 6 543.61 417.29 -2 533.97 1 81 533.97 45099.970000000016 1894.99 15.340284824371338 6
0 -1 7 550.77 244.28 -4 9127.2 13 96 690.53 71128.11999999992 2315.8700000000003 4.318087100982666 6
1 -1 7 468.49 272.87 -4 827.7599999999994 1 81 827.7599999999994 39603.38999999996 2315.8700000000003 4.123827219009399 6
0 -1 8 499.04 227.17 -1 8644.610000000002 13 96 661.6400000000001 65196.86999999999 2212.09 3.034097909927368 6
1 -1 8 423.16 269.31 -2 807.2000000000016 1 81 807.2000000000016 35890.360000000015 2212.09 7.139063835144043 6
random:6T:1500
0 -1 0 786.22 0 -1 12848.1 13 96 648.98 101172.85 1946.94 1.2567691802978516 6
1 -1 0 905.47 407.23 -1 802.86 1 81 802.86 74948.92 1946.94 1.1091840267181396 6
0 -1 1 631.95 441.32 -1 6877.15 13 96 520.51 74421.48 2002.85 7.948582887649536 6
1 -1 1 641.4 458.71 -1 655.49 1 81 655.49 53264.130000000005 2002.85 8.042054891586304 6
0 -1 2 649.27 453.64 -1 7005.900000000001 13 96 520.78 76341.70999999998 2015.98 16.05277109146118 6
1 -1 2 653.74 583.1700000000001 -2 634.29 1 81 634.29 54221.76999999999 2015.98 15.877383947372437 6
0 -1 3 757.95 359.12 -1 5109.09 13 96 359.12 82981.06000000006 1816.43 0.017019987106323242 6
1 -1 3 786.42 377.22999999999996 -1 377.22999999999996 1 81 377.22999999999996 64454.39999999999 1760.8200000000002 0.016262054443359375 6
0 -1 4 634.81 451.52 -1 6859.64 13 96 518.33 74661.23 2006.5100000000002 9.199361085891724 6
1 -1 4 645.49 458.71 -1 656.3500000000001 1 81 656.3500000000001 53597.189999999995 2006.5100000000002 8.923722982406616 6
0 -1 5 600.17 440.19 -4 6757.210000000001 13 96 510.68 71130.60000000003 1972.23 15.627954006195068 6
1 -1 5 610.37 533.64 -4 591.6500000000001 1 81 591.6500000000001 50623.34000000003 1972.23 14.241938829421997 6
0 -1 6 679.96 462.86 -2 8155.839999999999 13 96 617.26 81587.64999999997 2314.64 18.935505867004395 6
1 -1 6 657.25 476.90999999999997 -1 612.76 1 81 612.76 54462.68000000001 2301.14 16.25899600982666 6
0 -1 7 662.6 324.40000000000003 -4 11339.81 13 96 858.92 86289.22999999997 2901.16 3.6946728229522705 6
1 -1 7 560.02 413.12 -4 1112.0299999999995 1 81 1112.0299999999995 47585.449999999975 2901.16 5.726613998413086 6
0 -1 8 604.37 278.89 -2 11177.28 13 96 839.2900000000001 80373.74999999991 2796.76 3.7646589279174805 6
1 -1 8 534.84 375.51000000000005 -2 1034.300000000003 1 81 1034.300000000003 45390.38000000001 2796.76 9.678051233291626 6
random:7T:300
0 -1 0 92.68 0 -24 1585.28 11 99 113.26 12345.480000000009 339.78000000000003 0.27710580825805664 7
1 -1 0 99.24 0 -18 129.43 1 76 129.43 7801.01 339.78000000000003 0.20737171173095703 7
0 -1 1 95.57 0.0 -20 1298.66 11 99 109.2 12058.77 327.6 0.243696928024292 7
1 -1 1 104.14 0.0 -5 126.24 1 76 126.24 8167.060000000001 327.6 0.20779085159301758 7
0 -1 2 86.72 0 -17 1315.34 11 99 110.88 11215.67 332.64 5.241424322128296 7
1 -1 2 91.02 0.0 -5 126.24 1 76 126.24 7170.119999999999 332.64 4.539434194564819 7
0 -1 3 65.3 0.0 -25 0.0 11 99 0.0 6464.900000000006 0.0 0.009165763854980469 7
1 -1 3 82.57 0.0 -12 0.0 1 76 0.0 6275.050000000001 0.0 0.011471748352050781 7
0 -1 4 95.57 0.0 -20 1298.66 11 99 109.2 12058.77 327.6 0.24631524085998535 7
1 -1 4 104.14 0.0 -5 126.24 1 76 126.24 8167.060000000001 327.6 0.19661903381347656 7
0 -1 5 65.02 0 -27 781.3899999999999 11 99 23.67 8000.190000000001 71.01 4.022945880889893 7
1 -1 5 83.41 0 -11 86.53 1 76 86.53 6512.060000000002 71.01 3.5064377784729004 7
0 -1 6 91.69 0 -27 1350.02 11 99 113.26 11776.94000000001 339.78000000000003 6.089400768280029 7
1 -1 6 99.2 0 -12 129.43 1 76 129.43 7798.069999999997 339.78000000000003 4.666347026824951 7
0 -1 7 91.69 0 -27 1350.02 11 99 113.26 11776.94000000001 339.78000000000003 1.3989169597625732 7
1 -1 7 99.2 0 -12 129.43 1 76 129.43 7798.069999999997 339.78000000000003 1.1246552467346191 7
0 -1 8 86.72 0 -17 1315.34 11 99 110.88 11215.67 332.64 1.2013607025146484 7
1 -1 8 91.02 0.0 -5 126.24 1 76 126.24 7170.119999999999 332.64 0.9781169891357422 7
random:7T:600
0 -1 0 264.91 0 -4 3894.07 11 99 272.59000000000003 34014.46000000003 817.7700000000001 0.5333130359649658 7
1 -1 0 306.57 0.0 -3 300.03999999999996 1 76 300.03999999999996 23899.289999999997 817.7700000000001 0.4317362308502197 7
0 -1 1 255.86 115.75000000000016 -2 1995.3600000000001 11 99 179.43 29321.009999999977 654.0400000000001 9.464992046356201 7
1 -1 1 286.8 245.27 -1 284.36 1 76 284.36 22365.74999999999 654.0400000000001 2.4845523834228516 7
0 -1 2 232.75 164.73 -1 1999.0499999999997 11 99 179.8 27039.859999999997 704.1300000000001 9.01914095878601 7
1 -1 2 256.94 200.75 -2 260.06 1 76 260.06 20047.690000000006 704.1300000000001 7.6305248737335205 7
0 -1 3 231.69 0.0 -1 1451.1699999999998 11 99 123.55 25839.799999999996 370.65 0.009927034378051758 7
1 -1 3 269.53 62.39 -1 140.37 1 76 140.37 20765.15 370.65 0.007094860076904297 7
0 -1 4 255.86 115.75000000000016 -2 1995.3600000000001 11 99 179.43 29321.009999999977 654.0400000000001 9.319591045379639 7
1 -1 4 286.8 245.27 -1 284.36 1 76 284.36 22365.74999999999 654.0400000000001 2.582515001296997 7
0 -1 5 202.45 1.13 -1 1880.3800000000003 11 99 160.42000000000002 23803.530000000002 482.39000000000004 7.922512769699097 7
1 -1 5 236.7 168.41000000000005 -1 174.39 1 76 174.39 18338.290000000005 482.39000000000004 11.87933611869812 7
0 -1 6 250.27 126.50000000000001 -1 2006.7900000000002 11 99 180.33 28790.31000000001 667.49 11.151709794998169 7
1 -1 6 273.93 181.9 -1 183.92 1 76 183.92 21186.249999999993 667.49 8.48479413986206 7
0 -1 7 263.13 87.58 -2 2837.3999999999996 11 99 255.32999999999998 31724.920000000006 853.57 2.4884469509124756 7
1 -1 7 275.44 134.0 -1 332.49 1 76 332.49 21598.179999999997 853.57 2.1226069927215576 7
0 -1 8 252.29 158.97 -1 3164.4599999999996 11 99 286.29999999999995 31306.119999999988 1017.8699999999999 2.529741048812866 7
1 -1 8 243.52 164.09 -1 373.6400000000003 1 76 373.6400000000003 19254.7 1017.8699999999999 3.301969051361084 7
random:7T:900
0 -1 0 449.51 0 -1 6336.280000000001 11 99 465.14 57173.93999999999 1395.42 0.8338911533355713 7
1 -1 0 516.32 135.18 -2 509.5 1 76 509.5 40259.240000000005 1395.42 0.6106457710266113 7
0 -1 1 406.23 268.92000000000013 -2 3762.7 11 99 338.42999999999995 47741.73999999999 1284.21 5.415339946746826 7
1 -1 1 420.66 360.06 -1 417.59000000000003 1 76 417.59000000000003 32805.340000000004 1284.21 4.1234681606292725 7
0 -1 2 397.11 329.85 -4 3747.080000000001 11 99 334.65 46808.130000000005 1333.8 14.273471117019653 7
1 -1 2 408.91 339.74 -4 391.32 1 76 391.32 31859.550000000025 1333.8 9.724751710891724 7
0 -1 3 395.78 182.61 -2 2029.25 11 99 182.61 43240.94000000001 806.71 0.013130903244018555 7
1 -1 3 447.39 190.14 -1 190.14 1 76 190.14 34381.799999999996 806.71 0.01028585433959961 7
0 -1 4 406.23 268.92000000000013 -2 3762.7 11 99 338.42999999999995 47741.73999999999 1284.21 5.817347049713135 7
1 -1 4 423.51 362.21 -1 417.59000000000003 1 76 417.59000000000003 33021.84000000001 1284.21 4.637052297592163 7
0 -1 5 347.15 244.54 -1 3334.1600000000003 11 99 299.41 41036.569999999985 1142.77 11.489197969436646 7
1 -1 5 390.86 328.46000000000004 -1 366.19 1 76 366.19 30438.01999999999 1142.77 8.891785144805908 7
0 -1 6 411.39 324.63 -1 3749.98 11 99 340.08000000000004 48227.280000000006 1344.8700000000001 15.313850164413452 7
1 -1 6 426.51 346.1 -1 429.78 1 76 429.78 33274.2 1344.8700000000001 10.284334897994995 7
0 -1 7 419.83 175.38 -1 5744.170000000001 11 99 518.75 53051.59000000002 1731.63 3.8375797271728516 7
1 -1 7 394.63 231.55 -2 627.500000000001 1 76 627.500000000001 31246.770000000008 1731.63 4.440173625946045 7
0 -1 8 400.3 222.51 -1 6084.72 11 99 552.08 51799.02 1878.7500000000002 3.779097080230713 7
1 -1 8 344.3 225.32 -1 671.6400000000021 1 76 671.6400000000021 27509.750000000025 1878.7500000000002 6.335468053817749 7
random:7T:1200
0 -1 0 604.12 0 -1 9171.279999999999 11 99 711.0 78150.81 2133.0 1.116161823272705 7
1 -1 0 717.31 209.46 -1 702.9000000000001 1 76 702.9000000000001 55921.13000000001 2108.7000000000003 0.8741741180419922 7
0 -1 1 527.76 395.44 -1 5491.710000000001 11 99 495.84000000000003 63231.820000000036 1882.96 6.0087878704071045 7
1 -1 1 535.64 427.25 -1 567.85 1 76 567.85 41844.69999999998 1882.96 6.085381746292114 7
0 -1 2 533.3 408.83000000000004 -1 5438.049999999999 11 99 481.66999999999996 63672.89000000001 1853.8399999999997 16.683598041534424 7
1 -1 2 548.52 421.41 -1 513.2800000000001 1 76 513.2800000000001 42714.01000000003 1853.8399999999997 12.455802917480469 7
0 -1 3 583.64 314.88 -2 3553.46 11 99 314.88 64887.68999999996 1397.71 0.017960071563720703 7
1 -1 3 655.1 342.13 -1 342.13 1 76 342.13 50471.570000000014 1397.71 0.011754989624023438 7
0 -1 4 527.94 411.78000000000003 -1 5491.710000000001 11 99 495.84000000000003 63249.85000000001 1899.3 6.096457004547119 7
1 -1 4 534.05 425.47 -1 567.19 1 76 567.19 41722.52999999999 1899.3 6.824866056442261 7
0 -1 5 482.02 367.55 -1 4609.380000000001 11 99 374.05 56939.04000000004 1489.7 13.964057207107544 7
1 -1 5 541.76 444.03 -1 534.15 1 76 534.15 42242.24000000001 1489.7 11.919275999069214 7
0 -1 6 554.43 417.81 -1 5464.380000000001 11 99 482.6 65816.85 1865.6100000000001 17.00388193130493 7
1 -1 6 550.59 418.36 -1 539.3399999999999 1 76 539.3399999999999 42923.16000000004 1865.6100000000001 12.293426752090454 7
0 -1 7 543.95 264.76 -1 8441.49 11 99 761.98 70733.78000000003 2550.7 4.832985162734985 7
1 -1 7 489.84 331.28 -2 904.2600000000016 1 76 904.2600000000016 39036.54999999999 2550.7 5.717534780502319 7
0 -1 8 518.62 267.75 -4 8732.060000000001 11 99 789.6400000000002 68807.08 2636.6700000000005 4.875417232513428 7
1 -1 8 454.83 293.51 -1 842.0600000000018 1 76 842.0600000000018 36251.07000000003 2636.6700000000005 6.381710052490234 7
random:7T:1500
0 -1 0 760.42 0 -1 11797.730000000001 11 99 934.9899999999999 98876.97999999995 2804.97 1.4179251194000244 7
1 -1 0 930.98 310.61 -1 912.2500000000001 1 76 912.2500000000001 72578.68000000001 2736.7500000000005 1.1050102710723877 7
0 -1 1 609.16 442.43 -1 5685.93 11 99 508.13 71678.51000000005 1966.82 8.59320616722107 7
1 -1 1 649.62 468.4 -1 675.86 1 76 675.86 50722.71000000001 1966.82 7.757299900054932 7
0 -1 2 688.87 514.16 -1 7055.1799999999985 11 99 637.44 82308.79000000004 2426.48 25.4809627532959 7
1 -1 2 675.2 528.72 -1 633.1800000000001 1 76 633.1800000000001 52581.53999999999 2413.7000000000003 16.331072092056274 7
0 -1 3 746.82 372.42999999999995 -2 4116.69 11 99 372.42999999999995 82168.58999999994 1828.28 0.01606607437133789 7
1 -1 3 833.77 428.05999999999995 -1 428.05999999999995 1 76 428.05999999999995 64222.370000000024 1828.28 0.013166189193725586 7
0 -1 4 605.86 451.38 -1 5690.789999999999 11 99 508.13 71361.90000000001 1975.77 9.104067087173462 7
1 -1 4 644.93 468.4 -1 675.91 1 76 675.91 50366.66999999998 1975.77 8.282084941864014 7
0 -1 5 600.35 417.27000000000004 -1 5774.25 11 99 515.63 70983.20000000006 1964.1599999999999 15.755204200744629 7
1 -1 5 649.09 463.01 -1 624.48 1 76 624.48 50579.82999999998 1964.1599999999999 13.682621955871582 7
0 -1 6 694.3 461.67 -1 6757.61 11 99 604.94 82250.72000000003 2276.4900000000002 21.75126314163208 7
1 -1 6 701.54 551.92 -2 715.5699999999999 1 76 715.5699999999999 54747.81 2276.4900000000002 14.912428855895996 7
0 -1 7 655.2 371.89 -1 10686.609999999999 11 99 969.56 86238.31000000001 3280.5699999999997 5.376287937164307 7
1 -1 7 562.59 400.71000000000004 -2 1200.860000000003 1 76 1200.860000000003 45158.889999999985 3280.5699999999997 8.031883001327515 7
0 -1 8 639.48 356.28 -3 10810.850000000004 11 99 981.1400000000002 84930.19999999992 3299.7000000000007 5.741034984588623 7
1 -1 8 557.94 426.07 -2 1154.070000000004 1 76 1154.070000000004 44711.650000000045 3299.7000000000007 9.50639796257019 7
random:8T:300
0 -1 0 88.29 0 -26 264.33 2 82 127.88 7768.720000000003 383.64 0.21680617332458496 8
1 -1 0 93.08 0 -40 1964.3200000000002 10 93 180.48000000000002 12584.940000000004 383.64 0.23035502433776855 8
0 -1 1 80.54 0 -15 25.42 2 82 0.0 6654.840000000005 0.0 0.20288300514221191 8
1 -1 1 95.06 0 -13 1341.6400000000003 10 93 128.66 11523.940000000004 0.0 0.20566511154174805 8
0 -1 2 75.58 0 -15 19.96 2 82 0.0 6237.5300000000025 0.0 3.5829389095306396 8
1 -1 2 84.96 0 -14 677.28 10 93 56.63 9255.96 0.0 4.150660991668701 8
0 -1 3 76.12 0.0 -15 0.0 2 82 0.0 6242.17 0.0 0.006129741668701172 8
1 -1 3 74.53 0.0 -22 0.0 10 93 0.0 6931.280000000002 0.0 0.011647939682006836 8
0 -1 4 80.54 0 -15 25.42 2 82 0.0 6654.840000000005 0.0 0.20049691200256348 8
1 -1 4 95.06 0 -13 1341.6400000000003 10 93 128.66 11523.940000000004 0.0 0.21154475212097168 8
0 -1 5 70.41 0 -19 74.01 2 82 0.0 5921.240000000001 0.0 2.847817897796631 8
1 -1 5 71.42 0 -26 677.76 10 93 7.24 7997.770000000001 0.0 2.744112014770508 8
0 -1 6 87.4 0 -20 261.01 2 82 127.88 7688.630000000003 383.64 4.1946210861206055 8
1 -1 6 92.3 0 -16 1458.3199999999997 10 93 141.27 11500.350000000004 383.64 4.474292993545532 8
0 -1 7 87.4 0 -20 261.01 2 82 127.88 7688.630000000003 383.64 0.9823198318481445 8
1 -1 7 92.3 0 -16 1458.3199999999997 10 93 141.27 11500.350000000004 383.64 1.0816609859466553 8
0 -1 8 75.58 0 -15 19.96 2 82 0.0 6237.5300000000025 0.0 0.8557538986206055 8
1 -1 8 84.96 0 -14 677.28 10 93 56.63 9255.96 0.0 0.9462199211120605 8
random:8T:600
0 -1 0 250.68 0 -5 572.0799999999999 2 82 284.39 21700.00000000001 853.17 0.3956441879272461 8
1 -1 0 257.67 0 -6 3711.5199999999995 10 93 352.87999999999994 31386.320000000018 853.17 0.445936918258667 8
0 -1 1 243.25 167.74999999999983 -3 381.57000000000005 2 82 174.97000000000003 20709.37999999999 692.6599999999999 4.834687948226929 8
1 -1 1 243.52 173.82 -4 1849.7399999999998 10 93 183.75 26346.51 692.6599999999999 1.0040810108184814 8
0 -1 2 225.64 138.5200000000001 -2 318.65 2 82 159.06 19139.949999999993 615.7 10.783392667770386 8
1 -1 2 228.24 152.48 -1 1702.08 10 93 167.74 24630.249999999993 615.7 7.133715867996216 8
0 -1 3 253.78 34.34 -1 182.64 2 82 85.53 21175.190000000006 290.93000000000006 0.00845193862915039 8
1 -1 3 248.36 0.0 -1 1064.64 10 93 96.2 25227.030000000006 256.59000000000003 0.009736776351928711 8
0 -1 4 243.25 167.74999999999983 -3 381.57000000000005 2 82 174.97000000000003 20709.37999999999 692.6599999999999 4.862562894821167 8
1 -1 4 243.52 173.82 -4 1849.7399999999998 10 93 183.75 26346.51 692.6599999999999 1.0442230701446533 8
0 -1 5 216.49 108.05999999999996 -1 298.69 2 82 127.09 18349.57 489.3299999999999 11.569163084030151 8
1 -1 5 198.9 25.51 -1 1702.18 10 93 156.76 21901.810000000027 406.78 7.461251974105835 8
0 -1 6 243.97 136.2 -1 368.33000000000004 2 82 183.58 20742.03999999999 686.94 7.223082065582275 8
1 -1 6 244.99 140.95 -1 1875.6999999999996 10 93 186.56 26535.06 686.94 8.807693004608154 8
0 -1 7 248.87 97.76 -2 586.73 2 82 292.46000000000004 21581.10999999999 975.1400000000001 1.9227709770202637 8
1 -1 7 262.85 134.76 -1 2835.2 10 93 279.57 30115.640000000007 936.47 2.0778839588165283 8
0 -1 8 226.72 117.4 -2 395.6799999999999 2 82 183.53999999999988 19382.779999999988 668.0199999999996 2.44331693649292 8
1 -1 8 238.9 128.9 -1 2397.5 10 93 237.95999999999992 27013.11999999999 668.0199999999996 1.9541890621185303 8
random:8T:900
0 -1 0 449.61 49.84 -1 911.1599999999999 2 82 449.66999999999996 38690.20000000001 1398.8499999999997 0.6511671543121338 8
1 -1 0 453.65 0 -3 6112.02 10 93 585.83 54413.58000000001 1349.0099999999998 0.7137951850891113 8
0 -1 1 395.54 319.86 -1 735.42 2 82 349.93999999999994 33905.329999999994 1369.6799999999998 6.638400077819824 8
1 -1 1 410.45 320.55 -1 3463.2400000000007 10 93 342.22 45098.51000000002 1346.52 3.8742010593414307 8
0 -1 2 377.4 284.52000000000004 -2 618.55 2 82 305.75 32183.609999999997 1201.77 9.189148187637329 8
1 -1 2 382.61 267.43000000000006 -2 3235.2999999999997 10 93 317.37 42053.67 1184.68 9.388805150985718 8
0 -1 3 430.2 174.16 -1 350.9 2 82 174.16 35978.009999999995 807.07 0.016201019287109375 8
1 -1 3 404.81 176.54000000000002 -2 1788.1999999999998 10 93 176.54000000000002 41223.99 775.77 0.011924982070922852 8
0 -1 4 395.8 312.15 -1 735.52 2 82 351.52 33926.27999999999 1366.71 8.730693101882935 8
1 -1 4 408.43 325.88000000000005 -1 3463.26 10 93 342.22 44910.77000000003 1338.81 3.7093868255615234 8
0 -1 5 364.84 273.19 -2 623.5 2 82 295.40999999999997 31163.680000000008 1159.4199999999998 7.534908294677734 8
1 -1 5 329.89 216.76 -2 2912.9199999999996 10 93 262.26 36505.95999999998 1003.54 6.1975648403167725 8
0 -1 6 398.47 313.41999999999996 -2 692.28 2 82 345.49 34058.71 1349.8899999999999 7.754285097122192 8
1 -1 6 423.76 350.92999999999995 -2 3527.9399999999996 10 93 350.92999999999995 46465.18999999999 1349.8899999999999 9.287838220596313 8
0 -1 7 372.53 195.69 -1 1140.1900000000003 2 82 569.8300000000002 32828.22999999999 1905.1800000000005 2.0208330154418945 8
1 -1 7 417.08 211.7 -4 5506.840000000001 10 93 547.97 49801.919999999984 1839.6000000000001 2.2916767597198486 8
0 -1 8 340.85 199.71 -2 958.3200000000008 2 82 477.0200000000007 29866.330000000016 1630.7700000000023 3.331696033477783 8
1 -1 8 379.76 206.02 -1 5108.119999999999 10 93 509.94000000000005 45534.02999999997 1630.7700000000023 2.168140172958374 8
random:8T:1200
0 -1 0 653.06 252.87 -1 1296.61 2 82 627.06 56144.460000000014 2134.0499999999997 0.6027460098266602 8
1 -1 0 632.95 0 -2 8275.84 10 93 793.01 75416.33 1881.1799999999998 0.6718089580535889 8
0 -1 1 517.21 411.39 -1 915.4000000000001 2 82 453.65000000000003 44241.83000000001 1772.3400000000001 4.098338842391968 8
1 -1 1 545.35 405.45 -1 4884.6 10 93 480.81 60487.060000000056 1766.4 4.777431011199951 8
0 -1 2 508.59 413.15999999999997 -1 951.34 2 82 462.61 43607.46000000002 1800.9899999999998 8.353128910064697 8
1 -1 2 539.18 407.16 -1 4793.12 10 93 474.42 59729.81 1794.99 11.138577938079834 8
0 -1 3 633.12 293.63 -1 596.74 2 82 293.63 53109.32000000003 1381.77 0.010176897048950195 8
1 -1 3 575.21 248.85 -2 2630.62 10 93 248.85 58756.18999999997 1193.32 0.009594917297363281 8
0 -1 4 512.21 396.75 -1 922.98 2 82 449.38 43847.14000000002 1744.8899999999999 4.587410926818848 8
1 -1 4 540.88 405.45 -1 4876.259999999999 10 93 479.86 60054.709999999985 1744.8899999999999 5.051595687866211 8
0 -1 5 494.68 396.01 -2 893.43 2 82 417.35 42350.869999999995 1648.0600000000002 7.725826025009155 8
1 -1 5 470.12 362.92999999999995 -2 3784.2999999999997 10 93 364.1 51289.77000000001 1455.23 7.800835847854614 8
0 -1 6 540.82 420.77000000000004 -1 980.52 2 82 488.78000000000003 46308.58000000001 1887.1100000000001 9.527647018432617 8
1 -1 6 561.05 420.98 -2 4912.42 10 93 488.65999999999997 62002.74999999999 1886.75 10.87247896194458 8
0 -1 7 469.92 269.52 -4 1615.1600000000003 2 82 804.9200000000001 41763.82999999999 2684.28 2.3291709423065186 8
1 -1 7 537.06 258.87 -2 7904.360000000001 10 93 776.23 65755.47 2587.56 2.802504062652588 8
0 -1 8 420.89 255.64 -2 1526.9900000000011 2 82 763.210000000001 37566.780000000006 2545.2700000000027 4.243910074234009 8
1 -1 8 492.63 255.25 -2 7694.399999999998 10 93 767.66 61203.78 2544.880000000003 2.8546578884124756 8
random:8T:1500
0 -1 0 862.04 364.23 -1 1690.68 2 82 819.3000000000001 74068.25000000004 2822.13 0.7700910568237305 8
1 -1 0 812.48 0 -2 10553.279999999999 10 93 1006.7300000000001 96667.62 2457.9 0.844810962677002 8
0 -1 1 620.08 451.17999999999995 -1 1218.9899999999998 2 82 594.68 53284.69000000001 2235.22 5.478746175765991 8
1 -1 1 659.54 450.77 -1 6402.04 10 93 633.4 74141.51000000005 2234.81 5.893801927566528 8
0 -1 2 640.89 470.35 -1 1195.33 2 82 578.78 54943.900000000016 2206.69 11.29096007347107 8
1 -1 2 667.25 550.25 -2 6329.799999999999 10 93 628.81 74713.67 2206.69 10.347116708755493 8
0 -1 3 806.21 366.21 -1 734.53 2 82 366.21 67578.49999999999 1839.9799999999998 0.00991201400756836 8
1 -1 3 748.59 360.09000000000003 -2 3632.4800000000005 10 93 360.09000000000003 76883.71999999999 1769.09 0.00929713249206543 8
0 -1 4 631.07 459.71000000000004 -1 1218.87 2 82 587.71 54185.590000000026 2222.84 5.769032001495361 8
1 -1 4 645.16 447.90999999999997 -1 6149.879999999999 10 93 595.96 72299.56000000006 2211.04 4.991225004196167 8
0 -1 5 618.82 528.83 -4 1145.39 2 82 572.69 53033.98 2246.9 7.544867038726807 8
1 -1 5 598.24 458.97000000000014 -4 5260.180000000001 10 93 512.01 66156.77 1995.0 7.616674900054932 8
0 -1 6 649.94 470.88 -2 1274.01 2 82 636.48 55842.84999999999 2380.32 8.572652101516724 8
1 -1 6 678.94 476.96999999999997 -1 6313.960000000001 10 93 629.18 75769.00000000003 2358.42 9.723736047744751 8
0 -1 7 570.4 387.49 -2 2067.34 2 82 1033.0000000000002 50907.66999999998 3486.4900000000007 2.5504310131073 8
1 -1 7 657.37 387.43999999999994 -4 10240.499999999998 10 93 1021.8799999999999 81616.43000000004 3453.0799999999995 2.884681224822998 8
0 -1 8 523.06 323.61999999999995 -2 1827.320000000001 2 82 907.6500000000001 46545.310000000005 3046.57 3.6367366313934326 8
1 -1 8 586.29 282.23 -2 8936.82 10 93 867.0999999999999 72398.37999999998 2883.5299999999997 2.54670786857605 8
random:9T:300
0 -1 0 108.05 0 -14 2116.75 14 97 44.59 14714.83 133.77 0.14267802238464355 9
1 -1 0 99.9 0 -6 302.90999999999997 3 83 85.68 8897.490000000003 133.77 0.1191701889038086 9
0 -1 1 104.16 0.0 -6 1515.6099999999997 14 97 0.0 13134.580000000004 0.0 0.10242199897766113 9
1 -1 1 94.48 0.0 -8 246.41 3 83 53.22 8334.690000000002 0.0 0.1004190444946289 9
0 -1 2 90.95 0.0 -9 880.8900000000001 14 97 0.0 10584.259999999995 0.0 1.8476221561431885 9
1 -1 2 87.11 0.0 -9 112.65 3 83 0.0 7455.550000000003 0.0 1.7202544212341309 9
0 -1 3 91.72 0.0 -20 121.49000000000001 14 97 0.0 9139.679999999997 0.0 0.004770040512084961 9
1 -1 3 93.95 0.0 -11 121.34 3 83 0.0 8040.590000000002 0.0 0.0046498775482177734 9
0 -1 4 104.16 0.0 -6 1515.6099999999997 14 97 0.0 13134.580000000004 0.0 0.10506200790405273 9
1 -1 4 94.48 0.0 -8 246.41 3 83 53.22 8334.690000000002 0.0 0.10168218612670898 9
0 -1 5 85.73 0.0 -11 638.11 14 97 0.0 9592.01 0.0 1.6487910747528076 9
1 -1 5 75.38 0.0 -15 36.04 3 83 0.0 6328.549999999997 0.0 1.1262009143829346 9
0 -1 6 106.23 0.0 -14 1790.7 14 97 64.92 13885.830000000004 194.76 2.2607429027557373 9
1 -1 6 99.9 0 -5 302.90999999999997 3 83 85.68 8897.240000000003 194.76 2.293773889541626 9
0 -1 7 106.23 0.0 -14 1790.7 14 97 64.92 13885.830000000004 194.76 0.5416300296783447 9
1 -1 7 99.9 0 -5 302.90999999999997 3 83 85.68 8897.240000000003 194.76 0.567425012588501 9
0 -1 8 90.95 0.0 -9 880.8900000000001 14 97 0.0 10584.259999999995 0.0 0.44122791290283203 9
1 -1 8 87.11 0.0 -9 112.65 3 83 0.0 7455.550000000003 0.0 0.41930580139160156 9
random:9T:600
0 -1 0 291.24 0 -1 4808.8099999999995 14 97 165.06 37868.13999999999 495.18 0.28066205978393555 9
1 -1 0 292.21 0 -1 867.1099999999999 3 83 275.65999999999997 25987.510000000002 495.18 0.23032784461975098 9
0 -1 1 265.58 189.54000000000002 -3 3296.51 14 97 193.62 32353.940000000006 770.4000000000001 1.2030322551727295 9
1 -1 1 241.31 163.14000000000004 -3 520.22 3 83 166.98 21069.119999999988 664.0799999999999 6.211936950683594 9
0 -1 2 238.9 170.3 -2 2450.73 14 97 170.3 28074.289999999994 686.99 4.116544008255005 9
1 -1 2 238.93 185.05 -3 617.9399999999999 3 83 201.59999999999997 21067.389999999992 686.99 2.957631826400757 9
0 -1 3 282.28 105.74000000000001 -1 2088.96 14 97 105.74000000000001 31558.619999999995 432.74 0.006543159484863281 9
1 -1 3 285.01 84.58000000000001 -1 484.9 3 83 147.62 24625.699999999993 401.80000000000007 0.005203962326049805 9
0 -1 4 265.58 189.54000000000002 -3 3296.51 14 97 193.62 32353.940000000006 770.4000000000001 1.207481861114502 9
1 -1 4 241.31 163.14000000000004 -3 520.22 3 83 166.98 21069.119999999988 664.0799999999999 6.20899510383606 9
0 -1 5 238.78 168.83999999999997 -2 2481.27 14 97 168.83999999999997 28124.140000000003 676.1099999999999 3.5812222957611084 9
1 -1 5 220.72 114.41 -1 471.33000000000004 3 83 153.01 19262.289999999994 573.4399999999999 5.452863931655884 9
0 -1 6 256.53 173.98000000000002 -4 2591.74 14 97 178.63000000000002 30066.85 709.8700000000001 3.9356939792633057 9
1 -1 6 265.95 196.07 -3 788.1600000000001 3 83 256.48 23650.309999999994 709.8700000000001 3.652959108352661 9
0 -1 7 270.87 115.92999999999999 -1 3613.1400000000003 14 97 250.15 33500.450000000004 866.38 0.9366600513458252 9
1 -1 7 262.97 185.15 -1 891.23 3 83 296.21999999999997 23608.979999999992 866.38 0.8523190021514893 9
0 -1 8 238.54 155.71 -3 2501.8 14 97 171.44 28141.55 670.03 0.9675252437591553 9
1 -1 8 239.47 157.7 -3 740.0099999999998 3 83 234.45999999999978 21356.30999999999 670.03 1.0712933540344238 9
random:9T:900
0 -1 0 475.65 151.25 -1 7517.6799999999985 14 97 311.68 61173.520000000026 1086.29 0.4066789150238037 9
1 -1 0 485.64 72.29 -1 1294.81 3 83 419.07 42897.719999999994 1007.3299999999999 0.3451869487762451 9
0 -1 1 414.32 322.68 -6 4837.709999999999 14 97 326.53000000000003 49864.92999999998 1302.2700000000002 2.024317741394043 9
1 -1 1 391.26 308.8700000000005 -3 1031.61 3 83 315.41 34537.700000000004 1255.1000000000006 5.06135106086731 9
0 -1 2 397.3 307.25 -3 4613.780000000001 14 97 311.88 47765.83 1242.8899999999999 4.9274001121521 9
1 -1 2 385.87 319.73 -3 1035.13 3 83 335.95000000000005 34097.13000000001 1242.8899999999999 3.903872013092041 9
0 -1 3 465.68 178.66 -1 3604.3299999999995 14 97 178.66 52379.2 880.71 0.0075151920318603516 9
1 -1 3 471.82 240.0 -1 835.78 3 83 240.0 40832.48999999999 857.79 0.006994962692260742 9
0 -1 4 414.32 322.68 -6 4837.709999999999 14 97 326.53000000000003 49864.92999999998 1302.2700000000002 2.0609939098358154 9
1 -1 4 391.26 308.8700000000005 -3 1031.61 3 83 315.41 34537.700000000004 1255.1000000000006 5.118074893951416 9
0 -1 5 397.33 305.40999999999997 -3 4526.5 14 97 309.07 47593.87999999999 1232.62 4.670402765274048 9
1 -1 5 372.15 299.09000000000003 -3 949.38 3 83 305.87 32787.00000000001 1216.7 3.8578779697418213 9
0 -1 6 420.58 315.79999999999995 -4 4876.620000000001 14 97 331.5 50549.439999999995 1310.3 5.125402927398682 9
1 -1 6 433.67 352.05 -1 1239.15 3 83 410.74 38472.97 1310.3 5.15609884262085 9
0 -1 7 432.0 197.27 -1 6494.97 14 97 457.56000000000006 54894.200000000004 1569.9500000000003 1.2134709358215332 9
1 -1 7 398.05 238.66 -6 1650.9399999999998 3 83 548.0999999999999 36339.62999999999 1569.9500000000003 1.156221866607666 9
0 -1 8 385.58 220.73 -3 5699.310000000001 14 97 402.05999999999995 48800.24999999999 1426.9099999999999 1.076690912246704 9
1 -1 8 350.19 221.81 -3 1534.7900000000004 3 83 505.33000000000015 32135.23 1426.9099999999999 1.2043099403381348 9
random:9T:1200
0 -1 0 662.71 230.04 -1 10234.479999999998 14 97 405.51 84751.49 1446.57 0.5177450180053711 9
1 -1 0 683.42 174.97 -1 1939.28 3 83 644.25 60602.70999999999 1391.5 0.4445319175720215 9
0 -1 1 562.6 413.29 -1 6963.319999999999 14 97 480.78 68498.43 1855.6299999999999 3.4010066986083984 9
1 -1 1 526.96 436.69 -1 1420.49 3 83 448.3 46578.76000000003 1758.19 3.5076427459716797 9
0 -1 2 551.32 436.1700000000001 -3 6693.09 14 97 454.20000000000005 66863.99 1798.7700000000002 6.006129741668701 9
1 -1 2 528.72 451.55 -3 1512.09 3 83 492.55 46907.68 1798.7700000000002 4.710739850997925 9
0 -1 3 650.13 329.02000000000004 -1 4957.66 14 97 329.02000000000004 72978.37000000001 1583.1600000000003 0.008455753326416016 9
1 -1 3 669.27 351.15 -1 1079.17 3 83 351.15 57707.89 1551.7000000000003 0.007950067520141602 9
0 -1 4 562.6 413.29 -1 6963.319999999999 14 97 480.78 68498.43 1855.6299999999999 3.4212889671325684 9
1 -1 4 526.96 436.69 -1 1420.49 3 83 448.3 46578.76000000003 1758.19 3.49688720703125 9
0 -1 5 551.99 436.9800000000001 -3 6607.960000000001 14 97 441.20000000000005 66759.05000000002 1760.5800000000002 6.0123162269592285 9
1 -1 5 515.71 433.67000000000047 -3 1386.62 3 83 453.77 45576.8 1757.2700000000007 6.125066041946411 9
0 -1 6 565.93 399.65999999999997 -1 7012.3200000000015 14 97 462.53 68920.26999999997 1787.25 6.073477029800415 9
1 -1 6 562.73 418.62 -1 1674.1 3 83 553.63 50054.60999999998 1787.25 5.569250106811523 9
0 -1 7 575.63 243.52 -1 9448.149999999998 14 97 668.74 74732.64 2249.7400000000002 1.5423831939697266 9
1 -1 7 509.18 268.38 -3 2419.3799999999997 3 83 806.1500000000001 47100.66000000001 2249.7400000000002 1.5133657455444336 9
0 -1 8 505.82 256.38 -3 8696.8 14 97 616.29 66458.11 2105.25 1.3120660781860352 9
1 -1 8 430.6 256.98 -3 2320.15 3 83 771.3400000000001 40380.03999999999 2105.25 1.3865032196044922 9
random:9T:1500
0 -1 0 842.87 282.21 -1 13226.469999999998 14 97 522.28 108210.95 1849.05 0.6670811176300049 9
1 -1 0 871.09 265.98 -1 2518.45 3 83 809.99 77337.73000000001 1832.82 0.5680429935455322 9
0 -1 1 700.98 466.91 -1 8988.880000000001 14 97 606.3599999999999 85972.74000000002 2285.99 4.368991851806641 9
1 -1 1 663.51 465.04999999999995 -1 1889.3400000000001 3 83 606.5699999999999 58849.750000000015 2284.1299999999997 4.559907913208008 9
0 -1 2 707.47 575.43 -3 8866.0 14 97 609.6199999999999 86356.12999999996 2404.2899999999995 7.232656002044678 9
1 -1 2 664.62 587.29 -6 1946.9099999999999 3 83 643.75 59057.32999999999 2404.2899999999995 5.720828056335449 9
0 -1 3 849.79 431.88 -1 6898.480000000001 14 97 431.88 96227.06000000006 2116.5 0.009718894958496094 9
1 -1 3 867.34 478.80999999999995 -1 1507.31 3 83 478.80999999999995 75004.12000000001 2075.39 0.008572101593017578 9
0 -1 4 700.98 466.91 -1 8988.880000000001 14 97 606.3599999999999 85972.74000000002 2285.99 4.412008047103882 9
1 -1 4 663.51 465.04999999999995 -1 1889.3400000000001 3 83 606.5699999999999 58849.750000000015 2284.1299999999997 4.5690271854400635 9
0 -1 5 702.08 558.5299999999996 -3 8692.48 14 97 572.0700000000002 85486.51000000002 2274.7400000000002 7.775876045227051 9
1 -1 5 654.17 563.5899999999993 -3 1854.1399999999999 3 83 609.89 58004.029999999984 2274.7400000000002 6.4155261516571045 9
0 -1 6 699.32 452.76000000000005 -1 8931.970000000001 14 97 622.15 85698.04000000001 2319.21 7.332158088684082 9
1 -1 6 682.56 480.02000000000004 -1 1919.4200000000005 3 83 624.72 60491.51000000002 2319.21 6.240320920944214 9
0 -1 7 713.0 310.5 -6 11985.919999999998 14 97 848.5900000000001 93132.35999999994 2856.2700000000004 1.8369731903076172 9
1 -1 7 639.77 408.20000000000005 -3 3117.2799999999997 3 83 1038.45 59335.420000000006 2856.2700000000004 1.7666380405426025 9
0 -1 8 613.67 275.94 -3 11783.329999999998 14 97 826.04 83092.20999999999 2754.06 1.6002202033996582 9
1 -1 8 536.38 330.40000000000003 -3 2803.5299999999997 3 83 925.0899999999999 50126.88999999999 2754.06 1.4726552963256836 9
