random:2T:300
random:0T:300
0 -1 0 91.43 0 -20 1745.48 12 95 18.96 12176.739999999998 56.88 0.31357479095458984 0
1 -1 0 91.93 0 -26 158.77 2 82 0.0 7855.939999999999 0.0 0.304293155670166 0
0 -1 1 91.73 0 -15 1394.5299999999997 12 95 16.74 11503.050000000001 50.22 0.2620079517364502 0
1 -1 1 80.37 0.0 -18 100.09 2 82 0.0 6790.450000000001 0.0 0.24388575553894043 0
0 -1 2 86.83 0 -21 1281.77 12 95 0 10812.33 0 4.9296979904174805 0
1 -1 2 72.51 0.0 -17 4.38 2 82 0.0 5954.790000000003 0 4.16192626953125 0
0 -1 3 66.31 0.0 -23 16.11 12 95 0.0 6331.480000000001 0.0 0.011121988296508789 0
1 -1 3 71.76 0.0 -17 0.0 2 82 0.0 5884.640000000003 0.0 0.008013010025024414 0
0 -1 4 91.73 0 -15 1394.5299999999997 12 95 16.74 11503.050000000001 50.22 0.2591111660003662 0
1 -1 4 80.37 0.0 -18 100.09 2 82 0.0 6790.450000000001 0.0 0.24736499786376953 0
0 -1 5 59.21 0 -28 643.7800000000001 12 95 0.0 6912.509999999997 0.0 3.3476130962371826 0
1 -1 5 62.38 0.0 -28 47.13 2 82 0.0 5209.480000000002 0.0 2.6273131370544434 0
0 -1 6 87.73 0 -28 1436.8399999999997 12 95 0 11208.490000000002 0 5.508749723434448 0
1 -1 6 90.73 0 -18 140.57000000000002 2 82 4.71 7720.709999999997 0 6.2189719676971436 0
0 -1 7 87.73 0 -28 1436.8399999999997 12 95 0 11208.490000000002 0 1.3780698776245117 0
1 -1 7 90.73 0 -18 140.57000000000002 2 82 4.71 7720.709999999997 0 1.501021146774292 0
0 -1 8 86.83 0 -21 1281.77 12 95 0 10812.33 0 1.1504547595977783 0
1 -1 8 72.51 0.0 -17 4.38 2 82 0.0 5954.790000000003 0 0.9615559577941895 0
random:0T:600
0 -1 0 270.05 0 -10 4122.95 12 95 159.37 33900.98000000002 478.11 0.5861918926239014 0
1 -1 0 282.49 0 -1 556.12 2 82 207.01999999999998 24276.06000000001 478.11 0.5644123554229736 0
0 -1 1 234.78 105.34000000000009 -2 2171.83 12 95 158.87 26647.320000000003 581.95 6.908190011978149 0
1 -1 1 237.42 159.24 -1 338.49 2 82 161.09 20145.01 581.95 3.512333869934082 0
0 -1 2 226.81 121.96000000000018 -2 2139.1800000000003 12 95 147.55 25825.71 564.6100000000002 14.771334886550903 0
1 -1 2 213.83 133.77 -1 311.38 2 82 155.25 18156.630000000016 564.6100000000002 8.120629072189331 0
0 -1 3 241.4 35.29 -1 1554.6799999999998 12 95 104.53 26042.300000000007 348.88000000000005 0.01058197021484375 0
1 -1 3 237.48 0.0 -1 157.32 2 82 67.92 19787.809999999994 203.76 0.008563041687011719 0
0 -1 4 234.78 105.34000000000009 -2 2171.83 12 95 158.87 26647.320000000003 581.95 6.948040962219238 0
1 -1 4 237.42 159.24 -1 338.49 2 82 161.09 20145.01 581.95 3.4917478561401367 0
0 -1 5 191.58 0.0 -1 1916.1 12 95 66.32 22032.17 198.95999999999998 8.33645486831665 0
1 -1 5 187.27 31.260000000000005 -1 262.9 2 82 97.27 15882.240000000009 198.95999999999998 9.8096182346344 0
0 -1 6 243.13 120.55 -1 2171.18 12 95 145.12 27439.36999999999 555.91 12.600523948669434 0
1 -1 6 261.34 169.77000000000007 -1 386.91999999999996 2 82 185.35 22203.830000000005 555.91 15.354186058044434 0
0 -1 7 245.97 109.07 -1 2344.6400000000003 12 95 185.38 28055.960000000003 665.21 2.544416904449463 0
1 -1 7 259.18 140.86 -2 528.7099999999996 2 82 257.4799999999996 22310.089999999997 665.21 4.033406972885132 0
0 -1 8 231.0 106.57 -2 2378.42 12 95 185.58 26702.159999999996 663.31 2.1971380710601807 0
1 -1 8 214.92 129.43 -1 381.0099999999999 2 82 177.31999999999988 18385.250000000015 638.5299999999995 2.927553176879883 0
random:0T:900
0 -1 0 453.48 0 -1 6412.990000000002 12 95 237.77 55906.66999999998 713.3100000000001 0.9220659732818604 0
1 -1 0 490.56 193.04 -1 963.28 2 82 407.46000000000004 42152.21000000003 713.3100000000001 0.9589130878448486 0
0 -1 1 384.49 257.11999999999983 -2 4046.44 12 95 304.38 44619.37000000004 1170.2599999999998 9.103504180908203 0
1 -1 1 390.0 317.01 -2 684.29 2 82 332.02 33348.88999999999 1170.2599999999998 5.226209878921509 0
0 -1 2 370.39 246.12 -2 3908.8399999999997 12 95 285.07 43004.44000000002 1101.33 14.119844913482666 0
1 -1 2 362.0 265.56 -2 620.65 2 82 302.14 30925.36 1101.33 13.66946816444397 0
0 -1 3 404.53 178.38 -1 2257.4400000000005 12 95 178.38 42944.99999999999 820.45 0.015697002410888672 0
1 -1 3 414.52 170.25 -1 345.28 2 82 170.25 34681.319999999985 760.64 0.01756596565246582 0
0 -1 4 384.49 257.11999999999983 -2 4046.44 12 95 304.38 44619.37000000004 1170.2599999999998 9.43364691734314 0
1 -1 4 391.07 311.55 -4 674.73 2 82 332.02 33417.34999999999 1170.2599999999998 5.353945732116699 0
0 -1 5 330.99 217.69999999999993 -2 3406.61 12 95 239.66000000000003 38257.269999999975 936.68 13.620368957519531 0
1 -1 5 324.47 239.01 -4 566.1700000000001 2 82 245.19 27738.51999999999 936.68 10.331147909164429 0
0 -1 6 400.96 290.22 -1 4055.0899999999992 12 95 306.05 46201.450000000004 1208.3700000000001 14.490421056747437 0
1 -1 6 439.94 372.62 -1 797.77 2 82 372.62 37670.870000000024 1208.3700000000001 17.430413007736206 0
0 -1 7 399.16 208.86 -4 4981.0199999999995 12 95 401.01 47882.50000000003 1411.8899999999999 3.2524993419647217 0
1 -1 7 384.71 212.58 -2 1066.7500000000002 2 82 530.8600000000002 33679.87000000001 1411.8899999999999 5.378307104110718 0
0 -1 8 376.46 193.77 -2 5125.469999999999 12 95 424.01 46014.83 1465.8 3.2901971340179443 0
1 -1 8 330.26 208.18 -2 926.6800000000005 2 82 461.70000000000044 28934.44 1465.8 5.325827121734619 0
random:0T:1200
0 -1 0 643.48 0 -1 8835.130000000001 12 95 410.88 78800.68999999999 1232.6399999999999 1.3698952198028564 0
1 -1 0 692.25 340.36 -1 1330.89 2 82 582.45 59426.00000000003 1232.6399999999999 1.2456319332122803 0
0 -1 1 519.0 395.03000000000003 -4 5863.4 12 95 455.41 61031.42000000001 1761.26 9.112524032592773 0
1 -1 1 501.56 398.92999999999995 -1 926.76 2 82 438.14 42981.67999999995 1709.45 7.830166816711426 0
0 -1 2 514.42 388.43 -1 5596.539999999999 12 95 442.42 60062.77000000002 1715.69 18.662163019180298 0
1 -1 2 495.44 398.82000000000005 -2 926.45 2 82 458.22 42478.71 1715.69 16.367772102355957 0
0 -1 3 602.29 310.94 -1 3970.6900000000005 12 95 310.94 65158.83000000001 1436.55 0.018393993377685547 0
1 -1 3 580.23 213.88000000000002 -1 456.80000000000007 2 82 213.88000000000002 48492.389999999985 1085.9 0.020444869995117188 0
0 -1 4 517.22 395.46000000000004 -4 5874.52 12 95 455.12 60884.530000000006 1760.8200000000002 9.469574928283691 0
1 -1 4 506.43 392.90999999999997 -1 927.6300000000001 2 82 442.36 43382.61 1719.9899999999998 7.487968921661377 0
0 -1 5 458.62 335.2100000000001 -4 4350.009999999999 12 95 353.26 52269.07999999997 1394.99 15.503101110458374 0
1 -1 5 456.18 361.88 -4 794.36 2 82 384.49 38995.58000000001 1394.99 13.917924880981445 0
0 -1 6 548.16 423.05 -1 5889.970000000001 12 95 436.89000000000004 63854.70000000001 1733.72 20.35068917274475 0
1 -1 6 564.01 434.42 -1 1031.55 2 82 497.28999999999996 48312.29 1733.72 18.611597061157227 0
0 -1 7 522.17 249.88 -4 7688.940000000001 12 95 633.34 64983.73999999999 2149.9 3.8145217895507812 0
1 -1 7 479.43 270.27 -4 1605.48 2 82 802.66 42523.90999999995 2149.9 6.016840934753418 0
0 -1 8 492.43 241.6 -2 7782.66 12 95 643.51 62346.200000000004 2172.13 3.737694025039673 0
1 -1 8 409.18 249.5 -2 1480.0700000000002 2 82 737.9100000000004 36512.58000000001 2172.13 6.067321062088013 0
random:0T:1500
0 -1 0 816.83 0 -1 11307.630000000001 12 95 453.46000000000004 100214.50999999995 1360.38 1.6713809967041016 0
1 -1 0 895.05 430.15 -1 1699.52 2 82 762.9399999999999 76793.43000000004 1360.38 1.5080347061157227 0
0 -1 1 647.58 454.51 -2 6562.860000000001 12 95 534.38 74646.15999999999 2057.6499999999996 11.358548164367676 0
1 -1 1 624.51 448.4 -1 1230.0700000000002 2 82 598.09 53669.83000000001 2051.54 11.191249132156372 0
0 -1 2 632.15 442.8 -1 6431.419999999999 12 95 513.78 72917.52999999998 1984.1399999999999 20.554728984832764 0
1 -1 2 613.66 533.67 -4 1189.23 2 82 582.84 52698.54000000001 1984.1399999999999 18.48103618621826 0
0 -1 3 762.33 369.78999999999996 -1 4615.330000000001 12 95 369.78999999999996 81652.13999999997 1852.0299999999997 0.028603792190551758 0
1 -1 3 771.39 352.17 -1 710.8100000000001 2 82 352.17 64675.44999999997 1743.08 0.015424966812133789 0
0 -1 4 648.49 454.51 -2 6560.889999999999 12 95 533.77 74728.47999999998 2055.8199999999997 12.099810123443604 0
1 -1 4 629.62 463.2 -1 1249.6599999999999 2 82 608.14 54127.970000000016 2055.8199999999997 12.242686033248901 0
0 -1 5 589.7 436.24 -4 6187.750000000001 12 95 449.31 68397.46000000002 1784.17 17.167092084884644 0
1 -1 5 571.76 464.5100000000002 -4 1071.54 2 82 522.31 49027.450000000055 1784.17 15.97074007987976 0
0 -1 6 681.19 464.23 -2 7423.039999999999 12 95 590.01 79559.56999999998 2234.26 22.53032922744751 0
1 -1 6 748.13 574.46 -2 1334.91 2 82 654.48 64016.429999999986 2234.26 23.618968963623047 0
0 -1 7 629.83 283.58 -4 10308.77 12 95 851.5 80451.33 2838.08 4.5502541065216064 0
1 -1 7 572.91 413.42 -2 2115.26 2 82 1057.0 51209.11000000003 2838.08 6.092476844787598 0
0 -1 8 593.78 279.56 -4 10182.22 12 95 839.1799999999998 76773.88000000003 2797.0999999999995 4.394755125045776 0
1 -1 8 505.72 295.99 -2 1826.9600000000003 2 82 910.4800000000002 45123.359999999986 2797.0999999999995 5.958057880401611 0
random:1T:300
0 -1 0 90.57 0 -26 1387.24 10 88 135.15 10744.950000000003 405.45000000000005 0.2709319591522217 1
1 -1 0 97.21 0 -14 281.82 2 87 136.0 9020.680000000002 405.45000000000005 0.37058305740356445 1
0 -1 1 94.72 0 -20 1368.8400000000001 10 88 129.83 11072.709999999995 389.49 0.2536799907684326 1
1 -1 1 86.59 0.0 -10 132.39000000000001 2 87 55.02 7797.999999999998 165.06 0.3253660202026367 1
0 -1 2 71.83 0.0 -20 783.26 10 88 0.0 7887.160000000001 0.0 5.039980888366699 1
1 -1 2 76.35 0 -14 80.53 2 87 25.24 6803.410000000003 0.0 7.502431869506836 1
0 -1 3 63.42 0.0 -22 0.0 10 88 0.0 5580.549999999999 0.0 0.012402772903442383 1
1 -1 3 67.02 0.0 -17 0.0 2 87 0.0 5830.980000000002 0.0 0.012083053588867188 1
0 -1 4 94.72 0.0 -20 1368.8400000000001 10 88 129.83 11072.709999999995 389.49 0.24812102317810059 1
1 -1 4 86.59 0 -10 132.39000000000001 2 87 55.02 7797.999999999998 165.06 0.3438756465911865 1
0 -1 5 56.48 0.0 -25 529.26 10 88 0.0 6029.099999999999 0.0 3.4543371200561523 1
1 -1 5 74.19 0 -16 46.84 2 87 0.0 6548.46 0.0 6.454488039016724 1
0 -1 6 90.5 0.0 -24 1368.8400000000001 10 88 129.83 10702.1 389.49 6.362828016281128 1
1 -1 6 97.97 0 -13 281.82 2 87 136.0 9086.609999999999 389.49 8.842061996459961 1
0 -1 7 90.5 0.0 -24 1368.8400000000001 10 88 129.83 10702.1 389.49 1.4635391235351562 1
1 -1 7 97.97 0 -13 281.82 2 87 136.0 9086.609999999999 389.49 1.9954450130462646 1
0 -1 8 71.83 0.0 -20 783.26 10 88 0.0 7887.160000000001 0.0 1.121081829071045 1
1 -1 8 76.35 0 -14 80.53 2 87 25.24 6803.410000000003 0.0 1.7767729759216309 1
random:1T:600
0 -1 0 283.39 0 -3 3319.32 10 88 288.46000000000004 31576.950000000008 865.3800000000001 0.6057860851287842 1
1 -1 0 290.99 0 -2 615.57 2 87 285.62 26547.399999999998 856.86 0.7684180736541748 1
0 -1 1 257.91 141.00999999999996 -2 1855.8 10 88 184.01000000000002 26407.27999999999 693.0400000000001 3.129366874694824 1
1 -1 1 245.13 121.49000000000018 -2 339.73 2 87 167.38 22005.54999999999 623.6300000000001 19.056403875350952 1
0 -1 2 220.49 139.73000000000002 -4 1743.5 10 88 156.94 22889.95999999999 610.55 13.659587144851685 1
1 -1 2 227.88 162.14000000000001 -1 380.9 2 87 167.44 20587.40999999999 610.55 13.466106176376343 1
0 -1 3 239.21 46.06999999999999 -1 986.76 10 88 86.86 23024.350000000002 306.65 0.015455007553100586 1
1 -1 3 230.96 0.0 -2 286.9 2 87 132.8 20666.910000000007 260.58 0.013363838195800781 1
0 -1 4 257.91 141.00999999999996 -2 1855.8 10 88 184.01000000000002 26407.27999999999 693.0400000000001 3.323712110519409 1
1 -1 4 245.13 121.49000000000018 -2 339.73 2 87 167.38 22005.54999999999 623.6300000000001 18.440528869628906 1
0 -1 5 194.46 98.41 -1 1631.68 10 88 140.21 20375.68000000001 519.04 13.742753028869629 1
1 -1 5 230.7 98.41999999999997 -1 319.5 2 87 153.94 20710.050000000007 519.04 13.989681959152222 1
0 -1 6 255.28 106.22 -1 1855.8200000000002 10 88 184.01 26176.29 658.25 10.281343936920166 1
1 -1 6 270.19 152.27999999999997 -1 372.94999999999993 2 87 185.38 24252.549999999996 658.25 15.8121018409729 1
0 -1 7 267.8 96.83 -1 2511.32 10 88 247.72 28589.440000000006 839.99 2.6330928802490234 1
1 -1 7 274.27 105.67 -1 598.76 2 87 298.81 25058.609999999993 839.99 3.1787891387939453 1
0 -1 8 223.45 116.54 -4 1982.2399999999996 10 88 187.59 23627.719999999994 679.31 2.3580150604248047 1
1 -1 8 228.39 157.85 -1 489.9799999999999 2 87 244.55999999999995 20849.78999999999 679.31 2.657193899154663 1
random:1T:900
0 -1 0 479.51 0 -2 5266.86 10 88 476.28999999999996 52730.21000000002 1428.87 0.83880615234375 1
1 -1 0 493.21 73.05 -1 924.0200000000001 2 87 423.07000000000005 44757.72999999998 1269.21 1.019946813583374 1
0 -1 1 408.35 301.3500000000001 -2 3486.9000000000005 10 88 344.42 42908.19 1334.6100000000001 5.710592985153198 1
1 -1 1 379.3 283.0800000000001 -2 619.1600000000001 2 87 299.8 34237.37000000001 1182.4800000000002 16.683207988739014 1
0 -1 2 372.27 262.09999999999997 -4 3342.0 10 88 315.1 39444.06999999999 1207.4 14.565593004226685 1
1 -1 2 376.57 295.9600000000002 -2 620.1199999999999 2 87 302.40999999999997 34001.72999999998 1169.33 20.734907865524292 1
0 -1 3 408.7 174.46 -2 1770.88 10 88 174.46 39507.72999999999 816.67 0.017388105392456055 1
1 -1 3 406.22 184.67 -1 374.08 2 87 184.67 36089.38000000002 719.51 0.016307830810546875 1
0 -1 4 408.35 301.3500000000001 -2 3486.9000000000005 10 88 344.42 42908.19 1334.6100000000001 5.5067620277404785 1
1 -1 4 379.3 283.0800000000001 -2 619.1600000000001 2 87 299.8 34237.37000000001 1182.4800000000002 16.808650016784668 1
0 -1 5 354.81 277.4500000000001 -2 3169.82 10 88 287.68 37563.17000000001 1140.49 15.437093257904053 1
1 -1 5 384.54 311.2 -1 692.26 2 87 320.7 34839.850000000006 1140.49 15.82719898223877 1
0 -1 6 418.71 338.37 -1 3448.539999999999 10 88 344.33 43743.80999999998 1371.3600000000001 14.130407333374023 1
1 -1 6 426.69 338.05 -1 701.1100000000001 2 87 348.94000000000005 38524.14 1371.04 18.73839807510376 1
0 -1 7 432.64 179.54 -2 5142.639999999999 10 88 512.8399999999999 48357.329999999965 1718.0599999999997 3.5905909538269043 1
1 -1 7 399.99 214.07999999999998 -1 1152.2399999999998 2 87 574.8399999999999 37103.50000000001 1718.0599999999997 4.012301921844482 1
0 -1 8 369.59 199.24 -4 4672.7 10 88 465.24 41869.67999999998 1594.96 3.393249034881592 1
1 -1 8 341.1 222.56 -2 1044.5499999999997 2 87 521.2899999999998 31765.190000000002 1594.96 3.4845523834228516 1
random:1T:1200
0 -1 0 680.95 163.41 -1 7598.48 10 88 701.1 75120.59000000005 2266.71 1.1018128395080566 1
1 -1 0 698.08 265.6 -1 1271.88 2 87 582.97 63276.57999999999 1912.3200000000002 1.3727149963378906 1
0 -1 1 525.06 398.03 -1 5047.900000000001 10 88 500.63 56300.669999999984 1899.9199999999998 7.162887096405029 1
1 -1 1 506.61 413.04 -1 899.8399999999999 2 87 441.16999999999996 45874.81000000001 1721.5399999999997 17.39140486717224 1
0 -1 2 507.62 390.29999999999995 -2 4750.12 10 88 416.70000000000005 54170.430000000015 1640.4 14.050915956497192 1
1 -1 2 531.09 449.84 -1 929.3399999999999 2 87 457.0 48063.360000000015 1640.4 22.568635940551758 1
0 -1 3 609.16 306.10999999999996 -2 3143.8600000000006 10 88 306.10999999999996 59893.56000000002 1440.6299999999999 0.01680588722229004 1
1 -1 3 559.73 276.43 -1 590.21 2 87 276.43 49876.9 1233.73 0.018742084503173828 1
0 -1 4 527.61 399.62 -1 5047.88 10 88 500.63 56525.009999999995 1901.5099999999998 7.872447967529297 1
1 -1 4 508.52 421.54 -1 899.8399999999999 2 87 441.16999999999996 46040.50000000001 1723.1299999999997 18.00598978996277 1
0 -1 5 502.48 416.19000000000034 -4 4681.72 10 88 438.75 53581.90000000001 1732.4400000000003 17.9594988822937 1
1 -1 5 508.42 396.21999999999997 -1 916.3800000000001 2 87 447.83000000000004 46065.60999999997 1712.47 18.557105779647827 1
0 -1 6 563.01 411.12 -1 5197.42 10 88 482.18 59939.62 1857.6599999999999 17.075063943862915 1
1 -1 6 546.27 412.42999999999995 -1 958.2 2 87 476.14 49441.78999999999 1839.54 20.96159791946411 1
0 -1 7 559.99 305.53999999999996 -2 7732.819999999998 10 88 771.4599999999999 64744.61999999999 2619.9199999999996 4.392987966537476 1
1 -1 7 502.15 306.76 -2 1665.2300000000002 2 87 830.62 47017.83000000001 2619.9199999999996 4.989153861999512 1
0 -1 8 486.12 244.6 -4 7382.339999999999 10 88 736.1799999999998 57543.23999999999 2453.1399999999994 4.333714962005615 1
1 -1 8 424.08 263.41 -2 1583.94 2 87 790.23 40062.97000000003 2453.1399999999994 4.4950151443481445 1
random:1T:1500
0 -1 0 878.77 315.16 -1 9592.199999999999 10 88 889.33 96515.85000000003 2983.15 1.4327402114868164 1
1 -1 0 900.72 423.37 -1 1727.69 2 87 803.6400000000001 81817.68000000004 2726.08 1.6708500385284424 1
0 -1 1 624.84 456.76 -1 6347.800000000001 10 88 629.48 67681.6 2345.2 11.359227895736694 1
1 -1 1 605.99 452.08000000000004 -1 1206.45 2 87 595.6 55133.90999999998 2238.88 16.93363904953003 1
0 -1 2 629.41 443.31 -1 5455.22 10 88 527.67 66298.20999999999 2026.3199999999997 16.140979051589966 1
1 -1 2 648.83 506.17999999999995 -1 1248.5900000000001 2 87 617.25 58945.330000000016 2026.3199999999997 23.919381380081177 1
0 -1 3 776.1 367.38 -2 3704.5800000000004 10 88 367.38 75706.04 1854.6299999999999 0.02421879768371582 1
1 -1 3 754.1 367.38 -1 743.0699999999999 2 87 367.38 67092.82999999999 1712.2599999999998 0.02246689796447754 1
0 -1 4 624.84 456.76 -1 6347.800000000001 10 88 629.48 67681.6 2345.2 11.494883060455322 1
1 -1 4 608.52 454.82 -2 1207.71 2 87 595.6 55356.549999999996 2241.6200000000003 16.69672989845276 1
0 -1 5 649.92 554.28 -1 6080.86 10 88 595.75 69355.09000000001 2341.5299999999997 17.7364182472229 1
1 -1 5 645.66 495.79999999999995 -1 1203.13 2 87 593.58 58579.069999999985 2276.54 22.556499004364014 1
0 -1 6 723.42 554.48 -1 6574.94 10 88 639.03 76810.49999999993 2471.5699999999997 21.21922492980957 1
1 -1 6 682.59 468.69 -2 1288.37 2 87 641.84 61962.309999999976 2385.7799999999997 23.946496963500977 1
0 -1 7 667.51 433.93 -1 10355.679999999998 10 88 1034.62 79452.43999999999 3537.7899999999995 5.466078042984009 1
1 -1 7 595.33 393.99 -1 2211.2200000000003 2 87 1105.22 56216.24000000003 3497.8499999999995 6.011868000030518 1
0 -1 8 589.83 281.0 -4 8918.820000000002 10 88 842.5200000000001 69742.53 2808.5600000000004 4.885519981384277 1
1 -1 8 538.06 341.12 -2 1892.79 2 87 946.11 50596.94999999998 2808.5600000000004 5.120333909988403 1
random:2T:300
0 -1 0 106.9 0.0 -3 1399.1 8 71 168.94 10388.340000000002 506.82 0.18200397491455078 2
1 -1 0 116.68 0.0 -3 0 0 68 0 7934.420000000003 506.82 0.23113298416137695 2
0 -1 1 110.96 0.0 -3 1072.04 8 71 129.71 10021.96 389.13 0.11341714859008789 2
1 -1 1 110.33 0.0 -2 0 0 68 0 7502.169999999999 389.13 0.13151097297668457 2
0 -1 2 102.91 0.0 -4 820.18 8 71 95.29 8946.74 285.87 1.9029150009155273 2
1 -1 2 100.32 0.0 -10 0 0 68 0 6821.560000000001 285.87 2.082174062728882 2
0 -1 3 108.5 0.0 -5 471.14 8 71 47.35 8645.839999999998 142.05 0.00924992561340332 2
1 -1 3 109.14 0.0 -7 0 0 68 0 7421.690000000002 142.05 0.00952291488647461 2
0 -1 4 110.96 0.0 -3 1072.04 8 71 129.71 10021.96 389.13 0.11055207252502441 2
1 -1 4 110.33 0.0 -2 0 0 68 0 7502.169999999999 389.13 0.144927978515625 2
0 -1 5 70.89 0.0 -12 501.79999999999995 8 71 5.52 6036.820000000003 16.56 1.255831003189087 2
1 -1 5 81.72 0.0 -9 0 0 68 0 5557.279999999999 16.56 2.0667529106140137 2
0 -1 6 106.19 0.0 -1 1100.5600000000002 8 71 133.18 9740.700000000006 399.54 2.128551959991455 2
1 -1 6 119.47 16.94 -1 0 0 68 0 8123.88 399.54 3.0254480838775635 2
0 -1 7 106.19 0.0 -1 1100.5600000000002 8 71 133.18 9740.700000000006 399.54 0.553837776184082 2
1 -1 7 119.47 16.94 -1 0 0 68 0 8123.88 399.54 0.7697677612304688 2
0 -1 8 102.91 0.0 -4 820.18 8 71 95.29 8946.74 285.87 0.499464750289917 2
1 -1 8 100.32 0.0 -10 0 0 68 0 6821.560000000001 285.87 0.5591189861297607 2
random:2T:600
0 -1 0 316.26 76.65 -1 3030.74 8 71 373.49 28515.890000000003 1197.1200000000001 0.3973519802093506 2
1 -1 0 337.17 229.54000000000002 -2 0 0 68 0 22927.620000000003 1197.1200000000001 0.44736504554748535 2
0 -1 1 295.36 223.98999999999998 -4 2252.48 8 71 280.49 25475.77 1065.46 1.253387689590454 2
1 -1 1 294.04 250.66000000000003 -1 0 0 68 0 19994.409999999993 1065.46 1.5708928108215332 2
0 -1 2 285.17 220.0 -4 2109.6400000000003 8 71 261.85 24466.460000000006 1005.5500000000001 3.588329792022705 2
1 -1 2 271.88 210.51 -1 0 0 68 0 18487.730000000014 996.0600000000001 4.5665037631988525 2
0 -1 3 304.58 165.68 -2 1345.94 8 71 165.68 24316.899999999998 670.7 0.009241819381713867 2
1 -1 3 321.11 185.63 -1 0 0 68 0 21835.19 670.7 0.014323949813842773 2
0 -1 4 295.36 223.98999999999998 -4 2252.48 8 71 280.49 25475.77 1065.46 1.27028489112854 2
1 -1 4 294.04 250.66000000000003 -1 0 0 68 0 19994.409999999993 1065.46 1.5003199577331543 2
0 -1 5 235.22 163.67 -1 1457.52 8 71 171.89 19615.70000000001 679.3399999999999 3.5358309745788574 2
1 -1 5 256.76 199.05 -2 0 0 68 0 17459.72000000001 679.3399999999999 3.8757240772247314 2
0 -1 6 293.91 223.11 -2 2146.68 8 71 252.75 25161.229999999996 981.36 3.8668670654296875 2
1 -1 6 322.62 286.45 -1 0 0 68 0 21938.390000000007 981.36 5.628626108169556 2
0 -1 7 292.4 155.49 -2 2873.5999999999995 8 71 358.84000000000003 26507.559999999983 1232.01 1.0324506759643555 2
1 -1 7 322.62 286.45 -1 0 0 68 0 21938.390000000007 1232.01 1.2482538223266602 2
0 -1 8 283.53 161.39 -2 2696.34 8 71 336.07 25523.53000000001 1169.6 1.03377103805542 2
1 -1 8 271.88 210.51 -1 0 0 68 0 18487.730000000014 1169.6 1.0422520637512207 2
random:2T:900
0 -1 0 540.46 315.94 -1 4888.219999999999 8 71 600.66 48149.01000000002 2117.92 0.6452310085296631 2
1 -1 0 552.29 383.81 -2 0 0 68 0 37556.05 2117.92 0.6568279266357422 2
0 -1 1 462.39 371.90999999999997 -2 3560.5999999999995 8 71 439.95 39950.61999999997 1691.7599999999998 2.5866010189056396 2
1 -1 1 445.53 381.82 -2 0 0 68 0 30296.030000000013 1691.7599999999998 2.963442087173462 2
0 -1 2 462.52 375.6900000000001 -2 3385.9799999999996 8 71 417.79999999999995 39610.590000000004 1629.09 6.103374719619751 2
1 -1 2 436.83 368.5 -2 0 0 68 0 29704.55999999999 1621.8999999999999 5.7000651359558105 2
0 -1 3 515.02 307.71000000000004 -2 2503.98 8 71 307.71000000000004 41574.54000000002 1327.13 0.013641119003295898 2
1 -1 3 544.35 429.37 -1 0 0 68 0 37015.91 1327.13 0.016289949417114258 2
0 -1 4 462.39 371.90999999999997 -2 3560.5999999999995 8 71 439.95 39950.61999999997 1691.7599999999998 2.5159571170806885 2
1 -1 4 442.03 381.15000000000003 -1 0 0 68 0 30057.840000000015 1691.7599999999998 2.610956907272339 2
0 -1 5 417.9 328.55 -4 2800.2 8 71 328.62 35271.320000000014 1314.41 4.361923933029175 2
1 -1 5 424.16 357.2700000000001 -4 0 0 68 0 28842.840000000015 1314.41 5.839122295379639 2
0 -1 6 497.81 412.87 -1 3572.7000000000003 8 71 443.21000000000004 42490.080000000016 1742.5 5.853498935699463 2
1 -1 6 508.06 447.91999999999996 -1 0 0 68 0 34547.87 1742.5 6.762469053268433 2
0 -1 7 444.41 220.6 -2 5026.160000000001 8 71 627.9300000000001 41605.43000000001 2104.3900000000003 1.5072667598724365 2
1 -1 7 508.06 447.91999999999996 -1 0 0 68 0 34547.87 2104.3900000000003 1.5156002044677734 2
0 -1 8 429.0 223.84 -2 4859.860000000001 8 71 605.4100000000001 40178.670000000006 2040.0700000000002 1.614112138748169 2
1 -1 8 436.83 368.5 -2 0 0 68 0 29704.55999999999 2040.0700000000002 1.3480751514434814 2
random:2T:1200
0 -1 0 754.94 532.9 -1 6824.06 8 71 841.6600000000001 67248.94000000003 3057.8800000000006 0.8431661128997803 2
1 -1 0 779.84 603.36 -2 0 0 68 0 53029.03999999999 3057.8800000000006 0.9069280624389648 2
0 -1 1 623.29 513.11 -1 4722.920000000001 8 71 585.78 53699.13000000004 2270.45 3.5803470611572266 2
1 -1 1 580.76 460.78000000000003 -1 0 0 68 0 39491.72000000001 2218.12 3.4752697944641113 2
0 -1 2 625.44 528.3000000000001 -1 4604.68 8 71 567.99 53615.919999999984 2232.27 6.4438087940216064 2
1 -1 2 580.12 495.5 -1 0 0 68 0 39447.959999999985 2199.4700000000003 6.975942850112915 2
0 -1 3 704.05 411.46000000000004 -2 3378.9400000000005 8 71 411.46000000000004 56745.32999999997 1885.8400000000001 0.016082763671875 2
1 -1 3 758.83 663.87 -1 0 0 68 0 51600.61999999999 1885.8400000000001 0.02044987678527832 2
0 -1 4 623.38 513.11 -1 4722.920000000001 8 71 585.78 53705.920000000035 2270.45 3.6418890953063965 2
1 -1 4 571.18 457.21000000000004 -1 0 0 68 0 38840.56000000002 2214.55 3.620839834213257 2
0 -1 5 586.41 484.81 -1 4332.66 8 71 516.71 50300.23 2034.94 6.488850116729736 2
1 -1 5 568.12 493.92 -2 0 0 68 0 38632.140000000014 2034.94 7.124856233596802 2
0 -1 6 662.82 538.35 -1 4770.579999999999 8 71 592.65 56601.049999999974 2316.2999999999997 7.184916973114014 2
1 -1 6 697.62 624.55 -1 0 0 68 0 47438.39 2316.2999999999997 9.04091501235962 2
0 -1 7 589.71 323.98999999999995 -4 6989.300000000001 8 71 871.7500000000001 55847.75999999999 2939.2400000000002 1.9561171531677246 2
1 -1 7 697.62 624.55 -1 0 0 68 0 47438.39 2939.2400000000002 1.8856329917907715 2
0 -1 8 562.59 275.67 -2 6630.76 8 71 823.14 53205.52999999996 2745.09 1.8793818950653076 2
1 -1 8 580.12 495.5 -1 0 0 68 0 39447.959999999985 2745.09 1.6081762313842773 2
random:2T:1500
0 -1 0 964.62 699.23 -2 8846.74 8 71 1088.1200000000001 86181.38999999996 3963.5900000000006 1.0135910511016846 2
1 -1 0 1008.57 824.86 -2 0 0 68 0 68582.46 3963.5900000000006 1.1572260856628418 2
0 -1 1 775.67 663.12 -4 5830.219999999999 8 71 723.62 66732.78 2833.98 4.602373123168945 2
1 -1 1 720.85 602.2900000000001 -1 0 0 68 0 49017.63999999998 2773.15 5.06620192527771 2
0 -1 2 775.19 591.6700000000001 -1 5711.660000000001 8 71 705.58 66462.10999999997 2708.4100000000003 7.304564952850342 2
1 -1 2 725.21 596.1899999999999 -2 0 0 68 0 49314.07000000002 2708.4100000000003 8.618652820587158 2
0 -1 3 900.4 523.5100000000001 -2 4207.400000000001 8 71 523.5100000000001 72343.53999999996 2454.7700000000004 0.020982980728149414 2
1 -1 3 969.74 922.26 -1 0 0 68 0 65942.37 2454.7700000000004 0.015844106674194336 2
0 -1 4 770.51 560.21 -1 5847.08 8 71 723.6299999999999 66400.24000000002 2731.0999999999995 4.775673151016235 2
1 -1 4 715.73 598.47 -1 0 0 68 0 48669.66000000001 2731.0999999999995 5.356527805328369 2
0 -1 5 750.39 600.5999999999999 -1 5499.82 8 71 662.65 64277.46000000002 2588.5499999999997 7.466827154159546 2
1 -1 5 696.35 549.12 -1 0 0 68 0 47351.699999999975 2537.0699999999997 7.401810884475708 2
0 -1 6 814.78 647.7800000000001 -2 6023.799999999999 8 71 749.1099999999999 69896.78000000001 2895.11 7.43376612663269 2
1 -1 6 863.37 779.21 -1 0 0 68 0 58709.19000000001 2895.11 9.923877239227295 2
0 -1 7 723.61 424.53 -4 9032.220000000003 8 71 1127.3700000000001 69440.94000000002 3806.6400000000003 2.441426992416382 2
1 -1 7 863.37 779.21 -1 0 0 68 0 58709.19000000001 3806.6400000000003 2.1665570735931396 2
0 -1 8 697.82 417.68999999999994 -2 8187.8200000000015 8 71 1019.93 65920.75999999998 3477.48 2.2592430114746094 2
1 -1 8 725.21 596.1899999999999 -2 0 0 68 0 49314.07000000002 3477.48 1.9097719192504883 2
random:3T:300
0 -1 0 93.0 0 -20 213.18 2 82 82.85 8052.580000000003 248.54999999999998 0.30582404136657715 3
1 -1 0 99.91 0 -21 1593.1999999999998 11 94 0 12578.369999999999 0 0.2998991012573242 3
0 -1 1 82.63 0 -15 227.37 2 82 89.1 7230.070000000006 267.29999999999995 0.25882911682128906 3
1 -1 1 99.29 0 -12 1333.6299999999999 11 94 8.49 12000.560000000003 25.47 0.29054713249206543 3
0 -1 2 77.62 0 -14 152.10999999999999 2 82 59.26 6668.730000000003 177.78 5.176025629043579 3
1 -1 2 87.57 0.0 -14 900.38 11 94 0.0 10032.339999999997 0.0 5.517247200012207 3
0 -1 3 76.74 0.0 -14 50.15 2 82 0.0 6392.62 0.0 0.006304025650024414 3
1 -1 3 72.8 0.0 -23 0.0 11 94 0.0 6843.280000000002 0.0 0.011770009994506836 3
0 -1 4 82.63 0 -15 227.37 2 82 89.1 7230.070000000006 267.29999999999995 0.2756311893463135 3
1 -1 4 99.29 0 -12 1333.6299999999999 11 94 8.49 12000.560000000003 25.47 0.25128602981567383 3
0 -1 5 69.83 0 -20 67.72999999999999 2 82 5.93 5861.339999999999 17.79 3.606306791305542 3
1 -1 5 59.81 0 -27 565.02 11 94 0.0 6751.749999999999 0.0 3.48268985748291 3
0 -1 6 92.16 0 -20 211.03000000000003 2 82 80.7 7979.4200000000055 242.10000000000002 5.630516290664673 3
1 -1 6 98.18 0 -17 1355.6899999999996 11 94 10.89 11940.399999999994 32.67 6.473560094833374 3
0 -1 7 92.16 0 -20 211.03000000000003 2 82 80.7 7979.4200000000055 242.10000000000002 1.3824281692504883 3
1 -1 7 98.18 0 -17 1355.6899999999996 11 94 10.89 11940.399999999994 32.67 1.523738145828247 3
0 -1 8 77.62 0 -14 152.10999999999999 2 82 59.26 6668.730000000003 177.78 1.203003168106079 3
1 -1 8 87.57 0.0 -14 900.38 11 94 0.0 10032.339999999997 0.0 1.3448021411895752 3
random:3T:600
0 -1 0 264.89 0 -3 476.12 2 82 233.67 22673.149999999994 701.01 0.569645881652832 3
1 -1 0 285.6 0 -7 3812.760000000001 11 94 153.29999999999998 34472.08 459.9 0.6194798946380615 3
0 -1 1 238.81 160.09999999999997 -2 360.85 2 82 174.96 20303.94999999999 684.98 8.407325983047485 3
1 -1 1 242.29 142.52000000000012 -2 2003.12 11 94 157.04 26781.229999999992 613.6400000000001 9.522552728652954 3
0 -1 2 228.71 140.90999999999997 -1 344.11 2 82 168.32 19442.519999999997 645.8699999999999 17.374268054962158 3
1 -1 2 230.09 135.78000000000017 -2 1877.9799999999998 11 94 141.25 25384.21999999999 559.5300000000002 19.989256381988525 3
0 -1 3 255.11 34.34 -1 291.49 2 82 125.19 21501.740000000013 409.90999999999997 0.01067805290222168 3
1 -1 3 251.44 0.0 -1 1566.73 11 94 103.63 26769.050000000007 310.89 0.014036178588867188 3
0 -1 4 238.81 160.09999999999997 -2 360.85 2 82 174.96 20303.94999999999 684.98 8.208083868026733 3
1 -1 4 242.29 142.52000000000012 -2 2003.12 11 94 157.04 26781.229999999992 613.6400000000001 9.330700159072876 3
0 -1 5 217.91 106.76999999999997 -1 325.36 2 82 156.47 18519.22000000001 576.18 15.730600118637085 3
1 -1 5 183.74 0.73 -1 1824.4100000000003 11 94 147.31 20920.700000000004 442.66 8.135807991027832 3
0 -1 6 252.41 129.8 -1 357.21000000000004 2 82 173.09 21412.309999999994 649.0699999999999 10.212304830551147 3
1 -1 6 251.04 129.86 -1 2008.05 11 94 157.57 27613.83999999999 602.51 11.608016967773438 3
0 -1 7 253.98 105.52 -3 488.5 2 82 240.02 21803.39 825.58 2.224271059036255 3
1 -1 7 258.3 78.75 -2 2468.7900000000004 11 94 211.98999999999998 29218.249999999985 714.7199999999999 2.6460459232330322 3
0 -1 8 231.28 123.23 -1 469.09 2 82 231.15999999999994 19903.390000000003 816.7099999999998 2.1906607151031494 3
1 -1 8 241.96 111.54 -2 2560.3 11 94 210.76 27865.129999999994 743.8199999999999 2.4353740215301514 3
random:3T:900
0 -1 0 464.83 180.2 -1 790.3900000000001 2 82 385.58 39696.78999999998 1336.94 0.8555200099945068 3
1 -1 0 477.98 0 -4 6125.17 11 94 319.25 57180.829999999994 957.75 0.9304928779602051 3
0 -1 1 386.4 306.4900000000003 -2 676.51 2 82 326.71000000000004 33037.810000000005 1286.6200000000003 9.96489691734314 3
1 -1 1 396.85 291.81 -2 3817.52 11 94 342.35 44939.299999999996 1271.94 7.440953254699707 3
0 -1 2 376.62 279.46000000000015 -2 653.03 2 82 318.99 32188.709999999977 1236.4300000000003 16.505735874176025 3
1 -1 2 383.53 278.36000000000024 -2 3613.9400000000005 11 94 289.18 43280.13 1145.9 17.98487615585327 3
0 -1 3 431.38 182.98000000000002 -1 447.65000000000003 2 82 182.98000000000002 36268.259999999995 833.5300000000001 0.016978979110717773 3
1 -1 3 402.86 178.19 -1 2054.9500000000003 11 94 178.19 41978.59999999999 787.8599999999999 0.01277017593383789 3
0 -1 4 386.94 301.6700000000003 -2 676.5 2 82 326.7 33082.22 1281.7700000000002 9.877331972122192 3
1 -1 4 396.85 291.81 -2 3817.52 11 94 342.35 44939.299999999996 1271.9099999999999 7.561675071716309 3
0 -1 5 365.51 276.48 -2 630.14 2 82 304.86 31232.049999999992 1191.06 11.839712858200073 3
1 -1 5 323.95 220.02 -2 3221.9799999999996 11 94 287.68 36895.230000000025 1083.06 11.188363075256348 3
0 -1 6 397.73 299.32 -1 667.63 2 82 330.04 33949.409999999996 1289.44 12.412109136581421 3
1 -1 6 416.3 327.54999999999995 -2 3819.11 11 94 344.54 46770.02000000003 1289.44 15.641133785247803 3
0 -1 7 376.88 193.2 -3 982.8399999999999 2 82 491.36999999999995 32869.79 1667.31 2.7018749713897705 3
1 -1 7 405.05 178.51 -2 5045.6 11 94 456.76 48165.81000000001 1548.79 3.302412986755371 3
0 -1 8 345.68 213.24 -2 966.5699999999999 2 82 482.0400000000001 30279.129999999997 1659.3600000000004 2.6444621086120605 3
1 -1 8 379.41 196.5 -2 5169.37 11 94 461.93 46003.090000000004 1582.29 3.2642858028411865 3
random:3T:1200
0 -1 0 669.37 314.4 -3 1132.2 2 82 560.07 57153.099999999984 1994.6100000000001 1.1430699825286865 3
1 -1 0 677.42 177.17 -1 8374.660000000002 11 94 458.76 80426.47 1553.45 1.2489559650421143 3
0 -1 1 503.94 404.58 -1 990.77 2 82 484.12 43304.97 1856.94 6.751861095428467 3
1 -1 1 534.14 414.96 -1 5465.799999999999 11 94 423.64 61140.62999999999 1675.5 8.64894700050354 3
0 -1 2 503.42 386.31 -1 964.4 2 82 476.78999999999996 43209.41 1816.6799999999998 14.315024137496948 3
1 -1 2 519.3 397.3800000000001 -2 5048.63 11 94 400.74 58911.079999999994 1588.53 18.17852282524109 3
0 -1 3 634.21 326.11 -1 685.89 2 82 326.11 53376.77000000004 1479.21 0.017813920974731445 3
1 -1 3 578.77 259.13 -1 3441.45 11 94 259.13 61287.32999999997 1224.1599999999999 0.022082805633544922 3
0 -1 4 499.51 404.59 -1 993.27 2 82 485.94 42946.53999999998 1862.4099999999999 7.172943830490112 3
1 -1 4 534.14 414.96 -1 5465.799999999999 11 94 423.64 61140.62999999999 1675.51 9.39015007019043 3
0 -1 5 493.42 390.14 -1 935.5799999999999 2 82 459.9699999999999 42331.329999999965 1770.0499999999997 14.459447145462036 3
1 -1 5 453.67 344.4 -2 4015.6099999999997 11 94 353.89 50676.34999999997 1406.0700000000002 14.414129972457886 3
0 -1 6 539.14 438.86999999999995 -2 983.19 2 82 482.06 46175.810000000005 1885.05 19.50217866897583 3
1 -1 6 558.89 430.69 -1 5365.26 11 94 447.5799999999999 63266.23999999997 1773.4299999999998 21.80344295501709 3
0 -1 7 461.6 246.04999999999998 -3 1467.9699999999998 2 82 726.62 40786.81 2425.9100000000003 3.02305006980896 3
1 -1 7 528.17 233.23 -2 7701.68 11 94 695.2 65051.24999999995 2318.8300000000004 4.296969890594482 3
0 -1 8 423.14 252.28 -2 1464.3600000000001 2 82 732.0699999999999 37626.06999999999 2448.4900000000002 3.043187141418457 3
1 -1 8 489.89 243.1 -2 7783.68 11 94 701.3699999999999 61617.25999999998 2347.2099999999996 3.911137104034424 3
random:3T:1500
0 -1 0 872.01 403.45 -1 1479.65 2 82 703.3 74463.77000000002 2513.3499999999995 1.4059460163116455 3
1 -1 0 860.61 344.99 -1 10647.349999999999 11 94 678.25 102192.18000000005 2379.74 1.580942153930664 3
0 -1 1 616.57 452.78000000000003 -1 1243.49 2 82 611.76 53045.460000000014 2288.06 9.325328350067139 3
1 -1 1 640.19 452.34000000000003 -1 6047.7699999999995 11 94 522.8000000000001 72273.79 2020.7400000000002 11.036838293075562 3
0 -1 2 635.59 453.28000000000003 -1 1260.6399999999999 2 82 629.92 54639.3 2343.04 19.043900966644287 3
1 -1 2 659.67 542.9300000000001 -4 6547.490000000001 11 94 565.92 75104.32000000004 2151.04 21.255956172943115 3
0 -1 3 807.59 373.45 -1 847.74 2 82 373.45 67918.12999999998 1861.6999999999998 0.020190000534057617 3
1 -1 3 745.67 362.37 -1 4117.45 11 94 362.37 78328.27999999998 1775.93 0.021298885345458984 3
0 -1 4 620.06 454.72 -1 1247.4700000000003 2 82 609.8100000000001 53339.46999999996 2284.1500000000005 10.05667781829834 3
1 -1 4 635.21 457.76 -1 5948.530000000001 11 94 519.8499999999999 71607.09000000003 2014.2699999999998 11.234551906585693 3
0 -1 5 617.76 521.15 -2 1098.75 2 82 522.74 52854.01 2089.37 16.206640005111694 3
1 -1 5 582.51 439.49 -4 5715.56 11 94 507.06 66187.16000000002 1960.67 16.232488870620728 3
0 -1 6 638.45 466.24 -2 1253.4099999999999 2 82 626.3399999999999 54859.35999999998 2345.2599999999998 18.794581651687622 3
1 -1 6 651.72 461.76 -1 6574.469999999999 11 94 589.43 74410.37 2230.05 19.92988395690918 3
0 -1 7 546.77 330.26 -2 1858.67 2 82 924.75 48552.42000000001 3104.51 3.2331340312957764 3
1 -1 7 627.21 318.5 -4 9930.14 11 94 897.7800000000002 78817.72000000002 3011.8400000000006 4.63793683052063 3
0 -1 8 520.95 318.79 -2 1824.33 2 82 911.3499999999999 46366.28 3052.8399999999997 3.2729458808898926 3
1 -1 8 588.05 284.05 -4 9631.25 11 94 854.79 74539.39000000003 2848.42 4.654474973678589 3
random:4T:300
0 -1 0 91.21 0 -21 131.8 1 81 131.8 7651.7699999999995 395.40000000000003 0.28505682945251465 4
1 -1 0 95.72 0 -22 1420.8600000000001 10 93 53.53 11743.779999999992 160.59 0.3245351314544678 4
0 -1 1 85.15 0 -14 81.56 1 81 81.56 7060.319999999998 244.68 0.2825357913970947 4
1 -1 1 91.99 0 -17 1423.2799999999997 10 93 136.44 11401.789999999997 244.68 0.29663896560668945 4
0 -1 2 75.63 0 -18 0.0 1 81 0.0 6126.299999999998 0.0 5.443572998046875 4
1 -1 2 80.51 0 -14 766.4199999999998 10 93 64.9 9019.959999999997 0.0 5.890664100646973 4
0 -1 3 73.35 0.0 -15 0.0 1 81 0.0 5941.330000000004 0.0 0.011310100555419922 4
1 -1 3 66.26 0.0 -23 0.0 10 93 0.0 6161.760000000001 0.0 0.007902860641479492 4
0 -1 4 85.15 0 -14 81.56 1 81 81.56 7060.319999999998 244.68 0.27774691581726074 4
1 -1 4 91.99 0 -17 1423.2799999999997 10 93 136.44 11401.789999999997 244.68 0.2786691188812256 4
0 -1 5 62.29 0 -26 15.26 1 81 15.26 5076.150000000002 45.78 3.2290689945220947 4
1 -1 5 65.29 0 -33 732.6199999999999 10 93 0.0 7537.100000000001 0.0 3.1969151496887207 4
0 -1 6 91.16 0 -20 131.8 1 81 131.8 7647.679999999999 395.40000000000003 5.785619020462036 4
1 -1 6 94.88 0 -17 1254.2599999999998 10 93 53.53 11332.10999999999 160.59 6.601387977600098 4
0 -1 7 91.16 0 -20 131.8 1 81 131.8 7647.679999999999 395.40000000000003 1.3386988639831543 4
1 -1 7 94.88 0 -17 1254.2599999999998 10 93 53.53 11332.10999999999 160.59 1.4828331470489502 4
0 -1 8 75.63 0 -18 0.0 1 81 0.0 6126.299999999998 0.0 1.1799800395965576 4
1 -1 8 80.51 0 -14 766.4199999999998 10 93 64.9 9019.959999999997 0.0 1.3194408416748047 4
random:4T:600
0 -1 0 276.53 0 -1 270.52 1 81 270.52 22939.819999999992 811.56 0.550358772277832 4
1 -1 0 277.25 0 -6 3554.0600000000004 10 93 269.03 32892.23999999999 807.0899999999999 0.5957000255584717 4
0 -1 1 242.58 117.40000000000016 -2 173.28 1 81 173.28 19995.76 637.2400000000002 12.270714044570923 4
1 -1 1 244.48 159.91 -2 1867.8999999999999 10 93 185.48 26471.979999999992 637.2400000000002 2.1612536907196045 4
0 -1 2 222.77 113.67 -1 113.67 1 81 113.67 18271.900000000005 456.96 9.871649742126465 4
1 -1 2 224.12 144.94 -1 1721.8999999999999 10 93 169.58 24287.14000000002 456.96 12.053631067276001 4
0 -1 3 243.84 7.73 -1 124.5 1 81 124.5 19999.739999999998 381.23 0.008435964584350586 4
1 -1 3 236.27 26.01 -1 977.7600000000001 10 93 85.65 23929.02000000001 264.68000000000006 0.01178288459777832 4
0 -1 4 242.58 117.40000000000016 -2 173.28 1 81 173.28 19995.76 637.2400000000002 12.629435777664185 4
1 -1 4 244.48 159.91 -2 1867.8999999999999 10 93 185.48 26471.979999999992 637.2400000000002 2.181720018386841 4
0 -1 5 180.23 0.0 -1 158.55 1 81 158.55 14915.75 475.65000000000003 8.026843786239624 4
1 -1 5 175.96 0 -5 1688.7800000000002 10 93 142.36 19741.64 427.08000000000004 7.871887922286987 4
0 -1 6 257.09 136.30999999999997 -1 184.45 1 81 184.45 21193.16999999999 689.6599999999999 11.658094882965088 4
1 -1 6 250.06 102.15 -1 1830.3400000000001 10 93 167.05 26916.01 603.3000000000001 11.146320104598999 4
0 -1 7 257.38 103.66 -3 292.7599999999999 1 81 292.7599999999999 21433.16999999999 981.9399999999996 3.9040191173553467 4
1 -1 7 258.41 77.27 -1 2308.22 10 93 221.65999999999997 28649.010000000002 742.2499999999999 2.619745969772339 4
0 -1 8 222.2 98.5 -1 130.78000000000003 1 81 130.78000000000003 18259.85000000001 490.8400000000001 3.6561782360076904 4
1 -1 8 236.1 121.78 -1 2459.06 10 93 243.14999999999998 26875.74000000002 490.8400000000001 2.590721845626831 4
random:4T:900
0 -1 0 481.58 174.12 -1 480.17 1 81 480.17 39968.539999999986 1614.63 0.8763251304626465 4
1 -1 0 460.34 0 -1 5647.9800000000005 10 93 479.96 54107.97999999999 1439.8799999999999 0.9204790592193604 4
0 -1 1 381.12 282.1299999999999 -2 321.5 1 81 321.5 31513.39 1246.6299999999999 15.049352884292603 4
1 -1 1 402.83 320.42 -2 3511.2400000000002 10 93 347.70000000000005 44485.92000000002 1246.6299999999999 7.273422002792358 4
0 -1 2 359.93 248.86 -4 304.18 1 81 304.18 29762.929999999993 1161.4 14.188488006591797 4
1 -1 2 383.53 272.13000000000005 -1 3257.16 10 93 318.78 42182.57 1161.4 18.560564041137695 4
0 -1 3 420.48 182.82999999999998 -1 182.82999999999998 1 81 182.82999999999998 34424.299999999996 813.37 0.009790420532226562 4
1 -1 3 401.93 174.19 -2 1768.8599999999997 10 93 174.19 40916.79000000001 787.4499999999999 0.017739057540893555 4
0 -1 4 383.21 277.5900000000001 -2 321.5 1 81 321.5 31682.699999999997 1242.0900000000001 15.0937819480896 4
1 -1 4 402.83 320.42 -2 3511.2400000000002 10 93 347.70000000000005 44485.92000000002 1242.0900000000001 7.38312292098999 4
0 -1 5 314.43 227.06 -2 309.99 1 81 309.99 26088.540000000008 1157.03 10.453778982162476 4
1 -1 5 312.76 207.59 -2 2740.04 10 93 265.97 34567.01999999998 1005.5000000000001 11.894247055053711 4
0 -1 6 416.68 337.53999999999996 -2 346.46 1 81 346.46 34443.67 1376.9199999999998 15.29618215560913 4
1 -1 6 403.38 302.71 -2 3328.2199999999993 10 93 321.81 44170.43000000001 1268.14 15.176645040512085 4
0 -1 7 373.44 211.29999999999998 -3 585.2700000000012 1 81 585.2700000000012 31419.249999999985 1967.1100000000035 7.10582709312439 4
1 -1 7 411.17 171.07 -2 4919.94 10 93 490.59000000000003 48078.82 1642.84 3.858412981033325 4
0 -1 8 330.16 189.34 -1 428.78000000000065 1 81 428.78000000000065 27600.910000000014 1475.6800000000019 7.847485065460205 4
1 -1 8 376.81 202.11 -1 5096.22 10 93 506.29999999999995 45235.610000000015 1475.6800000000019 3.6492388248443604 4
random:4T:1200
0 -1 0 691.91 236.35 -2 664.97 1 81 664.97 57374.54 2231.26 1.1739578247070312 4
1 -1 0 657.37 0 -1 7753.44 10 93 678.0000000000001 76642.17000000001 1994.91 1.2572331428527832 4
0 -1 1 502.3 412.06 -2 467.98999999999995 1 81 467.98999999999995 41622.659999999996 1816.0299999999997 14.030422925949097 4
1 -1 1 536.31 399.47999999999996 -1 4969.4 10 93 491.22999999999996 59815.33000000003 1803.4499999999998 10.08078384399414 4
0 -1 2 494.99 399.05 -2 416.13 1 81 416.13 40926.369999999995 1647.4399999999998 19.151158094406128 4
1 -1 2 530.38 392.72999999999996 -1 4827.079999999999 10 93 476.99 58979.64000000005 1641.12 19.36714816093445 4
0 -1 3 612.55 313.83 -1 313.83 1 81 313.83 50243.98000000002 1399.92 0.021392107009887695 4
1 -1 3 595.09 287.27 -2 2979.8600000000006 10 93 287.27 61303.40999999999 1320.2399999999998 0.023286104202270508 4
0 -1 4 502.11 416.25 -1 468.11 1 81 468.11 41607.48999999998 1820.58 14.531272172927856 4
1 -1 4 538.05 399.47999999999996 -1 4969.419999999999 10 93 491.22999999999996 59977.19000000002 1803.81 10.360872030258179 4
0 -1 5 455.14 354.69 -1 395.54999999999995 1 81 395.54999999999995 37657.11999999998 1541.34 13.922749280929565 4
1 -1 5 443.83 322.7400000000002 -4 3634.18 10 93 344.58000000000004 48544.649999999965 1356.4800000000005 15.785556077957153 4
0 -1 6 549.51 437.1 -1 471.53 1 81 471.53 45453.41999999999 1851.69 17.69036889076233 4
1 -1 6 536.85 397.42999999999995 -1 4986.02 10 93 472.89000000000004 59899.06999999998 1812.02 19.45023274421692 4
0 -1 7 470.79 328.0 -4 859.7100000000017 1 81 859.7100000000017 39853.81000000001 2907.130000000005 9.347678899765015 4
1 -1 7 531.3 253.79 -4 7373.42 10 93 733.64 64157.78 2454.71 5.151180982589722 4
0 -1 8 400.45 240.31 -2 718.3100000000021 1 81 718.3100000000021 33872.67000000002 2395.240000000006 11.926009178161621 4
1 -1 8 490.09 253.14 -1 7682.100000000002 10 93 765.6600000000002 60942.94999999999 2395.240000000006 5.1907799243927 4
random:4T:1500
0 -1 0 897.03 425.6 -1 862.1300000000001 1 81 862.1300000000001 74383.31999999999 3011.9900000000002 1.5664770603179932 4
1 -1 0 830.51 110.91 -1 9949.56 10 93 888.6800000000001 97136.08999999997 2697.3 1.6595582962036133 4
0 -1 1 617.4 451.54 -2 616.86 1 81 616.86 51243.500000000015 2302.12 14.729254722595215 4
1 -1 1 645.36 447.78000000000003 -1 6307.799999999999 10 93 600.62 72634.16999999995 2249.6400000000003 13.068051099777222 4
0 -1 2 612.82 456.85 -1 588.39 1 81 588.39 50814.91999999997 2222.02 22.56172490119934 4
1 -1 2 670.95 468.07 -1 6368.54 10 93 631.1800000000001 75135.67000000001 2222.02 23.97773790359497 4
0 -1 3 789.4 372.44 -1 372.44 1 81 372.44 64686.19000000001 1833.1499999999999 0.026686906814575195 4
1 -1 3 757.13 365.47999999999996 -2 3678.6399999999994 10 93 365.47999999999996 77770.53 1812.2699999999998 0.028522014617919922 4
0 -1 4 615.47 451.54 -2 617.19 1 81 617.19 51087.54 2303.11 15.820972919464111 4
1 -1 4 644.5 447.78000000000003 -1 6338.640000000001 10 93 606.01 72615.83 2265.81 12.810268878936768 4
0 -1 5 575.83 431.31 -1 518.0 1 81 518.0 47678.61000000001 1985.31 16.589929819107056 4
1 -1 5 571.59 429.45000000000005 -4 5056.719999999999 10 93 502.56 63271.47000000002 1937.13 18.47102403640747 4
0 -1 6 700.66 580.0600000000001 -1 705.1200000000001 1 81 705.1200000000001 58163.520000000004 2695.4200000000005 25.60465431213379 4
1 -1 6 664.79 462.40999999999997 -2 6126.8200000000015 10 93 599.97 74078.84000000003 2262.32 24.960729122161865 4
0 -1 7 545.54 402.48 -2 1151.6300000000037 1 81 1151.6300000000037 46492.12999999999 3857.3700000000113 15.125957012176514 4
1 -1 7 642.42 371.65 -4 9682.96 10 93 965.8500000000001 79111.01999999999 3269.2000000000003 6.55922269821167 4
0 -1 8 484.72 286.01 -1 894.3100000000019 1 81 894.3100000000019 41051.01000000001 2968.940000000006 12.776477098464966 4
1 -1 8 601.03 287.13 -2 9202.380000000003 10 93 916.1900000000002 74300.16000000008 2968.940000000006 5.880050897598267 4
random:5T:300
0 -1 0 92.92 0 -20 554.29 4 87 130.11 9192.380000000003 390.33000000000004 0.31208086013793945 5
1 -1 0 87.1 0 -19 1438.0299999999997 12 92 85.67 10889.519999999997 257.01 0.24576711654663086 5
0 -1 1 81.49 0 -15 394.13 4 87 60.51 7877.700000000001 181.53 0.28278207778930664 5
1 -1 1 83.39 0 -21 1363.05 12 92 73.27 10398.180000000002 181.53 0.23749017715454102 5
0 -1 2 72.28 0 -16 276.67999999999995 4 87 17.59 6841.940000000002 52.769999999999996 5.206525087356567 5
1 -1 2 80.41 0 -18 1075.25 12 92 53.82 9548.039999999997 52.769999999999996 4.715909004211426 5
0 -1 3 68.33 0.0 -18 0.0 4 87 0.0 5945.030000000001 0.0 0.011615991592407227 5
1 -1 3 59.24 0.0 -23 57.769999999999996 12 92 0.0 5565.690000000005 0.0 0.012783050537109375 5
0 -1 4 81.49 0 -15 394.13 4 87 60.51 7877.700000000001 181.53 0.28689002990722656 5
1 -1 4 83.39 0 -21 1363.05 12 92 73.27 10398.180000000002 181.53 0.22810578346252441 5
0 -1 5 61.45 0 -28 164.21 4 87 0.0 5674.860000000001 0.0 3.333385944366455 5
1 -1 5 55.56 0 -30 434.22 12 92 0.0 5979.63 0.0 2.8834428787231445 5
0 -1 6 92.92 0 -20 554.29 4 87 130.11 9192.380000000003 390.33000000000004 7.327049970626831 5
1 -1 6 87.0 0 -17 1309.55 12 92 85.67 10622.849999999999 257.01 5.245201826095581 5
0 -1 7 92.92 0 -20 554.29 4 87 130.11 9192.380000000003 390.33000000000004 1.7040760517120361 5
1 -1 7 87.0 0 -17 1309.55 12 92 85.67 10622.849999999999 257.01 1.227402925491333 5
0 -1 8 72.28 0 -16 276.67999999999995 4 87 17.59 6841.940000000002 52.769999999999996 1.2225968837738037 5
1 -1 8 80.41 0 -18 1075.25 12 92 53.82 9548.039999999997 52.769999999999996 1.1170060634613037 5
random:5T:600
0 -1 0 272.5 0 -4 1181.4899999999998 4 87 256.49 26070.79 769.47 0.5951430797576904 5
1 -1 0 259.66 0 -9 3954.9899999999993 12 92 236.97 31798.929999999986 710.91 0.5458014011383057 5
0 -1 1 247.37 173.07 -1 792.8499999999999 4 87 184.32 23106.989999999987 726.03 2.6972012519836426 5
1 -1 1 234.9 131.68999999999994 -1 2164.82 12 92 171.44 25940.499999999996 646.0099999999999 6.962427139282227 5
0 -1 2 219.45 132.80999999999995 -1 682.11 4 87 159.06 20456.750000000015 609.99 14.448360204696655 5
1 -1 2 218.72 113.03999999999999 -1 2100.8600000000006 12 92 167.12 24323.889999999996 590.22 8.360164165496826 5
0 -1 3 235.0 0.0 -1 485.75 4 87 95.87 21416.89 287.61 0.010383844375610352 5
1 -1 3 230.72 15.89 -1 1646.5699999999997 12 92 124.94 24519.839999999982 287.61 0.012833595275878906 5
0 -1 4 247.37 173.07 -1 792.8499999999999 4 87 184.32 23106.989999999987 726.03 2.9427859783172607 5
1 -1 4 234.9 131.68999999999994 -1 2164.82 12 92 171.44 25940.499999999996 646.0099999999999 7.552436113357544 5
0 -1 5 187.92 0.0 -1 607.99 4 87 106.03 17564.769999999986 318.09000000000003 8.773483037948608 5
1 -1 5 182.86 0.0 -1 1840.4199999999998 12 92 41.76 20503.79 125.28 7.43954610824585 5
0 -1 6 254.24 112.08 -1 743.84 4 87 184.08 23606.41 664.32 13.011877298355103 5
1 -1 6 238.2 98.71999999999997 -1 2152.9300000000003 12 92 174.2 26219.829999999976 621.3199999999999 14.839252948760986 5
0 -1 7 259.47 87.18 -1 986.8399999999999 4 87 240.65 24547.309999999994 809.1300000000001 2.8759939670562744 5
1 -1 7 245.16 90.04 -1 2507.22 12 92 194.91000000000003 27569.469999999987 671.9100000000001 2.3444228172302246 5
0 -1 8 223.6 98.39 -1 917.6700000000001 4 87 226.92 21288.230000000014 779.15 2.8832859992980957 5
1 -1 8 227.1 103.98 -1 2565.9899999999993 12 92 205.2299999999999 26025.350000000006 714.0799999999997 2.6236491203308105 5
random:5T:900
0 -1 0 469.11 166.77 -1 1972.49 4 87 454.57 44757.42999999999 1530.48 0.9525430202484131 5
1 -1 0 441.5 0 -4 6557.110000000001 12 92 402.89000000000004 53732.46 1208.67 0.8364269733428955 5
0 -1 1 396.67 320.73 -1 1493.21 4 87 346.41999999999996 37496.370000000024 1359.9899999999998 4.4993720054626465 5
1 -1 1 405.14 308.36 -1 4078.89 12 92 324.68 45430.25 1282.4 4.134520053863525 5
0 -1 2 373.1 303.69 -4 1298.1799999999998 4 87 305.36000000000007 35056.10999999999 1219.7700000000002 14.354322910308838 5
1 -1 2 357.63 237.59 -4 3804.1000000000004 12 92 306.63 40510.50999999998 1153.67 9.750962018966675 5
0 -1 3 407.73 176.46 -1 728.57 4 87 176.46 36929.83000000002 787.8199999999999 0.013844013214111328 5
1 -1 3 391.81 182.93 -2 2321.04 12 92 182.93 40688.93000000001 787.8199999999999 0.015622854232788086 5
0 -1 4 396.67 320.73 -1 1493.21 4 87 346.41999999999996 37496.370000000024 1359.9899999999998 4.128257989883423 5
1 -1 4 403.65 311.89 -1 4078.8799999999997 12 92 324.68 45293.40999999998 1285.9299999999998 3.922750949859619 5
0 -1 5 322.41 224.71 -1 1185.5 4 87 267.96000000000004 30420.809999999976 1028.5900000000001 9.501148223876953 5
1 -1 5 317.62 205.61999999999995 -2 2974.08 12 92 220.59 35169.46000000001 867.3899999999999 9.328970909118652 5
0 -1 6 411.81 342.0 -2 1387.52 4 87 345.74 38602.70999999999 1379.22 14.81200623512268 5
1 -1 6 410.75 310.84000000000003 -2 4050.25 12 92 331.7 45889.61000000001 1305.94 11.862054109573364 5
0 -1 7 405.05 171.33 -1 1979.0900000000001 4 87 488.46000000000004 39197.39999999998 1636.71 3.1096630096435547 5
1 -1 7 407.6 214.12 -2 5382.540000000002 12 92 445.1800000000001 48264.40999999998 1506.8700000000003 2.7348217964172363 5
0 -1 8 347.81 189.29 -1 1960.3100000000004 4 87 488.84000000000003 34180.019999999975 1655.81 2.9116971492767334 5
1 -1 8 381.08 192.35 -1 5510.92 12 92 457.32 46080.98999999997 1561.25 2.7081799507141113 5
random:5T:1200
0 -1 0 657.93 317.0 -1 2740.4 4 87 629.7900000000001 62720.90000000001 2206.3700000000003 1.0447731018066406 5
1 -1 0 615.65 0 -4 9393.42 12 92 584.7300000000001 75426.38999999996 1754.1900000000005 1.0842511653900146 5
0 -1 1 517.58 404.44 -1 1882.21 4 87 442.09000000000003 48793.56999999999 1730.71 7.245345115661621 5
1 -1 1 545.55 396.6 -1 5818.530000000001 12 92 468.05 61827.48 1722.87 7.014273643493652 5
0 -1 2 506.94 411.78999999999996 -1 1918.13 4 87 459.1 47940.46 1789.0900000000001 15.16538119316101 5
1 -1 2 535.85 398.27000000000004 -4 5741.449999999999 12 92 475.0 60781.28999999996 1775.5700000000002 13.590599775314331 5
0 -1 3 594.38 282.0 -1 1234.0700000000002 4 87 282.0 54178.769999999975 1296.5900000000001 0.015161991119384766 5
1 -1 3 585.74 322.19 -2 3995.8300000000004 12 92 322.19 61879.83999999998 1296.5900000000001 0.016802072525024414 5
0 -1 4 514.15 399.81 -1 1882.2099999999998 4 87 442.09000000000003 48495.120000000024 1726.08 7.368719816207886 5
1 -1 4 543.38 394.66 -1 5808.990000000001 12 92 467.17999999999995 61609.099999999984 1720.93 7.27054500579834 5
0 -1 5 454.74 357.01 -4 1493.35 4 87 357.34000000000003 42549.01000000001 1429.03 12.124768018722534 5
1 -1 5 471.42 352.5 -1 4351.47 12 92 354.69 52073.49000000004 1416.57 11.160894870758057 5
0 -1 6 531.53 423.87 -2 1922.55 4 87 477.24 50087.899999999936 1855.5900000000001 17.00849175453186 5
1 -1 6 559.15 407.09 -1 5898.07 12 92 485.0899999999999 63237.81000000001 1838.81 15.245096921920776 5
0 -1 7 519.13 251.01 -4 2963.5600000000004 4 87 736.78 51091.27999999997 2461.3500000000004 3.9218838214874268 5
1 -1 7 540.65 252.76 -2 8381.380000000001 12 92 694.58 66502.48000000001 2334.75 3.565169095993042 5
0 -1 8 437.05 255.24 -2 2976.86 4 87 742.2600000000001 43977.289999999986 2482.0200000000004 3.608441114425659 5
1 -1 8 507.64 240.82 -1 8485.030000000002 12 92 705.3 63673.310000000005 2356.72 3.587536096572876 5
random:5T:1500
0 -1 0 849.81 414.71 -1 3571.9300000000003 4 87 836.6800000000001 81077.23999999998 2924.75 1.3222239017486572 5
1 -1 0 768.83 0 -4 12300.449999999999 12 92 773.71 95332.94 2321.13 1.2627530097961426 5
0 -1 1 656.68 461.65 -2 2466.2699999999995 4 87 589.21 62064.05000000001 2229.28 11.308764934539795 5
1 -1 1 684.14 450.28000000000003 -1 7651.15 12 92 628.29 78242.74999999997 2217.9100000000003 9.75731086730957 5
0 -1 2 638.98 467.46 -2 2401.82 4 87 586.17 60394.619999999995 2225.97 18.342085123062134 5
1 -1 2 653.03 454.39 -1 6629.360000000001 12 92 528.9699999999999 73337.09 2041.2999999999997 15.052889823913574 5
0 -1 3 768.7 365.59000000000003 -1 1485.94 4 87 365.59000000000003 69848.85000000003 1804.9 0.018141984939575195 5
1 -1 3 743.0 373.21999999999997 -2 4634.54 12 92 373.21999999999997 77625.02000000002 1804.9 0.01544332504272461 5
0 -1 4 636.12 456.77000000000004 -2 2474.3300000000004 4 87 589.6600000000001 60290.76999999997 2225.7500000000005 10.11461877822876 5
1 -1 4 672.88 450.28 -1 7533.900000000001 12 92 621.08 76972.81999999999 2219.26 9.683089017868042 5
0 -1 5 569.05 445.75 -4 2048.7 4 87 472.65999999999997 53604.720000000016 1863.73 15.03967571258545 5
1 -1 5 602.49 435.81 -1 6246.4 12 92 513.6800000000001 67922.0 1853.79 13.071320056915283 5
0 -1 6 679.7 540.79 -2 2564.73 4 87 639.3 64263.59000000003 2458.6899999999996 20.82338786125183 5
1 -1 6 696.32 470.15000000000003 -1 7386.7300000000005 12 92 610.24 78834.51999999997 2300.87 17.393638849258423 5
0 -1 7 618.74 382.15999999999997 -1 3956.7300000000005 4 87 986.5300000000003 61743.72999999998 3341.750000000001 4.860732793807983 5
1 -1 7 657.73 347.71999999999997 -2 10718.220000000001 12 92 881.6999999999999 81947.73999999998 2992.8199999999997 4.261780023574829 5
0 -1 8 547.28 332.64 -2 3694.91 4 87 918.5699999999999 55002.950000000004 3088.35 4.506743907928467 5
1 -1 8 610.02 280.19 -2 10475.96 12 92 848.1099999999999 77074.12999999996 2824.52 3.777855157852173 5
random:6T:300
0 -1 0 93.65 0 -23 1874.3900000000003 13 96 117.21 12739.640000000003 351.63 0.24113702774047852 6
1 -1 0 86.54 0 -26 48.77 1 81 48.77 7107.3399999999965 146.31 0.23503804206848145 6
0 -1 1 90.35 0 -18 1490.0 13 96 0.0 11653.630000000005 0.0 0.24486494064331055 6
1 -1 1 87.01 0 -12 56.2 1 81 56.2 7160.469999999995 0.0 0.22225189208984375 6
0 -1 2 82.25 0 -16 1228.7199999999998 13 96 16.24 10353.37 48.72 3.9401893615722656 6
1 -1 2 81.16 0 -12 79.99 1 81 79.99 6733.949999999995 48.72 4.249744176864624 6
0 -1 3 66.36 0.0 -26 0.0 13 96 0.0 6370.939999999999 0.0 0.009152889251708984 6
1 -1 3 78.21 0.0 -13 0.0 1 81 0.0 6334.610000000001 0.0 0.010233879089355469 6
0 -1 4 90.35 0 -18 1490.0 13 96 0.0 11653.630000000005 0.0 0.2189629077911377 6
1 -1 4 87.01 0 -12 56.2 1 81 56.2 7160.469999999995 0.0 0.22030901908874512 6
0 -1 5 65.06 0 -27 833.9700000000001 13 96 0.0 7913.780000000006 0.0 2.944024085998535 6
1 -1 5 70.41 0.0 -19 0.0 1 81 0.0 5703.41 0.0 2.992643117904663 6
0 -1 6 92.55 0 -24 1658.1799999999998 13 96 117.21 12200.830000000004 351.63 5.201651096343994 6
1 -1 6 85.57 0 -18 52.39 1 81 52.39 7035.939999999996 157.17000000000002 5.294214963912964 6
0 -1 7 92.55 0 -24 1658.1799999999998 13 96 117.21 12200.830000000004 351.63 1.149170160293579 6
1 -1 7 85.57 0 -18 52.39 1 81 52.39 7035.939999999996 157.17000000000002 1.2326099872589111 6
0 -1 8 82.25 0 -16 1228.7199999999998 13 96 16.24 10353.37 48.72 0.9509077072143555 6
1 -1 8 81.16 0 -12 79.99 1 81 79.99 6733.949999999995 48.72 0.9268560409545898 6
random:6T:600
0 -1 0 263.09 0 -7 4489.64 13 96 270.33 34235.680000000015 810.99 0.5285918712615967 6
1 -1 0 274.17 0.0 -3 233.04000000000002 1 81 233.04000000000002 22673.46 699.1200000000001 0.5078096389770508 6
0 -1 1 236.43 127.87000000000005 -3 2333.96 13 96 140.92 27365.189999999984 550.63 2.618844985961914 6
1 -1 1 248.92 182.2 -1 239.17000000000002 1 81 239.17000000000002 20640.660000000007 550.63 0.9712371826171875 6
0 -1 2 224.0 96.99000000000001 -1 2290.09 13 96 158.76 26083.850000000002 573.27 11.143566131591797 6
1 -1 2 230.94 173.81 -2 174.6 1 81 174.6 19055.330000000005 573.27 7.918843984603882 6
0 -1 3 239.67 31.13 -1 1675.02 13 96 46.57 26358.119999999988 170.84 0.011241912841796875 6
1 -1 3 258.59 0.0 -1 151.93 1 81 151.93 21249.83 139.71 0.011253118515014648 6
0 -1 4 236.43 127.87000000000005 -3 2333.96 13 96 140.92 27365.189999999984 550.63 2.6476428508758545 6
1 -1 4 248.92 182.2 -1 239.17000000000002 1 81 239.17000000000002 20640.660000000007 550.63 0.9359018802642822 6
0 -1 5 193.83 0.0 -1 2194.79 13 96 151.37 22997.520000000008 454.11 6.780364990234375 6
1 -1 5 212.19 98.11999999999998 -1 141.15 1 81 141.15 17469.370000000003 423.45000000000005 12.187593936920166 6
0 -1 6 244.31 127.67 -1 2385.59 13 96 181.21 28224.769999999986 671.3 9.103875160217285 6
1 -1 6 254.37 166.70000000000007 -1 166.8 1 81 166.8 20937.33 628.07 9.856328964233398 6
0 -1 7 258.94 115.47 -4 3272.0299999999993 13 96 235.23000000000002 31402.729999999996 821.1600000000001 2.1141388416290283 6
1 -1 7 253.71 131.7 -4 276.65 1 81 276.65 21103.690000000006 821.1600000000001 2.3693270683288574 6
0 -1 8 227.86 59.48 -1 2518.8100000000004 13 96 182.13 26912.500000000004 605.87 1.747309923171997 6
1 -1 8 231.75 147.01 -2 303.6899999999999 1 81 303.6899999999999 19379.44000000001 605.87 3.308398962020874 6
random:6T:900
0 -1 0 446.76 0 -3 7100.969999999999 13 96 436.88 57091.34999999998 1310.6399999999999 0.7931499481201172 6
1 -1 0 483.42 192.8 -1 422.62 1 81 422.62 40002.36999999999 1267.8600000000001 0.7205688953399658 6
0 -1 1 390.93 277.2500000000001 -3 4436.889999999999 13 96 329.0 46402.88000000004 1264.25 9.355949878692627 6
1 -1 1 413.92 332.73 -1 398.12 1 81 398.12 34324.109999999986 1264.25 4.405619859695435 6
0 -1 2 383.18 272.64000000000016 -2 4317.36 13 96 308.15 45420.469999999994 1197.0900000000001 13.846149206161499 6
1 -1 2 385.71 311.0900000000001 -2 318.53999999999996 1 81 318.53999999999996 31879.33999999999 1197.0900000000001 11.841599941253662 6
0 -1 3 401.04 165.5 -1 2402.6800000000003 13 96 165.5 43304.77000000001 778.72 0.015861034393310547 6
1 -1 3 424.82 188.92 -1 188.92 1 81 188.92 34788.10999999998 744.76 0.012543916702270508 6
0 -1 4 390.93 277.2500000000001 -3 4436.889999999999 13 96 329.0 46402.88000000004 1264.25 9.344084024429321 6
1 -1 4 410.45 332.74 -1 398.3 1 81 398.3 34042.86999999999 1264.25 4.251000881195068 6
0 -1 5 335.49 219.16 -1 3824.8599999999997 13 96 285.72 39856.729999999996 1076.3200000000002 8.858615159988403 6
1 -1 5 360.26 278.4 -1 279.52 1 81 279.52 29740.5 1057.72 9.673204898834229 6
0 -1 6 412.74 338.37 -1 4486.290000000002 13 96 340.88 48595.44999999998 1361.01 12.240994691848755 6
1 -1 6 420.66 356.02 -1 393.6 1 81 393.6 34861.01000000001 1361.01 12.299176931381226 6
0 -1 7 416.31 198.65 -4 6071.87 13 96 463.66999999999996 52109.32000000002 1589.6599999999999 2.6599907875061035 6
1 -1 7 373.61 207.56 -4 561.7099999999998 1 81 561.7099999999998 31385.720000000005 1589.6599999999999 3.3138210773468018 6
0 -1 8 378.06 167.47 -1 5625.25 13 96 429.03 47543.95000000002 1454.56 2.400847911834717 6
1 -1 8 337.88 215.95 -2 601.6900000000016 1 81 601.6900000000016 28571.750000000015 1454.56 7.090683937072754 6
random:6T:1200
0 -1 0 626.7 0 -2 9918.499999999998 13 96 498.02 79999.92999999996 1494.06 1.2009050846099854 6
1 -1 0 694.96 331.28 -1 599.99 1 81 599.99 57491.87999999999 1494.06 1.05086088180542 6
0 -1 1 533.21 393.43 -1 6391.8099999999995 13 96 424.94 63971.499999999985 1668.25 8.242425918579102 6
1 -1 1 536.0 418.29999999999995 -1 541.56 1 81 541.56 44499.15 1668.25 7.352292060852051 6
0 -1 2 529.75 395.27000000000004 -4 6218.780000000001 13 96 463.49999999999994 63293.61 1785.7699999999998 14.428391933441162 6
1 -1 2 519.11 448.51 -2 478.34 1 81 478.34 43004.53 1785.7699999999998 13.774661779403687 6
0 -1 3 598.07 261.72 -1 4278.33 13 96 261.72 65971.50999999998 1282.95 0.01648998260498047 6
1 -1 3 604.51 326.01 -1 326.01 1 81 326.01 49617.02999999997 1228.21 0.012235879898071289 6
0 -1 4 532.35 397.87 -1 6391.8099999999995 13 96 424.94 63888.78999999998 1672.69 7.199020862579346 6
1 -1 4 534.88 414.74 -1 541.5600000000001 1 81 541.5600000000001 44408.100000000006 1672.69 7.810662269592285 6
0 -1 5 465.37 344.74 -2 4711.48 13 96 344.74 54098.77000000002 1379.96 11.334750890731812 6
1 -1 5 490.69 401.56 -4 436.31000000000006 1 81 436.31000000000006 40618.28 1379.96 11.582396984100342 6
0 -1 6 552.96 411.40000000000003 -1 6499.9800000000005 13 96 494.53 66084.24999999999 1894.99 14.692474126815796 6
1 -1 6 543.61 417.29 -2 533.97 1 81 533.97 45099.970000000016 1894.99 14.304292917251587 6
0 -1 7 550.77 244.28 -4 9127.2 13 96 690.53 71128.11999999992 2315.8700000000003 3.4446041584014893 6
1 -1 7 468.49 272.87 -4 827.7599999999994 1 81 827.7599999999994 39603.38999999996 2315.8700000000003 4.035956859588623 6
0 -1 8 499.04 227.17 -1 8644.610000000002 13 96 661.6400000000001 65196.86999999999 2212.09 2.946841239929199 6
1 -1 8 423.16 269.31 -2 807.2000000000016 1 81 807.2000000000016 35890.360000000015 2212.09 7.059674978256226 6
random:6T:1500
0 -1 0 786.22 0 -1 12848.1 13 96 648.98 101172.85 1946.94 1.3191406726837158 6
1 -1 0 905.47 407.23 -1 802.86 1 81 802.86 74948.92 1946.94 1.1672720909118652 6
0 -1 1 631.95 441.32 -1 6877.15 13 96 520.51 74421.48 2002.85 7.931207895278931 6
1 -1 1 641.4 458.71 -1 655.49 1 81 655.49 53264.130000000005 2002.85 8.547996282577515 6
0 -1 2 649.27 453.64 -1 7005.900000000001 13 96 520.78 76341.70999999998 2015.98 17.03450918197632 6
1 -1 2 653.74 583.1700000000001 -2 634.29 1 81 634.29 54221.76999999999 2015.98 16.842570066452026 6
0 -1 3 757.95 359.12 -1 5109.09 13 96 359.12 82981.06000000006 1816.43 0.022932052612304688 6
1 -1 3 786.42 377.22999999999996 -1 377.22999999999996 1 81 377.22999999999996 64454.39999999999 1760.8200000000002 0.01618790626525879 6
0 -1 4 634.81 451.52 -1 6859.64 13 96 518.33 74661.23 2006.5100000000002 8.7293541431427 6
1 -1 4 645.49 458.71 -1 656.3500000000001 1 81 656.3500000000001 53597.189999999995 2006.5100000000002 9.48344874382019 6
0 -1 5 600.17 440.19 -4 6757.210000000001 13 96 510.68 71130.60000000003 1972.23 14.646306037902832 6
1 -1 5 610.37 533.64 -4 591.6500000000001 1 81 591.6500000000001 50623.34000000003 1972.23 13.926423788070679 6
0 -1 6 679.96 462.86 -2 8155.839999999999 13 96 617.26 81587.64999999997 2314.64 17.835925102233887 6
1 -1 6 657.25 476.90999999999997 -1 612.76 1 81 612.76 54462.68000000001 2301.14 15.398560047149658 6
0 -1 7 662.6 324.40000000000003 -4 11339.81 13 96 858.92 86289.22999999997 2901.16 3.6093051433563232 6
1 -1 7 560.02 413.12 -4 1112.0299999999995 1 81 1112.0299999999995 47585.449999999975 2901.16 5.243026971817017 6
0 -1 8 604.37 278.89 -2 11177.28 13 96 839.2900000000001 80373.74999999991 2796.76 3.538241147994995 6
1 -1 8 534.84 375.51000000000005 -2 1034.300000000003 1 81 1034.300000000003 45390.38000000001 2796.76 9.413713932037354 6
random:7T:300
0 -1 0 96.49 0 -21 1629.3200000000004 11 94 116.16 12328.73 348.48 0.2662479877471924 7
1 -1 0 93.04 0 -26 129.43 1 81 129.43 7795.479999999999 348.48 0.260761022567749 7
0 -1 1 95.58 0 -13 1389.04 11 94 118.31 11762.160000000007 354.93 0.21853280067443848 7
1 -1 1 97.71 0.0 -10 126.24 1 81 126.24 8167.060000000001 354.93 0.20635485649108887 7
0 -1 2 91.32 0 -12 1316.45 11 94 110.99 11217.370000000003 332.96999999999997 5.126090049743652 7
1 -1 2 85.4 0.0 -10 126.24 1 81 126.24 7170.119999999999 332.96999999999997 5.419186115264893 7
0 -1 3 69.11 0.0 -23 0.0 11 94 0.0 6496.220000000003 0.0 0.008024215698242188 7
1 -1 3 73.05 0.0 -16 0.0 1 81 0.0 5916.990000000002 0.0 0.006262063980102539 7
0 -1 4 95.58 0 -13 1389.04 11 94 118.31 11762.160000000007 354.93 0.22229599952697754 7
1 -1 4 97.71 0.0 -10 126.24 1 81 126.24 8167.060000000001 354.93 0.203718900680542 7
0 -1 5 68.44 0 -22 782.8199999999999 11 94 23.85 7999.4500000000035 71.55000000000001 3.441575050354004 7
1 -1 5 75.92 0 -20 86.53 1 81 86.53 6322.870000000002 71.55000000000001 3.2032501697540283 7
0 -1 6 94.2 0 -27 1378.3600000000004 11 94 116.16 11611.8 348.48 4.64404296875 7
1 -1 6 91.96 0 -19 129.43 1 81 129.43 7707.94 348.48 5.079676151275635 7
0 -1 7 94.2 0 -27 1378.3600000000004 11 94 116.16 11611.8 348.48 1.2178938388824463 7
1 -1 7 91.96 0 -19 129.43 1 81 129.43 7707.94 348.48 1.3265678882598877 7
0 -1 8 91.32 0 -12 1316.45 11 94 110.99 11217.370000000003 332.96999999999997 1.1496009826660156 7
1 -1 8 85.4 0.0 -10 126.24 1 81 126.24 7170.119999999999 332.96999999999997 1.2343549728393555 7
random:7T:600
0 -1 0 274.95 0 -1 3932.91 11 94 275.15 33710.77000000002 825.4499999999999 0.5678019523620605 7
1 -1 0 292.43 0 -3 281.18 1 81 281.18 24249.280000000017 825.4499999999999 0.4631001949310303 7
0 -1 1 252.62 150.61000000000007 -2 2015.43 11 94 181.45 27776.999999999985 694.96 5.323822975158691 7
1 -1 1 269.16 201.18 -2 280.75 1 81 280.75 22363.119999999984 694.96 1.6420018672943115 7
0 -1 2 248.7 188.95999999999998 -1 2490.1299999999997 11 94 216.58999999999997 28358.11000000001 838.73 9.148090839385986 7
1 -1 2 248.48 192.42 -2 244.82999999999998 1 81 244.82999999999998 20616.270000000004 838.73 10.169647932052612 7
0 -1 3 245.48 36.33 -1 1508.3799999999999 11 94 129.39 26091.829999999984 424.49999999999994 0.012552261352539062 7
1 -1 3 233.62 0.0 -2 86.72 1 81 86.72 19097.030000000006 260.15999999999997 0.00839376449584961 7
0 -1 4 252.62 150.61000000000007 -2 2015.43 11 94 181.45 27776.999999999985 694.96 5.253029108047485 7
1 -1 4 269.16 201.18 -2 280.75 1 81 280.75 22363.119999999984 694.96 1.6005361080169678 7
0 -1 5 207.1 33.41000000000001 -1 1880.7000000000003 11 94 160.45999999999998 23228.770000000004 514.79 8.447728872299194 7
1 -1 5 222.59 79.83000000000001 -1 174.39 1 81 174.39 18378.470000000012 514.79 11.040457963943481 7
0 -1 6 255.95 148.41000000000003 -1 2013.09 11 94 180.97 28085.400000000012 691.3199999999999 9.888396978378296 7
1 -1 6 266.18 152.21 -1 183.92 1 81 183.92 21928.170000000002 691.3199999999999 10.3996102809906 7
0 -1 7 272.62 97.0 -2 3043.88 11 94 273.1700000000001 31714.32000000002 916.5100000000002 2.329026937484741 7
1 -1 7 268.17 135.87 -1 306.8400000000002 1 81 306.8400000000002 22335.290000000005 916.5100000000002 2.386247396469116 7
0 -1 8 258.5 159.04 -1 3246.6399999999994 11 94 293.56 30791.829999999994 1039.72 2.1763360500335693 7
1 -1 8 239.7 164.09 -1 348.38000000000017 1 81 348.38000000000017 20112.3 1039.72 3.5383150577545166 7
random:7T:900
0 -1 0 468.29 0 -1 6396.3 11 94 479.2 56811.46000000002 1437.6 0.7566521167755127 7
1 -1 0 499.63 124.45 -2 489.39 1 81 489.39 41448.950000000004 1437.6 0.7673320770263672 7
0 -1 1 408.76 309.7600000000003 -2 3786.25 11 94 339.34000000000003 45995.51999999999 1327.7800000000004 10.472047090530396 7
1 -1 1 417.83 360.06 -1 437.75 1 81 437.75 34720.02000000001 1327.7800000000004 5.024924039840698 7
0 -1 2 402.1 333.13 -2 3737.58 11 94 333.21000000000004 45272.80999999998 1332.7600000000002 13.430841207504272 7
1 -1 2 400.89 334.19 -2 339.28999999999996 1 81 339.28999999999996 33150.28 1332.7600000000002 12.111501932144165 7
0 -1 3 408.63 183.91 -2 2045.63 11 94 183.91 42502.459999999985 837.8 0.013269901275634766 7
1 -1 3 416.21 174.42999999999998 -1 174.42999999999998 1 81 174.42999999999998 34062.2 760.46 0.014559030532836914 7
0 -1 4 408.76 309.7600000000003 -2 3786.25 11 94 339.34000000000003 45995.51999999999 1327.7800000000004 10.035993099212646 7
1 -1 4 417.87 360.06 -1 437.75 1 81 437.75 34722.86000000001 1327.7800000000004 4.7949981689453125 7
0 -1 5 361.15 247.6 -3 3545.19 11 94 315.5 41038.409999999996 1194.1 10.886847972869873 7
1 -1 5 370.98 313.88 -1 332.05 1 81 332.05 30713.09 1194.1 10.447751998901367 7
0 -1 6 422.42 341.61 -1 3776.53 11 94 341.61 47260.30999999999 1367.08 12.602589845657349 7
1 -1 6 413.15 345.71 -1 346.39 1 81 346.39 34157.94999999999 1367.08 13.103775024414062 7
0 -1 7 430.04 180.9 -1 5933.99 11 94 537.4399999999999 52291.56999999998 1793.2199999999998 3.3719871044158936 7
1 -1 7 389.58 219.65 -2 600.9100000000009 1 81 600.9100000000009 32757.820000000007 1793.2199999999998 4.633026123046875 7
0 -1 8 405.82 222.55 -1 6188.09 11 94 560.11 50523.72000000005 1902.8799999999999 3.500467300415039 7
1 -1 8 343.75 225.32 -1 646.3800000000019 1 81 646.3800000000019 29136.480000000025 1902.8799999999999 6.827994108200073 7
random:7T:1200
0 -1 0 656.0 45.69 -1 8536.89 11 94 662.95 78737.35000000002 2034.5400000000002 1.0475709438323975 7
1 -1 0 706.93 203.58 -2 659.41 1 81 659.41 58580.05 2023.92 0.9363088607788086 7
0 -1 1 535.78 415.42 -1 5430.360000000001 11 94 487.21000000000004 61223.840000000026 1877.0500000000002 6.284508228302002 7
1 -1 1 541.6 425.46999999999997 -1 558.1099999999999 1 81 558.1099999999999 44986.04000000001 1877.0500000000002 7.590483903884888 7
0 -1 2 538.19 412.44 -1 5423.52 11 94 478.79999999999995 61437.05000000001 1848.84 14.32056999206543 7
1 -1 2 533.47 421.41 -1 494.4 1 81 494.4 44199.48999999998 1848.84 14.357218027114868 7
0 -1 3 608.3 330.94 -2 3707.8199999999997 11 94 330.94 64595.52 1497.81 0.014364957809448242 7
1 -1 3 573.15 224.07 -1 224.07 1 81 224.07 46873.420000000006 1107.0500000000002 0.014939069747924805 7
0 -1 4 534.65 415.42 -1 5430.36 11 94 487.21999999999997 61117.61000000002 1877.08 6.244105339050293 7
1 -1 4 530.91 425.46999999999997 -1 554.05 1 81 554.05 44111.950000000004 1877.08 7.850244045257568 7
0 -1 5 505.12 375.83000000000004 -1 5245.710000000001 11 94 469.89 57973.02 1785.5 12.529075860977173 7
1 -1 5 500.35 385.55 -1 473.64 1 81 473.64 41475.37000000002 1785.5 12.515411853790283 7
0 -1 6 557.46 421.44 -1 5276.8099999999995 11 94 473.35 62954.98 1841.4900000000002 14.44913101196289 7
1 -1 6 529.29 409.68 -1 455.68 1 81 455.68 43783.820000000014 1776.72 13.586686849594116 7
0 -1 7 556.33 270.57 -6 8681.32 11 94 786.3400000000001 69657.21000000006 2629.5900000000006 4.320982933044434 7
1 -1 7 482.96 321.66 -2 875.2900000000013 1 81 875.2900000000013 40870.66000000001 2629.5900000000006 6.19916296005249 7
0 -1 8 528.0 267.77 -4 8861.400000000001 11 94 801.3000000000001 67354.60000000005 2671.67 4.548762321472168 7
1 -1 8 447.63 278.71 -1 826.2500000000017 1 81 826.2500000000017 37910.88000000003 2671.67 7.1904449462890625 7
random:7T:1500
0 -1 0 838.42 250.6 -1 11300.390000000001 11 94 882.4699999999999 101412.06000000003 2898.0099999999998 1.3366749286651611 7
1 -1 0 911.03 246.98 -2 868.1099999999999 1 81 868.1099999999999 75529.53000000001 2851.31 1.1164121627807617 7
0 -1 1 651.29 456.12 -2 6767.820000000001 11 94 612.85 74757.21 2294.67 8.679706811904907 7
1 -1 1 663.88 493.33 -1 680.88 1 81 680.88 55135.729999999974 2294.67 9.388744115829468 7
0 -1 2 684.3 507.96 -2 7008.3099999999995 11 94 631.5699999999999 78340.67000000003 2402.6699999999996 18.44686794281006 7
1 -1 2 652.36 468.81 -1 652.0799999999999 1 81 652.0799999999999 54145.15000000003 2363.52 16.177427053451538 7
0 -1 3 770.52 374.98999999999995 -2 4365.91 11 94 374.98999999999995 81160.73999999998 1868.4499999999998 0.01875615119934082 7
1 -1 3 770.52 354.96999999999997 -1 354.96999999999997 1 81 354.96999999999997 63122.40000000001 1731.9099999999999 0.014496088027954102 7
0 -1 4 645.74 453.38 -1 6742.159999999999 11 94 610.27 74183.40999999996 2284.19 8.781378030776978 7
1 -1 4 657.07 468.81 -1 680.8 1 81 680.8 54584.07 2284.19 10.219738245010376 7
0 -1 5 634.18 468.34999999999997 -1 6079.65 11 94 519.0400000000001 71772.24999999997 2025.4700000000003 14.746038913726807 7
1 -1 5 614.35 466.65 -1 590.13 1 81 590.13 50942.28999999998 2023.7700000000004 13.383798122406006 7
0 -1 6 708.62 471.42 -2 7066.730000000001 11 94 637.47 80744.00000000001 2383.83 18.446107864379883 7
1 -1 6 674.55 526.39 -1 622.14 1 81 622.14 55883.19 2337.84 16.05639910697937 7
0 -1 7 671.88 390.52 -2 11299.559999999998 11 94 1025.1799999999998 85756.23999999998 3466.0599999999995 5.163908958435059 7
1 -1 7 556.53 394.36 -2 1172.8300000000029 1 81 1172.8300000000029 47424.899999999994 3466.0599999999995 9.477023124694824 7
0 -1 8 651.22 364.52 -3 10989.110000000004 11 94 997.0100000000001 83192.72999999995 3355.55 5.341122627258301 7
1 -1 8 550.4 419.9 -2 1128.8100000000038 1 81 1128.8100000000038 46840.42000000001 3355.55 10.75438904762268 7
random:8T:300
0 -1 0 88.29 0 -26 264.33 2 82 127.88 7768.720000000003 383.64 0.3346590995788574 8
1 -1 0 93.08 0 -40 1964.3200000000002 10 93 180.48000000000002 12584.940000000004 383.64 0.3991539478302002 8
0 -1 1 80.54 0 -15 25.42 2 82 0.0 6654.840000000004 0.0 0.31450605392456055 8
1 -1 1 95.06 0 -13 1341.6400000000003 10 93 128.66 11523.940000000004 0.0 0.3090658187866211 8
0 -1 2 75.58 0 -15 19.96 2 82 0.0 6237.530000000003 0.0 5.5079569816589355 8
1 -1 2 84.96 0 -14 677.28 10 93 56.63 9255.96 0.0 5.053851842880249 8
0 -1 3 76.12 0.0 -15 0.0 2 82 0.0 6242.170000000001 0.0 0.01176905632019043 8
1 -1 3 74.53 0.0 -22 0.0 10 93 0.0 6931.280000000002 0.0 0.011165857315063477 8
0 -1 4 80.54 0 -15 25.42 2 82 0.0 6654.840000000004 0.0 0.27251529693603516 8
1 -1 4 95.06 0 -13 1341.6400000000003 10 93 128.66 11523.940000000004 0.0 0.26180291175842285 8
0 -1 5 70.41 0 -19 74.01 2 82 0.0 5921.24 0.0 3.4804749488830566 8
1 -1 5 71.42 0 -26 677.76 10 93 7.24 7997.770000000001 0.0 3.1403541564941406 8
0 -1 6 87.4 0 -20 261.01 2 82 127.88 7688.630000000003 383.64 4.466369152069092 8
1 -1 6 92.3 0 -16 1458.3199999999997 10 93 141.27 11500.350000000004 383.64 4.900479078292847 8
0 -1 7 87.4 0 -20 261.01 2 82 127.88 7688.630000000003 383.64 1.0413727760314941 8
1 -1 7 92.3 0 -16 1458.3199999999997 10 93 141.27 11500.350000000004 383.64 1.3200418949127197 8
0 -1 8 75.58 0 -15 19.96 2 82 0.0 6237.530000000003 0.0 1.0231282711029053 8
1 -1 8 84.96 0 -14 677.28 10 93 56.63 9255.96 0.0 1.0013740062713623 8
random:8T:600
0 -1 0 250.68 0 -5 572.0799999999999 2 82 284.39 21700.00000000001 853.17 0.4494810104370117 8
1 -1 0 257.67 0 -6 3711.5199999999995 10 93 352.87999999999994 31386.320000000018 853.17 0.5015599727630615 8
0 -1 1 243.25 167.74999999999983 -3 381.57000000000005 2 82 174.97000000000003 20709.37999999999 692.6599999999999 5.483784914016724 8
1 -1 1 243.52 173.82 -4 1849.7399999999998 10 93 183.75 26346.51 692.6599999999999 1.0530569553375244 8
0 -1 2 225.64 138.5200000000001 -2 318.65 2 82 159.06 19139.94999999999 615.7 11.108733892440796 8
1 -1 2 228.24 152.48 -1 1702.08 10 93 167.74 24630.249999999993 615.7 7.91739296913147 8
0 -1 3 253.78 34.34 -1 182.64 2 82 85.53 21175.19000000001 290.93000000000006 0.009552240371704102 8
1 -1 3 248.36 0.0 -1 1064.64 10 93 96.2 25227.030000000006 256.59000000000003 0.008508920669555664 8
0 -1 4 243.25 167.74999999999983 -3 381.57000000000005 2 82 174.97000000000003 20709.37999999999 692.6599999999999 5.4229817390441895 8
1 -1 4 243.52 173.82 -4 1849.7399999999998 10 93 183.75 26346.51 692.6599999999999 1.118678092956543 8
0 -1 5 216.49 108.05999999999996 -1 298.69 2 82 127.09 18349.570000000003 489.3299999999999 12.434154033660889 8
1 -1 5 198.9 25.51 -1 1702.18 10 93 156.76 21901.810000000027 406.78 7.9194300174713135 8
0 -1 6 243.97 136.2 -1 368.33000000000004 2 82 183.58 20742.039999999986 686.94 8.365241289138794 8
1 -1 6 244.99 140.95 -1 1875.6999999999996 10 93 186.56 26535.06 686.94 9.162662267684937 8
0 -1 7 248.87 97.76 -2 586.73 2 82 292.46000000000004 21581.10999999999 975.1400000000001 1.8671019077301025 8
1 -1 7 262.85 134.76 -1 2835.2 10 93 279.57 30115.640000000007 936.47 2.1100852489471436 8
0 -1 8 226.72 117.4 -2 395.6799999999999 2 82 183.53999999999988 19382.779999999988 668.0199999999996 2.4340457916259766 8
1 -1 8 238.9 128.9 -1 2397.5 10 93 237.95999999999992 27013.11999999999 668.0199999999996 1.9793789386749268 8
random:8T:900
0 -1 0 449.61 49.84 -1 911.1599999999999 2 82 449.66999999999996 38690.20000000002 1398.8499999999997 0.6725177764892578 8
1 -1 0 453.65 0 -3 6112.02 10 93 585.83 54413.58000000001 1349.0099999999998 0.7787289619445801 8
0 -1 1 395.54 319.86 -1 735.42 2 82 349.93999999999994 33905.33 1369.6799999999998 6.794136047363281 8
1 -1 1 410.45 320.55 -1 3463.2400000000007 10 93 342.22 45098.51000000002 1346.52 4.195131301879883 8
0 -1 2 377.4 284.52000000000004 -2 618.55 2 82 305.75 32183.609999999993 1201.77 11.357172012329102 8
1 -1 2 382.61 267.43000000000006 -2 3235.2999999999997 10 93 317.37 42053.67 1184.68 11.737656831741333 8
0 -1 3 430.2 174.16 -1 350.9 2 82 174.16 35978.00999999998 807.07 0.016776084899902344 8
1 -1 3 404.81 176.54000000000002 -2 1788.1999999999998 10 93 176.54000000000002 41223.99 775.77 0.013682126998901367 8
0 -1 4 395.8 312.15 -1 735.52 2 82 351.52 33926.28 1366.71 11.121186256408691 8
1 -1 4 408.43 325.88000000000005 -1 3463.26 10 93 342.22 44910.77000000003 1338.81 4.509599924087524 8
0 -1 5 364.84 273.19 -2 623.5 2 82 295.40999999999997 31163.680000000008 1159.4199999999998 9.47453784942627 8
1 -1 5 329.89 216.76 -2 2912.9199999999996 10 93 262.26 36505.95999999998 1003.54 8.646353960037231 8
0 -1 6 398.47 313.41999999999996 -2 692.28 2 82 345.49 34058.71 1349.8899999999999 11.484357833862305 8
1 -1 6 423.76 350.92999999999995 -2 3527.9399999999996 10 93 350.92999999999995 46465.18999999999 1349.8899999999999 13.584592819213867 8
0 -1 7 372.53 195.69 -1 1140.1900000000003 2 82 569.8300000000002 32828.22999999999 1905.1800000000005 2.8266701698303223 8
1 -1 7 417.08 211.7 -4 5506.840000000001 10 93 547.97 49801.919999999984 1839.6000000000001 3.2635982036590576 8
0 -1 8 340.85 199.71 -2 958.3200000000008 2 82 477.0200000000007 29866.33000000001 1630.7700000000023 4.762302875518799 8
1 -1 8 379.76 206.02 -1 5108.119999999999 10 93 509.94000000000005 45534.02999999997 1630.7700000000023 3.057439088821411 8
random:8T:1200
0 -1 0 653.06 252.87 -1 1296.61 2 82 627.06 56144.46000000002 2134.0499999999997 0.911409854888916 8
1 -1 0 632.95 0 -2 8275.84 10 93 793.01 75416.33 1881.1799999999998 0.9947412014007568 8
0 -1 1 517.21 411.39 -1 915.4000000000001 2 82 453.65000000000003 44241.83 1772.3400000000001 5.870220899581909 8
1 -1 1 545.35 405.45 -1 4884.6 10 93 480.81 60487.060000000056 1766.4 6.926015853881836 8
0 -1 2 508.59 413.15999999999997 -1 951.34 2 82 462.61 43607.46000000003 1800.9899999999998 11.811963081359863 8
1 -1 2 539.18 407.16 -1 4793.12 10 93 474.42 59729.81 1794.99 15.881092071533203 8
0 -1 3 633.12 293.63 -1 596.74 2 82 293.63 53109.32000000003 1381.77 0.012415885925292969 8
1 -1 3 575.21 248.85 -2 2630.62 10 93 248.85 58756.18999999997 1193.32 0.015542030334472656 8
0 -1 4 512.21 396.75 -1 922.98 2 82 449.38 43847.14000000002 1744.8899999999999 6.603513956069946 8
1 -1 4 540.88 405.45 -1 4876.259999999999 10 93 479.86 60054.709999999985 1744.8899999999999 7.259877920150757 8
0 -1 5 494.68 396.01 -2 893.43 2 82 417.35 42350.86999999999 1648.0600000000002 10.863608837127686 8
1 -1 5 470.12 362.92999999999995 -2 3784.2999999999997 10 93 364.1 51289.77000000001 1455.23 10.922961950302124 8
0 -1 6 540.82 420.77000000000004 -1 980.52 2 82 488.78000000000003 46308.579999999994 1887.1100000000001 13.443191051483154 8
1 -1 6 561.05 420.98 -2 4912.42 10 93 488.65999999999997 62002.74999999999 1886.75 15.364428043365479 8
0 -1 7 469.92 269.52 -4 1615.1600000000003 2 82 804.9200000000001 41763.82999999998 2684.28 3.158174753189087 8
1 -1 7 537.06 258.87 -2 7904.360000000001 10 93 776.23 65755.47 2587.56 3.876859188079834 8
0 -1 8 420.89 255.64 -2 1526.9900000000011 2 82 763.210000000001 37566.780000000006 2545.2700000000027 5.807089805603027 8
1 -1 8 492.63 255.25 -2 7694.399999999998 10 93 767.66 61203.78 2544.880000000003 3.9782698154449463 8
random:8T:1500
0 -1 0 862.04 364.23 -1 1690.68 2 82 819.3000000000001 74068.25000000001 2822.13 1.083616018295288 8
1 -1 0 812.48 0 -2 10553.279999999999 10 93 1006.7300000000001 96667.62 2457.9 1.185295820236206 8
0 -1 1 620.08 451.17999999999995 -1 1218.9899999999998 2 82 594.68 53284.69000000002 2235.22 7.664977073669434 8
1 -1 1 659.54 450.77 -1 6402.04 10 93 633.4 74141.51000000005 2234.81 8.227355241775513 8
0 -1 2 640.89 470.35 -1 1195.33 2 82 578.78 54943.90000000002 2206.69 14.805969953536987 8
1 -1 2 667.25 550.25 -2 6329.799999999999 10 93 628.81 74713.67 2206.69 13.395709037780762 8
0 -1 3 806.21 366.21 -1 734.53 2 82 366.21 67578.49999999999 1839.9799999999998 0.012664794921875 8
1 -1 3 748.59 360.09000000000003 -2 3632.4800000000005 10 93 360.09000000000003 76883.71999999999 1769.09 0.011662006378173828 8
0 -1 4 631.07 459.71000000000004 -1 1218.87 2 82 587.71 54185.590000000026 2222.84 7.510957956314087 8
1 -1 4 645.16 447.90999999999997 -1 6149.879999999999 10 93 595.96 72299.56000000006 2211.04 7.031113862991333 8
0 -1 5 618.82 528.83 -4 1145.39 2 82 572.69 53033.98 2246.9 10.41938304901123 8
1 -1 5 598.24 458.97000000000014 -4 5260.180000000001 10 93 512.01 66156.77 1995.0 9.693969964981079 8
0 -1 6 649.94 470.88 -2 1274.01 2 82 636.48 55842.85 2380.32 10.505319833755493 8
1 -1 6 678.94 476.96999999999997 -1 6313.960000000001 10 93 629.18 75769.00000000003 2358.42 11.53212308883667 8
0 -1 7 570.4 387.49 -2 2067.34 2 82 1033.0000000000002 50907.66999999998 3486.4900000000007 2.900731086730957 8
1 -1 7 657.37 387.43999999999994 -4 10240.499999999998 10 93 1021.8799999999999 81616.43000000004 3453.0799999999995 3.3633840084075928 8
0 -1 8 523.06 323.61999999999995 -2 1827.320000000001 2 82 907.6500000000001 46545.31000000001 3046.57 4.251110792160034 8
1 -1 8 586.29 282.23 -2 8936.82 10 93 867.0999999999999 72398.37999999998 2883.5299999999997 2.986783027648926 8
random:9T:300
0 -1 0 105.87 0 -16 2116.75 14 99 44.59 14714.83 133.77 0.18997883796691895 9
1 -1 0 102.37 0 -4 302.90999999999997 3 81 85.68 8897.490000000003 133.77 0.14651799201965332 9
0 -1 1 102.23 0.0 -6 1420.9799999999998 14 99 0.0 12962.8 0.0 0.13552308082580566 9
1 -1 1 94.93 0.0 -8 254.78 3 81 57.84 8198.93 0.0 0.12110590934753418 9
0 -1 2 88.16 0.0 -10 761.1999999999999 14 99 0.0 10250.029999999997 0.0 2.372763156890869 9
1 -1 2 87.64 0.0 -7 114.2 3 81 0.0 7327.060000000002 0.0 1.9813640117645264 9
0 -1 3 89.33 0.0 -22 80.44 14 99 0.0 9004.140000000001 0.0 0.00645899772644043 9
1 -1 3 94.37 0.0 -11 129.95 3 81 0.0 7904.160000000002 0.0 0.005484819412231445 9
0 -1 4 102.23 0.0 -6 1420.9799999999998 14 99 0.0 12962.8 0.0 0.13773536682128906 9
1 -1 4 94.93 0.0 -8 254.78 3 81 57.84 8198.93 0.0 0.12068510055541992 9
0 -1 5 83.7 0.0 -13 638.11 14 99 0.0 9562.8 0.0 2.0199077129364014 9
1 -1 5 77.62 0.0 -13 41.53 3 81 0.0 6370.409999999997 0.0 1.389604091644287 9
0 -1 6 104.09 0.0 -16 1790.7 14 99 64.92 13885.830000000004 194.76 2.8829336166381836 9
1 -1 6 102.36 0.0 -3 302.90999999999997 3 81 85.68 8897.240000000003 194.76 2.6561288833618164 9
0 -1 7 104.09 0.0 -16 1790.7 14 99 64.92 13885.830000000004 194.76 0.7080550193786621 9
1 -1 7 102.36 0.0 -3 302.90999999999997 3 81 85.68 8897.240000000003 194.76 0.6180858612060547 9
0 -1 8 88.16 0.0 -10 761.1999999999999 14 99 0.0 10250.029999999997 0.0 0.5786769390106201 9
1 -1 8 87.64 0.0 -7 114.2 3 81 0.0 7327.060000000002 0.0 0.4779367446899414 9
random:9T:600
0 -1 0 286.4 0 -1 4698.169999999999 14 99 165.06 37750.219999999994 495.18 0.3584578037261963 9
1 -1 0 297.02 0 -1 869.0999999999999 3 81 276.35 25796.53999999999 495.18 0.29383206367492676 9
0 -1 1 258.87 183.10999999999996 -3 2967.7399999999993 14 99 186.68 31564.02999999999 743.1499999999999 1.992785930633545 9
1 -1 1 240.34 166.96000000000004 -3 522.0899999999999 3 81 168.01 20511.34999999999 670.99 7.462322235107422 9
0 -1 2 236.93 163.31 -1 2377.47 14 99 163.31 28211.12 654.84 5.4303879737854 9
1 -1 2 240.24 189.3 -3 634.05 3 81 207.56 20727.64 654.84 3.5480198860168457 9
0 -1 3 278.24 97.6 -1 2027.8199999999997 14 99 97.6 31600.94000000001 393.49999999999994 0.008793115615844727 9
1 -1 3 286.14 90.32 -1 488.44 3 81 149.23999999999998 24154.390000000003 383.11999999999995 0.006938934326171875 9
0 -1 4 258.87 183.10999999999996 -3 2967.7399999999993 14 99 186.68 31564.02999999999 743.1499999999999 1.981489896774292 9
1 -1 4 240.34 166.96000000000004 -3 522.0899999999999 3 81 168.01 20511.34999999999 670.99 7.4565629959106445 9
0 -1 5 236.0 165.09 -1 2410.6299999999997 14 99 165.42 28185.039999999997 661.35 4.543267250061035 9
1 -1 5 224.31 160.73999999999998 -1 554.39 3 81 161.94 19277.539999999994 646.56 3.6304008960723877 9
0 -1 6 253.32 169.48999999999998 -1 2570.1999999999994 14 99 169.57999999999998 30219.130000000005 678.2299999999999 4.83103609085083 9
1 -1 6 269.89 202.53 -3 790.8599999999999 3 81 256.76 23442.67999999999 678.2299999999999 4.302006006240845 9
0 -1 7 268.1 118.93 -1 3546.62 14 99 246.57999999999998 33635.08 858.6700000000001 1.1791741847991943 9
1 -1 7 265.01 188.41 -6 901.9300000000001 3 81 299.53000000000003 23269.379999999994 858.6700000000001 0.9484009742736816 9
0 -1 8 236.6 151.77 -3 2419.6099999999997 14 99 165.4 28262.580000000005 647.97 1.221816062927246 9
1 -1 8 239.46 160.36 -3 759.4199999999996 3 81 243.86999999999972 20914.969999999998 647.97 1.2653861045837402 9
random:9T:900
0 -1 0 472.1 146.2 -1 7456.72 14 99 305.24 61650.95999999999 1061.92 0.525130033493042 9
1 -1 0 487.57 36.03 -1 1438.6100000000001 3 81 470.52 42370.15 951.75 0.4351229667663574 9
0 -1 1 414.29 322.58 -6 4906.1500000000015 14 99 322.73 50826.890000000014 1290.77 2.9739558696746826 9
1 -1 1 390.8 312.69000000000057 -3 1036.98 3 81 315.97 33728.549999999996 1260.6000000000006 5.705584287643433 9
0 -1 2 393.36 300.31 -3 4532.65 14 99 301.53999999999996 48007.950000000026 1204.9299999999998 5.546395778656006 9
1 -1 2 387.08 323.46 -3 1045.58 3 81 334.77000000000004 33444.49 1204.9299999999998 4.322249889373779 9
0 -1 3 455.58 176.85 -1 3343.3599999999997 14 99 176.85 51789.389999999956 864.31 0.009063959121704102 9
1 -1 3 474.01 248.20999999999998 -1 853.3499999999999 3 81 248.20999999999998 40101.82 856.6099999999999 0.00727391242980957 9
0 -1 4 414.29 322.58 -6 4906.1500000000015 14 99 322.73 50826.890000000014 1290.77 2.6664130687713623 9
1 -1 4 390.8 312.69000000000057 -3 1036.98 3 81 315.97 33728.549999999996 1260.6000000000006 5.186506986618042 9
0 -1 5 395.3 303.53 -3 4502.719999999999 14 99 311.33000000000004 48139.85999999999 1237.52 5.144750118255615 9
1 -1 5 373.81 304.49 -3 988.95 3 81 313.02 32256.230000000025 1237.52 3.577354907989502 9
0 -1 6 414.9 298.02 -6 4795.85 14 99 305.95 50667.19 1215.87 5.647459983825684 9
1 -1 6 440.72 352.05 -1 1265.37 3 81 410.17999999999995 38229.23999999999 1215.87 5.22452712059021 9
0 -1 7 429.01 195.19 -1 6409.48 14 99 448.44 55290.780000000006 1540.51 1.4257988929748535 9
1 -1 7 399.28 238.66 -6 1661.86 3 81 552.78 35665.76 1540.51 1.1539227962493896 9
0 -1 8 383.58 218.56 -3 5595.38 14 99 392.07 49165.21 1394.77 1.2085368633270264 9
1 -1 8 349.15 223.28 -3 1562.5900000000001 3 81 516.5800000000002 31406.56 1394.77 1.2188401222229004 9
random:9T:1200
0 -1 0 657.59 234.18 -1 10131.370000000003 14 99 367.45000000000005 85364.34 1336.5300000000002 0.5883917808532715 9
1 -1 0 685.63 155.08 -1 2014.12 3 81 648.29 59564.46000000001 1257.43 0.47443675994873047 9
0 -1 1 561.03 409.07 -1 6910.58 14 99 455.90000000000003 69362.67999999998 1776.77 3.9214377403259277 9
1 -1 1 527.56 437.48 -1 1421.2800000000002 3 81 448.8 45574.99000000002 1755.47 2.367581367492676 9
0 -1 2 546.91 430.0300000000001 -3 6646.820000000001 14 99 452.08000000000004 67437.87000000001 1786.2700000000004 6.769230842590332 9
1 -1 2 529.01 456.15000000000003 -3 1519.0700000000002 3 81 491.42 45887.899999999965 1786.2700000000004 4.775423049926758 9
0 -1 3 643.9 320.95000000000005 -1 4894.420000000002 14 99 320.95000000000005 73534.59 1542.5200000000002 0.009981870651245117 9
1 -1 3 670.6 352.57 -1 1093.73 3 81 352.57 56506.35000000002 1534.0400000000002 0.008367776870727539 9
0 -1 4 561.03 409.07 -1 6910.58 14 99 455.90000000000003 69362.67999999998 1776.77 3.949705123901367 9
1 -1 4 527.56 437.48 -1 1421.2800000000002 3 81 448.8 45574.99000000002 1755.47 2.411497116088867 9
0 -1 5 548.61 430.0800000000001 -3 6570.0 14 99 434.19 67452.50000000003 1732.65 6.94523286819458 9
1 -1 5 516.31 437.65000000000003 -3 1368.6799999999998 3 81 440.35 44558.25999999999 1732.65 4.9332921504974365 9
0 -1 6 563.24 397.63 -1 7008.550000000001 14 99 465.38 69777.91999999998 1793.77 6.94887113571167 9
1 -1 6 576.58 450.77 -1 1707.12 3 81 565.3499999999999 50116.819999999985 1793.77 6.067605018615723 9
0 -1 7 575.41 242.38 -1 9343.769999999999 14 99 655.5999999999999 75652.89999999998 2209.18 1.753983974456787 9
1 -1 7 510.3 268.38 -3 2429.8900000000003 3 81 808.4000000000003 46193.81999999999 2209.18 1.4882121086120605 9
0 -1 8 503.86 255.2 -3 8605.82 14 99 609.66 67094.20999999998 2084.18 1.4524898529052734 9
1 -1 8 429.07 261.65 -3 2348.15 3 81 777.8800000000001 39450.94 2084.18 1.3889720439910889 9
random:9T:1500
0 -1 0 837.3 282.21 -1 13052.01 14 99 517.84 108997.13999999998 1835.73 0.7205698490142822 9
1 -1 0 877.09 322.0 -1 2547.9700000000003 3 81 796.19 76140.06000000001 1835.73 0.6041312217712402 9
0 -1 1 697.06 454.93 -1 8844.330000000002 14 99 593.0500000000002 86697.52000000003 2234.0800000000004 5.103120803833008 9
1 -1 1 665.94 465.47999999999996 -1 1890.53 3 81 607.1299999999999 57721.999999999985 2234.0800000000004 4.827440023422241 9
0 -1 2 699.9 559.8399999999999 -3 8733.81 14 99 566.33 86757.81999999999 2258.83 8.235542058944702 9
1 -1 2 663.64 586.52 -1 1920.54 3 81 632.22 57595.829999999994 2258.83 5.689037084579468 9
0 -1 3 836.47 397.45000000000005 -1 6658.310000000002 14 99 397.45000000000005 96126.70999999995 1985.19 0.010622978210449219 9
1 -1 3 871.32 485.65999999999997 -1 1521.5 3 81 485.65999999999997 73619.95000000004 1977.1100000000001 0.008970022201538086 9
0 -1 4 697.06 454.93 -1 8844.330000000002 14 99 593.0500000000002 86697.52000000003 2234.0800000000004 5.026062965393066 9
1 -1 4 665.94 465.47999999999996 -1 1890.53 3 81 607.1299999999999 57721.999999999985 2234.0800000000004 4.777845859527588 9
0 -1 5 686.72 536.39 -6 8494.28 14 99 569.63 84974.21000000004 2245.2799999999997 7.679979085922241 9
1 -1 5 655.63 565.6299999999998 -3 1837.0100000000002 3 81 596.97 56779.669999999984 2245.2799999999997 5.465932846069336 9
0 -1 6 678.41 443.63 -1 8167.549999999999 14 99 542.36 83497.89000000004 2070.71 7.627202749252319 9
1 -1 6 697.99 528.71 -1 1929.1999999999998 3 81 625.1999999999999 60395.8 2070.71 6.656342029571533 9
0 -1 7 706.77 285.49 -6 11909.529999999999 14 99 840.4799999999999 93789.28999999998 2806.9299999999994 1.9820129871368408 9
1 -1 7 642.6 409.89 -3 3128.55 3 81 1041.8500000000001 58307.700000000026 2806.9299999999994 1.7672178745269775 9
0 -1 8 609.47 275.29 -3 11585.390000000001 14 99 820.2500000000001 83507.93 2736.0400000000004 1.7641801834106445 9
1 -1 8 539.26 359.85999999999996 -3 2777.17 3 81 923.1800000000003 49234.14999999999 2736.0400000000004 1.7126388549804688 9
