random:0T:3000
0 7 0 600 111 
 1 7 0 1200 122 
 2 7 0 1500 122 
 3 7 0 1800 125 
 4 7 0 2100 128 
 5 7 0 2400 135 
 6 7 0 2700 144 
 7 7 0 3000 154 
 0 9 0 600 91 
 1 9 0 1200 121 
 2 9 0 1500 121 
 3 9 0 1800 124 
 4 9 0 2100 130 
 5 9 0 2400 133 
 6 9 0 2700 137 
 7 9 0 3000 141 
 0 10 0 600 97 
 1 10 0 1200 111 
 2 10 0 1500 111 
 3 10 0 1800 113 
 4 10 0 2100 115 
 5 10 0 2400 121 
 6 10 0 2700 129 
 7 10 0 3000 132 
 random:0T:3000
0 7 0 600 114 
 1 7 0 1200 121 
 2 7 0 1500 121 
 3 7 0 1800 125 
 4 7 0 2100 129 
 5 7 0 2400 138 
 6 7 0 2700 143 
 7 7 0 3000 153 
 0 9 0 600 105 
 1 9 0 1200 115 
 2 9 0 1500 115 
 3 9 0 1800 115 
 4 9 0 2100 119 
 5 9 0 2400 129 
 6 9 0 2700 131 
 7 9 0 3000 131 
 0 10 0 600 102 
 1 10 0 1200 113 
 2 10 0 1500 113 
 3 10 0 1800 117 
 4 10 0 2100 121 
 5 10 0 2400 130 
 6 10 0 2700 137 
 7 10 0 3000 137 
 random:0T:3000
0 7 0 600 114 
 1 7 0 1200 121 
 2 7 0 1500 121 
 3 7 0 1800 125 
 4 7 0 2100 129 
 5 7 0 2400 138 
 6 7 0 2700 143 
 7 7 0 3000 153 
 0 9 0 600 105 
 1 9 0 1200 115 
 2 9 0 1500 115 
 3 9 0 1800 115 
 4 9 0 2100 119 
 5 9 0 2400 129 
 6 9 0 2700 131 
 7 9 0 3000 131 
 0 10 0 600 102 
 1 10 0 1200 113 
 2 10 0 1500 113 
 3 10 0 1800 117 
 4 10 0 2100 121 
 5 10 0 2400 130 
 6 10 0 2700 137 
 7 10 0 3000 137 
 