random:0T:3000
0 7 0 600 118 
 1 7 0 1200 132 
 2 7 0 1500 156 
 3 7 0 1800 171 
 4 7 0 2100 184 
 5 7 0 2400 206 
 6 7 0 2700 225 
 7 7 0 3000 252 
 0 9 0 600 127 
 1 9 0 1200 145 
 2 9 0 1500 165 
 3 9 0 1800 188 
 4 9 0 2100 200 
 5 9 0 2400 217 
 6 9 0 2700 230 
 7 9 0 3000 252 
 0 10 0 600 125 
 1 10 0 1200 143 
 2 10 0 1500 167 
 3 10 0 1800 186 
 4 10 0 2100 204 
 5 10 0 2400 233 
 6 10 0 2700 252 
 7 10 0 3000 277 
 random:0T:3000
0 7 0 600 118 
 1 7 0 1200 132 
 2 7 0 1500 156 
 3 7 0 1800 171 
 4 7 0 2100 184 
 5 7 0 2400 206 
 6 7 0 2700 225 
 7 7 0 3000 252 
 0 9 0 600 127 
 1 9 0 1200 145 
 2 9 0 1500 165 
 3 9 0 1800 188 
 4 9 0 2100 200 
 5 9 0 2400 217 
 6 9 0 2700 230 
 7 9 0 3000 252 
 0 10 0 600 125 
 1 10 0 1200 143 
 2 10 0 1500 167 
 3 10 0 1800 186 
 4 10 0 2100 204 
 5 10 0 2400 233 
 6 10 0 2700 252 
 7 10 0 3000 277 
 random:0T:3000
0 7 0 600 124 
 1 7 0 1200 143 
 2 7 0 1500 156 
 3 7 0 1800 167 
 4 7 0 2100 180 
 5 7 0 2400 202 
 6 7 0 2700 217 
 7 7 0 3000 239 
 0 9 0 600 140 
 1 9 0 1200 158 
 2 9 0 1500 171 
 3 9 0 1800 184 
 4 9 0 2100 197 
 5 9 0 2400 221 
 6 9 0 2700 236 
 7 9 0 3000 258 
 0 10 0 600 129 
 1 10 0 1200 151 
 2 10 0 1500 168 
 3 10 0 1800 183 
 4 10 0 2100 196 
 5 10 0 2400 218 
 6 10 0 2700 229 
 7 10 0 3000 251 
 random:0T:3000
0 7 0 600 126 
 1 7 0 1200 139 
 2 7 0 1500 148 
 3 7 0 1800 151 
 4 7 0 2100 154 
 5 7 0 2400 166 
 6 7 0 2700 170 
 7 7 0 3000 185 
 0 9 0 600 124 
 1 9 0 1200 141 
 2 9 0 1500 148 
 3 9 0 1800 153 
 4 9 0 2100 156 
 5 9 0 2400 168 
 6 9 0 2700 171 
 7 9 0 3000 179 
 0 10 0 600 131 
 1 10 0 1200 153 
 2 10 0 1500 160 
 3 10 0 1800 160 
 4 10 0 2100 163 
 5 10 0 2400 172 
 6 10 0 2700 177 
 7 10 0 3000 188 
 random:0T:3000
sum 0 11 0 60 58 
sum 1 11 0 180 100 
sum 2 11 0 240 118 
sum 3 11 0 360 143 
sum 4 11 0 540 166 
sum 5 11 0 600 171 
sum 6 11 0 1200 199 
sum 7 11 0 1500 202 
sum 8 11 0 1800 207 
sum 9 11 0 2100 218 
sum 10 11 0 2400 231 
sum 11 11 0 2700 237 
sum 12 11 0 3000 251 
miss fire 11 0 3 3 2 1 1 0 1 1 1 0 0 0 0 0 0 1 1 1 1 1 1 1 1 1 0 0 0 0 0 0 0 1 2 2 2 3 3 3 2 2 2 0 0 0 0 0 0 1 0 0 0 
miss human 11 0 18 18 14 14 13 12 9 7 6 6 5 3 4 3 2 1 1 1 0 0 0 0 0 0 0 0 0 0 0 0 0 0 0 0 0 0 0 0 0 0 0 0 0 0 0 0 0 0 0 0 0 
miss window 11 0 8 8 6 5 4 2 1 1 1 0 0 0 0 0 1 1 1 2 1 1 0 0 0 0 0 0 1 1 1 1 1 1 0 0 0 0 0 0 0 1 0 0 1 1 1 3 3 3 3 2 2 
acm fire 11 0 3 6 8 9 10 10 11 12 13 13 13 13 13 13 13 14 15 16 17 18 19 20 21 22 22 22 22 22 22 22 22 23 25 27 29 32 35 38 40 42 44 44 44 44 44 44 44 45 45 45 45 
acm human 11 0 18 36 50 64 77 89 98 105 111 117 122 125 129 132 134 135 136 137 137 137 137 137 137 137 137 137 137 137 137 137 137 137 137 137 137 137 137 137 137 137 137 137 137 137 137 137 137 137 137 137 137 
acm window 11 0 8 16 22 27 31 33 34 35 36 36 36 36 36 36 37 38 39 41 42 43 43 43 43 43 43 43 44 45 46 47 48 49 49 49 49 49 49 49 49 50 50 50 51 52 53 56 59 62 65 67 69 
tsim fire 11 0 3 3 3 3 3 3 4 5 5 5 5 5 5 5 5 6 6 6 6 6 6 6 6 6 6 6 6 6 6 6 6 7 8 8 8 9 10 10 10 10 10 10 10 10 10 10 10 11 11 11 11 
tsim human 11 0 18 18 18 17 16 15 15 15 14 14 13 11 10 10 9 8 8 8 8 8 8 8 8 8 8 8 8 8 8 8 8 8 8 8 8 8 8 8 8 8 8 8 8 8 8 8 8 8 8 8 8 
tsim window 11 0 8 8 8 8 8 8 8 8 8 8 8 8 8 8 9 9 9 10 10 10 10 10 10 10 10 10 11 11 11 11 11 13 13 13 13 13 13 13 13 14 14 14 15 15 15 17 17 17 17 17 17 
task_num -1 11 0 522runtime -1 11 0 0.02268505096435547 0.023228883743286133 0.02307415008544922 0.02254199981689453 0.023689985275268555 0.02287578582763672 0.023754119873046875 0.024767160415649414 0.025777816772460938 
avg_run -1 11 0 0.023599439197116427
al_time -1 11 0 0.02675771713256836 0.027952194213867188 0.027230024337768555 0.02783679962158203 0.73763108253479 0.02316594123840332 0.026606082916259766 0.036520957946777344 0.021219968795776367 
avg_all -1 11 0 0.10610230763753255
sum 0 10 0 60 58 
sum 1 10 0 180 86 
sum 2 10 0 240 96 
sum 3 10 0 360 111 
sum 4 10 0 540 134 
sum 5 10 0 600 140 
sum 6 10 0 1200 162 
sum 7 10 0 1500 163 
sum 8 10 0 1800 164 
sum 9 10 0 2100 173 
sum 10 10 0 2400 187 
sum 11 10 0 2700 203 
sum 12 10 0 3000 218 
miss fire 10 0 3 3 1 0 0 0 1 2 2 2 2 2 0 0 0 1 1 0 0 0 0 0 0 0 0 0 0 0 0 0 0 1 2 2 2 2 3 3 2 2 2 2 2 1 1 0 0 1 1 1 1 
miss human 10 0 18 18 9 8 7 6 6 6 5 5 4 4 2 2 1 0 0 0 0 0 0 0 0 0 0 0 0 0 0 0 0 0 0 0 0 0 0 0 0 0 0 0 0 0 0 0 0 0 0 0 0 
miss window 10 0 8 8 7 3 3 1 1 1 0 0 0 0 0 0 1 1 1 2 2 1 1 1 0 0 0 0 1 0 0 0 0 0 0 0 0 0 0 0 0 1 1 1 2 2 2 3 3 2 2 2 2 
acm fire 10 0 3 6 7 7 7 7 8 10 12 14 16 18 18 18 18 19 20 20 20 20 20 20 20 20 20 20 20 20 20 20 20 21 23 25 27 29 32 35 37 39 41 43 45 46 47 47 47 48 49 50 51 
acm human 10 0 18 36 45 53 60 66 72 78 83 88 92 96 98 100 101 101 101 101 101 101 101 101 101 101 101 101 101 101 101 101 101 101 101 101 101 101 101 101 101 101 101 101 101 101 101 101 101 101 101 101 101 
acm window 10 0 8 16 23 26 29 30 31 32 32 32 32 32 32 32 33 34 35 37 39 40 41 42 42 42 42 42 43 43 43 43 43 43 43 43 43 43 43 43 43 44 45 46 48 50 52 55 58 60 62 64 66 
tsim fire 10 0 3 3 3 3 3 3 4 5 5 5 5 5 5 5 5 6 6 6 6 6 6 6 6 6 6 6 6 6 6 6 6 7 8 8 8 9 10 10 10 10 10 10 10 10 10 10 10 11 11 11 11 
tsim human 10 0 18 18 18 17 16 15 15 15 14 14 13 11 10 10 9 8 8 8 8 8 8 8 8 8 8 8 8 8 8 8 8 8 8 8 8 8 8 8 8 8 8 8 8 8 8 8 8 8 8 8 8 
tsim window 10 0 8 8 8 8 8 8 8 8 8 8 8 8 8 8 9 9 9 10 10 10 10 10 10 10 10 10 11 11 11 11 11 13 13 13 13 13 13 13 13 14 14 14 15 15 15 17 17 17 17 17 17 
task_num -1 10 0 524runtime -1 10 0 0.6534159183502197 0.7099621295928955 1.1765570640563965 1.2020671367645264 0.8179149627685547 1.1806249618530273 1.0275177955627441 0.9535989761352539 0.7242801189422607 0.1482381820678711 
avg_run -1 10 0 0.859417724609375
al_time -1 10 0 0.028074026107788086 0.019692659378051758 0.0399322509765625 0.021032094955444336 0.02829599380493164 0.03219795227050781 0.022895097732543945 0.02739882469177246 0.7038848400115967 0.02306985855102539 
avg_all -1 10 0 0.09464735984802246
random:1T:3000
sum 0 11 1 60 61 
sum 1 11 1 180 114 
sum 2 11 1 240 135 
sum 3 11 1 360 169 
sum 4 11 1 540 207 
sum 5 11 1 600 216 
sum 6 11 1 1200 307 
sum 7 11 1 1500 332 
sum 8 11 1 1800 360 
sum 9 11 1 2100 386 
sum 10 11 1 2400 406 
sum 11 11 1 2700 436 
sum 12 11 1 3000 470 
miss fire 11 1 2 2 1 1 0 1 1 1 1 2 2 2 4 4 4 4 5 4 1 1 1 1 0 0 0 0 0 1 1 1 1 1 0 1 1 2 1 1 1 1 1 2 3 2 2 2 2 3 3 2 2 
miss human 11 1 23 22 21 20 18 14 14 11 11 8 7 7 7 7 10 8 7 6 3 3 3 3 3 3 3 3 3 3 3 3 3 3 3 3 3 3 3 3 3 3 3 3 3 3 3 3 3 3 3 3 3 
miss window 11 1 6 6 5 5 3 2 2 2 2 0 0 0 0 0 0 0 0 0 0 0 0 0 2 2 3 2 1 2 2 2 2 2 1 1 1 1 0 0 0 0 0 0 1 1 1 1 1 1 2 1 2 
acm fire 11 1 2 4 5 6 6 7 8 9 10 12 14 16 20 24 28 32 37 41 42 43 44 45 45 45 45 45 45 46 47 48 49 50 50 51 52 54 55 56 57 58 59 61 64 66 68 70 72 75 78 80 82 
acm human 11 1 23 45 66 86 104 118 132 143 154 162 169 176 183 190 200 208 215 221 224 227 230 233 236 239 242 245 248 251 254 257 260 263 266 269 272 275 278 281 284 287 290 293 296 299 302 305 308 311 314 317 320 
acm window 11 1 6 12 17 22 25 27 29 31 33 33 33 33 33 33 33 33 33 33 33 33 33 33 35 37 40 42 43 45 47 49 51 53 54 55 56 57 57 57 57 57 57 57 58 59 60 61 62 63 65 66 68 
tsim fire 11 1 2 2 2 2 2 3 3 3 3 4 4 4 6 6 7 7 8 8 8 8 8 8 8 8 8 8 8 8 8 8 8 8 8 7 7 8 8 8 8 8 9 10 11 11 11 11 11 12 12 12 12 
tsim human 11 1 23 22 22 21 21 18 18 17 15 15 14 14 14 14 16 14 13 13 13 13 13 13 13 13 13 13 13 13 13 13 13 13 13 13 13 13 13 13 13 13 13 13 13 13 13 13 13 13 13 13 13 
tsim window 11 1 6 6 6 6 6 6 6 6 6 6 6 6 6 6 9 9 12 12 13 13 13 13 15 15 16 16 16 17 17 17 17 17 17 17 17 17 17 17 17 17 17 17 18 18 18 18 18 18 19 19 20 
task_num -1 11 1 576runtime -1 11 1 0.03978705406188965 0.03166794776916504 0.037860870361328125 0.03550410270690918 0.05335092544555664 0.0319209098815918 
avg_run -1 11 1 0.038348635037740074
al_time -1 11 1 0.04077482223510742 0.034043073654174805 0.04160594940185547 0.04113197326660156 0.034052133560180664 0.027192115783691406 
avg_all -1 11 1 0.03646667798360189
sum 0 10 1 60 61 
sum 1 10 1 180 96 
sum 2 10 1 240 112 
sum 3 10 1 360 144 
sum 4 10 1 540 185 
sum 5 10 1 600 192 
sum 6 10 1 1200 246 
sum 7 10 1 1500 259 
sum 8 10 1 1800 265 
sum 9 10 1 2100 269 
sum 10 10 1 2400 272 
sum 11 10 1 2700 288 
sum 12 10 1 3000 307 
miss fire 10 1 2 2 0 0 0 1 1 1 1 2 1 1 2 2 3 3 4 1 1 0 0 0 0 0 0 0 0 0 0 0 0 0 0 1 1 2 2 0 0 0 1 2 3 3 2 2 2 3 3 3 3 
miss human 10 1 23 22 13 10 10 10 8 8 10 9 6 6 7 7 9 3 2 0 0 0 0 0 0 0 0 0 0 0 0 0 0 0 0 0 0 0 0 0 0 0 0 0 0 0 0 0 0 0 0 0 0 
miss window 10 1 6 6 6 6 6 6 6 5 4 1 0 0 0 0 0 0 0 0 1 1 1 1 3 3 3 3 2 2 2 0 0 0 0 0 0 0 0 0 0 0 0 0 1 1 1 1 1 0 1 1 2 
acm fire 10 1 2 4 4 4 4 5 6 7 8 10 11 12 14 16 19 22 26 27 28 28 28 28 28 28 28 28 28 28 28 28 28 28 28 29 30 32 34 34 34 34 35 37 40 43 45 47 49 52 55 58 61 
acm human 10 1 23 45 58 68 78 88 96 104 114 123 129 135 142 149 158 161 163 163 163 163 163 163 163 163 163 163 163 163 163 163 163 163 163 163 163 163 163 163 163 163 163 163 163 163 163 163 163 163 163 163 163 
acm window 10 1 6 12 18 24 30 36 42 47 51 52 52 52 52 52 52 52 52 52 53 54 55 56 59 62 65 68 70 72 74 74 74 74 74 74 74 74 74 74 74 74 74 74 75 76 77 78 79 79 80 81 83 
tsim fire 10 1 2 2 2 2 2 3 3 3 3 4 4 4 6 6 7 7 8 8 8 8 8 8 8 8 8 8 8 8 8 8 8 8 8 7 7 8 8 8 8 8 9 10 11 11 11 11 11 12 12 12 12 
tsim human 10 1 23 22 22 21 21 18 18 17 15 15 14 14 14 14 16 14 13 13 13 13 13 13 13 13 13 13 13 13 13 13 13 13 13 13 13 13 13 13 13 13 13 13 13 13 13 13 13 13 13 13 13 
tsim window 10 1 6 6 6 6 6 6 6 6 6 6 6 6 6 6 9 9 12 12 13 13 13 13 15 15 16 16 16 17 17 17 17 17 17 17 17 17 17 17 17 17 17 17 18 18 18 18 18 18 19 19 20 
task_num -1 10 1 785runtime -1 10 1 0.38066911697387695 1.551839828491211 1.400928020477295 1.306274175643921 1.47816801071167 2.0183281898498535 1.8436691761016846 1.6015748977661133 0.8814141750335693 
avg_run -1 10 1 1.3847628434499104
al_time -1 10 1 0.03758692741394043 0.03335714340209961 1.2052068710327148 1.2179582118988037 0.03889274597167969 0.041708946228027344 0.036607980728149414 0.036544084548950195 0.03317689895629883 
avg_all -1 10 1 0.297893312242296
random:2T:3000
sum 0 11 2 60 42 
sum 1 11 2 180 75 
sum 2 11 2 240 89 
sum 3 11 2 360 108 
sum 4 11 2 540 124 
sum 5 11 2 600 129 
sum 6 11 2 1200 150 
sum 7 11 2 1500 157 
sum 8 11 2 1800 158 
sum 9 11 2 2100 160 
sum 10 11 2 2400 166 
sum 11 11 2 2700 186 
sum 12 11 2 3000 213 
miss fire 11 2 3 3 3 3 3 2 3 1 1 1 1 1 1 0 0 0 0 0 0 0 0 0 0 0 0 0 0 0 0 0 1 1 1 0 0 0 0 0 1 1 1 1 3 3 4 4 4 4 3 3 3 
miss human 11 2 13 11 9 8 7 5 4 3 3 5 3 1 0 1 0 0 0 0 0 0 0 0 0 0 0 0 0 0 0 0 0 0 0 0 0 0 0 0 0 0 0 0 0 0 0 0 0 0 0 0 0 
miss window 11 2 6 6 6 4 4 3 2 0 1 1 1 1 1 1 1 1 1 3 3 3 2 2 2 1 1 1 0 0 0 0 0 0 0 0 0 0 0 0 1 1 1 1 1 1 1 1 2 2 2 2 2 
acm fire 11 2 3 6 9 12 15 17 20 21 22 23 24 25 26 26 26 26 26 26 26 26 26 26 26 26 26 26 26 26 26 26 27 28 29 29 29 29 29 29 30 31 32 33 36 39 43 47 51 55 58 61 64 
acm human 11 2 13 24 33 41 48 53 57 60 63 68 71 72 72 73 73 73 73 73 73 73 73 73 73 73 73 73 73 73 73 73 73 73 73 73 73 73 73 73 73 73 73 73 73 73 73 73 73 73 73 73 73 
acm window 11 2 6 12 18 22 26 29 31 31 32 33 34 35 36 37 38 39 40 43 46 49 51 53 55 56 57 58 58 58 58 58 58 58 58 58 58 58 58 58 59 60 61 62 63 64 65 66 68 70 72 74 76 
tsim fire 11 2 3 3 3 4 4 4 5 5 5 6 6 6 6 6 6 6 6 6 6 6 6 6 6 6 6 6 6 6 6 6 7 7 7 6 6 6 6 6 7 7 8 8 10 10 11 12 12 12 12 12 12 
tsim human 11 2 13 11 11 10 10 9 9 9 9 11 9 8 7 7 6 6 6 6 6 6 6 6 6 6 6 6 6 6 6 6 6 6 6 6 6 6 6 6 6 6 6 6 6 6 6 6 6 6 6 6 6 
tsim window 11 2 6 6 6 6 6 6 6 6 7 9 9 9 9 9 9 9 9 11 11 11 11 11 11 11 11 11 11 11 11 11 11 11 11 11 11 11 11 11 12 12 12 12 12 12 12 19 20 20 20 20 20 
task_num -1 11 2 585runtime -1 11 2 0.02027297019958496 0.01793670654296875 0.017214059829711914 0.01773214340209961 0.01784801483154297 0.018466949462890625 0.04065203666687012 0.01997208595275879 0.020028114318847656 0.01909184455871582 0.0212860107421875 
avg_run -1 11 2 0.02095463059165261
al_time -1 11 2 0.027760744094848633 0.017112016677856445 0.5818259716033936 0.021042823791503906 0.03041696548461914 0.029455184936523438 0.028139114379882812 0.027378082275390625 0.029844045639038086 0.6770868301391602 0.020450115203857422 
avg_all -1 11 2 0.13550108129327948
sum 0 10 2 60 42 
sum 1 10 2 180 67 
sum 2 10 2 240 77 
sum 3 10 2 360 89 
sum 4 10 2 540 109 
sum 5 10 2 600 111 
sum 6 10 2 1200 121 
sum 7 10 2 1500 121 
sum 8 10 2 1800 122 
sum 9 10 2 2100 124 
sum 10 10 2 2400 129 
sum 11 10 2 2700 137 
sum 12 10 2 3000 142 
miss fire 10 2 3 3 1 2 2 1 1 1 1 2 0 0 0 0 0 0 0 0 0 0 0 0 0 0 0 0 0 0 0 0 1 1 1 0 0 0 0 0 1 0 1 0 2 1 2 3 0 0 0 0 0 
miss human 10 2 13 11 6 4 4 4 4 4 4 6 2 3 0 0 2 2 0 0 1 0 0 0 0 0 0 0 0 0 0 0 0 0 0 0 0 0 0 0 0 0 0 0 0 0 0 0 0 0 0 0 0 
miss window 10 2 6 6 6 6 4 2 0 0 1 1 0 0 0 0 0 0 0 2 0 0 0 0 0 0 0 0 0 0 0 0 0 0 0 0 0 0 0 0 1 1 1 0 0 0 0 0 1 1 1 1 1 
acm fire 10 2 3 6 7 9 11 12 13 14 15 17 17 17 17 17 17 17 17 17 17 17 17 17 17 17 17 17 17 17 17 17 18 19 20 20 20 20 20 20 21 21 22 22 24 25 27 30 30 30 30 30 30 
acm human 10 2 13 24 30 34 38 42 46 50 54 60 62 65 65 65 67 69 69 69 70 70 70 70 70 70 70 70 70 70 70 70 70 70 70 70 70 70 70 70 70 70 70 70 70 70 70 70 70 70 70 70 70 
acm window 10 2 6 12 18 24 28 30 30 30 31 32 32 32 32 32 32 32 32 34 34 34 34 34 34 34 34 34 34 34 34 34 34 34 34 34 34 34 34 34 35 36 37 37 37 37 37 37 38 39 40 41 42 
tsim fire 10 2 3 3 3 4 4 4 5 5 5 6 6 6 6 6 6 6 6 6 6 6 6 6 6 6 6 6 6 6 6 6 7 7 7 6 6 6 6 6 7 7 8 8 10 10 11 12 12 12 12 12 12 
tsim human 10 2 13 11 11 10 10 9 9 9 9 11 9 8 7 7 6 6 6 6 6 6 6 6 6 6 6 6 6 6 6 6 6 6 6 6 6 6 6 6 6 6 6 6 6 6 6 6 6 6 6 6 6 
tsim window 10 2 6 6 6 6 6 6 6 6 7 9 9 9 9 9 9 9 9 11 11 11 11 11 11 11 11 11 11 11 11 11 11 11 11 11 11 11 11 11 12 12 12 12 12 12 12 19 20 20 20 20 20 
task_num -1 10 2 598runtime -1 10 2 0.7391822338104248 0.6943860054016113 0.789794921875 0.8732340335845947 0.9412927627563477 0.8675990104675293 0.6851687431335449 0.7044961452484131 0.8251831531524658 0.9438951015472412 0.5721769332885742 0.3920581340789795 0.05597376823425293 
avg_run -1 10 2 0.6988031497368445
al_time -1 10 2 0.024392127990722656 0.5772027969360352 0.020394563674926758 0.02530694007873535 0.02493119239807129 0.033019065856933594 0.021339893341064453 0.023785114288330078 0.022343873977661133 0.023054838180541992 0.02180004119873047 0.6979420185089111 0.021950960159301758 
avg_all -1 10 2 0.11826641742999737
random:3T:3000
sum 0 11 3 60 102 
sum 1 11 3 180 203 
sum 2 11 3 240 248 
sum 3 11 3 360 318 
sum 4 11 3 540 392 
sum 5 11 3 600 412 
sum 6 11 3 1200 641 
sum 7 11 3 1500 744 
sum 8 11 3 1800 853 
sum 9 11 3 2100 969 
sum 10 11 3 2400 1096 
sum 11 11 3 2700 1235 
sum 12 11 3 3000 1374 
miss fire 11 3 3 4 4 4 4 4 4 4 4 4 6 6 6 6 6 6 6 6 6 6 6 6 6 7 7 7 7 8 8 8 8 8 8 9 9 10 10 10 10 10 12 12 12 12 11 10 10 10 10 10 10 
miss human 11 3 25 31 26 24 20 15 12 11 8 7 5 10 10 9 9 8 8 6 4 4 4 4 4 4 4 4 4 4 4 4 4 4 4 4 4 4 4 4 4 4 4 4 4 4 4 4 4 4 4 4 4 
miss window 11 3 17 22 22 21 21 18 17 14 13 9 9 10 10 10 10 10 10 10 8 9 10 10 10 10 10 10 10 10 10 10 10 10 10 10 11 11 11 11 11 11 11 11 12 13 13 13 13 14 14 14 14 
acm fire 11 3 3 7 11 15 19 23 27 31 35 39 45 51 57 63 69 75 81 87 93 99 105 111 117 124 131 138 145 153 161 169 177 185 193 202 211 221 231 241 251 261 273 285 297 309 320 330 340 350 360 370 380 
acm human 11 3 25 56 82 106 126 141 153 164 172 179 184 194 204 213 222 230 238 244 248 252 256 260 264 268 272 276 280 284 288 292 296 300 304 308 312 316 320 324 328 332 336 340 344 348 352 356 360 364 368 372 376 
acm window 11 3 17 39 61 82 103 121 138 152 165 174 183 193 203 213 223 233 243 253 261 270 280 290 300 310 320 330 340 350 360 370 380 390 400 410 421 432 443 454 465 476 487 498 510 523 536 549 562 576 590 604 618 
tsim fire 11 3 3 4 4 4 4 4 4 4 4 4 6 6 6 6 6 6 6 6 6 6 6 6 6 7 7 7 7 8 8 8 8 8 8 9 9 10 10 10 10 10 12 12 12 12 12 12 12 12 12 12 12 
tsim human 11 3 25 31 30 30 28 25 23 23 22 20 18 17 17 17 17 17 17 17 17 17 17 17 17 17 17 17 17 17 17 17 17 17 17 17 17 17 17 17 17 17 17 17 17 17 17 17 17 17 17 17 17 
tsim window 11 3 17 22 22 22 22 22 22 22 22 22 22 23 23 23 23 23 23 23 23 24 25 25 25 27 27 27 27 27 27 27 27 27 27 27 28 28 28 28 28 28 29 29 30 31 31 31 31 32 32 32 32 
task_num -1 11 3 672runtime -1 11 3 0.04354381561279297 0.04159379005432129 0.04137706756591797 0.04114890098571777 0.04172706604003906 0.04178214073181152 
avg_run -1 11 3 0.0418621301651001
al_time -1 11 3 0.04102826118469238 0.04111194610595703 0.03531479835510254 0.034963369369506836 0.0651540756225586 0.02768087387084961 
avg_all -1 11 3 0.04087555408477783
sum 0 10 3 60 102 
sum 1 10 3 180 184 
sum 2 10 3 240 220 
sum 3 10 3 360 279 
sum 4 10 3 540 335 
sum 5 10 3 600 352 
sum 6 10 3 1200 406 
sum 7 10 3 1500 412 
sum 8 10 3 1800 421 
sum 9 10 3 2100 431 
sum 10 10 3 2400 441 
sum 11 10 3 2700 457 
sum 12 10 3 3000 468 
miss fire 10 3 3 4 2 0 0 0 0 0 0 0 2 2 0 0 0 0 0 0 0 0 0 0 0 1 1 1 1 2 2 2 2 2 1 2 1 2 2 2 2 1 3 2 2 2 2 1 1 0 0 0 0 
miss human 10 3 25 31 22 17 16 14 10 9 7 8 8 7 7 6 6 6 1 1 0 0 0 0 0 0 0 0 0 0 0 0 0 0 0 0 0 0 0 0 0 0 0 0 0 0 0 0 0 0 0 0 0 
miss window 10 3 17 22 21 20 20 19 16 13 10 9 7 8 2 1 1 1 1 1 0 1 2 2 1 0 0 0 0 0 0 0 0 0 0 0 1 1 0 0 0 0 0 0 1 2 2 2 2 3 3 1 1 
acm fire 10 3 3 7 9 9 9 9 9 9 9 9 11 13 13 13 13 13 13 13 13 13 13 13 13 14 15 16 17 19 21 23 25 27 28 30 31 33 35 37 39 40 43 45 47 49 51 52 53 53 53 53 53 
acm human 10 3 25 56 78 95 111 125 135 144 151 159 167 174 181 187 193 199 200 201 201 201 201 201 201 201 201 201 201 201 201 201 201 201 201 201 201 201 201 201 201 201 201 201 201 201 201 201 201 201 201 201 201 
acm window 10 3 17 39 60 80 100 119 135 148 158 167 174 182 184 185 186 187 188 189 189 190 192 194 195 195 195 195 195 195 195 195 195 195 195 195 196 197 197 197 197 197 197 197 198 200 202 204 206 209 212 213 214 
tsim fire 10 3 3 4 4 4 4 4 4 4 4 4 6 6 6 6 6 6 6 6 6 6 6 6 6 7 7 7 7 8 8 8 8 8 8 9 9 10 10 10 10 10 12 12 12 12 12 12 12 12 12 12 12 
tsim human 10 3 25 31 30 30 28 25 23 23 22 20 18 17 17 17 17 17 17 17 17 17 17 17 17 17 17 17 17 17 17 17 17 17 17 17 17 17 17 17 17 17 17 17 17 17 17 17 17 17 17 17 17 
tsim window 10 3 17 22 22 22 22 22 22 22 22 22 22 23 23 23 23 23 23 23 23 24 25 25 25 27 27 27 27 27 27 27 27 27 27 27 28 28 28 28 28 28 29 29 30 31 31 31 31 32 32 32 32 
task_num -1 10 3 920runtime -1 10 3 0.18386197090148926 2.486030101776123 2.00679087638855 2.0251612663269043 2.2607829570770264 2.9729580879211426 1.3826930522918701 1.9281258583068848 2.3031461238861084 1.3045198917388916 1.1428308486938477 0.7725391387939453 
avg_run -1 10 3 1.730786681175232
al_time -1 10 3 0.04185795783996582 0.05092883110046387 0.03214216232299805 0.030543088912963867 0.03945422172546387 1.2176759243011475 0.03488278388977051 0.040010929107666016 0.03553509712219238 0.040060997009277344 0.03899884223937988 0.03387904167175293 
avg_all -1 10 3 0.13633082310358682
random:4T:3000
sum 0 11 4 60 59 
sum 1 11 4 180 96 
sum 2 11 4 240 110 
sum 3 11 4 360 123 
sum 4 11 4 540 136 
sum 5 11 4 600 145 
sum 6 11 4 1200 197 
sum 7 11 4 1500 223 
sum 8 11 4 1800 233 
sum 9 11 4 2100 237 
sum 10 11 4 2400 241 
sum 11 11 4 2700 250 
sum 12 11 4 3000 269 
miss fire 11 4 2 2 2 2 2 0 1 1 1 1 4 4 4 3 3 3 2 3 3 3 3 3 3 3 3 3 1 1 1 1 1 1 1 0 0 0 0 0 1 2 1 1 1 1 3 3 3 3 3 4 4 
miss human 11 4 16 15 9 8 7 5 4 3 3 3 5 5 3 1 1 1 0 0 1 1 1 0 0 0 0 0 0 0 0 0 0 0 0 0 0 0 0 0 0 0 0 0 0 0 0 0 0 0 0 0 0 
miss window 11 4 12 12 9 7 5 2 1 1 0 0 0 0 0 0 0 0 1 1 2 1 2 2 2 2 2 3 1 1 1 1 1 1 1 0 0 0 0 0 0 0 0 0 0 0 0 0 0 0 0 1 1 
acm fire 11 4 2 4 6 8 10 10 11 12 13 14 18 22 26 29 32 35 37 40 43 46 49 52 55 58 61 64 65 66 67 68 69 70 71 71 71 71 71 71 72 74 75 76 77 78 81 84 87 90 93 97 101 
acm human 11 4 16 31 40 48 55 60 64 67 70 73 78 83 86 87 88 89 89 89 90 91 92 92 92 92 92 92 92 92 92 92 92 92 92 92 92 92 92 92 92 92 92 92 92 92 92 92 92 92 92 92 92 
acm window 11 4 12 24 33 40 45 47 48 49 49 49 49 49 49 49 49 49 50 51 53 54 56 58 60 62 64 67 68 69 70 71 72 73 74 74 74 74 74 74 74 74 74 74 74 74 74 74 74 74 74 75 76 
tsim fire 11 4 2 2 2 2 2 2 3 3 3 3 6 6 6 6 6 6 6 7 7 7 7 7 7 7 7 7 7 7 7 7 7 7 7 6 6 6 6 6 7 8 8 8 8 8 10 10 10 10 11 12 12 
tsim human 11 4 16 15 15 15 15 14 14 14 13 13 15 15 13 11 11 11 11 11 11 11 11 11 11 11 11 11 11 11 11 11 11 11 11 11 11 11 11 11 11 11 11 11 11 11 11 11 11 11 11 11 11 
tsim window 11 4 12 12 12 12 12 12 12 12 12 12 15 15 15 15 15 15 16 16 18 18 19 19 19 19 19 20 20 20 20 20 20 20 20 20 20 20 20 20 20 20 20 20 20 20 25 25 25 25 25 26 26 
task_num -1 11 4 618runtime -1 11 4 0.022768735885620117 0.023049354553222656 0.023279905319213867 0.02700209617614746 0.026376008987426758 0.0439448356628418 0.021427154541015625 0.022001028060913086 0.022272109985351562 0.021543264389038086 0.025020122528076172 
avg_run -1 11 4 0.025334965098987926
al_time -1 11 4 0.02866196632385254 0.017541170120239258 0.019560813903808594 0.0262448787689209 0.03142905235290527 0.8533961772918701 0.02937602996826172 0.026595115661621094 0.02440500259399414 0.8007652759552002 0.023778200149536133 
avg_all -1 11 4 0.17106851664456454
sum 0 10 4 60 59 
sum 1 10 4 180 96 
sum 2 10 4 240 105 
sum 3 10 4 360 120 
sum 4 10 4 540 140 
sum 5 10 4 600 149 
sum 6 10 4 1200 185 
sum 7 10 4 1500 190 
sum 8 10 4 1800 196 
sum 9 10 4 2100 201 
sum 10 10 4 2400 206 
sum 11 10 4 2700 210 
sum 12 10 4 3000 220 
miss fire 10 4 2 2 1 0 0 0 1 1 1 1 4 4 2 2 2 2 1 2 1 1 0 0 0 0 0 0 0 0 0 0 1 1 0 1 1 1 1 0 1 2 1 1 0 0 2 1 1 1 2 3 3 
miss human 10 4 16 15 8 5 4 3 3 3 4 4 5 5 3 1 1 1 0 0 0 0 0 0 0 0 0 0 0 0 0 0 0 0 0 0 0 0 0 0 0 0 0 0 0 0 0 0 0 0 0 0 0 
miss window 10 4 12 12 12 11 5 5 3 3 2 1 0 0 0 0 0 0 1 1 2 2 2 2 2 0 0 1 1 1 1 1 1 1 0 0 0 0 0 0 0 0 0 0 0 0 0 0 0 0 0 0 0 
acm fire 10 4 2 4 5 5 5 5 6 7 8 9 13 17 19 21 23 25 26 28 29 30 30 30 30 30 30 30 30 30 30 30 31 32 32 33 34 35 36 36 37 39 40 41 41 41 43 44 45 46 48 51 54 
acm human 10 4 16 31 39 44 48 51 54 57 61 65 70 75 78 79 80 81 81 81 81 81 81 81 81 81 81 81 81 81 81 81 81 81 81 81 81 81 81 81 81 81 81 81 81 81 81 81 81 81 81 81 81 
acm window 10 4 12 24 36 47 52 57 60 63 65 66 66 66 66 66 66 66 67 68 70 72 74 76 78 78 78 79 80 81 82 83 84 85 85 85 85 85 85 85 85 85 85 85 85 85 85 85 85 85 85 85 85 
tsim fire 10 4 2 2 2 2 2 2 3 3 3 3 6 6 6 6 6 6 6 7 7 7 7 7 7 7 7 7 7 7 7 7 7 7 7 6 6 6 6 6 7 8 8 8 8 8 10 10 10 10 11 12 12 
tsim human 10 4 16 15 15 15 15 14 14 14 13 13 15 15 13 11 11 11 11 11 11 11 11 11 11 11 11 11 11 11 11 11 11 11 11 11 11 11 11 11 11 11 11 11 11 11 11 11 11 11 11 11 11 
tsim window 10 4 12 12 12 12 12 12 12 12 12 12 15 15 15 15 15 15 16 16 18 18 19 19 19 19 19 20 20 20 20 20 20 20 20 20 20 20 20 20 20 20 20 20 20 20 25 25 25 25 25 26 26 
task_num -1 10 4 626runtime -1 10 4 0.8966140747070312 0.7905259132385254 1.0425238609313965 1.6118547916412354 1.3066577911376953 2.157867908477783 1.2214820384979248 0.957122802734375 1.5302441120147705 0.9370880126953125 0.8022162914276123 0.15276384353637695 
avg_run -1 10 4 1.1172467867533367
al_time -1 10 4 0.033772945404052734 0.8683578968048096 0.02414393424987793 0.022224903106689453 0.021723270416259766 0.023857831954956055 0.03360795974731445 0.030143022537231445 0.024085044860839844 0.042836904525756836 0.8675861358642578 0.02295708656311035 
avg_all -1 10 4 0.16794141133626303
random:0T:3000
sum 0 11 0 60 58 
sum 1 11 0 180 100 
sum 2 11 0 240 118 
sum 3 11 0 360 143 
sum 4 11 0 540 166 
sum 5 11 0 600 171 
sum 6 11 0 1200 199 
sum 7 11 0 1500 202 
sum 8 11 0 1800 207 
sum 9 11 0 2100 218 
sum 10 11 0 2400 231 
sum 11 11 0 2700 237 
sum 12 11 0 3000 251 
miss fire 11 0 3 3 2 1 1 0 1 1 1 0 0 0 0 0 0 1 1 1 1 1 1 1 1 1 0 0 0 0 0 0 0 1 2 2 2 3 3 3 2 2 2 0 0 0 0 0 0 1 0 0 0 
miss human 11 0 18 18 14 14 13 12 9 7 6 6 5 3 4 3 2 1 1 1 0 0 0 0 0 0 0 0 0 0 0 0 0 0 0 0 0 0 0 0 0 0 0 0 0 0 0 0 0 0 0 0 0 
miss window 11 0 8 8 6 5 4 2 1 1 1 0 0 0 0 0 1 1 1 2 1 1 0 0 0 0 0 0 1 1 1 1 1 1 0 0 0 0 0 0 0 1 0 0 1 1 1 3 3 3 3 2 2 
acm fire 11 0 3 6 8 9 10 10 11 12 13 13 13 13 13 13 13 14 15 16 17 18 19 20 21 22 22 22 22 22 22 22 22 23 25 27 29 32 35 38 40 42 44 44 44 44 44 44 44 45 45 45 45 
acm human 11 0 18 36 50 64 77 89 98 105 111 117 122 125 129 132 134 135 136 137 137 137 137 137 137 137 137 137 137 137 137 137 137 137 137 137 137 137 137 137 137 137 137 137 137 137 137 137 137 137 137 137 137 
acm window 11 0 8 16 22 27 31 33 34 35 36 36 36 36 36 36 37 38 39 41 42 43 43 43 43 43 43 43 44 45 46 47 48 49 49 49 49 49 49 49 49 50 50 50 51 52 53 56 59 62 65 67 69 
tsim fire 11 0 3 3 3 3 3 3 4 5 5 5 5 5 5 5 5 6 6 6 6 6 6 6 6 6 6 6 6 6 6 6 6 7 8 8 8 9 10 10 10 10 10 10 10 10 10 10 10 11 11 11 11 
tsim human 11 0 18 18 18 17 16 15 15 15 14 14 13 11 10 10 9 8 8 8 8 8 8 8 8 8 8 8 8 8 8 8 8 8 8 8 8 8 8 8 8 8 8 8 8 8 8 8 8 8 8 8 8 
tsim window 11 0 8 8 8 8 8 8 8 8 8 8 8 8 8 8 9 9 9 10 10 10 10 10 10 10 10 10 11 11 11 11 11 13 13 13 13 13 13 13 13 14 14 14 15 15 15 17 17 17 17 17 17 
task_num -1 11 0 522runtime -1 11 0 0.022485017776489258 0.022010087966918945 0.022001266479492188 0.022620201110839844 0.021977901458740234 0.0219419002532959 0.02277994155883789 0.02285289764404297 0.024543046951293945 
avg_run -1 11 0 0.02257914013332791
al_time -1 11 0 0.02823185920715332 0.026498079299926758 0.025590896606445312 0.02664923667907715 0.6816868782043457 0.0224151611328125 0.026360750198364258 0.032208919525146484 0.019093751907348633 
avg_all -1 11 0 0.09874839252895778
sum 0 10 0 60 58 
sum 1 10 0 180 86 
sum 2 10 0 240 96 
sum 3 10 0 360 111 
sum 4 10 0 540 134 
sum 5 10 0 600 140 
sum 6 10 0 1200 162 
sum 7 10 0 1500 163 
sum 8 10 0 1800 164 
sum 9 10 0 2100 173 
sum 10 10 0 2400 187 
sum 11 10 0 2700 203 
sum 12 10 0 3000 218 
miss fire 10 0 3 3 1 0 0 0 1 2 2 2 2 2 0 0 0 1 1 0 0 0 0 0 0 0 0 0 0 0 0 0 0 1 2 2 2 2 3 3 2 2 2 2 2 1 1 0 0 1 1 1 1 
miss human 10 0 18 18 9 8 7 6 6 6 5 5 4 4 2 2 1 0 0 0 0 0 0 0 0 0 0 0 0 0 0 0 0 0 0 0 0 0 0 0 0 0 0 0 0 0 0 0 0 0 0 0 0 
miss window 10 0 8 8 7 3 3 1 1 1 0 0 0 0 0 0 1 1 1 2 2 1 1 1 0 0 0 0 1 0 0 0 0 0 0 0 0 0 0 0 0 1 1 1 2 2 2 3 3 2 2 2 2 
acm fire 10 0 3 6 7 7 7 7 8 10 12 14 16 18 18 18 18 19 20 20 20 20 20 20 20 20 20 20 20 20 20 20 20 21 23 25 27 29 32 35 37 39 41 43 45 46 47 47 47 48 49 50 51 
acm human 10 0 18 36 45 53 60 66 72 78 83 88 92 96 98 100 101 101 101 101 101 101 101 101 101 101 101 101 101 101 101 101 101 101 101 101 101 101 101 101 101 101 101 101 101 101 101 101 101 101 101 101 101 
acm window 10 0 8 16 23 26 29 30 31 32 32 32 32 32 32 32 33 34 35 37 39 40 41 42 42 42 42 42 43 43 43 43 43 43 43 43 43 43 43 43 43 44 45 46 48 50 52 55 58 60 62 64 66 
tsim fire 10 0 3 3 3 3 3 3 4 5 5 5 5 5 5 5 5 6 6 6 6 6 6 6 6 6 6 6 6 6 6 6 6 7 8 8 8 9 10 10 10 10 10 10 10 10 10 10 10 11 11 11 11 
tsim human 10 0 18 18 18 17 16 15 15 15 14 14 13 11 10 10 9 8 8 8 8 8 8 8 8 8 8 8 8 8 8 8 8 8 8 8 8 8 8 8 8 8 8 8 8 8 8 8 8 8 8 8 8 
tsim window 10 0 8 8 8 8 8 8 8 8 8 8 8 8 8 8 9 9 9 10 10 10 10 10 10 10 10 10 11 11 11 11 11 13 13 13 13 13 13 13 13 14 14 14 15 15 15 17 17 17 17 17 17 
task_num -1 10 0 524runtime -1 10 0 0.661491870880127 0.7056200504302979 1.147601842880249 1.213719129562378 0.8277797698974609 1.028031826019287 0.8891241550445557 0.9162039756774902 0.6693150997161865 0.14827775955200195 
avg_run -1 10 0 0.8207165479660035
al_time -1 10 0 0.03059673309326172 0.018986940383911133 0.03709697723388672 0.02146291732788086 0.025294065475463867 0.026317834854125977 0.02159881591796875 0.024272918701171875 0.6911189556121826 0.023066997528076172 
avg_all -1 10 0 0.09198131561279296
random:1T:3000
sum 0 11 1 60 61 
sum 1 11 1 180 114 
sum 2 11 1 240 135 
sum 3 11 1 360 169 
sum 4 11 1 540 207 
sum 5 11 1 600 216 
sum 6 11 1 1200 307 
sum 7 11 1 1500 332 
sum 8 11 1 1800 360 
sum 9 11 1 2100 386 
sum 10 11 1 2400 406 
sum 11 11 1 2700 436 
sum 12 11 1 3000 470 
miss fire 11 1 2 2 1 1 0 1 1 1 1 2 2 2 4 4 4 4 5 4 1 1 1 1 0 0 0 0 0 1 1 1 1 1 0 1 1 2 1 1 1 1 1 2 3 2 2 2 2 3 3 2 2 
miss human 11 1 23 22 21 20 18 14 14 11 11 8 7 7 7 7 10 8 7 6 3 3 3 3 3 3 3 3 3 3 3 3 3 3 3 3 3 3 3 3 3 3 3 3 3 3 3 3 3 3 3 3 3 
miss window 11 1 6 6 5 5 3 2 2 2 2 0 0 0 0 0 0 0 0 0 0 0 0 0 2 2 3 2 1 2 2 2 2 2 1 1 1 1 0 0 0 0 0 0 1 1 1 1 1 1 2 1 2 
acm fire 11 1 2 4 5 6 6 7 8 9 10 12 14 16 20 24 28 32 37 41 42 43 44 45 45 45 45 45 45 46 47 48 49 50 50 51 52 54 55 56 57 58 59 61 64 66 68 70 72 75 78 80 82 
acm human 11 1 23 45 66 86 104 118 132 143 154 162 169 176 183 190 200 208 215 221 224 227 230 233 236 239 242 245 248 251 254 257 260 263 266 269 272 275 278 281 284 287 290 293 296 299 302 305 308 311 314 317 320 
acm window 11 1 6 12 17 22 25 27 29 31 33 33 33 33 33 33 33 33 33 33 33 33 33 33 35 37 40 42 43 45 47 49 51 53 54 55 56 57 57 57 57 57 57 57 58 59 60 61 62 63 65 66 68 
tsim fire 11 1 2 2 2 2 2 3 3 3 3 4 4 4 6 6 7 7 8 8 8 8 8 8 8 8 8 8 8 8 8 8 8 8 8 7 7 8 8 8 8 8 9 10 11 11 11 11 11 12 12 12 12 
tsim human 11 1 23 22 22 21 21 18 18 17 15 15 14 14 14 14 16 14 13 13 13 13 13 13 13 13 13 13 13 13 13 13 13 13 13 13 13 13 13 13 13 13 13 13 13 13 13 13 13 13 13 13 13 
tsim window 11 1 6 6 6 6 6 6 6 6 6 6 6 6 6 6 9 9 12 12 13 13 13 13 15 15 16 16 16 17 17 17 17 17 17 17 17 17 17 17 17 17 17 17 18 18 18 18 18 18 19 19 20 
task_num -1 11 1 576runtime -1 11 1 0.03136396408081055 0.03045487403869629 0.029514074325561523 0.02942800521850586 0.0433809757232666 0.02950286865234375 
avg_run -1 11 1 0.03227412700653076
al_time -1 11 1 0.037001848220825195 0.03202104568481445 0.031986236572265625 0.031523942947387695 0.03196072578430176 0.024936199188232422 
avg_all -1 11 1 0.031571666399637856
sum 0 10 1 60 61 
sum 1 10 1 180 96 
sum 2 10 1 240 112 
sum 3 10 1 360 144 
sum 4 10 1 540 185 
sum 5 10 1 600 192 
sum 6 10 1 1200 246 
sum 7 10 1 1500 259 
sum 8 10 1 1800 265 
sum 9 10 1 2100 269 
sum 10 10 1 2400 272 
sum 11 10 1 2700 288 
sum 12 10 1 3000 307 
miss fire 10 1 2 2 0 0 0 1 1 1 1 2 1 1 2 2 3 3 4 1 1 0 0 0 0 0 0 0 0 0 0 0 0 0 0 1 1 2 2 0 0 0 1 2 3 3 2 2 2 3 3 3 3 
miss human 10 1 23 22 13 10 10 10 8 8 10 9 6 6 7 7 9 3 2 0 0 0 0 0 0 0 0 0 0 0 0 0 0 0 0 0 0 0 0 0 0 0 0 0 0 0 0 0 0 0 0 0 0 
miss window 10 1 6 6 6 6 6 6 6 5 4 1 0 0 0 0 0 0 0 0 1 1 1 1 3 3 3 3 2 2 2 0 0 0 0 0 0 0 0 0 0 0 0 0 1 1 1 1 1 0 1 1 2 
acm fire 10 1 2 4 4 4 4 5 6 7 8 10 11 12 14 16 19 22 26 27 28 28 28 28 28 28 28 28 28 28 28 28 28 28 28 29 30 32 34 34 34 34 35 37 40 43 45 47 49 52 55 58 61 
acm human 10 1 23 45 58 68 78 88 96 104 114 123 129 135 142 149 158 161 163 163 163 163 163 163 163 163 163 163 163 163 163 163 163 163 163 163 163 163 163 163 163 163 163 163 163 163 163 163 163 163 163 163 163 
acm window 10 1 6 12 18 24 30 36 42 47 51 52 52 52 52 52 52 52 52 52 53 54 55 56 59 62 65 68 70 72 74 74 74 74 74 74 74 74 74 74 74 74 74 74 75 76 77 78 79 79 80 81 83 
tsim fire 10 1 2 2 2 2 2 3 3 3 3 4 4 4 6 6 7 7 8 8 8 8 8 8 8 8 8 8 8 8 8 8 8 8 8 7 7 8 8 8 8 8 9 10 11 11 11 11 11 12 12 12 12 
tsim human 10 1 23 22 22 21 21 18 18 17 15 15 14 14 14 14 16 14 13 13 13 13 13 13 13 13 13 13 13 13 13 13 13 13 13 13 13 13 13 13 13 13 13 13 13 13 13 13 13 13 13 13 13 
tsim window 10 1 6 6 6 6 6 6 6 6 6 6 6 6 6 6 9 9 12 12 13 13 13 13 15 15 16 16 16 17 17 17 17 17 17 17 17 17 17 17 17 17 17 17 18 18 18 18 18 18 19 19 20 
task_num -1 10 1 785runtime -1 10 1 0.3460659980773926 1.4930980205535889 1.253593921661377 1.2882380485534668 1.6267750263214111 2.1958978176116943 1.8126862049102783 1.6391291618347168 0.8774991035461426 
avg_run -1 10 1 1.3925537003411188
al_time -1 10 1 0.03831028938293457 0.02980494499206543 1.0580322742462158 1.1732800006866455 0.041496992111206055 0.04278111457824707 0.036759138107299805 0.0369420051574707 0.03286123275756836 
avg_all -1 10 1 0.27669644355773926
random:2T:3000
sum 0 11 2 60 42 
sum 1 11 2 180 75 
sum 2 11 2 240 89 
sum 3 11 2 360 108 
sum 4 11 2 540 124 
sum 5 11 2 600 129 
sum 6 11 2 1200 150 
sum 7 11 2 1500 157 
sum 8 11 2 1800 158 
sum 9 11 2 2100 160 
sum 10 11 2 2400 166 
sum 11 11 2 2700 186 
sum 12 11 2 3000 213 
miss fire 11 2 3 3 3 3 3 2 3 1 1 1 1 1 1 0 0 0 0 0 0 0 0 0 0 0 0 0 0 0 0 0 1 1 1 0 0 0 0 0 1 1 1 1 3 3 4 4 4 4 3 3 3 
miss human 11 2 13 11 9 8 7 5 4 3 3 5 3 1 0 1 0 0 0 0 0 0 0 0 0 0 0 0 0 0 0 0 0 0 0 0 0 0 0 0 0 0 0 0 0 0 0 0 0 0 0 0 0 
miss window 11 2 6 6 6 4 4 3 2 0 1 1 1 1 1 1 1 1 1 3 3 3 2 2 2 1 1 1 0 0 0 0 0 0 0 0 0 0 0 0 1 1 1 1 1 1 1 1 2 2 2 2 2 
acm fire 11 2 3 6 9 12 15 17 20 21 22 23 24 25 26 26 26 26 26 26 26 26 26 26 26 26 26 26 26 26 26 26 27 28 29 29 29 29 29 29 30 31 32 33 36 39 43 47 51 55 58 61 64 
acm human 11 2 13 24 33 41 48 53 57 60 63 68 71 72 72 73 73 73 73 73 73 73 73 73 73 73 73 73 73 73 73 73 73 73 73 73 73 73 73 73 73 73 73 73 73 73 73 73 73 73 73 73 73 
acm window 11 2 6 12 18 22 26 29 31 31 32 33 34 35 36 37 38 39 40 43 46 49 51 53 55 56 57 58 58 58 58 58 58 58 58 58 58 58 58 58 59 60 61 62 63 64 65 66 68 70 72 74 76 
tsim fire 11 2 3 3 3 4 4 4 5 5 5 6 6 6 6 6 6 6 6 6 6 6 6 6 6 6 6 6 6 6 6 6 7 7 7 6 6 6 6 6 7 7 8 8 10 10 11 12 12 12 12 12 12 
tsim human 11 2 13 11 11 10 10 9 9 9 9 11 9 8 7 7 6 6 6 6 6 6 6 6 6 6 6 6 6 6 6 6 6 6 6 6 6 6 6 6 6 6 6 6 6 6 6 6 6 6 6 6 6 
tsim window 11 2 6 6 6 6 6 6 6 6 7 9 9 9 9 9 9 9 9 11 11 11 11 11 11 11 11 11 11 11 11 11 11 11 11 11 11 11 11 11 12 12 12 12 12 12 12 19 20 20 20 20 20 
task_num -1 11 2 585runtime -1 11 2 0.0196380615234375 0.018455028533935547 0.01680731773376465 0.01801776885986328 0.018736839294433594 0.017925024032592773 0.042546987533569336 0.02019500732421875 0.017900943756103516 0.01788187026977539 0.021941423416137695 
avg_run -1 11 2 0.020913297479802914
al_time -1 11 2 0.02942514419555664 0.017761945724487305 0.5776979923248291 0.020144939422607422 0.030433177947998047 0.02799701690673828 0.026637792587280273 0.026522159576416016 0.02656102180480957 0.6598191261291504 0.01976490020751953 
avg_all -1 11 2 0.1329786560752175
sum 0 10 2 60 42 
sum 1 10 2 180 67 
sum 2 10 2 240 77 
sum 3 10 2 360 89 
sum 4 10 2 540 109 
sum 5 10 2 600 111 
sum 6 10 2 1200 121 
sum 7 10 2 1500 121 
sum 8 10 2 1800 122 
sum 9 10 2 2100 124 
sum 10 10 2 2400 129 
sum 11 10 2 2700 137 
sum 12 10 2 3000 142 
miss fire 10 2 3 3 1 2 2 1 1 1 1 2 0 0 0 0 0 0 0 0 0 0 0 0 0 0 0 0 0 0 0 0 1 1 1 0 0 0 0 0 1 0 1 0 2 1 2 3 0 0 0 0 0 
miss human 10 2 13 11 6 4 4 4 4 4 4 6 2 3 0 0 2 2 0 0 1 0 0 0 0 0 0 0 0 0 0 0 0 0 0 0 0 0 0 0 0 0 0 0 0 0 0 0 0 0 0 0 0 
miss window 10 2 6 6 6 6 4 2 0 0 1 1 0 0 0 0 0 0 0 2 0 0 0 0 0 0 0 0 0 0 0 0 0 0 0 0 0 0 0 0 1 1 1 0 0 0 0 0 1 1 1 1 1 
acm fire 10 2 3 6 7 9 11 12 13 14 15 17 17 17 17 17 17 17 17 17 17 17 17 17 17 17 17 17 17 17 17 17 18 19 20 20 20 20 20 20 21 21 22 22 24 25 27 30 30 30 30 30 30 
acm human 10 2 13 24 30 34 38 42 46 50 54 60 62 65 65 65 67 69 69 69 70 70 70 70 70 70 70 70 70 70 70 70 70 70 70 70 70 70 70 70 70 70 70 70 70 70 70 70 70 70 70 70 70 
acm window 10 2 6 12 18 24 28 30 30 30 31 32 32 32 32 32 32 32 32 34 34 34 34 34 34 34 34 34 34 34 34 34 34 34 34 34 34 34 34 34 35 36 37 37 37 37 37 37 38 39 40 41 42 
tsim fire 10 2 3 3 3 4 4 4 5 5 5 6 6 6 6 6 6 6 6 6 6 6 6 6 6 6 6 6 6 6 6 6 7 7 7 6 6 6 6 6 7 7 8 8 10 10 11 12 12 12 12 12 12 
tsim human 10 2 13 11 11 10 10 9 9 9 9 11 9 8 7 7 6 6 6 6 6 6 6 6 6 6 6 6 6 6 6 6 6 6 6 6 6 6 6 6 6 6 6 6 6 6 6 6 6 6 6 6 6 
tsim window 10 2 6 6 6 6 6 6 6 6 7 9 9 9 9 9 9 9 9 11 11 11 11 11 11 11 11 11 11 11 11 11 11 11 11 11 11 11 11 11 12 12 12 12 12 12 12 19 20 20 20 20 20 
task_num -1 10 2 598runtime -1 10 2 0.7487852573394775 0.7172322273254395 0.7927589416503906 0.8872792720794678 0.9497270584106445 0.8855080604553223 0.7235710620880127 0.7467601299285889 0.8219950199127197 0.9853241443634033 0.5784859657287598 0.3959839344024658 0.055803775787353516 
avg_run -1 10 2 0.7145549884209266
al_time -1 10 2 0.023311138153076172 0.5761640071868896 0.02011704444885254 0.02541804313659668 0.024509906768798828 0.03414320945739746 0.021856069564819336 0.025116920471191406 0.02248978614807129 0.023073673248291016 0.02200603485107422 0.6720738410949707 0.02114105224609375 
avg_all -1 10 2 0.11626313282893254
random:3T:3000
sum 0 11 3 60 102 
sum 1 11 3 180 203 
sum 2 11 3 240 248 
sum 3 11 3 360 318 
sum 4 11 3 540 392 
sum 5 11 3 600 412 
sum 6 11 3 1200 641 
sum 7 11 3 1500 744 
sum 8 11 3 1800 853 
sum 9 11 3 2100 969 
sum 10 11 3 2400 1096 
sum 11 11 3 2700 1235 
sum 12 11 3 3000 1374 
miss fire 11 3 3 4 4 4 4 4 4 4 4 4 6 6 6 6 6 6 6 6 6 6 6 6 6 7 7 7 7 8 8 8 8 8 8 9 9 10 10 10 10 10 12 12 12 12 11 10 10 10 10 10 10 
miss human 11 3 25 31 26 24 20 15 12 11 8 7 5 10 10 9 9 8 8 6 4 4 4 4 4 4 4 4 4 4 4 4 4 4 4 4 4 4 4 4 4 4 4 4 4 4 4 4 4 4 4 4 4 
miss window 11 3 17 22 22 21 21 18 17 14 13 9 9 10 10 10 10 10 10 10 8 9 10 10 10 10 10 10 10 10 10 10 10 10 10 10 11 11 11 11 11 11 11 11 12 13 13 13 13 14 14 14 14 
acm fire 11 3 3 7 11 15 19 23 27 31 35 39 45 51 57 63 69 75 81 87 93 99 105 111 117 124 131 138 145 153 161 169 177 185 193 202 211 221 231 241 251 261 273 285 297 309 320 330 340 350 360 370 380 
acm human 11 3 25 56 82 106 126 141 153 164 172 179 184 194 204 213 222 230 238 244 248 252 256 260 264 268 272 276 280 284 288 292 296 300 304 308 312 316 320 324 328 332 336 340 344 348 352 356 360 364 368 372 376 
acm window 11 3 17 39 61 82 103 121 138 152 165 174 183 193 203 213 223 233 243 253 261 270 280 290 300 310 320 330 340 350 360 370 380 390 400 410 421 432 443 454 465 476 487 498 510 523 536 549 562 576 590 604 618 
tsim fire 11 3 3 4 4 4 4 4 4 4 4 4 6 6 6 6 6 6 6 6 6 6 6 6 6 7 7 7 7 8 8 8 8 8 8 9 9 10 10 10 10 10 12 12 12 12 12 12 12 12 12 12 12 
tsim human 11 3 25 31 30 30 28 25 23 23 22 20 18 17 17 17 17 17 17 17 17 17 17 17 17 17 17 17 17 17 17 17 17 17 17 17 17 17 17 17 17 17 17 17 17 17 17 17 17 17 17 17 17 
tsim window 11 3 17 22 22 22 22 22 22 22 22 22 22 23 23 23 23 23 23 23 23 24 25 25 25 27 27 27 27 27 27 27 27 27 27 27 28 28 28 28 28 28 29 29 30 31 31 31 31 32 32 32 32 
task_num -1 11 3 672runtime -1 11 3 0.04224371910095215 0.043623924255371094 0.040190935134887695 0.03975105285644531 0.040222883224487305 0.04303121566772461 
avg_run -1 11 3 0.04151062170664469
al_time -1 11 3 0.038597822189331055 0.03742504119873047 0.03273487091064453 0.03382563591003418 0.05880308151245117 0.027612924575805664 
avg_all -1 11 3 0.038166562716166176
sum 0 10 3 60 102 
sum 1 10 3 180 184 
sum 2 10 3 240 220 
sum 3 10 3 360 279 
sum 4 10 3 540 335 
sum 5 10 3 600 352 
sum 6 10 3 1200 406 
sum 7 10 3 1500 412 
sum 8 10 3 1800 421 
sum 9 10 3 2100 431 
sum 10 10 3 2400 441 
sum 11 10 3 2700 457 
sum 12 10 3 3000 468 
miss fire 10 3 3 4 2 0 0 0 0 0 0 0 2 2 0 0 0 0 0 0 0 0 0 0 0 1 1 1 1 2 2 2 2 2 1 2 1 2 2 2 2 1 3 2 2 2 2 1 1 0 0 0 0 
miss human 10 3 25 31 22 17 16 14 10 9 7 8 8 7 7 6 6 6 1 1 0 0 0 0 0 0 0 0 0 0 0 0 0 0 0 0 0 0 0 0 0 0 0 0 0 0 0 0 0 0 0 0 0 
miss window 10 3 17 22 21 20 20 19 16 13 10 9 7 8 2 1 1 1 1 1 0 1 2 2 1 0 0 0 0 0 0 0 0 0 0 0 1 1 0 0 0 0 0 0 1 2 2 2 2 3 3 1 1 
acm fire 10 3 3 7 9 9 9 9 9 9 9 9 11 13 13 13 13 13 13 13 13 13 13 13 13 14 15 16 17 19 21 23 25 27 28 30 31 33 35 37 39 40 43 45 47 49 51 52 53 53 53 53 53 
acm human 10 3 25 56 78 95 111 125 135 144 151 159 167 174 181 187 193 199 200 201 201 201 201 201 201 201 201 201 201 201 201 201 201 201 201 201 201 201 201 201 201 201 201 201 201 201 201 201 201 201 201 201 201 
acm window 10 3 17 39 60 80 100 119 135 148 158 167 174 182 184 185 186 187 188 189 189 190 192 194 195 195 195 195 195 195 195 195 195 195 195 195 196 197 197 197 197 197 197 197 198 200 202 204 206 209 212 213 214 
tsim fire 10 3 3 4 4 4 4 4 4 4 4 4 6 6 6 6 6 6 6 6 6 6 6 6 6 7 7 7 7 8 8 8 8 8 8 9 9 10 10 10 10 10 12 12 12 12 12 12 12 12 12 12 12 
tsim human 10 3 25 31 30 30 28 25 23 23 22 20 18 17 17 17 17 17 17 17 17 17 17 17 17 17 17 17 17 17 17 17 17 17 17 17 17 17 17 17 17 17 17 17 17 17 17 17 17 17 17 17 17 
tsim window 10 3 17 22 22 22 22 22 22 22 22 22 22 23 23 23 23 23 23 23 23 24 25 25 25 27 27 27 27 27 27 27 27 27 27 27 28 28 28 28 28 28 29 29 30 31 31 31 31 32 32 32 32 
task_num -1 10 3 920runtime -1 10 3 0.2211141586303711 2.54815411567688 2.0297605991363525 2.0715770721435547 2.2874300479888916 2.94914174079895 1.4039201736450195 1.9571521282196045 2.3460769653320312 1.334636926651001 1.1997919082641602 0.7909939289093018 
avg_run -1 10 3 1.7616458137830098
al_time -1 10 3 0.0412139892578125 0.052809953689575195 0.03227090835571289 0.031950950622558594 0.037229061126708984 1.1878159046173096 0.03465700149536133 0.03918099403381348 0.03506588935852051 0.04118084907531738 0.04308009147644043 0.03764200210571289 
avg_all -1 10 3 0.1345081329345703
random:4T:3000
sum 0 11 4 60 59 
sum 1 11 4 180 96 
sum 2 11 4 240 110 
sum 3 11 4 360 123 
sum 4 11 4 540 136 
sum 5 11 4 600 145 
sum 6 11 4 1200 197 
sum 7 11 4 1500 223 
sum 8 11 4 1800 233 
sum 9 11 4 2100 237 
sum 10 11 4 2400 241 
sum 11 11 4 2700 250 
sum 12 11 4 3000 269 
miss fire 11 4 2 2 2 2 2 0 1 1 1 1 4 4 4 3 3 3 2 3 3 3 3 3 3 3 3 3 1 1 1 1 1 1 1 0 0 0 0 0 1 2 1 1 1 1 3 3 3 3 3 4 4 
miss human 11 4 16 15 9 8 7 5 4 3 3 3 5 5 3 1 1 1 0 0 1 1 1 0 0 0 0 0 0 0 0 0 0 0 0 0 0 0 0 0 0 0 0 0 0 0 0 0 0 0 0 0 0 
miss window 11 4 12 12 9 7 5 2 1 1 0 0 0 0 0 0 0 0 1 1 2 1 2 2 2 2 2 3 1 1 1 1 1 1 1 0 0 0 0 0 0 0 0 0 0 0 0 0 0 0 0 1 1 
acm fire 11 4 2 4 6 8 10 10 11 12 13 14 18 22 26 29 32 35 37 40 43 46 49 52 55 58 61 64 65 66 67 68 69 70 71 71 71 71 71 71 72 74 75 76 77 78 81 84 87 90 93 97 101 
acm human 11 4 16 31 40 48 55 60 64 67 70 73 78 83 86 87 88 89 89 89 90 91 92 92 92 92 92 92 92 92 92 92 92 92 92 92 92 92 92 92 92 92 92 92 92 92 92 92 92 92 92 92 92 
acm window 11 4 12 24 33 40 45 47 48 49 49 49 49 49 49 49 49 49 50 51 53 54 56 58 60 62 64 67 68 69 70 71 72 73 74 74 74 74 74 74 74 74 74 74 74 74 74 74 74 74 74 75 76 
tsim fire 11 4 2 2 2 2 2 2 3 3 3 3 6 6 6 6 6 6 6 7 7 7 7 7 7 7 7 7 7 7 7 7 7 7 7 6 6 6 6 6 7 8 8 8 8 8 10 10 10 10 11 12 12 
tsim human 11 4 16 15 15 15 15 14 14 14 13 13 15 15 13 11 11 11 11 11 11 11 11 11 11 11 11 11 11 11 11 11 11 11 11 11 11 11 11 11 11 11 11 11 11 11 11 11 11 11 11 11 11 
tsim window 11 4 12 12 12 12 12 12 12 12 12 12 15 15 15 15 15 15 16 16 18 18 19 19 19 19 19 20 20 20 20 20 20 20 20 20 20 20 20 20 20 20 20 20 20 20 25 25 25 25 25 26 26 
task_num -1 11 4 618runtime -1 11 4 0.022326946258544922 0.025022029876708984 0.02157902717590332 0.02133798599243164 0.020884990692138672 0.03389120101928711 0.02054309844970703 0.021181821823120117 0.02141594886779785 0.02538299560546875 0.031723976135253906 
avg_run -1 11 4 0.02411727471785112
al_time -1 11 4 0.028354167938232422 0.020100831985473633 0.018633365631103516 0.02214813232421875 0.022719860076904297 0.7587540149688721 0.028150081634521484 0.02597665786743164 0.029362916946411133 0.8060309886932373 0.028376102447509766 
avg_all -1 11 4 0.1626006473194469
sum 0 10 4 60 59 
sum 1 10 4 180 96 
sum 2 10 4 240 105 
sum 3 10 4 360 120 
sum 4 10 4 540 140 
sum 5 10 4 600 149 
sum 6 10 4 1200 185 
sum 7 10 4 1500 190 
sum 8 10 4 1800 196 
sum 9 10 4 2100 201 
sum 10 10 4 2400 206 
sum 11 10 4 2700 210 
sum 12 10 4 3000 220 
miss fire 10 4 2 2 1 0 0 0 1 1 1 1 4 4 2 2 2 2 1 2 1 1 0 0 0 0 0 0 0 0 0 0 1 1 0 1 1 1 1 0 1 2 1 1 0 0 2 1 1 1 2 3 3 
miss human 10 4 16 15 8 5 4 3 3 3 4 4 5 5 3 1 1 1 0 0 0 0 0 0 0 0 0 0 0 0 0 0 0 0 0 0 0 0 0 0 0 0 0 0 0 0 0 0 0 0 0 0 0 
miss window 10 4 12 12 12 11 5 5 3 3 2 1 0 0 0 0 0 0 1 1 2 2 2 2 2 0 0 1 1 1 1 1 1 1 0 0 0 0 0 0 0 0 0 0 0 0 0 0 0 0 0 0 0 
acm fire 10 4 2 4 5 5 5 5 6 7 8 9 13 17 19 21 23 25 26 28 29 30 30 30 30 30 30 30 30 30 30 30 31 32 32 33 34 35 36 36 37 39 40 41 41 41 43 44 45 46 48 51 54 
acm human 10 4 16 31 39 44 48 51 54 57 61 65 70 75 78 79 80 81 81 81 81 81 81 81 81 81 81 81 81 81 81 81 81 81 81 81 81 81 81 81 81 81 81 81 81 81 81 81 81 81 81 81 81 
acm window 10 4 12 24 36 47 52 57 60 63 65 66 66 66 66 66 66 66 67 68 70 72 74 76 78 78 78 79 80 81 82 83 84 85 85 85 85 85 85 85 85 85 85 85 85 85 85 85 85 85 85 85 85 
tsim fire 10 4 2 2 2 2 2 2 3 3 3 3 6 6 6 6 6 6 6 7 7 7 7 7 7 7 7 7 7 7 7 7 7 7 7 6 6 6 6 6 7 8 8 8 8 8 10 10 10 10 11 12 12 
tsim human 10 4 16 15 15 15 15 14 14 14 13 13 15 15 13 11 11 11 11 11 11 11 11 11 11 11 11 11 11 11 11 11 11 11 11 11 11 11 11 11 11 11 11 11 11 11 11 11 11 11 11 11 11 
tsim window 10 4 12 12 12 12 12 12 12 12 12 12 15 15 15 15 15 15 16 16 18 18 19 19 19 19 19 20 20 20 20 20 20 20 20 20 20 20 20 20 20 20 20 20 20 20 25 25 25 25 25 26 26 
task_num -1 10 4 626runtime -1 10 4 0.775015115737915 0.7339420318603516 1.0273919105529785 1.781001091003418 1.531709909439087 2.1939640045166016 1.2375271320343018 0.9677982330322266 1.5381591320037842 0.947533130645752 0.7126507759094238 0.15697193145751953 
avg_run -1 10 4 1.1336386998494465
al_time -1 10 4 0.028230905532836914 0.665327787399292 0.021818876266479492 0.021602869033813477 0.0224149227142334 0.02360391616821289 0.0328829288482666 0.02961111068725586 0.026228904724121094 0.042571067810058594 0.7644829750061035 0.022404909133911133 
avg_all -1 10 4 0.14176509777704874
random:5T:3000
sum 0 11 5 60 92 
sum 1 11 5 180 180 
sum 2 11 5 240 219 
sum 3 11 5 360 289 
sum 4 11 5 540 369 
sum 5 11 5 600 390 
sum 6 11 5 1200 571 
sum 7 11 5 1500 634 
sum 8 11 5 1800 682 
sum 9 11 5 2100 732 
sum 10 11 5 2400 768 
sum 11 11 5 2700 820 
sum 12 11 5 3000 884 
miss fire 11 5 2 2 3 3 3 3 4 4 4 1 1 3 3 3 4 4 3 3 1 1 1 0 0 0 0 0 0 0 0 0 0 0 0 1 2 2 0 0 0 0 1 2 3 3 3 3 3 3 4 4 5 
miss human 11 5 33 31 31 27 25 22 22 19 17 13 14 11 12 10 10 9 10 10 5 5 5 7 7 7 7 7 6 5 5 5 5 5 5 5 5 5 5 5 5 5 5 5 5 5 5 5 5 5 5 5 5 
miss window 11 5 12 12 12 12 11 9 10 8 8 6 6 7 7 7 8 8 8 8 4 5 6 5 5 6 6 6 6 4 4 4 4 4 4 4 4 4 2 2 2 2 2 2 2 3 3 3 3 3 4 5 5 
acm fire 11 5 2 4 7 10 13 16 20 24 28 29 30 33 36 39 43 47 50 53 54 55 56 56 56 56 56 56 56 56 56 56 56 56 56 57 59 61 61 61 61 61 62 64 67 70 73 76 79 82 86 90 95 
acm human 11 5 33 64 95 122 147 169 191 210 227 240 254 265 277 287 297 306 316 326 331 336 341 348 355 362 369 376 382 387 392 397 402 407 412 417 422 427 432 437 442 447 452 457 462 467 472 477 482 487 492 497 502 
acm window 11 5 12 24 36 48 59 68 78 86 94 100 106 113 120 127 135 143 151 159 163 168 174 179 184 190 196 202 208 212 216 220 224 228 232 236 240 244 246 248 250 252 254 256 258 261 264 267 270 273 277 282 287 
tsim fire 11 5 2 2 3 3 3 3 4 4 4 4 4 6 6 6 7 7 7 7 7 7 7 7 7 7 7 7 7 7 7 7 7 7 7 6 7 7 7 7 7 7 8 9 10 10 10 11 11 11 12 12 13 
tsim human 11 5 33 31 31 30 30 29 31 30 28 28 27 24 23 23 23 22 21 21 21 21 21 21 21 21 21 21 21 21 21 21 21 21 21 21 21 21 21 21 21 21 21 21 21 21 21 21 21 21 21 21 21 
tsim window 11 5 12 12 12 12 12 12 15 15 15 15 15 16 16 16 20 20 20 20 20 21 22 22 22 23 23 23 23 23 23 23 23 23 23 23 23 23 23 23 23 23 23 23 24 25 25 25 25 25 26 27 27 
task_num -1 11 5 576runtime -1 11 5 0.032811880111694336 0.04584813117980957 0.03042006492614746 0.029987812042236328 0.02993488311767578 0.03081202507019043 
avg_run -1 11 5 0.03330246607462565
al_time -1 11 5 0.0362858772277832 0.032945871353149414 0.03340506553649902 0.0323491096496582 0.03410196304321289 0.024564027786254883 
avg_all -1 11 5 0.03227531909942627
sum 0 10 5 60 92 
sum 1 10 5 180 146 
sum 2 10 5 240 166 
sum 3 10 5 360 208 
sum 4 10 5 540 255 
sum 5 10 5 600 261 
sum 6 10 5 1200 333 
sum 7 10 5 1500 343 
sum 8 10 5 1800 345 
sum 9 10 5 2100 348 
sum 10 10 5 2400 349 
sum 11 10 5 2700 362 
sum 12 10 5 3000 378 
miss fire 10 5 2 2 3 3 3 2 3 3 2 1 1 3 3 3 4 4 4 1 1 1 1 1 1 0 0 0 0 0 0 0 0 0 0 1 2 0 0 0 0 0 1 1 2 2 2 3 3 1 2 2 3 
miss human 10 5 33 31 17 8 7 8 10 10 8 7 4 7 8 8 8 1 0 0 0 0 0 0 0 0 0 0 0 0 0 0 0 0 0 0 0 0 0 0 0 0 0 0 0 0 0 0 0 0 0 0 0 
miss window 10 5 12 12 12 11 10 9 10 7 6 3 1 2 1 1 2 2 2 1 1 1 2 2 1 2 2 1 1 1 0 0 0 0 0 0 0 0 0 0 0 0 0 0 0 1 1 1 0 0 1 2 2 
acm fire 10 5 2 4 7 10 13 15 18 21 23 24 25 28 31 34 38 42 46 47 48 49 50 51 52 52 52 52 52 52 52 52 52 52 52 53 55 55 55 55 55 55 56 57 59 61 63 66 69 70 72 74 77 
acm human 10 5 33 64 81 89 96 104 114 124 132 139 143 150 158 166 174 175 175 175 175 175 175 175 175 175 175 175 175 175 175 175 175 175 175 175 175 175 175 175 175 175 175 175 175 175 175 175 175 175 175 175 175 
acm window 10 5 12 24 36 47 57 66 76 83 89 92 93 95 96 97 99 101 103 104 105 106 108 110 111 113 115 116 117 118 118 118 118 118 118 118 118 118 118 118 118 118 118 118 118 119 120 121 121 121 122 124 126 
tsim fire 10 5 2 2 3 3 3 3 4 4 4 4 4 6 6 6 7 7 7 7 7 7 7 7 7 7 7 7 7 7 7 7 7 7 7 6 7 7 7 7 7 7 8 9 10 10 10 11 11 11 12 12 13 
tsim human 10 5 33 31 31 30 30 29 31 30 28 28 27 24 23 23 23 22 21 21 21 21 21 21 21 21 21 21 21 21 21 21 21 21 21 21 21 21 21 21 21 21 21 21 21 21 21 21 21 21 21 21 21 
tsim window 10 5 12 12 12 12 12 12 15 15 15 15 15 16 16 16 20 20 20 20 20 21 22 22 22 23 23 23 23 23 23 23 23 23 23 23 23 23 23 23 23 23 23 23 24 25 25 25 25 25 26 27 27 
task_num -1 10 5 863runtime -1 10 5 0.32552504539489746 1.2241301536560059 1.3042817115783691 1.1756150722503662 1.3138549327850342 1.5523920059204102 1.6275792121887207 1.240670919418335 1.0521581172943115 0.0507960319519043 
avg_run -1 10 5 1.0867003202438354
al_time -1 10 5 0.05515098571777344 0.031781911849975586 1.0219979286193848 0.03476309776306152 0.061773061752319336 0.03188490867614746 0.03334212303161621 0.03707289695739746 1.2635157108306885 0.029979705810546875 
avg_all -1 10 5 0.2601262331008911
random:6T:3000
sum 0 11 6 60 79 
sum 1 11 6 180 157 
sum 2 11 6 240 194 
sum 3 11 6 360 254 
sum 4 11 6 540 295 
sum 5 11 6 600 306 
sum 6 11 6 1200 394 
sum 7 11 6 1500 414 
sum 8 11 6 1800 433 
sum 9 11 6 2100 447 
sum 10 11 6 2400 472 
sum 11 11 6 2700 497 
sum 12 11 6 3000 529 
miss fire 11 6 2 2 2 3 3 5 3 3 2 3 3 3 3 3 2 2 1 0 0 0 0 0 0 0 0 0 0 2 2 2 2 2 2 0 0 0 1 1 3 5 5 4 3 3 2 3 4 3 3 2 2 
miss human 11 6 28 27 23 27 23 18 12 8 5 5 5 4 3 3 3 3 3 2 1 1 1 1 1 1 1 1 1 1 1 1 1 1 1 1 1 1 1 1 1 1 1 1 1 1 1 1 1 1 1 1 1 
miss window 11 6 10 10 10 13 11 12 10 8 4 3 3 3 4 4 6 5 7 6 5 5 5 4 4 3 2 2 2 1 1 1 1 1 1 1 1 1 1 1 1 1 1 1 1 1 1 1 1 1 2 4 5 
acm fire 11 6 2 4 6 9 12 17 20 23 25 28 31 34 37 40 42 44 45 45 45 45 45 45 45 45 45 45 45 47 49 51 53 55 57 57 57 57 58 59 62 67 72 76 79 82 84 87 91 94 97 99 101 
acm human 11 6 28 55 78 105 128 146 158 166 171 176 181 185 188 191 194 197 200 202 203 204 205 206 207 208 209 210 211 212 213 214 215 216 217 218 219 220 221 222 223 224 225 226 227 228 229 230 231 232 233 234 235 
acm window 11 6 10 20 30 43 54 66 76 84 88 91 94 97 101 105 111 116 123 129 134 139 144 148 152 155 157 159 161 162 163 164 165 166 167 168 169 170 171 172 173 174 175 176 177 178 179 180 181 182 184 188 193 
tsim fire 11 6 2 2 2 3 3 5 5 7 7 8 8 8 8 8 8 8 8 8 8 8 8 8 8 8 8 8 8 8 8 8 8 8 8 6 6 6 6 6 8 10 10 11 12 13 13 14 15 15 15 15 15 
tsim human 11 6 28 27 25 30 26 26 23 23 22 21 21 20 20 18 18 18 18 18 18 18 18 18 18 18 18 18 18 18 18 18 18 18 18 18 18 18 18 18 18 18 18 18 18 18 18 18 18 18 18 18 18 
tsim window 11 6 10 10 10 13 13 17 17 17 17 17 17 17 18 18 20 20 22 22 23 23 23 23 23 23 23 23 23 23 23 23 23 23 23 23 23 23 23 23 23 23 23 24 27 27 27 27 27 27 28 30 31 
task_num -1 11 6 544runtime -1 11 6 0.030040979385375977 0.02996993064880371 0.029026031494140625 0.052512168884277344 0.03336596488952637 0.029829978942871094 
avg_run -1 11 6 0.034124175707499184
al_time -1 11 6 0.03414297103881836 0.03150296211242676 0.029986858367919922 0.03730916976928711 0.03299307823181152 0.024269819259643555 
avg_all -1 11 6 0.03170080979665121
sum 0 10 6 60 79 
sum 1 10 6 180 138 
sum 2 10 6 240 166 
sum 3 10 6 360 225 
sum 4 10 6 540 279 
sum 5 10 6 600 286 
sum 6 10 6 1200 365 
sum 7 10 6 1500 368 
sum 8 10 6 1800 373 
sum 9 10 6 2100 378 
sum 10 10 6 2400 391 
sum 11 10 6 2700 403 
sum 12 10 6 3000 429 
miss fire 10 6 2 2 1 2 2 4 4 4 4 5 1 1 1 1 1 1 1 1 1 0 0 0 0 0 1 1 1 1 1 1 1 1 1 1 1 1 1 1 3 4 4 2 3 2 2 3 4 4 4 3 3 
miss human 10 6 28 27 15 19 15 15 14 14 8 8 5 6 8 8 6 5 5 3 3 1 1 0 0 1 0 0 0 0 0 0 0 0 0 0 0 0 0 0 0 0 0 0 0 0 0 0 0 0 0 0 0 
miss window 10 6 10 10 10 12 11 12 10 6 3 2 1 1 1 1 3 2 4 4 5 2 2 0 0 0 0 0 0 0 0 0 0 0 0 0 0 0 0 0 0 0 0 0 0 0 0 0 0 0 1 3 4 
acm fire 10 6 2 4 5 7 9 13 17 21 25 30 31 32 33 34 35 36 37 38 39 39 39 39 39 39 40 41 42 43 44 45 46 47 48 49 50 51 52 53 56 60 64 66 69 71 73 76 80 84 88 91 94 
acm human 10 6 28 55 70 89 104 119 133 147 155 163 168 174 182 190 196 201 206 209 212 213 214 214 214 215 215 215 215 215 215 215 215 215 215 215 215 215 215 215 215 215 215 215 215 215 215 215 215 215 215 215 215 
acm window 10 6 10 20 30 42 53 65 75 81 84 86 87 88 89 90 93 95 99 103 108 110 112 112 112 112 112 112 112 112 112 112 112 112 112 112 112 112 112 112 112 112 112 112 112 112 112 112 112 112 113 116 120 
tsim fire 10 6 2 2 2 3 3 5 5 7 7 8 8 8 8 8 8 8 8 8 8 8 8 8 8 8 8 8 8 8 8 8 8 8 8 6 6 6 6 6 8 10 10 11 12 13 13 14 15 15 15 15 15 
tsim human 10 6 28 27 25 30 26 26 23 23 22 21 21 20 20 18 18 18 18 18 18 18 18 18 18 18 18 18 18 18 18 18 18 18 18 18 18 18 18 18 18 18 18 18 18 18 18 18 18 18 18 18 18 
tsim window 10 6 10 10 10 13 13 17 17 17 17 17 17 17 18 18 20 20 22 22 23 23 23 23 23 23 23 23 23 23 23 23 23 23 23 23 23 23 23 23 23 23 23 24 27 27 27 27 27 27 28 30 31 
task_num -1 10 6 965runtime -1 10 6 0.7940878868103027 0.9323809146881104 1.2827630043029785 1.3417892456054688 1.5449111461639404 1.8792309761047363 1.8401329517364502 1.7072980403900146 1.6916937828063965 1.4051029682159424 0.6380488872528076 
avg_run -1 10 6 1.3688581640070134
al_time -1 10 6 0.0425260066986084 1.9161038398742676 0.033470869064331055 0.0357820987701416 0.0574030876159668 0.046192169189453125 0.047901153564453125 0.03380274772644043 0.03501272201538086 1.5070791244506836 1.3568189144134521 
avg_all -1 10 6 0.4647357030348344
random:7T:3000
sum 0 11 7 60 70 
sum 1 11 7 180 127 
sum 2 11 7 240 153 
sum 3 11 7 360 191 
sum 4 11 7 540 214 
sum 5 11 7 600 216 
sum 6 11 7 1200 244 
sum 7 11 7 1500 260 
sum 8 11 7 1800 279 
sum 9 11 7 2100 289 
sum 10 11 7 2400 299 
sum 11 11 7 2700 319 
sum 12 11 7 3000 352 
miss fire 11 7 3 3 3 3 3 3 4 4 2 0 0 1 1 1 1 1 0 1 1 1 1 1 1 1 1 1 1 1 1 1 1 2 1 1 2 2 2 2 2 2 2 1 1 1 2 3 4 4 4 4 4 
miss human 11 7 23 23 17 16 15 10 8 6 5 0 1 1 1 1 1 1 0 0 0 0 0 0 0 0 0 0 0 0 0 0 0 0 0 0 0 0 0 0 0 0 0 0 0 0 0 0 0 0 0 0 0 
miss window 11 7 9 9 9 9 8 7 6 4 2 0 1 1 1 1 1 1 1 2 2 2 2 2 2 2 2 3 3 3 3 3 2 2 0 0 0 0 0 0 0 0 0 1 2 3 3 3 3 3 3 2 2 
acm fire 11 7 3 6 9 12 15 18 22 26 28 28 28 29 30 31 32 33 33 34 35 36 37 38 39 40 41 42 43 44 45 46 47 49 50 51 53 55 57 59 61 63 65 66 67 68 70 73 77 81 85 89 93 
acm human 11 7 23 46 63 79 94 104 112 118 123 123 124 125 126 127 128 129 129 129 129 129 129 129 129 129 129 129 129 129 129 129 129 129 129 129 129 129 129 129 129 129 129 129 129 129 129 129 129 129 129 129 129 
acm window 11 7 9 18 27 36 44 51 57 61 63 63 64 65 66 67 68 69 70 72 74 76 78 80 82 84 86 89 92 95 98 101 103 105 105 105 105 105 105 105 105 105 105 106 108 111 114 117 120 123 126 128 130 
tsim fire 11 7 3 3 3 3 3 3 4 4 4 4 4 5 5 5 5 5 5 6 6 6 6 6 6 6 6 6 6 6 6 6 6 7 8 8 9 9 9 9 9 9 9 9 9 9 10 11 12 12 12 12 12 
tsim human 11 7 23 23 20 19 19 18 18 17 17 13 12 12 12 12 12 12 12 12 12 12 12 12 12 12 12 12 12 12 12 12 12 12 12 12 12 12 12 12 12 12 12 12 12 12 12 12 12 12 12 12 12 
tsim window 11 7 9 9 9 9 9 9 9 9 9 9 10 14 14 14 14 14 14 21 21 21 21 21 21 21 21 22 22 22 22 22 22 22 22 22 22 22 22 22 22 22 22 23 24 25 25 25 27 27 27 27 27 
task_num -1 11 7 606runtime -1 11 7 0.025228023529052734 0.02162003517150879 0.022352218627929688 0.02135491371154785 0.02161264419555664 0.023721933364868164 0.029350996017456055 
avg_run -1 11 7 0.023605823516845703
al_time -1 11 7 0.035585880279541016 0.02278923988342285 0.024405956268310547 0.029555797576904297 0.7848656177520752 0.05643796920776367 0.03043508529663086 
avg_all -1 11 7 0.1405822208949498
sum 0 10 7 60 70 
sum 1 10 7 180 118 
sum 2 10 7 240 137 
sum 3 10 7 360 168 
sum 4 10 7 540 187 
sum 5 10 7 600 191 
sum 6 10 7 1200 211 
sum 7 10 7 1500 212 
sum 8 10 7 1800 213 
sum 9 10 7 2100 219 
sum 10 10 7 2400 220 
sum 11 10 7 2700 235 
sum 12 10 7 3000 261 
miss fire 10 7 3 3 2 2 2 2 3 1 1 1 1 2 1 1 1 0 0 1 1 0 0 0 0 0 0 0 0 0 0 0 0 1 1 1 2 1 1 0 0 0 0 0 0 0 1 2 3 3 3 2 2 
miss human 10 7 23 23 14 12 9 7 7 5 5 3 2 2 3 1 1 0 0 0 0 0 0 0 0 0 0 0 0 0 0 0 0 0 0 0 0 0 0 0 0 0 0 0 0 0 0 0 0 0 0 0 0 
miss window 10 7 9 9 9 9 8 7 5 2 1 0 1 1 1 1 1 0 0 1 1 0 0 0 0 0 0 1 1 0 0 0 0 0 0 0 0 0 0 0 0 0 0 1 2 3 3 3 3 3 3 2 2 
acm fire 10 7 3 6 8 10 12 14 17 18 19 20 21 23 24 25 26 26 26 27 28 28 28 28 28 28 28 28 28 28 28 28 28 29 30 31 33 34 35 35 35 35 35 35 35 35 36 38 41 44 47 49 51 
acm human 10 7 23 46 60 72 81 88 95 100 105 108 110 112 115 116 117 117 117 117 117 117 117 117 117 117 117 117 117 117 117 117 117 117 117 117 117 117 117 117 117 117 117 117 117 117 117 117 117 117 117 117 117 
acm window 10 7 9 18 27 36 44 51 56 58 59 59 60 61 62 63 64 64 64 65 66 66 66 66 66 66 66 67 68 68 68 68 68 68 68 68 68 68 68 68 68 68 68 69 71 74 77 80 83 86 89 91 93 
tsim fire 10 7 3 3 3 3 3 3 4 4 4 4 4 5 5 5 5 5 5 6 6 6 6 6 6 6 6 6 6 6 6 6 6 7 8 8 9 9 9 9 9 9 9 9 9 9 10 11 12 12 12 12 12 
tsim human 10 7 23 23 20 19 19 18 18 17 17 13 12 12 12 12 12 12 12 12 12 12 12 12 12 12 12 12 12 12 12 12 12 12 12 12 12 12 12 12 12 12 12 12 12 12 12 12 12 12 12 12 12 
tsim window 10 7 9 9 9 9 9 9 9 9 9 9 10 14 14 14 14 14 14 21 21 21 21 21 21 21 21 22 22 22 22 22 22 22 22 22 22 22 22 22 22 22 22 23 24 25 25 25 27 27 27 27 27 
task_num -1 10 7 709runtime -1 10 7 0.813317060470581 1.0342729091644287 2.064323902130127 2.0807340145111084 2.0739989280700684 2.2557108402252197 3.4721808433532715 1.2031371593475342 1.4217329025268555 1.1416919231414795 0.41263484954833984 0.03190302848815918 
avg_run -1 10 7 1.5004698634147644
al_time -1 10 7 0.04294228553771973 0.02331709861755371 0.025168895721435547 0.02469182014465332 0.8005738258361816 0.03509879112243652 0.03010106086730957 0.028093814849853516 0.02716207504272461 0.03308224678039551 0.8840949535369873 0.023350000381469727 
avg_all -1 10 7 0.16480640570322672
random:8T:3000
sum 0 11 8 60 52 
sum 1 11 8 180 100 
sum 2 11 8 240 123 
sum 3 11 8 360 156 
sum 4 11 8 540 177 
sum 5 11 8 600 180 
sum 6 11 8 1200 216 
sum 7 11 8 1500 225 
sum 8 11 8 1800 230 
sum 9 11 8 2100 230 
sum 10 11 8 2400 233 
sum 11 11 8 2700 247 
sum 12 11 8 3000 267 
miss fire 11 8 2 2 2 2 2 2 2 2 2 1 1 1 1 2 2 2 2 1 2 1 1 1 1 1 1 1 1 1 0 0 0 0 0 0 0 0 0 0 1 1 1 3 3 3 3 2 3 3 3 3 3 
miss human 11 8 15 15 14 14 13 11 7 5 2 2 1 1 2 2 1 1 1 1 1 0 0 0 0 0 0 0 0 0 0 0 0 0 0 0 0 0 0 0 0 0 0 0 0 0 0 0 0 0 0 0 0 
miss window 11 8 9 9 8 8 8 6 5 3 3 1 1 1 2 2 2 2 2 0 0 0 0 0 1 1 1 1 1 0 1 1 0 0 0 0 0 0 0 0 0 0 0 0 0 0 0 0 0 1 1 1 2 
acm fire 11 8 2 4 6 8 10 12 14 16 18 19 20 21 22 24 26 28 30 31 33 34 35 36 37 38 39 40 41 42 42 42 42 42 42 42 42 42 42 42 43 44 45 48 51 54 57 59 62 65 68 71 74 
acm human 11 8 15 30 44 58 71 82 89 94 96 98 99 100 102 104 105 106 107 108 109 109 109 109 109 109 109 109 109 109 109 109 109 109 109 109 109 109 109 109 109 109 109 109 109 109 109 109 109 109 109 109 109 
acm window 11 8 9 18 26 34 42 48 53 56 59 60 61 62 64 66 68 70 72 72 72 72 72 72 73 74 75 76 77 77 78 79 79 79 79 79 79 79 79 79 79 79 79 79 79 79 79 79 79 80 81 82 84 
tsim fire 11 8 2 2 2 2 2 3 4 4 4 4 4 4 4 5 5 5 5 5 6 6 6 6 6 6 6 6 6 6 6 6 6 6 6 6 6 6 6 6 7 7 7 9 9 9 9 9 10 10 10 10 10 
tsim human 11 8 15 15 15 15 14 14 12 10 10 9 8 6 6 6 6 6 6 6 6 6 6 6 6 6 6 6 6 6 6 6 6 6 6 6 6 6 6 6 6 6 6 6 6 6 6 6 6 6 6 6 6 
tsim window 11 8 9 9 9 9 9 9 9 9 9 9 9 9 10 15 16 16 16 16 16 16 16 16 17 17 17 17 17 17 18 18 18 18 18 18 18 18 18 18 18 18 18 18 18 18 18 18 18 19 19 19 20 
task_num -1 11 8 601runtime -1 11 8 0.03267097473144531 0.029043912887573242 0.02782893180847168 0.02619791030883789 0.024396181106567383 0.02536296844482422 0.025719165802001953 0.05010485649108887 
avg_run -1 11 8 0.03016561269760132
al_time -1 11 8 0.06655406951904297 0.03070521354675293 0.02371692657470703 0.028087139129638672 0.8255207538604736 0.032392024993896484 0.03873491287231445 0.023550987243652344 
avg_all -1 11 8 0.13365775346755981
sum 0 10 8 60 52 
sum 1 10 8 180 85 
sum 2 10 8 240 98 
sum 3 10 8 360 125 
sum 4 10 8 540 140 
sum 5 10 8 600 142 
sum 6 10 8 1200 171 
sum 7 10 8 1500 175 
sum 8 10 8 1800 179 
sum 9 10 8 2100 180 
sum 10 10 8 2400 182 
sum 11 10 8 2700 184 
sum 12 10 8 3000 191 
miss fire 10 8 2 2 2 1 1 2 3 3 1 0 0 0 0 1 0 0 0 0 1 1 0 0 0 0 0 0 0 0 0 0 0 0 0 0 0 0 0 0 1 1 0 2 0 0 0 0 1 1 0 0 0 
miss human 10 8 15 15 8 6 5 5 5 2 2 1 2 4 4 4 3 3 1 1 0 0 0 0 0 0 0 0 0 0 0 0 0 0 0 0 0 0 0 0 0 0 0 0 0 0 0 0 0 0 0 0 0 
miss window 10 8 9 9 8 8 7 7 5 4 2 0 0 0 1 1 2 2 0 0 0 0 0 0 1 1 1 1 1 0 1 1 1 1 0 0 0 0 0 0 0 0 0 0 0 0 0 0 0 1 1 1 2 
acm fire 10 8 2 4 6 7 8 10 13 16 17 17 17 17 17 18 18 18 18 18 19 20 20 20 20 20 20 20 20 20 20 20 20 20 20 20 20 20 20 20 21 22 22 24 24 24 24 24 25 26 26 26 26 
acm human 10 8 15 30 38 44 49 54 59 61 63 64 66 70 74 78 81 84 85 86 86 86 86 86 86 86 86 86 86 86 86 86 86 86 86 86 86 86 86 86 86 86 86 86 86 86 86 86 86 86 86 86 86 
acm window 10 8 9 18 26 34 41 48 53 57 59 59 59 59 60 61 63 65 65 65 65 65 65 65 66 67 68 69 70 70 71 72 73 74 74 74 74 74 74 74 74 74 74 74 74 74 74 74 74 75 76 77 79 
tsim fire 10 8 2 2 2 2 2 3 4 4 4 4 4 4 4 5 5 5 5 5 6 6 6 6 6 6 6 6 6 6 6 6 6 6 6 6 6 6 6 6 7 7 7 9 9 9 9 9 10 10 10 10 10 
tsim human 10 8 15 15 15 15 14 14 12 10 10 9 8 6 6 6 6 6 6 6 6 6 6 6 6 6 6 6 6 6 6 6 6 6 6 6 6 6 6 6 6 6 6 6 6 6 6 6 6 6 6 6 6 
tsim window 10 8 9 9 9 9 9 9 9 9 9 9 9 9 10 15 16 16 16 16 16 16 16 16 17 17 17 17 17 17 18 18 18 18 18 18 18 18 18 18 18 18 18 18 18 18 18 18 18 19 19 19 20 
task_num -1 10 8 616runtime -1 10 8 1.0053880214691162 0.9285480976104736 0.9862997531890869 1.217252254486084 1.1863858699798584 0.7707040309906006 1.1299519538879395 1.2866928577423096 0.7982940673828125 0.23909664154052734 
avg_run -1 10 8 0.9548613548278808
al_time -1 10 8 0.03588223457336426 0.02422785758972168 0.02267003059387207 0.023622989654541016 0.8019380569458008 0.03266572952270508 0.03653717041015625 0.026803970336914062 0.03540992736816406 0.019002914428710938 
avg_all -1 10 8 0.10587608814239502
random:9T:3000
sum 0 11 9 60 74 
sum 1 11 9 180 131 
sum 2 11 9 240 154 
sum 3 11 9 360 187 
sum 4 11 9 540 213 
sum 5 11 9 600 217 
sum 6 11 9 1200 252 
sum 7 11 9 1500 271 
sum 8 11 9 1800 277 
sum 9 11 9 2100 293 
sum 10 11 9 2400 307 
sum 11 11 9 2700 323 
sum 12 11 9 3000 344 
miss fire 11 9 2 2 2 1 1 1 2 2 2 0 0 0 0 0 1 1 1 2 2 1 1 1 1 1 1 1 0 0 0 0 0 0 2 2 2 2 2 2 2 2 1 2 1 1 3 2 3 2 2 2 3 
miss human 11 9 25 25 19 18 17 14 10 9 7 3 4 3 2 2 2 2 2 2 2 1 1 2 2 2 2 2 0 0 0 1 1 1 1 1 0 0 0 0 0 0 0 0 0 0 0 0 0 0 0 0 0 
miss window 11 9 10 10 9 8 5 4 2 2 1 0 0 0 0 0 0 0 1 2 2 1 1 2 2 0 0 0 0 1 1 1 1 1 1 1 1 1 1 1 1 1 1 1 2 2 1 1 2 2 2 1 2 
acm fire 11 9 2 4 6 7 8 9 11 13 15 15 15 15 15 15 16 17 18 20 22 23 24 25 26 27 28 29 29 29 29 29 29 29 31 33 35 37 39 41 43 45 46 48 49 50 53 55 58 60 62 64 67 
acm human 11 9 25 50 69 87 104 118 128 137 144 147 151 154 156 158 160 162 164 166 168 169 170 172 174 176 178 180 180 180 180 181 182 183 184 185 185 185 185 185 185 185 185 185 185 185 185 185 185 185 185 185 185 
acm window 11 9 10 20 29 37 42 46 48 50 51 51 51 51 51 51 51 51 52 54 56 57 58 60 62 62 62 62 62 63 64 65 66 67 68 69 70 71 72 73 74 75 76 77 79 81 82 83 85 87 89 90 92 
tsim fire 11 9 2 2 2 2 2 2 3 3 4 4 4 4 4 4 5 5 5 6 6 6 6 6 6 6 6 6 6 6 6 6 6 6 8 8 8 8 9 9 9 9 9 10 10 10 12 12 13 13 13 13 14 
tsim human 11 9 25 25 25 25 25 24 21 21 20 19 16 15 14 14 14 14 14 14 14 14 14 14 14 14 14 14 14 14 14 14 14 14 14 14 14 14 14 14 14 14 14 14 14 14 14 14 14 14 14 14 14 
tsim window 11 9 10 10 10 10 10 10 10 10 10 10 10 10 10 10 13 13 14 15 15 15 15 16 16 16 16 16 16 17 17 17 17 17 17 17 17 17 17 17 17 17 17 17 18 18 18 18 19 19 19 19 20 
task_num -1 11 9 531runtime -1 11 9 0.024467945098876953 0.02358388900756836 0.021754026412963867 0.021404027938842773 0.04248785972595215 0.020513057708740234 0.020579099655151367 0.02103877067565918 0.020874977111816406 0.022780895233154297 0.021348237991333008 
avg_run -1 11 9 0.023712071505459873
al_time -1 11 9 0.029911041259765625 0.022613048553466797 0.6807429790496826 0.027631044387817383 0.02966594696044922 0.02274322509765625 0.024599790573120117 0.023630142211914062 0.024752140045166016 0.02583003044128418 0.022889137268066406 
avg_all -1 11 9 0.08500077507712624
sum 0 10 9 60 74 
sum 1 10 9 180 121 
sum 2 10 9 240 140 
sum 3 10 9 360 169 
sum 4 10 9 540 193 
sum 5 10 9 600 198 
sum 6 10 9 1200 223 
sum 7 10 9 1500 227 
sum 8 10 9 1800 231 
sum 9 10 9 2100 240 
sum 10 10 9 2400 246 
sum 11 10 9 2700 262 
sum 12 10 9 3000 277 
miss fire 10 9 2 2 1 0 0 0 1 1 2 2 2 2 2 2 2 2 2 1 1 1 1 0 0 0 0 0 0 0 0 0 0 0 2 1 1 1 2 1 1 1 1 2 2 2 3 3 3 3 0 0 1 
miss human 10 9 25 25 16 13 13 13 8 7 6 4 3 2 0 0 0 0 0 0 0 0 0 0 0 0 0 0 0 0 0 0 0 0 0 0 0 0 0 0 0 0 0 0 0 0 0 0 0 0 0 0 0 
miss window 10 9 10 10 10 7 6 4 3 2 0 0 0 0 0 0 0 0 1 2 2 1 1 1 1 1 1 0 0 1 1 1 1 1 1 1 1 0 0 0 0 0 0 0 1 1 1 1 2 2 1 1 2 
acm fire 10 9 2 4 5 5 5 5 6 7 9 11 13 15 17 19 21 23 25 26 27 28 29 29 29 29 29 29 29 29 29 29 29 29 31 32 33 34 36 37 38 39 40 42 44 46 49 52 55 58 58 58 59 
acm human 10 9 25 50 66 79 92 105 113 120 126 130 133 135 135 135 135 135 135 135 135 135 135 135 135 135 135 135 135 135 135 135 135 135 135 135 135 135 135 135 135 135 135 135 135 135 135 135 135 135 135 135 135 
acm window 10 9 10 20 30 37 43 47 50 52 52 52 52 52 52 52 52 52 53 55 57 58 59 60 61 62 63 63 63 64 65 66 67 68 69 70 71 71 71 71 71 71 71 71 72 73 74 75 77 79 80 81 83 
tsim fire 10 9 2 2 2 2 2 2 3 3 4 4 4 4 4 4 5 5 5 6 6 6 6 6 6 6 6 6 6 6 6 6 6 6 8 8 8 8 9 9 9 9 9 10 10 10 12 12 13 13 13 13 14 
tsim human 10 9 25 25 25 25 25 24 21 21 20 19 16 15 14 14 14 14 14 14 14 14 14 14 14 14 14 14 14 14 14 14 14 14 14 14 14 14 14 14 14 14 14 14 14 14 14 14 14 14 14 14 14 
tsim window 10 9 10 10 10 10 10 10 10 10 10 10 10 10 10 10 13 13 14 15 15 15 15 16 16 16 16 16 16 17 17 17 17 17 17 17 17 17 17 17 17 17 17 17 18 18 18 18 19 19 19 19 20 
task_num -1 10 9 533runtime -1 10 9 0.7794218063354492 1.1129918098449707 0.7033548355102539 0.5844709873199463 0.4555940628051758 0.5642580986022949 0.6609177589416504 0.7376770973205566 0.8111469745635986 0.37186217308044434 0.28279924392700195 0.1635429859161377 
avg_run -1 10 9 0.6023364861806234
al_time -1 10 9 0.029278993606567383 0.01749706268310547 0.0200040340423584 0.6701271533966064 0.024602890014648438 0.027297019958496094 0.022475242614746094 0.02484297752380371 0.02793598175048828 0.025834083557128906 0.024168014526367188 0.01685309410095215 
avg_all -1 10 9 0.07757637898127238
random:10T:3000
sum 0 11 10 60 66 
sum 1 11 10 180 125 
sum 2 11 10 240 155 
sum 3 11 10 360 195 
sum 4 11 10 540 237 
sum 5 11 10 600 248 
sum 6 11 10 1200 319 
sum 7 11 10 1500 337 
sum 8 11 10 1800 343 
sum 9 11 10 2100 349 
sum 10 11 10 2400 353 
sum 11 11 10 2700 373 
sum 12 11 10 3000 397 
miss fire 11 10 2 2 2 2 2 0 1 3 3 4 4 4 5 3 1 0 0 0 0 0 0 0 0 0 0 0 0 0 0 0 0 0 0 2 2 2 0 0 0 2 2 3 4 4 4 5 5 3 3 0 1 
miss human 11 10 22 22 21 19 20 16 15 10 9 8 6 6 5 5 5 5 5 5 0 0 0 0 2 2 2 2 1 0 0 0 0 0 0 0 0 0 0 0 0 0 0 0 0 0 0 0 0 0 0 0 0 
miss window 11 10 9 9 8 7 8 4 4 3 1 1 1 1 1 2 2 1 2 4 3 3 3 3 3 2 1 1 1 1 1 1 1 0 0 0 0 0 0 0 0 0 0 0 0 0 0 0 1 2 2 2 5 
acm fire 11 10 2 4 6 8 10 10 11 14 17 21 25 29 34 37 38 38 38 38 38 38 38 38 38 38 38 38 38 38 38 38 38 38 38 40 42 44 44 44 44 46 48 51 55 59 63 68 73 76 79 79 80 
acm human 11 10 22 44 65 84 104 120 135 145 154 162 168 174 179 184 189 194 199 204 204 204 204 204 206 208 210 212 213 213 213 213 213 213 213 213 213 213 213 213 213 213 213 213 213 213 213 213 213 213 213 213 213 
acm window 11 10 9 18 26 33 41 45 49 52 53 54 55 56 57 59 61 62 64 68 71 74 77 80 83 85 86 87 88 89 90 91 92 92 92 92 92 92 92 92 92 92 92 92 92 92 92 92 93 95 97 99 104 
tsim fire 11 10 2 2 2 2 3 3 4 6 6 7 7 7 8 8 8 8 8 8 8 8 8 8 8 8 8 8 8 8 8 8 8 8 8 6 6 6 6 6 6 8 8 10 12 12 12 13 13 13 13 13 14 
tsim human 11 10 22 22 22 22 26 26 26 23 22 24 20 20 19 18 17 17 17 17 17 17 17 17 17 17 17 17 17 17 17 17 17 17 17 17 17 17 17 17 17 17 17 17 17 17 17 17 17 17 17 17 17 
tsim window 11 10 9 9 9 9 12 12 12 12 12 15 15 15 15 16 16 16 17 19 19 19 19 19 20 20 20 20 20 20 20 20 20 20 20 20 20 20 20 20 20 20 20 24 24 24 24 27 28 29 29 29 32 
task_num -1 11 10 544runtime -1 11 10 0.03603816032409668 0.030440807342529297 0.02988910675048828 0.029848814010620117 0.029863834381103516 0.02938532829284668 
avg_run -1 11 10 0.03091100851694743
al_time -1 11 10 0.0327610969543457 0.030472993850708008 0.030796051025390625 0.03026103973388672 0.030459880828857422 0.023746728897094727 
avg_all -1 11 10 0.029749631881713867
sum 0 10 10 60 66 
sum 1 10 10 180 101 
sum 2 10 10 240 122 
sum 3 10 10 360 163 
sum 4 10 10 540 212 
sum 5 10 10 600 219 
sum 6 10 10 1200 264 
sum 7 10 10 1500 267 
sum 8 10 10 1800 267 
sum 9 10 10 2100 272 
sum 10 10 10 2400 280 
sum 11 10 10 2700 296 
sum 12 10 10 3000 321 
miss fire 10 10 2 2 0 0 1 1 2 4 4 4 2 2 2 2 2 0 0 0 0 0 0 0 0 0 0 0 0 0 0 0 0 1 1 1 1 1 1 2 1 3 1 3 3 3 3 4 4 4 4 0 1 
miss human 10 10 22 22 9 8 11 10 10 8 6 7 3 3 2 2 3 3 3 2 2 0 0 0 0 0 0 0 0 0 0 0 0 0 0 0 0 0 0 0 0 0 0 0 0 0 0 0 0 0 0 0 0 
miss window 10 10 9 9 9 9 9 9 9 7 6 3 2 2 0 1 1 1 2 4 4 1 1 1 2 0 0 0 0 0 0 0 0 0 0 0 0 0 0 0 0 0 0 0 0 0 0 0 1 2 2 2 5 
acm fire 10 10 2 4 4 4 5 6 8 12 16 20 22 24 26 28 30 30 30 30 30 30 30 30 30 30 30 30 30 30 30 30 30 31 32 33 34 35 36 38 39 42 43 46 49 52 55 59 63 67 71 71 72 
acm human 10 10 22 44 53 61 72 82 92 100 106 113 116 119 121 123 126 129 132 134 136 136 136 136 136 136 136 136 136 136 136 136 136 136 136 136 136 136 136 136 136 136 136 136 136 136 136 136 136 136 136 136 136 
acm window 10 10 9 18 27 36 45 54 63 70 76 79 81 83 83 84 85 86 88 92 96 97 98 99 101 101 101 101 101 101 101 101 101 101 101 101 101 101 101 101 101 101 101 101 101 101 101 101 102 104 106 108 113 
tsim fire 10 10 2 2 2 2 3 3 4 6 6 7 7 7 8 8 8 8 8 8 8 8 8 8 8 8 8 8 8 8 8 8 8 8 8 6 6 6 6 6 6 8 8 10 12 12 12 13 13 13 13 13 14 
tsim human 10 10 22 22 22 22 26 26 26 23 22 24 20 20 19 18 17 17 17 17 17 17 17 17 17 17 17 17 17 17 17 17 17 17 17 17 17 17 17 17 17 17 17 17 17 17 17 17 17 17 17 17 17 
tsim window 10 10 9 9 9 9 12 12 12 12 12 15 15 15 15 16 16 16 17 19 19 19 19 19 20 20 20 20 20 20 20 20 20 20 20 20 20 20 20 20 20 20 20 24 24 24 24 27 28 29 29 29 32 
task_num -1 10 10 966runtime -1 10 10 0.7900247573852539 1.013235092163086 2.102104902267456 1.3119182586669922 1.675300121307373 1.8446509838104248 1.3440709114074707 1.4097280502319336 0.6241228580474854 
avg_run -1 10 10 1.346128437254164
al_time -1 10 10 0.0341038703918457 1.8989899158477783 0.05589413642883301 0.03068065643310547 0.04455709457397461 0.04680895805358887 0.03267788887023926 1.1957640647888184 1.3878138065338135 
avg_all -1 10 10 0.525254487991333
random:11T:3000
sum 0 11 11 60 54 
sum 1 11 11 180 91 
sum 2 11 11 240 103 
sum 3 11 11 360 117 
sum 4 11 11 540 135 
sum 5 11 11 600 143 
sum 6 11 11 1200 221 
sum 7 11 11 1500 248 
sum 8 11 11 1800 273 
sum 9 11 11 2100 295 
sum 10 11 11 2400 320 
sum 11 11 11 2700 352 
sum 12 11 11 3000 384 
miss fire 11 11 4 4 4 1 0 0 2 2 1 1 2 4 2 2 2 2 2 2 2 2 1 1 1 1 1 1 1 1 1 1 1 1 2 1 3 3 2 3 3 3 3 3 3 4 4 4 4 4 5 2 4 
miss human 11 11 15 15 11 9 8 6 4 4 3 4 5 6 4 4 4 3 3 3 3 3 2 2 3 3 1 1 2 2 2 2 2 2 1 1 1 1 1 1 1 1 1 1 1 1 1 1 1 1 1 1 1 
miss window 11 11 8 8 8 4 4 2 0 1 1 1 1 1 1 1 1 1 3 3 3 4 4 4 2 2 2 2 2 2 2 2 2 2 1 1 1 1 1 1 1 1 2 1 2 2 2 2 2 2 2 1 1 
acm fire 11 11 4 8 12 13 13 13 15 17 18 19 21 25 27 29 31 33 35 37 39 41 42 43 44 45 46 47 48 49 50 51 52 53 55 56 59 62 64 67 70 73 76 79 82 86 90 94 98 102 107 109 113 
acm human 11 11 15 30 41 50 58 64 68 72 75 79 84 90 94 98 102 105 108 111 114 117 119 121 124 127 128 129 131 133 135 137 139 141 142 143 144 145 146 147 148 149 150 151 152 153 154 155 156 157 158 159 160 
acm window 11 11 8 16 24 28 32 34 34 35 36 37 38 39 40 41 42 43 46 49 52 56 60 64 66 68 70 72 74 76 78 80 82 84 85 86 87 88 89 90 91 92 94 95 97 99 101 103 105 107 109 110 111 
tsim fire 11 11 4 4 4 4 4 4 6 6 6 6 7 9 9 9 9 9 9 9 9 9 9 9 9 9 9 9 9 9 9 9 9 9 10 9 11 11 11 12 12 12 12 13 13 14 14 14 14 14 15 15 17 
tsim human 11 11 15 15 15 15 14 14 12 12 12 11 10 11 9 9 9 8 8 8 8 8 8 8 8 8 8 8 8 8 8 8 8 8 8 8 8 8 8 8 8 8 8 8 8 8 8 8 8 8 8 8 8 
tsim window 11 11 8 8 8 8 8 8 8 9 9 9 9 14 14 14 14 14 16 16 16 17 19 19 19 19 19 19 19 19 19 19 19 19 19 19 19 19 19 19 19 19 20 20 21 22 22 23 23 23 23 23 26 
task_num -1 11 11 527runtime -1 11 11 0.02320694923400879 0.023187875747680664 0.020360946655273438 0.020877838134765625 0.020556926727294922 0.04124903678894043 0.020236968994140625 0.021214962005615234 0.021300077438354492 0.020635128021240234 0.020725011825561523 
avg_run -1 11 11 0.023050156506625088
al_time -1 11 11 0.030837059020996094 0.6956729888916016 0.04775404930114746 0.022775650024414062 0.023028850555419922 0.02449512481689453 0.03000187873840332 0.027133941650390625 0.02474498748779297 0.027575016021728516 0.032453060150146484 
avg_all -1 11 11 0.08967932787808505
sum 0 10 11 60 54 
sum 1 10 11 180 79 
sum 2 10 11 240 87 
sum 3 10 11 360 101 
sum 4 10 11 540 121 
sum 5 10 11 600 128 
sum 6 10 11 1200 156 
sum 7 10 11 1500 160 
sum 8 10 11 1800 160 
sum 9 10 11 2100 166 
sum 10 10 11 2400 172 
sum 11 10 11 2700 193 
sum 12 10 11 3000 205 
miss fire 10 11 4 4 1 0 0 0 2 1 1 1 2 4 1 1 1 1 1 1 0 0 0 0 0 0 0 0 0 0 0 0 0 0 1 1 3 1 1 1 1 1 1 2 2 2 2 1 1 1 1 0 2 
miss human 10 11 15 15 6 4 3 3 3 3 3 4 4 5 1 1 1 0 0 0 0 0 0 0 0 0 0 0 0 0 0 0 0 0 0 0 0 0 0 0 0 0 0 0 0 0 0 0 0 0 0 0 0 
miss window 10 11 8 8 8 6 5 3 3 3 3 1 1 1 0 0 0 0 2 1 1 2 3 3 1 0 0 0 0 0 0 0 0 0 0 0 0 0 0 0 0 0 1 1 2 3 3 3 3 1 1 1 1 
acm fire 10 11 4 8 9 9 9 9 11 12 13 14 16 20 21 22 23 24 25 26 26 26 26 26 26 26 26 26 26 26 26 26 26 26 27 28 31 32 33 34 35 36 37 39 41 43 45 46 47 48 49 49 51 
acm human 10 11 15 30 36 40 43 46 49 52 55 59 63 68 69 70 71 71 71 71 71 71 71 71 71 71 71 71 71 71 71 71 71 71 71 71 71 71 71 71 71 71 71 71 71 71 71 71 71 71 71 71 71 
acm window 10 11 8 16 24 30 35 38 41 44 47 48 49 50 50 50 50 50 52 53 54 56 59 62 63 63 63 63 63 63 63 63 63 63 63 63 63 63 63 63 63 63 64 65 67 70 73 76 79 80 81 82 83 
tsim fire 10 11 4 4 4 4 4 4 6 6 6 6 7 9 9 9 9 9 9 9 9 9 9 9 9 9 9 9 9 9 9 9 9 9 10 9 11 11 11 12 12 12 12 13 13 14 14 14 14 14 15 15 17 
tsim human 10 11 15 15 15 15 14 14 12 12 12 11 10 11 9 9 9 8 8 8 8 8 8 8 8 8 8 8 8 8 8 8 8 8 8 8 8 8 8 8 8 8 8 8 8 8 8 8 8 8 8 8 8 
tsim window 10 11 8 8 8 8 8 8 8 9 9 9 9 14 14 14 14 14 16 16 16 17 19 19 19 19 19 19 19 19 19 19 19 19 19 19 19 19 19 19 19 19 20 20 21 22 22 23 23 23 23 23 26 
task_num -1 10 11 533runtime -1 10 11 0.7987041473388672 1.4892687797546387 0.8308930397033691 0.8858633041381836 1.1640801429748535 1.594142198562622 1.6322219371795654 0.9362707138061523 1.03537917137146 0.757544994354248 0.6905567646026611 0.397510290145874 
avg_run -1 10 11 1.0177029569943745
al_time -1 10 11 0.03175020217895508 0.6648931503295898 0.023952960968017578 0.02994823455810547 0.033103227615356445 0.030371665954589844 0.024749755859375 0.025290966033935547 0.030731916427612305 0.02513909339904785 0.027179956436157227 0.025236845016479492 
avg_all -1 10 11 0.0810289978981018
random:12T:3000
sum 0 11 12 60 42 
sum 1 11 12 180 62 
sum 2 11 12 240 70 
sum 3 11 12 360 109 
sum 4 11 12 540 165 
sum 5 11 12 600 184 
sum 6 11 12 1200 368 
sum 7 11 12 1500 445 
sum 8 11 12 1800 524 
sum 9 11 12 2100 599 
sum 10 11 12 2400 680 
sum 11 11 12 2700 770 
sum 12 11 12 3000 875 
miss fire 11 12 1 1 0 0 0 1 1 1 1 2 2 2 2 2 2 2 3 3 3 3 3 3 2 2 2 2 2 2 2 2 2 2 2 2 2 2 3 3 4 5 4 5 5 5 5 5 6 6 6 6 6 
miss human 11 12 17 15 9 9 7 16 13 12 14 14 13 13 13 13 10 10 10 10 10 9 9 9 8 8 8 8 8 9 9 7 7 7 8 8 8 8 8 8 7 7 7 7 6 6 6 6 6 6 6 6 6 
miss window 11 12 4 4 1 1 1 4 4 4 4 4 4 4 4 5 5 5 5 6 6 6 6 5 5 5 5 5 5 6 6 6 6 6 5 5 5 5 5 5 5 5 5 5 7 7 7 8 8 8 9 10 10 
acm fire 11 12 1 2 2 2 2 3 4 5 6 8 10 12 14 16 18 20 23 26 29 32 35 38 40 42 44 46 48 50 52 54 56 58 60 62 64 66 69 72 76 81 85 90 95 100 105 110 116 122 128 134 140 
acm human 11 12 17 32 41 50 57 73 86 98 112 126 139 152 165 178 188 198 208 218 228 237 246 255 263 271 279 287 295 304 313 320 327 334 342 350 358 366 374 382 389 396 403 410 416 422 428 434 440 446 452 458 464 
acm window 11 12 4 8 9 10 11 15 19 23 27 31 35 39 43 48 53 58 63 69 75 81 87 92 97 102 107 112 117 123 129 135 141 147 152 157 162 167 172 177 182 187 192 197 204 211 218 226 234 242 251 261 271 
tsim fire 11 12 1 1 1 1 1 2 2 2 2 3 4 4 4 4 4 4 5 5 5 5 5 5 5 5 5 5 5 5 5 5 5 5 5 5 5 5 6 6 7 8 8 9 10 10 10 10 11 11 11 11 11 
tsim human 11 12 17 15 15 15 15 22 22 22 20 20 20 20 19 19 17 17 17 17 17 17 17 17 17 17 17 17 17 17 17 17 17 17 17 17 17 17 17 17 17 17 17 17 17 17 17 17 17 17 17 17 17 
tsim window 11 12 4 4 4 4 4 8 8 8 8 8 8 8 8 9 9 9 10 11 11 11 11 11 11 11 11 11 11 12 12 12 12 12 12 12 12 12 12 12 12 12 12 12 14 14 14 15 15 15 16 17 17 
task_num -1 11 12 401runtime -1 11 12 0.01891303062438965 0.01737499237060547 0.015422821044921875 0.014410972595214844 0.015609979629516602 0.014560937881469727 0.01749396324157715 0.02454972267150879 0.018834829330444336 0.019176006317138672 0.018294095993041992 
avg_run -1 11 12 0.0176946683363481
al_time -1 11 12 0.06253218650817871 0.014986038208007812 0.014526844024658203 0.015308856964111328 0.0418398380279541 0.5931501388549805 0.04405713081359863 0.02793407440185547 0.01920795440673828 0.044676780700683594 0.025115251541137695 
avg_all -1 11 12 0.08212137222290039
sum 0 10 12 60 42 
sum 1 10 12 180 66 
sum 2 10 12 240 73 
sum 3 10 12 360 114 
sum 4 10 12 540 166 
sum 5 10 12 600 181 
sum 6 10 12 1200 320 
sum 7 10 12 1500 379 
sum 8 10 12 1800 435 
sum 9 10 12 2100 490 
sum 10 10 12 2400 553 
sum 11 10 12 2700 628 
sum 12 10 12 3000 688 
miss fire 10 12 1 1 1 0 0 1 1 1 1 2 3 3 2 2 2 2 3 3 3 3 2 2 2 2 2 2 2 2 2 2 2 2 2 2 2 2 3 3 4 5 3 4 5 4 4 4 5 4 4 1 1 
miss human 10 12 17 15 10 6 5 15 15 12 12 12 8 8 9 9 7 5 5 5 5 5 5 5 5 5 5 4 4 4 4 4 4 4 4 4 4 4 4 4 4 4 4 4 4 4 4 4 4 4 4 1 1 
miss window 10 12 4 4 4 3 2 5 4 4 4 4 4 4 4 5 5 5 5 6 6 6 5 5 5 5 5 5 5 6 5 5 5 5 5 5 5 5 5 5 5 5 5 5 7 7 7 8 8 5 6 6 6 
acm fire 10 12 1 2 3 3 3 4 5 6 7 9 12 15 17 19 21 23 26 29 32 35 37 39 41 43 45 47 49 51 53 55 57 59 61 63 65 67 70 73 77 82 85 89 94 98 102 106 111 115 119 120 121 
acm human 10 12 17 32 42 48 53 68 83 95 107 119 127 135 144 153 160 165 170 175 180 185 190 195 200 205 210 214 218 222 226 230 234 238 242 246 250 254 258 262 266 270 274 278 282 286 290 294 298 302 306 307 308 
acm window 10 12 4 8 12 15 17 22 26 30 34 38 42 46 50 55 60 65 70 76 82 88 93 98 103 108 113 118 123 129 134 139 144 149 154 159 164 169 174 179 184 189 194 199 206 213 220 228 236 241 247 253 259 
tsim fire 10 12 1 1 1 1 1 2 2 2 2 3 4 4 4 4 4 4 5 5 5 5 5 5 5 5 5 5 5 5 5 5 5 5 5 5 5 5 6 6 7 8 8 9 10 10 10 10 11 11 11 11 11 
tsim human 10 12 17 15 15 15 15 22 22 22 20 20 20 20 19 19 17 17 17 17 17 17 17 17 17 17 17 17 17 17 17 17 17 17 17 17 17 17 17 17 17 17 17 17 17 17 17 17 17 17 17 17 17 
tsim window 10 12 4 4 4 4 4 8 8 8 8 8 8 8 8 9 9 9 10 11 11 11 11 11 11 11 11 11 11 12 12 12 12 12 12 12 12 12 12 12 12 12 12 12 14 14 14 15 15 15 16 17 17 
task_num -1 10 12 726runtime -1 10 12 0.8161180019378662 0.38205695152282715 1.1673321723937988 1.3057231903076172 0.8736658096313477 0.46692681312561035 0.9708521366119385 0.48549509048461914 0.462116003036499 0.19049382209777832 0.06468796730041504 0.03391003608703613 
avg_run -1 10 12 0.6016148328781128
al_time -1 10 12 0.08120918273925781 0.014220952987670898 0.04005312919616699 0.017399072647094727 0.5926508903503418 0.043787240982055664 0.029152870178222656 0.022089004516601562 1.3352079391479492 0.8750810623168945 0.028003931045532227 0.021162033081054688 
avg_all -1 10 12 0.2583347757657369
random:13T:3000
sum 0 11 13 60 91 
sum 1 11 13 180 147 
sum 2 11 13 240 163 
sum 3 11 13 360 191 
sum 4 11 13 540 213 
sum 5 11 13 600 218 
sum 6 11 13 1200 252 
sum 7 11 13 1500 269 
sum 8 11 13 1800 285 
sum 9 11 13 2100 302 
sum 10 11 13 2400 325 
sum 11 11 13 2700 355 
sum 12 11 13 3000 399 
miss fire 11 13 5 6 3 1 0 0 0 0 0 0 2 3 2 2 1 1 2 2 2 2 2 2 2 1 1 1 1 1 1 1 1 1 1 1 2 2 2 3 3 4 4 3 5 4 4 3 3 4 4 6 6 
miss human 11 13 25 25 20 14 11 11 9 8 6 2 2 2 2 2 2 2 2 0 0 0 0 0 0 0 0 0 0 0 0 0 0 0 0 0 0 0 0 0 0 0 0 0 0 0 0 0 0 0 0 0 0 
miss window 11 13 15 15 10 8 5 4 4 3 2 1 1 1 0 0 0 0 0 0 0 1 1 2 2 2 2 2 3 2 2 2 2 2 2 2 2 2 2 1 1 1 2 2 2 2 2 3 3 3 5 5 5 
acm fire 11 13 5 11 14 15 15 15 15 15 15 15 17 20 22 24 25 26 28 30 32 34 36 38 40 41 42 43 44 45 46 47 48 49 50 51 53 55 57 60 63 67 71 74 79 83 87 90 93 97 101 107 113 
acm human 11 13 25 50 70 84 95 106 115 123 129 131 133 135 137 139 141 143 145 145 145 145 145 145 145 145 145 145 145 145 145 145 145 145 145 145 145 145 145 145 145 145 145 145 145 145 145 145 145 145 145 145 145 
acm window 11 13 15 30 40 48 53 57 61 64 66 67 68 69 69 69 69 69 69 69 69 70 71 73 75 77 79 81 84 86 88 90 92 94 96 98 100 102 104 105 106 107 109 111 113 115 117 120 123 126 131 136 141 
tsim fire 11 13 5 6 6 6 6 6 6 6 6 6 8 9 10 10 10 10 11 11 11 11 11 11 11 11 11 11 11 11 11 11 11 11 11 11 12 12 12 13 13 15 15 15 17 17 17 17 17 18 18 20 20 
tsim human 11 13 25 25 25 23 19 19 19 18 18 16 16 16 16 16 15 15 15 15 15 15 15 15 15 15 15 15 15 15 15 15 15 15 15 15 15 15 15 15 15 15 15 15 15 15 15 15 15 15 15 15 15 
tsim window 11 13 15 15 15 15 15 15 15 15 16 16 18 18 18 18 18 18 18 18 18 19 19 20 20 20 20 20 21 21 21 21 21 21 21 21 21 21 21 21 21 26 27 27 27 27 27 28 28 28 30 30 30 
task_num -1 11 13 728runtime -1 11 13 0.024389028549194336 0.022691965103149414 0.026992321014404297 0.033264875411987305 0.025085926055908203 0.024638891220092773 0.025150060653686523 0.028617143630981445 0.02868199348449707 0.032269954681396484 
avg_run -1 11 13 0.027178215980529784
al_time -1 11 13 0.034768104553222656 0.9344217777252197 0.05549478530883789 0.029343128204345703 0.033772945404052734 0.036051034927368164 1.0029733180999756 0.03136897087097168 0.05572915077209473 0.027027130126953125 
avg_all -1 11 13 0.2240950345993042
sum 0 10 13 60 91 
sum 1 10 13 180 150 
sum 2 10 13 240 168 
sum 3 10 13 360 194 
sum 4 10 13 540 220 
sum 5 10 13 600 225 
sum 6 10 13 1200 250 
sum 7 10 13 1500 253 
sum 8 10 13 1800 255 
sum 9 10 13 2100 257 
sum 10 10 13 2400 271 
sum 11 10 13 2700 303 
sum 12 10 13 3000 344 
miss fire 10 13 5 6 5 3 1 1 1 1 1 1 0 1 2 2 1 1 2 2 0 0 0 0 0 0 0 0 0 0 0 0 0 0 0 0 1 1 1 2 2 4 4 4 6 6 5 5 5 5 5 5 5 
miss human 10 13 25 25 18 9 7 7 6 6 4 6 4 4 1 1 1 1 0 0 0 0 0 0 0 0 0 0 0 0 0 0 0 0 0 0 0 0 0 0 0 0 0 0 0 0 0 0 0 0 0 0 0 
miss window 10 13 15 15 12 12 10 8 3 2 3 2 1 1 1 1 1 1 0 0 0 1 0 1 1 1 0 0 1 1 0 0 0 0 0 0 0 0 0 0 0 0 1 1 1 1 1 2 2 2 4 4 4 
acm fire 10 13 5 11 16 19 20 21 22 23 24 25 25 26 28 30 31 32 34 36 36 36 36 36 36 36 36 36 36 36 36 36 36 36 36 36 37 38 39 41 43 47 51 55 61 67 72 77 82 87 92 97 102 
acm human 10 13 25 50 68 77 84 91 97 103 107 113 117 121 122 123 124 125 125 125 125 125 125 125 125 125 125 125 125 125 125 125 125 125 125 125 125 125 125 125 125 125 125 125 125 125 125 125 125 125 125 125 125 
acm window 10 13 15 30 42 54 64 72 75 77 80 82 83 84 85 86 87 88 88 88 88 89 89 90 91 92 92 92 93 94 94 94 94 94 94 94 94 94 94 94 94 94 95 96 97 98 99 101 103 105 109 113 117 
tsim fire 10 13 5 6 6 6 6 6 6 6 6 6 8 9 10 10 10 10 11 11 11 11 11 11 11 11 11 11 11 11 11 11 11 11 11 11 12 12 12 13 13 15 15 15 17 17 17 17 17 18 18 20 20 
tsim human 10 13 25 25 25 23 19 19 19 18 18 16 16 16 16 16 15 15 15 15 15 15 15 15 15 15 15 15 15 15 15 15 15 15 15 15 15 15 15 15 15 15 15 15 15 15 15 15 15 15 15 15 15 
tsim window 10 13 15 15 15 15 15 15 15 15 16 16 18 18 18 18 18 18 18 18 18 19 19 20 20 20 20 20 21 21 21 21 21 21 21 21 21 21 21 21 21 26 27 27 27 27 27 28 28 28 30 30 30 
task_num -1 10 13 735runtime -1 10 13 0.9951460361480713 0.9272358417510986 0.693248987197876 0.8289031982421875 1.0074708461761475 0.8353328704833984 1.2863109111785889 1.1500298976898193 0.5647499561309814 0.36384010314941406 0.033798933029174805 
avg_run -1 10 13 0.7896425073797052
al_time -1 10 13 0.037175893783569336 0.7731530666351318 0.027170181274414062 0.027203798294067383 0.02751302719116211 0.03592991828918457 0.03836798667907715 0.030924081802368164 0.05093574523925781 0.8986968994140625 0.02266693115234375 
avg_all -1 10 13 0.1790670481595126
