random:0T:1200
1 -1 0 0
1 -1 1 0
1 -1 2 0
1 -1 3 0
1 -1 4 0
1 -1 5 0
1 -1 6 0
1 -1 7 0
1 -1 8 0
random:0T:1800
1 -1 0 0
1 -1 1 0
1 -1 2 0
1 -1 3 0
1 -1 4 0
1 -1 5 0
1 -1 6 0
1 -1 7 0
1 -1 8 0
random:0T:2400
1 -1 0 0
1 -1 1 0
1 -1 2 0
1 -1 3 0
1 -1 4 0
1 -1 5 0
1 -1 6 0
1 -1 7 0
1 -1 8 0
random:0T:3000
1 -1 0 0
1 -1 1 0
1 -1 2 0
1 -1 3 0
1 -1 4 0
1 -1 5 0
1 -1 6 0
1 -1 7 0
1 -1 8 0
random:1T:1200
1 -1 0 0
1 -1 1 0
1 -1 2 0
1 -1 3 0
1 -1 4 0
1 -1 5 0
1 -1 6 0
1 -1 7 0
1 -1 8 0
random:1T:1800
1 -1 0 0
1 -1 1 0
1 -1 2 0
1 -1 3 0
1 -1 4 0
1 -1 5 0
1 -1 6 0
1 -1 7 0
1 -1 8 0
random:1T:2400
1 -1 0 0
1 -1 1 0
1 -1 2 0
1 -1 3 0
1 -1 4 0
1 -1 5 0
1 -1 6 0
1 -1 7 0
1 -1 8 0
random:1T:3000
1 -1 0 0
1 -1 1 0
1 -1 2 0
1 -1 3 0
1 -1 4 0
1 -1 5 0
1 -1 6 0
1 -1 7 0
1 -1 8 0
random:0T:1200
1 -1 0 0
1 -1 1 0
1 -1 2 0
1 -1 3 0
1 -1 4 0
1 -1 5 0
1 -1 6 0
1 -1 7 0
1 -1 8 0
random:0T:1800
1 -1 0 0
1 -1 1 0
1 -1 2 0
1 -1 3 0
1 -1 4 0
1 -1 5 0
1 -1 6 0
1 -1 7 0
1 -1 8 0
random:0T:2400
1 -1 0 0
1 -1 1 0
1 -1 2 0
1 -1 3 0
1 -1 4 0
1 -1 5 0
1 -1 6 0
1 -1 7 0
1 -1 8 0
random:0T:3000
1 -1 0 0
1 -1 1 0
1 -1 2 0
1 -1 3 0
1 -1 4 0
1 -1 5 0
1 -1 6 0
1 -1 7 0
1 -1 8 0
random:1T:1200
1 -1 0 0
1 -1 1 0
1 -1 2 0
1 -1 3 0
1 -1 4 0
1 -1 5 0
1 -1 6 0
1 -1 7 0
1 -1 8 0
random:1T:1800
1 -1 0 0
1 -1 1 0
1 -1 2 0
1 -1 3 0
1 -1 4 0
1 -1 5 0
1 -1 6 0
1 -1 7 0
1 -1 8 0
random:1T:2400
1 -1 0 0
1 -1 1 0
1 -1 2 0
1 -1 3 0
1 -1 4 0
1 -1 5 0
1 -1 6 0
1 -1 7 0
1 -1 8 0
random:1T:3000
1 -1 0 0
1 -1 1 0
1 -1 2 0
1 -1 3 0
1 -1 4 0
1 -1 5 0
1 -1 6 0
1 -1 7 0
1 -1 8 0
random:0T:1200
1 -1 0 0
1 -1 1 0
1 -1 2 0
1 -1 3 0
1 -1 4 0
1 -1 5 0
1 -1 6 0
1 -1 7 0
1 -1 8 0
random:0T:1800
1 -1 0 0
1 -1 1 0
1 -1 2 0
1 -1 3 0
1 -1 4 0
1 -1 5 0
1 -1 6 0
1 -1 7 0
1 -1 8 0
random:0T:2400
1 -1 0 0
1 -1 1 0
1 -1 2 0
1 -1 3 0
1 -1 4 0
1 -1 5 0
1 -1 6 0
1 -1 7 0
1 -1 8 0
random:0T:3000
1 -1 0 0
1 -1 1 0
1 -1 2 0
1 -1 3 0
1 -1 4 0
1 -1 5 0
1 -1 6 0
1 -1 7 0
1 -1 8 0
random:1T:1200
1 -1 0 0
1 -1 1 0
1 -1 2 0
1 -1 3 0
1 -1 4 0
1 -1 5 0
1 -1 6 0
1 -1 7 0
1 -1 8 0
random:1T:1800
1 -1 0 0
1 -1 1 0
1 -1 2 0
1 -1 3 0
1 -1 4 0
1 -1 5 0
1 -1 6 0
1 -1 7 0
1 -1 8 0
random:1T:2400
1 -1 0 0
1 -1 1 0
1 -1 2 0
1 -1 3 0
1 -1 4 0
1 -1 5 0
1 -1 6 0
1 -1 7 0
1 -1 8 0
random:1T:3000
1 -1 0 0
1 -1 1 0
1 -1 2 0
1 -1 3 0
1 -1 4 0
1 -1 5 0
1 -1 6 0
1 -1 7 0
1 -1 8 0
random:2T:1200
1 -1 0 0
1 -1 1 0
1 -1 2 0
1 -1 3 0
1 -1 4 0
1 -1 5 0
1 -1 6 0
1 -1 7 0
1 -1 8 0
random:2T:1800
1 -1 0 0
1 -1 1 0
1 -1 2 0
1 -1 3 0
1 -1 4 0
1 -1 5 0
1 -1 6 0
1 -1 7 0
1 -1 8 0
random:2T:2400
1 -1 0 0
1 -1 1 0
1 -1 2 0
1 -1 3 0
1 -1 4 0
1 -1 5 0
1 -1 6 0
1 -1 7 0
1 -1 8 0
random:2T:3000
1 -1 0 0
1 -1 1 0
1 -1 2 0
1 -1 3 0
1 -1 4 0
1 -1 5 0
1 -1 6 0
1 -1 7 0
1 -1 8 0
random:3T:1200
1 -1 0 0
1 -1 1 0
1 -1 2 0
1 -1 3 0
1 -1 4 0
1 -1 5 0
1 -1 6 0
1 -1 7 0
1 -1 8 0
random:3T:1800
1 -1 0 0
1 -1 1 0
1 -1 2 0
1 -1 3 0
1 -1 4 0
1 -1 5 0
1 -1 6 0
1 -1 7 0
1 -1 8 0
random:3T:2400
1 -1 0 0
1 -1 1 0
1 -1 2 0
1 -1 3 0
1 -1 4 0
1 -1 5 0
1 -1 6 0
1 -1 7 0
1 -1 8 0
random:3T:3000
1 -1 0 0
1 -1 1 0
1 -1 2 0
1 -1 3 0
1 -1 4 0
1 -1 5 0
1 -1 6 0
1 -1 7 0
1 -1 8 0
random:4T:1200
1 -1 0 0
1 -1 1 0
1 -1 2 0
1 -1 3 0
1 -1 4 0
1 -1 5 0
1 -1 6 0
1 -1 7 0
1 -1 8 0
random:4T:1800
1 -1 0 0
1 -1 1 0
1 -1 2 0
1 -1 3 0
1 -1 4 0
1 -1 5 0
1 -1 6 0
1 -1 7 0
1 -1 8 0
random:4T:2400
1 -1 0 0
1 -1 1 0
1 -1 2 0
1 -1 3 0
1 -1 4 0
1 -1 5 0
1 -1 6 0
1 -1 7 0
1 -1 8 0
random:4T:3000
1 -1 0 0
1 -1 1 0
1 -1 2 0
1 -1 3 0
1 -1 4 0
1 -1 5 0
1 -1 6 0
1 -1 7 0
1 -1 8 0
random:5T:1200
1 -1 0 0
1 -1 1 0
1 -1 2 0
1 -1 3 0
1 -1 4 0
1 -1 5 0
1 -1 6 0
1 -1 7 0
1 -1 8 0
random:5T:1800
1 -1 0 0
1 -1 1 0
1 -1 2 0
1 -1 3 0
1 -1 4 0
1 -1 5 0
1 -1 6 0
1 -1 7 0
1 -1 8 0
random:5T:2400
1 -1 0 0
1 -1 1 0
1 -1 2 0
1 -1 3 0
1 -1 4 0
1 -1 5 0
1 -1 6 0
1 -1 7 0
1 -1 8 0
random:5T:3000
1 -1 0 0
1 -1 1 0
1 -1 2 0
1 -1 3 0
1 -1 4 0
1 -1 5 0
1 -1 6 0
1 -1 7 0
1 -1 8 0
random:6T:1200
1 -1 0 0
1 -1 1 0
1 -1 2 0
1 -1 3 0
1 -1 4 0
1 -1 5 0
1 -1 6 0
1 -1 7 0
1 -1 8 0
random:6T:1800
1 -1 0 0
1 -1 1 0
1 -1 2 0
1 -1 3 0
1 -1 4 0
1 -1 5 0
1 -1 6 0
1 -1 7 0
1 -1 8 0
random:6T:2400
1 -1 0 0
1 -1 1 0
1 -1 2 0
1 -1 3 0
1 -1 4 0
1 -1 5 0
1 -1 6 0
1 -1 7 0
1 -1 8 0
random:6T:3000
1 -1 0 0
1 -1 1 0
1 -1 2 0
1 -1 3 0
1 -1 4 0
1 -1 5 0
1 -1 6 0
1 -1 7 0
1 -1 8 0
random:7T:1200
1 -1 0 0
1 -1 1 0
1 -1 2 0
1 -1 3 0
1 -1 4 0
1 -1 5 0
1 -1 6 0
1 -1 7 0
1 -1 8 0
random:7T:1800
1 -1 0 0
1 -1 1 0
1 -1 2 0
1 -1 3 0
1 -1 4 0
1 -1 5 0
1 -1 6 0
1 -1 7 0
1 -1 8 0
random:7T:2400
1 -1 0 0
1 -1 1 0
1 -1 2 0
1 -1 3 0
1 -1 4 0
1 -1 5 0
1 -1 6 0
1 -1 7 0
1 -1 8 0
random:7T:3000
1 -1 0 0
1 -1 1 0
1 -1 2 0
1 -1 3 0
1 -1 4 0
1 -1 5 0
1 -1 6 0
1 -1 7 0
1 -1 8 0
random:8T:1200
1 -1 0 0
1 -1 1 0
1 -1 2 0
1 -1 3 0
1 -1 4 0
1 -1 5 0
1 -1 6 0
1 -1 7 0
1 -1 8 0
random:8T:1800
1 -1 0 0
1 -1 1 0
1 -1 2 0
1 -1 3 0
1 -1 4 0
1 -1 5 0
1 -1 6 0
1 -1 7 0
1 -1 8 0
random:8T:2400
1 -1 0 0
1 -1 1 0
1 -1 2 0
1 -1 3 0
1 -1 4 0
1 -1 5 0
1 -1 6 0
1 -1 7 0
1 -1 8 0
random:8T:3000
1 -1 0 0
1 -1 1 0
1 -1 2 0
1 -1 3 0
1 -1 4 0
1 -1 5 0
1 -1 6 0
1 -1 7 0
1 -1 8 0
random:9T:1200
1 -1 0 0
1 -1 1 0
1 -1 2 0
1 -1 3 0
1 -1 4 0
1 -1 5 0
1 -1 6 0
1 -1 7 0
1 -1 8 0
random:9T:1800
1 -1 0 0
1 -1 1 0
1 -1 2 0
1 -1 3 0
1 -1 4 0
1 -1 5 0
1 -1 6 0
1 -1 7 0
1 -1 8 0
random:9T:2400
1 -1 0 0
1 -1 1 0
1 -1 2 0
1 -1 3 0
1 -1 4 0
1 -1 5 0
1 -1 6 0
1 -1 7 0
1 -1 8 0
random:9T:3000
1 -1 0 0
1 -1 1 0
1 -1 2 0
1 -1 3 0
1 -1 4 0
1 -1 5 0
1 -1 6 0
1 -1 7 0
1 -1 8 0
