random:0T:600
1 -1 0 152
1 -1 1 179
random:1T:600
1 -1 0 97
1 -1 1 105
random:0T:600
1 -1 0 152
1 -1 1 179
random:1T:600
1 -1 0 106
1 -1 1 90
random:0T:600
1 -1 0 152
1 -1 1 179
random:1T:600
1 -1 0 100
1 -1 1 111
random:0T:600
1 -1 0 152
1 -1 1 179
random:1T:600
1 -1 0 104
1 -1 1 107
random:0T:1200
1 -1 0 178
1 -1 1 196
1 -1 2 213
1 -1 3 261
1 -1 4 202
1 -1 5 242
1 -1 6 195
1 -1 7 182
1 -1 8 204
random:0T:1800
1 -1 0 200
1 -1 1 255
1 -1 2 291
1 -1 3 364
1 -1 4 216
1 -1 5 263
1 -1 6 206
1 -1 7 203
1 -1 8 235
random:0T:2400
1 -1 0 227
1 -1 1 275
1 -1 2 266
1 -1 3 514
1 -1 4 314
1 -1 5 318
1 -1 6 265
1 -1 7 242
1 -1 8 300
random:0T:3000
1 -1 0 267
1 -1 1 311
1 -1 2 330
1 -1 3 500
1 -1 4 430
1 -1 5 561
1 -1 6 240
1 -1 7 225
1 -1 8 279
random:1T:1200
1 -1 0 122
1 -1 1 128
1 -1 2 191
1 -1 3 249
1 -1 4 153
1 -1 5 208
1 -1 6 128
1 -1 7 142
1 -1 8 173
random:1T:1800
1 -1 0 175
1 -1 1 190
1 -1 2 216
1 -1 3 303
1 -1 4 181
1 -1 5 309
1 -1 6 171
1 -1 7 179
1 -1 8 302
random:1T:2400
1 -1 0 217
1 -1 1 253
1 -1 2 204
1 -1 3 487
1 -1 4 239
1 -1 5 308
1 -1 6 212
1 -1 7 190
1 -1 8 319
random:1T:3000
1 -1 0 265
1 -1 1 281
1 -1 2 586
1 -1 3 607
1 -1 4 288
1 -1 5 505
1 -1 6 359
1 -1 7 314
1 -1 8 366
random:2T:1200
1 -1 0 82
1 -1 1 83
1 -1 2 116
1 -1 3 86
1 -1 4 120
1 -1 5 122
1 -1 6 83
1 -1 7 107
1 -1 8 80
random:2T:1800
1 -1 0 73
1 -1 1 149
1 -1 2 132
1 -1 3 96
1 -1 4 149
1 -1 5 77
1 -1 6 162
1 -1 7 100
1 -1 8 149
random:2T:2400
1 -1 0 82
1 -1 1 94
1 -1 2 152
1 -1 3 211
1 -1 4 85
1 -1 5 84
1 -1 6 81
1 -1 7 82
1 -1 8 77
random:2T:3000
1 -1 0 131
1 -1 1 293
1 -1 2 252
1 -1 3 198
1 -1 4 137
1 -1 5 128
1 -1 6 142
1 -1 7 158
1 -1 8 141
random:3T:1200
1 -1 0 108
1 -1 1 116
1 -1 2 145
1 -1 3 214
1 -1 4 136
1 -1 5 145
1 -1 6 93
1 -1 7 92
1 -1 8 149
random:3T:1800
1 -1 0 115
1 -1 1 155
1 -1 2 151
1 -1 3 289
1 -1 4 162
1 -1 5 211
1 -1 6 126
1 -1 7 114
1 -1 8 179
random:3T:2400
1 -1 0 150
1 -1 1 172
1 -1 2 192
1 -1 3 372
1 -1 4 172
1 -1 5 208
1 -1 6 144
1 -1 7 136
1 -1 8 226
random:3T:3000
1 -1 0 165
1 -1 1 208
1 -1 2 220
1 -1 3 459
1 -1 4 206
1 -1 5 264
1 -1 6 164
1 -1 7 160
1 -1 8 247
random:4T:1200
1 -1 0 108
1 -1 1 153
1 -1 2 127
1 -1 3 172
1 -1 4 150
1 -1 5 169
1 -1 6 115
1 -1 7 112
1 -1 8 126
random:4T:1800
1 -1 0 109
1 -1 1 163
1 -1 2 152
1 -1 3 314
1 -1 4 159
1 -1 5 176
1 -1 6 129
1 -1 7 114
1 -1 8 145
random:4T:2400
1 -1 0 168
1 -1 1 198
1 -1 2 186
1 -1 3 355
1 -1 4 169
1 -1 5 203
1 -1 6 150
1 -1 7 120
1 -1 8 198
random:4T:3000
1 -1 0 161
1 -1 1 198
1 -1 2 234
1 -1 3 342
1 -1 4 252
1 -1 5 253
1 -1 6 164
1 -1 7 146
1 -1 8 230
random:5T:1200
1 -1 0 166
1 -1 1 163
1 -1 2 201
1 -1 3 293
1 -1 4 177
1 -1 5 187
1 -1 6 195
1 -1 7 187
1 -1 8 226
random:5T:1800
1 -1 0 183
1 -1 1 228
1 -1 2 222
1 -1 3 353
1 -1 4 193
1 -1 5 233
1 -1 6 274
1 -1 7 248
1 -1 8 231
random:5T:2400
1 -1 0 234
1 -1 1 268
1 -1 2 296
1 -1 3 477
1 -1 4 242
1 -1 5 276
1 -1 6 269
1 -1 7 220
1 -1 8 231
random:5T:3000
1 -1 0 277
1 -1 1 353
1 -1 2 313
1 -1 3 655
1 -1 4 345
1 -1 5 337
1 -1 6 260
1 -1 7 268
1 -1 8 346
