random:0T:3000
random:0T:3000
sum 0 7 0 60 81 
sum 1 7 0 180 148 
sum 2 7 0 240 179 
sum 3 7 0 360 229 
sum 4 7 0 540 289 
sum 5 7 0 600 307 
sum 6 7 0 1200 409 
sum 7 7 0 1500 442 
sum 8 7 0 1800 476 
sum 9 7 0 2100 516 
sum 10 7 0 2400 561 
sum 11 7 0 2700 603 
sum 12 7 0 3000 637 
miss fire 7 0 6 6 5 5 5 5 4 6 7 5 5 5 4 4 4 3 3 3 2 0 0 0 0 0 0 0 1 1 1 0 1 1 1 1 4 3 3 2 2 2 4 5 4 4 4 4 3 3 3 3 3 
miss human 7 0 25 24 20 19 17 14 10 8 6 7 6 5 3 3 4 3 2 2 2 2 1 1 1 1 0 0 0 0 0 0 0 0 0 0 0 0 0 0 0 0 0 0 0 0 0 0 0 0 0 0 0 
miss window 7 0 10 10 9 9 9 9 8 7 7 7 7 7 6 4 4 4 4 4 4 4 6 6 6 6 6 6 6 6 6 6 6 6 6 6 6 6 6 6 8 6 6 5 4 5 3 4 4 4 3 4 4 
acm fire 7 0 6 12 17 22 27 32 36 42 49 54 59 64 68 72 76 79 82 85 87 87 87 87 87 87 87 87 88 89 90 90 91 92 93 94 98 101 104 106 108 110 114 119 123 127 131 135 138 141 144 147 150 
acm human 7 0 25 49 69 88 105 119 129 137 143 150 156 161 164 167 171 174 176 178 180 182 183 184 185 186 186 186 186 186 186 186 186 186 186 186 186 186 186 186 186 186 186 186 186 186 186 186 186 186 186 186 186 
acm window 7 0 10 20 29 38 47 56 64 71 78 85 92 99 105 109 113 117 121 125 129 133 139 145 151 157 163 169 175 181 187 193 199 205 211 217 223 229 235 241 249 255 261 266 270 275 278 282 286 290 293 297 301 
tsim fire 7 0 6 6 6 6 6 6 6 8 9 9 9 9 11 11 11 11 11 11 11 11 11 11 11 11 11 11 12 12 12 12 13 13 13 13 16 16 16 16 16 16 18 19 19 19 19 19 19 19 19 19 19 
tsim human 7 0 25 24 23 23 22 21 21 19 19 18 16 15 14 14 13 13 13 13 13 13 13 13 13 13 13 13 13 13 13 13 13 13 13 13 13 13 13 13 13 13 13 13 13 13 13 13 13 13 13 13 13 
tsim window 7 0 10 10 10 10 10 10 10 10 10 10 11 11 14 14 14 15 16 16 17 17 19 19 19 19 19 19 21 21 21 21 21 21 21 21 21 21 21 21 23 23 23 24 24 25 25 26 26 26 26 28 28 
runtime -1 7 0 13.70833683013916 12.117101907730103 9.776655197143555 10.944403886795044 8.287890195846558 8.056274890899658 7.215039968490601 7.704859256744385 5.888887166976929 2.1113858222961426 
avg_run -1 7 0 8.581083512306213
al_time -1 7 0 0.030217885971069336 0.05939674377441406 0.03789091110229492 0.0365750789642334 1.3320858478546143 0.04471015930175781 0.03802084922790527 0.04227304458618164 0.04713129997253418 0.03359794616699219 
avg_all -1 7 0 0.1701899766921997
