random:0T:3000
0 7 0 600 178 
 1 7 0 1200 216 
 2 7 0 1500 254 
 3 7 0 1800 301 
 4 7 0 2100 329 
 5 7 0 2400 358 
 6 7 0 2700 392 
 7 7 0 3000 446 
 random:0T:3000
0 7 0 600 178 
 1 7 0 1200 216 
 2 7 0 1500 254 
 3 7 0 1800 301 
 4 7 0 2100 329 
 5 7 0 2400 358 
 6 7 0 2700 392 
 7 7 0 3000 446 
 random:0T:3000
0 7 0 600 178 
 1 7 0 1200 216 
 2 7 0 1500 254 
 3 7 0 1800 301 
 4 7 0 2100 329 
 5 7 0 2400 358 
 6 7 0 2700 392 
 7 7 0 3000 446 
 random:0T:3000
0 7 0 600 178 
 1 7 0 1200 216 
 2 7 0 1500 254 
 3 7 0 1800 301 
 4 7 0 2100 329 
 5 7 0 2400 358 
 6 7 0 2700 392 
 7 7 0 3000 446 
 random:0T:3000
0 7 0 600 178 
 1 7 0 1200 194 
 2 7 0 1500 217 
 3 7 0 1800 257 
 4 7 0 2100 307 
 5 7 0 2400 352 
 6 7 0 2700 402 
 7 7 0 3000 461 
 random:0T:3000
0 7 0 600 189 
 1 7 0 1200 225 
 2 7 0 1500 254 
 3 7 0 1800 295 
 4 7 0 2100 340 
 5 7 0 2400 372 
 6 7 0 2700 406 
 7 7 0 3000 456 
 random:0T:3000
0 7 0 600 189 
 1 7 0 1200 225 
 2 7 0 1500 254 
 3 7 0 1800 295 
 4 7 0 2100 340 
 5 7 0 2400 372 
 6 7 0 2700 406 
 7 7 0 3000 456 
 0 9 0 600 239 
 1 9 0 1200 273 
 2 9 0 1500 306 
 3 9 0 1800 346 
 4 9 0 2100 381 
 5 9 0 2400 417 
 6 9 0 2700 456 
 7 9 0 3000 505 
 0 10 0 600 215 
 1 10 0 1200 240 
 2 10 0 1500 267 
 3 10 0 1800 312 
 4 10 0 2100 367 
 5 10 0 2400 423 
 6 10 0 2700 479 
 7 10 0 3000 553 
 random:0T:3000
random:0T:3000
0 7 0 600 189 
 1 7 0 1200 225 
 2 7 0 1500 254 
 3 7 0 1800 296 
 4 7 0 2100 341 
 5 7 0 2400 371 
 6 7 0 2700 402 
 7 7 0 3000 449 
 0 9 0 600 245 
 1 9 0 1200 278 
 2 9 0 1500 297 
 3 9 0 1800 327 
 4 9 0 2100 363 
 5 9 0 2400 392 
 6 9 0 2700 421 
 7 9 0 3000 470 
 0 10 0 600 241 
 1 10 0 1200 267 
 2 10 0 1500 292 
 3 10 0 1800 332 
 4 10 0 2100 372 
 5 10 0 2400 404 
 6 10 0 2700 443 
 7 10 0 3000 496 
 random:0T:3000
0 7 0 600 189 
 1 7 0 1200 224 
 2 7 0 1500 253 
 3 7 0 1800 291 
 4 7 0 2100 320 
 5 7 0 2400 350 
 6 7 0 2700 381 
 7 7 0 3000 428 
 0 9 0 600 245 
 1 9 0 1200 278 
 2 9 0 1500 298 
 3 9 0 1800 322 
 4 9 0 2100 348 
 5 9 0 2400 377 
 6 9 0 2700 406 
 7 9 0 3000 453 
 0 10 0 600 241 
 1 10 0 1200 267 
 2 10 0 1500 292 
 3 10 0 1800 317 
 4 10 0 2100 347 
 5 10 0 2400 379 
 6 10 0 2700 418 
 7 10 0 3000 468 
 random:0T:3000
0 7 0 60 81 
 1 7 0 180 142 
 2 7 0 360 202 
 3 7 0 540 245 
 4 7 0 600 254 
 5 7 0 1200 315 
 6 7 0 1500 325 
 7 7 0 1800 328 
 8 7 0 2100 334 
 9 7 0 2400 350 
 10 7 0 2700 364 
 11 7 0 3000 378 
 0 9 0 60 81 
 1 9 0 180 126 
 2 9 0 360 162 
 3 9 0 540 199 
 4 9 0 600 210 
 5 9 0 1200 280 
 6 9 0 1500 291 
 7 9 0 1800 295 
 8 9 0 2100 299 
 9 9 0 2400 312 
 10 9 0 2700 337 
 11 9 0 3000 359 
 0 10 0 60 81 
 1 10 0 180 129 
 2 10 0 360 169 
 3 10 0 540 208 
 4 10 0 600 219 
 5 10 0 1200 297 
 6 10 0 1500 308 
 7 10 0 1800 312 
 8 10 0 2100 319 
 9 10 0 2400 334 
 10 10 0 2700 353 
 11 10 0 3000 368 
 random:0T:3000
0 7 0 60 81 
 1 7 0 180 145 
 2 7 0 360 207 
 3 7 0 540 250 
 4 7 0 600 263 
 5 7 0 1200 342 
 6 7 0 1500 359 
 7 7 0 1800 368 
 8 7 0 2100 373 
 9 7 0 2400 387 
 10 7 0 2700 412 
 11 7 0 3000 430 
 0 9 0 60 81 
 1 9 0 180 134 
 2 9 0 360 186 
 3 9 0 540 231 
 4 9 0 600 241 
 5 9 0 1200 312 
 6 9 0 1500 352 
 7 9 0 1800 382 
 8 9 0 2100 396 
 9 9 0 2400 407 
 10 9 0 2700 424 
 11 9 0 3000 435 
 0 10 0 60 81 
 1 10 0 180 131 
 2 10 0 360 177 
 3 10 0 540 220 
 4 10 0 600 231 
 5 10 0 1200 305 
 6 10 0 1500 345 
 7 10 0 1800 389 
 8 10 0 2100 426 
 9 10 0 2400 446 
 10 10 0 2700 463 
 11 10 0 3000 470 
 random:0T:3000
0 7 0 60 81 
 1 7 0 180 142 
 2 7 0 360 202 
 3 7 0 540 245 
 4 7 0 600 254 
 5 7 0 1200 315 
 6 7 0 1500 325 
 7 7 0 1800 328 
 8 7 0 2100 334 
 9 7 0 2400 350 
 10 7 0 2700 364 
 11 7 0 3000 378 
 0 9 0 60 81 
 1 9 0 180 126 
 2 9 0 360 162 
 3 9 0 540 199 
 4 9 0 600 210 
 5 9 0 1200 280 
 6 9 0 1500 291 
 7 9 0 1800 295 
 8 9 0 2100 299 
 9 9 0 2400 312 
 10 9 0 2700 337 
 11 9 0 3000 359 
 0 10 0 60 81 
 1 10 0 180 129 
 2 10 0 360 169 
 3 10 0 540 208 
 4 10 0 600 219 
 5 10 0 1200 297 
 6 10 0 1500 308 
 7 10 0 1800 312 
 8 10 0 2100 319 
 9 10 0 2400 334 
 10 10 0 2700 353 
 11 10 0 3000 368 
 random:0T:3000
0 7 0 60 81 
 1 7 0 180 144 
 2 7 0 360 204 
 3 7 0 540 247 
 4 7 0 600 257 
 5 7 0 1200 320 
 6 7 0 1500 333 
 7 7 0 1800 341 
 8 7 0 2100 351 
 9 7 0 2400 369 
 10 7 0 2700 386 
 11 7 0 3000 398 
 0 9 0 60 81 
 1 9 0 180 132 
 2 9 0 360 173 
 3 9 0 540 211 
 4 9 0 600 219 
 5 9 0 1200 273 
 6 9 0 1500 282 
 7 9 0 1800 287 
 8 9 0 2100 293 
 9 9 0 2400 311 
 10 9 0 2700 330 
 11 9 0 3000 343 
 0 10 0 60 81 
 1 10 0 180 131 
 2 10 0 360 174 
 3 10 0 540 212 
 4 10 0 600 220 
 5 10 0 1200 296 
 6 10 0 1500 305 
 7 10 0 1800 308 
 8 10 0 2100 314 
 9 10 0 2400 335 
 10 10 0 2700 354 
 11 10 0 3000 365 
 random:0T:3000
0 7 0 60 81 
 1 7 0 180 144 
 2 7 0 360 204 
 3 7 0 540 247 
 4 7 0 600 257 
 5 7 0 1200 320 
 6 7 0 1500 333 
 7 7 0 1800 341 
 8 7 0 2100 351 
 9 7 0 2400 369 
 10 7 0 2700 386 
 11 7 0 3000 398 
 0 9 0 60 81 
 1 9 0 180 132 
 2 9 0 360 173 
 3 9 0 540 211 
 4 9 0 600 219 
 5 9 0 1200 273 
 6 9 0 1500 282 
 7 9 0 1800 287 
 8 9 0 2100 293 
 9 9 0 2400 311 
 10 9 0 2700 330 
 11 9 0 3000 343 
 0 10 0 60 81 
 1 10 0 180 131 
 2 10 0 360 174 
 3 10 0 540 212 
 4 10 0 600 220 
 5 10 0 1200 296 
 6 10 0 1500 305 
 7 10 0 1800 308 
 8 10 0 2100 314 
 9 10 0 2400 335 
 10 10 0 2700 354 
 11 10 0 3000 365 
 random:15T:3000
sum 0 5 15 60 137 
sum 1 5 15 180 244 
sum 2 5 15 240 287 
sum 3 5 15 360 359 
sum 4 5 15 540 435 
sum 5 5 15 600 450 
sum 6 5 15 1200 552 
sum 7 5 15 1500 563 
sum 8 5 15 1800 576 
sum 9 5 15 2100 580 
sum 10 5 15 2400 600 
sum 11 5 15 2700 632 
sum 12 5 15 3000 646 
miss fire 5 15 5 6 2 2 2 2 1 3 2 3 1 2 2 2 2 2 1 1 0 0 0 0 0 0 0 1 2 2 3 3 1 1 1 2 0 0 0 1 2 3 4 5 4 5 3 3 2 2 2 2 2 
miss human 5 15 39 47 35 26 22 20 13 15 12 8 9 9 6 5 6 6 5 5 4 4 3 3 2 2 1 1 1 1 0 0 0 0 0 0 0 0 0 0 0 0 0 0 0 0 0 0 0 0 0 0 0 
miss window 5 15 19 21 21 21 19 19 17 13 12 8 5 6 2 3 3 3 3 5 5 6 1 1 0 0 0 0 0 0 0 0 0 0 0 0 0 0 0 2 3 3 2 2 2 2 3 3 1 1 0 1 1 
acm fire 5 15 5 11 13 15 17 19 20 23 25 28 29 31 33 35 37 39 40 41 41 41 41 41 41 41 41 42 44 46 49 52 53 54 55 57 57 57 57 58 60 63 67 72 76 81 84 87 89 91 93 95 97 
acm human 5 15 39 86 121 147 169 189 202 217 229 237 246 255 261 266 272 278 283 288 292 296 299 302 304 306 307 308 309 310 310 310 310 310 310 310 310 310 310 310 310 310 310 310 310 310 310 310 310 310 310 310 310 
acm window 5 15 19 40 61 82 101 120 137 150 162 170 175 181 183 186 189 192 195 200 205 211 212 213 213 213 213 213 213 213 213 213 213 213 213 213 213 213 213 215 218 221 223 225 227 229 232 235 236 237 237 238 239 
tsim fire 5 15 5 6 6 6 6 6 6 8 8 9 9 10 10 10 10 10 10 10 10 10 10 10 10 10 10 11 12 12 14 14 14 14 15 14 14 14 14 15 16 17 18 19 19 20 20 20 20 20 20 20 20 
tsim human 5 15 39 47 47 47 46 46 43 40 38 36 35 35 35 35 33 33 33 33 33 33 33 33 33 33 33 33 33 33 33 33 33 33 33 33 33 33 33 33 33 33 33 33 33 33 33 33 33 33 33 33 33 
tsim window 5 15 19 21 21 21 21 22 22 22 22 22 22 23 23 24 24 24 24 26 26 27 27 27 27 27 27 29 29 29 29 29 29 29 29 29 29 29 29 31 32 32 33 33 33 33 34 34 34 34 34 35 35 
task_num -1 5 15 764runtime -1 5 15 2.737323045730591 4.143373012542725 1.2900559902191162 1.232468843460083 1.1266229152679443 1.1026911735534668 1.0883240699768066 1.1206600666046143 1.1033918857574463 0.9967420101165771 1.0913012027740479 1.034532070159912 1.1308751106262207 1.1504051685333252 0.874453067779541 0.8010320663452148 0.9463491439819336 
avg_run -1 5 15 1.3512118143193863
al_time -1 5 15 0.03984403610229492 1.0728561878204346 0.031178951263427734 0.032422780990600586 0.033792972564697266 0.03144502639770508 0.053056955337524414 0.03239798545837402 0.03322792053222656 0.03369617462158203 0.03502798080444336 0.03544926643371582 0.04544496536254883 0.03931117057800293 0.03676009178161621 1.249450922012329 0.02867412567138672 
avg_all -1 5 15 0.1684727949254653
random:15T:3000
sum 0 5 15 60 137 
sum 1 5 15 180 239 
sum 2 5 15 240 279 
sum 3 5 15 360 347 
sum 4 5 15 540 416 
sum 5 5 15 600 429 
sum 6 5 15 1200 527 
sum 7 5 15 1500 538 
sum 8 5 15 1800 555 
sum 9 5 15 2100 577 
sum 10 5 15 2400 616 
sum 11 5 15 2700 664 
sum 12 5 15 3000 705 
miss fire 5 15 5 6 2 2 2 2 0 2 1 2 1 2 2 2 2 2 1 1 0 0 0 0 0 0 0 1 2 2 4 3 3 3 4 5 5 5 5 5 6 7 6 6 6 6 6 8 8 4 4 2 2 
miss human 5 15 39 47 32 24 19 17 13 14 10 7 7 7 5 4 6 6 5 5 4 4 3 3 2 2 1 1 1 1 1 0 0 0 0 0 0 0 0 0 0 0 0 0 0 0 0 0 0 0 0 0 0 
miss window 5 15 19 21 21 21 19 19 17 13 12 8 5 6 2 3 3 3 3 5 5 6 1 1 0 0 0 0 0 0 0 0 0 0 0 0 0 0 0 2 3 2 3 3 3 3 3 4 4 4 5 4 4 
acm fire 5 15 5 11 13 15 17 19 19 21 22 24 25 27 29 31 33 35 36 37 37 37 37 37 37 37 37 38 40 42 46 49 52 55 59 64 69 74 79 84 90 97 103 109 115 121 127 135 143 147 151 153 155 
acm human 5 15 39 86 118 142 161 178 191 205 215 222 229 236 241 245 251 257 262 267 271 275 278 281 283 285 286 287 288 289 290 290 290 290 290 290 290 290 290 290 290 290 290 290 290 290 290 290 290 290 290 290 290 
acm window 5 15 19 40 61 82 101 120 137 150 162 170 175 181 183 186 189 192 195 200 205 211 212 213 213 213 213 213 213 213 213 213 213 213 213 213 213 213 213 215 218 220 223 226 229 232 235 239 243 247 252 256 260 
tsim fire 5 15 5 6 6 6 6 6 6 8 8 9 9 10 10 10 10 10 10 10 10 10 10 10 10 10 10 11 12 12 14 14 14 14 15 14 14 14 14 15 16 17 18 18 18 18 18 20 20 20 20 20 20 
tsim human 5 15 39 47 47 47 46 46 43 40 38 36 35 35 35 35 33 33 33 33 33 33 33 33 33 33 33 33 33 33 33 33 33 33 33 33 33 33 33 33 33 33 33 33 33 33 33 33 33 33 33 33 33 
tsim window 5 15 19 21 21 21 21 22 22 22 22 22 22 23 23 24 24 24 24 26 26 27 27 27 27 27 27 29 29 29 29 29 29 29 29 29 29 29 29 31 32 32 33 33 33 33 33 34 34 34 35 35 35 
task_num -1 5 15 768runtime -1 5 15 2.5184731483459473 4.029645204544067 1.3635900020599365 1.2986090183258057 1.1258881092071533 1.0917630195617676 1.133315086364746 1.089789867401123 1.1403372287750244 1.0765399932861328 1.0786738395690918 1.1497020721435547 1.8247530460357666 0.4430680274963379 0.185899019241333 
avg_run -1 5 15 1.3700031121571858
al_time -1 5 15 0.032707929611206055 1.2311780452728271 0.032959938049316406 0.03179311752319336 0.03239107131958008 0.03144025802612305 0.061454057693481445 0.051870107650756836 0.03335690498352051 0.03279376029968262 0.03895401954650879 1.206732988357544 0.04060816764831543 0.039257049560546875 0.03682303428649902 
avg_all -1 5 15 0.1956213633219401
random:16T:3000
sum 0 5 16 60 80 
sum 1 5 16 180 148 
sum 2 5 16 240 174 
sum 3 5 16 360 211 
sum 4 5 16 540 238 
sum 5 5 16 600 250 
sum 6 5 16 1200 301 
sum 7 5 16 1500 301 
sum 8 5 16 1800 307 
sum 9 5 16 2100 313 
sum 10 5 16 2400 333 
sum 11 5 16 2700 367 
sum 12 5 16 3000 408 
miss fire 5 16 5 6 1 2 2 2 1 0 1 2 5 5 3 3 1 1 1 1 0 0 0 0 0 0 0 0 0 0 2 2 2 2 2 0 1 1 3 4 4 4 5 4 7 7 7 6 7 5 5 5 5 
miss human 5 16 22 23 20 17 12 9 5 4 4 4 4 4 3 2 0 0 1 1 0 0 0 0 0 0 0 0 0 0 0 0 0 0 0 0 0 0 0 0 0 0 0 0 0 0 0 0 0 0 0 0 0 
miss window 5 16 9 15 14 14 12 12 8 6 3 3 3 3 2 2 1 2 3 3 2 4 3 0 0 0 0 0 0 0 0 0 0 0 0 0 0 0 0 0 0 0 0 0 0 0 1 2 3 2 3 3 3 
acm fire 5 16 5 11 12 14 16 18 19 19 20 22 27 32 35 38 39 40 41 42 42 42 42 42 42 42 42 42 42 42 44 46 48 50 52 52 53 54 57 61 65 69 74 78 85 92 99 105 112 117 122 127 132 
acm human 5 16 22 45 65 82 94 103 108 112 116 120 124 128 131 133 133 133 134 135 135 135 135 135 135 135 135 135 135 135 135 135 135 135 135 135 135 135 135 135 135 135 135 135 135 135 135 135 135 135 135 135 135 
acm window 5 16 9 24 38 52 64 76 84 90 93 96 99 102 104 106 107 109 112 115 117 121 124 124 124 124 124 124 124 124 124 124 124 124 124 124 124 124 124 124 124 124 124 124 124 124 125 127 130 132 135 138 141 
tsim fire 5 16 5 6 6 7 7 7 8 8 9 10 13 13 13 13 13 13 13 13 13 13 13 13 13 13 13 13 13 13 13 13 13 13 13 11 12 12 14 15 15 15 16 16 19 19 19 20 21 22 22 22 22 
tsim human 5 16 22 23 23 23 20 20 19 18 18 18 16 16 16 15 14 14 14 14 14 14 14 14 14 14 14 14 14 14 14 14 14 14 14 14 14 14 14 14 14 14 14 14 14 14 14 14 14 14 14 14 14 
tsim window 5 16 9 15 15 15 15 15 16 16 16 16 17 17 18 18 18 19 21 21 21 23 23 23 23 23 23 23 23 23 23 23 23 23 23 23 23 23 23 26 26 26 26 26 26 26 27 28 29 29 30 31 31 
task_num -1 5 16 488runtime -1 5 16 1.5647311210632324 1.5426068305969238 1.0144190788269043 1.0146360397338867 0.8981847763061523 1.0335612297058105 0.9042952060699463 0.8390190601348877 0.38863682746887207 0.4470860958099365 
avg_run -1 5 16 0.9647176265716553
al_time -1 5 16 0.024163246154785156 0.6850519180297852 0.02308201789855957 0.026053905487060547 0.02689814567565918 0.03051614761352539 0.026417255401611328 0.02632904052734375 0.8167498111724854 0.019867897033691406 
avg_all -1 5 16 0.17051293849945068
random:17T:3000
sum 0 5 17 60 74 
sum 1 5 17 180 114 
sum 2 5 17 240 130 
sum 3 5 17 360 153 
sum 4 5 17 540 177 
sum 5 5 17 600 183 
sum 6 5 17 1200 219 
sum 7 5 17 1500 236 
sum 8 5 17 1800 242 
sum 9 5 17 2100 251 
sum 10 5 17 2400 260 
sum 11 5 17 2700 271 
sum 12 5 17 3000 290 
miss fire 5 17 4 4 1 1 1 1 2 1 3 4 2 2 2 2 2 2 0 0 0 1 1 1 0 0 0 0 0 0 0 0 0 0 0 2 1 1 2 2 3 1 1 1 1 1 2 2 3 5 1 1 1 
miss human 5 17 20 20 8 6 5 4 4 3 1 2 2 2 1 1 1 1 0 0 1 1 1 1 0 0 0 0 0 0 0 0 0 0 0 0 0 0 0 0 0 0 0 0 0 0 0 0 0 0 0 0 0 
miss window 5 17 13 13 13 11 10 7 5 4 3 3 2 2 1 0 0 2 1 2 1 3 3 3 3 3 3 3 3 1 0 1 1 1 1 1 1 1 0 0 0 0 0 0 1 1 1 1 3 2 1 1 1 
acm fire 5 17 4 8 9 10 11 12 14 15 18 22 24 26 28 30 32 34 34 34 34 35 36 37 37 37 37 37 37 37 37 37 37 37 37 39 40 41 43 45 48 49 50 51 52 53 55 57 60 65 66 67 68 
acm human 5 17 20 40 48 54 59 63 67 70 71 73 75 77 78 79 80 81 81 81 82 83 84 85 85 85 85 85 85 85 85 85 85 85 85 85 85 85 85 85 85 85 85 85 85 85 85 85 85 85 85 85 85 
acm window 5 17 13 26 39 50 60 67 72 76 79 82 84 86 87 87 87 89 90 92 93 96 99 102 105 108 111 114 117 118 118 119 120 121 122 123 124 125 125 125 125 125 125 125 126 127 128 129 132 134 135 136 137 
tsim fire 5 17 4 4 4 4 4 4 5 5 7 8 9 9 9 9 9 9 9 9 9 10 10 10 10 10 10 10 10 10 10 10 10 10 10 10 10 10 11 11 12 12 12 12 12 13 14 15 16 18 18 19 19 
tsim human 5 17 20 20 20 20 20 19 19 19 18 17 17 17 17 17 17 17 17 17 17 17 17 17 17 17 17 17 17 17 17 17 17 17 17 17 17 17 17 17 17 17 17 17 17 17 17 17 17 17 17 17 17 
tsim window 5 17 13 13 13 13 13 13 13 13 13 14 14 14 14 14 14 16 16 17 17 19 19 19 19 19 19 19 19 19 19 20 20 20 20 20 20 20 20 20 20 20 20 20 21 21 21 21 23 25 25 25 25 
task_num -1 5 17 574runtime -1 5 17 2.347014904022217 2.908294916152954 1.300184965133667 1.2394318580627441 1.2095470428466797 0.7917439937591553 0.9846501350402832 1.1795132160186768 0.7915568351745605 0.7243709564208984 0.5732088088989258 0.22267913818359375 
avg_run -1 5 17 1.1893497308095295
al_time -1 5 17 0.029880762100219727 0.02576422691345215 0.026079893112182617 0.03126096725463867 0.03096914291381836 0.02685689926147461 0.030920982360839844 0.0450749397277832 0.02715897560119629 0.028233051300048828 0.9359071254730225 0.030601978302001953 
avg_all -1 5 17 0.10572574536005656
random:18T:3000
sum 0 5 18 60 83 
sum 1 5 18 180 133 
sum 2 5 18 240 153 
sum 3 5 18 360 199 
sum 4 5 18 540 258 
sum 5 5 18 600 274 
sum 6 5 18 1200 370 
sum 7 5 18 1500 390 
sum 8 5 18 1800 406 
sum 9 5 18 2100 414 
sum 10 5 18 2400 428 
sum 11 5 18 2700 449 
sum 12 5 18 3000 496 
miss fire 5 18 3 3 1 1 1 2 4 4 5 5 3 4 2 2 2 2 1 1 1 1 1 0 0 0 0 0 0 0 0 0 0 1 1 2 2 2 2 2 3 3 4 5 2 3 5 6 9 9 10 8 8 
miss human 5 18 29 28 16 12 9 10 10 9 9 10 10 9 8 6 6 5 3 3 3 3 3 0 0 3 3 3 3 3 3 3 3 0 0 0 0 0 0 0 0 0 0 0 0 0 0 0 0 0 0 0 0 
miss window 5 18 10 10 10 10 10 10 10 8 5 4 3 3 2 2 3 2 3 3 2 5 5 4 4 1 1 1 1 0 0 0 0 0 0 0 0 0 0 0 0 0 0 0 0 0 0 0 0 0 1 1 1 
acm fire 5 18 3 6 7 8 9 11 15 19 24 29 32 36 38 40 42 44 45 46 47 48 49 49 49 49 49 49 49 49 49 49 49 50 51 53 55 57 59 61 64 67 71 76 78 81 86 92 101 110 120 128 136 
acm human 5 18 29 57 73 85 94 104 114 123 132 142 152 161 169 175 181 186 189 192 195 198 201 201 201 204 207 210 213 216 219 222 225 225 225 225 225 225 225 225 225 225 225 225 225 225 225 225 225 225 225 225 225 
acm window 5 18 10 20 30 40 50 60 70 78 83 87 90 93 95 97 100 102 105 108 110 115 120 124 128 129 130 131 132 132 132 132 132 132 132 132 132 132 132 132 132 132 132 132 132 132 132 132 132 132 133 134 135 
tsim fire 5 18 3 3 3 3 3 4 6 6 7 8 10 11 11 11 11 11 11 11 11 11 11 11 11 11 11 11 11 11 11 11 11 11 11 8 8 8 8 8 9 9 10 11 11 12 14 15 18 18 19 20 20 
tsim human 5 18 29 28 26 25 25 24 24 20 20 18 20 19 19 18 18 17 17 17 17 17 17 17 17 17 17 17 17 17 17 17 17 17 17 17 17 17 17 17 17 17 17 17 17 17 17 17 17 17 17 17 17 
tsim window 5 18 10 10 10 10 10 10 10 10 10 10 13 13 13 13 14 15 17 17 17 20 21 21 21 21 21 21 21 21 21 21 21 21 21 21 21 21 21 21 21 21 21 21 21 21 21 23 27 27 28 29 29 
task_num -1 5 18 697runtime -1 5 18 2.746959924697876 4.5077691078186035 2.0842602252960205 1.7016239166259766 2.018747091293335 1.9343969821929932 1.579759120941162 1.2798337936401367 1.0458168983459473 0.3205909729003906 
avg_run -1 5 18 1.921975803375244
al_time -1 5 18 0.03345680236816406 2.5769362449645996 0.053295135498046875 0.03617429733276367 0.05943608283996582 0.04457592964172363 0.03957700729370117 0.03621196746826172 0.06716799736022949 0.028436899185180664 
avg_all -1 5 18 0.29752683639526367
random:15T:60
sum 0 5 15 60 115 
random:15T:60
sum 0 5 15 60 121 
miss fire 5 15 2 3 
miss human 5 15 34 42 
miss window 5 15 19 21 
acm fire 5 15 2 5 
acm human 5 15 34 76 
acm window 5 15 19 40 
tsim fire 5 15 5 6 
tsim human 5 15 39 47 
tsim window 5 15 19 21 
task_num -1 5 15 522runtime -1 5 15 0.11694478988647461 
avg_run -1 5 15 0.11694478988647461
al_time -1 5 15 0.017724990844726562 
avg_all -1 5 15 0.017724990844726562
random:15T:6
random:15T:6
random:15T:6
random:15T:6
random:15T:6
random:15T:6
random:15T:6
random:15T:6
random:0T:3000
sum 0 13 0 60 81 
sum 1 13 0 180 129 
sum 2 13 0 240 149 
sum 3 13 0 360 180 
sum 4 13 0 540 226 
sum 5 13 0 600 239 
sum 6 13 0 1200 324 
sum 7 13 0 1500 328 
sum 8 13 0 1800 331 
sum 9 13 0 2100 340 
sum 10 13 0 2400 353 
sum 11 13 0 2700 375 
sum 12 13 0 3000 388 
miss fire 13 0 6 6 2 0 0 0 0 2 2 2 2 2 3 3 3 3 3 3 3 2 2 0 0 0 0 0 1 1 0 0 1 1 1 1 4 2 2 1 1 1 3 4 2 2 1 1 1 1 1 0 0 
miss human 13 0 25 24 15 11 10 6 6 6 6 7 5 4 4 3 4 4 4 1 1 0 0 0 0 0 0 0 0 0 0 0 0 0 0 0 0 0 0 0 0 0 0 0 0 0 0 0 0 0 0 0 0 
miss window 13 0 10 10 10 10 10 10 9 8 7 6 6 6 6 5 3 3 1 1 2 2 4 2 2 0 0 0 0 0 0 0 0 0 0 0 0 0 0 0 2 2 1 2 2 3 2 3 2 2 2 2 2 
acm fire 13 0 6 12 14 14 14 14 14 16 18 20 22 24 27 30 33 36 39 42 45 47 49 49 49 49 49 49 50 51 51 51 52 53 54 55 59 61 63 64 65 66 69 73 75 77 78 79 80 81 82 82 82 
acm human 13 0 25 49 64 75 85 91 97 103 109 116 121 125 129 132 136 140 144 145 146 146 146 146 146 146 146 146 146 146 146 146 146 146 146 146 146 146 146 146 146 146 146 146 146 146 146 146 146 146 146 146 146 
acm window 13 0 10 20 30 40 50 60 69 77 84 90 96 102 108 113 116 119 120 121 123 125 129 131 133 133 133 133 133 133 133 133 133 133 133 133 133 133 133 133 135 137 138 140 142 145 147 150 152 154 156 158 160 
tsim fire 13 0 6 6 6 6 6 6 6 8 9 9 9 9 11 11 11 11 11 11 11 11 11 11 11 11 11 11 12 12 12 12 13 13 13 13 16 16 16 16 16 16 18 19 19 19 19 19 19 19 19 19 19 
tsim human 13 0 25 24 23 23 22 21 21 19 19 18 16 15 14 14 13 13 13 13 13 13 13 13 13 13 13 13 13 13 13 13 13 13 13 13 13 13 13 13 13 13 13 13 13 13 13 13 13 13 13 13 13 
tsim window 13 0 10 10 10 10 10 10 10 10 10 10 11 11 14 14 14 15 16 16 17 17 19 19 19 19 19 19 21 21 21 21 21 21 21 21 21 21 21 21 23 23 23 24 24 25 25 26 26 26 26 28 28 
task_num -1 13 0 640
runtime -1 13 0 2.1307249069213867 3.8977651596069336 1.92814302444458 1.7354741096496582 1.5892632007598877 1.412809133529663 1.9726941585540771 1.5922276973724365 1.248265027999878 0.9575827121734619 0.2529010772705078 
avg_run -1 13 0 1.7016227462074973
al_time -1 13 0 0.03943514823913574 0.03800487518310547 0.046715736389160156 0.03076481819152832 1.004690170288086 0.03951001167297363 0.04980921745300293 0.038082122802734375 0.03443193435668945 0.03935694694519043 0.02375197410583496 
avg_all -1 13 0 0.12586845051158557
3 -1 13 0.69 0.23752 -1 97.80376022909859 122 635 0.23752 630.8949406872948 1.0813800000000002 0.2529010772705078 0
random:0T:2700
random:0T:2700
random:0T:2700
random:0T:2700
sum 0 14 0 60 81 
sum 1 14 0 180 129 
sum 2 14 0 240 148 
sum 3 14 0 360 179 
sum 4 14 0 540 218 
sum 5 14 0 600 226 
sum 6 14 0 900 244 
sum 7 14 0 1200 251 
sum 8 14 0 1500 256 
sum 9 14 0 1800 259 
sum 10 14 0 2100 269 
sum 11 14 0 2400 284 
sum 12 14 0 2700 307 
miss fire 14 0 6 6 2 0 0 0 0 2 3 3 1 1 3 3 0 0 0 0 0 0 0 0 0 0 0 0 1 1 0 0 1 1 1 1 4 3 3 2 2 0 2 3 2 2 2 2 
miss human 14 0 25 24 15 11 10 9 9 9 7 7 5 4 0 0 0 0 0 0 0 0 0 0 0 0 0 0 0 0 0 0 0 0 0 0 0 0 0 0 0 0 0 0 0 0 0 0 
miss window 14 0 10 10 10 10 9 7 6 3 3 2 2 2 1 1 1 2 2 2 1 0 2 2 2 1 0 0 0 0 0 0 0 0 0 0 0 0 0 0 2 2 2 2 2 3 2 3 
acm fire 14 0 6 12 14 14 14 14 14 16 19 22 23 24 27 30 30 30 30 30 30 30 30 30 30 30 30 30 31 32 32 32 33 34 35 36 40 43 46 48 50 50 52 55 57 59 61 63 
acm human 14 0 25 49 64 75 85 94 103 112 119 126 131 135 135 135 135 135 135 135 135 135 135 135 135 135 135 135 135 135 135 135 135 135 135 135 135 135 135 135 135 135 135 135 135 135 135 135 
acm window 14 0 10 20 30 40 49 56 62 65 68 70 72 74 75 76 77 79 81 83 84 84 86 88 90 91 91 91 91 91 91 91 91 91 91 91 91 91 91 91 93 95 97 99 101 104 106 109 
tsim fire 14 0 6 6 6 6 6 6 6 8 9 9 9 9 11 11 11 11 11 11 11 11 11 11 11 11 11 11 12 12 12 12 13 13 13 13 16 16 16 16 16 16 18 19 19 19 19 19 
tsim human 14 0 25 24 23 23 22 21 21 19 19 18 16 15 14 14 13 13 13 13 13 13 13 13 13 13 13 13 13 13 13 13 13 13 13 13 13 13 13 13 13 13 13 13 13 13 13 13 
tsim window 14 0 10 10 10 10 10 10 10 10 10 10 11 11 14 14 14 15 16 16 17 17 19 19 19 19 19 19 21 21 21 21 21 21 21 21 21 21 21 21 23 23 23 24 24 25 25 26 
task_num -1 14 0 636
runtime -1 14 0 0.2149980068206787 3.1289222240448 1.1807873249053955 1.461223840713501 1.5673961639404297 1.638240098953247 1.4322810173034668 1.5781161785125732 1.1012306213378906 0.9941911697387695 0.5230960845947266 
avg_run -1 14 0 1.3473166118968616
al_time -1 14 0 0.040400028228759766 0.029242753982543945 0.034646034240722656 0.029933929443359375 0.03806281089782715 1.0447778701782227 0.05467581748962402 0.03268694877624512 0.03510403633117676 0.03531694412231445 0.02608203887939453 
avg_all -1 14 0 0.1273572011427446
random:0T:2700
sum 0 14 0 60 81 
sum 1 14 0 180 129 
sum 2 14 0 240 148 
sum 3 14 0 360 179 
sum 4 14 0 540 218 
sum 5 14 0 600 226 
sum 6 14 0 900 244 
sum 7 14 0 1200 251 
sum 8 14 0 1500 256 
sum 9 14 0 1800 259 
sum 10 14 0 2100 269 
sum 11 14 0 2400 284 
sum 12 14 0 2700 307 
miss fire 14 0 6 6 2 0 0 0 0 2 3 3 1 1 3 3 0 0 0 0 0 0 0 0 0 0 0 0 1 1 0 0 1 1 1 1 4 3 3 2 2 0 2 3 2 2 2 2 
miss human 14 0 25 24 15 11 10 9 9 9 7 7 5 4 0 0 0 0 0 0 0 0 0 0 0 0 0 0 0 0 0 0 0 0 0 0 0 0 0 0 0 0 0 0 0 0 0 0 
miss window 14 0 10 10 10 10 9 7 6 3 3 2 2 2 1 1 1 2 2 2 1 0 2 2 2 1 0 0 0 0 0 0 0 0 0 0 0 0 0 0 2 2 2 2 2 3 2 3 
acm fire 14 0 6 12 14 14 14 14 14 16 19 22 23 24 27 30 30 30 30 30 30 30 30 30 30 30 30 30 31 32 32 32 33 34 35 36 40 43 46 48 50 50 52 55 57 59 61 63 
acm human 14 0 25 49 64 75 85 94 103 112 119 126 131 135 135 135 135 135 135 135 135 135 135 135 135 135 135 135 135 135 135 135 135 135 135 135 135 135 135 135 135 135 135 135 135 135 135 135 
acm window 14 0 10 20 30 40 49 56 62 65 68 70 72 74 75 76 77 79 81 83 84 84 86 88 90 91 91 91 91 91 91 91 91 91 91 91 91 91 91 91 93 95 97 99 101 104 106 109 
tsim fire 14 0 6 6 6 6 6 6 6 8 9 9 9 9 11 11 11 11 11 11 11 11 11 11 11 11 11 11 12 12 12 12 13 13 13 13 16 16 16 16 16 16 18 19 19 19 19 19 
tsim human 14 0 25 24 23 23 22 21 21 19 19 18 16 15 14 14 13 13 13 13 13 13 13 13 13 13 13 13 13 13 13 13 13 13 13 13 13 13 13 13 13 13 13 13 13 13 13 13 
tsim window 14 0 10 10 10 10 10 10 10 10 10 10 11 11 14 14 14 15 16 16 17 17 19 19 19 19 19 19 21 21 21 21 21 21 21 21 21 21 21 21 23 23 23 24 24 25 25 26 
task_num -1 14 0 636
runtime -1 14 0 0.19094419479370117 3.122037172317505 1.1802828311920166 1.4752228260040283 1.545881986618042 1.6374197006225586 1.5307466983795166 1.5588150024414062 1.1016209125518799 0.9715240001678467 0.5204079151153564 
avg_run -1 14 0 1.3486275672912598
al_time -1 14 0 0.035303354263305664 0.02615499496459961 0.02967381477355957 0.02945685386657715 0.0370180606842041 1.0260448455810547 0.05379986763000488 0.03208804130554199 0.034705162048339844 0.0351259708404541 0.02604818344116211 
avg_all -1 14 0 0.12412901358170943
sum 0 11 0 60 81 
sum 1 11 0 180 125 
sum 2 11 0 240 140 
sum 3 11 0 360 168 
sum 4 11 0 540 213 
sum 5 11 0 600 221 
sum 6 11 0 900 247 
sum 7 11 0 1200 253 
sum 8 11 0 1500 256 
sum 9 11 0 1800 259 
sum 10 11 0 2100 265 
sum 11 11 0 2400 286 
sum 12 11 0 2700 310 
miss fire 11 0 6 6 4 2 2 2 2 4 5 4 1 1 3 3 2 2 0 0 0 0 0 0 0 0 0 0 1 1 0 0 1 0 0 0 3 3 3 3 3 2 4 2 2 2 1 1 
miss human 11 0 25 24 11 7 6 5 5 5 5 6 6 5 4 4 0 0 0 0 0 0 0 0 0 0 0 0 0 0 0 0 0 0 0 0 0 0 0 0 0 0 0 0 0 0 0 0 
miss window 11 0 10 10 10 10 7 7 7 7 5 4 1 1 0 0 0 1 1 1 1 1 2 1 1 1 0 0 0 0 0 0 0 0 0 0 0 0 0 0 2 2 2 3 3 3 3 4 
acm fire 11 0 6 12 16 18 20 22 24 28 33 37 38 39 42 45 47 49 49 49 49 49 49 49 49 49 49 49 50 51 51 51 52 52 52 52 55 58 61 64 67 69 73 75 77 79 80 81 
acm human 11 0 25 49 60 67 73 78 83 88 93 99 105 110 114 118 118 118 118 118 118 118 118 118 118 118 118 118 118 118 118 118 118 118 118 118 118 118 118 118 118 118 118 118 118 118 118 118 
acm window 11 0 10 20 30 40 47 54 61 68 73 77 78 79 79 79 79 80 81 82 83 84 86 87 88 89 89 89 89 89 89 89 89 89 89 89 89 89 89 89 91 93 95 98 101 104 107 111 
tsim fire 11 0 6 6 6 6 6 6 6 8 9 9 9 9 11 11 11 11 11 11 11 11 11 11 11 11 11 11 12 12 12 12 13 13 13 13 16 16 16 16 16 16 18 19 19 19 19 19 
tsim human 11 0 25 24 23 23 22 21 21 19 19 18 16 15 14 14 13 13 13 13 13 13 13 13 13 13 13 13 13 13 13 13 13 13 13 13 13 13 13 13 13 13 13 13 13 13 13 13 
tsim window 11 0 10 10 10 10 10 10 10 10 10 10 11 11 14 14 14 15 16 16 17 17 19 19 19 19 19 19 21 21 21 21 21 21 21 21 21 21 21 21 23 23 23 24 24 25 25 26 
task_num -1 11 0 640
runtime -1 11 0 0.8547019958496094 3.222666025161743 1.6660680770874023 1.8102211952209473 1.6701481342315674 1.7672908306121826 1.9599339962005615 1.3080079555511475 0.7419838905334473 0.27292513847351074 
avg_run -1 11 0 1.5273947238922119
al_time -1 11 0 0.03429007530212402 0.02920389175415039 0.03279995918273926 0.03860592842102051 1.04775071144104 0.033316850662231445 0.04107022285461426 0.03474092483520508 0.06892275810241699 0.02157306671142578 
avg_all -1 11 0 0.13822743892669678
random:1T:2700
sum 0 14 1 60 86 
sum 1 14 1 180 139 
sum 2 14 1 240 162 
sum 3 14 1 360 198 
sum 4 14 1 540 240 
sum 5 14 1 600 248 
sum 6 14 1 900 282 
sum 7 14 1 1200 303 
sum 8 14 1 1500 325 
sum 9 14 1 1800 346 
sum 10 14 1 2100 361 
sum 11 14 1 2400 371 
sum 12 14 1 2700 394 
miss fire 14 1 3 3 1 1 1 1 1 3 2 3 3 5 5 5 3 4 4 3 3 1 1 1 1 1 1 1 1 1 2 2 2 3 2 3 3 1 1 1 1 1 1 1 2 3 3 3 
miss human 14 1 27 27 14 11 10 9 8 7 7 6 4 4 2 2 0 0 1 0 0 0 0 0 0 0 0 0 0 0 0 0 0 0 0 0 0 0 0 0 0 0 0 0 0 0 0 0 
miss window 14 1 13 13 13 13 12 9 8 7 5 2 1 1 0 0 0 3 1 1 1 2 3 4 3 4 3 3 3 3 3 2 2 1 1 1 0 0 0 1 1 1 2 2 2 3 2 2 
acm fire 14 1 3 6 7 8 9 10 11 14 16 19 22 27 32 37 40 44 48 51 54 55 56 57 58 59 60 61 62 63 65 67 69 72 74 77 80 81 82 83 84 85 86 87 89 92 95 98 
acm human 14 1 27 54 68 79 89 98 106 113 120 126 130 134 136 138 138 138 139 139 139 139 139 139 139 139 139 139 139 139 139 139 139 139 139 139 139 139 139 139 139 139 139 139 139 139 139 139 
acm window 14 1 13 26 39 52 64 73 81 88 93 95 96 97 97 97 97 100 101 102 103 105 108 112 115 119 122 125 128 131 134 136 138 139 140 141 141 141 141 142 143 144 146 148 150 153 155 157 
tsim fire 14 1 3 3 3 3 3 4 4 6 6 7 7 9 10 10 10 11 11 11 11 11 11 11 11 11 11 11 11 11 12 12 12 13 14 13 13 13 13 13 13 13 13 13 14 15 16 16 
tsim human 14 1 27 27 27 26 25 23 22 22 20 20 20 20 20 20 19 19 19 19 19 19 19 19 19 19 19 19 19 19 19 19 19 19 19 19 19 19 19 19 19 19 19 19 19 19 19 19 
tsim window 14 1 13 13 13 13 13 13 13 13 13 13 13 16 19 19 19 22 22 22 22 23 24 25 25 26 26 26 26 26 26 26 26 26 26 26 26 26 26 27 27 27 28 28 28 29 29 29 
task_num -1 14 1 658
runtime -1 14 1 0.20029997825622559 3.014143943786621 1.1454689502716064 1.7617979049682617 1.7459990978240967 1.096405267715454 2.483064651489258 2.2657861709594727 1.9936561584472656 0.4720940589904785 
avg_run -1 14 1 1.6178716182708741
al_time -1 14 1 0.03513002395629883 0.02484893798828125 1.019228219985962 0.03324389457702637 1.2959010601043701 0.03542208671569824 0.03959202766418457 0.03512287139892578 0.06044411659240723 0.03353309631347656 
avg_all -1 14 1 0.2612466335296631
sum 0 11 1 60 86 
sum 1 11 1 180 127 
sum 2 11 1 240 146 
sum 3 11 1 360 180 
sum 4 11 1 540 225 
sum 5 11 1 600 230 
sum 6 11 1 900 253 
sum 7 11 1 1200 274 
sum 8 11 1 1500 287 
sum 9 11 1 1800 296 
sum 10 11 1 2100 308 
sum 11 11 1 2400 313 
sum 12 11 1 2700 331 
miss fire 11 1 3 3 1 1 1 1 1 3 3 4 3 5 4 4 1 2 2 2 2 0 0 0 0 0 0 0 0 0 1 1 1 2 3 2 2 2 0 0 0 0 0 0 1 2 2 2 
miss human 11 1 27 27 6 7 5 6 6 6 7 7 2 2 1 1 0 0 0 0 0 0 0 0 0 0 0 0 0 0 0 0 0 0 0 0 0 0 0 0 0 0 0 0 0 0 0 0 
miss window 11 1 13 13 13 13 13 10 10 8 5 2 0 0 0 0 0 3 3 3 2 3 4 4 3 2 2 2 2 1 1 1 1 1 0 0 0 0 0 1 1 1 2 2 2 3 2 2 
acm fire 11 1 3 6 7 8 9 10 11 14 17 21 24 29 33 37 38 40 42 44 46 46 46 46 46 46 46 46 46 46 47 48 49 51 54 56 58 60 60 60 60 60 60 60 61 63 65 67 
acm human 11 1 27 54 60 67 72 78 84 90 97 104 106 108 109 110 110 110 110 110 110 110 110 110 110 110 110 110 110 110 110 110 110 110 110 110 110 110 110 110 110 110 110 110 110 110 110 110 
acm window 11 1 13 26 39 52 65 75 85 93 98 100 100 100 100 100 100 103 106 109 111 114 118 122 125 127 129 131 133 134 135 136 137 138 138 138 138 138 138 139 140 141 143 145 147 150 152 154 
tsim fire 11 1 3 3 3 3 3 4 4 6 6 7 7 9 10 10 10 11 11 11 11 11 11 11 11 11 11 11 11 11 12 12 12 13 14 13 13 13 13 13 13 13 13 13 14 15 16 16 
tsim human 11 1 27 27 27 26 25 23 22 22 20 20 20 20 20 20 19 19 19 19 19 19 19 19 19 19 19 19 19 19 19 19 19 19 19 19 19 19 19 19 19 19 19 19 19 19 19 19 
tsim window 11 1 13 13 13 13 13 13 13 13 13 13 13 16 19 19 19 22 22 22 22 23 24 25 25 26 26 26 26 26 26 26 26 26 26 26 26 26 26 27 27 27 28 28 28 29 29 29 
task_num -1 11 1 663
runtime -1 11 1 0.8810858726501465 1.7004318237304688 2.520753860473633 1.7118468284606934 1.8721930980682373 2.1751370429992676 2.0301759243011475 2.4572508335113525 1.6046221256256104 0.35725903511047363 
avg_run -1 11 1 1.731075644493103
al_time -1 11 1 0.03600502014160156 0.02732086181640625 2.162057876586914 0.03567004203796387 0.037689924240112305 0.035698890686035156 0.03531980514526367 0.03377699851989746 0.04652881622314453 0.0265958309173584 
avg_all -1 11 1 0.24766640663146972
random:2T:2700
sum 0 14 2 60 46 
sum 1 14 2 180 69 
sum 2 14 2 240 77 
sum 3 14 2 360 85 
sum 4 14 2 540 104 
sum 5 14 2 600 109 
sum 6 14 2 900 116 
sum 7 14 2 1200 130 
sum 8 14 2 1500 133 
sum 9 14 2 1800 133 
sum 10 14 2 2100 137 
sum 11 14 2 2400 139 
sum 12 14 2 2700 156 
miss fire 14 2 4 4 0 0 1 0 0 1 4 4 2 2 0 0 0 0 0 0 0 0 0 0 0 0 0 0 0 0 0 0 0 0 1 3 0 0 0 0 1 0 1 3 3 3 2 3 
miss human 14 2 12 12 5 5 3 3 4 4 3 2 2 1 1 1 0 1 1 1 1 1 1 1 1 1 0 0 0 0 0 0 0 0 0 0 0 0 0 0 0 0 0 0 0 0 0 0 
miss window 14 2 7 7 7 6 4 1 0 0 0 1 1 1 0 0 0 0 1 3 4 1 0 0 0 0 0 0 0 0 0 0 0 0 0 0 0 0 0 0 0 0 0 1 1 0 0 1 
acm fire 14 2 4 8 8 8 9 9 9 10 14 18 20 22 22 22 22 22 22 22 22 22 22 22 22 22 22 22 22 22 22 22 22 22 23 26 26 26 26 26 27 27 28 31 34 37 39 42 
acm human 14 2 12 24 29 34 37 40 44 48 51 53 55 56 57 58 58 59 60 61 62 63 64 65 66 67 67 67 67 67 67 67 67 67 67 67 67 67 67 67 67 67 67 67 67 67 67 67 
acm window 14 2 7 14 21 27 31 32 32 32 32 33 34 35 35 35 35 35 36 39 43 44 44 44 44 44 44 44 44 44 44 44 44 44 44 44 44 44 44 44 44 44 44 45 46 46 46 47 
tsim fire 14 2 4 4 4 4 5 5 5 6 9 9 10 10 10 10 10 10 10 10 10 10 10 10 10 10 10 10 10 10 10 10 10 10 11 9 9 9 9 9 10 10 11 14 14 15 15 16 
tsim human 14 2 12 12 12 12 12 12 11 11 11 10 10 9 9 9 9 8 8 8 8 8 8 8 8 8 8 8 8 8 8 8 8 8 8 8 8 8 8 8 8 8 8 8 8 8 8 8 
tsim window 14 2 7 7 7 7 7 7 7 7 7 8 10 10 10 10 10 10 11 13 14 14 14 14 14 14 14 14 14 14 14 14 14 14 14 14 14 14 14 14 14 14 14 15 15 15 15 23 
task_num -1 14 2 382
runtime -1 14 2 0.3923609256744385 0.6096351146697998 0.9068210124969482 0.545280933380127 0.704226016998291 0.6051020622253418 0.7390048503875732 0.9328429698944092 0.558405876159668 0.400148868560791 0.2821810245513916 0.12790799140930176 
avg_run -1 14 2 0.5669931372006735
al_time -1 14 2 0.02562999725341797 0.018377304077148438 0.5971179008483887 0.021637916564941406 0.03244328498840332 0.025537967681884766 0.02789592742919922 0.02165508270263672 0.022181987762451172 0.021430015563964844 0.022047042846679688 0.020067691802978516 
avg_all -1 14 2 0.07133517662684123
sum 0 11 2 60 46 
sum 1 11 2 180 69 
sum 2 11 2 240 78 
sum 3 11 2 360 87 
sum 4 11 2 540 106 
sum 5 11 2 600 110 
sum 6 11 2 900 116 
sum 7 11 2 1200 127 
sum 8 11 2 1500 130 
sum 9 11 2 1800 130 
sum 10 11 2 2100 134 
sum 11 11 2 2400 136 
sum 12 11 2 2700 152 
miss fire 11 2 4 4 1 1 1 1 1 2 4 4 1 1 0 0 0 0 0 0 0 0 0 0 0 0 0 0 0 0 0 0 0 0 3 1 0 0 0 0 1 0 1 4 1 2 1 2 
miss human 11 2 12 12 5 5 5 3 3 3 3 2 2 1 1 1 1 0 0 0 0 0 0 0 0 0 0 0 0 0 0 0 0 0 0 0 0 0 0 0 0 0 0 0 0 0 0 0 
miss window 11 2 7 7 6 5 3 1 0 0 0 1 1 1 0 0 0 0 1 2 3 3 2 1 1 1 0 0 0 0 0 0 0 0 0 0 0 0 0 0 0 0 0 1 1 1 1 2 
acm fire 11 2 4 8 9 10 11 12 13 15 19 23 24 25 25 25 25 25 25 25 25 25 25 25 25 25 25 25 25 25 25 25 25 25 28 29 29 29 29 29 30 30 31 35 36 38 39 41 
acm human 11 2 12 24 29 34 39 42 45 48 51 53 55 56 57 58 59 59 59 59 59 59 59 59 59 59 59 59 59 59 59 59 59 59 59 59 59 59 59 59 59 59 59 59 59 59 59 59 
acm window 11 2 7 14 20 25 28 29 29 29 29 30 31 32 32 32 32 32 33 35 38 41 43 44 45 46 46 46 46 46 46 46 46 46 46 46 46 46 46 46 46 46 46 47 48 49 50 52 
tsim fire 11 2 4 4 4 4 5 5 5 6 9 9 10 10 10 10 10 10 10 10 10 10 10 10 10 10 10 10 10 10 10 10 10 10 11 9 9 9 9 9 10 10 11 14 14 15 15 16 
tsim human 11 2 12 12 12 12 12 12 11 11 11 10 10 9 9 9 9 8 8 8 8 8 8 8 8 8 8 8 8 8 8 8 8 8 8 8 8 8 8 8 8 8 8 8 8 8 8 8 
tsim window 11 2 7 7 7 7 7 7 7 7 7 8 10 10 10 10 10 10 11 13 14 14 14 14 14 14 14 14 14 14 14 14 14 14 14 14 14 14 14 14 14 14 14 15 15 15 15 23 
task_num -1 11 2 385
runtime -1 11 2 0.902799129486084 0.802603006362915 0.91143798828125 0.7494068145751953 0.726287841796875 1.0370097160339355 0.784437894821167 0.7881457805633545 0.5296289920806885 0.2551920413970947 
avg_run -1 11 2 0.748694920539856
al_time -1 11 2 0.023721933364868164 0.016009807586669922 0.02397012710571289 0.5946590900421143 0.03164482116699219 0.03452706336975098 0.02130913734436035 0.025155067443847656 0.02371668815612793 0.023025989532470703 
avg_all -1 11 2 0.08177397251129151
random:0T:2700
sum 0 14 0 60 81 
sum 1 14 0 180 129 
sum 2 14 0 240 148 
sum 3 14 0 360 179 
sum 4 14 0 540 218 
sum 5 14 0 600 226 
sum 6 14 0 900 244 
sum 7 14 0 1200 251 
sum 8 14 0 1500 256 
sum 9 14 0 1800 259 
sum 10 14 0 2100 269 
sum 11 14 0 2400 284 
sum 12 14 0 2700 307 
miss fire 14 0 6 6 2 0 0 0 0 2 3 3 1 1 3 3 0 0 0 0 0 0 0 0 0 0 0 0 1 1 0 0 1 1 1 1 4 3 3 2 2 0 2 3 2 2 2 2 
miss human 14 0 25 24 15 11 10 9 9 9 7 7 5 4 0 0 0 0 0 0 0 0 0 0 0 0 0 0 0 0 0 0 0 0 0 0 0 0 0 0 0 0 0 0 0 0 0 0 
miss window 14 0 10 10 10 10 9 7 6 3 3 2 2 2 1 1 1 2 2 2 1 0 2 2 2 1 0 0 0 0 0 0 0 0 0 0 0 0 0 0 2 2 2 2 2 3 2 3 
acm fire 14 0 6 12 14 14 14 14 14 16 19 22 23 24 27 30 30 30 30 30 30 30 30 30 30 30 30 30 31 32 32 32 33 34 35 36 40 43 46 48 50 50 52 55 57 59 61 63 
acm human 14 0 25 49 64 75 85 94 103 112 119 126 131 135 135 135 135 135 135 135 135 135 135 135 135 135 135 135 135 135 135 135 135 135 135 135 135 135 135 135 135 135 135 135 135 135 135 135 
acm window 14 0 10 20 30 40 49 56 62 65 68 70 72 74 75 76 77 79 81 83 84 84 86 88 90 91 91 91 91 91 91 91 91 91 91 91 91 91 91 91 93 95 97 99 101 104 106 109 
tsim fire 14 0 6 6 6 6 6 6 6 8 9 9 9 9 11 11 11 11 11 11 11 11 11 11 11 11 11 11 12 12 12 12 13 13 13 13 16 16 16 16 16 16 18 19 19 19 19 19 
tsim human 14 0 25 24 23 23 22 21 21 19 19 18 16 15 14 14 13 13 13 13 13 13 13 13 13 13 13 13 13 13 13 13 13 13 13 13 13 13 13 13 13 13 13 13 13 13 13 13 
tsim window 14 0 10 10 10 10 10 10 10 10 10 10 11 11 14 14 14 15 16 16 17 17 19 19 19 19 19 19 21 21 21 21 21 21 21 21 21 21 21 21 23 23 23 24 24 25 25 26 
task_num -1 14 0 636
runtime -1 14 0 0.21510076522827148 3.283137083053589 1.2448489665985107 1.5023081302642822 1.757282018661499 1.6520650386810303 1.4466910362243652 1.5859999656677246 1.123081922531128 0.9861760139465332 0.5290038585662842 
avg_run -1 14 0 1.393244981765747
al_time -1 14 0 0.039395809173583984 0.026972293853759766 0.03049492835998535 0.03027796745300293 0.038062095642089844 1.0643162727355957 0.05680680274963379 0.033312082290649414 0.03529810905456543 0.0357208251953125 0.026463985443115234 
avg_all -1 14 0 0.12882919745011764
sum 0 11 0 60 81 
sum 1 11 0 180 125 
sum 2 11 0 240 140 
sum 3 11 0 360 168 
sum 4 11 0 540 213 
sum 5 11 0 600 221 
sum 6 11 0 900 247 
sum 7 11 0 1200 253 
sum 8 11 0 1500 256 
sum 9 11 0 1800 259 
sum 10 11 0 2100 265 
sum 11 11 0 2400 286 
sum 12 11 0 2700 310 
miss fire 11 0 6 6 4 2 2 2 2 4 5 4 1 1 3 3 2 2 0 0 0 0 0 0 0 0 0 0 1 1 0 0 1 0 0 0 3 3 3 3 3 2 4 2 2 2 1 1 
miss human 11 0 25 24 11 7 6 5 5 5 5 6 6 5 4 4 0 0 0 0 0 0 0 0 0 0 0 0 0 0 0 0 0 0 0 0 0 0 0 0 0 0 0 0 0 0 0 0 
miss window 11 0 10 10 10 10 7 7 7 7 5 4 1 1 0 0 0 1 1 1 1 1 2 1 1 1 0 0 0 0 0 0 0 0 0 0 0 0 0 0 2 2 2 3 3 3 3 4 
acm fire 11 0 6 12 16 18 20 22 24 28 33 37 38 39 42 45 47 49 49 49 49 49 49 49 49 49 49 49 50 51 51 51 52 52 52 52 55 58 61 64 67 69 73 75 77 79 80 81 
acm human 11 0 25 49 60 67 73 78 83 88 93 99 105 110 114 118 118 118 118 118 118 118 118 118 118 118 118 118 118 118 118 118 118 118 118 118 118 118 118 118 118 118 118 118 118 118 118 118 
acm window 11 0 10 20 30 40 47 54 61 68 73 77 78 79 79 79 79 80 81 82 83 84 86 87 88 89 89 89 89 89 89 89 89 89 89 89 89 89 89 89 91 93 95 98 101 104 107 111 
tsim fire 11 0 6 6 6 6 6 6 6 8 9 9 9 9 11 11 11 11 11 11 11 11 11 11 11 11 11 11 12 12 12 12 13 13 13 13 16 16 16 16 16 16 18 19 19 19 19 19 
tsim human 11 0 25 24 23 23 22 21 21 19 19 18 16 15 14 14 13 13 13 13 13 13 13 13 13 13 13 13 13 13 13 13 13 13 13 13 13 13 13 13 13 13 13 13 13 13 13 13 
tsim window 11 0 10 10 10 10 10 10 10 10 10 10 11 11 14 14 14 15 16 16 17 17 19 19 19 19 19 19 21 21 21 21 21 21 21 21 21 21 21 21 23 23 23 24 24 25 25 26 
task_num -1 11 0 640
runtime -1 11 0 0.9105830192565918 3.0903570652008057 1.6357049942016602 1.8030500411987305 1.6566541194915771 1.7973179817199707 1.9172642230987549 1.3755090236663818 0.7482662200927734 0.26168179512023926 
avg_run -1 11 0 1.5196388483047485
al_time -1 11 0 0.034561872482299805 0.029356002807617188 0.02906203269958496 0.04250812530517578 1.1099350452423096 0.033966064453125 0.04157900810241699 0.03536391258239746 0.06130218505859375 0.021291017532348633 
avg_all -1 11 0 0.14389252662658691
random:1T:2700
sum 0 14 1 60 86 
sum 1 14 1 180 136 
sum 2 14 1 240 158 
sum 3 14 1 360 197 
sum 4 14 1 540 246 
sum 5 14 1 600 254 
sum 6 14 1 900 290 
sum 7 14 1 1200 311 
sum 8 14 1 1500 320 
sum 9 14 1 1800 321 
sum 10 14 1 2100 327 
sum 11 14 1 2400 340 
sum 12 14 1 2700 356 
miss fire 14 1 3 3 2 1 1 2 2 3 3 3 1 4 5 5 1 2 1 1 1 1 1 1 0 0 0 0 0 0 1 0 0 1 1 2 1 1 1 2 2 2 1 1 2 2 3 3 
miss human 14 1 27 27 13 8 9 9 9 8 10 8 6 6 3 3 2 2 0 0 0 2 2 2 0 0 0 0 0 0 0 0 0 0 0 0 0 0 0 0 0 0 0 0 0 0 0 0 
miss window 14 1 13 13 13 13 12 9 8 7 5 2 1 1 0 0 0 2 2 2 2 3 3 1 1 2 1 1 0 0 0 0 0 0 0 0 0 0 0 1 1 1 2 2 2 1 0 0 
acm fire 14 1 3 6 8 9 10 12 14 17 20 23 24 28 33 38 39 41 42 43 44 45 46 47 47 47 47 47 47 47 48 48 48 49 50 52 53 54 55 57 59 61 62 63 65 67 70 73 
acm human 14 1 27 54 67 75 84 93 102 110 120 128 134 140 143 146 148 150 150 150 150 152 154 156 156 156 156 156 156 156 156 156 156 156 156 156 156 156 156 156 156 156 156 156 156 156 156 156 
acm window 14 1 13 26 39 52 64 73 81 88 93 95 96 97 97 97 97 99 101 103 105 108 111 112 113 115 116 117 117 117 117 117 117 117 117 117 117 117 117 118 119 120 122 124 126 127 127 127 
tsim fire 14 1 3 3 3 3 3 4 4 5 5 6 6 9 10 10 10 11 11 11 11 11 11 11 11 11 11 11 11 11 12 12 12 13 13 12 12 12 12 13 13 13 13 13 14 15 16 16 
tsim human 14 1 27 27 27 26 25 23 22 22 20 20 20 20 20 20 19 19 19 19 19 19 19 19 19 19 19 19 19 19 19 19 19 19 19 19 19 19 19 19 19 19 19 19 19 19 19 19 
tsim window 14 1 13 13 13 13 13 13 13 13 13 13 13 16 19 19 19 21 21 21 21 23 24 25 25 26 26 26 26 26 26 26 26 26 26 26 26 26 26 27 27 27 28 28 28 28 28 28 
task_num -1 14 1 662
runtime -1 14 1 0.2070920467376709 3.027108907699585 1.1670269966125488 1.6869432926177979 1.8997225761413574 1.8477160930633545 1.8435747623443604 1.7662289142608643 1.018808126449585 0.3663351535797119 
avg_run -1 14 1 1.4830556869506837
al_time -1 14 1 0.03618216514587402 0.02520918846130371 2.3780131340026855 0.03728365898132324 0.06310820579528809 0.04086923599243164 0.0378720760345459 0.03964519500732422 0.06049799919128418 0.027630090713500977 
avg_all -1 14 1 0.27463109493255616
sum 0 11 1 60 86 
sum 1 11 1 180 125 
sum 2 11 1 240 146 
sum 3 11 1 360 185 
sum 4 11 1 540 229 
sum 5 11 1 600 234 
sum 6 11 1 900 257 
sum 7 11 1 1200 274 
sum 8 11 1 1500 294 
sum 9 11 1 1800 302 
sum 10 11 1 2100 305 
sum 11 11 1 2400 314 
sum 12 11 1 2700 326 
miss fire 11 1 3 3 0 0 0 1 1 2 2 3 2 5 4 4 1 2 2 2 1 1 0 0 0 0 0 0 0 0 1 1 0 1 1 0 0 0 0 1 1 1 1 1 1 2 1 1 
miss human 11 1 27 27 6 7 8 9 8 8 7 7 3 3 1 1 0 0 0 0 0 0 0 0 0 0 0 0 0 0 0 0 0 0 0 0 0 0 0 0 0 0 0 0 0 0 0 0 
miss window 11 1 13 13 13 13 13 10 10 8 5 2 0 0 0 0 0 2 2 2 1 3 3 4 4 5 5 2 2 1 1 1 1 1 0 0 0 0 0 1 1 1 2 2 2 2 0 0 
acm fire 11 1 3 6 6 6 6 7 8 10 12 15 17 22 26 30 31 33 35 37 38 39 39 39 39 39 39 39 39 39 40 41 41 42 43 43 43 43 43 44 45 46 47 48 49 51 52 53 
acm human 11 1 27 54 60 67 75 84 92 100 107 114 117 120 121 122 122 122 122 122 122 122 122 122 122 122 122 122 122 122 122 122 122 122 122 122 122 122 122 122 122 122 122 122 122 122 122 122 
acm window 11 1 13 26 39 52 65 75 85 93 98 100 100 100 100 100 100 102 104 106 107 110 113 117 121 126 131 133 135 136 137 138 139 140 140 140 140 140 140 141 142 143 145 147 149 151 151 151 
tsim fire 11 1 3 3 3 3 3 4 4 5 5 6 6 9 10 10 10 11 11 11 11 11 11 11 11 11 11 11 11 11 12 12 12 13 13 12 12 12 12 13 13 13 13 13 14 15 16 16 
tsim human 11 1 27 27 27 26 25 23 22 22 20 20 20 20 20 20 19 19 19 19 19 19 19 19 19 19 19 19 19 19 19 19 19 19 19 19 19 19 19 19 19 19 19 19 19 19 19 19 
tsim window 11 1 13 13 13 13 13 13 13 13 13 13 13 16 19 19 19 21 21 21 21 23 24 25 25 26 26 26 26 26 26 26 26 26 26 26 26 26 26 27 27 27 28 28 28 28 28 28 
task_num -1 11 1 667
runtime -1 11 1 0.8910160064697266 1.807269811630249 2.6923868656158447 1.6905381679534912 2.382383108139038 2.4254798889160156 2.2926340103149414 2.292456865310669 2.403186321258545 0.6291499137878418 
avg_run -1 11 1 1.9506500959396362
al_time -1 11 1 0.03830671310424805 0.028241872787475586 2.370290994644165 0.04531097412109375 0.04244112968444824 0.05676865577697754 0.040405988693237305 0.03600716590881348 0.04271411895751953 0.03641104698181152 
avg_all -1 11 1 0.273689866065979
random:2T:2700
sum 0 14 2 60 46 
sum 1 14 2 180 69 
sum 2 14 2 240 77 
sum 3 14 2 360 86 
sum 4 14 2 540 103 
sum 5 14 2 600 110 
sum 6 14 2 900 122 
sum 7 14 2 1200 131 
sum 8 14 2 1500 139 
sum 9 14 2 1800 140 
sum 10 14 2 2100 146 
sum 11 14 2 2400 153 
sum 12 14 2 2700 165 
miss fire 14 2 4 4 0 0 1 1 0 1 3 3 3 3 1 1 1 0 0 0 0 0 0 0 0 0 0 0 0 0 0 0 0 0 1 3 1 1 1 1 1 2 2 4 0 0 1 2 
miss human 14 2 12 12 5 5 3 3 4 4 3 2 2 1 1 1 1 0 0 0 0 0 0 0 0 0 0 0 0 0 0 0 0 0 0 0 0 0 0 0 0 0 0 0 0 0 0 0 
miss window 14 2 7 7 7 6 4 1 0 0 0 1 2 2 0 0 0 0 1 1 3 2 2 2 2 2 1 1 1 0 0 0 0 0 0 0 0 0 0 0 0 0 0 1 1 1 1 1 
acm fire 14 2 4 8 8 8 9 10 10 11 14 17 20 23 24 25 26 26 26 26 26 26 26 26 26 26 26 26 26 26 26 26 26 26 27 30 31 32 33 34 35 37 39 43 43 43 44 46 
acm human 14 2 12 24 29 34 37 40 44 48 51 53 55 56 57 58 59 59 59 59 59 59 59 59 59 59 59 59 59 59 59 59 59 59 59 59 59 59 59 59 59 59 59 59 59 59 59 59 
acm window 14 2 7 14 21 27 31 32 32 32 32 33 35 37 37 37 37 37 38 39 42 44 46 48 50 52 53 54 55 55 55 55 55 55 55 55 55 55 55 55 55 55 55 56 57 58 59 60 
tsim fire 14 2 4 4 4 4 5 5 5 6 8 8 10 10 10 10 10 10 10 10 10 10 10 10 10 10 10 10 10 10 10 10 10 10 11 9 9 9 9 9 9 10 11 13 13 13 14 15 
tsim human 14 2 12 12 12 12 12 12 11 11 11 10 10 9 9 9 9 8 8 8 8 8 8 8 8 8 8 8 8 8 8 8 8 8 8 8 8 8 8 8 8 8 8 8 8 8 8 8 
tsim window 14 2 7 7 7 7 7 7 7 7 7 8 11 11 11 11 11 11 12 12 14 14 14 14 14 14 14 14 14 14 14 14 14 14 14 14 14 14 14 14 14 14 14 15 15 15 15 15 
task_num -1 14 2 382
runtime -1 14 2 0.4381523132324219 0.6783888339996338 0.9373922348022461 0.6300778388977051 0.5133311748504639 0.7223570346832275 1.217400074005127 0.40435314178466797 0.13371491432189941 
avg_run -1 14 2 0.6305741733974881
al_time -1 14 2 0.02556896209716797 0.018954992294311523 0.02122020721435547 0.7440090179443359 0.03240180015563965 0.03422117233276367 0.02681112289428711 0.023408889770507812 0.016087055206298828 
avg_all -1 14 2 0.10474257998996311
sum 0 11 2 60 46 
sum 1 11 2 180 69 
sum 2 11 2 240 78 
sum 3 11 2 360 86 
sum 4 11 2 540 102 
sum 5 11 2 600 108 
sum 6 11 2 900 120 
sum 7 11 2 1200 131 
sum 8 11 2 1500 134 
sum 9 11 2 1800 134 
sum 10 11 2 2100 137 
sum 11 11 2 2400 140 
sum 12 11 2 2700 152 
miss fire 11 2 4 4 1 1 1 1 0 1 3 3 2 2 1 1 1 1 0 0 0 0 0 0 0 0 0 0 0 0 0 0 0 0 1 1 1 0 0 0 0 1 2 4 0 0 1 2 
miss human 11 2 12 12 5 5 5 3 3 3 3 2 2 1 1 1 1 0 0 0 0 0 0 0 0 0 0 0 0 0 0 0 0 0 0 0 0 0 0 0 0 0 0 0 0 0 0 0 
miss window 11 2 7 7 6 5 3 1 0 0 0 1 2 2 0 0 0 0 1 1 3 3 3 2 1 0 0 0 0 0 0 0 0 0 0 0 0 0 0 0 0 0 0 1 1 1 1 1 
acm fire 11 2 4 8 9 10 11 12 12 13 16 19 21 23 24 25 26 27 27 27 27 27 27 27 27 27 27 27 27 27 27 27 27 27 28 29 30 30 30 30 30 31 33 37 37 37 38 40 
acm human 11 2 12 24 29 34 39 42 45 48 51 53 55 56 57 58 59 59 59 59 59 59 59 59 59 59 59 59 59 59 59 59 59 59 59 59 59 59 59 59 59 59 59 59 59 59 59 59 
acm window 11 2 7 14 20 25 28 29 29 29 29 30 32 34 34 34 34 34 35 36 39 42 45 47 48 48 48 48 48 48 48 48 48 48 48 48 48 48 48 48 48 48 48 49 50 51 52 53 
tsim fire 11 2 4 4 4 4 5 5 5 6 8 8 10 10 10 10 10 10 10 10 10 10 10 10 10 10 10 10 10 10 10 10 10 10 11 9 9 9 9 9 9 10 11 13 13 13 14 15 
tsim human 11 2 12 12 12 12 12 12 11 11 11 10 10 9 9 9 9 8 8 8 8 8 8 8 8 8 8 8 8 8 8 8 8 8 8 8 8 8 8 8 8 8 8 8 8 8 8 8 
tsim window 11 2 7 7 7 7 7 7 7 7 7 8 11 11 11 11 11 11 12 12 14 14 14 14 14 14 14 14 14 14 14 14 14 14 14 14 14 14 14 14 14 14 14 15 15 15 15 15 
task_num -1 11 2 382
runtime -1 11 2 0.8998339176177979 0.7886688709259033 0.9731261730194092 0.7653591632843018 0.7416839599609375 0.8868730068206787 0.9103338718414307 0.7826569080352783 0.7699568271636963 0.6417231559753418 0.1686241626739502 
avg_run -1 11 2 0.7571672743017023
al_time -1 11 2 0.019752025604248047 0.016839265823364258 0.02321791648864746 0.5916461944580078 0.023792266845703125 0.03362917900085449 0.031225204467773438 0.020583152770996094 0.02124190330505371 0.026993274688720703 0.015026330947875977 
avg_all -1 11 2 0.07490424676374956
