random:0T:300
0 -1 0 153.64 48.48 -1 44 0.059712886810302734 0
0 -1 1 155.71 2.67 -1 44 0.08419108390808105 0
0 -1 2 153.71 48.48 -1 44 0.0826869010925293 0
0 -1 3 150.19 0 -1 44 0.11067700386047363 0
0 -1 4 134.51 53.95 -1 44 0.005793094635009766 0
1 -1 0 141.52 36.71 -1 79 0.07653188705444336 0
1 -1 1 143.77 28.81 -1 79 0.17275071144104004 0
1 -1 2 142.07 35.02 -1 79 0.10498309135437012 0
1 -1 3 143.58 0 -6 79 0.22533178329467773 0
1 -1 4 133.45 17.09 -1 79 0.009214162826538086 0
2 -1 0 133.46 14.46 -1 78 0.0675201416015625 0
2 -1 1 140.54 0 -2 78 0.15225481986999512 0
2 -1 2 133.49 14.46 -1 78 0.08768415451049805 0
2 -1 3 139.72 0 -2 78 0.1895139217376709 0
2 -1 4 132.73 50.43 -1 78 0.006802082061767578 0
3 -1 0 116.61 25.09 -1 83 0.06585192680358887 0
3 -1 1 118.71 3.74 -1 83 0.13228416442871094 0
3 -1 2 116.53 24.73 -1 83 0.07578492164611816 0
3 -1 3 119.02 6.0 -1 83 0.2005629539489746 0
3 -1 4 111.34 14.75 -1 83 0.007067680358886719 0
random:0T:600
0 -1 0 370.45 162.34 -1 44 0.16829895973205566 0
0 -1 1 370.44 130.49 -1 44 0.18619585037231445 0
0 -1 2 370.42 164.61999999999998 -1 44 0.2200300693511963 0
0 -1 3 370.59 163.61 -1 44 0.2535738945007324 0
0 -1 4 329.18 132.98 -1 44 0.009588003158569336 0
1 -1 0 317.9 112.75000000000001 -1 79 0.2401747703552246 0
1 -1 1 324.7 158.45 -1 79 0.3267519474029541 0
1 -1 2 318.39 106.87 -1 79 0.3068857192993164 0
1 -1 3 329.77 0 -1 79 0.4328141212463379 0
1 -1 4 298.27 74.75 -1 79 0.011144161224365234 0
2 -1 0 306.42 53.79 -1 78 0.23369288444519043 0
2 -1 1 319.71 0 -2 78 0.31266307830810547 0
2 -1 2 313.35 53.48 -1 78 0.29579901695251465 0
2 -1 3 319.22 41.12 -1 78 0.4435079097747803 0
2 -1 4 293.58 67.92999999999999 -1 78 0.011862993240356445 0
3 -1 0 295.38 68.21 -1 83 0.23354220390319824 0
3 -1 1 296.97 100.05 -1 83 0.2890167236328125 0
3 -1 2 294.59 62.04 -1 83 0.34640932083129883 0
3 -1 3 301.63 49.410000000000004 -1 83 0.41046571731567383 0
3 -1 4 272.75 61.99 -1 83 0.01183319091796875 0
random:0T:900
0 -1 0 583.82 189.19 -1 44 0.2560892105102539 0
0 -1 1 585.73 137.61 -1 44 0.28185009956359863 0
0 -1 2 587.71 235.17999999999998 -1 44 0.3288841247558594 0
0 -1 3 586.61 257.87 -1 44 0.3442528247833252 0
0 -1 4 516.66 205.60999999999999 -1 44 0.008222341537475586 0
1 -1 0 492.45 195.0 -1 79 0.3745582103729248 0
1 -1 1 499.7 191.07 -1 79 0.4888420104980469 0
1 -1 2 509.93 109.0 -1 79 0.527719259262085 0
1 -1 3 513.9 77.8 -1 79 0.6414930820465088 0
1 -1 4 457.47 112.38 -1 79 0.01034688949584961 0
2 -1 0 476.71 89.76 -1 78 0.39000797271728516 0
2 -1 1 495.76 0 -2 78 0.4492988586425781 0
2 -1 2 488.55 92.99999999999999 -1 78 0.53938889503479 0
2 -1 3 497.92 0 -1 78 0.5867249965667725 0
2 -1 4 459.25 111.03999999999999 -1 78 0.013334035873413086 0
3 -1 0 472.22 134.68 -1 83 0.3792579174041748 0
3 -1 1 476.82 159.52999999999994 -1 83 0.48888301849365234 0
3 -1 2 476.57 64.1 -1 83 0.5440940856933594 0
3 -1 3 484.45 99.75 -1 83 0.6226940155029297 0
3 -1 4 438.87 92.42 -1 83 0.014661073684692383 0
random:0T:1200
0 -1 0 800.07 191.73999999999998 -1 44 0.3411579132080078 0
0 -1 1 801.34 139.2 -1 44 0.36888623237609863 0
0 -1 2 805.71 351.32 -1 44 0.4047880172729492 0
0 -1 3 804.19 320.09999999999997 -1 44 0.45862793922424316 0
0 -1 4 710.05 298.05 -1 44 0.01607513427734375 0
1 -1 0 667.42 198.5 -1 79 0.47858381271362305 0
1 -1 1 676.56 197.62 -1 79 0.598118782043457 0
1 -1 2 699.03 144.88 -1 79 0.7197520732879639 0
1 -1 3 696.46 0 -1 79 0.8060500621795654 0
1 -1 4 600.72 140.55 -1 79 0.016914844512939453 0
2 -1 0 653.61 121.71000000000001 -1 78 0.46698808670043945 0
2 -1 1 670.77 0 -1 78 0.5772597789764404 0
2 -1 2 673.07 117.76 -1 78 0.7185361385345459 0
2 -1 3 685.28 0 -1 78 0.8172998428344727 0
2 -1 4 627.21 151.17000000000002 -1 78 0.01566481590270996 0
3 -1 0 654.08 176.21 -1 83 0.52947998046875 0
3 -1 1 652.87 199.41999999999993 -1 83 0.6100239753723145 0
3 -1 2 661.59 133.64 -1 83 0.7618491649627686 0
3 -1 3 663.74 115.78999999999999 -1 83 0.9140200614929199 0
3 -1 4 591.22 113.75999999999999 -1 83 0.016515731811523438 0
random:0T:1500
0 -1 0 1014.87 279.68 -1 44 0.40903806686401367 0
0 -1 1 1017.29 291.75 -1 44 0.4879128932952881 0
0 -1 2 1023.28 425.0 -1 44 0.4958178997039795 0
0 -1 3 1016.9 421.48 -1 44 0.478405237197876 0
0 -1 4 906.29 382.9800000000001 -1 44 0.01322793960571289 0
1 -1 0 845.18 199.28 -1 79 0.537529706954956 0
1 -1 1 855.62 199.08 -1 79 0.6140251159667969 0
1 -1 2 871.04 195.57999999999996 -1 79 0.7695372104644775 0
1 -1 3 869.39 116.84 -1 79 0.8724260330200195 0
1 -1 4 766.02 197.82999999999998 -1 79 0.013844966888427734 0
2 -1 0 829.74 153.25 -1 78 0.504692792892456 0
2 -1 1 843.15 0 -1 78 0.5722751617431641 0
2 -1 2 854.01 144.77 -1 78 0.7459499835968018 0
2 -1 3 861.66 0 -1 78 0.8605551719665527 0
2 -1 4 788.75 200.35999999999999 -1 78 0.01317596435546875 0
3 -1 0 830.21 216.4 -1 83 0.5822958946228027 0
3 -1 1 831.73 243.70999999999995 -1 83 0.6347391605377197 0
3 -1 2 838.31 169.15999999999997 -1 83 0.7859988212585449 0
3 -1 3 842.05 185.39000000000001 -1 83 0.8739821910858154 0
3 -1 4 747.49 162.84 -1 83 0.016491174697875977 0
random:1T:300
0 -1 0 135.43 56.55 -1 50 0.048804283142089844 1
0 -1 1 142.05 51.58 -1 50 0.07073783874511719 1
0 -1 2 135.89 48.49 -1 50 0.06522083282470703 1
0 -1 3 144.07 47.89 -1 50 0.11133790016174316 1
0 -1 4 134.88 53.17 -1 50 0.004251956939697266 1
1 -1 0 152.22 80.33 -2 72 0.08869600296020508 1
1 -1 1 151.91 76.0 -2 72 0.12159395217895508 1
1 -1 2 152.21 80.33 -2 72 0.11633586883544922 1
1 -1 3 154.11 72.0 -2 72 0.1852250099182129 1
1 -1 4 150.48 90.21 -2 72 0.006134033203125 1
2 -1 0 115.97 62.59 -1 82 0.0715329647064209 1
2 -1 1 117.97 39.54 -1 82 0.12324905395507812 1
2 -1 2 115.03 62.59 -1 82 0.09755277633666992 1
2 -1 3 117.56 0 -3 82 0.1838982105255127 1
2 -1 4 114.38 72.66 -1 82 0.0066030025482177734 1
3 -1 0 152.72 60.06999999999999 -1 67 0.0897216796875 1
3 -1 1 150.02 52.89 -1 67 0.12072539329528809 1
3 -1 2 151.91 45.019999999999996 -1 67 0.12380504608154297 1
3 -1 3 150.51 48.04 -1 67 0.17687582969665527 1
3 -1 4 145.96 14.8 -1 67 0.0064389705657958984 1
random:1T:600
0 -1 0 343.4 130.1 -1 50 0.15536999702453613 1
0 -1 1 350.32 130.1 -1 50 0.18767595291137695 1
0 -1 2 345.43 141.79000000000002 -1 50 0.2097458839416504 1
0 -1 3 352.14 124.69 -1 50 0.25397586822509766 1
0 -1 4 321.56 104.00999999999999 -1 50 0.006051778793334961 1
1 -1 0 336.65 221.95999999999998 -2 72 0.20533084869384766 1
1 -1 1 334.9 225.84 -1 72 0.2235548496246338 1
1 -1 2 346.62 221.65999999999997 -2 72 0.2883167266845703 1
1 -1 3 350.5 233.6 -2 72 0.3550679683685303 1
1 -1 4 312.12 241.6 -1 72 0.009698867797851562 1
2 -1 0 292.25 173.32999999999998 -1 82 0.2116401195526123 1
2 -1 1 297.65 166.81 -2 82 0.242919921875 1
2 -1 2 295.77 169.18 -1 82 0.30074000358581543 1
2 -1 3 300.15 146.54 -1 82 0.388002872467041 1
2 -1 4 278.17 183.08 -1 82 0.007813692092895508 1
3 -1 0 339.24 161.20999999999998 -1 67 0.20418000221252441 1
3 -1 1 337.96 142.04 -1 67 0.23979496955871582 1
3 -1 2 347.57 43.080000000000005 -1 67 0.2834312915802002 1
3 -1 3 345.65 54.330000000000005 -1 67 0.3478059768676758 1
3 -1 4 317.1 64.13 -1 67 0.010499000549316406 1
random:1T:900
0 -1 0 548.42 151.68 -1 50 0.25514793395996094 1
0 -1 1 558.08 137.53 -1 50 0.2714259624481201 1
0 -1 2 550.26 194.05 -1 50 0.34017300605773926 1
0 -1 3 559.82 194.12 -1 50 0.3723759651184082 1
0 -1 4 504.98 159.53 -1 50 0.009185075759887695 1
1 -1 0 521.69 347.53 -2 72 0.34272098541259766 1
1 -1 1 518.25 371.01 -1 72 0.34740209579467773 1
1 -1 2 540.86 370.61999999999995 -2 72 0.4561889171600342 1
1 -1 3 543.85 388.34 -2 72 0.5082008838653564 1
1 -1 4 483.61 362.25 -1 72 0.01074981689453125 1
2 -1 0 468.65 290.96000000000004 -1 82 0.3352031707763672 1
2 -1 1 478.48 290.51 -1 82 0.39518284797668457 1
2 -1 2 482.62 239.64000000000001 -2 82 0.48741698265075684 1
2 -1 3 476.89 222.07999999999998 -2 82 0.5538041591644287 1
2 -1 4 426.42 287.72999999999996 -1 82 0.008890867233276367 1
3 -1 0 524.11 246.73999999999998 -1 67 0.33843302726745605 1
3 -1 1 527.81 209.98 -1 67 0.35045480728149414 1
3 -1 2 540.46 113.61 -1 67 0.47356295585632324 1
3 -1 3 533.54 82.18 -1 67 0.500201940536499 1
3 -1 4 492.24 113.03999999999998 -1 67 0.01049494743347168 1
random:1T:1200
0 -1 0 752.73 295.70000000000005 -1 50 0.3420588970184326 1
0 -1 1 760.93 282.44 -1 50 0.3526730537414551 1
0 -1 2 760.53 288.58 -1 50 0.44544005393981934 1
0 -1 3 761.64 285.56 -1 50 0.48006296157836914 1
0 -1 4 694.56 237.09999999999997 -1 50 0.011121988296508789 1
1 -1 0 706.24 491.42 -2 72 0.46977901458740234 1
1 -1 1 700.95 516.96 -1 72 0.47249603271484375 1
1 -1 2 731.63 507.84 -2 72 0.6261687278747559 1
1 -1 3 736.55 535.46 -2 72 0.6810367107391357 1
1 -1 4 653.64 474.56 -1 72 0.013293027877807617 1
2 -1 0 649.03 410.71000000000004 -1 82 0.5074350833892822 1
2 -1 1 655.62 396.77 -1 82 0.5361790657043457 1
2 -1 2 661.41 354.13 -2 82 0.6677491664886475 1
2 -1 3 660.05 294.14 -2 82 0.7848100662231445 1
2 -1 4 569.76 422.69000000000005 -1 82 0.011722087860107422 1
3 -1 0 709.61 327.2800000000001 -1 67 0.4437730312347412 1
3 -1 1 715.64 301.62 -1 67 0.47057294845581055 1
3 -1 2 726.53 126.11000000000003 -1 67 0.6398868560791016 1
3 -1 3 719.37 108.84 -1 67 0.6684131622314453 1
3 -1 4 671.21 160.20999999999998 -1 67 0.012462139129638672 1
random:1T:1500
0 -1 0 955.8 400.81000000000006 -1 50 0.4257378578186035 1
0 -1 1 962.05 351.80999999999995 -1 50 0.4688231945037842 1
0 -1 2 958.89 295.52 -1 50 0.5646040439605713 1
0 -1 3 962.11 302.45000000000005 -1 50 0.606611967086792 1
0 -1 4 887.24 297.89 -1 50 0.013274192810058594 1
1 -1 0 890.43 622.79 -2 72 0.5676171779632568 1
1 -1 1 884.24 662.2000000000002 -1 72 0.594782829284668 1
1 -1 2 923.52 610.4000000000001 -2 72 0.7871720790863037 1
1 -1 3 923.78 694.9600000000002 -2 72 0.8395340442657471 1
1 -1 4 811.98 611.59 -2 72 0.013614892959594727 1
2 -1 0 825.96 503.62 -1 82 0.6266598701477051 1
2 -1 1 834.59 495.91999999999996 -1 82 0.685452938079834 1
2 -1 2 843.43 430.63 -2 82 0.8824441432952881 1
2 -1 3 845.12 388.62 -1 82 0.9930720329284668 1
2 -1 4 736.13 530.28 -1 82 0.012091875076293945 1
3 -1 0 899.32 399.88000000000005 -1 67 0.5772042274475098 1
3 -1 1 902.13 389.02 -1 67 0.5902359485626221 1
3 -1 2 924.69 138.01 -1 67 0.7961471080780029 1
3 -1 3 916.41 135.01 -1 67 0.8337180614471436 1
3 -1 4 847.67 200.29 -1 67 0.015122175216674805 1
random:2T:300
0 -1 0 153.04 63.93 -1 54 0.07131814956665039 2
0 -1 1 156.83 74.97 -1 54 0.08151602745056152 2
0 -1 2 154.03 63.3 -1 54 0.09207820892333984 2
0 -1 3 156.08 60.93 -1 54 0.10664010047912598 2
0 -1 4 158.02 53.85 -1 54 0.0042650699615478516 2
1 -1 0 144.78 33.61 -1 85 0.07851195335388184 2
1 -1 1 145.27 31.939999999999998 -1 85 0.09877204895019531 2
1 -1 2 144.67 28.07 -1 85 0.11719107627868652 2
1 -1 3 147.29 28.03 -1 85 0.18680191040039062 2
1 -1 4 138.36 14.81 -1 85 0.007436037063598633 2
2 -1 0 156.06 110.43 -3 43 0.04528307914733887 2
2 -1 1 156.06 110.43 -3 43 0.051448822021484375 2
2 -1 2 157.18 106.63 -2 43 0.06995820999145508 2
2 -1 3 157.18 106.63 -2 43 0.07793426513671875 2
2 -1 4 154.45 126.85 -1 43 0.004184246063232422 2
3 -1 0 171.38 94.61 -2 39 0.05411791801452637 2
3 -1 1 171.38 94.61 -2 39 0.06139802932739258 2
3 -1 2 171.91 94.61 -1 39 0.06126904487609863 2
3 -1 3 171.91 94.61 -1 39 0.07385683059692383 2
3 -1 4 161.95 73.97 -1 39 0.0033528804779052734 2
random:2T:600
0 -1 0 349.69 158.29000000000002 -1 54 0.14630889892578125 2
0 -1 1 353.65 180.63 -1 54 0.14962196350097656 2
0 -1 2 355.67 153.14 -1 54 0.20799779891967773 2
0 -1 3 356.51 173.9 -1 54 0.22304821014404297 2
0 -1 4 352.14 119.99000000000001 -1 54 0.0066089630126953125 2
1 -1 0 321.37 63.86 -1 85 0.1668248176574707 2
1 -1 1 321.96 62.72999999999999 -1 85 0.21689510345458984 2
1 -1 2 324.31 60.989999999999995 -1 85 0.2543971538543701 2
1 -1 3 326.69 60.39 -1 85 0.3132779598236084 2
1 -1 4 306.52 64.03 -1 85 0.012686014175415039 2
2 -1 0 367.31 273.75 -3 43 0.10090398788452148 2
2 -1 1 367.31 273.75 -3 43 0.10562920570373535 2
2 -1 2 368.58 270.3 -3 43 0.14720582962036133 2
2 -1 3 368.58 270.3 -3 43 0.14450716972351074 2
2 -1 4 363.45 311.37 -1 43 0.0051839351654052734 2
3 -1 0 397.62 129.64 -1 39 0.12181472778320312 2
3 -1 1 397.62 129.64 -1 39 0.12677764892578125 2
3 -1 2 404.52 239.51999999999998 -1 39 0.1711122989654541 2
3 -1 3 404.52 239.51999999999998 -1 39 0.15390992164611816 2
3 -1 4 376.29 186.69999999999996 -1 39 0.005939006805419922 2
random:2T:900
0 -1 0 547.04 281.96000000000004 -1 54 0.22770094871520996 2
0 -1 1 551.36 288.87000000000006 -1 54 0.23943281173706055 2
0 -1 2 556.28 256.14 -1 54 0.33559107780456543 2
0 -1 3 551.76 240.29 -1 54 0.3311481475830078 2
0 -1 4 548.8 198.4 -1 54 0.01305699348449707 2
1 -1 0 497.33 93.55 -1 85 0.28815412521362305 2
1 -1 1 498.5 92.80999999999997 -1 85 0.33029890060424805 2
1 -1 2 518.73 84.58999999999999 -1 85 0.41575121879577637 2
1 -1 3 519.32 94.55 -1 85 0.4409658908843994 2
1 -1 4 480.64 110.72 -1 85 0.009735107421875 2
2 -1 0 579.61 430.31999999999994 -3 43 0.15476298332214355 2
2 -1 1 579.61 430.31999999999994 -3 43 0.16458415985107422 2
2 -1 2 583.61 426.24000000000007 -2 43 0.22209906578063965 2
2 -1 3 583.61 426.24000000000007 -2 43 0.22699499130249023 2
2 -1 4 577.43 483.25 -1 43 0.0069921016693115234 2
3 -1 0 622.33 137.55 -1 39 0.18850469589233398 2
3 -1 1 622.33 137.55 -1 39 0.1910400390625 2
3 -1 2 629.54 286.43 -1 39 0.25778985023498535 2
3 -1 3 629.54 286.43 -1 39 0.25650501251220703 2
3 -1 4 593.79 290.7799999999999 -1 39 0.008897066116333008 2
random:2T:1200
0 -1 0 745.05 382.7999999999999 -1 54 0.3170509338378906 2
0 -1 1 750.17 414.28000000000003 -1 54 0.320235013961792 2
0 -1 2 758.2 330.7699999999999 -1 54 0.4442110061645508 2
0 -1 3 755.16 310.85999999999996 -1 54 0.4505879878997803 2
0 -1 4 742.56 253.14000000000007 -1 54 0.011435747146606445 2
1 -1 0 673.5 122.80999999999999 -1 85 0.3555610179901123 2
1 -1 1 674.42 122.36999999999998 -1 85 0.39525389671325684 2
1 -1 2 696.71 129.17999999999998 -1 85 0.5377130508422852 2
1 -1 3 704.44 120.87999999999997 -1 85 0.584571123123169 2
1 -1 4 647.64 130.58 -1 85 0.02244091033935547 2
2 -1 0 785.68 603.61 -3 43 0.2198491096496582 2
2 -1 1 785.68 603.61 -3 43 0.20917010307312012 2
2 -1 2 796.42 602.7800000000001 -2 43 0.29790496826171875 2
2 -1 3 796.42 602.7800000000001 -2 43 0.31678199768066406 2
2 -1 4 788.68 672.65 -1 43 0.01284480094909668 2
3 -1 0 846.92 139.18 -1 39 0.26201295852661133 2
3 -1 1 846.92 139.18 -1 39 0.2740778923034668 2
3 -1 2 859.11 399.88999999999993 -1 39 0.35317182540893555 2
3 -1 3 859.11 399.88999999999993 -1 39 0.33172607421875 2
3 -1 4 808.94 410.1299999999998 -1 39 0.013164997100830078 2
random:2T:1500
0 -1 0 946.81 476.39 -1 54 0.40391111373901367 2
0 -1 1 949.43 525.9399999999999 -1 54 0.4103260040283203 2
0 -1 2 961.86 430.02 -1 54 0.5886416435241699 2
0 -1 3 955.74 420.46000000000004 -1 54 0.606024980545044 2
0 -1 4 936.12 312.92 -1 54 0.01655435562133789 2
1 -1 0 849.78 151.76 -1 85 0.49973392486572266 2
1 -1 1 850.62 151.54 -1 85 0.5438416004180908 2
1 -1 2 886.41 137.49999999999997 -1 85 0.7348809242248535 2
1 -1 3 887.19 158.10999999999999 -1 85 0.7924642562866211 2
1 -1 4 814.59 163.23000000000002 -1 85 0.018018007278442383 2
2 -1 0 996.38 765.8799999999999 -3 43 0.27898502349853516 2
2 -1 1 996.38 765.8799999999999 -3 43 0.2728879451751709 2
2 -1 2 1012.85 748.83 -2 43 0.4182779788970947 2
2 -1 3 1012.85 748.83 -2 43 0.4220149517059326 2
2 -1 4 1000.17 859.69 -1 43 0.013927936553955078 2
3 -1 0 1072.38 139.55 -1 39 0.35541224479675293 2
3 -1 1 1072.38 139.55 -1 39 0.39734673500061035 2
3 -1 2 1091.35 503.53999999999996 -1 39 0.4515352249145508 2
3 -1 3 1091.35 503.53999999999996 -1 39 0.44817113876342773 2
3 -1 4 1025.71 510.2899999999998 -1 39 0.014174938201904297 2
random:3T:300
0 -1 0 130.92 49.65 -1 89 0.06347894668579102 3
0 -1 1 131.36 41.61 -1 89 0.1261000633239746 3
0 -1 2 131.29 48.28 -1 89 0.11881017684936523 3
0 -1 3 132.17 20.43 -1 89 0.2230830192565918 3
0 -1 4 127.01 39.85 -1 89 0.008866071701049805 3
1 -1 0 153.85 58.21 -1 53 0.06702780723571777 3
1 -1 1 157.11 56.150000000000006 -1 53 0.07829499244689941 3
1 -1 2 154.35 58.11 -1 53 0.09570598602294922 3
1 -1 3 158.98 39.769999999999996 -1 53 0.1204531192779541 3
1 -1 4 152.2 55.56 -1 53 0.0053632259368896484 3
2 -1 0 137.77 62.519999999999996 -1 65 0.08616113662719727 3
2 -1 1 137.77 62.519999999999996 -1 65 0.13263678550720215 3
2 -1 2 138.33 62.89 -1 65 0.11417222023010254 3
2 -1 3 138.33 62.89 -1 65 0.1275479793548584 3
2 -1 4 130.41 56.1 -1 65 0.004292964935302734 3
3 -1 0 149.68 55.010000000000005 -1 65 0.06810307502746582 3
3 -1 1 152.89 58.64 -1 65 0.09889078140258789 3
3 -1 2 151.01 31.740000000000002 -1 65 0.10215973854064941 3
3 -1 3 154.58 55.349999999999994 -1 65 0.1361839771270752 3
3 -1 4 143.92 25.59 -1 65 0.0064640045166015625 3
random:3T:600
0 -1 0 300.6 98.08 -1 89 0.167510986328125 3
0 -1 1 301.53 85.53999999999999 -1 89 0.24556899070739746 3
0 -1 2 305.51 72.23 -1 89 0.29970669746398926 3
0 -1 3 305.46 30.930000000000003 -1 89 0.3208591938018799 3
0 -1 4 288.95 63.87 -1 89 0.008093833923339844 3
1 -1 0 355.19 130.46 -1 53 0.14805889129638672 3
1 -1 1 354.72 148.73 -1 53 0.1743791103363037 3
1 -1 2 353.86 104.53 -1 53 0.19837307929992676 3
1 -1 3 360.15 141.53 -1 53 0.2285459041595459 3
1 -1 4 340.56 108.14 -1 53 0.006593942642211914 3
2 -1 0 336.14 115.65 -1 65 0.18402838706970215 3
2 -1 1 336.14 115.65 -1 65 0.21001076698303223 3
2 -1 2 342.07 85.92999999999999 -1 65 0.2963130474090576 3
2 -1 3 342.07 85.92999999999999 -1 65 0.34653377532958984 3
2 -1 4 306.33 100.32 -1 65 0.006719112396240234 3
3 -1 0 336.26 140.59 -1 65 0.1970992088317871 3
3 -1 1 337.28 127.25 -2 65 0.22954392433166504 3
3 -1 2 339.37 72.0 -1 65 0.23985719680786133 3
3 -1 3 348.21 84.06 -1 65 0.2724909782409668 3
3 -1 4 308.57 64.13 -1 65 0.007088899612426758 3
random:3T:900
0 -1 0 468.49 150.73 -1 89 0.3079519271850586 3
0 -1 1 471.15 128.62 -1 89 0.3406498432159424 3
0 -1 2 477.64 64.97999999999999 -1 89 0.45368313789367676 3
0 -1 3 487.53 52.769999999999996 -1 89 0.5019209384918213 3
0 -1 4 448.01 112.37 -1 89 0.009648799896240234 3
1 -1 0 549.61 233.76 -1 53 0.23687291145324707 3
1 -1 1 553.01 272.31 -1 53 0.2523770332336426 3
1 -1 2 551.98 211.45999999999998 -1 53 0.3135058879852295 3
1 -1 3 562.61 232.29 -1 53 0.3796811103820801 3
1 -1 4 533.97 170.60000000000002 -1 53 0.009664058685302734 3
2 -1 0 534.32 192.04 -1 65 0.32451820373535156 3
2 -1 1 534.32 192.04 -1 65 0.32366490364074707 3
2 -1 2 543.14 161.51 -1 65 0.3890798091888428 3
2 -1 3 543.14 161.51 -1 65 0.48305606842041016 3
2 -1 4 483.16 140.45000000000002 -1 65 0.011028051376342773 3
3 -1 0 517.75 225.32 -1 65 0.32836198806762695 3
3 -1 1 519.99 207.23 -1 65 0.3489799499511719 3
3 -1 2 527.45 112.79 -1 65 0.4154200553894043 3
3 -1 3 537.42 114.52000000000001 -1 65 0.4125938415527344 3
3 -1 4 481.18 113.26 -1 65 0.009324789047241211 3
random:3T:1200
0 -1 0 639.23 194.86999999999998 -1 89 0.4052729606628418 3
0 -1 1 641.03 168.7 -1 89 0.46007394790649414 3
0 -1 2 659.24 92.1 -1 89 0.6080620288848877 3
0 -1 3 660.41 89.30000000000001 -1 89 0.6999928951263428 3
0 -1 4 598.5 143.18 -1 89 0.012430191040039062 3
1 -1 0 747.11 335.54999999999995 -1 53 0.32254600524902344 3
1 -1 1 752.89 374.86 -1 53 0.3490781784057617 3
1 -1 2 750.59 180.15999999999997 -1 53 0.44119906425476074 3
1 -1 3 754.54 150.86 -1 53 0.4701731204986572 3
1 -1 4 726.97 250.78000000000003 -1 53 0.016993045806884766 3
2 -1 0 732.84 244.08999999999997 -1 65 0.39989519119262695 3
2 -1 1 732.84 244.08999999999997 -1 65 0.4296886920928955 3
2 -1 2 741.58 204.1 -1 65 0.554224967956543 3
2 -1 3 741.58 204.1 -1 65 0.5905787944793701 3
2 -1 4 660.39 173.28 -1 65 0.011268854141235352 3
3 -1 0 703.94 295.48 -1 65 0.3314340114593506 3
3 -1 1 708.2 340.1 -2 65 0.38779401779174805 3
3 -1 2 717.63 158.64999999999998 -1 65 0.47829699516296387 3
3 -1 3 726.15 203.1 -1 65 0.5337800979614258 3
3 -1 4 655.11 161.15 -1 65 0.00941610336303711 3
random:3T:1500
0 -1 0 809.24 236.50999999999996 -1 89 0.5250048637390137 3
0 -1 1 810.95 204.38999999999996 -1 89 0.584359884262085 3
0 -1 2 834.29 106.98 -1 89 0.7779598236083984 3
0 -1 3 844.34 151.69 -1 89 0.8583841323852539 3
0 -1 4 761.27 162.85999999999999 -1 89 0.014255046844482422 3
1 -1 0 944.97 430.61 -1 53 0.41393089294433594 3
1 -1 1 953.6 481.90999999999997 -1 53 0.4483189582824707 3
1 -1 2 949.95 202.5 -1 53 0.5270538330078125 3
1 -1 3 954.08 178.68 -1 53 0.5962789058685303 3
1 -1 4 914.98 304.05 -1 53 0.01995110511779785 3
2 -1 0 930.49 319.7299999999999 -1 65 0.5416779518127441 3
2 -1 1 930.49 319.7299999999999 -1 65 0.5307719707489014 3
2 -1 2 947.02 246.82999999999998 -1 65 0.7111308574676514 3
2 -1 3 945.23 243.67999999999998 -1 65 0.7418570518493652 3
2 -1 4 838.61 210.98 -1 65 0.018219947814941406 3
3 -1 0 890.77 348.58 -1 65 0.43329691886901855 3
3 -1 1 893.36 449.46000000000004 -2 65 0.46847081184387207 3
3 -1 2 909.55 206.47 -1 65 0.6447689533233643 3
3 -1 3 919.23 195.74 -1 65 0.6873931884765625 3
3 -1 4 818.95 203.14000000000001 -1 65 0.010661125183105469 3
random:4T:300
0 -1 0 130.39 46.92 -1 89 0.07719707489013672 4
0 -1 1 131.7 50.22 -1 89 0.11139082908630371 4
0 -1 2 130.56 46.92 -1 89 0.11993217468261719 4
0 -1 3 132.25 39.79 -1 89 0.20637989044189453 4
0 -1 4 126.72 14.72 -1 89 0.006038188934326172 4
1 -1 0 128.76 70.08 -1 72 0.06882405281066895 4
1 -1 1 128.12 69.16 -2 72 0.10952019691467285 4
1 -1 2 129.37 72.24 -2 72 0.10692620277404785 4
1 -1 3 128.16 69.16 -2 72 0.1439988613128662 4
1 -1 4 118.4 74.93 -1 72 0.0046579837799072266 4
2 -1 0 172.41 85.63 -1 43 0.05469799041748047 4
2 -1 1 173.02 86.45 -1 43 0.06205606460571289 4
2 -1 2 171.93 84.64 -1 43 0.08328723907470703 4
2 -1 3 169.92 73.93 -1 43 0.09769678115844727 4
2 -1 4 161.76 58.93 -1 43 0.004903316497802734 4
3 -1 0 151.35 86.3 -3 66 0.06471395492553711 4
3 -1 1 154.5 83.86 -2 66 0.1004030704498291 4
3 -1 2 151.88 86.3 -3 66 0.09835410118103027 4
3 -1 3 155.28 83.86 -2 66 0.13948488235473633 4
3 -1 4 144.01 81.05 -1 66 0.004434823989868164 4
random:4T:600
0 -1 0 300.74 109.35 -1 89 0.1845078468322754 4
0 -1 1 304.31 129.12 -1 89 0.23003101348876953 4
0 -1 2 307.28 72.1 -1 89 0.29239869117736816 4
0 -1 3 306.68 63.540000000000006 -1 89 0.3510923385620117 4
0 -1 4 288.96 64.08 -1 89 0.01212620735168457 4
1 -1 0 318.15 124.67 -1 72 0.19374489784240723 4
1 -1 1 314.95 171.39 -2 72 0.20581698417663574 4
1 -1 2 322.65 187.26999999999998 -2 72 0.256666898727417 4
1 -1 3 319.91 82.3 -1 72 0.30748796463012695 4
1 -1 4 281.99 209.5 -1 72 0.008419036865234375 4
2 -1 0 387.05 182.45 -1 43 0.1503620147705078 4
2 -1 1 384.9 158.17 -1 43 0.1339399814605713 4
2 -1 2 392.17 182.89 -1 43 0.18231725692749023 4
2 -1 3 387.92 145.31 -1 43 0.18560171127319336 4
2 -1 4 370.25 150.70999999999998 -1 43 0.009536027908325195 4
3 -1 0 334.35 183.78 -2 66 0.152756929397583 4
3 -1 1 342.54 127.25 -2 66 0.21543383598327637 4
3 -1 2 347.09 127.79 -1 66 0.24833989143371582 4
3 -1 3 351.23 91.75 -1 66 0.3007040023803711 4
3 -1 4 308.07 232.13 -1 66 0.006632804870605469 4
random:4T:900
0 -1 0 472.54 203.32999999999998 -1 89 0.3252420425415039 4
0 -1 1 477.12 203.98 -1 89 0.37557387351989746 4
0 -1 2 481.0 64.27 -1 89 0.4861938953399658 4
0 -1 3 488.79 57.169999999999995 -1 89 0.5248229503631592 4
0 -1 4 447.99 110.53 -1 89 0.011682271957397461 4
1 -1 0 501.63 207.45 -1 72 0.31241893768310547 4
1 -1 1 506.21 258.66999999999996 -2 72 0.33187389373779297 4
1 -1 2 516.61 274.80999999999995 -1 72 0.4221608638763428 4
1 -1 3 515.7 173.62 -1 72 0.4852941036224365 4
1 -1 4 453.79 332.94 -1 72 0.00807499885559082 4
2 -1 0 605.64 299.05 -1 43 0.2183699607849121 4
2 -1 1 601.63 291.49 -1 43 0.21079111099243164 4
2 -1 2 611.19 310.06000000000006 -1 43 0.26616501808166504 4
2 -1 3 607.51 276.23 -1 43 0.2780320644378662 4
2 -1 4 579.63 239.51999999999998 -1 43 0.012361288070678711 4
3 -1 0 524.73 278.38 -2 66 0.28168702125549316 4
3 -1 1 527.44 224.42 -2 66 0.3118431568145752 4
3 -1 2 533.36 224.0 -1 66 0.386915922164917 4
3 -1 3 539.68 208.56 -1 66 0.4371461868286133 4
3 -1 4 482.04 346.34000000000003 -1 66 0.008404016494750977 4
random:4T:1200
0 -1 0 645.83 285.56 -1 89 0.42842817306518555 4
0 -1 1 649.77 282.49 -1 89 0.4853057861328125 4
0 -1 2 662.25 83.36 -1 89 0.6731841564178467 4
0 -1 3 659.64 95.58 -1 89 0.7675111293792725 4
0 -1 4 598.17 113.74000000000001 -1 89 0.016711950302124023 4
1 -1 0 688.72 318.90000000000003 -1 72 0.4843168258666992 4
1 -1 1 698.88 355.18 -2 72 0.654386043548584 4
1 -1 2 711.56 343.78 -2 72 0.6306130886077881 4
1 -1 3 709.28 225.41 -1 72 0.6995179653167725 4
1 -1 4 609.68 445.98 -1 72 0.01643991470336914 4
2 -1 0 824.71 406.54 -1 43 0.3277781009674072 4
2 -1 1 820.91 432.99999999999994 -1 43 0.3186500072479248 4
2 -1 2 827.26 423.47 -1 43 0.4019341468811035 4
2 -1 3 823.23 400.09999999999997 -1 43 0.42563295364379883 4
2 -1 4 787.8 322.95 -1 43 0.011773824691772461 4
3 -1 0 717.62 402.56 -2 66 0.3869948387145996 4
3 -1 1 712.9 334.6 -2 66 0.4112362861633301 4
3 -1 2 719.11 301.24 -1 66 0.5228097438812256 4
3 -1 3 724.33 313.56 -1 66 0.5861899852752686 4
3 -1 4 652.02 493.01 -1 66 0.012773990631103516 4
random:4T:1500
0 -1 0 817.88 349.7 -1 89 0.5826799869537354 4
0 -1 1 821.72 350.56 -1 89 0.6600501537322998 4
0 -1 2 842.23 93.91999999999999 -1 89 0.8235678672790527 4
0 -1 3 842.72 122.68 -1 89 0.8942830562591553 4
0 -1 4 761.27 163.09 -1 89 0.01575613021850586 4
1 -1 0 874.49 418.33000000000004 -1 72 0.5714831352233887 4
1 -1 1 887.68 453.58 -2 72 0.6630678176879883 4
1 -1 2 901.08 443.09 -2 72 0.8775460720062256 4
1 -1 3 901.85 389.99 -1 72 0.8648290634155273 4
1 -1 4 764.59 594.8199999999999 -1 72 0.017086267471313477 4
2 -1 0 1042.94 492.61 -1 43 0.42615294456481934 4
2 -1 1 1038.34 485.27000000000004 -1 43 0.40201497077941895 4
2 -1 2 1043.59 522.4100000000001 -1 43 0.48358726501464844 4
2 -1 3 1047.8 479.96000000000004 -1 43 0.5183019638061523 4
2 -1 4 993.23 396.6499999999999 -1 43 0.015547037124633789 4
3 -1 0 906.09 451.57 -2 66 0.591245174407959 4
3 -1 1 899.08 444.61 -2 66 0.5253908634185791 4
3 -1 2 913.58 451.82000000000005 -2 66 0.6845300197601318 4
3 -1 3 919.35 407.52 -1 66 0.7141580581665039 4
3 -1 4 808.91 600.4499999999999 -1 66 0.014590024948120117 4
random:5T:300
0 -1 0 146.08 59.31 -1 51 0.07033777236938477 5
0 -1 1 146.08 59.31 -1 51 0.07738423347473145 5
0 -1 2 148.71 58.92 -1 51 0.09237289428710938 5
0 -1 3 148.94 55.459999999999994 -1 51 0.11926984786987305 5
0 -1 4 150.99 47.97 -1 51 0.004305124282836914 5
1 -1 0 155.09 108.95 -2 45 0.05865907669067383 5
1 -1 1 157.55 70.85 -1 45 0.08112001419067383 5
1 -1 2 155.55 108.95 -2 45 0.09246301651000977 5
1 -1 3 161.36 95.71 -1 45 0.1322181224822998 5
1 -1 4 161.94 125.36000000000001 -1 45 0.0062541961669921875 5
2 -1 0 131.69 55.5 -1 69 0.06883597373962402 5
2 -1 1 133.54 0 -2 69 0.10838103294372559 5
2 -1 2 132.15 46.21 -1 69 0.09141993522644043 5
2 -1 3 136.97 26.740000000000002 -1 69 0.20399188995361328 5
2 -1 4 133.01 53.099999999999994 -1 69 0.004865884780883789 5
3 -1 0 119.95 24.83 -2 77 0.08111691474914551 5
3 -1 1 120.75 24.09 -2 77 0.10828089714050293 5
3 -1 2 120.69 14.44 -1 77 0.09305715560913086 5
3 -1 3 122.69 23.689999999999998 -2 77 0.14458799362182617 5
3 -1 4 115.11 14.28 -2 77 0.004921913146972656 5
random:5T:600
0 -1 0 349.38 183.99 -1 51 0.14402079582214355 5
0 -1 1 349.38 183.99 -1 51 0.15932798385620117 5
0 -1 2 348.23 112.94 -1 51 0.21291494369506836 5
0 -1 3 349.43 94.67999999999999 -1 51 0.23128604888916016 5
0 -1 4 350.37 107.84 -1 51 0.006267070770263672 5
1 -1 0 363.3 264.71999999999997 -2 45 0.11563611030578613 5
1 -1 1 363.5 217.02999999999997 -1 45 0.12562084197998047 5
1 -1 2 359.61 252.91000000000003 -1 45 0.17859506607055664 5
1 -1 3 361.65 212.56 -1 45 0.19137310981750488 5
1 -1 4 369.34 287.4 -1 45 0.005542755126953125 5
2 -1 0 318.47 142.33 -1 69 0.1702420711517334 5
2 -1 1 321.76 134.32000000000002 -1 69 0.2183837890625 5
2 -1 2 322.52 64.92999999999999 -1 69 0.2570488452911377 5
2 -1 3 325.96 102.36 -1 69 0.297760009765625 5
2 -1 4 308.63 83.71000000000001 -1 69 0.008487939834594727 5
3 -1 0 302.64 101.94 -1 77 0.18236804008483887 5
3 -1 1 307.12 82.83 -1 77 0.22514891624450684 5
3 -1 2 307.77 44.97 -1 77 0.2622089385986328 5
3 -1 3 311.8 43.19 -1 77 0.31803393363952637 5
3 -1 4 274.82 63.09 -1 77 0.006333112716674805 5
random:5T:900
0 -1 0 552.13 311.82 -1 51 0.2262709140777588 5
0 -1 1 552.13 311.82 -1 51 0.23666596412658691 5
0 -1 2 548.43 170.77 -1 51 0.3067750930786133 5
0 -1 3 548.79 109.3 -1 51 0.3456459045410156 5
0 -1 4 547.62 160.57 -1 51 0.009733915328979492 5
1 -1 0 571.13 417.08 -1 45 0.18805789947509766 5
1 -1 1 572.1 398.72999999999996 -2 45 0.220689058303833 5
1 -1 2 572.34 420.85999999999996 -1 45 0.2750842571258545 5
1 -1 3 571.74 392.79 -1 45 0.31188201904296875 5
1 -1 4 577.79 472.6500000000001 -1 45 0.012719869613647461 5
2 -1 0 503.04 241.85000000000005 -1 69 0.31362009048461914 5
2 -1 1 503.11 215.60000000000002 -1 69 0.3246490955352783 5
2 -1 2 507.99 131.89 -1 69 0.3840668201446533 5
2 -1 3 513.7 116.83 -1 69 0.46986985206604004 5
2 -1 4 487.82 134.38 -1 69 0.01631307601928711 5
3 -1 0 484.2 192.82 -1 77 0.3303391933441162 5
3 -1 1 487.94 119.72999999999999 -1 77 0.3969569206237793 5
3 -1 2 493.57 98.79999999999998 -1 77 0.4349660873413086 5
3 -1 3 494.81 98.13000000000001 -1 77 0.4936399459838867 5
3 -1 4 440.86 111.86 -1 77 0.012772083282470703 5
random:5T:1200
0 -1 0 752.73 429.55999999999995 -1 51 0.32352685928344727 5
0 -1 1 752.73 429.55999999999995 -1 51 0.3450901508331299 5
0 -1 2 746.05 169.46 -1 51 0.43113279342651367 5
0 -1 3 751.86 189.48000000000002 -1 51 0.4969630241394043 5
0 -1 4 747.28 210.78000000000003 -1 51 0.0130157470703125 5
1 -1 0 779.47 565.27 -2 45 0.26422786712646484 5
1 -1 1 780.71 542.48 -2 45 0.3000340461730957 5
1 -1 2 774.67 543.5500000000001 -1 45 0.33620285987854004 5
1 -1 3 786.62 511.43000000000006 -1 45 0.4082069396972656 5
1 -1 4 790.83 646.92 -1 45 0.01123189926147461 5
2 -1 0 688.61 325.1500000000001 -1 69 0.383105993270874 5
2 -1 1 688.48 314.16 -1 69 0.414700984954834 5
2 -1 2 702.41 183.22000000000003 -1 69 0.563417911529541 5
2 -1 3 701.46 165.18 -1 69 0.6110970973968506 5
2 -1 4 669.47 187.17 -1 69 0.012131690979003906 5
3 -1 0 661.34 198.33 -1 77 0.5124509334564209 5
3 -1 1 670.55 207.15000000000003 -1 77 0.5237298011779785 5
3 -1 2 679.71 122.44 -1 77 0.6465260982513428 5
3 -1 3 681.31 97.77 -1 77 0.6907069683074951 5
3 -1 4 611.36 158.89 -1 77 0.015444040298461914 5
random:5T:1500
0 -1 0 952.39 539.4599999999999 -1 51 0.39534473419189453 5
0 -1 1 952.39 539.4599999999999 -1 51 0.3977620601654053 5
0 -1 2 948.76 232.24 -1 51 0.5179910659790039 5
0 -1 3 946.6 271.58000000000004 -1 51 0.5609631538391113 5
0 -1 4 951.36 281.13 -1 51 0.011886119842529297 5
1 -1 0 987.08 716.93 -2 45 0.3343038558959961 5
1 -1 1 987.7 696.36 -2 45 0.36937808990478516 5
1 -1 2 984.45 638.74 -2 45 0.4764409065246582 5
1 -1 3 1001.6 668.4999999999999 -1 45 0.5256989002227783 5
1 -1 4 1004.5 823.8900000000001 -1 45 0.011677980422973633 5
2 -1 0 871.95 398.87000000000006 -1 69 0.5229470729827881 5
2 -1 1 872.06 404.79 -1 69 0.5352160930633545 5
2 -1 2 888.13 197.34 -1 69 0.7159140110015869 5
2 -1 3 888.73 177.67999999999998 -1 69 0.7639081478118896 5
2 -1 4 849.24 248.10999999999999 -1 69 0.013828039169311523 5
3 -1 0 837.72 199.24 -1 77 0.5855772495269775 5
3 -1 1 850.76 274.42 -1 77 0.6365382671356201 5
3 -1 2 865.97 213.23 -1 77 0.7670469284057617 5
3 -1 3 868.16 148.04 -1 77 0.8505940437316895 5
3 -1 4 779.83 199.99 -1 77 0.01485896110534668 5
random:6T:300
0 -1 0 119.77 49.730000000000004 -1 69 0.06366229057312012 6
0 -1 1 120.74 36.21 -1 69 0.09796285629272461 6
0 -1 2 120.27 49.11999999999999 -1 69 0.07032990455627441 6
0 -1 3 120.9 40.41 -1 69 0.12758207321166992 6
0 -1 4 112.58 14.7 -1 69 0.004556894302368164 6
1 -1 0 127.32 32.510000000000005 -1 57 0.05095505714416504 6
1 -1 1 127.2 67.91 -1 57 0.07437419891357422 6
1 -1 2 127.33 31.05 -1 57 0.06485605239868164 6
1 -1 3 126.8 37.15 -1 57 0.10452985763549805 6
1 -1 4 129.45 43.59 -1 57 0.0038390159606933594 6
2 -1 0 166.4 93.7 -1 56 0.07821297645568848 6
2 -1 1 166.4 93.7 -1 56 0.09169697761535645 6
2 -1 2 167.9 112.2 -1 56 0.1206810474395752 6
2 -1 3 167.9 112.2 -1 56 0.14976906776428223 6
2 -1 4 168.35 132.26 -1 56 0.004792213439941406 6
3 -1 0 153.06 86.35000000000001 -1 58 0.07429194450378418 6
3 -1 1 153.46 52.22 -1 58 0.10441112518310547 6
3 -1 2 152.15 66.00999999999999 -1 58 0.09924697875976562 6
3 -1 3 156.34 66.19 -1 58 0.15459394454956055 6
3 -1 4 156.0 44.56 -1 58 0.0071523189544677734 6
random:6T:600
0 -1 0 309.17 143.2 -1 69 0.16218113899230957 6
0 -1 1 312.56 149.72 -1 69 0.20845389366149902 6
0 -1 2 309.06 110.38 -1 69 0.23250794410705566 6
0 -1 3 300.95 115.95 -1 69 0.2923128604888916 6
0 -1 4 287.57 64.08 -1 69 0.009384870529174805 6
1 -1 0 321.63 134.39000000000001 -1 57 0.14339518547058105 6
1 -1 1 319.85 168.32 -1 57 0.1647660732269287 6
1 -1 2 323.73 126.83000000000001 -1 57 0.2052910327911377 6
1 -1 3 321.57 115.99 -1 57 0.23474621772766113 6
1 -1 4 304.04 79.08000000000001 -1 57 0.006249904632568359 6
2 -1 0 369.46 240.99 -1 56 0.1754598617553711 6
2 -1 1 369.46 240.99 -1 56 0.17618417739868164 6
2 -1 2 370.07 234.79000000000002 -1 56 0.23810100555419922 6
2 -1 3 370.07 234.79000000000002 -1 56 0.26239895820617676 6
2 -1 4 369.05 291.78 -1 56 0.00847482681274414 6
3 -1 0 352.09 194.97000000000003 -1 58 0.17604613304138184 6
3 -1 1 350.77 166.76 -1 58 0.1999361515045166 6
3 -1 2 351.31 116.92 -1 58 0.26978302001953125 6
3 -1 3 358.78 147.01 -1 58 0.33782005310058594 6
3 -1 4 354.06 102.79 -1 58 0.007551908493041992 6
random:6T:900
0 -1 0 495.22 251.82 -1 69 0.3037698268890381 6
0 -1 1 497.88 206.56 -1 69 0.34212398529052734 6
0 -1 2 490.45 175.69000000000003 -1 69 0.3936178684234619 6
0 -1 3 491.67 129.79000000000002 -1 69 0.4330580234527588 6
0 -1 4 463.53 113.45 -1 69 0.010542154312133789 6
1 -1 0 515.36 234.68999999999997 -1 57 0.24629592895507812 6
1 -1 1 515.85 266.33 -1 57 0.2551100254058838 6
1 -1 2 520.11 165.33999999999997 -1 57 0.3707849979400635 6
1 -1 3 518.74 169.65 -1 57 0.39484691619873047 6
1 -1 4 483.97 140.34 -1 57 0.009504079818725586 6
2 -1 0 571.47 387.27000000000004 -1 56 0.25325918197631836 6
2 -1 1 571.47 387.27000000000004 -1 56 0.27685093879699707 6
2 -1 2 568.43 377.33 -1 56 0.3645319938659668 6
2 -1 3 568.43 377.33 -1 56 0.38825106620788574 6
2 -1 4 568.0 459.75 -1 56 0.014467239379882812 6
3 -1 0 549.09 290.8 -1 58 0.3100931644439697 6
3 -1 1 550.57 306.15 -1 58 0.33353495597839355 6
3 -1 2 550.11 183.19000000000003 -1 58 0.4090301990509033 6
3 -1 3 557.48 212.56 -1 58 0.49011683464050293 6
3 -1 4 550.87 157.35 -1 58 0.012716054916381836 6
random:6T:1200
0 -1 0 681.81 352.72 -1 69 0.44553232192993164 6
0 -1 1 685.58 349.4 -1 69 0.4949460029602051 6
0 -1 2 683.36 216.2 -1 69 0.5766520500183105 6
0 -1 3 674.0 207.53 -1 69 0.6297821998596191 6
0 -1 4 639.62 162.81 -1 69 0.015547990798950195 6
1 -1 0 708.46 334.31999999999994 -1 57 0.3720510005950928 6
1 -1 1 701.42 359.24 -1 57 0.38714599609375 6
1 -1 2 714.53 207.33 -1 57 0.4656400680541992 6
1 -1 3 711.25 239.77 -1 57 0.5796670913696289 6
1 -1 4 669.36 198.51000000000002 -1 57 0.009380817413330078 6
2 -1 0 770.85 534.0 -1 56 0.3813450336456299 6
2 -1 1 770.85 534.0 -1 56 0.35619616508483887 6
2 -1 2 783.02 507.84000000000003 -1 56 0.48908185958862305 6
2 -1 3 783.02 507.84000000000003 -1 56 0.5397660732269287 6
2 -1 4 769.28 636.24 -1 56 0.01397705078125 6
3 -1 0 746.24 393.28999999999996 -1 58 0.42757606506347656 6
3 -1 1 747.35 421.92 -1 58 0.49894189834594727 6
3 -1 2 761.89 285.01 -1 58 0.5741519927978516 6
3 -1 3 754.2 250.03000000000006 -1 58 0.628619909286499 6
3 -1 4 746.84 209.76000000000002 -1 58 0.015140056610107422 6
random:6T:1500
0 -1 0 870.5 421.93 -1 69 0.5821249485015869 6
0 -1 1 877.73 465.79 -1 69 0.5869178771972656 6
0 -1 2 871.02 260.0 -1 69 0.7200517654418945 6
0 -1 3 854.43 216.8 -1 69 0.7520310878753662 6
0 -1 4 816.09 212.09 -1 69 0.014841079711914062 6
1 -1 0 894.83 436.68 -1 57 0.40713024139404297 6
1 -1 1 889.78 455.60999999999996 -1 57 0.4419410228729248 6
1 -1 2 910.46 253.17000000000004 -1 57 0.5684709548950195 6
1 -1 3 912.88 264.15999999999997 -1 57 0.6436426639556885 6
1 -1 4 851.14 251.85000000000002 -1 57 0.010848045349121094 6
2 -1 0 966.32 679.99 -2 56 0.39302897453308105 6
2 -1 1 966.32 679.99 -2 56 0.42598700523376465 6
2 -1 2 981.74 679.8899999999999 -1 56 0.5568797588348389 6
2 -1 3 981.74 679.8899999999999 -1 56 0.6677968502044678 6
2 -1 4 972.61 801.73 -1 56 0.012735843658447266 6
3 -1 0 944.95 503.9799999999999 -1 58 0.4991171360015869 6
3 -1 1 946.4 525.5000000000001 -1 58 0.4834568500518799 6
3 -1 2 953.07 330.46 -1 58 0.7301828861236572 6
3 -1 3 953.61 345.25 -1 58 0.7366042137145996 6
3 -1 4 941.75 260.0 -1 58 0.013840198516845703 6
random:7T:300
0 -1 0 130.06 14.61 -1 126 0.17080402374267578 7
0 -1 1 129.79 17.11 -1 126 0.18755888938903809 7
0 -1 2 130.44 15.639999999999999 -1 126 0.1983318328857422 7
0 -1 3 130.23 14.61 -1 126 0.2689330577850342 7
0 -1 4 127.02 48.1 -1 126 0.012511968612670898 7
1 -1 0 135.57 47.95 -1 104 0.0832219123840332 7
1 -1 1 138.01 46.18 -1 104 0.14369487762451172 7
1 -1 2 135.65 47.95 -1 104 0.12190008163452148 7
1 -1 3 139.24 53.709999999999994 -1 104 0.2230989933013916 7
1 -1 4 131.8 22.92 -1 104 0.00858306884765625 7
2 -1 0 135.9 27.020000000000003 -1 137 0.12075281143188477 7
2 -1 1 135.58 14.45 -1 137 0.2038438320159912 7
2 -1 2 135.9 27.020000000000003 -1 137 0.16267013549804688 7
2 -1 3 134.88 14.45 -1 137 0.31095099449157715 7
2 -1 4 123.27 14.79 -1 137 0.012407064437866211 7
3 -1 0 130.51 31.7 -1 116 0.1481337547302246 7
3 -1 1 130.51 31.7 -1 116 0.17901015281677246 7
3 -1 2 130.51 31.7 -1 116 0.16686701774597168 7
3 -1 3 130.51 31.7 -1 116 0.2573204040527344 7
3 -1 4 121.78 50.46 -1 116 0.010272979736328125 7
random:7T:600
0 -1 0 304.74 42.51 -1 126 0.3661172389984131 7
0 -1 1 304.24 58.0 -1 126 0.39701199531555176 7
0 -1 2 304.33 56.64 -1 126 0.49979305267333984 7
0 -1 3 304.12 56.42 -1 126 0.5561580657958984 7
0 -1 4 283.94 62.7 -1 126 0.01618194580078125 7
1 -1 0 312.33 75.42 -1 104 0.23145198822021484 7
1 -1 1 315.8 87.61000000000001 -1 104 0.30033397674560547 7
1 -1 2 312.56 72.0 -1 104 0.3418281078338623 7
1 -1 3 322.13 83.27 -1 104 0.5014572143554688 7
1 -1 4 305.83 64.13 -1 104 0.011579751968383789 7
2 -1 0 309.1 54.92 -1 137 0.36442089080810547 7
2 -1 1 308.95 50.03 -1 137 0.39880919456481934 7
2 -1 2 306.75 42.73 -1 137 0.41680192947387695 7
2 -1 3 307.86 42.47 -1 137 0.6063141822814941 7
2 -1 4 283.84 52.28 -1 137 0.013682126998901367 7
3 -1 0 319.25 75.49 -1 116 0.3277580738067627 7
3 -1 1 319.25 75.49 -1 116 0.35007381439208984 7
3 -1 2 319.25 75.49 -1 116 0.46086692810058594 7
3 -1 3 319.25 75.49 -1 116 0.5250048637390137 7
3 -1 4 290.36 74.83000000000001 -1 116 0.014273881912231445 7
random:7T:900
0 -1 0 479.15 68.16 -1 126 0.5694756507873535 7
0 -1 1 478.07 84.80000000000001 -1 126 0.6351900100708008 7
0 -1 2 485.36 96.81 -1 126 0.7475259304046631 7
0 -1 3 484.29 103.18 -1 126 0.8844270706176758 7
0 -1 4 446.59 110.64 -1 126 0.01838994026184082 7
1 -1 0 488.81 118.99000000000001 -1 104 0.3804001808166504 7
1 -1 1 494.04 116.19000000000001 -1 104 0.4168999195098877 7
1 -1 2 503.88 104.45 -1 104 0.6126720905303955 7
1 -1 3 510.46 110.62 -1 104 0.7304141521453857 7
1 -1 4 484.82 112.41999999999999 -1 104 0.01328587532043457 7
2 -1 0 478.13 73.16 -1 137 0.5513668060302734 7
2 -1 1 478.32 78.13 -1 137 0.6324467658996582 7
2 -1 2 479.59 43.21 -1 137 0.7406349182128906 7
2 -1 3 481.15 52.94 -1 137 0.9010982513427734 7
2 -1 4 431.48 64.34 -1 137 0.017184972763061523 7
3 -1 0 508.12 118.85 -1 116 0.5257151126861572 7
3 -1 1 508.12 118.85 -1 116 0.5611090660095215 7
3 -1 2 508.15 118.85 -1 116 0.7505278587341309 7
3 -1 3 508.15 118.85 -1 116 0.8131382465362549 7
3 -1 4 461.06 101.74000000000001 -1 116 0.012959003448486328 7
random:7T:1200
0 -1 0 653.93 86.88 -1 126 0.8029427528381348 7
0 -1 1 652.57 106.82000000000001 -1 126 0.8330798149108887 7
0 -1 2 663.58 132.7 -1 126 1.0181090831756592 7
0 -1 3 663.37 132.56000000000003 -1 126 1.1012792587280273 7
0 -1 4 611.43 158.98 -1 126 0.025683164596557617 7
1 -1 0 666.75 149.73 -1 104 0.5142230987548828 7
1 -1 1 671.89 146.76 -1 104 0.5449011325836182 7
1 -1 2 701.88 139.35000000000002 -1 104 0.8014988899230957 7
1 -1 3 703.78 141.32 -1 104 0.8954401016235352 7
1 -1 4 655.15 145.97 -1 104 0.018307924270629883 7
2 -1 0 651.64 111.58000000000001 -1 137 0.6944360733032227 7
2 -1 1 647.35 99.96 -1 137 0.8361899852752686 7
2 -1 2 662.41 65.89000000000001 -1 137 1.1588871479034424 7
2 -1 3 665.96 56.74 -1 137 1.2316291332244873 7
2 -1 4 593.53 101.78999999999999 -1 137 0.018149852752685547 7
3 -1 0 696.96 164.68 -1 116 0.7475247383117676 7
3 -1 1 696.96 164.68 -1 116 0.7526988983154297 7
3 -1 2 721.7 138.29 -1 116 1.0522541999816895 7
3 -1 3 721.7 138.29 -1 116 1.0985770225524902 7
3 -1 4 624.15 150.37 -1 116 0.03268575668334961 7
random:7T:1500
0 -1 0 828.39 114.85000000000001 -1 126 1.0305027961730957 7
0 -1 1 827.86 130.31 -1 126 1.0443480014801025 7
0 -1 2 839.12 155.57 -1 126 1.3140900135040283 7
0 -1 3 838.9 154.60000000000002 -1 126 1.4232571125030518 7
0 -1 4 770.77 206.32999999999998 -1 126 0.02383899688720703 7
1 -1 0 844.22 182.79999999999995 -1 104 0.6915459632873535 7
1 -1 1 849.25 179.09999999999997 -1 104 0.7286019325256348 7
1 -1 2 886.22 143.03 -1 104 0.973642110824585 7
1 -1 3 888.91 188.96 -1 104 1.101809024810791 7
1 -1 4 830.6 163.16 -1 104 0.02277088165283203 7
2 -1 0 824.18 137.22 -1 137 0.9399330615997314 7
2 -1 1 820.06 127.75999999999999 -1 137 1.071336030960083 7
2 -1 2 849.68 86.99 -1 137 1.423011064529419 7
2 -1 3 847.95 96.82000000000001 -1 137 1.572770118713379 7
2 -1 4 743.34 113.84 -1 137 0.021983861923217773 7
3 -1 0 885.63 209.39999999999998 -1 116 0.9322779178619385 7
3 -1 1 885.63 209.39999999999998 -1 116 0.9821560382843018 7
3 -1 2 927.06 173.75 -1 116 1.3347280025482178 7
3 -1 3 927.06 173.75 -1 116 1.3795559406280518 7
3 -1 4 792.55 187.39 -1 116 0.019057273864746094 7
random:8T:300
0 -1 0 177.29 110.52000000000001 -1 46 0.08228588104248047 8
0 -1 1 177.29 110.52000000000001 -1 46 0.0888986587524414 8
0 -1 2 181.58 62.550000000000004 -1 46 0.11769795417785645 8
0 -1 3 179.5 60.22 -1 46 0.1076498031616211 8
0 -1 4 172.02 55.190000000000005 -1 46 0.004762172698974609 8
1 -1 0 140.43 81.02999999999999 -1 56 0.05875205993652344 8
1 -1 1 138.7 76.43 -1 56 0.07332205772399902 8
1 -1 2 140.43 81.02999999999999 -1 56 0.082733154296875 8
1 -1 3 138.76 70.07 -1 56 0.11291122436523438 8
1 -1 4 134.03 80.19 -3 56 0.005619049072265625 8
2 -1 0 112.16 55.1 -2 84 0.059114933013916016 8
2 -1 1 113.41 12.32 -1 84 0.12055706977844238 8
2 -1 2 112.28 55.1 -2 84 0.07100582122802734 8
2 -1 3 113.36 33.75 -1 84 0.14363598823547363 8
2 -1 4 111.69 84.98 -3 84 0.006142854690551758 8
3 -1 0 147.07 14.66 -1 85 0.08220505714416504 8
3 -1 1 148.9 21.72 -1 85 0.11600899696350098 8
3 -1 2 148.19 14.66 -1 85 0.12114906311035156 8
3 -1 3 149.21 33.69 -1 85 0.19863414764404297 8
3 -1 4 144.28 51.98 -1 85 0.006384134292602539 8
random:8T:600
0 -1 0 380.72 254.73000000000002 -1 46 0.16101503372192383 8
0 -1 1 380.72 254.73000000000002 -1 46 0.1676628589630127 8
0 -1 2 393.53 109.9 -1 46 0.21358084678649902 8
0 -1 3 390.33 113.33999999999999 -1 46 0.2682938575744629 8
0 -1 4 376.49 136.5 -1 46 0.012781143188476562 8
1 -1 0 334.33 224.73 -1 56 0.21448874473571777 8
1 -1 1 334.89 211.34 -1 56 0.20275115966796875 8
1 -1 2 341.05 228.0 -1 56 0.2866189479827881 8
1 -1 3 340.63 221.7 -1 56 0.2964510917663574 8
1 -1 4 314.53 236.14999999999998 -1 56 0.006086111068725586 8
2 -1 0 279.67 123.42 -1 84 0.155656099319458 8
2 -1 1 285.24 157.89 -1 84 0.27350306510925293 8
2 -1 2 282.62 166.98 -1 84 0.3232088088989258 8
2 -1 3 285.52 152.85000000000002 -1 84 0.3314239978790283 8
2 -1 4 276.27 182.01000000000002 -1 84 0.012139081954956055 8
3 -1 0 322.32 71.18 -1 85 0.23581218719482422 8
3 -1 1 327.51 74.69 -1 85 0.2746140956878662 8
3 -1 2 323.96 42.08 -1 85 0.2857658863067627 8
3 -1 3 334.01 65.72000000000001 -1 85 0.3727869987487793 8
3 -1 4 292.16 63.45 -1 85 0.008589029312133789 8
random:8T:900
0 -1 0 585.45 375.71 -1 46 0.24361109733581543 8
0 -1 1 585.45 375.71 -1 46 0.2589898109436035 8
0 -1 2 603.79 148.55 -1 46 0.3296360969543457 8
0 -1 3 602.65 166.2 -1 46 0.34784388542175293 8
0 -1 4 584.91 200.49 -1 46 0.00890493392944336 8
1 -1 0 531.96 363.55 -1 56 0.21346521377563477 8
1 -1 1 530.34 341.06 -1 56 0.22091102600097656 8
1 -1 2 537.28 362.72999999999996 -1 56 0.2927408218383789 8
1 -1 3 537.92 331.43 -1 56 0.4171111583709717 8
1 -1 4 495.84 388.53999999999996 -1 56 0.020051002502441406 8
2 -1 0 449.17 218.02 -1 84 0.3226022720336914 8
2 -1 1 457.63 285.65 -2 84 0.29614806175231934 8
2 -1 2 460.78 284.18000000000006 -1 84 0.3567781448364258 8
2 -1 3 466.51 188.82 -1 84 0.4752531051635742 8
2 -1 4 430.05 299.03 -1 84 0.009081125259399414 8
3 -1 0 498.85 92.03999999999999 -1 85 0.3159608840942383 8
3 -1 1 502.46 124.86000000000001 -1 85 0.3791990280151367 8
3 -1 2 505.13 58.22 -1 85 0.47388386726379395 8
3 -1 3 511.09 57.62 -1 85 0.5002632141113281 8
3 -1 4 453.99 112.21000000000001 -1 85 0.010410070419311523 8
random:8T:1200
0 -1 0 794.52 529.4 -1 46 0.31555891036987305 8
0 -1 1 794.52 529.4 -1 46 0.3835911750793457 8
0 -1 2 807.77 184.42999999999998 -1 46 0.42659616470336914 8
0 -1 3 803.88 191.10999999999999 -1 46 0.44358205795288086 8
0 -1 4 787.68 253.55 -1 46 0.011417150497436523 8
1 -1 0 727.06 492.03 -1 56 0.27263617515563965 8
1 -1 1 724.06 476.5199999999999 -1 56 0.27883195877075195 8
1 -1 2 733.32 470.32 -1 56 0.4077308177947998 8
1 -1 3 731.96 486.2199999999999 -1 56 0.4038231372833252 8
1 -1 4 677.94 539.51 -1 56 0.009491920471191406 8
2 -1 0 614.28 292.76 -1 84 0.340134859085083 8
2 -1 1 624.32 357.87 -1 84 0.4189121723175049 8
2 -1 2 629.17 326.20000000000005 -1 84 0.5607209205627441 8
2 -1 3 640.6 288.79999999999995 -1 84 0.6145262718200684 8
2 -1 4 582.13 431.20000000000005 -1 84 0.011408805847167969 8
3 -1 0 673.47 173.64 -1 85 0.4698801040649414 8
3 -1 1 681.22 211.69 -1 85 0.4903440475463867 8
3 -1 2 690.73 107.4 -1 85 0.6088089942932129 8
3 -1 3 690.89 85.6 -1 85 0.6399531364440918 8
3 -1 4 614.08 161.24 -1 85 0.012340068817138672 8
random:8T:1500
0 -1 0 1000.86 664.52 -1 46 0.3965446949005127 8
0 -1 1 1000.86 664.52 -1 46 0.4165511131286621 8
0 -1 2 1021.78 238.28999999999996 -1 46 0.5815610885620117 8
0 -1 3 1021.21 256.02 -1 46 0.62693190574646 8
0 -1 4 994.14 341.02000000000004 -1 46 0.0178830623626709 8
1 -1 0 921.95 626.37 -1 56 0.42977190017700195 8
1 -1 1 915.1 606.85 -1 56 0.4274260997772217 8
1 -1 2 929.32 594.2600000000002 -1 56 0.6184687614440918 8
1 -1 3 934.68 552.1199999999999 -1 56 0.524226188659668 8
1 -1 4 861.1 686.36 -1 56 0.011583089828491211 8
2 -1 0 783.95 370.91 -1 84 0.5549521446228027 8
2 -1 1 789.23 371.09000000000003 -1 84 0.6237339973449707 8
2 -1 2 802.58 389.78999999999996 -1 84 0.6755509376525879 8
2 -1 3 818.56 398.64 -1 84 0.8975989818572998 8
2 -1 4 749.23 538.86 -1 84 0.014729976654052734 8
3 -1 0 849.86 224.37999999999997 -1 85 0.6192920207977295 8
3 -1 1 855.04 271.51 -1 85 0.6325209140777588 8
3 -1 2 869.11 122.29 -1 85 0.9611022472381592 8
3 -1 3 865.44 101.54 -1 85 0.8652400970458984 8
3 -1 4 762.3 200.57 -1 85 0.014381170272827148 8
random:9T:300
0 -1 0 127.89 22.98 -1 97 0.0728611946105957 9
0 -1 1 136.41 0 -8 97 0.11558175086975098 9
0 -1 2 127.93 22.98 -1 97 0.08106017112731934 9
0 -1 3 137.89 0 -8 97 0.17905092239379883 9
0 -1 4 116.78 14.63 -1 97 0.006012916564941406 9
1 -1 0 142.98 60.809999999999995 -1 57 0.049981117248535156 9
1 -1 1 140.55 0 -1 57 0.0609288215637207 9
1 -1 2 143.34 60.73 -1 57 0.07103490829467773 9
1 -1 3 144.34 0 -1 57 0.09832406044006348 9
1 -1 4 133.79 56.41 -1 57 0.0039310455322265625 9
2 -1 0 157.51 60.0 -1 73 0.06665897369384766 9
2 -1 1 155.82 0 -5 73 0.08651304244995117 9
2 -1 2 157.64 55.980000000000004 -1 73 0.08869504928588867 9
2 -1 3 161.98 0 -2 73 0.14657115936279297 9
2 -1 4 141.31 34.25 -1 73 0.005037784576416016 9
3 -1 0 139.58 59.72 -1 50 0.0370481014251709 9
3 -1 1 139.74 0 -2 50 0.05246591567993164 9
3 -1 2 141.88 59.82000000000001 -1 50 0.056333065032958984 9
3 -1 3 141.17 58.019999999999996 -1 50 0.07503104209899902 9
3 -1 4 137.25 52.65 -1 50 0.003690958023071289 9
random:9T:600
0 -1 0 299.98 49.49 -1 97 0.20457077026367188 9
0 -1 1 303.77 0 -7 97 0.2460479736328125 9
0 -1 2 298.66 59.290000000000006 -1 97 0.24988412857055664 9
0 -1 3 307.0 0 -6 97 0.3541748523712158 9
0 -1 4 270.91 63.12 -1 97 0.009067058563232422 9
1 -1 0 338.37 126.08 -1 57 0.11315798759460449 9
1 -1 1 333.49 108.38000000000001 -1 57 0.1277163028717041 9
1 -1 2 340.41 103.73 -1 57 0.15605401992797852 9
1 -1 3 341.24 99.22 -2 57 0.1804490089416504 9
1 -1 4 312.0 102.69999999999999 -1 57 0.005643129348754883 9
2 -1 0 343.98 108.71000000000001 -1 73 0.16151189804077148 9
2 -1 1 333.49 0 -5 73 0.16919827461242676 9
2 -1 2 345.51 80.82000000000001 -1 73 0.2125990390777588 9
2 -1 3 350.4 0 -5 73 0.26003408432006836 9
2 -1 4 310.09 64.13 -1 73 0.0072247982025146484 9
3 -1 0 335.04 127.38 -2 50 0.09165120124816895 9
3 -1 1 336.08 37.22 -1 50 0.11228585243225098 9
3 -1 2 340.24 71.71 -1 50 0.13579392433166504 9
3 -1 3 337.53 76.14999999999999 -1 50 0.20880579948425293 9
3 -1 4 331.62 107.72 -1 50 0.008547782897949219 9
random:9T:900
0 -1 0 464.43 49.5 -1 97 0.35701584815979004 9
0 -1 1 468.45 0 -7 97 0.39145898818969727 9
0 -1 2 466.91 49.5 -1 97 0.4285149574279785 9
0 -1 3 471.01 0 -4 97 0.5388967990875244 9
0 -1 4 427.48 107.35 -1 97 0.011327028274536133 9
1 -1 0 534.85 136.94 -1 57 0.18140006065368652 9
1 -1 1 530.33 202.06 -2 57 0.1970210075378418 9
1 -1 2 538.52 206.83000000000004 -1 57 0.25197410583496094 9
1 -1 3 536.94 181.24 -1 57 0.26631999015808105 9
1 -1 4 490.98 146.57000000000002 -1 57 0.007459878921508789 9
2 -1 0 527.87 137.14 -2 73 0.24367284774780273 9
2 -1 1 511.14 0 -5 73 0.2511777877807617 9
2 -1 2 538.41 126.81000000000003 -1 73 0.3301868438720703 9
2 -1 3 540.65 18.48 -2 73 0.38310813903808594 9
2 -1 4 482.7 113.41 -1 73 0.009165048599243164 9
3 -1 0 529.66 208.35000000000002 -2 50 0.1427781581878662 9
3 -1 1 532.9 116.88 -1 50 0.1633739471435547 9
3 -1 2 534.17 116.78999999999999 -1 50 0.18017792701721191 9
3 -1 3 531.5 150.26 -1 50 0.21078205108642578 9
3 -1 4 521.51 157.84 -1 50 0.008028984069824219 9
random:9T:1200
0 -1 0 632.51 49.5 -1 97 0.46707701683044434 9
0 -1 1 638.2 0 -4 97 0.5107157230377197 9
0 -1 2 639.47 49.5 -1 97 0.6155776977539062 9
0 -1 3 646.01 0 -5 97 0.6971509456634521 9
0 -1 4 568.58 115.99 -1 97 0.014154911041259766 9
1 -1 0 729.33 161.41 -1 57 0.24870896339416504 9
1 -1 1 727.38 255.64000000000001 -2 57 0.26023221015930176 9
1 -1 2 731.38 251.42 -1 57 0.3277008533477783 9
1 -1 3 731.38 240.51999999999998 -1 57 0.3543388843536377 9
1 -1 4 670.57 186.11 -1 57 0.009168148040771484 9
2 -1 0 709.82 139.09 -2 73 0.3245542049407959 9
2 -1 1 688.78 0 -5 73 0.3546569347381592 9
2 -1 2 721.35 139.09 -2 73 0.46502017974853516 9
2 -1 3 724.44 0 -3 73 0.5175960063934326 9
2 -1 4 657.32 162.17999999999998 -1 73 0.012389183044433594 9
3 -1 0 721.97 260.53 -1 50 0.20406174659729004 9
3 -1 1 726.0 224.05 -1 50 0.20682787895202637 9
3 -1 2 728.54 186.05999999999995 -1 50 0.2586538791656494 9
3 -1 3 732.94 218.8 -1 50 0.26906585693359375 9
3 -1 4 712.71 210.08 -1 50 0.009093761444091797 9
random:9T:1500
0 -1 0 799.0 49.5 -1 97 0.5704898834228516 9
0 -1 1 804.24 0 -5 97 0.6406071186065674 9
0 -1 2 807.39 49.5 -1 97 0.7684450149536133 9
0 -1 3 814.48 0 -7 97 0.8422589302062988 9
0 -1 4 718.41 163.10000000000002 -1 97 0.015698909759521484 9
1 -1 0 920.53 252.53 -1 57 0.31520819664001465 9
1 -1 1 920.13 306.93 -2 57 0.3202807903289795 9
1 -1 2 932.33 322.30999999999995 -1 57 0.4185049533843994 9
1 -1 3 929.73 307.21999999999997 -1 57 0.44232797622680664 9
1 -1 4 850.98 217.97000000000003 -1 57 0.010987043380737305 9
2 -1 0 889.25 139.53 -4 73 0.4041919708251953 9
2 -1 1 866.86 0 -5 73 0.4145689010620117 9
2 -1 2 906.62 139.53 -2 73 0.5542149543762207 9
2 -1 3 908.36 0 -2 73 0.6231768131256104 9
2 -1 4 830.46 209.06 -1 73 0.012663125991821289 9
3 -1 0 911.35 270.07 -1 50 0.23931002616882324 9
3 -1 1 917.05 252.04999999999998 -1 50 0.2508969306945801 9
3 -1 2 925.32 241.26000000000002 -1 50 0.32744598388671875 9
3 -1 3 925.86 213.43999999999997 -1 50 0.3392319679260254 9
3 -1 4 906.69 267.87 -1 50 0.010886907577514648 9
