random:0T:300
0 -1 0 85.39 0 -5 163 0.07448220252990723 0
0 -1 1 88.87 0 -12 163 0.25638818740844727 0
0 -1 2 85.41 0 -5 163 0.06802988052368164 0
0 -1 3 86.1 0 -33 163 0.3730802536010742 0
0 -1 4 86.08 12.89 -1 163 0.010996103286743164 0
1 -1 0 97.84 12.78 -1 121 0.051245927810668945 0
1 -1 1 103.08 0 -10 121 0.15207314491271973 0
1 -1 2 97.83 12.78 -1 121 0.05776214599609375 0
1 -1 3 102.63 0 -16 121 0.24074292182922363 0
1 -1 4 99.4 14.37 -1 121 0.007091999053955078 0
random:0T:600
0 -1 0 218.1 14.81 -1 163 0.2507181167602539 0
0 -1 1 225.02 0 -2 163 0.42090415954589844 0
0 -1 2 218.84 14.84 -2 163 0.38680076599121094 0
0 -1 3 221.9 0 -2 163 0.7026920318603516 0
0 -1 4 208.18 26.27 -1 163 0.013755083084106445 0
1 -1 0 245.59 29.41 -1 121 0.18962383270263672 0
1 -1 1 248.4 54.56 -1 121 0.33789515495300293 0
1 -1 2 243.85 25.64 -1 121 0.29094886779785156 0
1 -1 3 246.73 0 -2 121 0.49996495246887207 0
1 -1 4 232.92 14.85 -1 121 0.01536107063293457 0
random:0T:900
0 -1 0 352.56 26.549999999999997 -1 163 0.5145249366760254 0
0 -1 1 361.0 17.26 -1 163 0.6187551021575928 0
0 -1 2 355.8 29.61 -2 163 0.792335033416748 0
0 -1 3 358.51 29.41 -1 163 1.0517501831054688 0
0 -1 4 325.58 63.45 -1 163 0.01804375648498535 0
1 -1 0 392.5 78.47 -1 121 0.37319207191467285 0
1 -1 1 391.9 93.4 -1 121 0.5396120548248291 0
1 -1 2 394.87 77.02 -1 121 0.5751528739929199 0
1 -1 3 400.03 49.5 -1 121 0.682300329208374 0
1 -1 4 363.65 64.21000000000001 -1 121 0.015337944030761719 0
random:0T:1200
0 -1 0 490.13 29.689999999999998 -1 163 0.5616738796234131 0
0 -1 1 498.82 29.67 -1 163 0.7482497692108154 0
0 -1 2 488.4 29.7 -1 163 1.0671801567077637 0
0 -1 3 495.92 29.310000000000002 -1 163 1.320518970489502 0
0 -1 4 422.66 64.34 -4 163 0.023448705673217773 0
1 -1 0 540.46 127.25999999999999 -1 121 0.5638699531555176 0
1 -1 1 543.67 127.28999999999999 -1 121 0.6865739822387695 0
1 -1 2 551.27 88.89 -1 121 0.7888221740722656 0
1 -1 3 550.85 94.19999999999999 -1 121 1.0039398670196533 0
1 -1 4 460.41 64.34 -1 121 0.016346216201782227 0
random:0T:1500
0 -1 0 627.6 43.66 -1 163 0.866386890411377 0
0 -1 1 636.0 34.21 -1 163 1.1938278675079346 0
0 -1 2 630.8 44.5 -1 163 1.305095911026001 0
0 -1 3 642.31 30.349999999999998 -1 163 1.4749457836151123 0
0 -1 4 552.55 112.94 -1 163 0.01684403419494629 0
1 -1 0 689.01 167.2 -1 121 0.6605849266052246 0
1 -1 1 686.66 162.39 -1 121 0.8496723175048828 0
1 -1 2 704.8 120.18 -1 121 1.0635550022125244 0
1 -1 3 705.24 79.18 -1 121 1.2004249095916748 0
1 -1 4 605.0 111.52000000000001 -1 121 0.023651123046875 0
random:1T:300
0 -1 0 88.44 13.9 -2 133 0.061055898666381836 1
0 -1 1 89.78 0 -3 133 0.22897791862487793 1
0 -1 2 88.44 13.9 -2 133 0.06952595710754395 1
0 -1 3 89.92 0 -3 133 0.3321878910064697 1
0 -1 4 88.58 14.41 -1 133 0.009769201278686523 1
1 -1 0 100.85 6.83 -1 138 0.0699319839477539 1
1 -1 1 103.56 0 -11 138 0.2411646842956543 1
1 -1 2 100.85 6.91 -1 138 0.07639098167419434 1
1 -1 3 99.8 0 -11 138 0.30804014205932617 1
1 -1 4 90.61 8.25 -1 138 0.011188030242919922 1
random:1T:600
0 -1 0 233.2 64.12 -1 133 0.28951501846313477 1
0 -1 1 237.55 74.21 -1 133 0.4100961685180664 1
0 -1 2 232.35 73.4 -1 133 0.40973401069641113 1
0 -1 3 241.46 74.33 -1 133 0.6203789710998535 1
0 -1 4 224.02 42.75 -1 133 0.012607097625732422 1
1 -1 0 245.46 29.35 -1 138 0.26709413528442383 1
1 -1 1 248.19 0 -8 138 0.45348119735717773 1
1 -1 2 243.5 29.35 -1 138 0.38259005546569824 1
1 -1 3 243.58 0 -1 138 0.691875696182251 1
1 -1 4 220.26 58.910000000000004 -1 138 0.01653885841369629 1
random:1T:900
0 -1 0 378.55 89.45000000000002 -1 133 0.48988914489746094 1
0 -1 1 383.75 125.39000000000001 -1 133 0.6481809616088867 1
0 -1 2 381.18 84.22 -1 133 0.7237918376922607 1
0 -1 3 386.15 72.72 -1 133 0.9333407878875732 1
0 -1 4 343.76 64.31 -1 133 0.019357919692993164 1
1 -1 0 394.44 51.97 -1 138 0.5412328243255615 1
1 -1 1 392.57 0 -8 138 0.6935780048370361 1
1 -1 2 393.46 43.68 -1 138 0.8784341812133789 1
1 -1 3 392.05 0 -1 138 1.0188112258911133 1
1 -1 4 348.12 59.06 -1 138 0.012610912322998047 1
random:1T:1200
0 -1 0 526.05 110.08000000000001 -1 133 0.7250230312347412 1
0 -1 1 529.67 140.83 -1 133 0.8362729549407959 1
0 -1 2 526.64 62.82 -1 133 1.067270040512085 1
0 -1 3 535.31 76.65 -1 133 1.224625825881958 1
0 -1 4 468.89 87.81 -1 133 0.018024921417236328 1
1 -1 0 542.21 72.37 -1 138 0.725999116897583 1
1 -1 1 537.63 0 -8 138 0.9229450225830078 1
1 -1 2 544.05 59.09 -1 138 1.0606050491333008 1
1 -1 3 545.35 0 -1 138 1.4040987491607666 1
1 -1 4 438.5 64.06 -1 138 0.021589994430541992 1
random:1T:1500
0 -1 0 671.82 165.82000000000002 -1 133 0.9197771549224854 1
0 -1 1 673.82 166.0 -1 133 1.0862839221954346 1
0 -1 2 676.15 93.99 -1 133 1.258587121963501 1
0 -1 3 676.93 79.41 -1 133 1.5332777500152588 1
0 -1 4 594.22 113.78999999999999 -1 133 0.026381969451904297 1
1 -1 0 689.57 88.06 -1 138 0.99515700340271 1
1 -1 1 685.64 0 -8 138 1.1780481338500977 1
1 -1 2 688.16 73.88 -1 138 1.361825942993164 1
1 -1 3 693.51 0 -1 138 1.774092197418213 1
1 -1 4 564.75 108.53 -1 138 0.01701807975769043 1
random:2T:300
0 -1 0 114.08 24.95 -2 112 0.08551883697509766 2
0 -1 1 114.08 24.95 -2 112 0.11419486999511719 2
0 -1 2 114.17 25.47 -3 112 0.11129879951477051 2
0 -1 3 114.17 25.47 -3 112 0.17824506759643555 2
0 -1 4 106.49 14.6 -1 112 0.006403684616088867 2
1 -1 0 124.44 25.53 -1 109 0.0725240707397461 2
1 -1 1 125.38 27.270000000000003 -1 109 0.11282086372375488 2
1 -1 2 124.62 25.53 -1 109 0.09066081047058105 2
1 -1 3 126.26 26.65 -1 109 0.18754816055297852 2
1 -1 4 121.25 14.81 -1 109 0.006798744201660156 2
random:2T:600
0 -1 0 276.04 87.11 -1 112 0.24686074256896973 2
0 -1 1 276.04 87.11 -1 112 0.26487231254577637 2
0 -1 2 275.72 59.61 -1 112 0.3761308193206787 2
0 -1 3 275.72 59.61 -1 112 0.3978590965270996 2
0 -1 4 256.33 63.459999999999994 -1 112 0.011329174041748047 2
1 -1 0 286.2 43.64 -1 109 0.18800115585327148 2
1 -1 1 285.62 45.629999999999995 -1 109 0.22168970108032227 2
1 -1 2 289.19 54.21 -1 109 0.28685903549194336 2
1 -1 3 291.23 55.29 -1 109 0.3713979721069336 2
1 -1 4 277.33 63.080000000000005 -1 109 0.01086878776550293 2
random:2T:900
0 -1 0 437.17 136.54 -3 112 0.44329404830932617 2
0 -1 1 437.17 136.54 -3 112 0.461198091506958 2
0 -1 2 440.65 88.75999999999999 -1 112 0.5341928005218506 2
0 -1 3 441.97 88.82 -1 112 0.5912628173828125 2
0 -1 4 402.22 99.33000000000001 -1 112 0.014626026153564453 2
1 -1 0 449.29 71.18 -1 109 0.28307199478149414 2
1 -1 1 448.4 71.46000000000001 -1 109 0.3334639072418213 2
1 -1 2 456.45 68.11 -1 109 0.49248790740966797 2
1 -1 3 459.16 66.6 -1 109 0.5917739868164062 2
1 -1 4 415.09 64.34 -1 109 0.015885114669799805 2
random:2T:1200
0 -1 0 597.36 138.96 -3 112 0.6295602321624756 2
0 -1 1 597.36 138.96 -3 112 0.6657099723815918 2
0 -1 2 599.42 109.96999999999998 -1 112 0.7378208637237549 2
0 -1 3 596.45 111.83999999999999 -1 112 0.7829611301422119 2
0 -1 4 534.0 113.74999999999999 -2 112 0.015047073364257812 2
1 -1 0 611.85 92.4 -1 109 0.3954949378967285 2
1 -1 1 611.26 94.68 -1 109 0.47418212890625 2
1 -1 2 628.21 84.38 -1 109 0.6461501121520996 2
1 -1 3 629.74 73.55 -1 109 0.7263839244842529 2
1 -1 4 570.66 113.36 -1 109 0.01450800895690918 2
random:2T:1500
0 -1 0 755.59 139.5 -3 112 0.7831640243530273 2
0 -1 1 755.59 139.5 -3 112 0.8116109371185303 2
0 -1 2 756.89 143.42 -1 112 0.9684770107269287 2
0 -1 3 755.11 137.39 -1 112 0.979151725769043 2
0 -1 4 682.78 162.78 -1 112 0.020149946212768555 2
1 -1 0 775.15 115.59 -1 109 0.5525410175323486 2
1 -1 1 774.23 115.65 -1 109 0.6107900142669678 2
1 -1 2 792.71 102.0 -1 109 0.7720370292663574 2
1 -1 3 796.04 97.85 -1 109 1.018768072128296 2
1 -1 4 711.67 113.83 -1 109 0.02650904655456543 2
random:3T:300
0 -1 0 99.83 7.16 -1 130 0.04893898963928223 3
0 -1 1 100.67 0 -11 130 0.15525007247924805 3
0 -1 2 99.83 7.16 -1 130 0.054628849029541016 3
0 -1 3 101.07 0 -8 130 0.2605459690093994 3
0 -1 4 100.69 14.57 -1 130 0.008266925811767578 3
1 -1 0 102.98 12.44 -1 142 0.05737709999084473 3
1 -1 1 106.36 0 -9 142 0.18212890625 3
1 -1 2 103.04 12.44 -1 142 0.0759420394897461 3
1 -1 3 106.43 0 -11 142 0.27707505226135254 3
1 -1 4 99.83 14.09 -2 142 0.01493382453918457 3
random:3T:600
0 -1 0 245.87 29.39 -1 130 0.20293617248535156 3
0 -1 1 248.73 15.530000000000001 -1 130 0.3358898162841797 3
0 -1 2 247.0 37.650000000000006 -1 130 0.3013477325439453 3
0 -1 3 246.23 14.84 -1 130 0.5109939575195312 3
0 -1 4 234.15 56.69 -1 130 0.009895801544189453 3
1 -1 0 244.94 25.34 -1 142 0.2140820026397705 3
1 -1 1 251.08 14.81 -1 142 0.36925411224365234 3
1 -1 2 246.57 21.35 -1 142 0.32137179374694824 3
1 -1 3 251.86 4.4 -1 142 0.5479443073272705 3
1 -1 4 233.95 53.07 -1 142 0.011484861373901367 3
random:3T:900
0 -1 0 390.26 54.1 -1 130 0.3975250720977783 3
0 -1 1 391.65 29.630000000000003 -1 130 0.4676690101623535 3
0 -1 2 386.14 62.35 -1 130 0.5168440341949463 3
0 -1 3 394.78 42.25 -1 130 0.7596280574798584 3
0 -1 4 361.58 56.730000000000004 -1 130 0.014920234680175781 3
1 -1 0 391.23 41.0 -1 142 0.42858195304870605 3
1 -1 1 396.47 27.59 -1 142 0.5443458557128906 3
1 -1 2 393.13 41.059999999999995 -1 142 0.6432960033416748 3
1 -1 3 400.54 26.119999999999997 -1 142 0.8506138324737549 3
1 -1 4 346.44 64.16 -1 142 0.014821052551269531 3
random:3T:1200
0 -1 0 535.33 69.2 -1 130 0.5394020080566406 3
0 -1 1 537.85 41.15 -1 130 0.6478338241577148 3
0 -1 2 539.5 62.04 -1 130 0.7869009971618652 3
0 -1 3 543.63 57.63 -1 130 0.9168448448181152 3
0 -1 4 485.21 104.18 -1 130 0.02085709571838379 3
1 -1 0 535.12 44.480000000000004 -1 142 0.5656371116638184 3
1 -1 1 542.87 29.689999999999998 -1 142 0.7170498371124268 3
1 -1 2 542.43 41.9 -1 142 0.8633439540863037 3
1 -1 3 543.5 29.7 -1 142 1.027174949645996 3
1 -1 4 444.11 64.35000000000001 -1 142 0.013586997985839844 3
random:3T:1500
0 -1 0 678.41 79.14 -1 130 0.6945300102233887 3
0 -1 1 681.84 58.49 -1 130 0.8308820724487305 3
0 -1 2 684.52 93.67 -1 130 1.0957529544830322 3
0 -1 3 697.19 59.019999999999996 -1 130 1.166808843612671 3
0 -1 4 622.16 106.23 -1 130 0.016457319259643555 3
1 -1 0 680.07 59.11 -1 142 0.7700579166412354 3
1 -1 1 686.37 44.1 -1 142 0.9314289093017578 3
1 -1 2 673.9 64.11 -1 142 1.092857837677002 3
1 -1 3 697.06 43.15 -1 142 1.4292941093444824 3
1 -1 4 577.24 113.02000000000001 -1 142 0.024241924285888672 3
random:4T:300
0 -1 0 98.77 0 -13 128 0.04734206199645996 4
0 -1 1 99.08 0 -15 128 0.14834094047546387 4
0 -1 2 98.73 0 -13 128 0.05823993682861328 4
0 -1 3 104.75 0 -10 128 0.23026466369628906 4
0 -1 4 98.45 14.4 -1 128 0.008292198181152344 4
1 -1 0 97.02 0 -2 142 0.05630993843078613 4
1 -1 1 98.54 0 -8 142 0.16597986221313477 4
1 -1 2 97.03 0 -2 142 0.0727992057800293 4
1 -1 3 94.92 0 -20 142 0.2886018753051758 4
1 -1 4 92.41 14.52 -1 142 0.01040196418762207 4
random:4T:600
0 -1 0 229.91 27.1 -1 128 0.1714317798614502 4
0 -1 1 245.02 24.85 -1 128 0.3293952941894531 4
0 -1 2 231.0 14.85 -1 128 0.22905421257019043 4
0 -1 3 245.64 50.51 -1 128 0.4687690734863281 4
0 -1 4 230.63 61.85 -1 128 0.01001286506652832 4
1 -1 0 230.14 72.01 -1 142 0.23850584030151367 4
1 -1 1 241.39 9.01 -1 142 0.36359620094299316 4
1 -1 2 229.71 39.69 -1 142 0.3033730983734131 4
1 -1 3 238.97 0 -2 142 0.578467845916748 4
1 -1 4 221.34 44.230000000000004 -1 142 0.010067939758300781 4
random:4T:900
0 -1 0 374.32 68.73 -1 128 0.30879878997802734 4
0 -1 1 391.14 64.26 -1 128 0.44686198234558105 4
0 -1 2 377.9 55.05 -1 128 0.5045251846313477 4
0 -1 3 396.37 0 -1 128 0.7351150512695312 4
0 -1 4 364.21 64.32 -1 128 0.012993097305297852 4
1 -1 0 374.72 83.22 -1 142 0.42674708366394043 4
1 -1 1 387.17 91.60999999999999 -1 142 0.6134481430053711 4
1 -1 2 372.71 57.67999999999999 -1 142 0.5872728824615479 4
1 -1 3 381.49 49.5 -1 142 0.9147999286651611 4
1 -1 4 345.53 64.31 -2 142 0.01875019073486328 4
random:4T:1200
0 -1 0 515.43 79.13000000000001 -1 128 0.4844992160797119 4
0 -1 1 535.81 88.99 -1 128 0.6807880401611328 4
0 -1 2 524.3 44.41 -1 128 0.7731931209564209 4
0 -1 3 535.94 29.689999999999998 -1 128 0.9811580181121826 4
0 -1 4 479.77 95.14 -1 128 0.021220684051513672 4
1 -1 0 518.08 98.78999999999999 -1 142 0.6186909675598145 4
1 -1 1 531.07 138.54 -1 142 0.783947229385376 4
1 -1 2 524.02 80.47999999999999 -1 142 0.9091718196868896 4
1 -1 3 529.34 63.5 -1 142 1.17073392868042 4
1 -1 4 453.71 64.34 -2 142 0.02154374122619629 4
random:4T:1500
0 -1 0 661.91 90.05 -1 128 0.6417617797851562 4
0 -1 1 679.82 114.82000000000001 -1 128 0.8035342693328857 4
0 -1 2 679.38 44.5 -1 128 1.0392210483551025 4
0 -1 3 686.82 59.269999999999996 -1 128 1.2091078758239746 4
0 -1 4 622.55 113.78 -1 128 0.023584842681884766 4
1 -1 0 662.73 146.79 -1 142 0.8054852485656738 4
1 -1 1 675.53 181.82999999999998 -1 142 0.9732747077941895 4
1 -1 2 666.86 94.39 -1 142 1.1796021461486816 4
1 -1 3 682.52 99.0 -1 142 1.4183449745178223 4
1 -1 4 590.26 113.61 -1 142 0.01748180389404297 4
random:5T:300
0 -1 0 92.28 0 -2 123 0.035143136978149414 5
0 -1 1 91.83 0 -7 123 0.13698315620422363 5
0 -1 2 92.28 0 -2 123 0.038887739181518555 5
0 -1 3 92.74 0 -21 123 0.22301697731018066 5
0 -1 4 94.1 13.15 -1 123 0.009579896926879883 5
1 -1 0 94.87 14.04 -1 119 0.0414881706237793 5
1 -1 1 99.03 0 -4 119 0.16579079627990723 5
1 -1 2 94.87 14.04 -1 119 0.06300806999206543 5
1 -1 3 98.87 0 -9 119 0.2346949577331543 5
1 -1 4 90.0 12.69 -2 119 0.00847315788269043 5
random:5T:600
0 -1 0 236.04 41.99 -1 123 0.18637585639953613 5
0 -1 1 241.98 54.790000000000006 -1 123 0.3066432476043701 5
0 -1 2 238.49 29.490000000000002 -1 123 0.27132534980773926 5
0 -1 3 245.12 24.08 -1 123 0.4984588623046875 5
0 -1 4 243.15 62.61 -1 123 0.015583038330078125 5
1 -1 0 250.7 63.57 -1 119 0.24475979804992676 5
1 -1 1 250.79 39.75 -2 119 0.31894373893737793 5
1 -1 2 250.9 59.21000000000001 -1 119 0.35051870346069336 5
1 -1 3 252.7 28.23 -1 119 0.5364608764648438 5
1 -1 4 247.5 19.84 -1 119 0.010113000869750977 5
random:5T:900
0 -1 0 379.14 70.33 -1 123 0.3633291721343994 5
0 -1 1 388.94 64.02 -1 123 0.492581844329834 5
0 -1 2 389.16 43.81 -1 123 0.5450761318206787 5
0 -1 3 386.06 0 -2 123 0.7709271907806396 5
0 -1 4 373.36 63.77 -1 123 0.01364898681640625 5
1 -1 0 398.52 78.32000000000001 -1 119 0.4199411869049072 5
1 -1 1 396.95 56.06 -2 119 0.49269890785217285 5
1 -1 2 406.75 44.2 -1 119 0.6004378795623779 5
1 -1 3 405.11 37.85 -1 119 0.7652671337127686 5
1 -1 4 355.73 62.480000000000004 -1 119 0.010550975799560547 5
random:5T:1200
0 -1 0 521.58 106.26 -1 123 0.4864320755004883 5
0 -1 1 536.59 78.0 -1 123 0.5980789661407471 5
0 -1 2 543.54 70.14 -1 123 0.8139791488647461 5
0 -1 3 539.91 80.83 -1 123 0.9653530120849609 5
0 -1 4 519.04 112.83 -1 123 0.015472888946533203 5
1 -1 0 549.96 92.80000000000001 -1 119 0.5790190696716309 5
1 -1 1 547.62 71.02000000000001 -2 119 0.6333889961242676 5
1 -1 2 562.72 69.72999999999999 -1 119 0.8127350807189941 5
1 -1 3 554.9 58.77 -1 119 1.0374088287353516 5
1 -1 4 504.78 64.34 -2 119 0.014322996139526367 5
random:5T:1500
0 -1 0 668.03 128.02 -1 123 0.6523089408874512 5
0 -1 1 683.92 78.88999999999999 -1 123 0.7789037227630615 5
0 -1 2 694.76 71.03 -1 123 1.0827829837799072 5
0 -1 3 689.42 68.50999999999999 -1 123 1.2818689346313477 5
0 -1 4 651.48 113.27000000000001 -1 123 0.019613027572631836 5
1 -1 0 698.61 107.77000000000001 -1 119 0.7465240955352783 5
1 -1 1 696.99 97.71000000000001 -2 119 0.7881159782409668 5
1 -1 2 720.98 73.72 -1 119 1.0797340869903564 5
1 -1 3 718.25 72.16000000000001 -1 119 1.1723401546478271 5
1 -1 4 617.26 111.98 -1 119 0.014209985733032227 5
random:6T:300
0 -1 0 93.99 0 -2 127 0.04152512550354004 6
0 -1 1 97.02 0 -10 127 0.16567683219909668 6
0 -1 2 93.99 0 -2 127 0.050013065338134766 6
0 -1 3 97.22 0 -10 127 0.24445009231567383 6
0 -1 4 95.92 14.19 -1 127 0.010360002517700195 6
1 -1 0 104.29 16.82 -1 113 0.04437685012817383 6
1 -1 1 105.3 0 -6 113 0.14541912078857422 6
1 -1 2 104.27 16.82 -1 113 0.0652012825012207 6
1 -1 3 106.07 1.8 -2 113 0.22339773178100586 6
1 -1 4 104.97 16.19 -1 113 0.007325172424316406 6
random:6T:600
0 -1 0 237.63 35.47 -1 127 0.22672700881958008 6
0 -1 1 239.91 54.68 -1 127 0.3748359680175781 6
0 -1 2 234.28 29.59 -1 127 0.31069326400756836 6
0 -1 3 240.65 28.55 -1 127 0.4862236976623535 6
0 -1 4 247.88 49.57 -1 127 0.012973785400390625 6
1 -1 0 255.23 40.24999999999999 -1 113 0.17291975021362305 6
1 -1 1 257.49 58.290000000000006 -1 113 0.2953052520751953 6
1 -1 2 258.7 46.010000000000005 -1 113 0.2554471492767334 6
1 -1 3 260.79 49.41 -1 113 0.44248509407043457 6
1 -1 4 263.4 65.75 -1 113 0.008899688720703125 6
random:6T:900
0 -1 0 383.05 55.63 -1 127 0.34600305557250977 6
0 -1 1 390.46 90.48 -1 127 0.488631010055542 6
0 -1 2 381.34 43.33 -1 127 0.5171859264373779 6
0 -1 3 392.43 58.589999999999996 -1 127 0.7235689163208008 6
0 -1 4 370.67 64.22 -1 127 0.012610912322998047 6
1 -1 0 411.36 66.39999999999999 -1 113 0.3158731460571289 6
1 -1 1 412.3 95.31 -1 113 0.4352850914001465 6
1 -1 2 414.93 67.94 -1 113 0.49120402336120605 6
1 -1 3 418.73 76.67999999999999 -1 113 0.6593642234802246 6
1 -1 4 381.21 77.52000000000001 -1 113 0.010936737060546875 6
random:6T:1200
0 -1 0 527.75 71.04 -1 127 0.5274767875671387 6
0 -1 1 539.21 148.38 -1 127 0.7351558208465576 6
0 -1 2 533.15 71.88 -1 127 0.8233957290649414 6
0 -1 3 534.43 77.76 -1 127 1.0454857349395752 6
0 -1 4 525.76 108.44999999999999 -1 127 0.01596999168395996 6
1 -1 0 562.85 99.83999999999999 -1 113 0.5094308853149414 6
1 -1 1 567.97 128.91 -1 113 0.6586248874664307 6
1 -1 2 571.55 116.95999999999998 -1 113 0.7689452171325684 6
1 -1 3 571.55 82.67 -1 113 0.9841728210449219 6
1 -1 4 521.57 129.02 -1 113 0.014202117919921875 6
random:6T:1500
0 -1 0 670.82 87.08 -1 127 0.8767223358154297 6
0 -1 1 689.24 149.09 -1 127 0.9192469120025635 6
0 -1 2 681.18 97.76 -1 127 1.036374807357788 6
0 -1 3 684.76 118.28999999999999 -1 127 1.1783082485198975 6
0 -1 4 647.66 113.84 -1 127 0.019907236099243164 6
1 -1 0 717.66 132.86999999999998 -1 113 0.6223981380462646 6
1 -1 1 724.9 161.16000000000003 -1 113 0.8097739219665527 6
1 -1 2 728.07 120.24 -1 113 1.062457799911499 6
1 -1 3 731.7 115.62999999999998 -1 113 1.1457819938659668 6
1 -1 4 654.17 132.47 -1 113 0.014325141906738281 6
random:7T:300
0 -1 0 88.98 11.43 -1 248 0.074005126953125 7
0 -1 1 89.74 0 -12 248 0.3316500186920166 7
0 -1 2 89.03 11.43 -1 248 0.074005126953125 7
0 -1 3 89.89 0 -26 248 0.497971773147583 7
0 -1 4 92.01 13.47 -1 248 0.017920970916748047 7
1 -1 0 87.49 0 -15 235 0.06972575187683105 7
1 -1 1 87.12 0 -13 235 0.2504398822784424 7
1 -1 2 87.49 0 -15 235 0.07970190048217773 7
1 -1 3 90.4 0 -8 235 0.4446451663970947 7
1 -1 4 95.52 10.58 -2 235 0.017569780349731445 7
random:7T:600
0 -1 0 225.42 19.57 -1 248 0.4355919361114502 7
0 -1 1 228.54 14.85 -1 248 0.6484322547912598 7
0 -1 2 227.73 17.93 -1 248 0.5740799903869629 7
0 -1 3 229.15 21.63 -1 248 0.9145703315734863 7
0 -1 4 211.85 14.85 -1 248 0.018129825592041016 7
1 -1 0 227.91 19.74 -1 235 0.3655221462249756 7
1 -1 1 226.61 22.81 -1 235 0.5866658687591553 7
1 -1 2 227.11 21.31 -1 235 0.49410200119018555 7
1 -1 3 226.25 14.81 -1 235 0.8574240207672119 7
1 -1 4 213.23 14.85 -1 235 0.027309894561767578 7
random:7T:900
0 -1 0 364.55 29.68 -1 248 0.7030808925628662 7
0 -1 1 368.54 29.66 -1 248 1.0200819969177246 7
0 -1 2 367.92 29.68 -1 248 1.0553631782531738 7
0 -1 3 368.54 30.3 -1 248 1.342440128326416 7
0 -1 4 335.12 62.050000000000004 -1 248 0.025014162063598633 7
1 -1 0 369.42 40.42 -1 235 0.678901195526123 7
1 -1 1 366.59 41.81 -1 235 0.8710238933563232 7
1 -1 2 369.26 40.58 -1 235 0.9112288951873779 7
1 -1 3 366.87 41.75 -1 235 1.2223429679870605 7
1 -1 4 338.32 63.31 -1 235 0.025567054748535156 7
random:7T:1200
0 -1 0 506.23 44.49 -1 248 1.0560240745544434 7
0 -1 1 510.05 44.45 -1 248 1.3117878437042236 7
0 -1 2 506.77 44.480000000000004 -1 248 1.5601673126220703 7
0 -1 3 509.55 44.33 -1 248 1.9022300243377686 7
0 -1 4 426.38 63.84 -1 248 0.02832794189453125 7
1 -1 0 512.09 58.49 -1 235 0.9653120040893555 7
1 -1 1 503.64 58.11000000000001 -1 235 1.1639249324798584 7
1 -1 2 509.99 56.6 -1 235 1.4297280311584473 7
1 -1 3 507.85 56.46 -1 235 1.8509800434112549 7
1 -1 4 453.44 64.34 -2 235 0.0247650146484375 7
random:7T:1500
0 -1 0 647.76 59.29 -1 248 1.4326379299163818 7
0 -1 1 652.02 59.25 -1 248 1.7124099731445312 7
0 -1 2 645.55 59.17 -1 248 2.2160420417785645 7
0 -1 3 652.83 57.720000000000006 -1 248 2.7215559482574463 7
0 -1 4 530.89 64.35 -1 248 0.03030991554260254 7
1 -1 0 650.61 76.10000000000001 -1 235 1.3177871704101562 7
1 -1 1 644.79 70.85000000000001 -1 235 1.5392868518829346 7
1 -1 2 652.57 72.81 -1 235 1.964885950088501 7
1 -1 3 649.12 69.18 -1 235 2.3308699131011963 7
1 -1 4 545.61 64.35 -1 235 0.02622079849243164 7
random:8T:300
0 -1 0 99.64 7.49 -1 129 0.06356692314147949 8
0 -1 1 99.89 0 -10 129 0.18394899368286133 8
0 -1 2 99.64 7.49 -1 129 0.04378700256347656 8
0 -1 3 101.77 0 -9 129 0.260573148727417 8
0 -1 4 100.95 14.64 -1 129 0.01106405258178711 8
1 -1 0 103.42 0 -1 142 0.06880807876586914 8
1 -1 1 106.15 0 -5 142 0.1979200839996338 8
1 -1 2 103.42 0 -1 142 0.07880687713623047 8
1 -1 3 105.5 0 -7 142 0.2921161651611328 8
1 -1 4 100.52 14.73 -3 142 0.009615659713745117 8
random:8T:600
0 -1 0 246.61 52.26 -1 129 0.21611499786376953 8
0 -1 1 251.46 55.38 -1 129 0.3620767593383789 8
0 -1 2 246.34 49.46 -1 129 0.30939388275146484 8
0 -1 3 247.31 39.25 -1 129 0.4926948547363281 8
0 -1 4 235.33 41.7 -1 129 0.010653018951416016 8
1 -1 0 233.94 28.509999999999998 -1 142 0.21293187141418457 8
1 -1 1 248.99 0 -3 142 0.3864140510559082 8
1 -1 2 235.4 28.43 -1 142 0.31391310691833496 8
1 -1 3 249.65 14.83 -1 142 0.6023359298706055 8
1 -1 4 227.55 30.52 -1 142 0.012578725814819336 8
random:8T:900
0 -1 0 392.25 90.38 -1 129 0.41683411598205566 8
0 -1 1 394.86 64.3 -1 129 0.49205517768859863 8
0 -1 2 392.22 49.5 -1 129 0.5471220016479492 8
0 -1 3 391.23 85.53 -1 129 0.7871623039245605 8
0 -1 4 363.19 64.3 -1 129 0.014575004577636719 8
1 -1 0 373.51 42.879999999999995 -1 142 0.4154980182647705 8
1 -1 1 391.27 0 -1 142 0.5713748931884766 8
1 -1 2 373.34 41.8 -1 142 0.5955379009246826 8
1 -1 3 395.58 0 -3 142 0.9246950149536133 8
1 -1 4 346.39 64.27 -1 142 0.017563819885253906 8
random:8T:1200
0 -1 0 537.76 114.46 -1 129 0.6196942329406738 8
0 -1 1 538.84 64.3 -1 129 0.681938886642456 8
0 -1 2 544.92 49.5 -1 129 0.8352310657501221 8
0 -1 3 543.92 49.5 -1 129 0.9818270206451416 8
0 -1 4 488.11 64.35 -1 129 0.01631903648376465 8
1 -1 0 512.93 57.269999999999996 -1 142 0.5726850032806396 8
1 -1 1 532.73 0 -1 142 0.787848949432373 8
1 -1 2 523.64 44.480000000000004 -1 142 0.9754571914672852 8
1 -1 3 538.32 0 -1 142 1.169496774673462 8
1 -1 4 434.76 64.35 -4 142 0.014785051345825195 8
random:8T:1500
0 -1 0 685.44 148.38 -1 129 0.745650053024292 8
0 -1 1 687.0 113.66 -1 129 0.8682219982147217 8
0 -1 2 690.05 64.27 -1 129 1.122040033340454 8
0 -1 3 704.41 76.94999999999999 -1 129 1.260180950164795 8
0 -1 4 625.5 113.67999999999999 -1 129 0.023174047470092773 8
1 -1 0 653.67 72.16 -1 142 0.7401819229125977 8
1 -1 1 672.39 0 -1 142 0.9057068824768066 8
1 -1 2 669.49 44.519999999999996 -1 142 1.1858341693878174 8
1 -1 3 682.9 0 -1 142 1.4170200824737549 8
1 -1 4 569.0 109.97 -1 142 0.020714998245239258 8
random:9T:300
0 -1 0 97.03 0 -6 146 0.051332712173461914 9
0 -1 1 107.31 0 -17 146 0.15715408325195312 9
0 -1 2 97.03 0 -6 146 0.0536961555480957 9
0 -1 3 106.95 0 -14 146 0.2338731288909912 9
0 -1 4 91.4 13.15 -1 146 0.009335041046142578 9
1 -1 0 96.44 0 -8 131 0.038166046142578125 9
1 -1 1 105.52 0 -14 131 0.1529850959777832 9
1 -1 2 96.44 0 -8 131 0.044625043869018555 9
1 -1 3 105.28 0 -15 131 0.23915600776672363 9
1 -1 4 87.79 12.23 -1 131 0.008872032165527344 9
random:9T:600
0 -1 0 221.78 29.21 -1 146 0.16136407852172852 9
0 -1 1 251.66 0 -14 146 0.35131406784057617 9
0 -1 2 223.53 29.21 -1 146 0.25994300842285156 9
0 -1 3 251.92 0 -15 146 0.4609642028808594 9
0 -1 4 221.52 14.85 -1 146 0.016264915466308594 9
1 -1 0 240.41 39.160000000000004 -1 131 0.2213301658630371 9
1 -1 1 251.85 0 -12 131 0.3652470111846924 9
1 -1 2 240.43 37.25 -1 131 0.29856109619140625 9
1 -1 3 253.52 0 -11 131 0.501197099685669 9
1 -1 4 220.37 60.76 -1 131 0.012797117233276367 9
random:9T:900
0 -1 0 368.63 41.41 -1 146 0.34616899490356445 9
0 -1 1 399.09 0 -14 146 0.49039578437805176 9
0 -1 2 369.24 42.5 -1 146 0.4472320079803467 9
0 -1 3 396.29 0 -15 146 0.7107992172241211 9
0 -1 4 341.62 63.35 -1 146 0.018017053604125977 9
1 -1 0 393.05 68.13 -1 131 0.3559412956237793 9
1 -1 1 397.62 0 -12 131 0.48296618461608887 9
1 -1 2 397.01 70.52000000000001 -1 131 0.5893073081970215 9
1 -1 3 404.31 0 -12 131 0.7544682025909424 9
1 -1 4 349.15 61.76 -1 131 0.014632940292358398 9
random:9T:1200
0 -1 0 514.38 49.5 -1 146 0.5725259780883789 9
0 -1 1 544.6 0 -14 146 0.6952712535858154 9
0 -1 2 514.37 49.5 -1 146 0.7403731346130371 9
0 -1 3 546.16 0 -12 146 1.0268962383270264 9
0 -1 4 458.36 64.35 -1 146 0.017424821853637695 9
1 -1 0 537.87 89.21000000000001 -1 131 0.5032660961151123 9
1 -1 1 539.26 0 -12 131 0.59725022315979 9
1 -1 2 547.61 97.87 -1 131 0.7497339248657227 9
1 -1 3 549.74 0 -9 131 0.8639569282531738 9
1 -1 4 455.77 87.25999999999999 -1 131 0.014692068099975586 9
random:9T:1500
0 -1 0 660.0 49.5 -1 146 0.6967208385467529 9
0 -1 1 688.85 0 -14 146 0.8626408576965332 9
0 -1 2 668.66 49.5 -1 146 1.0315220355987549 9
0 -1 3 696.15 0 -13 146 1.3097810745239258 9
0 -1 4 587.72 112.77999999999999 -1 146 0.019800901412963867 9
1 -1 0 684.95 114.00000000000001 -1 131 0.6910676956176758 9
1 -1 1 685.27 0 -12 131 0.7228899002075195 9
1 -1 2 698.74 121.66000000000001 -1 131 0.9901962280273438 9
1 -1 3 705.03 0 -13 131 1.1511540412902832 9
1 -1 4 594.98 111.25999999999999 -1 131 0.020534038543701172 9
