random:0T:300
0 -1 0 115.81 25.33 -1 79 0.0713660717010498 0
0 -1 1 116.2 27.869999999999997 -1 79 0.11085224151611328 0
0 -1 2 115.81 25.33 -1 79 0.10367226600646973 0
0 -1 3 116.19 24.86 -1 79 0.16429376602172852 0
0 -1 4 107.16 14.64 -1 79 0.008219242095947266 0
1 -1 0 114.76 14.57 -1 101 0.06789183616638184 0
1 -1 1 123.96 0 -3 101 0.18189787864685059 0
1 -1 2 114.59 17.17 -1 101 0.09256601333618164 0
1 -1 3 124.74 0 -3 101 0.24160289764404297 0
1 -1 4 116.85 17.09 -1 101 0.008433103561401367 0
2 -1 0 117.07 13.64 -1 104 0.0808258056640625 0
2 -1 1 121.47 0 -2 104 0.18549609184265137 0
2 -1 2 117.07 13.64 -1 104 0.09088706970214844 0
2 -1 3 122.58 0 -2 104 0.27291107177734375 0
2 -1 4 119.29 24.66 -1 104 0.009654998779296875 0
random:0T:600
0 -1 0 295.62 71.36 -1 79 0.23777222633361816 0
0 -1 1 295.5 75.19 -1 79 0.26895904541015625 0
0 -1 2 295.27 53.06 -1 79 0.30083513259887695 0
0 -1 3 297.83 74.58 -1 79 0.40246105194091797 0
0 -1 4 263.12 63.21 -1 79 0.009949922561645508 0
1 -1 0 271.12 23.549999999999997 -1 101 0.22629618644714355 0
1 -1 1 281.45 38.730000000000004 -1 101 0.3121211528778076 0
1 -1 2 271.79 14.85 -1 101 0.35111284255981445 0
1 -1 3 283.54 29.45 -1 101 0.5068118572235107 0
1 -1 4 270.83 63.6 -1 101 0.012265920639038086 0
2 -1 0 277.06 29.25 -1 104 0.26098084449768066 0
2 -1 1 287.82 42.6 -1 104 0.3888249397277832 0
2 -1 2 283.58 32.86 -1 104 0.3652689456939697 0
2 -1 3 284.52 28.869999999999997 -1 104 0.532149076461792 0
2 -1 4 265.72 53.22 -1 104 0.010329008102416992 0
random:0T:900
0 -1 0 474.98 116.74 -1 79 0.35611581802368164 0
0 -1 1 476.69 115.61999999999999 -1 79 0.464296817779541 0
0 -1 2 480.76 106.94999999999999 -1 79 0.5103468894958496 0
0 -1 3 485.93 109.92000000000002 -1 79 0.6157090663909912 0
0 -1 4 425.39 107.1 -1 79 0.011333703994750977 0
1 -1 0 430.13 73.38 -1 101 0.37642717361450195 0
1 -1 1 442.94 88.94 -1 101 0.4658041000366211 0
1 -1 2 434.9 44.09 -1 101 0.5534050464630127 0
1 -1 3 454.85 43.92 -1 101 0.7642600536346436 0
1 -1 4 400.18 102.87 -1 101 0.011897802352905273 0
2 -1 0 435.2 43.64 -1 104 0.3912699222564697 0
2 -1 1 454.45 69.42 -1 104 0.6168472766876221 0
2 -1 2 440.42 47.78 -1 104 0.5806772708892822 0
2 -1 3 447.58 62.55 -1 104 0.7938718795776367 0
2 -1 4 417.75 101.7 -1 104 0.019384145736694336 0
random:0T:1200
0 -1 0 655.67 156.14999999999998 -1 79 0.5337302684783936 0
0 -1 1 656.88 161.28 -1 79 0.6108510494232178 0
0 -1 2 667.65 153.98000000000002 -1 79 0.722463846206665 0
0 -1 3 669.26 153.88 -1 79 0.7942540645599365 0
0 -1 4 569.23 113.78 -2 79 0.017002105712890625 0
1 -1 0 587.87 79.05000000000001 -1 101 0.5748920440673828 0
1 -1 1 601.43 93.52999999999999 -1 101 0.61136794090271 0
1 -1 2 608.07 92.75999999999999 -1 101 0.8261229991912842 0
1 -1 3 624.07 153.88 -1 101 0.9093811511993408 0
1 -1 4 553.86 113.15 -1 101 0.017763853073120117 0
2 -1 0 598.86 73.25 -2 104 0.5898969173431396 0
2 -1 1 619.22 88.27000000000002 -1 104 0.7567720413208008 0
2 -1 2 606.83 57.88999999999999 -1 104 0.8643970489501953 0
2 -1 3 614.78 67.41 -1 104 0.9822940826416016 0
2 -1 4 558.89 132.28 -1 104 0.02194499969482422 0
random:0T:1500
0 -1 0 835.85 202.06999999999996 -1 79 0.6578478813171387 0
0 -1 1 836.87 201.01 -1 79 0.7239789962768555 0
0 -1 2 851.81 215.89000000000001 -1 79 0.921309232711792 0
0 -1 3 855.64 220.73999999999995 -1 79 1.0064458847045898 0
0 -1 4 715.91 163.13 -1 79 0.017881155014038086 0
1 -1 0 747.55 163.78000000000003 -1 101 0.7277047634124756 0
1 -1 1 761.49 180.29 -1 101 0.7962789535522461 0
1 -1 2 774.24 127.42 -1 101 1.0023558139801025 0
1 -1 3 778.32 103.58 -1 101 1.0196871757507324 0
1 -1 4 686.35 159.67 -1 101 0.01666402816772461 0
2 -1 0 755.41 94.63000000000001 -2 104 0.6233527660369873 0
2 -1 1 778.64 114.69000000000001 -1 104 0.7883121967315674 0
2 -1 2 780.77 73.87 -1 104 1.0058159828186035 0
2 -1 3 785.54 101.16000000000001 -2 104 1.03000807762146 0
2 -1 4 705.27 155.81 -1 104 0.0186307430267334 0
random:1T:300
0 -1 0 139.6 74.19 -1 56 0.06968498229980469 1
0 -1 1 143.28 68.45 -1 56 0.08584094047546387 1
0 -1 2 142.34 56.88 -1 56 0.09450507164001465 1
0 -1 3 144.02 44.94 -1 56 0.1198122501373291 1
0 -1 4 142.89 56.71 -1 56 0.003704071044921875 1
1 -1 0 112.79 14.48 -1 107 0.05022716522216797 1
1 -1 1 122.26 0 -1 107 0.16494202613830566 1
1 -1 2 113.27 14.48 -1 107 0.07458806037902832 1
1 -1 3 122.13 0 -1 107 0.23697781562805176 1
1 -1 4 112.86 14.43 -1 107 0.008949041366577148 1
2 -1 0 107.29 14.28 -1 108 0.08275008201599121 1
2 -1 1 107.87 14.28 -1 108 0.16926121711730957 1
2 -1 2 107.37 14.28 -1 108 0.09882497787475586 1
2 -1 3 108.91 0 -3 108 0.22186589241027832 1
2 -1 4 104.32 13.78 -1 108 0.010649681091308594 1
random:1T:600
0 -1 0 334.11 179.48999999999998 -1 56 0.1707746982574463 1
0 -1 1 338.53 128.79 -1 56 0.18329977989196777 1
0 -1 2 339.8 101.21000000000001 -1 56 0.23430204391479492 1
0 -1 3 338.24 52.989999999999995 -1 56 0.2540621757507324 1
0 -1 4 329.87 107.74000000000001 -1 56 0.01087808609008789 1
1 -1 0 270.92 42.61 -1 107 0.21965575218200684 1
1 -1 1 285.82 0 -1 107 0.3086562156677246 1
1 -1 2 270.55 73.75 -1 107 0.3391239643096924 1
1 -1 3 281.22 2.24 -1 107 0.45966291427612305 1
1 -1 4 266.02 60.22 -1 107 0.010313987731933594 1
2 -1 0 266.51 64.33000000000001 -1 108 0.22044110298156738 1
2 -1 1 265.83 73.43 -1 108 0.2700178623199463 1
2 -1 2 266.34 34.17 -1 108 0.3065922260284424 1
2 -1 3 267.65 95.17999999999999 -1 108 0.470660924911499 1
2 -1 4 256.6 25.28 -1 108 0.008844614028930664 1
random:1T:900
0 -1 0 532.16 294.44 -1 56 0.2629561424255371 1
0 -1 1 540.65 230.29000000000002 -1 56 0.2918839454650879 1
0 -1 2 534.01 132.54000000000002 -1 56 0.373309850692749 1
0 -1 3 539.44 81.27000000000001 -1 56 0.39347195625305176 1
0 -1 4 514.77 157.55999999999997 -1 56 0.007758140563964844 1
1 -1 0 431.71 66.97 -1 107 0.37340307235717773 1
1 -1 1 446.53 0 -1 107 0.47776293754577637 1
1 -1 2 433.41 75.82 -1 107 0.5490279197692871 1
1 -1 3 444.38 0 -1 107 0.6975808143615723 1
1 -1 4 380.58 64.16 -1 107 0.014576911926269531 1
2 -1 0 426.21 88.41999999999999 -1 108 0.3562159538269043 1
2 -1 1 427.74 124.61000000000001 -1 108 0.45110082626342773 1
2 -1 2 435.38 128.6 -1 108 0.5919759273529053 1
2 -1 3 437.01 122.19 -1 108 0.6647500991821289 1
2 -1 4 371.38 64.26 -1 108 0.012629985809326172 1
random:1T:1200
0 -1 0 730.62 428.06 -1 56 0.3796579837799072 1
0 -1 1 729.82 364.71000000000004 -1 56 0.3911161422729492 1
0 -1 2 735.66 194.15999999999997 -1 56 0.5213539600372314 1
0 -1 3 734.95 126.82000000000001 -1 56 0.4996771812438965 1
0 -1 4 701.47 214.27999999999997 -1 56 0.010071992874145508 1
1 -1 0 594.05 87.61 -1 107 0.524162769317627 1
1 -1 1 608.95 0 -1 107 0.6207497119903564 1
1 -1 2 605.88 81.81 -1 107 0.7394001483917236 1
1 -1 3 615.18 0 -1 107 0.9006931781768799 1
1 -1 4 528.58 109.71000000000001 -1 107 0.01533198356628418 1
2 -1 0 586.1 151.11 -1 108 0.5176796913146973 1
2 -1 1 588.96 182.36 -1 108 0.5969729423522949 1
2 -1 2 601.79 159.26 -1 108 0.777838945388794 1
2 -1 3 600.14 145.54999999999998 -1 108 0.8517119884490967 1
2 -1 4 518.16 65.52 -1 108 0.01350712776184082 1
random:1T:1500
0 -1 0 925.51 525.34 -1 56 0.4737520217895508 1
0 -1 1 928.29 469.78 -1 56 0.4882700443267822 1
0 -1 2 929.94 212.01999999999998 -1 56 0.6245529651641846 1
0 -1 3 936.88 138.78 -1 56 0.6689839363098145 1
0 -1 4 890.34 288.14 -1 56 0.013209819793701172 1
1 -1 0 754.56 113.94 -1 107 0.6831178665161133 1
1 -1 1 770.25 0 -1 107 0.7530081272125244 1
1 -1 2 771.16 87.7 -1 107 0.9753458499908447 1
1 -1 3 777.82 0 -1 107 1.109158992767334 1
1 -1 4 644.6 113.64999999999999 -1 107 0.017611980438232422 1
2 -1 0 747.49 204.03 -1 108 0.64385986328125 1
2 -1 1 750.69 236.22000000000003 -1 108 0.7502560615539551 1
2 -1 2 766.39 235.58000000000004 -1 108 1.1066770553588867 1
2 -1 3 757.35 162.35 -1 108 1.0235629081726074 1
2 -1 4 633.92 113.73999999999998 -1 108 0.014391183853149414 1
random:2T:300
0 -1 0 153.04 63.93 -1 54 0.06699085235595703 2
0 -1 1 156.83 74.97 -1 54 0.07310318946838379 2
0 -1 2 154.03 63.3 -1 54 0.08326888084411621 2
0 -1 3 156.08 60.93 -1 54 0.11673092842102051 2
0 -1 4 158.02 53.85 -1 54 0.006893157958984375 2
1 -1 0 144.78 33.61 -1 85 0.07578396797180176 2
1 -1 1 145.27 31.939999999999998 -1 85 0.09992218017578125 2
1 -1 2 144.67 28.07 -1 85 0.1105959415435791 2
1 -1 3 147.29 28.03 -1 85 0.16965007781982422 2
1 -1 4 138.36 14.81 -1 85 0.005623817443847656 2
2 -1 0 127.25 48.970000000000006 -1 82 0.08318400382995605 2
2 -1 1 127.25 48.970000000000006 -1 82 0.10010099411010742 2
2 -1 2 128.11 48.56999999999999 -1 82 0.1205892562866211 2
2 -1 3 128.11 48.56999999999999 -1 82 0.15106201171875 2
2 -1 4 123.58 14.49 -2 82 0.006651878356933594 2
random:2T:600
0 -1 0 349.69 158.29000000000002 -1 54 0.15973877906799316 2
0 -1 1 353.65 180.63 -1 54 0.14694905281066895 2
0 -1 2 355.67 153.14 -1 54 0.2015519142150879 2
0 -1 3 356.51 173.9 -1 54 0.21384763717651367 2
0 -1 4 352.14 119.99000000000001 -1 54 0.009879112243652344 2
1 -1 0 321.37 63.86 -1 85 0.17442989349365234 2
1 -1 1 321.96 62.72999999999999 -1 85 0.21449494361877441 2
1 -1 2 324.31 60.989999999999995 -1 85 0.25157713890075684 2
1 -1 3 326.69 60.39 -1 85 0.26154398918151855 2
1 -1 4 306.52 64.03 -1 85 0.007631778717041016 2
2 -1 0 302.84 94.4 -1 82 0.16323494911193848 2
2 -1 1 302.84 94.4 -1 82 0.1780087947845459 2
2 -1 2 307.75 87.21999999999998 -1 82 0.26122188568115234 2
2 -1 3 307.75 87.21999999999998 -1 82 0.2965562343597412 2
2 -1 4 277.05 63.470000000000006 -1 82 0.009001970291137695 2
random:2T:900
0 -1 0 547.04 281.96000000000004 -1 54 0.21967625617980957 2
0 -1 1 551.36 288.87000000000006 -1 54 0.2549588680267334 2
0 -1 2 556.28 256.14 -1 54 0.3193838596343994 2
0 -1 3 551.76 240.29 -1 54 0.35504698753356934 2
0 -1 4 548.8 198.4 -1 54 0.011286020278930664 2
1 -1 0 497.33 93.55 -1 85 0.24262094497680664 2
1 -1 1 498.5 92.80999999999997 -1 85 0.33075785636901855 2
1 -1 2 518.73 84.58999999999999 -1 85 0.4222071170806885 2
1 -1 3 519.32 94.55 -1 85 0.4524872303009033 2
1 -1 4 480.64 110.72 -1 85 0.01656794548034668 2
2 -1 0 483.15 161.99999999999997 -1 82 0.3022129535675049 2
2 -1 1 483.15 161.99999999999997 -1 82 0.3021218776702881 2
2 -1 2 493.64 156.20000000000002 -1 82 0.42786288261413574 2
2 -1 3 493.64 156.20000000000002 -1 82 0.4541492462158203 2
2 -1 4 435.12 104.55 -1 82 0.009716987609863281 2
random:2T:1200
0 -1 0 745.05 382.7999999999999 -1 54 0.3156900405883789 2
0 -1 1 750.17 414.28000000000003 -1 54 0.3130838871002197 2
0 -1 2 758.2 330.7699999999999 -1 54 0.4471569061279297 2
0 -1 3 755.16 310.85999999999996 -1 54 0.46043872833251953 2
0 -1 4 742.56 253.14000000000007 -1 54 0.019323110580444336 2
1 -1 0 673.5 122.80999999999999 -1 85 0.37816667556762695 2
1 -1 1 674.42 122.36999999999998 -1 85 0.38744115829467773 2
1 -1 2 696.71 129.17999999999998 -1 85 0.5165703296661377 2
1 -1 3 704.44 120.87999999999997 -1 85 0.6144030094146729 2
1 -1 4 647.64 130.58 -1 85 0.01969003677368164 2
2 -1 0 663.83 256.06 -1 82 0.4099860191345215 2
2 -1 1 663.83 256.06 -1 82 0.44826292991638184 2
2 -1 2 679.39 193.92999999999998 -1 82 0.6361429691314697 2
2 -1 3 679.39 193.92999999999998 -1 82 0.6674470901489258 2
2 -1 4 598.16 137.41000000000003 -1 82 0.010232686996459961 2
random:2T:1500
0 -1 0 946.81 476.39 -1 54 0.3928110599517822 2
0 -1 1 949.43 525.9399999999999 -1 54 0.44493889808654785 2
0 -1 2 961.86 430.02 -1 54 0.555365800857544 2
0 -1 3 955.74 420.46000000000004 -1 54 0.5749251842498779 2
0 -1 4 936.12 312.92 -1 54 0.013345003128051758 2
1 -1 0 849.78 151.76 -1 85 0.48834896087646484 2
1 -1 1 850.62 151.54 -1 85 0.548396110534668 2
1 -1 2 886.41 137.49999999999997 -1 85 0.6909103393554688 2
1 -1 3 887.19 158.10999999999999 -1 85 0.7980868816375732 2
1 -1 4 814.59 163.23000000000002 -1 85 0.0200650691986084 2
2 -1 0 842.09 317.18 -1 82 0.5597639083862305 2
2 -1 1 842.09 317.18 -1 82 0.553886890411377 2
2 -1 2 864.93 270.78 -1 82 0.7892699241638184 2
2 -1 3 865.7 265.45000000000005 -1 82 0.844506025314331 2
2 -1 4 753.67 163.17 -1 82 0.0168149471282959 2
random:3T:300
0 -1 0 123.74 48.28 -1 97 0.05397391319274902 3
0 -1 1 127.72 24.47 -1 97 0.1429910659790039 3
0 -1 2 123.7 48.28 -1 97 0.08103680610656738 3
0 -1 3 127.82 14.09 -1 97 0.21178436279296875 3
0 -1 4 120.77 30.78 -1 97 0.007454872131347656 3
1 -1 0 130.7 14.4 -1 90 0.05951094627380371 3
1 -1 1 139.23 0 -1 90 0.12709403038024902 3
1 -1 2 130.89 14.4 -1 90 0.09580612182617188 3
1 -1 3 139.5 0 -1 90 0.18071508407592773 3
1 -1 4 130.4 20.57 -1 90 0.005486011505126953 3
2 -1 0 126.11 28.650000000000002 -1 85 0.08376193046569824 3
2 -1 1 125.18 28.69 -1 85 0.10752105712890625 3
2 -1 2 126.11 28.650000000000002 -1 85 0.10546588897705078 3
2 -1 3 123.87 30.25 -1 85 0.16630315780639648 3
2 -1 4 115.43 14.73 -1 85 0.006623983383178711 3
random:3T:600
0 -1 0 286.49 98.14 -1 97 0.18225312232971191 3
0 -1 1 293.12 49.49 -1 97 0.2819209098815918 3
0 -1 2 288.15 74.45 -1 97 0.29383301734924316 3
0 -1 3 294.79 33.330000000000005 -1 97 0.41126298904418945 3
0 -1 4 280.95 63.849999999999994 -1 97 0.00942087173461914 3
1 -1 0 300.77 29.36 -1 90 0.18491911888122559 3
1 -1 1 310.51 0 -1 90 0.24839186668395996 3
1 -1 2 294.72 49.5 -3 90 0.2789130210876465 3
1 -1 3 313.47 39.29 -1 90 0.3836710453033447 3
1 -1 4 283.23 62.53 -1 90 0.007714986801147461 3
2 -1 0 306.37 66.77000000000001 -1 85 0.20460796356201172 3
2 -1 1 302.68 61.42999999999999 -1 85 0.22925400733947754 3
2 -1 2 305.45 61.52 -1 85 0.30194807052612305 3
2 -1 3 306.49 76.64999999999999 -1 85 0.3298490047454834 3
2 -1 4 273.65 62.58 -1 85 0.009479045867919922 3
random:3T:900
0 -1 0 448.45 112.47 -1 97 0.3030550479888916 3
0 -1 1 458.21 64.09 -1 97 0.40847206115722656 3
0 -1 2 463.23 97.3 -1 97 0.4805281162261963 3
0 -1 3 462.31 49.43 -1 97 0.5968468189239502 3
0 -1 4 424.8 109.89 -1 97 0.010232925415039062 3
1 -1 0 464.17 78.77000000000001 -1 90 0.30298304557800293 3
1 -1 1 479.76 0 -1 90 0.3675050735473633 3
1 -1 2 470.93 64.32000000000001 -1 90 0.43526196479797363 3
1 -1 3 480.2 74.39 -1 90 0.549842357635498 3
1 -1 4 444.04 101.69 -1 90 0.009362936019897461 3
2 -1 0 486.01 108.03999999999999 -1 85 0.3282599449157715 3
2 -1 1 484.63 104.30999999999999 -1 85 0.35690903663635254 3
2 -1 2 494.8 104.36 -1 85 0.47501587867736816 3
2 -1 3 494.57 107.5 -1 85 0.5046789646148682 3
2 -1 4 430.21 100.43 -1 85 0.008264303207397461 3
random:3T:1200
0 -1 0 615.02 162.07 -1 97 0.44061827659606934 3
0 -1 1 626.18 124.82000000000001 -1 97 0.578361988067627 3
0 -1 2 639.87 79.22999999999999 -1 97 0.6683850288391113 3
0 -1 3 644.75 84.56000000000002 -1 97 0.8139598369598389 3
0 -1 4 576.69 113.42 -1 97 0.022120952606201172 3
1 -1 0 633.09 130.07 -1 90 0.44022297859191895 3
1 -1 1 647.99 0 -1 90 0.4670379161834717 3
1 -1 2 653.87 70.81 -1 90 0.6307451725006104 3
1 -1 3 661.15 93.35 -1 90 0.7154769897460938 3
1 -1 4 590.68 146.33 -1 90 0.011207818984985352 3
2 -1 0 663.84 147.01999999999998 -1 85 0.4248647689819336 3
2 -1 1 664.75 140.33999999999997 -1 85 0.4451160430908203 3
2 -1 2 675.58 142.55999999999997 -1 85 0.5955119132995605 3
2 -1 3 675.67 145.68 -1 85 0.6384968757629395 3
2 -1 4 571.89 113.8 -1 85 0.011243104934692383 3
random:3T:1500
0 -1 0 780.48 201.64000000000001 -1 97 0.5328121185302734 3
0 -1 1 792.16 170.47 -1 97 0.6166737079620361 3
0 -1 2 814.76 107.03000000000002 -1 97 0.8353598117828369 3
0 -1 3 816.97 119.01 -1 97 0.9848098754882812 3
0 -1 4 735.62 162.55 -1 97 0.020188093185424805 3
1 -1 0 804.76 142.16 -1 90 0.5409328937530518 3
1 -1 1 816.93 0 -1 90 0.6037719249725342 3
1 -1 2 825.44 83.28 -1 90 0.761422872543335 3
1 -1 3 830.82 99.25999999999999 -1 90 0.860037088394165 3
1 -1 4 741.8 163.17000000000002 -1 90 0.0176241397857666 3
2 -1 0 841.64 187.82999999999996 -1 85 0.5415680408477783 3
2 -1 1 847.28 182.69 -1 85 0.5893590450286865 3
2 -1 2 855.87 179.37999999999997 -1 85 0.7987549304962158 3
2 -1 3 866.27 172.35000000000002 -1 85 0.8311080932617188 3
2 -1 4 727.66 161.55999999999997 -1 85 0.01865410804748535 3
random:4T:300
0 -1 0 122.55 14.31 -1 97 0.05638003349304199 4
0 -1 1 127.29 14.68 -1 97 0.12660670280456543 4
0 -1 2 122.46 24.509999999999998 -1 97 0.0746161937713623 4
0 -1 3 127.82 14.68 -1 97 0.22794580459594727 4
0 -1 4 120.61 14.67 -1 97 0.011716127395629883 4
1 -1 0 121.15 55.69 -1 87 0.07240509986877441 4
1 -1 1 120.09 55.2 -1 87 0.10879707336425781 4
1 -1 2 121.81 55.69 -1 87 0.1044301986694336 4
1 -1 3 117.47 37.589999999999996 -1 87 0.16780471801757812 4
1 -1 4 110.2 69.39 -1 87 0.0072901248931884766 4
2 -1 0 139.19 34.73 -1 86 0.07998991012573242 4
2 -1 1 145.47 48.760000000000005 -1 86 0.1428389549255371 4
2 -1 2 139.25 20.26 -1 86 0.1052248477935791 4
2 -1 3 144.28 14.71 -1 86 0.19420695304870605 4
2 -1 4 136.58 14.62 -1 86 0.005464076995849609 4
random:4T:600
0 -1 0 286.37 63.59 -1 97 0.23885703086853027 4
0 -1 1 294.73 29.490000000000002 -1 97 0.28634023666381836 4
0 -1 2 288.86 29.39 -1 97 0.28513598442077637 4
0 -1 3 294.97 49.48 -1 97 0.41887712478637695 4
0 -1 4 280.95 64.02 -1 97 0.008915901184082031 4
1 -1 0 297.79 174.44 -1 87 0.2017650604248047 4
1 -1 1 295.93 177.49 -1 87 0.24239015579223633 4
1 -1 2 297.67 174.44 -1 87 0.2949678897857666 4
1 -1 3 299.29 164.89 -1 87 0.35065317153930664 4
1 -1 4 273.53 183.19 -1 87 0.008264780044555664 4
2 -1 0 316.03 98.19 -1 86 0.20274591445922852 4
2 -1 1 319.2 97.19 -1 86 0.2591989040374756 4
2 -1 2 319.36 42.99 -1 86 0.2975788116455078 4
2 -1 3 322.3 51.16 -1 86 0.35646581649780273 4
2 -1 4 286.92 61.43000000000001 -1 86 0.013201236724853516 4
random:4T:900
0 -1 0 450.79 98.14 -1 97 0.3198709487915039 4
0 -1 1 462.63 78.88000000000001 -1 97 0.39066004753112793 4
0 -1 2 464.31 53.379999999999995 -1 97 0.4910769462585449 4
0 -1 3 464.04 66.47000000000001 -1 97 0.5785117149353027 4
0 -1 4 424.73 102.94 -1 97 0.013259172439575195 4
1 -1 0 472.35 301.61 -2 87 0.3320307731628418 4
1 -1 1 470.66 297.07 -2 87 0.32331109046936035 4
1 -1 2 491.33 274.0 -1 87 0.5092108249664307 4
1 -1 3 481.46 283.16999999999996 -1 87 0.5554189682006836 4
1 -1 4 414.56 280.12 -1 87 0.013108968734741211 4
2 -1 0 486.28 147.78 -1 86 0.34607386589050293 4
2 -1 1 493.45 147.38 -1 86 0.3704409599304199 4
2 -1 2 492.34 86.16 -1 86 0.4480171203613281 4
2 -1 3 496.62 85.87 -1 86 0.5895519256591797 4
2 -1 4 447.57 90.45 -1 86 0.009949207305908203 4
random:4T:1200
0 -1 0 617.29 113.71 -1 97 0.5407679080963135 4
0 -1 1 629.0 126.12 -1 97 0.5742650032043457 4
0 -1 2 641.79 62.879999999999995 -1 97 0.7764949798583984 4
0 -1 3 644.12 64.23 -1 97 0.9088129997253418 4
0 -1 4 576.69 113.72 -1 97 0.01923823356628418 4
1 -1 0 648.35 422.36000000000007 -1 87 0.48975610733032227 4
1 -1 1 647.54 424.47999999999996 -1 87 0.5550398826599121 4
1 -1 2 663.42 404.46999999999997 -2 87 0.8098928928375244 4
1 -1 3 660.58 380.71 -1 87 0.7541210651397705 4
1 -1 4 559.61 414.15000000000003 -1 87 0.011332988739013672 4
2 -1 0 656.68 194.66 -1 86 0.4453408718109131 4
2 -1 1 665.07 193.76999999999998 -1 86 0.49384212493896484 4
2 -1 2 671.42 87.69 -1 86 0.627094030380249 4
2 -1 3 676.63 81.53 -1 86 0.7092621326446533 4
2 -1 4 589.4 113.78 -1 86 0.01605701446533203 4
random:4T:1500
0 -1 0 785.53 164.57 -1 97 0.5870940685272217 4
0 -1 1 796.54 176.86 -1 97 0.738257884979248 4
0 -1 2 815.96 79.2 -1 97 1.045720100402832 4
0 -1 3 814.5 59.099999999999994 -1 97 1.071023941040039 4
0 -1 4 735.62 162.08 -1 97 0.01849818229675293 4
1 -1 0 827.29 514.83 -1 87 0.6315832138061523 4
1 -1 1 824.06 551.99 -1 87 0.6480038166046143 4
1 -1 2 843.31 546.48 -1 87 0.9575521945953369 4
1 -1 3 845.98 494.22 -1 87 0.8991310596466064 4
1 -1 4 720.35 499.37000000000006 -1 87 0.013267993927001953 4
2 -1 0 831.54 241.65 -1 86 0.5563669204711914 4
2 -1 1 836.53 211.08 -1 86 0.5949051380157471 4
2 -1 2 845.81 110.53 -1 86 0.7892308235168457 4
2 -1 3 851.53 189.06000000000003 -1 86 0.8537781238555908 4
2 -1 4 738.34 162.38 -1 86 0.013092041015625 4
random:5T:300
0 -1 0 123.43 13.88 -1 68 0.052564144134521484 5
0 -1 1 122.32 13.64 -1 68 0.09474492073059082 5
0 -1 2 123.82 13.88 -1 68 0.07779192924499512 5
0 -1 3 122.88 11.6 -1 68 0.13828682899475098 5
0 -1 4 128.69 14.79 -1 68 0.0055389404296875 5
1 -1 0 106.15 14.44 -1 91 0.0693669319152832 5
1 -1 1 107.17 14.44 -1 91 0.11891698837280273 5
1 -1 2 106.04 14.44 -1 91 0.08307194709777832 5
1 -1 3 115.29 14.35 -1 91 0.18501710891723633 5
1 -1 4 107.49 14.06 -2 91 0.005601167678833008 5
2 -1 0 129.76 46.379999999999995 -1 83 0.05735015869140625 5
2 -1 1 131.1 18.77 -1 83 0.11605310440063477 5
2 -1 2 129.93 46.269999999999996 -1 83 0.09054207801818848 5
2 -1 3 128.36 0 -4 83 0.1770009994506836 5
2 -1 4 127.7 49.85 -1 83 0.0066411495208740234 5
random:5T:600
0 -1 0 297.84 26.88 -1 68 0.15591692924499512 5
0 -1 1 301.63 44.05 -1 68 0.19301605224609375 5
0 -1 2 311.27 63.620000000000005 -1 68 0.22053790092468262 5
0 -1 3 309.7 63.3 -1 68 0.2884199619293213 5
0 -1 4 304.58 63.96 -1 68 0.010923147201538086 5
1 -1 0 277.71 72.82000000000001 -1 91 0.1976010799407959 5
1 -1 1 278.48 74.58 -1 91 0.27802205085754395 5
1 -1 2 283.99 52.370000000000005 -1 91 0.32150793075561523 5
1 -1 3 289.12 41.42 -2 91 0.39667487144470215 5
1 -1 4 266.43 62.440000000000005 -1 91 0.007594108581542969 5
2 -1 0 305.82 115.1 -1 83 0.17922616004943848 5
2 -1 1 303.51 126.41 -1 83 0.22206687927246094 5
2 -1 2 311.96 114.43 -1 83 0.28149986267089844 5
2 -1 3 308.13 86.72000000000001 -1 83 0.34360599517822266 5
2 -1 4 297.01 53.71 -1 83 0.010078907012939453 5
random:5T:900
0 -1 0 480.1 118.33 -1 68 0.27691221237182617 5
0 -1 1 479.89 119.28999999999999 -1 68 0.2897810935974121 5
0 -1 2 481.88 76.94 -1 68 0.3705630302429199 5
0 -1 3 486.92 75.33 -1 68 0.4340178966522217 5
0 -1 4 483.15 112.97000000000001 -1 68 0.009912967681884766 5
1 -1 0 449.87 124.05 -1 91 0.34910106658935547 5
1 -1 1 446.42 105.61 -1 91 0.4100339412689209 5
1 -1 2 459.51 70.91 -1 91 0.5022830963134766 5
1 -1 3 462.67 69.82000000000001 -1 91 0.566849946975708 5
1 -1 4 430.3 92.57000000000001 -1 91 0.015648841857910156 5
2 -1 0 476.93 202.41000000000003 -1 83 0.2857480049133301 5
2 -1 1 475.77 219.14000000000004 -1 83 0.3198089599609375 5
2 -1 2 493.9 123.47 -1 83 0.4543123245239258 5
2 -1 3 491.94 162.73 -1 83 0.504410982131958 5
2 -1 4 469.93 103.09 -1 83 0.009970903396606445 5
random:5T:1200
0 -1 0 662.69 161.45 -1 68 0.4026639461517334 5
0 -1 1 663.03 130.13 -1 68 0.40788912773132324 5
0 -1 2 662.1 91.76 -1 68 0.5408439636230469 5
0 -1 3 656.33 81.53000000000002 -1 68 0.5932848453521729 5
0 -1 4 663.39 161.48000000000002 -1 68 0.01303410530090332 5
1 -1 0 615.71 170.22000000000003 -1 91 0.5241909027099609 5
1 -1 1 613.4 179.64 -1 91 0.5630180835723877 5
1 -1 2 628.62 97.32 -1 91 0.6700060367584229 5
1 -1 3 634.45 115.19 -1 91 0.745384931564331 5
1 -1 4 576.13 113.74 -2 91 0.012904882431030273 5
2 -1 0 656.48 267.39000000000004 -1 83 0.4131290912628174 5
2 -1 1 650.12 302.7800000000001 -1 83 0.4303398132324219 5
2 -1 2 667.08 173.70000000000002 -1 83 0.5781748294830322 5
2 -1 3 655.09 171.54000000000002 -1 83 0.634451150894165 5
2 -1 4 623.04 151.02 -1 83 0.012069940567016602 5
random:5T:1500
0 -1 0 836.43 174.82 -1 68 0.47804689407348633 5
0 -1 1 842.2 191.2 -1 68 0.5699818134307861 5
0 -1 2 862.63 155.53 -1 68 0.7209360599517822 5
0 -1 3 842.24 128.23999999999998 -1 68 0.7800686359405518 5
0 -1 4 844.86 208.87 -1 68 0.01694798469543457 5
1 -1 0 784.77 198.63000000000002 -1 91 0.6632571220397949 5
1 -1 1 783.6 196.84 -1 91 0.7225651741027832 5
1 -1 2 803.05 119.43999999999998 -1 91 0.8798999786376953 5
1 -1 3 817.95 121.88000000000001 -1 91 0.9451961517333984 5
1 -1 4 724.49 161.44 -1 91 0.01651787757873535 5
2 -1 0 835.32 354.62 -1 83 0.49324584007263184 5
2 -1 1 826.68 404.3300000000001 -1 83 0.5730829238891602 5
2 -1 2 847.59 228.94000000000003 -1 83 0.7508630752563477 5
2 -1 3 842.63 286.27 -1 83 0.7923979759216309 5
2 -1 4 786.77 179.22 -1 83 0.0128631591796875 5
random:6T:300
0 -1 0 108.57 44.8 -1 76 0.059999942779541016 6
0 -1 1 107.98 39.04 -1 76 0.08719515800476074 6
0 -1 2 108.56 44.8 -1 76 0.08291387557983398 6
0 -1 3 120.21 35.03 -1 76 0.14858794212341309 6
0 -1 4 113.93 14.7 -1 76 0.005498170852661133 6
1 -1 0 112.92 26.1 -1 78 0.05429792404174805 6
1 -1 1 113.02 33.83 -1 78 0.10370612144470215 6
1 -1 2 112.95 26.830000000000005 -1 78 0.061328887939453125 6
1 -1 3 113.46 30.68 -1 78 0.15859508514404297 6
1 -1 4 112.67 32.42 -1 78 0.006707906723022461 6
2 -1 0 123.69 38.21000000000001 -1 86 0.06363415718078613 6
2 -1 1 124.98 39.43 -1 86 0.11834597587585449 6
2 -1 2 123.68 33.71 -1 86 0.09407401084899902 6
2 -1 3 124.9 35.97 -1 86 0.1809220314025879 6
2 -1 4 121.02 39.75 -1 86 0.0054779052734375 6
random:6T:600
0 -1 0 288.74 141.62 -1 76 0.19176697731018066 6
0 -1 1 289.66 144.54 -1 76 0.20466184616088867 6
0 -1 2 283.35 78.73 -1 76 0.25485968589782715 6
0 -1 3 297.15 81.44 -1 76 0.3009798526763916 6
0 -1 4 285.07 63.949999999999996 -1 76 0.008709192276000977 6
1 -1 0 287.47 64.61 -1 78 0.17278790473937988 6
1 -1 1 286.84 78.07 -1 78 0.21103405952453613 6
1 -1 2 290.36 89.99 -1 78 0.2500312328338623 6
1 -1 3 288.29 65.63000000000001 -1 78 0.34659314155578613 6
1 -1 4 284.29 65.82 -1 78 0.0077550411224365234 6
2 -1 0 296.46 90.75 -1 86 0.20035910606384277 6
2 -1 1 298.64 87.63000000000001 -1 86 0.2570810317993164 6
2 -1 2 301.55 75.14 -1 86 0.28969717025756836 6
2 -1 3 306.88 87.02999999999999 -1 86 0.38915300369262695 6
2 -1 4 287.87 62.949999999999996 -1 86 0.01138615608215332 6
random:6T:900
0 -1 0 463.89 232.02999999999997 -1 76 0.2944478988647461 6
0 -1 1 468.61 255.49000000000004 -1 76 0.32563281059265137 6
0 -1 2 466.77 124.1 -1 76 0.4194467067718506 6
0 -1 3 473.23 101.02000000000001 -1 76 0.4468269348144531 6
0 -1 4 458.88 113.33 -1 76 0.010350227355957031 6
1 -1 0 461.96 106.41 -1 78 0.3007030487060547 6
1 -1 1 459.84 114.41999999999999 -1 78 0.3258037567138672 6
1 -1 2 467.01 112.58 -1 78 0.41347813606262207 6
1 -1 3 460.44 97.17999999999999 -1 78 0.5450899600982666 6
1 -1 4 438.96 126.1 -1 78 0.00947880744934082 6
2 -1 0 466.49 152.45000000000002 -1 86 0.32979393005371094 6
2 -1 1 471.93 155.99 -1 86 0.39281797409057617 6
2 -1 2 475.18 117.41999999999999 -1 86 0.5097870826721191 6
2 -1 3 473.55 135.57 -1 86 0.7379779815673828 6
2 -1 4 446.44 111.46000000000001 -1 86 0.017368078231811523 6
random:6T:1200
0 -1 0 642.55 333.59 -1 76 0.4276871681213379 6
0 -1 1 650.35 348.56 -1 76 0.41442394256591797 6
0 -1 2 645.36 182.18 -1 76 0.5722780227661133 6
0 -1 3 638.4 139.48000000000002 -1 76 0.5838561058044434 6
0 -1 4 633.68 162.57 -1 76 0.014950990676879883 6
1 -1 0 636.09 141.94 -1 78 0.37107133865356445 6
1 -1 1 636.24 157.94 -1 78 0.4440298080444336 6
1 -1 2 641.76 124.58999999999997 -1 78 0.5653901100158691 6
1 -1 3 633.73 147.29 -1 78 0.6742498874664307 6
1 -1 4 588.52 142.32999999999998 -1 78 0.01186990737915039 6
2 -1 0 641.17 218.05 -1 86 0.4493570327758789 6
2 -1 1 642.41 215.45000000000002 -1 86 0.48158717155456543 6
2 -1 2 654.06 165.18 -1 86 0.6372590065002441 6
2 -1 3 649.54 147.03000000000003 -1 86 0.7098069190979004 6
2 -1 4 595.13 124.32000000000001 -1 86 0.013914823532104492 6
random:6T:1500
0 -1 0 820.55 426.54999999999995 -1 76 0.516232967376709 6
0 -1 1 830.57 461.99000000000007 -1 76 0.5391020774841309 6
0 -1 2 808.9 263.88 -1 76 0.70719313621521 6
0 -1 3 813.76 169.81 -1 76 0.7300937175750732 6
0 -1 4 809.66 211.51999999999998 -1 76 0.016119003295898438 6
1 -1 0 808.3 178.64000000000004 -1 78 0.541496992111206 6
1 -1 1 812.61 191.79 -1 78 0.5424258708953857 6
1 -1 2 817.83 157.29999999999998 -1 78 0.7403371334075928 6
1 -1 3 817.41 167.97 -1 78 0.8383700847625732 6
1 -1 4 761.37 192.81 -1 78 0.012447118759155273 6
2 -1 0 816.62 293.47 -1 86 0.5771059989929199 6
2 -1 1 814.55 286.0 -1 86 0.590872049331665 6
2 -1 2 823.78 223.96000000000006 -1 86 0.8086960315704346 6
2 -1 3 818.74 214.76999999999998 -1 86 0.9605879783630371 6
2 -1 4 765.57 161.87 -1 86 0.0174410343170166 6
random:7T:300
0 -1 0 99.19 14.32 -1 172 0.10450482368469238 7
0 -1 1 98.6 0 -14 172 0.23524928092956543 7
0 -1 2 99.2 14.32 -1 172 0.12420511245727539 7
0 -1 3 98.59 0 -14 172 0.327862024307251 7
0 -1 4 97.69 14.51 -1 172 0.010974884033203125 7
1 -1 0 105.86 36.67 -1 155 0.09271907806396484 7
1 -1 1 107.4 20.48 -1 155 0.21285510063171387 7
1 -1 2 105.86 36.67 -1 155 0.10316181182861328 7
1 -1 3 108.54 24.75 -1 155 0.28462910652160645 7
1 -1 4 107.12 14.74 -1 155 0.010438203811645508 7
2 -1 0 130.62 19.509999999999998 -1 156 0.12944817543029785 7
2 -1 1 131.72 19.0 -1 156 0.25219273567199707 7
2 -1 2 130.75 18.18 -1 156 0.1513831615447998 7
2 -1 3 131.85 17.860000000000003 -1 156 0.32828521728515625 7
2 -1 4 119.87 14.79 -1 156 0.010680913925170898 7
random:7T:600
0 -1 0 251.04 36.53 -1 172 0.29431581497192383 7
0 -1 1 249.29 29.34 -1 172 0.45710206031799316 7
0 -1 2 250.15 29.3 -1 172 0.5204780101776123 7
0 -1 3 248.99 29.33 -1 172 0.6372420787811279 7
0 -1 4 243.86 60.78 -1 172 0.011868000030517578 7
1 -1 0 264.97 49.48 -1 155 0.25451016426086426 7
1 -1 1 268.75 74.38000000000001 -1 155 0.4161200523376465 7
1 -1 2 265.69 60.42 -1 155 0.4285709857940674 7
1 -1 3 268.37 38.11 -1 155 0.597358226776123 7
1 -1 4 257.25 61.59 -1 155 0.01239776611328125 7
2 -1 0 298.61 42.89 -1 156 0.33585286140441895 7
2 -1 1 299.61 42.910000000000004 -1 156 0.4422311782836914 7
2 -1 2 298.82 42.89 -1 156 0.652918815612793 7
2 -1 3 298.82 42.89 -1 156 0.8837058544158936 7
2 -1 4 271.92 61.29 -1 156 0.02071404457092285 7
random:7T:900
0 -1 0 402.29 57.15 -1 172 0.5287721157073975 7
0 -1 1 402.09 52.75999999999999 -1 172 0.6588160991668701 7
0 -1 2 399.5 65.23 -1 172 0.8836638927459717 7
0 -1 3 404.49 43.94 -1 172 1.0200812816619873 7
0 -1 4 369.23 64.27999999999999 -2 172 0.020660877227783203 7
1 -1 0 425.84 70.52 -1 155 0.46767520904541016 7
1 -1 1 430.99 91.60000000000001 -1 155 0.6151778697967529 7
1 -1 2 427.46 75.08 -1 155 0.7189970016479492 7
1 -1 3 432.23 86.16000000000001 -1 155 0.9212789535522461 7
1 -1 4 391.18 64.34 -1 155 0.017912864685058594 7
2 -1 0 467.12 71.08 -1 156 0.5129897594451904 7
2 -1 1 468.82 70.12 -1 156 0.6349151134490967 7
2 -1 2 468.52 70.42 -1 156 0.7983160018920898 7
2 -1 3 468.52 70.42 -1 156 0.9188811779022217 7
2 -1 4 414.76 64.34 -1 156 0.01579880714416504 7
random:7T:1200
0 -1 0 552.95 73.18 -1 172 0.7262370586395264 7
0 -1 1 553.64 71.64999999999999 -1 172 0.9596080780029297 7
0 -1 2 561.72 58.980000000000004 -1 172 1.2238149642944336 7
0 -1 3 556.7 65.22 -1 172 1.5473639965057373 7
0 -1 4 519.81 111.81 -1 172 0.028203964233398438 7
1 -1 0 585.28 92.21 -1 155 0.8028590679168701 7
1 -1 1 592.42 116.30000000000001 -1 155 0.8350911140441895 7
1 -1 2 590.76 102.1 -1 155 1.1721479892730713 7
1 -1 3 594.63 112.48999999999998 -1 155 1.7269577980041504 7
1 -1 4 529.14 91.65 -1 155 0.024070024490356445 7
2 -1 0 636.07 99.13999999999999 -1 156 0.8345510959625244 7
2 -1 1 637.14 97.43 -1 156 0.8558249473571777 7
2 -1 2 640.15 92.96 -1 156 1.189305067062378 7
2 -1 3 640.15 92.96 -1 156 1.2869408130645752 7
2 -1 4 569.95 110.78999999999999 -1 156 0.020515918731689453 7
random:7T:1500
0 -1 0 703.92 93.95000000000002 -1 172 0.9483070373535156 7
0 -1 1 704.87 87.94999999999999 -1 172 1.0512728691101074 7
0 -1 2 717.89 101.53999999999999 -1 172 1.5620510578155518 7
0 -1 3 719.14 87.02000000000001 -1 172 1.6391651630401611 7
0 -1 4 643.9 113.77999999999997 -2 172 0.023401975631713867 7
1 -1 0 745.66 108.02 -1 155 0.8619058132171631 7
1 -1 1 753.68 132.87 -1 155 1.1173338890075684 7
1 -1 2 757.65 128.76 -1 155 1.5406689643859863 7
1 -1 3 770.12 138.17 -1 155 1.8814501762390137 7
1 -1 4 676.61 113.78 -1 155 0.023370027542114258 7
2 -1 0 804.35 126.97999999999999 -1 156 0.950239896774292 7
2 -1 1 805.69 124.17 -1 156 1.0041358470916748 7
2 -1 2 822.26 110.05 -1 156 1.3858311176300049 7
2 -1 3 822.26 110.05 -1 156 1.580631971359253 7
2 -1 4 713.07 113.84 -1 156 0.02340984344482422 7
random:8T:300
0 -1 0 176.36 92.94 -1 47 0.07259106636047363 8
0 -1 1 173.4 76.96 -1 47 0.07519006729125977 8
0 -1 2 176.62 65.31 -1 47 0.09295892715454102 8
0 -1 3 176.18 44.49 -1 47 0.10782885551452637 8
0 -1 4 166.89 51.47 -1 47 0.0044553279876708984 8
1 -1 0 101.3 12.31 -1 119 0.048887014389038086 8
1 -1 1 109.16 0 -4 119 0.14890599250793457 8
1 -1 2 101.45 12.31 -1 119 0.057127952575683594 8
1 -1 3 106.11 1.57 -1 119 0.19481611251831055 8
1 -1 4 108.33 14.73 -3 119 0.007895946502685547 8
2 -1 0 100.79 32.51 -2 105 0.04586482048034668 8
2 -1 1 102.32 0 -6 105 0.11960887908935547 8
2 -1 2 100.79 32.51 -2 105 0.05241584777832031 8
2 -1 3 101.12 0 -10 105 0.202775239944458 8
2 -1 4 102.06 59.77 -1 105 0.007931232452392578 8
random:8T:600
0 -1 0 387.54 218.34 -1 47 0.15166997909545898 8
0 -1 1 379.3 181.77 -1 47 0.15217304229736328 8
0 -1 2 387.5 99.26 -1 47 0.1803760528564453 8
0 -1 3 389.94 104.22 -1 47 0.22031593322753906 8
0 -1 4 365.84 107.50000000000001 -1 47 0.00657200813293457 8
1 -1 0 247.74 63.24 -1 119 0.19307804107666016 8
1 -1 1 258.74 27.12 -1 119 0.26405811309814453 8
1 -1 2 249.46 14.84 -1 119 0.2541830539703369 8
1 -1 3 260.85 19.72 -1 119 0.3958420753479004 8
1 -1 4 254.23 59.84 -1 119 0.009385108947753906 8
2 -1 0 261.74 120.23 -1 105 0.1817631721496582 8
2 -1 1 263.17 119.74 -2 105 0.25717687606811523 8
2 -1 2 263.67 120.23 -1 105 0.2575550079345703 8
2 -1 3 261.94 102.24 -2 105 0.35127711296081543 8
2 -1 4 255.01 148.54 -1 105 0.009181976318359375 8
random:8T:900
0 -1 0 597.47 369.33 -1 47 0.20901918411254883 8
0 -1 1 586.9 335.87 -1 47 0.2337491512298584 8
0 -1 2 596.81 146.07999999999998 -1 47 0.28275108337402344 8
0 -1 3 597.39 171.51 -1 47 0.30744290351867676 8
0 -1 4 567.54 185.86 -1 47 0.008095979690551758 8
1 -1 0 393.83 63.9 -1 119 0.30593276023864746 8
1 -1 1 406.2 43.870000000000005 -1 119 0.37136006355285645 8
1 -1 2 407.94 29.57 -1 119 0.4764740467071533 8
1 -1 3 410.41 29.63 -1 119 0.6019320487976074 8
1 -1 4 373.41 64.33 -3 119 0.011366844177246094 8
2 -1 0 423.24 188.92999999999998 -1 105 0.3084700107574463 8
2 -1 1 422.03 187.99 -1 105 0.3629570007324219 8
2 -1 2 426.12 229.11 -1 105 0.45032215118408203 8
2 -1 3 429.98 166.12 -1 105 0.5560369491577148 8
2 -1 4 381.84 275.68 -1 105 0.011723995208740234 8
random:8T:1200
0 -1 0 805.39 495.36999999999995 -1 47 0.293781042098999 8
0 -1 1 788.33 404.15 -1 47 0.30171799659729004 8
0 -1 2 809.7 175.12 -1 47 0.4006967544555664 8
0 -1 3 810.22 202.57999999999998 -1 47 0.4271421432495117 8
0 -1 4 771.35 245.2 -1 47 0.010481834411621094 8
1 -1 0 541.72 78.41 -1 119 0.44861483573913574 8
1 -1 1 552.85 58.82 -1 119 0.49727487564086914 8
1 -1 2 555.48 50.359999999999985 -1 119 0.6253392696380615 8
1 -1 3 560.44 78.91 -1 119 0.7932639122009277 8
1 -1 4 520.55 111.28000000000002 -1 119 0.013328075408935547 8
2 -1 0 583.82 253.57 -1 105 0.44426631927490234 8
2 -1 1 581.93 196.94 -1 105 0.5001020431518555 8
2 -1 2 595.85 306.64 -1 105 0.6215779781341553 8
2 -1 3 599.31 222.19 -1 105 0.7449688911437988 8
2 -1 4 536.4 371.46999999999997 -1 105 0.012208938598632812 8
random:8T:1500
0 -1 0 1013.31 623.43 -1 47 0.40436291694641113 8
0 -1 1 994.75 532.38 -1 47 0.38306713104248047 8
0 -1 2 1021.33 217.25 -1 47 0.503849983215332 8
0 -1 3 1020.89 222.19999999999996 -1 47 0.5145280361175537 8
0 -1 4 975.46 296.78 -1 47 0.012451887130737305 8
1 -1 0 690.43 92.89 -1 119 0.5808539390563965 8
1 -1 1 703.78 102.19999999999999 -1 119 0.6316738128662109 8
1 -1 2 705.09 73.69 -1 119 0.8159830570220947 8
1 -1 3 709.43 66.65 -1 119 0.934445858001709 8
1 -1 4 637.97 113.82 -1 119 0.015368938446044922 8
2 -1 0 742.98 348.2 -1 105 0.556337833404541 8
2 -1 1 742.34 269.78000000000003 -1 105 0.6166262626647949 8
2 -1 2 758.41 264.61 -1 105 0.801159143447876 8
2 -1 3 764.61 300.15 -1 105 0.9017009735107422 8
2 -1 4 662.8 478.65000000000003 -1 105 0.014391183853149414 8
random:9T:300
0 -1 0 119.85 18.0 -1 106 0.051310062408447266 9
0 -1 1 131.71 0 -11 106 0.11924099922180176 9
0 -1 2 120.01 16.88 -1 106 0.08331298828125 9
0 -1 3 132.32 0 -10 106 0.22114109992980957 9
0 -1 4 110.99 14.63 -1 106 0.007230997085571289 9
1 -1 0 114.19 17.61 -1 98 0.05394387245178223 9
1 -1 1 117.34 0 -9 98 0.10020804405212402 9
1 -1 2 114.2 17.58 -1 98 0.07262110710144043 9
1 -1 3 117.11 0 -8 98 0.15475082397460938 9
1 -1 4 102.67 14.53 -1 98 0.006249904632568359 9
2 -1 0 157.51 60.0 -1 73 0.07852602005004883 9
2 -1 1 155.82 0 -5 73 0.0877227783203125 9
2 -1 2 157.64 55.980000000000004 -1 73 0.09151601791381836 9
2 -1 3 161.98 0 -2 73 0.15979409217834473 9
2 -1 4 141.31 34.25 -1 73 0.009285688400268555 9
random:9T:600
0 -1 0 287.83 49.5 -1 106 0.21083807945251465 9
0 -1 1 293.13 0 -10 106 0.2546548843383789 9
0 -1 2 285.86 49.5 -1 106 0.2765779495239258 9
0 -1 3 294.43 0 -10 106 0.4045228958129883 9
0 -1 4 262.61 63.71 -1 106 0.009960174560546875 9
1 -1 0 283.8 60.09 -1 98 0.15938711166381836 9
1 -1 1 282.21 0 -6 98 0.20585107803344727 9
1 -1 2 288.12 65.97 -1 98 0.28634214401245117 9
1 -1 3 288.0 0 -4 98 0.32525205612182617 9
1 -1 4 260.76 60.83 -1 98 0.008131742477416992 9
2 -1 0 343.98 108.71000000000001 -1 73 0.17728304862976074 9
2 -1 1 333.49 0 -5 73 0.19305109977722168 9
2 -1 2 345.51 80.82000000000001 -1 73 0.22778987884521484 9
2 -1 3 350.4 0 -5 73 0.27312731742858887 9
2 -1 4 310.09 64.13 -1 73 0.007545948028564453 9
random:9T:900
0 -1 0 452.08 49.5 -1 106 0.3240480422973633 9
0 -1 1 456.49 0 -7 106 0.3726949691772461 9
0 -1 2 447.98 49.5 -1 106 0.4309070110321045 9
0 -1 3 461.34 0 -6 106 0.5896031856536865 9
0 -1 4 399.16 66.52 -1 106 0.01788616180419922 9
1 -1 0 449.91 100.39 -1 98 0.2911229133605957 9
1 -1 1 443.71 0 -6 98 0.3346590995788574 9
1 -1 2 461.02 98.08 -1 98 0.4794797897338867 9
1 -1 3 462.98 0 -1 98 0.6413402557373047 9
1 -1 4 393.25 65.95 -1 98 0.00984501838684082 9
2 -1 0 527.87 137.14 -2 73 0.2963719367980957 9
2 -1 1 511.14 0 -5 73 0.3708789348602295 9
2 -1 2 538.41 126.81000000000003 -1 73 0.34993910789489746 9
2 -1 3 540.65 18.48 -2 73 0.4342331886291504 9
2 -1 4 482.7 113.41 -1 73 0.009084939956665039 9
random:9T:1200
0 -1 0 614.42 49.5 -1 106 0.6486921310424805 9
0 -1 1 619.42 0 -7 106 0.5647389888763428 9
0 -1 2 617.04 49.5 -1 106 0.689410924911499 9
0 -1 3 629.83 0 -9 106 0.8693618774414062 9
0 -1 4 538.87 113.77 -1 106 0.016363859176635742 9
1 -1 0 616.3 138.76 -2 98 0.411700963973999 9
1 -1 1 608.87 0 -6 98 0.45301103591918945 9
1 -1 2 634.03 136.34 -1 98 0.705590009689331 9
1 -1 3 633.18 42.22 -2 98 0.7120811939239502 9
1 -1 4 541.62 110.36 -1 98 0.01294088363647461 9
2 -1 0 709.82 139.09 -2 73 0.3604128360748291 9
2 -1 1 688.78 0 -5 73 0.39487600326538086 9
2 -1 2 721.35 139.09 -2 73 0.4671597480773926 9
2 -1 3 724.44 0 -3 73 0.5510261058807373 9
2 -1 4 657.32 162.17999999999998 -1 73 0.011881113052368164 9
random:9T:1500
0 -1 0 777.58 53.029999999999994 -1 106 0.6626050472259521 9
0 -1 1 782.33 0 -9 106 0.7003083229064941 9
0 -1 2 786.18 49.5 -1 106 0.859760046005249 9
0 -1 3 795.45 0 -9 106 0.925947904586792 9
0 -1 4 692.9 162.25 -1 106 0.019379377365112305 9
1 -1 0 780.73 139.46 -2 98 0.4844350814819336 9
1 -1 1 771.25 0 -6 98 0.5517880916595459 9
1 -1 2 801.63 141.52 -2 98 0.7189879417419434 9
1 -1 3 804.12 0 -2 98 0.8234081268310547 9
1 -1 4 689.49 157.78 -1 98 0.01653289794921875 9
2 -1 0 889.25 139.53 -4 73 0.44778919219970703 9
2 -1 1 866.86 0 -5 73 0.6125259399414062 9
2 -1 2 906.62 139.53 -2 73 0.6704299449920654 9
2 -1 3 908.36 0 -2 73 0.7214219570159912 9
2 -1 4 830.46 209.06 -1 73 0.019812822341918945 9
