random:0T:300
0 -1 0 62.48 0 -64 284 0.07925200462341309 0
0 -1 1 63.71 0 -65 284 0.38764190673828125 0
0 -1 2 62.48 0 -64 284 0.09202790260314941 0
0 -1 3 63.74 0 -58 284 0.49038124084472656 0
0 -1 4 52.87 0 -78 284 0.02419590950012207 0
random:0T:600
0 -1 0 153.61 12.95 -1 284 0.16746187210083008 0
0 -1 1 168.58 0 -32 284 0.9696948528289795 0
0 -1 2 153.96 12.95 -1 284 0.2267923355102539 0
0 -1 3 167.44 0 -23 284 1.1408698558807373 0
0 -1 4 152.61 14.82 -4 284 0.024448156356811523 0
random:0T:900
0 -1 0 263.74 14.85 -2 284 0.5664248466491699 0
0 -1 1 274.92 0 -18 284 1.1959519386291504 0
0 -1 2 262.66 14.85 -1 284 0.7201721668243408 0
0 -1 3 275.79 0 -10 284 1.5853080749511719 0
0 -1 4 241.67 14.85 -1 284 0.029453039169311523 0
random:0T:1200
0 -1 0 372.46 14.85 -1 284 0.9896020889282227 0
0 -1 1 384.88 0 -14 284 1.6084129810333252 0
0 -1 2 369.32 18.99 -1 284 1.323969841003418 0
0 -1 3 379.64 0 -8 284 2.3081297874450684 0
0 -1 4 328.91 63.67 -1 284 0.03038191795349121 0
random:0T:1500
0 -1 0 479.91 28.93 -1 284 1.3508858680725098 0
0 -1 1 496.78 0 -12 284 2.1113460063934326 0
0 -1 2 480.5 24.799999999999997 -1 284 1.8515040874481201 0
0 -1 3 489.12 0 -2 284 2.6729001998901367 0
0 -1 4 410.5 63.96 -1 284 0.02624797821044922 0
random:1T:300
0 -1 0 59.77 0 -64 271 0.11020898818969727 1
0 -1 1 59.77 0 -64 271 0.3529837131500244 1
0 -1 2 59.77 0 -64 271 0.10240721702575684 1
0 -1 3 58.29 0 -82 271 0.5062768459320068 1
0 -1 4 56.82 0 -74 271 0.015706777572631836 1
random:1T:600
0 -1 0 156.12 14.84 -2 271 0.11579298973083496 1
0 -1 1 166.06 0 -3 271 0.635300874710083 1
0 -1 2 156.06 14.84 -2 271 0.1258549690246582 1
0 -1 3 165.3 0 -3 271 1.1600561141967773 1
0 -1 4 158.81 14.61 -1 271 0.026500940322875977 1
random:1T:900
0 -1 0 254.51 14.85 -2 271 0.5300178527832031 1
0 -1 1 272.41 0 -3 271 1.169787883758545 1
0 -1 2 253.3 14.85 -2 271 0.7045261859893799 1
0 -1 3 277.3 14.66 -1 271 1.8349571228027344 1
0 -1 4 248.62 14.85 -1 271 0.028780698776245117 1
random:1T:1200
0 -1 0 363.43 29.689999999999998 -3 271 1.0150861740112305 1
0 -1 1 378.32 0 -3 271 1.677211046218872 1
0 -1 2 361.07 29.6 -1 271 1.3630108833312988 1
0 -1 3 379.43 28.48 -1 271 2.386780023574829 1
0 -1 4 339.25 14.85 -1 271 0.029382944107055664 1
random:1T:1500
0 -1 0 469.86 44.349999999999994 -1 271 1.4731550216674805 1
0 -1 1 489.54 54.83 -1 271 2.030526876449585 1
0 -1 2 470.57 29.689999999999998 -1 271 1.8011958599090576 1
0 -1 3 488.77 43.43 -1 271 2.7465410232543945 1
0 -1 4 424.54 63.19 -1 271 0.03603315353393555 1
random:2T:300
0 -1 0 89.23 14.47 -3 221 0.08877301216125488 2
0 -1 1 89.23 14.47 -3 221 0.29010581970214844 2
0 -1 2 88.88 14.47 -3 221 0.13905715942382812 2
0 -1 3 88.88 14.47 -3 221 0.4238128662109375 2
0 -1 4 88.89 14.47 -3 221 0.01598501205444336 2
random:2T:600
0 -1 0 225.14 29.45 -3 221 0.3828461170196533 2
0 -1 1 225.14 29.45 -3 221 0.5386958122253418 2
0 -1 2 225.14 29.45 -3 221 0.5478842258453369 2
0 -1 3 225.14 29.45 -3 221 0.8381588459014893 2
0 -1 4 192.53 14.85 -8 221 0.02050471305847168 2
random:2T:900
0 -1 0 360.43 49.589999999999996 -3 221 0.7136514186859131 2
0 -1 1 360.43 49.589999999999996 -3 221 0.8582336902618408 2
0 -1 2 360.41 49.589999999999996 -2 221 1.0017101764678955 2
0 -1 3 360.41 49.589999999999996 -2 221 1.2656137943267822 2
0 -1 4 306.3 35.52 -1 221 0.027759075164794922 2
random:2T:1200
0 -1 0 497.46 71.18 -3 221 0.9771702289581299 2
0 -1 1 497.46 71.18 -3 221 1.1560938358306885 2
0 -1 2 487.23 59.13 -1 221 1.4278779029846191 2
0 -1 3 487.23 59.13 -1 221 1.7574069499969482 2
0 -1 4 399.11 64.28 -1 221 0.0304257869720459 2
random:2T:1500
0 -1 0 632.29 87.39999999999999 -3 221 1.2507319450378418 2
0 -1 1 632.29 87.39999999999999 -3 221 1.470418930053711 2
0 -1 2 616.46 73.92 -1 221 1.8031597137451172 2
0 -1 3 616.46 73.92 -1 221 2.048640012741089 2
0 -1 4 487.94 64.35 -7 221 0.028272151947021484 2
random:3T:300
0 -1 0 69.84 0 -50 272 0.08954691886901855 3
0 -1 1 69.86 0 -52 272 0.3370518684387207 3
0 -1 2 69.84 0 -50 272 0.09104633331298828 3
0 -1 3 69.33 0 -46 272 0.6020448207855225 3
0 -1 4 57.69 0 -73 272 0.023228883743286133 3
random:3T:600
0 -1 0 159.75 14.23 -1 272 0.20265483856201172 3
0 -1 1 177.68 0 -27 272 0.7933182716369629 3
0 -1 2 159.95 14.23 -1 272 0.26357102394104004 3
0 -1 3 178.19 0 -26 272 1.1282939910888672 3
0 -1 4 158.43 14.84 -1 272 0.023335933685302734 3
random:3T:900
0 -1 0 269.26 14.85 -1 272 0.5376980304718018 3
0 -1 1 288.17 0 -15 272 1.1571168899536133 3
0 -1 2 270.04 14.85 -1 272 0.7211399078369141 3
0 -1 3 288.77 0 -15 272 1.6857950687408447 3
0 -1 4 243.43 14.85 -5 272 0.02999114990234375 3
random:3T:1200
0 -1 0 375.98 14.85 -1 272 0.9303491115570068 3
0 -1 1 398.62 0 -15 272 1.504573106765747 3
0 -1 2 377.21 29.54 -1 272 1.354356050491333 3
0 -1 3 401.96 0 -15 272 1.994872808456421 3
0 -1 4 336.93 46.48 -1 272 0.022321224212646484 3
random:3T:1500
0 -1 0 489.33 14.85 -1 272 1.2469778060913086 3
0 -1 1 508.86 0 -11 272 1.8582398891448975 3
0 -1 2 487.37 29.7 -1 272 1.9471638202667236 3
0 -1 3 513.41 0 -12 272 2.652095079421997 3
0 -1 4 423.32 64.26 -1 272 0.02536797523498535 3
random:4T:300
0 -1 0 70.41 0 -49 270 0.06869292259216309 4
0 -1 1 70.41 0 -49 270 0.28672075271606445 4
0 -1 2 70.41 0 -49 270 0.0924079418182373 4
0 -1 3 69.85 0 -45 270 0.5439157485961914 4
0 -1 4 58.15 0 -73 270 0.017157793045043945 4
random:4T:600
0 -1 0 164.77 14.85 -3 270 0.2591259479522705 4
0 -1 1 179.69 0 -20 270 0.7461361885070801 4
0 -1 2 164.44 14.85 -3 270 0.2432389259338379 4
0 -1 3 179.42 0 -22 270 0.8903031349182129 4
0 -1 4 159.6 14.85 -4 270 0.021895170211791992 4
random:4T:900
0 -1 0 279.46 29.619999999999997 -1 270 0.6537060737609863 4
0 -1 1 293.36 0 -14 270 1.1662852764129639 4
0 -1 2 280.05 29.560000000000002 -2 270 0.793316125869751 4
0 -1 3 291.55 0 -16 270 1.7274200916290283 4
0 -1 4 244.97 14.85 -4 270 0.031065940856933594 4
random:4T:1200
0 -1 0 387.85 44.32 -3 270 0.9528920650482178 4
0 -1 1 403.37 0 -16 270 1.3366360664367676 4
0 -1 2 392.35 44.38 -2 270 1.377533197402954 4
0 -1 3 403.16 0 -10 270 2.238524913787842 4
0 -1 4 338.66 62.51 -1 270 0.039267778396606445 4
random:4T:1500
0 -1 0 500.55 49.5 -1 270 1.3964767456054688 4
0 -1 1 515.23 0 -12 270 1.9723949432373047 4
0 -1 2 505.03 49.5 -2 270 1.9353468418121338 4
0 -1 3 519.56 0 -14 270 2.4642348289489746 4
0 -1 4 426.02 64.01 -1 270 0.029206037521362305 4
random:5T:300
0 -1 0 56.44 0 -64 242 0.06996297836303711 5
0 -1 1 58.87 0 -58 242 0.26221418380737305 5
0 -1 2 56.44 0 -64 242 0.08425188064575195 5
0 -1 3 58.83 0 -54 242 0.45528197288513184 5
0 -1 4 55.24 0 -67 242 0.013082027435302734 5
random:5T:600
0 -1 0 152.43 14.85 -7 242 0.13371586799621582 5
0 -1 1 168.51 0 -19 242 0.686898946762085 5
0 -1 2 152.44 14.85 -7 242 0.1399080753326416 5
0 -1 3 165.8 0 -21 242 0.899709939956665 5
0 -1 4 161.84 14.84 -5 242 0.019587993621826172 5
random:5T:900
0 -1 0 263.66 22.48 -1 242 0.46298980712890625 5
0 -1 1 273.82 0 -6 242 1.0001399517059326 5
0 -1 2 262.47 14.85 -1 242 0.6685240268707275 5
0 -1 3 276.07 0 -16 242 1.4460780620574951 5
0 -1 4 266.68 17.03 -1 242 0.02062702178955078 5
random:5T:1200
0 -1 0 375.12 34.96 -1 242 0.8350479602813721 5
0 -1 1 386.02 0 -2 242 1.380500078201294 5
0 -1 2 373.03 41.4 -1 242 1.128835916519165 5
0 -1 3 388.73 0 -4 242 2.0585520267486572 5
0 -1 4 378.53 54.45 -1 242 0.025422096252441406 5
random:5T:1500
0 -1 0 488.57 44.53 -3 242 1.2078440189361572 5
0 -1 1 499.91 36.449999999999996 -1 242 1.693793773651123 5
0 -1 2 480.08 44.54 -3 242 1.6582140922546387 5
0 -1 3 508.27 0 -10 242 2.330132007598877 5
0 -1 4 452.16 54.45 -1 242 0.023698806762695312 5
random:6T:300
0 -1 0 62.15 0 -54 240 0.08572697639465332 6
0 -1 1 62.15 0 -54 240 0.3412899971008301 6
0 -1 2 62.15 0 -54 240 0.09364128112792969 6
0 -1 3 62.07 0 -49 240 0.4062938690185547 6
0 -1 4 54.35 0 -66 240 0.01603102684020996 6
random:6T:600
0 -1 0 158.21 14.85 -4 240 0.1754307746887207 6
0 -1 1 170.27 0 -14 240 0.6748840808868408 6
0 -1 2 158.2 14.85 -4 240 0.18139123916625977 6
0 -1 3 169.39 0 -12 240 0.8409948348999023 6
0 -1 4 162.99 14.82 -1 240 0.026060819625854492 6
random:6T:900
0 -1 0 271.13 14.85 -1 240 0.47041797637939453 6
0 -1 1 283.2 0 -8 240 0.9741091728210449 6
0 -1 2 270.33 14.85 -1 240 0.6518349647521973 6
0 -1 3 283.04 0 -2 240 1.3704769611358643 6
0 -1 4 269.66 17.03 -1 240 0.02218031883239746 6
random:6T:1200
0 -1 0 383.36 44.08 -1 240 0.7011477947235107 6
0 -1 1 398.47 0 -8 240 1.3728508949279785 6
0 -1 2 384.0 44.21 -1 240 1.1914050579071045 6
0 -1 3 394.99 29.05 -1 240 1.942425012588501 6
0 -1 4 381.04 58.09 -1 240 0.026134967803955078 6
random:6T:1500
0 -1 0 493.94 56.3 -1 240 1.1832048892974854 6
0 -1 1 511.26 0 -6 240 1.6831281185150146 6
0 -1 2 496.2 50.84 -1 240 1.6696887016296387 6
0 -1 3 506.42 43.94 -1 240 3.205747127532959 6
0 -1 4 455.51 60.1 -1 240 0.06647491455078125 6
random:7T:300
0 -1 0 57.58 0 -113 483 0.30527377128601074 7
0 -1 1 57.24 0 -113 483 1.0089881420135498 7
0 -1 2 57.58 0 -113 483 0.24939918518066406 7
0 -1 3 57.24 0 -113 483 1.4597361087799072 7
0 -1 4 54.59 0 -130 483 0.055589914321899414 7
random:7T:600
0 -1 0 164.71 14.57 -1 483 0.4781510829925537 7
0 -1 1 164.84 10.95 -1 483 1.974613904953003 7
0 -1 2 164.68 14.57 -1 483 0.9204180240631104 7
0 -1 3 162.92 0.25 -1 483 2.4919068813323975 7
0 -1 4 156.84 14.74 -1 483 0.051223039627075195 7
random:7T:900
0 -1 0 273.39 14.85 -1 483 1.4762587547302246 7
0 -1 1 278.88 14.85 -1 483 2.5524213314056396 7
0 -1 2 273.28 14.85 -1 483 1.9516627788543701 7
0 -1 3 278.7 14.85 -1 483 3.205954074859619 7
0 -1 4 238.38 14.85 -11 483 0.04550600051879883 7
random:7T:1200
0 -1 0 386.22 29.66 -1 483 1.8241567611694336 7
0 -1 1 391.86 29.48 -1 483 2.7965307235717773 7
0 -1 2 385.81 29.66 -1 483 2.679602861404419 7
0 -1 3 380.99 28.5 -1 483 3.778642177581787 7
0 -1 4 317.34 14.85 -10 483 0.06486916542053223 7
random:7T:1500
0 -1 0 498.19 44.129999999999995 -1 483 2.73095703125 7
0 -1 1 503.41 42.26 -1 483 3.590625762939453 7
0 -1 2 497.06 44.12 -1 483 3.809921979904175 7
0 -1 3 492.25 29.7 -1 483 5.531693935394287 7
0 -1 4 400.09 14.85 -4 483 0.07374310493469238 7
random:8T:300
0 -1 0 70.27 0 -49 271 0.12818098068237305 8
0 -1 1 70.3 0 -51 271 0.4738152027130127 8
0 -1 2 70.27 0 -49 271 0.11469006538391113 8
0 -1 3 69.77 0 -45 271 0.5852522850036621 8
0 -1 4 58.22 0 -74 271 0.023047924041748047 8
random:8T:600
0 -1 0 160.0 14.22 -1 271 0.21835994720458984 8
0 -1 1 176.6 0 -19 271 0.9170339107513428 8
0 -1 2 160.19 14.22 -1 271 0.2686278820037842 8
0 -1 3 176.6 0 -25 271 1.2671401500701904 8
0 -1 4 159.27 14.85 -5 271 0.02696394920349121 8
random:8T:900
0 -1 0 268.68 14.85 -2 271 0.6893818378448486 8
0 -1 1 290.52 0 -17 271 1.3016419410705566 8
0 -1 2 268.42 14.85 -2 271 0.840080976486206 8
0 -1 3 290.19 0 -15 271 1.9022200107574463 8
0 -1 4 244.26 14.85 -5 271 0.028363704681396484 8
random:8T:1200
0 -1 0 382.34 14.85 -2 271 1.1872639656066895 8
0 -1 1 402.18 0 -19 271 1.7174508571624756 8
0 -1 2 379.85 14.85 -2 271 1.4596810340881348 8
0 -1 3 399.4 0 -2 271 2.458517074584961 8
0 -1 4 335.41 40.22 -1 271 0.03412485122680664 8
random:8T:1500
0 -1 0 492.1 14.85 -1 271 1.5488927364349365 8
0 -1 1 516.12 0 -2 271 2.1605920791625977 8
0 -1 2 494.22 14.85 -2 271 2.1216700077056885 8
0 -1 3 512.84 0 -2 271 3.2114150524139404 8
0 -1 4 423.91 63.11 -1 271 0.04189014434814453 8
random:9T:300
0 -1 0 76.61 0 -34 277 0.10842180252075195 9
0 -1 1 75.82 0 -40 277 0.383774995803833 9
0 -1 2 76.61 0 -34 277 0.10366392135620117 9
0 -1 3 75.82 0 -40 277 0.5504570007324219 9
0 -1 4 53.44 0 -89 277 0.020071983337402344 9
random:9T:600
0 -1 0 162.86 14.84 -1 277 0.20189476013183594 9
0 -1 1 193.64 0 -30 277 0.8594627380371094 9
0 -1 2 162.86 14.84 -1 277 0.20035719871520996 9
0 -1 3 198.0 0 -27 277 1.1600048542022705 9
0 -1 4 155.03 14.75 -1 277 0.02734208106994629 9
random:9T:900
0 -1 0 278.4 28.32 -1 277 0.6553688049316406 9
0 -1 1 322.18 0 -30 277 1.2090649604797363 9
0 -1 2 278.4 28.32 -1 277 0.7457292079925537 9
0 -1 3 327.71 0 -30 277 1.7716519832611084 9
0 -1 4 244.96 14.85 -5 277 0.028380155563354492 9
random:9T:1200
0 -1 0 406.06 44.04 -1 277 1.12996506690979 9
0 -1 1 446.82 0 -30 277 1.7850146293640137 9
0 -1 2 405.95 44.04 -1 277 1.4632360935211182 9
0 -1 3 452.82 0 -27 277 2.2619400024414062 9
0 -1 4 334.83 14.85 -2 277 0.02901291847229004 9
random:9T:1500
0 -1 0 528.09 49.5 -1 277 1.4980931282043457 9
0 -1 1 570.33 0 -30 277 2.1396238803863525 9
0 -1 2 529.73 49.5 -1 277 2.0979411602020264 9
0 -1 3 571.9 0 -28 277 2.9216129779815674 9
0 -1 4 419.21 54.4 -1 277 0.03218793869018555 9
