random:0T:300
random:0T:300
0 -1 0 152.83 29.06 -1 75 0.020942211151123047 0
0 -1 1 174.22 0.0 -6 75 0.07198190689086914 0
0 -1 2 152.86 29.06 -1 75 0.02300095558166504 0
0 -1 3 174.41 0 -2 75 0.09471511840820312 0
0 -1 4 124.39 0.0 -6 75 0.003958225250244141 0
1 -1 0 166.85 83.38 -1 73 0.03877878189086914 0
1 -1 1 169.38 84.19 -1 73 0.08607220649719238 0
1 -1 2 166.72 83.37 -1 73 0.04589271545410156 0
1 -1 3 170.5 90.19 -1 73 0.11341071128845215 0
1 -1 4 164.6 0.0 -2 73 0.0041086673736572266 0
2 -1 0 174.41 94.54 -1 67 0.0404810905456543 0
2 -1 1 172.84 0.0 -1 67 0.08000612258911133 0
2 -1 2 175.08 94.54 -1 67 0.052596092224121094 0
2 -1 3 172.88 0.0 -1 67 0.1102139949798584 0
2 -1 4 164.21 0.0 -2 67 0.004020214080810547 0
3 -1 0 145.45 66.57 -1 64 0.028816938400268555 0
3 -1 1 147.19 53.550000000000004 -1 64 0.06563282012939453 0
3 -1 2 145.25 54.08 -1 64 0.03591489791870117 0
3 -1 3 148.15 56.71 -1 64 0.08945202827453613 0
3 -1 4 136.75 0.0 -2 64 0.0037407875061035156 0
random:0T:600
0 -1 0 436.61 213.26 -2 75 0.12144303321838379 0
0 -1 1 448.78 0 -1 75 0.16393089294433594 0
0 -1 2 440.12 213.26 -2 75 0.15318608283996582 0
0 -1 3 462.53 193.33 -2 75 0.21589994430541992 0
0 -1 4 375.77 146.22 -1 75 0.00552678108215332 0
1 -1 0 387.56 275.02 -1 73 0.12298417091369629 0
1 -1 1 392.85 274.39 -1 73 0.1790931224822998 0
1 -1 2 389.52 270.71 -1 73 0.16717004776000977 0
1 -1 3 395.47 271.77 -1 73 0.2381138801574707 0
1 -1 4 376.52 206.55 -1 73 0.00586390495300293 0
2 -1 0 411.6 255.62 -2 67 0.1285090446472168 0
2 -1 1 407.1 229.87 -1 67 0.16204285621643066 0
2 -1 2 412.06 291.11 -2 67 0.16784405708312988 0
2 -1 3 410.27 259.51 -2 67 0.2230820655822754 0
2 -1 4 393.06 232.94 -1 67 0.0060291290283203125 0
3 -1 0 377.18 263.12 -2 64 0.10477209091186523 0
3 -1 1 381.14 257.28999999999996 -2 64 0.13264679908752441 0
3 -1 2 381.31 249.19 -1 64 0.13596510887145996 0
3 -1 3 384.66 268.15 -2 64 0.18379497528076172 0
3 -1 4 360.09 204.33 -1 64 0.005002021789550781 0
random:0T:900
0 -1 0 702.61 284.23 -1 75 0.2159442901611328 0
0 -1 1 724.14 0 -1 75 0.2589261531829834 0
0 -1 2 716.93 284.23 -1 75 0.2597188949584961 0
0 -1 3 742.04 284.23 -1 75 0.3163118362426758 0
0 -1 4 630.88 297.99 -1 75 0.007408857345581055 0
1 -1 0 603.61 422.97 -1 73 0.2139272689819336 0
1 -1 1 611.55 447.14000000000004 -1 73 0.2686331272125244 0
1 -1 2 614.24 446.25 -1 73 0.29404687881469727 0
1 -1 3 613.1 381.17 -2 73 0.3638899326324463 0
1 -1 4 595.85 381.62 -1 73 0.007279157638549805 0
2 -1 0 643.65 395.41999999999996 -2 67 0.21484899520874023 0
2 -1 1 635.49 405.85999999999996 -1 67 0.238922119140625 0
2 -1 2 645.64 440.96000000000004 -1 67 0.26700806617736816 0
2 -1 3 640.81 425.31 -2 67 0.32962894439697266 0
2 -1 4 623.39 406.14 -1 67 0.007732868194580078 0
3 -1 0 612.89 448.84000000000003 -1 64 0.17843413352966309 0
3 -1 1 609.08 410.39 -1 64 0.2101891040802002 0
3 -1 2 621.59 461.18 -2 64 0.2511942386627197 0
3 -1 3 623.33 346.41 -1 64 0.28496718406677246 0
3 -1 4 587.63 346.65000000000003 -1 64 0.0063779354095458984 0
random:0T:1200
0 -1 0 970.33 314.36 -1 75 0.309459924697876 0
0 -1 1 993.2 132.82 -1 75 0.3605179786682129 0
0 -1 2 1009.97 313.77 -1 75 0.3579847812652588 0
0 -1 3 1028.04 421.90000000000003 -1 75 0.4275519847869873 0
0 -1 4 886.28 447.5 -1 75 0.00929403305053711 0
1 -1 0 831.43 591.73 -1 73 0.3089160919189453 0
1 -1 1 830.01 592.73 -1 73 0.3533778190612793 0
1 -1 2 839.65 550.2 -1 73 0.4011399745941162 0
1 -1 3 849.59 648.3 -1 73 0.492016077041626 0
1 -1 4 813.97 542.21 -1 73 0.008453130722045898 0
2 -1 0 870.85 552.45 -2 67 0.297961950302124 0
2 -1 1 866.61 575.48 -1 67 0.326840877532959 0
2 -1 2 875.6 571.0799999999999 -2 67 0.3893868923187256 0
2 -1 3 882.26 556.96 -2 67 0.4710099697113037 0
2 -1 4 854.1 535.5 -1 67 0.00956106185913086 0
3 -1 0 850.14 566.1700000000001 -1 64 0.24623799324035645 0
3 -1 1 844.57 591.44 -1 64 0.29186201095581055 0
3 -1 2 864.39 601.98 -1 64 0.3529069423675537 0
3 -1 3 862.79 604.96 -1 64 0.38871288299560547 0
3 -1 4 816.94 479.13 -1 64 0.007783174514770508 0
random:0T:1500
0 -1 0 1246.26 330.3 -1 75 0.4026918411254883 0
0 -1 1 1261.51 230.72 -1 75 0.4326901435852051 0
0 -1 2 1286.03 507.72 -1 75 0.4638488292694092 0
0 -1 3 1312.37 493.33 -1 75 0.5408539772033691 0
0 -1 4 1141.47 594.3 -1 75 0.011007070541381836 0
1 -1 0 1058.45 755.72 -1 73 0.4003281593322754 0
1 -1 1 1051.12 753.7700000000001 -1 73 0.4354109764099121 0
1 -1 2 1060.71 786.27 -1 73 0.5016422271728516 0
1 -1 3 1067.28 801.8000000000001 -1 73 0.5946629047393799 0
1 -1 4 1023.83 694.36 -1 73 0.010119199752807617 0
2 -1 0 1106.73 706.72 -1 67 0.3862121105194092 0
2 -1 1 1098.41 740.0 -2 67 0.40164613723754883 0
2 -1 2 1119.83 589.2700000000001 -1 67 0.5040762424468994 0
2 -1 3 1110.34 717.72 -2 67 0.5513041019439697 0
2 -1 4 1086.24 672.1899999999999 -1 67 0.013051986694335938 0
3 -1 0 1086.55 617.5999999999999 -1 64 0.34549403190612793 0
3 -1 1 1068.16 762.8399999999999 -1 64 0.3479738235473633 0
3 -1 2 1094.91 663.51 -1 64 0.4694099426269531 0
3 -1 3 1098.54 790.75 -1 64 0.5220611095428467 0
3 -1 4 1040.74 597.9200000000001 -1 64 0.008938074111938477 0
random:1T:300
0 -1 0 195.34 59.42 -1 57 0.0234377384185791 1
0 -1 1 204.58 0 -2 57 0.05112814903259277 1
0 -1 2 195.34 59.42 -1 57 0.026279211044311523 1
0 -1 3 207.45 0 -2 57 0.06799912452697754 1
0 -1 4 178.76 19.189999999999998 -1 57 0.002971172332763672 1
1 -1 0 164.71 87.84 -1 72 0.040074825286865234 1
1 -1 1 164.9 82.35 -1 72 0.08001995086669922 1
1 -1 2 164.75 87.84 -1 72 0.05364203453063965 1
1 -1 3 166.04 79.48 -1 72 0.10775303840637207 1
1 -1 4 162.53 0.0 -2 72 0.003944873809814453 1
2 -1 0 125.79 19.66 -1 81 0.038864850997924805 1
2 -1 1 126.31 20.52 -1 81 0.0760340690612793 1
2 -1 2 125.79 19.66 -1 81 0.026075124740600586 1
2 -1 3 126.3 20.52 -1 81 0.10985922813415527 1
2 -1 4 121.24 0.0 -5 81 0.004136800765991211 1
3 -1 0 172.45 87.19999999999999 -1 66 0.03393888473510742 1
3 -1 1 177.11 71.43 -1 66 0.07767677307128906 1
3 -1 2 172.38 89.27 -1 66 0.04420900344848633 1
3 -1 3 176.27 70.13 -1 66 0.1039590835571289 1
3 -1 4 165.34 0.0 -2 66 0.0037469863891601562 1
random:1T:600
0 -1 0 521.76 229.88 -2 57 0.08832573890686035 1
0 -1 1 522.97 0 -2 57 0.11448979377746582 1
0 -1 2 521.59 229.88 -1 57 0.10669708251953125 1
0 -1 3 528.48 0 -1 57 0.1458122730255127 1
0 -1 4 464.55 235.69 -1 57 0.0044841766357421875 1
1 -1 0 381.15 276.03999999999996 -2 72 0.12195396423339844 1
1 -1 1 381.46 228.47 -1 72 0.16534924507141113 1
1 -1 2 385.87 274.94 -1 72 0.15838122367858887 1
1 -1 3 388.1 243.89999999999998 -2 72 0.23372101783752441 1
1 -1 4 371.7 208.98000000000002 -1 72 0.0054340362548828125 1
2 -1 0 337.76 257.65999999999997 -1 81 0.11313772201538086 1
2 -1 1 341.62 201.78 -1 81 0.17630839347839355 1
2 -1 2 338.59 246.9 -1 81 0.15994715690612793 1
2 -1 3 343.79 179.04 -2 81 0.24922990798950195 1
2 -1 4 329.43 146.29000000000002 -1 81 0.005831003189086914 1
3 -1 0 407.32 224.0 -1 66 0.11679887771606445 1
3 -1 1 416.23 224.8 -1 66 0.15978407859802246 1
3 -1 2 411.29 260.08000000000004 -1 66 0.15896224975585938 1
3 -1 3 417.31 224.0 -1 66 0.22039794921875 1
3 -1 4 397.36 227.4 -1 66 0.005953073501586914 1
random:1T:900
0 -1 0 822.87 283.96 -1 57 0.16224002838134766 1
0 -1 1 830.62 0 -2 57 0.1897289752960205 1
0 -1 2 842.26 283.96 -1 57 0.19443988800048828 1
0 -1 3 850.82 238.1 -1 57 0.24574995040893555 1
0 -1 4 745.77 401.31 -1 57 0.00707697868347168 1
1 -1 0 596.14 453.09 -2 72 0.22454309463500977 1
1 -1 1 592.13 398.24 -1 72 0.2805302143096924 1
1 -1 2 604.85 429.09000000000003 -2 72 0.3090949058532715 1
1 -1 3 602.63 332.51 -1 72 0.3810901641845703 1
1 -1 4 589.1 455.5899999999999 -1 72 0.00702214241027832 1
2 -1 0 551.39 384.98 -1 81 0.22004389762878418 1
2 -1 1 554.27 363.33 -1 81 0.2844548225402832 1
2 -1 2 545.82 366.84999999999997 -1 81 0.2967507839202881 1
2 -1 3 557.62 390.91999999999996 -1 81 0.4097728729248047 1
2 -1 4 544.05 383.61999999999995 -1 81 0.007546186447143555 1
3 -1 0 649.19 398.44 -1 66 0.21639609336853027 1
3 -1 1 653.87 433.65 -1 66 0.26142001152038574 1
3 -1 2 656.12 429.58 -1 66 0.29131603240966797 1
3 -1 3 661.41 445.95 -1 66 0.3730921745300293 1
3 -1 4 630.16 381.06 -1 66 0.008085012435913086 1
random:1T:1200
0 -1 0 1122.76 313.62 -1 57 0.23701095581054688 1
0 -1 1 1138.5 0 -1 57 0.2673153877258301 1
0 -1 2 1165.98 434.59 -1 57 0.2994530200958252 1
0 -1 3 1166.02 0 -1 57 0.3542792797088623 1
0 -1 4 1025.58 562.6499999999999 -1 57 0.009742259979248047 1
1 -1 0 814.39 608.37 -2 72 0.32933807373046875 1
1 -1 1 805.78 558.54 -1 72 0.3731210231781006 1
1 -1 2 817.63 577.79 -1 72 0.5002312660217285 1
1 -1 3 819.08 509.99 -1 72 0.5338649749755859 1
1 -1 4 804.07 693.5699999999999 -1 72 0.009453058242797852 1
2 -1 0 758.49 540.0500000000001 -1 81 0.3619880676269531 1
2 -1 1 766.33 522.4000000000001 -1 81 0.377856969833374 1
2 -1 2 758.68 511.01 -1 81 0.4302818775177002 1
2 -1 3 775.08 499.95 -1 81 0.5180847644805908 1
2 -1 4 748.3 630.3499999999999 -1 81 0.008327960968017578 1
3 -1 0 883.6 568.73 -1 66 0.2837338447570801 1
3 -1 1 888.19 570.1899999999999 -1 66 0.3776540756225586 1
3 -1 2 893.41 587.55 -1 66 0.39603495597839355 1
3 -1 3 893.96 514.1500000000001 -1 66 0.4697868824005127 1
3 -1 4 863.3 533.78 -1 66 0.00995492935180664 1
random:1T:1500
0 -1 0 1440.1 329.89 -1 57 0.2997550964355469 1
0 -1 1 1450.87 0 -1 57 0.334583044052124 1
0 -1 2 1485.96 474.4 -1 57 0.38570284843444824 1
0 -1 3 1492.21 429.56 -1 57 0.4265248775482178 1
0 -1 4 1314.0 720.5699999999999 -1 57 0.010097980499267578 1
1 -1 0 1031.26 783.5199999999999 -2 72 0.4078681468963623 1
1 -1 1 1021.92 714.3699999999999 -1 72 0.4532327651977539 1
1 -1 2 1028.42 792.1400000000001 -1 72 0.5661177635192871 1
1 -1 3 1037.88 687.26 -1 72 0.6327431201934814 1
1 -1 4 1010.6 941.45 -1 72 0.009722232818603516 1
2 -1 0 969.78 591.28 -1 81 0.420137882232666 1
2 -1 1 979.33 686.37 -1 81 0.4743919372558594 1
2 -1 2 975.63 685.3399999999999 -1 81 0.5548176765441895 1
2 -1 3 991.81 743.5500000000001 -1 81 0.676323652267456 1
2 -1 4 956.45 884.79 -1 81 0.010545730590820312 1
3 -1 0 1121.8 723.28 -1 66 0.38416504859924316 1
3 -1 1 1124.18 662.0400000000001 -1 66 0.45786190032958984 1
3 -1 2 1123.36 627.7099999999999 -1 66 0.5177710056304932 1
3 -1 3 1136.28 666.68 -1 66 0.6048460006713867 1
3 -1 4 1097.45 685.41 -1 66 0.011488199234008789 1
random:2T:300
0 -1 0 184.14 131.31 -1 36 0.02358102798461914 2
0 -1 1 190.05 118.42 -1 36 0.03379082679748535 2
0 -1 2 184.85 129.82 -1 36 0.027322053909301758 2
0 -1 3 195.21 146.55 -1 36 0.0454258918762207 2
0 -1 4 195.52 100.03 -1 36 0.0022940635681152344 2
1 -1 0 165.9 74.43 -1 73 0.029669761657714844 2
1 -1 1 164.56 0.0 -1 73 0.07143497467041016 2
1 -1 2 166.17 74.43 -1 73 0.04392099380493164 2
1 -1 3 165.06 25.5 -1 73 0.10111427307128906 2
1 -1 4 160.5 0.0 -3 73 0.004065990447998047 2
2 -1 0 161.73 110.46 -1 48 0.03286886215209961 2
2 -1 1 161.73 110.46 -1 48 0.05073714256286621 2
2 -1 2 161.14 110.46 -1 48 0.03354787826538086 2
2 -1 3 161.14 110.46 -1 48 0.06134796142578125 2
2 -1 4 156.24 27.049999999999997 -1 48 0.0028557777404785156 2
3 -1 0 207.92 89.82 -1 52 0.027109861373901367 2
3 -1 1 206.9 0 -1 52 0.04088783264160156 2
3 -1 2 207.92 89.82 -1 52 0.037034034729003906 2
3 -1 3 206.97 6.34 -1 52 0.056587934494018555 2
3 -1 4 202.37 69.12 -1 52 0.0029549598693847656 2
random:2T:600
0 -1 0 438.04 360.01 -1 36 0.07178092002868652 2
0 -1 1 445.34 326.64 -1 36 0.08977007865905762 2
0 -1 2 437.26 348.31 -1 36 0.08373880386352539 2
0 -1 3 448.91 340.87 -1 36 0.10604310035705566 2
0 -1 4 446.74 367.46999999999997 -1 36 0.0037331581115722656 2
1 -1 0 386.53 263.36 -2 73 0.10486292839050293 2
1 -1 1 386.77 192.64 -1 73 0.15996122360229492 2
1 -1 2 391.18 286.69 -1 73 0.16089701652526855 2
1 -1 3 391.78 181.55 -1 73 0.23165678977966309 2
1 -1 4 385.42 221.23000000000002 -1 73 0.006309032440185547 2
2 -1 0 400.89 296.98 -2 48 0.09454703330993652 2
2 -1 1 400.89 296.98 -2 48 0.1147909164428711 2
2 -1 2 401.25 296.98 -2 48 0.11505317687988281 2
2 -1 3 401.25 296.98 -2 48 0.14415693283081055 2
2 -1 4 397.81 296.69000000000005 -1 48 0.00453495979309082 2
3 -1 0 519.12 209.14 -2 52 0.08103299140930176 2
3 -1 1 519.67 0 -1 52 0.09313321113586426 2
3 -1 2 524.01 209.14 -2 52 0.10333895683288574 2
3 -1 3 530.0 179.92 -1 52 0.12044906616210938 2
3 -1 4 486.48 262.86 -1 52 0.004752159118652344 2
random:2T:900
0 -1 0 695.96 562.3699999999999 -1 36 0.12172484397888184 2
0 -1 1 702.45 507.84000000000003 -1 36 0.13086700439453125 2
0 -1 2 696.84 572.26 -1 36 0.13678693771362305 2
0 -1 3 707.57 566.34 -1 36 0.16103911399841309 2
0 -1 4 697.75 643.5200000000001 -1 36 0.004904985427856445 2
1 -1 0 604.46 420.52 -2 73 0.1649761199951172 2
1 -1 1 608.11 414.08000000000004 -1 73 0.2228851318359375 2
1 -1 2 619.09 442.97 -1 73 0.265261173248291 2
1 -1 3 612.4 246.05 -1 73 0.31880617141723633 2
1 -1 4 612.33 378.01 -1 73 0.008087873458862305 2
2 -1 0 640.47 460.55 -2 48 0.1445770263671875 2
2 -1 1 640.47 460.55 -2 48 0.17795205116271973 2
2 -1 2 640.67 460.55 -2 48 0.1805109977722168 2
2 -1 3 640.67 460.55 -2 48 0.25094008445739746 2
2 -1 4 638.56 563.33 -1 48 0.006700038909912109 2
3 -1 0 819.98 282.87 -2 52 0.13660216331481934 2
3 -1 1 820.62 94.29 -1 52 0.15757298469543457 2
3 -1 2 836.64 281.28 -1 52 0.17795801162719727 2
3 -1 3 850.94 259.38 -1 52 0.2203378677368164 2
3 -1 4 786.4 456.28 -1 52 0.006338834762573242 2
random:2T:1200
0 -1 0 953.75 801.8199999999999 -1 36 0.17620491981506348 2
0 -1 1 959.68 735.4 -1 36 0.21061992645263672 2
0 -1 2 954.82 795.86 -1 36 0.21396923065185547 2
0 -1 3 969.29 836.5799999999999 -1 36 0.2136681079864502 2
0 -1 4 948.7 910.7400000000001 -1 36 0.005814075469970703 2
1 -1 0 821.59 600.7099999999999 -2 73 0.23625779151916504 2
1 -1 1 829.78 534.92 -1 73 0.345444917678833 2
1 -1 2 838.73 617.26 -1 73 0.3881649971008301 2
1 -1 3 834.13 435.6 -1 73 0.4132840633392334 2
1 -1 4 840.02 523.91 -1 73 0.008867025375366211 2
2 -1 0 877.52 636.0800000000002 -2 48 0.20289897918701172 2
2 -1 1 877.52 636.0800000000002 -2 48 0.2133781909942627 2
2 -1 2 876.54 640.51 -1 48 0.24833106994628906 2
2 -1 3 876.54 640.51 -1 48 0.2798309326171875 2
2 -1 4 881.24 827.1400000000001 -1 48 0.007134914398193359 2
3 -1 0 1127.41 387.65999999999997 -2 52 0.17085695266723633 2
3 -1 1 1128.4 209.59 -1 52 0.19038796424865723 2
3 -1 2 1160.11 449.96000000000004 -1 52 0.22272515296936035 2
3 -1 3 1167.66 453.65 -1 52 0.2453300952911377 2
3 -1 4 1075.93 637.1299999999999 -1 52 0.007531166076660156 2
random:2T:1500
0 -1 0 1212.36 1028.1499999999999 -1 36 0.19823908805847168 2
0 -1 1 1216.57 926.73 -1 36 0.21057486534118652 2
0 -1 2 1214.52 1015.1499999999999 -1 36 0.25580906867980957 2
0 -1 3 1227.01 1018.28 -1 36 0.2631957530975342 2
0 -1 4 1199.96 1176.2500000000002 -1 36 0.007528066635131836 2
1 -1 0 1040.33 747.92 -2 73 0.3317430019378662 2
1 -1 1 1046.84 754.84 -1 73 0.371657133102417 2
1 -1 2 1061.52 796.1 -1 73 0.45366692543029785 2
1 -1 3 1051.42 601.66 -1 73 0.5198798179626465 2
1 -1 4 1068.74 664.2099999999999 -1 73 0.011482954025268555 2
2 -1 0 1115.4 804.8800000000001 -2 48 0.289125919342041 2
2 -1 1 1115.4 804.8800000000001 -2 48 0.2991068363189697 2
2 -1 2 1123.83 883.6700000000001 -1 48 0.3592507839202881 2
2 -1 3 1123.83 883.6700000000001 -1 48 0.4415709972381592 2
2 -1 4 1125.08 1090.99 -1 48 0.010432004928588867 2
3 -1 0 1433.57 506.38 -2 52 0.26991796493530273 2
3 -1 1 1440.72 272.83 -1 52 0.28785204887390137 2
3 -1 2 1469.46 606.5400000000001 -1 52 0.31577110290527344 2
3 -1 3 1473.43 610.69 -1 52 0.3291049003601074 2
3 -1 4 1362.32 802.7499999999998 -1 52 0.009578943252563477 2
random:3T:300
0 -1 0 140.78 28.55 -1 89 0.02295684814453125 3
0 -1 1 140.94 0.0 -3 89 0.07545304298400879 3
0 -1 2 140.78 28.55 -1 89 0.027055025100708008 3
0 -1 3 142.2 0.0 -3 89 0.1127617359161377 3
0 -1 4 138.83 0.0 -6 89 0.004189014434814453 3
1 -1 0 227.02 105.42 -1 58 0.033187150955200195 3
1 -1 1 236.64 64.99 -2 58 0.052910804748535156 3
1 -1 2 227.32 105.42 -2 58 0.04075479507446289 3
1 -1 3 238.64 85.5 -1 58 0.0711679458618164 3
1 -1 4 209.61 64.0 -1 58 0.0030510425567626953 3
2 -1 0 147.92 76.89 -1 65 0.026179075241088867 3
2 -1 1 145.42 55.25 -1 65 0.05347084999084473 3
2 -1 2 148.08 76.89 -1 65 0.03219795227050781 3
2 -1 3 147.8 19.12 -1 65 0.07979393005371094 3
2 -1 4 142.89 0.0 -2 65 0.0032279491424560547 3
3 -1 0 171.76 91.24 -1 65 0.031976938247680664 3
3 -1 1 173.73 0 -1 65 0.06848788261413574 3
3 -1 2 171.77 91.24 -1 65 0.03730583190917969 3
3 -1 3 174.14 0 -1 65 0.09132003784179688 3
3 -1 4 157.99 0.0 -2 65 0.0032579898834228516 3
random:3T:600
0 -1 0 350.4 229.37 -1 89 0.10027217864990234 3
0 -1 1 345.97 0.0 -1 89 0.1559901237487793 3
0 -1 2 352.14 218.49 -1 89 0.13735389709472656 3
0 -1 3 355.8 204.94 -1 89 0.23098206520080566 3
0 -1 4 346.71 144.44 -1 89 0.0058231353759765625 3
1 -1 0 542.82 231.7 -1 58 0.09051871299743652 3
1 -1 1 555.49 231.19 -2 58 0.11208176612854004 3
1 -1 2 546.34 231.7 -1 58 0.11199617385864258 3
1 -1 3 562.36 231.7 -1 58 0.14686918258666992 3
1 -1 4 499.45 246.35999999999999 -1 58 0.004891872406005859 3
2 -1 0 375.51 272.53 -2 65 0.09134793281555176 3
2 -1 1 377.54 283.06 -2 65 0.12817621231079102 3
2 -1 2 379.7 286.8 -1 65 0.12924408912658691 3
2 -1 3 381.73 292.15 -3 65 0.17337393760681152 3
2 -1 4 368.19 215.49 -1 65 0.004578828811645508 3
3 -1 0 402.4 251.01 -1 65 0.09772992134094238 3
3 -1 1 401.15 118.36 -1 65 0.13890886306762695 3
3 -1 2 404.49 299.96 -1 65 0.13112187385559082 3
3 -1 3 401.62 0 -1 65 0.19155526161193848 3
3 -1 4 374.98 221.16 -1 65 0.004407167434692383 3
random:3T:900
0 -1 0 563.99 383.75 -1 89 0.19124412536621094 3
0 -1 1 557.12 255.55 -1 89 0.2594020366668701 3
0 -1 2 571.29 407.38 -3 89 0.2900400161743164 3
0 -1 3 569.71 407.65999999999997 -3 89 0.3952813148498535 3
0 -1 4 554.68 359.41 -1 89 0.0073206424713134766 3
1 -1 0 859.52 284.96 -1 58 0.16363286972045898 3
1 -1 1 875.71 284.96 -1 58 0.18239378929138184 3
1 -1 2 874.71 284.96 -1 58 0.20241570472717285 3
1 -1 3 884.36 284.96 -1 58 0.23596596717834473 3
1 -1 4 800.04 415.77 -1 58 0.007762908935546875 3
2 -1 0 607.77 471.12 -2 65 0.17572498321533203 3
2 -1 1 605.46 456.89 -1 65 0.20738506317138672 3
2 -1 2 610.3 451.87 -1 65 0.2349398136138916 3
2 -1 3 607.42 452.67 -1 65 0.27942681312561035 3
2 -1 4 595.18 402.4699999999999 -1 65 0.006049156188964844 3
3 -1 0 627.68 413.80999999999995 -1 65 0.18950414657592773 3
3 -1 1 634.81 320.72 -1 65 0.219879150390625 3
3 -1 2 639.14 469.03999999999996 -1 65 0.23454523086547852 3
3 -1 3 636.19 257.45 -1 65 0.288463830947876 3
3 -1 4 598.65 376.52 -1 65 0.005946159362792969 3
random:3T:1200
0 -1 0 774.22 568.79 -1 89 0.5266599655151367 3
0 -1 1 765.49 448.44999999999993 -1 89 0.7511000633239746 3
0 -1 2 781.87 575.4200000000001 -3 89 0.8823282718658447 3
0 -1 3 782.11 568.1400000000001 -1 89 1.0221807956695557 3
0 -1 4 755.46 455.43 -1 89 0.018635988235473633 3
1 -1 0 1179.51 314.17 -1 58 0.4591507911682129 3
1 -1 1 1190.56 314.17 -1 58 0.4979219436645508 3
1 -1 2 1196.64 314.17 -1 58 0.5723309516906738 3
1 -1 3 1208.05 581.03 -1 58 0.6292150020599365 3
1 -1 4 1096.68 609.6999999999999 -1 58 0.018191099166870117 3
2 -1 0 835.97 627.44 -1 65 0.4985790252685547 3
2 -1 1 836.82 593.5799999999999 -1 65 0.5752480030059814 3
2 -1 2 849.79 649.48 -2 65 0.6872067451477051 3
2 -1 3 846.75 642.96 -1 65 0.7734241485595703 3
2 -1 4 822.37 538.5799999999999 -1 65 0.01579594612121582 3
3 -1 0 857.25 551.3599999999999 -1 65 0.5277559757232666 3
3 -1 1 866.24 476.27 -1 65 0.6235582828521729 3
3 -1 2 874.33 541.3 -1 65 0.720628023147583 3
3 -1 3 877.23 616.21 -1 65 0.8938262462615967 3
3 -1 4 821.96 517.05 -1 65 0.01674175262451172 3
random:3T:1500
0 -1 0 981.66 769.71 -1 89 0.8688452243804932 3
0 -1 1 976.07 613.97 -1 89 1.0069921016693115 3
0 -1 2 992.96 716.1099999999999 -1 89 1.1317670345306396 3
0 -1 3 997.89 745.8199999999999 -3 89 1.2764601707458496 3
0 -1 4 967.76 578.9200000000001 -1 89 0.022179841995239258 3
1 -1 0 1500.98 330.19 -1 58 0.5889599323272705 3
1 -1 1 1505.6 330.19 -1 58 0.6365418434143066 3
1 -1 2 1519.99 577.39 -1 58 0.7394139766693115 3
1 -1 3 1529.5 647.3399999999999 -1 58 0.8610248565673828 3
1 -1 4 1385.95 785.4599999999999 -1 58 0.02175736427307129 3
2 -1 0 1067.18 819.9900000000001 -1 65 0.6710929870605469 3
2 -1 1 1069.07 809.72 -1 65 0.7570581436157227 3
2 -1 2 1076.51 806.28 -2 65 0.9143869876861572 3
2 -1 3 1071.49 827.75 -2 65 0.9890577793121338 3
2 -1 4 1050.64 683.68 -1 65 0.018725156784057617 3
3 -1 0 1086.14 707.06 -1 65 0.6780552864074707 3
3 -1 1 1094.43 561.58 -1 65 0.7591979503631592 3
3 -1 2 1106.91 716.45 -1 65 0.9391469955444336 3
3 -1 3 1105.04 833.77 -1 65 1.021211862564087 3
3 -1 4 1037.07 644.0600000000001 -1 65 0.016893863677978516 3
random:4T:300
0 -1 0 133.82 3.7199999999999998 -1 97 0.030717849731445312 4
0 -1 1 131.15 0.0 -5 97 0.1152791976928711 4
0 -1 2 133.82 3.71 -1 97 0.028969764709472656 4
0 -1 3 131.96 0 -9 97 0.17047405242919922 4
0 -1 4 130.71 0.0 -7 97 0.005982875823974609 4
1 -1 0 146.85 76.89 -1 64 0.03802299499511719 4
1 -1 1 147.03 57.48 -1 64 0.07300782203674316 4
1 -1 2 146.85 76.89 -1 64 0.048297882080078125 4
1 -1 3 147.96 37.79 -1 64 0.10397481918334961 4
1 -1 4 139.46 0.0 -2 64 0.00391697883605957 4
2 -1 0 240.1 123.86 -1 45 0.036416053771972656 4
2 -1 1 263.09 95.42 -1 45 0.05849504470825195 4
2 -1 2 240.98 123.86 -1 45 0.046013832092285156 4
2 -1 3 263.21 92.7 -1 45 0.0757448673248291 4
2 -1 4 204.98 67.21000000000001 -1 45 0.0033800601959228516 4
3 -1 0 185.23 119.53 -1 69 0.052278995513916016 4
3 -1 1 187.44 29.99 -1 69 0.0902409553527832 4
3 -1 2 185.24 119.53 -1 69 0.06336188316345215 4
3 -1 3 189.28 47.13 -1 69 0.12484598159790039 4
3 -1 4 180.82 0.0 -1 69 0.00439906120300293 4
random:4T:600
0 -1 0 342.01 249.69 -1 97 0.14458203315734863 4
0 -1 1 338.4 168.81 -1 97 0.2419750690460205 4
0 -1 2 341.36 246.14000000000001 -2 97 0.1951448917388916 4
0 -1 3 340.13 215.08 -1 97 0.3471076488494873 4
0 -1 4 335.2 100.37 -1 97 0.010658025741577148 4
1 -1 0 372.91 288.31 -1 64 0.13719987869262695 4
1 -1 1 375.63 301.73 -1 64 0.16350388526916504 4
1 -1 2 372.09 280.52 -1 64 0.16697216033935547 4
1 -1 3 375.62 301.74 -1 64 0.21836495399475098 4
1 -1 4 361.61 215.49 -1 64 0.00572514533996582 4
2 -1 0 574.97 233.39 -1 45 0.09408307075500488 4
2 -1 1 597.25 227.32 -1 45 0.11623787879943848 4
2 -1 2 580.43 293.47 -1 45 0.12201714515686035 4
2 -1 3 580.75 280.74 -1 45 0.15909576416015625 4
2 -1 4 509.54 245.78 -1 45 0.005956172943115234 4
3 -1 0 419.66 233.66 -1 69 0.1532590389251709 4
3 -1 1 419.66 223.96 -1 69 0.1786179542541504 4
3 -1 2 421.28 272.36 -1 69 0.1780538558959961 4
3 -1 3 427.84 233.66 -1 69 0.23969626426696777 4
3 -1 4 415.16 257.46 -1 69 0.006351947784423828 4
random:4T:900
0 -1 0 547.09 419.41999999999996 -1 97 0.2748422622680664 4
0 -1 1 542.92 335.62 -1 97 0.3534541130065918 4
0 -1 2 547.05 390.55 -1 97 0.3623969554901123 4
0 -1 3 547.24 346.91 -1 97 0.5086970329284668 4
0 -1 4 527.61 317.02 -1 97 0.009936094284057617 4
1 -1 0 603.82 497.9200000000001 -3 64 0.2315959930419922 4
1 -1 1 599.34 496.4100000000001 -1 64 0.2616291046142578 4
1 -1 2 600.95 476.47 -1 64 0.2982358932495117 4
1 -1 3 600.55 501.31000000000006 -2 64 0.33975768089294434 4
1 -1 4 585.61 472.78 -1 64 0.0074770450592041016 4
2 -1 0 911.09 374.6 -1 45 0.15802407264709473 4
2 -1 1 927.3 385.54 -1 45 0.176131010055542 4
2 -1 2 918.45 386.49 -1 45 0.20183396339416504 4
2 -1 3 920.02 485.76 -1 45 0.21971511840820312 4
2 -1 4 822.15 450.3 -1 45 0.007657051086425781 4
3 -1 0 653.66 434.26 -1 69 0.2208409309387207 4
3 -1 1 653.07 401.52 -1 69 0.2556498050689697 4
3 -1 2 657.12 443.08 -2 69 0.30098891258239746 4
3 -1 3 665.12 435.28 -2 69 0.3570289611816406 4
3 -1 4 649.55 433.48999999999995 -1 69 0.008322000503540039 4
random:4T:1200
0 -1 0 753.71 568.22 -1 97 0.40670108795166016 4
0 -1 1 746.33 502.95 -1 97 0.4911208152770996 4
0 -1 2 759.37 542.5 -1 97 0.5672390460968018 4
0 -1 3 749.66 455.15 -1 97 0.7031481266021729 4
0 -1 4 729.67 423.4 -1 97 0.027332782745361328 4
1 -1 0 835.6 664.5300000000001 -2 64 0.3425581455230713 4
1 -1 1 825.01 679.7 -1 64 0.3615868091583252 4
1 -1 2 827.03 656.06 -2 64 0.425447940826416 4
1 -1 3 819.18 668.14 -2 64 0.47130632400512695 4
1 -1 4 809.97 729.4000000000001 -1 64 0.009192943572998047 4
2 -1 0 1246.23 437.52 -1 45 0.22098588943481445 4
2 -1 1 1260.5 558.76 -1 45 0.233659029006958 4
2 -1 2 1263.96 633.74 -1 45 0.283552885055542 4
2 -1 3 1269.24 626.62 -1 45 0.30818986892700195 4
2 -1 4 1129.72 629.84 -1 45 0.009512901306152344 4
3 -1 0 881.81 584.38 -1 69 0.2955477237701416 4
3 -1 1 883.61 562.28 -1 69 0.346127986907959 4
3 -1 2 894.39 557.65 -1 69 0.4259788990020752 4
3 -1 3 898.54 604.26 -1 69 0.4727442264556885 4
3 -1 4 883.87 587.05 -1 69 0.010046005249023438 4
random:4T:1500
0 -1 0 954.35 696.08 -1 97 0.527230978012085 4
0 -1 1 954.53 663.27 -2 97 0.6345930099487305 4
0 -1 2 963.01 704.46 -1 97 0.7752106189727783 4
0 -1 3 950.7 695.06 -1 97 0.9003317356109619 4
0 -1 4 936.28 557.6 -1 97 0.015035152435302734 4
1 -1 0 1061.36 849.2500000000002 -2 64 0.4841780662536621 4
1 -1 1 1053.49 868.1700000000001 -2 64 0.5124599933624268 4
1 -1 2 1055.46 834.42 -2 64 0.6467628479003906 4
1 -1 3 1056.41 856.4799999999999 -2 64 0.6912269592285156 4
1 -1 4 1035.0 982.3600000000001 -1 64 0.01154780387878418 4
2 -1 0 1579.22 465.5 -1 45 0.2912790775299072 4
2 -1 1 1593.58 647.77 -1 45 0.3028700351715088 4
2 -1 2 1602.05 709.36 -1 45 0.37620997428894043 4
2 -1 3 1610.32 707.6600000000001 -1 45 0.406174898147583 4
2 -1 4 1439.0 832.61 -1 45 0.012240886688232422 4
3 -1 0 1105.33 757.2500000000001 -1 69 0.3858761787414551 4
3 -1 1 1113.27 635.4200000000001 -1 69 0.44925427436828613 4
3 -1 2 1129.03 700.21 -1 69 0.5713820457458496 4
3 -1 3 1137.5 755.91 -1 69 0.6139769554138184 4
3 -1 4 1118.23 740.4699999999999 -1 69 0.012307167053222656 4
random:5T:300
0 -1 0 142.89 43.72 -1 68 0.024437904357910156 5
0 -1 1 141.9 4.62 -1 68 0.07928180694580078 5
0 -1 2 142.9 43.72 -1 68 0.03403115272521973 5
0 -1 3 144.71 0.0 -2 68 0.11481308937072754 5
0 -1 4 144.82 0.0 -2 68 0.0043032169342041016 5
1 -1 0 174.66 117.02 -1 40 0.03557777404785156 5
1 -1 1 172.38 118.03 -1 40 0.05311775207519531 5
1 -1 2 174.66 117.02 -1 40 0.041558027267456055 5
1 -1 3 174.0 118.03 -1 40 0.0696718692779541 5
1 -1 4 169.39 55.95 -1 40 0.0031418800354003906 5
2 -1 0 160.19 69.05 -1 64 0.030995845794677734 5
2 -1 1 161.57 29.8 -2 64 0.07911086082458496 5
2 -1 2 160.96 69.05 -1 64 0.04217696189880371 5
2 -1 3 162.8 75.56 -2 64 0.10634684562683105 5
2 -1 4 156.6 0.0 -1 64 0.0039899349212646484 5
3 -1 0 169.77 62.06 -1 74 0.03382515907287598 5
3 -1 1 175.42 0.34 -2 74 0.08027005195617676 5
3 -1 2 170.06 62.06 -1 74 0.039469003677368164 5
3 -1 3 173.11 0 -2 74 0.10629415512084961 5
3 -1 4 156.96 0.0 -1 74 0.004261970520019531 5
random:5T:600
0 -1 0 378.82 237.54000000000002 -1 68 0.11088705062866211 5
0 -1 1 386.88 228.24 -2 68 0.18027091026306152 5
0 -1 2 384.46 239.56 -1 68 0.1587839126586914 5
0 -1 3 384.13 238.56 -1 68 0.24623990058898926 5
0 -1 4 375.39 221.16 -1 68 0.006200075149536133 5
1 -1 0 435.46 399.24 -1 40 0.10568904876708984 5
1 -1 1 433.26 377.66999999999996 -2 40 0.12073206901550293 5
1 -1 2 435.38 399.92 -1 40 0.12546014785766602 5
1 -1 3 433.21 379.07 -2 40 0.15117526054382324 5
1 -1 4 412.43 325.47 -1 40 0.005106925964355469 5
2 -1 0 387.5 287.94 -2 64 0.11467480659484863 5
2 -1 1 395.05 259.34000000000003 -2 64 0.17165899276733398 5
2 -1 2 388.99 298.69 -2 64 0.14283418655395508 5
2 -1 3 399.34 262.4 -2 64 0.21907973289489746 5
2 -1 4 380.44 245.87 -1 64 0.005630016326904297 5
3 -1 0 455.88 217.48 -1 74 0.13515806198120117 5
3 -1 1 465.88 200.16 -1 74 0.17998480796813965 5
3 -1 2 461.51 213.37 -1 74 0.17219901084899902 5
3 -1 3 464.0 199.78 -1 74 0.23672914505004883 5
3 -1 4 427.94 210.17000000000002 -1 74 0.00642704963684082 5
random:5T:900
0 -1 0 617.07 414.25000000000006 -1 68 0.2059934139251709 5
0 -1 1 625.84 433.98 -1 68 0.28180670738220215 5
0 -1 2 630.25 417.71 -1 68 0.30176734924316406 5
0 -1 3 625.01 419.49 -1 68 0.3868727684020996 5
0 -1 4 610.08 371.53 -1 68 0.008349895477294922 5
1 -1 0 696.88 661.26 -1 40 0.1742541790008545 5
1 -1 1 693.71 629.33 -2 40 0.19639301300048828 5
1 -1 2 697.38 653.0 -1 40 0.21439695358276367 5
1 -1 3 693.02 635.34 -2 40 0.23972773551940918 5
1 -1 4 658.23 590.3 -1 40 0.006979942321777344 5
2 -1 0 621.0 450.67 -1 64 0.21434903144836426 5
2 -1 1 629.19 423.32 -2 64 0.26285791397094727 5
2 -1 2 621.04 451.17 -1 64 0.2763519287109375 5
2 -1 3 646.77 478.43 -2 64 0.3547511100769043 5
2 -1 4 605.97 399.51 -1 64 0.007512092590332031 5
3 -1 0 746.41 400.86 -1 74 0.24327802658081055 5
3 -1 1 751.21 358.5 -2 74 0.2813758850097656 5
3 -1 2 753.46 381.27 -1 74 0.3080739974975586 5
3 -1 3 758.24 375.85 -2 74 0.3695371150970459 5
3 -1 4 698.72 375.84000000000003 -1 74 0.008777141571044922 5
random:5T:1200
0 -1 0 859.24 607.39 -1 68 0.3113367557525635 5
0 -1 1 861.15 628.62 -1 68 0.39456701278686523 5
0 -1 2 876.94 572.58 -1 68 0.4557456970214844 5
0 -1 3 883.08 584.8100000000001 -1 68 0.535614013671875 5
0 -1 4 845.98 519.19 -1 68 0.010358810424804688 5
1 -1 0 958.01 912.05 -1 40 0.2561452388763428 5
1 -1 1 954.19 891.9399999999999 -1 40 0.27455687522888184 5
1 -1 2 957.1 907.9399999999999 -2 40 0.2955138683319092 5
1 -1 3 955.46 880.3499999999999 -2 40 0.3273508548736572 5
1 -1 4 906.9 860.6400000000001 -1 40 0.008977174758911133 5
2 -1 0 855.48 646.01 -2 64 0.3268101215362549 5
2 -1 1 861.02 630.65 -1 64 0.552605152130127 5
2 -1 2 875.55 640.7 -2 64 0.4200000762939453 5
2 -1 3 873.31 648.5799999999999 -1 64 0.5908732414245605 5
2 -1 4 832.74 531.52 -1 64 0.009033918380737305 5
3 -1 0 1034.69 559.28 -1 74 0.34827685356140137 5
3 -1 1 1043.86 511.90999999999997 -2 74 0.41109395027160645 5
3 -1 2 1053.89 544.25 -1 74 0.4361588954925537 5
3 -1 3 1053.75 572.25 -1 74 0.48990678787231445 5
3 -1 4 967.87 539.5300000000001 -1 74 0.01127004623413086 5
random:5T:1500
0 -1 0 1102.71 769.7199999999999 -1 68 0.40758228302001953 5
0 -1 1 1103.1 804.67 -1 68 0.4658479690551758 5
0 -1 2 1123.69 712.3 -1 68 0.5626437664031982 5
0 -1 3 1127.5 823.3 -1 68 0.6446878910064697 5
0 -1 4 1082.47 663.57 -1 68 0.012103796005249023 5
1 -1 0 1218.96 1172.21 -1 40 0.3103749752044678 5
1 -1 1 1215.16 1150.73 -2 40 0.32695817947387695 5
1 -1 2 1215.84 1163.77 -1 40 0.36981987953186035 5
1 -1 3 1214.05 1152.0099999999998 -1 40 0.396373987197876 5
1 -1 4 1150.2 1113.1799999999998 -1 40 0.010280132293701172 5
2 -1 0 1081.57 834.9899999999998 -1 64 0.36850595474243164 5
2 -1 1 1078.87 803.5200000000001 -1 64 0.4132101535797119 5
2 -1 2 1103.76 818.56 -1 64 0.5066118240356445 5
2 -1 3 1107.53 846.7 -1 64 0.6075940132141113 5
2 -1 4 1060.99 663.9 -1 64 0.010994911193847656 5
3 -1 0 1319.09 708.95 -1 74 0.44260597229003906 5
3 -1 1 1332.16 651.3599999999999 -2 74 0.48754310607910156 5
3 -1 2 1343.12 692.08 -2 74 0.5576269626617432 5
3 -1 3 1348.11 711.54 -1 74 0.6628122329711914 5
3 -1 4 1235.55 701.5 -1 74 0.013358831405639648 5
random:6T:300
0 -1 0 152.2 31.04 -1 73 0.018702983856201172 6
0 -1 1 174.22 0.0 -4 73 0.07680392265319824 6
0 -1 2 152.66 31.04 -1 73 0.02459120750427246 6
0 -1 3 172.86 0.0 -3 73 0.10316991806030273 6
0 -1 4 128.18 0.0 -3 73 0.004274845123291016 6
1 -1 0 139.6 54.59 -1 57 0.024226903915405273 6
1 -1 1 141.17 41.27 -1 57 0.06353402137756348 6
1 -1 2 139.59 54.59 -1 57 0.034024953842163086 6
1 -1 3 142.74 47.309999999999995 -1 57 0.08771514892578125 6
1 -1 4 138.57 0.0 -2 57 0.0036368370056152344 6
2 -1 0 179.06 118.44 -1 56 0.047744035720825195 6
2 -1 1 179.06 118.44 -1 56 0.07708215713500977 6
2 -1 2 179.79 118.44 -1 56 0.06009387969970703 6
2 -1 3 179.79 118.44 -1 56 0.10456395149230957 6
2 -1 4 178.71 42.08 -1 56 0.0039827823638916016 6
3 -1 0 182.79 102.22 -1 58 0.0458219051361084 6
3 -1 1 182.05 58.88 -1 58 0.08696484565734863 6
3 -1 2 183.63 102.23 -1 58 0.05939602851867676 6
3 -1 3 182.42 0.0 -1 58 0.11616301536560059 6
3 -1 4 173.88 19.11 -1 58 0.0042459964752197266 6
random:6T:600
0 -1 0 434.2 212.6 -2 73 0.13510513305664062 6
0 -1 1 455.63 167.19 -1 73 0.1822509765625 6
0 -1 2 438.98 212.6 -2 73 0.1637258529663086 6
0 -1 3 455.07 150.24 -1 73 0.23107695579528809 6
0 -1 4 382.78 152.47 -1 73 0.0064697265625 6
1 -1 0 379.8 264.14 -1 57 0.10822319984436035 6
1 -1 1 391.13 282.97 -1 57 0.15464186668395996 6
1 -1 2 388.37 314.04999999999995 -1 57 0.13944768905639648 6
1 -1 3 389.42 264.3 -2 57 0.20429396629333496 6
1 -1 4 359.45 221.28000000000003 -1 57 0.0051479339599609375 6
2 -1 0 422.34 349.17 -1 56 0.13712406158447266 6
2 -1 1 422.34 349.17 -1 56 0.16646480560302734 6
2 -1 2 422.35 349.17 -1 56 0.16872882843017578 6
2 -1 3 422.35 349.17 -1 56 0.21566009521484375 6
2 -1 4 416.77 309.12 -1 56 0.006058931350708008 6
3 -1 0 435.64 344.87 -3 58 0.13704514503479004 6
3 -1 1 434.29 260.47999999999996 -1 58 0.17724299430847168 6
3 -1 2 441.63 337.13 -1 58 0.17810297012329102 6
3 -1 3 438.78 287.25 -1 58 0.23665785789489746 6
3 -1 4 420.99 274.2699999999999 -1 58 0.006721019744873047 6
random:6T:900
0 -1 0 703.25 358.61 -2 73 0.23328208923339844 6
0 -1 1 726.99 320.28999999999996 -2 73 0.28571486473083496 6
0 -1 2 724.4 375.05 -2 73 0.2723069190979004 6
0 -1 3 735.68 353.83000000000004 -2 73 0.36785316467285156 6
0 -1 4 639.74 307.38 -1 73 0.00857400894165039 6
1 -1 0 632.04 484.77 -1 57 0.19865179061889648 6
1 -1 1 631.69 473.4 -1 57 0.2352139949798584 6
1 -1 2 628.39 458.08 -1 57 0.2499988079071045 6
1 -1 3 640.7 472.91999999999996 -2 57 0.32462573051452637 6
1 -1 4 586.29 398.03999999999996 -1 57 0.006970882415771484 6
2 -1 0 662.55 579.2900000000001 -1 56 0.23918485641479492 6
2 -1 1 662.55 579.2900000000001 -1 56 0.268078088760376 6
2 -1 2 661.0 584.6600000000001 -1 56 0.2835710048675537 6
2 -1 3 661.0 584.6600000000001 -1 56 0.3284578323364258 6
2 -1 4 653.45 574.4 -1 56 0.007866859436035156 6
3 -1 0 680.76 506.56000000000006 -1 58 0.22895598411560059 6
3 -1 1 686.73 486.55 -1 58 0.2825648784637451 6
3 -1 2 694.92 519.73 -1 58 0.2919497489929199 6
3 -1 3 698.07 444.81 -1 58 0.36823606491088867 6
3 -1 4 667.0 440.74999999999994 -1 58 0.008975028991699219 6
random:6T:1200
0 -1 0 976.33 459.14 -2 73 0.34293103218078613 6
0 -1 1 994.26 463.41 -2 73 0.39528489112854004 6
0 -1 2 1006.78 526.51 -2 73 0.5072057247161865 6
0 -1 3 1023.22 542.0400000000001 -2 73 0.5000219345092773 6
0 -1 4 896.72 462.16999999999996 -1 73 0.011054039001464844 6
1 -1 0 862.73 617.14 -1 57 0.2826111316680908 6
1 -1 1 871.85 701.5899999999999 -1 57 0.33228206634521484 6
1 -1 2 884.56 711.46 -1 57 0.3721349239349365 6
1 -1 3 887.75 744.86 -1 57 0.43606114387512207 6
1 -1 4 816.61 553.96 -1 57 0.008940935134887695 6
2 -1 0 908.54 750.64 -1 56 0.31783199310302734 6
2 -1 1 908.54 750.64 -1 56 0.35036206245422363 6
2 -1 2 911.78 823.21 -1 56 0.4002397060394287 6
2 -1 3 911.78 823.21 -1 56 0.441486120223999 6
2 -1 4 891.58 838.01 -1 56 0.009897947311401367 6
3 -1 0 938.17 662.8700000000001 -1 58 0.33356690406799316 6
3 -1 1 945.74 722.1199999999999 -1 58 0.4095730781555176 6
3 -1 2 951.9 781.82 -1 58 0.44017887115478516 6
3 -1 3 958.37 786.44 -1 58 0.5068039894104004 6
3 -1 4 912.05 605.0799999999999 -1 58 0.010913848876953125 6
random:6T:1500
0 -1 0 1250.78 514.28 -1 73 0.4439890384674072 6
0 -1 1 1270.58 606.86 -2 73 0.5078041553497314 6
0 -1 2 1287.71 686.78 -2 73 0.5412709712982178 6
0 -1 3 1303.95 693.8399999999999 -2 73 0.6102230548858643 6
0 -1 4 1154.36 616.84 -1 73 0.012952089309692383 6
1 -1 0 1110.85 823.01 -1 57 0.3712038993835449 6
1 -1 1 1109.2 886.1 -1 57 0.4072990417480469 6
1 -1 2 1127.51 926.2399999999999 -1 57 0.48239898681640625 6
1 -1 3 1146.01 981.18 -1 57 0.5439629554748535 6
1 -1 4 1043.38 704.0 -1 57 0.009535789489746094 6
2 -1 0 1159.24 1006.01 -1 56 0.41353607177734375 6
2 -1 1 1159.24 1006.01 -1 56 0.44151973724365234 6
2 -1 2 1161.03 1038.3600000000001 -1 56 0.5020227432250977 6
2 -1 3 1161.03 1038.3600000000001 -1 56 0.5574181079864502 6
2 -1 4 1131.11 1100.01 -1 56 0.012125015258789062 6
3 -1 0 1183.55 876.78 -1 58 0.48241281509399414 6
3 -1 1 1195.63 904.39 -1 58 0.4804060459136963 6
3 -1 2 1208.14 857.79 -1 58 0.5570223331451416 6
3 -1 3 1207.27 965.5100000000001 -1 58 0.6183950901031494 6
3 -1 4 1156.12 767.5099999999999 -1 58 0.01337432861328125 6
random:7T:300
0 -1 0 203.77 76.61 -1 60 0.02951979637145996 7
0 -1 1 218.72 0 -3 60 0.06213712692260742 7
0 -1 2 204.57 76.61 -1 60 0.03440427780151367 7
0 -1 3 220.5 0 -4 60 0.10750532150268555 7
0 -1 4 188.8 26.46 -1 60 0.004257678985595703 7
1 -1 0 151.35 41.95 -1 71 0.03476285934448242 7
1 -1 1 151.84 0.0 -2 71 0.10033607482910156 7
1 -1 2 151.45 41.95 -1 71 0.032231807708740234 7
1 -1 3 154.09 0.0 -1 71 0.11339902877807617 7
1 -1 4 153.12 0.0 -3 71 0.004477977752685547 7
2 -1 0 161.76 78.21 -1 73 0.03657793998718262 7
2 -1 1 165.24 78.51 -1 73 0.08558797836303711 7
2 -1 2 161.92 73.52000000000001 -1 73 0.04292106628417969 7
2 -1 3 164.09 75.54 -1 73 0.11737704277038574 7
2 -1 4 159.41 0.0 -3 73 0.004492044448852539 7
3 -1 0 132.92 51.36 -1 74 0.03451991081237793 7
3 -1 1 132.83 40.64 -1 74 0.07949209213256836 7
3 -1 2 132.75 51.36 -1 74 0.037104129791259766 7
3 -1 3 132.78 42.63 -1 74 0.09779787063598633 7
3 -1 4 128.63 0.0 -4 74 0.003885984420776367 7
random:7T:600
0 -1 0 524.27 230.31 -2 60 0.11062097549438477 7
0 -1 1 535.13 0 -2 60 0.1512138843536377 7
0 -1 2 534.0 230.31 -1 60 0.13607192039489746 7
0 -1 3 544.03 0 -2 60 0.18680286407470703 7
0 -1 4 476.91 239.39 -1 60 0.005233049392700195 7
1 -1 0 374.01 232.68 -3 71 0.11189913749694824 7
1 -1 1 376.21 222.55 -2 71 0.17410802841186523 7
1 -1 2 377.06 215.14 -3 71 0.15257787704467773 7
1 -1 3 375.54 213.18 -1 71 0.20911097526550293 7
1 -1 4 370.65 207.97 -1 71 0.005486965179443359 7
2 -1 0 384.61 283.77 -2 73 0.12981295585632324 7
2 -1 1 390.21 265.03 -1 73 0.1768202781677246 7
2 -1 2 387.04 263.61 -1 73 0.16934871673583984 7
2 -1 3 385.23 286.03 -2 73 0.23265695571899414 7
2 -1 4 372.08 194.49 -1 73 0.005877017974853516 7
3 -1 0 355.09 222.65000000000003 -1 74 0.11673378944396973 7
3 -1 1 354.88 221.79999999999998 -1 74 0.15799927711486816 7
3 -1 2 356.12 240.57 -1 74 0.1547682285308838 7
3 -1 3 355.82 237.58 -1 74 0.21577095985412598 7
3 -1 4 337.65 151.35 -1 74 0.005342006683349609 7
random:7T:900
0 -1 0 838.96 284.19 -2 60 0.19350814819335938 7
0 -1 1 850.75 0 -2 60 0.22944211959838867 7
0 -1 2 855.47 284.19 -2 60 0.22686004638671875 7
0 -1 3 867.24 284.19 -1 60 0.26604604721069336 7
0 -1 4 760.65 404.27 -1 60 0.007270097732543945 7
1 -1 0 588.11 394.87 -1 71 0.20164918899536133 7
1 -1 1 590.18 371.35 -2 71 0.25769615173339844 7
1 -1 2 589.45 392.13000000000005 -2 71 0.2643568515777588 7
1 -1 3 597.75 369.58000000000004 -1 71 0.3297278881072998 7
1 -1 4 593.8 375.11 -1 71 0.006997108459472656 7
2 -1 0 601.9 434.62 -1 73 0.213515043258667 7
2 -1 1 610.46 434.62 -1 73 0.2687959671020508 7
2 -1 2 606.92 439.64 -1 73 0.28362488746643066 7
2 -1 3 606.94 433.34 -2 73 0.35166001319885254 7
2 -1 4 593.9 358.32 -1 73 0.007481813430786133 7
3 -1 0 577.68 369.63 -1 74 0.21554827690124512 7
3 -1 1 577.49 369.26 -1 74 0.2509169578552246 7
3 -1 2 577.97 379.84000000000003 -1 74 0.27510809898376465 7
3 -1 3 577.65 379.14 -1 74 0.33769893646240234 7
3 -1 4 555.79 348.92 -1 74 0.0062940120697021484 7
random:7T:1200
0 -1 0 1153.55 313.75 -2 60 0.2859621047973633 7
0 -1 1 1164.35 0 -2 60 0.31913208961486816 7
0 -1 2 1179.13 313.75 -1 60 0.34278106689453125 7
0 -1 3 1190.62 313.75 -2 60 0.38895106315612793 7
0 -1 4 1043.38 565.03 -1 60 0.010865926742553711 7
1 -1 0 805.08 564.11 -3 71 0.29592394828796387 7
1 -1 1 801.47 531.14 -2 71 0.3413512706756592 7
1 -1 2 820.32 529.16 -2 71 0.4264090061187744 7
1 -1 3 821.65 539.17 -3 71 0.4610261917114258 7
1 -1 4 818.31 526.23 -1 71 0.008892297744750977 7
2 -1 0 820.12 605.44 -2 73 0.31339383125305176 7
2 -1 1 831.94 612.45 -1 73 0.36739492416381836 7
2 -1 2 829.44 582.1500000000001 -1 73 0.4228551387786865 7
2 -1 3 827.75 533.61 -1 73 0.4924509525299072 7
2 -1 4 810.31 502.34000000000003 -1 73 0.008810043334960938 7
3 -1 0 797.31 522.5699999999999 -1 74 0.30600810050964355 7
3 -1 1 797.11 522.55 -1 74 0.3485682010650635 7
3 -1 2 804.17 522.3299999999999 -1 74 0.40554285049438477 7
3 -1 3 803.85 519.5899999999999 -1 74 0.4650111198425293 7
3 -1 4 760.39 488.17 -1 74 0.007951974868774414 7
random:7T:1500
0 -1 0 1461.81 329.96 -2 60 0.36649107933044434 7
0 -1 1 1480.31 0 -2 60 0.3986990451812744 7
0 -1 2 1504.37 465.05 -2 60 0.428206205368042 7
0 -1 3 1524.54 456.76 -2 60 0.47594499588012695 7
0 -1 4 1334.36 726.88 -1 60 0.010913610458374023 7
1 -1 0 1023.22 719.3000000000001 -3 71 0.3535878658294678 7
1 -1 1 1023.7 684.0600000000001 -2 71 0.4140019416809082 7
1 -1 2 1040.68 680.1500000000001 -2 71 0.5104258060455322 7
1 -1 3 1036.56 710.71 -2 71 0.5656249523162842 7
1 -1 4 1037.04 669.52 -1 71 0.010163068771362305 7
2 -1 0 1043.02 758.24 -2 73 0.39864587783813477 7
2 -1 1 1052.85 784.13 -1 73 0.452059268951416 7
2 -1 2 1042.21 738.3299999999999 -1 73 0.5479381084442139 7
2 -1 3 1047.13 665.7600000000001 -1 73 0.6226589679718018 7
2 -1 4 1021.24 623.9300000000001 -1 73 0.012522220611572266 7
3 -1 0 1015.44 635.6999999999999 -1 74 0.39212632179260254 7
3 -1 1 1015.22 635.8199999999999 -1 74 0.4240429401397705 7
3 -1 2 1020.17 711.8800000000001 -1 74 0.5211801528930664 7
3 -1 3 1019.87 708.66 -1 74 0.5708658695220947 7
3 -1 4 967.01 597.8299999999999 -1 74 0.009150266647338867 7
random:8T:300
0 -1 0 201.54 131.26 -1 50 0.0411992073059082 8
0 -1 1 207.97 138.92 -2 50 0.06910395622253418 8
0 -1 2 201.74 130.13 -1 50 0.052538156509399414 8
0 -1 3 207.03 138.13 -1 50 0.08675503730773926 8
0 -1 4 199.37 65.21 -1 50 0.0037500858306884766 8
1 -1 0 148.83 86.53 -1 56 0.031006813049316406 8
1 -1 1 149.64 89.01 -1 56 0.05598592758178711 8
1 -1 2 149.06 86.53 -1 56 0.03734183311462402 8
1 -1 3 146.82 67.05 -1 56 0.07572579383850098 8
1 -1 4 142.11 0.0 -1 56 0.003247976303100586 8
2 -1 0 116.15 0.0 -2 80 0.01892995834350586 8
2 -1 1 120.07 1.09 -1 80 0.07269978523254395 8
2 -1 2 116.15 0.0 -2 80 0.01897287368774414 8
2 -1 3 120.07 0.0 -1 80 0.09614896774291992 8
2 -1 4 117.8 0.0 -6 80 0.004199028015136719 8
3 -1 0 193.55 70.78 -1 90 0.04319310188293457 8
3 -1 1 194.38 0.0 -5 90 0.10059595108032227 8
3 -1 2 193.75 70.78 -1 90 0.05197286605834961 8
3 -1 3 197.06 36.23 -2 90 0.13855195045471191 8
3 -1 4 178.59 0.0 -2 90 0.004669904708862305 8
random:8T:600
0 -1 0 453.66 292.07 -1 50 0.10811614990234375 8
0 -1 1 459.22 313.09 -2 50 0.14998292922973633 8
0 -1 2 460.35 318.99999999999994 -2 50 0.1516869068145752 8
0 -1 3 460.81 290.66999999999996 -1 50 0.18620991706848145 8
0 -1 4 454.52 311.0 -1 50 0.006248950958251953 8
1 -1 0 372.7 274.91999999999996 -1 56 0.10000777244567871 8
1 -1 1 381.63 276.33000000000004 -2 56 0.14042210578918457 8
1 -1 2 379.82 277.08000000000004 -2 56 0.1399838924407959 8
1 -1 3 379.97 285.27 -1 56 0.1793360710144043 8
1 -1 4 365.13 225.53 -1 56 0.005071163177490234 8
2 -1 0 317.82 196.75000000000003 -2 80 0.09477686882019043 8
2 -1 1 329.12 194.45999999999998 -2 80 0.16460704803466797 8
2 -1 2 317.98 194.01 -2 80 0.12395501136779785 8
2 -1 3 329.29 194.82999999999998 -2 80 0.21764707565307617 8
2 -1 4 325.18 138.22 -1 80 0.005536079406738281 8
3 -1 0 455.15 229.31 -2 90 0.15223026275634766 8
3 -1 1 457.9 174.91 -1 90 0.2155468463897705 8
3 -1 2 459.82 225.45 -1 90 0.19643783569335938 8
3 -1 3 468.24 218.47 -2 90 0.28031015396118164 8
3 -1 4 397.05 168.24 -1 90 0.0062639713287353516 8
random:8T:900
0 -1 0 705.77 445.73 -1 50 0.17774701118469238 8
0 -1 1 715.71 461.2100000000001 -1 50 0.199995756149292 8
0 -1 2 717.61 523.39 -1 50 0.23463106155395508 8
0 -1 3 724.19 526.01 -1 50 0.2648921012878418 8
0 -1 4 713.58 503.07 -1 50 0.007012128829956055 8
1 -1 0 600.62 462.40999999999997 -2 56 0.17259979248046875 8
1 -1 1 608.93 456.78000000000003 -2 56 0.2039480209350586 8
1 -1 2 608.79 458.45 -2 56 0.22545313835144043 8
1 -1 3 614.91 447.15 -1 56 0.27080297470092773 8
1 -1 4 589.58 483.03 -1 56 0.0059299468994140625 8
2 -1 0 526.68 361.77 -2 80 0.17672395706176758 8
2 -1 1 536.68 355.89000000000004 -2 80 0.24386024475097656 8
2 -1 2 529.67 352.37 -2 80 0.2510678768157959 8
2 -1 3 539.21 356.73 -2 80 0.3495476245880127 8
2 -1 4 529.71 364.0 -1 80 0.006845951080322266 8
3 -1 0 717.02 287.53 -2 90 0.2684941291809082 8
3 -1 1 719.05 292.59999999999997 -2 90 0.3322570323944092 8
3 -1 2 727.52 287.53 -2 90 0.3282811641693115 8
3 -1 3 725.86 287.53 -2 90 0.41248106956481934 8
3 -1 4 640.65 320.56 -1 90 0.008216142654418945 8
random:8T:1200
0 -1 0 961.72 604.5200000000001 -1 50 0.24087095260620117 8
0 -1 1 967.12 620.22 -1 50 0.2640681266784668 8
0 -1 2 973.95 604.09 -1 50 0.3384280204772949 8
0 -1 3 979.96 726.05 -1 50 0.3689541816711426 8
0 -1 4 970.99 678.02 -1 50 0.009434938430786133 8
1 -1 0 831.15 637.3499999999999 -1 56 0.2673001289367676 8
1 -1 1 840.88 628.3399999999999 -2 56 0.2782149314880371 8
1 -1 2 843.56 621.14 -2 56 0.3177199363708496 8
1 -1 3 845.3 626.9500000000002 -2 56 0.3594369888305664 8
1 -1 4 814.65 739.8199999999999 -1 56 0.007300853729248047 8
2 -1 0 732.08 526.3100000000001 -2 80 0.26532506942749023 8
2 -1 1 740.42 520.89 -2 80 0.3235180377960205 8
2 -1 2 734.53 510.17999999999995 -2 80 0.3698868751525879 8
2 -1 3 755.5 375.65000000000003 -1 80 0.48090291023254395 8
2 -1 4 729.97 621.39 -1 80 0.008547067642211914 8
3 -1 0 972.94 391.75 -2 90 0.3691699504852295 8
3 -1 1 982.56 448.53999999999996 -2 90 0.44029808044433594 8
3 -1 2 992.49 315.58 -1 90 0.477186918258667 8
3 -1 3 990.04 444.32000000000005 -2 90 0.5586950778961182 8
3 -1 4 879.06 459.70000000000005 -1 90 0.009616851806640625 8
random:8T:1500
0 -1 0 1214.34 789.94 -1 50 0.31528615951538086 8
0 -1 1 1220.43 766.1700000000001 -1 50 0.33586692810058594 8
0 -1 2 1236.54 879.1400000000001 -1 50 0.43285489082336426 8
0 -1 3 1242.56 819.1199999999999 -1 50 0.4625551700592041 8
0 -1 4 1225.34 843.9699999999999 -1 50 0.011439085006713867 8
1 -1 0 1065.04 810.25 -2 56 0.32871103286743164 8
1 -1 1 1074.65 796.79 -1 56 0.36495518684387207 8
1 -1 2 1068.38 797.33 -1 56 0.42052507400512695 8
1 -1 3 1083.84 789.6300000000001 -1 56 0.4562079906463623 8
1 -1 4 1040.5 987.79 -1 56 0.00902414321899414 8
2 -1 0 934.96 692.6700000000001 -2 80 0.3557589054107666 8
2 -1 1 946.67 684.54 -2 80 0.4169600009918213 8
2 -1 2 942.16 668.0 -2 80 0.4947521686553955 8
2 -1 3 961.92 534.84 -1 80 0.6049928665161133 8
2 -1 4 941.75 866.3799999999999 -1 80 0.01103067398071289 8
3 -1 0 1226.26 510.09000000000003 -2 90 0.4830362796783447 8
3 -1 1 1244.83 534.0699999999999 -2 90 0.5440552234649658 8
3 -1 2 1248.49 530.7 -2 90 0.6498708724975586 8
3 -1 3 1262.5 527.05 -2 90 0.7384092807769775 8
3 -1 4 1103.2 577.13 -1 90 0.012206077575683594 8
random:9T:300
0 -1 0 172.32 4.9 -1 102 0.024944067001342773 9
0 -1 1 194.85 0.0 -9 102 0.11236095428466797 9
0 -1 2 172.32 4.9 -1 102 0.024966001510620117 9
0 -1 3 194.85 0.0 -9 102 0.15567517280578613 9
0 -1 4 140.06 0.0 -10 102 0.005613088607788086 9
1 -1 0 167.5 96.76 -1 49 0.03214693069458008 9
1 -1 1 168.18 43.28 -2 49 0.06251215934753418 9
1 -1 2 167.65 96.76 -1 49 0.04119706153869629 9
1 -1 3 168.33 43.28 -2 49 0.0776360034942627 9
1 -1 4 154.43 9.1 -1 49 0.0031633377075195312 9
2 -1 0 173.71 93.48 -1 73 0.03630495071411133 9
2 -1 1 177.46 15.86 -1 73 0.08940958976745605 9
2 -1 2 173.9 93.48 -1 73 0.04828286170959473 9
2 -1 3 179.7 0 -1 73 0.12097597122192383 9
2 -1 4 156.01 0.0 -3 73 0.0042569637298583984 9
3 -1 0 152.19 59.61 -2 58 0.02442479133605957 9
3 -1 1 154.59 0 -1 58 0.0501859188079834 9
3 -1 2 152.2 59.61 -2 58 0.027153968811035156 9
3 -1 3 156.16 0 -1 58 0.07461977005004883 9
3 -1 4 144.8 0.0 -1 58 0.003244161605834961 9
random:9T:600
0 -1 0 440.03 187.29 -1 102 0.15252184867858887 9
0 -1 1 456.95 0.0 -7 102 0.260051965713501 9
0 -1 2 440.47 187.29 -1 102 0.1981801986694336 9
0 -1 3 458.09 0 -6 102 0.3211817741394043 9
0 -1 4 379.07 127.46 -1 102 0.007576942443847656 9
1 -1 0 413.4 282.99 -1 49 0.09590983390808105 9
1 -1 1 411.25 181.61 -2 49 0.11510705947875977 9
1 -1 2 414.26 286.34 -1 49 0.12411117553710938 9
1 -1 3 413.04 184.28 -2 49 0.15885090827941895 9
1 -1 4 398.26 276.14000000000004 -1 49 0.005571842193603516 9
2 -1 0 393.98 218.57 -2 73 0.12334895133972168 9
2 -1 1 399.96 197.71 -1 73 0.18630409240722656 9
2 -1 2 398.19 218.57 -2 73 0.1676485538482666 9
2 -1 3 403.47 150.79 -1 73 0.24002790451049805 9
2 -1 4 374.63 214.58 -1 73 0.005716085433959961 9
3 -1 0 390.76 199.36 -1 58 0.09156012535095215 9
3 -1 1 390.96 136.43 -1 58 0.1134040355682373 9
3 -1 2 395.58 218.68 -1 58 0.13130593299865723 9
3 -1 3 398.02 60.19 -1 58 0.1715998649597168 9
3 -1 4 383.51 233.99 -1 58 0.004864931106567383 9
random:9T:900
0 -1 0 700.16 260.6 -1 102 0.2876627445220947 9
0 -1 1 716.91 0 -6 102 0.3878781795501709 9
0 -1 2 700.64 260.6 -1 102 0.37453484535217285 9
0 -1 3 716.52 0 -5 102 0.46960997581481934 9
0 -1 4 617.76 244.85000000000002 -1 102 0.009810924530029297 9
1 -1 0 657.71 380.74 -1 49 0.16121387481689453 9
1 -1 1 651.87 339.1 -1 49 0.1722087860107422 9
1 -1 2 663.17 433.09000000000003 -1 49 0.20781421661376953 9
1 -1 3 660.71 376.81 -1 49 0.2433631420135498 9
1 -1 4 640.03 445.74 -1 49 0.006646871566772461 9
2 -1 0 612.43 279.38 -1 73 0.20723891258239746 9
2 -1 1 622.24 336.3 -1 73 0.2557070255279541 9
2 -1 2 617.52 313.77 -2 73 0.30414295196533203 9
2 -1 3 626.61 257.83 -2 73 0.37045907974243164 9
2 -1 4 597.69 380.55 -1 73 0.007699012756347656 9
3 -1 0 628.58 361.1 -1 58 0.16582679748535156 9
3 -1 1 628.89 300.36 -1 58 0.1873946189880371 9
3 -1 2 628.58 329.13 -1 58 0.22353696823120117 9
3 -1 3 636.59 356.23 -1 58 0.2663300037384033 9
3 -1 4 623.11 402.58 -1 58 0.0063648223876953125 9
random:9T:1200
0 -1 0 959.76 300.81 -1 102 0.4177680015563965 9
0 -1 1 971.41 0 -5 102 0.5109598636627197 9
0 -1 2 965.96 301.57 -1 102 0.5342481136322021 9
0 -1 3 983.01 0 -2 102 0.6759958267211914 9
0 -1 4 834.53 345.53 -1 102 0.011787891387939453 9
1 -1 0 902.74 519.9 -1 49 0.23016905784606934 9
1 -1 1 894.26 551.65 -1 49 0.23873305320739746 9
1 -1 2 914.27 653.3 -1 49 0.29306888580322266 9
1 -1 3 910.23 616.85 -1 49 0.324207067489624 9
1 -1 4 879.87 604.4499999999999 -1 49 0.007583141326904297 9
2 -1 0 833.04 434.29 -1 73 0.28381896018981934 9
2 -1 1 839.63 419.7 -1 73 0.3340890407562256 9
2 -1 2 843.48 434.28999999999996 -1 73 0.4122757911682129 9
2 -1 3 846.08 362.49 -1 73 0.5075650215148926 9
2 -1 4 821.87 527.2 -1 73 0.009576797485351562 9
3 -1 0 868.91 528.33 -1 58 0.2501037120819092 9
3 -1 1 870.35 442.1 -1 58 0.2658233642578125 9
3 -1 2 869.69 540.24 -2 58 0.31705284118652344 9
3 -1 3 874.81 422.08 -1 58 0.3620789051055908 9
3 -1 4 862.69 561.27 -1 58 0.007869958877563477 9
random:9T:1500
0 -1 0 1215.28 322.86 -1 102 0.5571610927581787 9
0 -1 1 1225.27 0 -5 102 0.6547071933746338 9
0 -1 2 1222.09 329.22 -1 102 0.6622259616851807 9
0 -1 3 1240.98 0 -2 102 0.8231539726257324 9
0 -1 4 1073.03 497.40999999999997 -1 102 0.015635967254638672 9
1 -1 0 1146.23 677.8299999999999 -1 49 0.3207674026489258 9
1 -1 1 1132.38 684.48 -1 49 0.3227808475494385 9
1 -1 2 1157.91 863.8 -1 49 0.409304141998291 9
1 -1 3 1161.88 800.4100000000001 -1 49 0.40111398696899414 9
1 -1 4 1120.01 764.18 -1 49 0.009372949600219727 9
2 -1 0 1052.8 524.97 -1 73 0.34659290313720703 9
2 -1 1 1056.43 456.46000000000004 -1 73 0.46196818351745605 9
2 -1 2 1065.25 555.89 -1 73 0.5303609371185303 9
2 -1 3 1061.22 489.8 -2 73 0.5400571823120117 9
2 -1 4 1044.06 665.86 -1 73 0.009735822677612305 9
3 -1 0 1106.48 641.03 -1 58 0.2805778980255127 9
3 -1 1 1108.11 624.59 -1 58 0.29318690299987793 9
3 -1 2 1117.99 694.88 -1 58 0.3739199638366699 9
3 -1 3 1118.15 675.74 -1 58 0.4128561019897461 9
3 -1 4 1102.23 719.8 -1 58 0.008655071258544922 9
