random:0T:300
random:0T:300
0 -1 0 67.29 0 -93 279 0.0537111759185791 1
0 -1 1 69.35 0 -123 279 0.22743797302246094 1
0 -1 2 67.29 0 -93 279 0.053421974182128906 1
0 -1 3 64.3 0 -174 279 0.35300302505493164 1
0 -1 4 58.16 0.0 -103 279 0.013667106628417969 1
random:0T:600
0 -1 0 196.38 0.0 -25 279 0.08404183387756348 1
0 -1 1 208.51 0 -56 279 0.5394198894500732 1
0 -1 2 196.38 0.0 -25 279 0.08368897438049316 1
0 -1 3 211.7 0 -54 279 0.7042789459228516 1
0 -1 4 187.58 0.0 -30 279 0.01625227928161621 1
random:0T:900
0 -1 0 333.99 68.7 -1 279 0.15772700309753418 1
0 -1 1 347.97 0 -46 279 0.8947923183441162 1
0 -1 2 333.9 68.7 -1 279 0.1893928050994873 1
0 -1 3 359.2 0 -38 279 1.1890668869018555 1
0 -1 4 325.83 0.0 -15 279 0.019223690032958984 1
random:0T:1200
0 -1 0 486.96 160.94 -1 279 0.5015769004821777 1
0 -1 1 494.79 0 -42 279 1.152163028717041 1
0 -1 2 489.45 97.9 -1 279 0.6205921173095703 1
0 -1 3 505.48 0.0 -20 279 1.6483821868896484 1
0 -1 4 460.01 0.0 -5 279 0.023314952850341797 1
random:0T:1500
0 -1 0 640.97 244.92999999999998 -1 279 0.8467528820037842 1
0 -1 1 636.87 0 -41 279 1.5626521110534668 1
0 -1 2 644.47 183.64999999999998 -1 279 1.0135810375213623 1
0 -1 3 657.01 0 -15 279 2.0026659965515137 1
0 -1 4 587.22 167.58 -1 279 0.02089214324951172 1
random:2T:300
0 -1 0 96.07 0.0 -34 209 0.04507899284362793 3
0 -1 1 94.68 0.0 -44 209 0.15586304664611816 3
0 -1 2 96.07 0.0 -34 209 0.04407811164855957 3
0 -1 3 94.45 0.0 -78 209 0.26530027389526367 3
0 -1 4 97.06 0.0 -34 209 0.011265993118286133 3
random:2T:600
0 -1 0 256.86 0.0 -1 209 0.06668710708618164 3
0 -1 1 256.98 0.0 -27 209 0.3429679870605469 3
0 -1 2 256.86 0.0 -1 209 0.06452608108520508 3
0 -1 3 263.66 0.0 -21 209 0.4984409809112549 3
0 -1 4 233.71 0.0 -20 209 0.012128114700317383 3
random:2T:900
0 -1 0 429.25 130.71 -1 209 0.2386610507965088 3
0 -1 1 423.71 0.0 -26 209 0.5872859954833984 3
0 -1 2 429.64 151.59 -1 209 0.30193209648132324 3
0 -1 3 436.37 0.0 -6 209 0.8260571956634521 3
0 -1 4 400.92 0.0 -2 209 0.013664007186889648 3
random:2T:1200
0 -1 0 600.09 219.27 -1 209 0.41265177726745605 3
0 -1 1 593.49 0.0 -22 209 0.783905029296875 3
0 -1 2 606.82 225.07 -1 209 0.5284180641174316 3
0 -1 3 622.46 0.0 -1 209 1.134148120880127 3
0 -1 4 546.24 185.69 -1 209 0.01645684242248535 3
random:2T:1500
0 -1 0 779.74 360.86 -1 209 0.6021561622619629 3
0 -1 1 765.34 0.0 -21 209 0.9843099117279053 3
0 -1 2 779.56 305.4 -1 209 0.804581880569458 3
0 -1 3 808.98 0.0 -1 209 1.389012098312378 3
0 -1 4 675.93 196.43 -1 209 0.01796698570251465 3
random:4T:300
0 -1 0 73.36 0 -83 275 0.056095123291015625 5
0 -1 1 79.53 0 -80 275 0.2749817371368408 5
0 -1 2 73.36 0 -83 275 0.06022906303405762 5
0 -1 3 76.43 0 -94 275 0.36596202850341797 5
0 -1 4 63.85 0 -101 275 0.014589071273803711 5
random:4T:600
0 -1 0 195.58 0.0 -23 275 0.09557390213012695 5
0 -1 1 208.61 0 -57 275 0.5630018711090088 5
0 -1 2 195.58 0.0 -23 275 0.09488368034362793 5
0 -1 3 207.18 0 -49 275 0.8091537952423096 5
0 -1 4 189.61 0.0 -30 275 0.01776599884033203 5
random:4T:900
0 -1 0 332.26 42.8 -1 275 0.16239213943481445 5
0 -1 1 353.37 0 -37 275 0.843738317489624 5
0 -1 2 332.25 42.8 -1 275 0.1829991340637207 5
0 -1 3 354.31 0 -25 275 1.149873971939087 5
0 -1 4 307.07 0.0 -20 275 0.018399953842163086 5
random:4T:1200
0 -1 0 480.73 163.98 -1 275 0.43880796432495117 5
0 -1 1 500.19 0 -25 275 1.0673348903656006 5
0 -1 2 481.25 163.98 -1 275 0.5531589984893799 5
0 -1 3 497.85 0 -22 275 1.4811761379241943 5
0 -1 4 447.83 0.0 -4 275 0.01972818374633789 5
random:4T:1500
0 -1 0 636.58 305.42 -2 275 0.7132227420806885 5
0 -1 1 643.11 0 -23 275 1.3600471019744873 5
0 -1 2 633.02 307.0 -1 275 0.9238061904907227 5
0 -1 3 651.04 0 -15 275 1.946234941482544 5
0 -1 4 583.54 169.96 -1 275 0.023865222930908203 5
random:6T:300
0 -1 0 64.58 0 -87 244 0.0501711368560791 7
0 -1 1 67.04 0 -114 244 0.22150611877441406 7
0 -1 2 64.58 0 -87 244 0.048872947692871094 7
0 -1 3 71.8 0 -93 244 0.31055688858032227 7
0 -1 4 55.65 0.0 -93 244 0.011165857315063477 7
random:6T:600
0 -1 0 193.74 0.0 -20 244 0.07986593246459961 7
0 -1 1 204.65 0 -60 244 0.48356127738952637 7
0 -1 2 193.74 0.0 -20 244 0.0798959732055664 7
0 -1 3 209.03 0 -53 244 0.7170770168304443 7
0 -1 4 188.65 0.0 -24 244 0.0157930850982666 7
random:6T:900
0 -1 0 341.1 87.86 -1 244 0.16463589668273926 7
0 -1 1 342.98 0 -30 244 0.8345651626586914 7
0 -1 2 340.96 87.86 -1 244 0.19344425201416016 7
0 -1 3 356.72 0 -24 244 1.1413600444793701 7
0 -1 4 341.87 0.0 -10 244 0.016215085983276367 7
random:6T:1200
0 -1 0 491.02 195.60999999999999 -1 244 0.41349005699157715 7
0 -1 1 495.69 0.0 -14 244 1.0769000053405762 7
0 -1 2 493.97 187.97 -1 244 0.5370979309082031 7
0 -1 3 513.31 0 -11 244 1.382765769958496 7
0 -1 4 498.07 83.85 -1 244 0.017147064208984375 7
random:6T:1500
0 -1 0 636.05 289.40999999999997 -1 244 0.6346039772033691 7
0 -1 1 645.77 0.0 -13 244 1.3150830268859863 7
0 -1 2 642.33 204.67000000000002 -1 244 0.943270206451416 7
0 -1 3 649.02 0 -11 244 1.8563358783721924 7
0 -1 4 613.13 197.07999999999998 -1 244 0.020190954208374023 7
random:8T:300
0 -1 0 73.92 0 -84 276 0.06416106224060059 9
0 -1 1 70.76 0 -106 276 0.2953982353210449 9
0 -1 2 73.92 0 -84 276 0.07416391372680664 9
0 -1 3 73.36 0 -140 276 0.5062887668609619 9
0 -1 4 64.56 0 -102 276 0.01699686050415039 9
random:8T:600
0 -1 0 196.39 0 -24 276 0.10642790794372559 9
0 -1 1 205.13 0 -58 276 0.604942798614502 9
0 -1 2 196.39 0 -24 276 0.14261770248413086 9
0 -1 3 204.73 0 -43 276 0.9140570163726807 9
0 -1 4 190.9 0.0 -30 276 0.021425247192382812 9
random:8T:900
0 -1 0 335.68 66.71 -1 276 0.2777700424194336 9
0 -1 1 346.18 0 -44 276 0.927340030670166 9
0 -1 2 335.94 66.71 -1 276 0.22997188568115234 9
0 -1 3 341.25 0 -22 276 1.1237361431121826 9
0 -1 4 308.45 0.0 -20 276 0.018264055252075195 9
random:8T:1200
0 -1 0 480.52 169.98 -1 276 0.4364619255065918 9
0 -1 1 493.45 0 -26 276 1.100782871246338 9
0 -1 2 481.9 169.98 -1 276 0.6129069328308105 9
0 -1 3 497.91 0 -22 276 1.5196189880371094 9
0 -1 4 439.47 0.0 -4 276 0.01955127716064453 9
random:8T:1500
0 -1 0 634.22 236.43 -1 276 0.7540967464447021 9
0 -1 1 639.29 0 -24 276 1.4903101921081543 9
0 -1 2 636.2 225.14 -1 276 0.945641040802002 9
0 -1 3 628.53 0 -16 276 1.966722011566162 9
0 -1 4 581.02 162.39 -1 276 0.02178168296813965 9
random:0T:300
0 -1 0 67.29 0 -93 279 0.05305004119873047 0
0 -1 1 69.35 0 -123 279 0.2218341827392578 0
0 -1 2 67.29 0 -93 279 0.05372166633605957 0
0 -1 3 64.3 0 -174 279 0.3467369079589844 0
0 -1 4 58.16 0.0 -103 279 0.013440132141113281 0
random:0T:600
0 -1 0 196.38 0.0 -25 279 0.08204197883605957 0
0 -1 1 208.51 0 -56 279 0.516167163848877 0
0 -1 2 196.38 0.0 -25 279 0.0832829475402832 0
0 -1 3 211.7 0 -54 279 0.6873431205749512 0
0 -1 4 187.58 0.0 -30 279 0.01604008674621582 0
random:0T:900
0 -1 0 333.99 68.7 -1 279 0.1575181484222412 0
0 -1 1 347.97 0 -46 279 0.8135390281677246 0
0 -1 2 333.9 68.7 -1 279 0.18205475807189941 0
0 -1 3 359.2 0 -38 279 1.0931758880615234 0
0 -1 4 325.83 0.0 -15 279 0.018512964248657227 0
random:0T:1200
0 -1 0 486.96 160.94 -1 279 0.476625919342041 0
0 -1 1 494.79 0 -42 279 1.132444143295288 0
0 -1 2 489.45 97.9 -1 279 0.5798871517181396 0
0 -1 3 505.48 0.0 -20 279 1.4602530002593994 0
0 -1 4 460.01 0.0 -5 279 0.018997907638549805 0
random:0T:1500
0 -1 0 640.97 244.92999999999998 -1 279 0.7340588569641113 0
0 -1 1 636.87 0 -41 279 1.4274637699127197 0
0 -1 2 644.47 183.64999999999998 -1 279 0.9139058589935303 0
0 -1 3 657.01 0 -15 279 1.9073021411895752 0
0 -1 4 587.22 167.58 -1 279 0.02239513397216797 0
random:1T:300
0 -1 0 63.52 0.0 -95 276 0.058634042739868164 1
0 -1 1 67.25 0 -103 276 0.24915599822998047 1
0 -1 2 63.52 0.0 -95 276 0.056845903396606445 1
0 -1 3 69.04 0 -100 276 0.36211299896240234 1
0 -1 4 59.32 0.0 -102 276 0.013815879821777344 1
random:1T:600
0 -1 0 191.05 0.0 -24 276 0.09391307830810547 1
0 -1 1 202.52 0 -36 276 0.5373947620391846 1
0 -1 2 191.05 0.0 -24 276 0.10902619361877441 1
0 -1 3 203.39 0.0 -29 276 0.7315869331359863 1
0 -1 4 188.09 0.0 -30 276 0.01702284812927246 1
random:1T:900
0 -1 0 336.99 55.67 -1 276 0.20397019386291504 1
0 -1 1 346.12 0.0 -25 276 0.8944740295410156 1
0 -1 2 337.0 55.67 -1 276 0.18798518180847168 1
0 -1 3 349.62 0.0 -21 276 1.1800858974456787 1
0 -1 4 324.04 0.0 -15 276 0.019243955612182617 1
random:1T:1200
0 -1 0 483.61 143.46 -1 276 0.5408151149749756 1
0 -1 1 494.62 0.0 -25 276 1.1550209522247314 1
0 -1 2 483.61 143.46 -1 276 0.606147050857544 1
0 -1 3 495.06 0.0 -18 276 1.5599558353424072 1
0 -1 4 456.94 0.0 -4 276 0.019013166427612305 1
random:1T:1500
0 -1 0 638.7 276.13000000000005 -1 276 0.7722287178039551 1
0 -1 1 636.36 0.0 -19 276 1.396683931350708 1
0 -1 2 639.15 181.67000000000002 -1 276 0.9812891483306885 1
0 -1 3 647.34 0.0 -12 276 1.9414327144622803 1
0 -1 4 585.05 170.14 -1 276 0.02114701271057129 1
random:2T:300
0 -1 0 96.07 0.0 -34 209 0.046545982360839844 2
0 -1 1 94.68 0.0 -44 209 0.15971684455871582 2
0 -1 2 96.07 0.0 -34 209 0.04539990425109863 2
0 -1 3 94.45 0.0 -78 209 0.2805931568145752 2
0 -1 4 97.06 0.0 -34 209 0.011148929595947266 2
random:2T:600
0 -1 0 256.86 0.0 -1 209 0.06594204902648926 2
0 -1 1 256.98 0.0 -27 209 0.35697507858276367 2
0 -1 2 256.86 0.0 -1 209 0.06632089614868164 2
0 -1 3 263.66 0.0 -21 209 0.5077435970306396 2
0 -1 4 233.71 0.0 -20 209 0.012714862823486328 2
random:2T:900
0 -1 0 429.25 130.71 -1 209 0.24440908432006836 2
0 -1 1 423.71 0.0 -26 209 0.5499629974365234 2
0 -1 2 429.64 151.59 -1 209 0.292130708694458 2
0 -1 3 436.37 0.0 -6 209 0.8046548366546631 2
0 -1 4 400.92 0.0 -2 209 0.013751983642578125 2
random:2T:1200
0 -1 0 600.09 219.27 -1 209 0.4213528633117676 2
0 -1 1 593.49 0.0 -22 209 0.781702995300293 2
0 -1 2 606.82 225.07 -1 209 0.532789945602417 2
0 -1 3 622.46 0.0 -1 209 1.1197450160980225 2
0 -1 4 546.24 185.69 -1 209 0.01669764518737793 2
random:2T:1500
0 -1 0 779.74 360.86 -1 209 0.5952439308166504 2
0 -1 1 765.34 0.0 -21 209 0.9604647159576416 2
0 -1 2 779.56 305.4 -1 209 0.7632570266723633 2
0 -1 3 808.98 0.0 -1 209 1.347226858139038 2
0 -1 4 675.93 196.43 -1 209 0.017956018447875977 2
random:3T:300
0 -1 0 73.18 0 -85 277 0.05936694145202637 3
0 -1 1 79.62 0 -89 277 0.2640562057495117 3
0 -1 2 73.18 0 -85 277 0.0666348934173584 3
0 -1 3 70.29 0 -127 277 0.3692209720611572 3
0 -1 4 63.94 0 -101 277 0.014553070068359375 3
random:3T:600
0 -1 0 196.94 0 -24 277 0.09821510314941406 3
0 -1 1 217.49 0 -53 277 0.6016108989715576 3
0 -1 2 196.94 0 -24 277 0.10037779808044434 3
0 -1 3 206.93 0 -39 277 0.7266361713409424 3
0 -1 4 189.62 0.0 -30 277 0.018129825592041016 3
random:3T:900
0 -1 0 331.07 50.92 -1 277 0.16919493675231934 3
0 -1 1 366.68 0 -34 277 0.9187631607055664 3
0 -1 2 331.09 50.92 -1 277 0.2024550437927246 3
0 -1 3 354.29 0 -32 277 1.1948399543762207 3
0 -1 4 307.77 0.0 -20 277 0.019669055938720703 3
random:3T:1200
0 -1 0 481.49 139.53 -1 277 0.4474220275878906 3
0 -1 1 520.87 0 -21 277 1.252708911895752 3
0 -1 2 477.86 97.09 -1 277 0.5825929641723633 3
0 -1 3 499.78 0 -12 277 1.5844500064849854 3
0 -1 4 450.96 0.0 -4 277 0.020947933197021484 3
random:3T:1500
0 -1 0 631.57 185.56 -1 277 0.7397902011871338 3
0 -1 1 662.64 0 -16 277 1.5737626552581787 3
0 -1 2 631.51 99.16 -1 277 0.9891071319580078 3
0 -1 3 652.17 0 -8 277 2.040786027908325 3
0 -1 4 585.7 169.96 -1 277 0.023091793060302734 3
random:4T:300
0 -1 0 73.36 0 -83 275 0.05804800987243652 4
0 -1 1 79.53 0 -80 275 0.27510714530944824 4
0 -1 2 73.36 0 -83 275 0.05703616142272949 4
0 -1 3 76.43 0 -94 275 0.3678300380706787 4
0 -1 4 63.85 0 -101 275 0.015044212341308594 4
random:4T:600
0 -1 0 195.58 0.0 -23 275 0.09850001335144043 4
0 -1 1 208.61 0 -57 275 0.5662641525268555 4
0 -1 2 195.58 0.0 -23 275 0.09648489952087402 4
0 -1 3 207.18 0 -49 275 0.8154311180114746 4
0 -1 4 189.61 0.0 -30 275 0.017547130584716797 4
random:4T:900
0 -1 0 332.26 42.8 -1 275 0.16283702850341797 4
0 -1 1 353.37 0 -37 275 0.8439149856567383 4
0 -1 2 332.25 42.8 -1 275 0.17616510391235352 4
0 -1 3 354.31 0 -25 275 1.1832430362701416 4
0 -1 4 307.07 0.0 -20 275 0.019076824188232422 4
random:4T:1200
0 -1 0 480.73 163.98 -1 275 0.44520115852355957 4
0 -1 1 500.19 0 -25 275 1.0957598686218262 4
0 -1 2 481.25 163.98 -1 275 0.5589540004730225 4
0 -1 3 497.85 0 -22 275 1.5902578830718994 4
0 -1 4 447.83 0.0 -4 275 0.02104806900024414 4
random:4T:1500
0 -1 0 636.58 305.42 -2 275 0.750952959060669 4
0 -1 1 643.11 0 -23 275 1.413250207901001 4
0 -1 2 633.02 307.0 -1 275 0.9888110160827637 4
0 -1 3 651.04 0 -15 275 2.124293804168701 4
0 -1 4 583.54 169.96 -1 275 0.02196526527404785 4
random:5T:300
0 -1 0 63.71 0 -94 246 0.05053400993347168 5
0 -1 1 67.34 0 -101 246 0.1882469654083252 5
0 -1 2 63.71 0 -94 246 0.050425052642822266 5
0 -1 3 68.12 0 -115 246 0.29683613777160645 5
0 -1 4 57.93 0 -94 246 0.01086115837097168 5
random:5T:600
0 -1 0 188.69 0 -29 246 0.07538414001464844 5
0 -1 1 199.55 0 -39 246 0.4555661678314209 5
0 -1 2 188.69 0 -29 246 0.08556294441223145 5
0 -1 3 199.9 0 -43 246 0.6765611171722412 5
0 -1 4 189.92 0.0 -27 246 0.013593912124633789 5
random:5T:900
0 -1 0 325.68 37.41 -1 246 0.11801481246948242 5
0 -1 1 345.79 0 -29 246 0.6671631336212158 5
0 -1 2 325.63 37.41 -1 246 0.14411687850952148 5
0 -1 3 359.08 0 -16 246 1.006462812423706 5
0 -1 4 339.19 0.0 -10 246 0.015637874603271484 5
random:5T:1200
0 -1 0 475.0 99.38 -1 246 0.3867161273956299 5
0 -1 1 494.94 0 -15 246 1.0064098834991455 5
0 -1 2 476.01 99.38 -1 246 0.6502318382263184 5
0 -1 3 506.74 0 -11 246 1.4636318683624268 5
0 -1 4 499.64 83.85 -1 246 0.016775846481323242 5
random:5T:1500
0 -1 0 616.9 174.03 -1 246 0.6434910297393799 5
0 -1 1 640.32 0 -13 246 1.2272050380706787 5
0 -1 2 622.29 180.02999999999997 -1 246 0.865792989730835 5
0 -1 3 669.38 0.0 -1 246 1.7061331272125244 5
0 -1 4 613.36 194.12 -1 246 0.01995992660522461 5
random:6T:300
0 -1 0 64.58 0 -87 244 0.05354714393615723 6
0 -1 1 67.04 0 -114 244 0.2235090732574463 6
0 -1 2 64.58 0 -87 244 0.05408883094787598 6
0 -1 3 71.8 0 -93 244 0.2878537178039551 6
0 -1 4 55.65 0.0 -93 244 0.010834932327270508 6
random:6T:600
0 -1 0 193.74 0.0 -20 244 0.07641291618347168 6
0 -1 1 204.65 0 -60 244 0.47754406929016113 6
0 -1 2 193.74 0.0 -20 244 0.0767219066619873 6
0 -1 3 209.03 0 -53 244 0.6348631381988525 6
0 -1 4 188.65 0.0 -24 244 0.013848066329956055 6
random:6T:900
0 -1 0 341.1 87.86 -1 244 0.16089105606079102 6
0 -1 1 342.98 0 -30 244 0.7579419612884521 6
0 -1 2 340.96 87.86 -1 244 0.20237302780151367 6
0 -1 3 356.72 0 -24 244 1.1106340885162354 6
0 -1 4 341.87 0.0 -10 244 0.015306949615478516 6
random:6T:1200
0 -1 0 491.02 195.60999999999999 -1 244 0.3734781742095947 6
0 -1 1 495.69 0.0 -14 244 1.0185060501098633 6
0 -1 2 493.97 187.97 -1 244 0.5131301879882812 6
0 -1 3 513.31 0 -11 244 1.430656909942627 6
0 -1 4 498.07 83.85 -1 244 0.017294883728027344 6
random:6T:1500
0 -1 0 636.05 289.40999999999997 -1 244 0.7125191688537598 6
0 -1 1 645.77 0.0 -13 244 1.342275619506836 6
0 -1 2 642.33 204.67000000000002 -1 244 0.8487801551818848 6
0 -1 3 649.02 0 -11 244 1.680130958557129 6
0 -1 4 613.13 197.07999999999998 -1 244 0.01904010772705078 6
random:7T:300
0 -1 0 64.15 0 -94 278 0.05945086479187012 7
0 -1 1 63.03 0 -113 278 0.2848660945892334 7
0 -1 2 64.15 0 -94 278 0.05830502510070801 7
0 -1 3 60.38 0 -124 278 0.35625600814819336 7
0 -1 4 58.53 0.0 -102 278 0.01456904411315918 7
random:7T:600
0 -1 0 197.49 0.0 -22 278 0.10088014602661133 7
0 -1 1 195.21 0.0 -65 278 0.6329219341278076 7
0 -1 2 197.49 0.0 -22 278 0.1046760082244873 7
0 -1 3 195.76 0 -34 278 0.7499611377716064 7
0 -1 4 187.54 0.0 -30 278 0.018149852752685547 7
random:7T:900
0 -1 0 342.35 74.96 -1 278 0.21118402481079102 7
0 -1 1 336.51 0.0 -24 278 0.9405262470245361 7
0 -1 2 342.35 74.96 -1 278 0.2279951572418213 7
0 -1 3 345.81 0.0 -32 278 1.2185258865356445 7
0 -1 4 326.27 0.0 -15 278 0.020301103591918945 7
random:7T:1200
0 -1 0 491.17 106.86 -1 278 0.5442459583282471 7
0 -1 1 490.87 0.0 -22 278 1.3253960609436035 7
0 -1 2 486.63 98.55 -1 278 0.6301980018615723 7
0 -1 3 504.26 0.0 -16 278 1.751404047012329 7
0 -1 4 459.59 0.0 -5 278 0.022019147872924805 7
random:7T:1500
0 -1 0 645.32 178.47 -1 278 0.9546959400177002 7
0 -1 1 633.69 0.0 -20 278 1.7659220695495605 7
0 -1 2 643.1 176.51999999999998 -1 278 1.1172113418579102 7
0 -1 3 650.55 0.0 -4 278 2.3632571697235107 7
0 -1 4 586.29 167.77 -1 278 0.023669004440307617 7
random:8T:300
0 -1 0 73.92 0 -84 276 0.09103822708129883 8
0 -1 1 70.76 0 -106 276 0.30309009552001953 8
0 -1 2 73.92 0 -84 276 0.0671849250793457 8
0 -1 3 73.36 0 -140 276 0.41321706771850586 8
0 -1 4 64.56 0 -102 276 0.014963865280151367 8
random:8T:600
0 -1 0 196.39 0 -24 276 0.09827828407287598 8
0 -1 1 205.13 0 -58 276 0.519068717956543 8
0 -1 2 196.39 0 -24 276 0.09772610664367676 8
0 -1 3 204.73 0 -43 276 0.7889361381530762 8
0 -1 4 190.9 0.0 -30 276 0.01782512664794922 8
random:8T:900
0 -1 0 335.68 66.71 -1 276 0.20780110359191895 8
0 -1 1 346.18 0 -44 276 0.8740570545196533 8
0 -1 2 335.94 66.71 -1 276 0.2212972640991211 8
0 -1 3 341.25 0 -22 276 1.1784110069274902 8
0 -1 4 308.45 0.0 -20 276 0.018599987030029297 8
random:8T:1200
0 -1 0 480.52 169.98 -1 276 0.4306628704071045 8
0 -1 1 493.45 0 -26 276 1.1604280471801758 8
0 -1 2 481.9 169.98 -1 276 0.5916740894317627 8
0 -1 3 497.91 0 -22 276 1.5397529602050781 8
0 -1 4 439.47 0.0 -4 276 0.020493030548095703 8
random:8T:1500
0 -1 0 634.22 236.43 -1 276 0.7565312385559082 8
0 -1 1 639.29 0 -24 276 1.4796388149261475 8
0 -1 2 636.2 225.14 -1 276 0.9955399036407471 8
0 -1 3 628.53 0 -16 276 1.9723799228668213 8
0 -1 4 581.02 162.39 -1 276 0.023429155349731445 8
random:9T:300
0 -1 0 85.8 0 -70 282 0.058589935302734375 9
0 -1 1 87.85 0 -75 282 0.25120019912719727 9
0 -1 2 85.8 0 -70 282 0.06241583824157715 9
0 -1 3 87.34 0 -78 282 0.3695809841156006 9
0 -1 4 56.66 0 -117 282 0.015136003494262695 9
random:9T:600
0 -1 0 223.52 0.0 -26 282 0.09455299377441406 9
0 -1 1 242.36 0 -63 282 0.5782570838928223 9
0 -1 2 223.53 0.0 -26 282 0.10942697525024414 9
0 -1 3 242.01 0.0 -49 282 0.8147499561309814 9
0 -1 4 194.44 0.0 -25 282 0.01868295669555664 9
random:9T:900
0 -1 0 349.68 52.57 -1 282 0.16835689544677734 9
0 -1 1 399.59 0.0 -57 282 0.9342060089111328 9
0 -1 2 349.71 52.57 -1 282 0.17438888549804688 9
0 -1 3 398.69 0.0 -48 282 1.217890977859497 9
0 -1 4 327.64 0.0 -15 282 0.020406007766723633 9
random:9T:1200
0 -1 0 504.33 123.78999999999999 -1 282 0.48024988174438477 9
0 -1 1 555.19 0.0 -57 282 1.2368860244750977 9
0 -1 2 504.4 117.09 -1 282 0.6063201427459717 9
0 -1 3 562.07 0.0 -50 282 1.622602939605713 9
0 -1 4 460.03 0.0 -5 282 0.020917892456054688 9
random:9T:1500
0 -1 0 673.76 212.88 -1 282 0.7534801959991455 9
0 -1 1 706.47 0.0 -53 282 1.504159927368164 9
0 -1 2 672.79 208.85999999999999 -1 282 0.9456169605255127 9
0 -1 3 710.31 0.0 -42 282 2.0614829063415527 9
0 -1 4 590.86 164.8 -1 282 0.02284407615661621 9
