random:0T:300
random:0T:300
0 -1 0 103.26 0.0 -19 151 0.04136991500854492 1
0 -1 1 112.51 0 -24 151 0.1531367301940918 1
0 -1 2 103.26 0.0 -19 151 0.03904390335083008 1
0 -1 3 111.84 0 -58 151 0.23523879051208496 1
0 -1 4 103.84 0.0 -18 151 0.008278131484985352 1
1 -1 0 102.91 0.0 -15 128 0.03446197509765625 1
1 -1 1 109.86 0 -27 128 0.18370628356933594 1
1 -1 2 102.91 0.0 -15 128 0.03188920021057129 1
1 -1 3 110.62 0 -24 128 0.23641705513000488 1
1 -1 4 107.07 0.0 -14 128 0.007918834686279297 1
random:0T:600
0 -1 0 305.05 84.37 -1 151 0.15693068504333496 1
0 -1 1 313.24 0.0 -12 151 0.39176011085510254 1
0 -1 2 304.61 84.37 -1 151 0.2191638946533203 1
0 -1 3 326.93 0.0 -4 151 0.5348718166351318 1
0 -1 4 290.59 0.0 -3 151 0.009670019149780273 1
1 -1 0 272.02 119.58000000000001 -1 128 0.08786988258361816 1
1 -1 1 293.2 0.0 -2 128 0.27658915519714355 1
1 -1 2 271.62 110.74999999999999 -1 128 0.10578775405883789 1
1 -1 3 299.05 108.11 -1 128 0.40497374534606934 1
1 -1 4 273.3 0.0 -4 128 0.008358001708984375 1
random:0T:900
0 -1 0 512.54 226.68 -1 151 0.2905158996582031 1
0 -1 1 521.43 0.0 -7 151 0.48522186279296875 1
0 -1 2 515.3 161.76 -1 151 0.3614771366119385 1
0 -1 3 528.08 0.0 -2 151 0.6469948291778564 1
0 -1 4 472.06 176.97000000000003 -1 151 0.011443138122558594 1
1 -1 0 451.63 247.26 -1 128 0.18350791931152344 1
1 -1 1 478.43 207.19 -1 128 0.4144120216369629 1
1 -1 2 457.14 261.11 -4 128 0.30046677589416504 1
1 -1 3 474.65 279.53999999999996 -1 128 0.5797412395477295 1
1 -1 4 459.62 169.35 -1 128 0.010262727737426758 1
random:0T:1200
0 -1 0 713.67 299.79 -1 151 0.47214531898498535 1
0 -1 1 719.41 0.0 -5 151 0.6855990886688232 1
0 -1 2 723.92 297.7 -1 151 0.5860540866851807 1
0 -1 3 730.47 0.0 -2 151 0.8872590065002441 1
0 -1 4 647.78 250.29000000000002 -1 151 0.0127410888671875 1
1 -1 0 633.48 319.03999999999996 -1 128 0.327347993850708 1
1 -1 1 663.8 310.68 -1 128 0.5616240501403809 1
1 -1 2 642.05 332.0 -1 128 0.43941283226013184 1
1 -1 3 663.09 395.33 -1 128 0.7233936786651611 1
1 -1 4 599.12 279.90000000000003 -1 128 0.010530710220336914 1
random:0T:1500
0 -1 0 920.5 322.92 -1 151 0.6897618770599365 1
0 -1 1 922.41 0.0 -5 151 0.9065239429473877 1
0 -1 2 938.31 314.85 -1 151 0.858983039855957 1
0 -1 3 939.17 163.25 -1 151 1.069342851638794 1
0 -1 4 844.85 360.47 -1 151 0.015027046203613281 1
1 -1 0 812.05 462.90999999999997 -1 128 0.41195106506347656 1
1 -1 1 846.69 446.65000000000003 -1 128 0.6863288879394531 1
1 -1 2 821.5 435.89 -1 128 0.5862557888031006 1
1 -1 3 839.32 457.41999999999996 -2 128 0.8185751438140869 1
1 -1 4 786.37 382.31 -1 128 0.01178121566772461 1
random:2T:300
0 -1 0 129.72 0.0 -5 106 0.020898818969726562 3
0 -1 1 127.58 0.0 -7 106 0.06476902961730957 3
0 -1 2 129.72 0.0 -5 106 0.021136999130249023 3
0 -1 3 143.28 0.0 -16 106 0.12370610237121582 3
0 -1 4 121.29 0.0 -13 106 0.005116939544677734 3
1 -1 0 130.48 0.0 -5 103 0.022665023803710938 3
1 -1 1 133.32 0.0 -9 103 0.0951850414276123 3
1 -1 2 130.48 0.0 -5 103 0.022497892379760742 3
1 -1 3 137.98 0 -11 103 0.14608526229858398 3
1 -1 4 130.47 0.0 -11 103 0.005375862121582031 3
random:2T:600
0 -1 0 360.65 201.07000000000002 -2 106 0.09086322784423828 3
0 -1 1 348.46 0.0 -5 106 0.1607038974761963 3
0 -1 2 360.05 190.82 -2 106 0.11615991592407227 3
0 -1 3 376.76 44.43 -1 106 0.26339006423950195 3
0 -1 4 341.58 107.25 -1 106 0.007117033004760742 3
1 -1 0 331.96 182.2 -2 103 0.09920001029968262 3
1 -1 1 333.76 123.29 -1 103 0.20884490013122559 3
1 -1 2 332.21 184.01 -2 103 0.13642525672912598 3
1 -1 3 340.01 132.55 -1 103 0.3044400215148926 3
1 -1 4 330.31 79.83 -1 103 0.007130861282348633 3
random:2T:900
0 -1 0 589.37 281.91 -2 106 0.18730592727661133 3
0 -1 1 575.9 184.58999999999997 -1 106 0.26088595390319824 3
0 -1 2 599.16 344.46 -1 106 0.2675471305847168 3
0 -1 3 601.98 281.91 -2 106 0.38622212409973145 3
0 -1 4 548.02 217.0 -1 106 0.008774042129516602 3
1 -1 0 531.8 306.92 -2 103 0.1979367733001709 3
1 -1 1 534.63 312.58000000000004 -1 103 0.29856109619140625 3
1 -1 2 533.13 316.90999999999997 -2 103 0.26558899879455566 3
1 -1 3 543.55 328.26 -2 103 0.42670297622680664 3
1 -1 4 517.73 268.64 -1 103 0.009001016616821289 3
random:2T:1200
0 -1 0 812.87 312.5 -2 106 0.27561497688293457 3
0 -1 1 803.74 313.79 -2 106 0.36566710472106934 3
0 -1 2 828.06 430.81 -1 106 0.39777612686157227 3
0 -1 3 839.58 327.84000000000003 -2 106 0.5181989669799805 3
0 -1 4 757.33 343.32 -1 106 0.010126113891601562 3
1 -1 0 732.65 415.18 -1 103 0.2841150760650635 3
1 -1 1 729.93 422.37 -1 103 0.3975667953491211 3
1 -1 2 742.46 470.65 -1 103 0.43506884574890137 3
1 -1 3 749.5 466.61 -2 103 0.5862178802490234 3
1 -1 4 722.56 417.1 -1 103 0.011047124862670898 3
random:2T:1500
0 -1 0 1043.08 469.19999999999993 -2 106 0.3521440029144287 3
0 -1 1 1032.91 329.98 -2 106 0.4334290027618408 3
0 -1 2 1052.98 522.99 -2 106 0.53000807762146 3
0 -1 3 1068.64 477.28 -2 106 0.6552209854125977 3
0 -1 4 984.38 477.49 -1 106 0.012364864349365234 3
1 -1 0 929.82 516.77 -2 103 0.4003031253814697 3
1 -1 1 926.26 462.39 -1 103 0.5069200992584229 3
1 -1 2 942.91 610.4 -1 103 0.5984921455383301 3
1 -1 3 957.26 571.1299999999999 -1 103 0.8155620098114014 3
1 -1 4 914.85 485.49 -1 103 0.012050151824951172 3
random:0T:300
0 -1 0 103.26 0.0 -19 151 0.0345311164855957 0
0 -1 1 112.51 0 -24 151 0.12826108932495117 0
0 -1 2 103.26 0.0 -19 151 0.03271293640136719 0
0 -1 3 111.84 0 -58 151 0.21953296661376953 0
0 -1 4 103.84 0.0 -18 151 0.007647991180419922 0
1 -1 0 102.91 0.0 -15 128 0.027417898178100586 0
1 -1 1 109.86 0 -27 128 0.1399850845336914 0
1 -1 2 102.91 0.0 -15 128 0.0275571346282959 0
1 -1 3 110.62 0 -24 128 0.19448113441467285 0
1 -1 4 107.07 0.0 -14 128 0.006992816925048828 0
random:0T:600
0 -1 0 305.05 84.37 -1 151 0.13921475410461426 0
0 -1 1 313.24 0.0 -12 151 0.31830668449401855 0
0 -1 2 304.61 84.37 -1 151 0.16206002235412598 0
0 -1 3 326.93 0.0 -4 151 0.4576578140258789 0
0 -1 4 290.59 0.0 -3 151 0.009498834609985352 0
1 -1 0 272.02 119.58000000000001 -1 128 0.0856020450592041 0
1 -1 1 293.2 0.0 -2 128 0.27213382720947266 0
1 -1 2 271.62 110.74999999999999 -1 128 0.11068415641784668 0
1 -1 3 299.05 108.11 -1 128 0.3858649730682373 0
1 -1 4 273.3 0.0 -4 128 0.008153915405273438 0
random:0T:900
0 -1 0 512.54 226.68 -1 151 0.2967050075531006 0
0 -1 1 521.43 0.0 -7 151 0.5008049011230469 0
0 -1 2 515.3 161.76 -1 151 0.37752604484558105 0
0 -1 3 528.08 0.0 -2 151 0.677556037902832 0
0 -1 4 472.06 176.97000000000003 -1 151 0.01196908950805664 0
1 -1 0 451.63 247.26 -1 128 0.19145870208740234 0
1 -1 1 478.43 207.19 -1 128 0.40209484100341797 0
1 -1 2 457.14 261.11 -4 128 0.29642605781555176 0
1 -1 3 474.65 279.53999999999996 -1 128 0.5431408882141113 0
1 -1 4 459.62 169.35 -1 128 0.0099029541015625 0
random:0T:1200
0 -1 0 713.67 299.79 -1 151 0.50152587890625 0
0 -1 1 719.41 0.0 -5 151 0.685805082321167 0
0 -1 2 723.92 297.7 -1 151 0.6461431980133057 0
0 -1 3 730.47 0.0 -2 151 0.9143030643463135 0
0 -1 4 647.78 250.29000000000002 -1 151 0.014400005340576172 0
1 -1 0 633.48 319.03999999999996 -1 128 0.33511781692504883 0
1 -1 1 663.8 310.68 -1 128 0.5488460063934326 0
1 -1 2 642.05 332.0 -1 128 0.47182416915893555 0
1 -1 3 663.09 395.33 -1 128 0.7585029602050781 0
1 -1 4 599.12 279.90000000000003 -1 128 0.011383771896362305 0
random:0T:1500
0 -1 0 920.5 322.92 -1 151 0.7543880939483643 0
0 -1 1 922.41 0.0 -5 151 0.9019217491149902 0
0 -1 2 938.31 314.85 -1 151 0.8611898422241211 0
0 -1 3 939.17 163.25 -1 151 1.1874051094055176 0
0 -1 4 844.85 360.47 -1 151 0.015076875686645508 0
1 -1 0 812.05 462.90999999999997 -1 128 0.41385602951049805 0
1 -1 1 846.69 446.65000000000003 -1 128 0.6831221580505371 0
1 -1 2 821.5 435.89 -1 128 0.6317930221557617 0
1 -1 3 839.32 457.41999999999996 -2 128 0.8984529972076416 0
1 -1 4 786.37 382.31 -1 128 0.012908220291137695 0
random:1T:300
0 -1 0 84.2 0.0 -20 140 0.02915811538696289 1
0 -1 1 107.57 0 -30 140 0.130079984664917 1
0 -1 2 84.2 0.0 -20 140 0.027524948120117188 1
0 -1 3 104.04 0 -28 140 0.1807081699371338 1
0 -1 4 95.93 0.0 -18 140 0.007113933563232422 1
1 -1 0 110.76 0.0 -20 136 0.03774309158325195 1
1 -1 1 111.72 0.0 -15 136 0.13016700744628906 1
1 -1 2 110.76 0.0 -20 136 0.0355677604675293 1
1 -1 3 113.62 0 -22 136 0.19841313362121582 1
1 -1 4 96.78 0.0 -16 136 0.00707697868347168 1
random:1T:600
0 -1 0 282.95 120.74 -1 140 0.0971519947052002 1
0 -1 1 304.58 0.0 -5 140 0.27262306213378906 1
0 -1 2 283.24 120.74 -1 140 0.12102508544921875 1
0 -1 3 301.87 20.99 -1 140 0.3325772285461426 1
0 -1 4 264.11 0.0 -3 140 0.007762908935546875 1
1 -1 0 287.76 151.66 -1 136 0.12239193916320801 1
1 -1 1 295.15 65.91 -1 136 0.3162410259246826 1
1 -1 2 288.24 151.66 -1 136 0.1618030071258545 1
1 -1 3 293.74 114.67 -2 136 0.43184685707092285 1
1 -1 4 264.73 0.0 -5 136 0.008426904678344727 1
random:1T:900
0 -1 0 487.28 251.52 -1 140 0.2518751621246338 1
0 -1 1 513.67 0.0 -4 140 0.4320392608642578 1
0 -1 2 492.22 251.52 -1 140 0.3212568759918213 1
0 -1 3 510.13 250.35000000000002 -1 140 0.5496840476989746 1
0 -1 4 457.33 157.5 -1 140 0.010386943817138672 1
1 -1 0 474.08 272.03 -1 136 0.2426772117614746 1
1 -1 1 483.52 274.69 -1 136 0.4322218894958496 1
1 -1 2 479.67 304.61 -1 136 0.3629119396209717 1
1 -1 3 480.15 222.18 -2 136 0.6196238994598389 1
1 -1 4 443.26 108.1 -1 136 0.00968480110168457 1
random:1T:1200
0 -1 0 691.86 311.17 -1 140 0.3806447982788086 1
0 -1 1 715.71 0.0 -5 140 0.551347017288208 1
0 -1 2 704.59 313.62 -1 140 0.5197739601135254 1
0 -1 3 725.15 313.62 -1 140 0.7499289512634277 1
0 -1 4 617.83 190.16000000000003 -1 140 0.011246919631958008 1
1 -1 0 664.13 307.08 -1 136 0.4026350975036621 1
1 -1 1 669.22 356.91 -1 136 0.5977001190185547 1
1 -1 2 660.94 378.6 -1 136 0.5486667156219482 1
1 -1 3 668.22 336.2 -2 136 0.837965726852417 1
1 -1 4 579.63 257.85 -1 136 0.011456966400146484 1
random:1T:1500
0 -1 0 897.71 329.89 -1 140 0.5286102294921875 1
0 -1 1 921.67 0.0 -5 140 0.7429308891296387 1
0 -1 2 920.46 350.83000000000004 -1 140 0.7321200370788574 1
0 -1 3 933.09 329.89 -1 140 0.9776220321655273 1
0 -1 4 824.19 336.85 -1 140 0.013571739196777344 1
1 -1 0 846.73 439.64000000000004 -1 136 0.5598840713500977 1
1 -1 1 854.15 454.39 -1 136 0.7472639083862305 1
1 -1 2 851.61 562.53 -2 136 0.7587809562683105 1
1 -1 3 855.16 473.36 -1 136 0.9921379089355469 1
1 -1 4 753.48 387.46000000000004 -1 136 0.012232065200805664 1
random:2T:300
0 -1 0 129.72 0.0 -5 106 0.023171186447143555 2
0 -1 1 127.58 0.0 -7 106 0.06632614135742188 2
0 -1 2 129.72 0.0 -5 106 0.021322011947631836 2
0 -1 3 143.28 0.0 -16 106 0.12241792678833008 2
0 -1 4 121.29 0.0 -13 106 0.004921913146972656 2
1 -1 0 130.48 0.0 -5 103 0.022832870483398438 2
1 -1 1 133.32 0.0 -9 103 0.09372615814208984 2
1 -1 2 130.48 0.0 -5 103 0.022701025009155273 2
1 -1 3 137.98 0 -11 103 0.14376401901245117 2
1 -1 4 130.47 0.0 -11 103 0.005294084548950195 2
random:2T:600
0 -1 0 360.65 201.07000000000002 -2 106 0.09007883071899414 2
0 -1 1 348.46 0.0 -5 106 0.164520263671875 2
0 -1 2 360.05 190.82 -2 106 0.1222379207611084 2
0 -1 3 376.76 44.43 -1 106 0.2645437717437744 2
0 -1 4 341.58 107.25 -1 106 0.0073909759521484375 2
1 -1 0 331.96 182.2 -2 103 0.10049796104431152 2
1 -1 1 333.76 123.29 -1 103 0.20031499862670898 2
1 -1 2 332.21 184.01 -2 103 0.1419069766998291 2
1 -1 3 340.01 132.55 -1 103 0.29538726806640625 2
1 -1 4 330.31 79.83 -1 103 0.006789207458496094 2
random:2T:900
0 -1 0 589.37 281.91 -2 106 0.18169283866882324 2
0 -1 1 575.9 184.58999999999997 -1 106 0.25718021392822266 2
0 -1 2 599.16 344.46 -1 106 0.2733917236328125 2
0 -1 3 601.98 281.91 -2 106 0.3573319911956787 2
0 -1 4 548.02 217.0 -1 106 0.00807499885559082 2
1 -1 0 531.8 306.92 -2 103 0.1869659423828125 2
1 -1 1 534.63 312.58000000000004 -1 103 0.276691198348999 2
1 -1 2 533.13 316.90999999999997 -2 103 0.2541391849517822 2
1 -1 3 543.55 328.26 -2 103 0.40715694427490234 2
1 -1 4 517.73 268.64 -1 103 0.008381843566894531 2
random:2T:1200
0 -1 0 812.87 312.5 -2 106 0.25461816787719727 2
0 -1 1 803.74 313.79 -2 106 0.345120906829834 2
0 -1 2 828.06 430.81 -1 106 0.39295315742492676 2
0 -1 3 839.58 327.84000000000003 -2 106 0.5172202587127686 2
0 -1 4 757.33 343.32 -1 106 0.009939908981323242 2
1 -1 0 732.65 415.18 -1 103 0.27849292755126953 2
1 -1 1 729.93 422.37 -1 103 0.37236595153808594 2
1 -1 2 742.46 470.65 -1 103 0.4073300361633301 2
1 -1 3 749.5 466.61 -2 103 0.559096097946167 2
1 -1 4 722.56 417.1 -1 103 0.010715723037719727 2
random:2T:1500
0 -1 0 1043.08 469.19999999999993 -2 106 0.34458208084106445 2
0 -1 1 1032.91 329.98 -2 106 0.4277150630950928 2
0 -1 2 1052.98 522.99 -2 106 0.4839208126068115 2
0 -1 3 1068.64 477.28 -2 106 0.6431899070739746 2
0 -1 4 984.38 477.49 -1 106 0.012501955032348633 2
1 -1 0 929.82 516.77 -2 103 0.3837320804595947 2
1 -1 1 926.26 462.39 -1 103 0.46517205238342285 2
1 -1 2 942.91 610.4 -1 103 0.565418004989624 2
1 -1 3 957.26 571.1299999999999 -1 103 0.7059876918792725 2
1 -1 4 914.85 485.49 -1 103 0.01112675666809082 2
random:3T:300
0 -1 0 104.95 0 -15 130 0.029326677322387695 3
0 -1 1 103.6 0 -18 130 0.10573887825012207 3
0 -1 2 104.95 0 -15 130 0.029191255569458008 3
0 -1 3 105.49 0 -23 130 0.17458701133728027 3
0 -1 4 109.01 0.0 -13 130 0.006949186325073242 3
1 -1 0 121.11 0.0 -14 147 0.0322418212890625 3
1 -1 1 134.13 0 -26 147 0.15046310424804688 3
1 -1 2 121.11 0.0 -14 147 0.033966064453125 3
1 -1 3 121.95 0 -46 147 0.20875215530395508 3
1 -1 4 110.05 0.0 -18 147 0.007271766662597656 3
random:3T:600
0 -1 0 278.01 90.22 -1 130 0.09378623962402344 3
0 -1 1 281.62 0.0 -2 130 0.25150203704833984 3
0 -1 2 278.35 89.84 -1 130 0.10875487327575684 3
0 -1 3 285.5 0.0 -2 130 0.3513190746307373 3
0 -1 4 281.85 0.0 -3 130 0.008451223373413086 3
1 -1 0 318.19 132.3 -1 147 0.11614799499511719 3
1 -1 1 337.96 0 -8 147 0.30966711044311523 3
1 -1 2 318.85 120.41 -1 147 0.14479398727416992 3
1 -1 3 328.04 0.0 -5 147 0.40431904792785645 3
1 -1 4 302.34 0.0 -2 147 0.008985280990600586 3
random:3T:900
0 -1 0 461.89 254.17000000000002 -1 130 0.19571399688720703 3
0 -1 1 464.8 50.57 -1 130 0.35421276092529297 3
0 -1 2 465.21 255.05999999999997 -1 130 0.2920048236846924 3
0 -1 3 475.93 225.99 -1 130 0.5426030158996582 3
0 -1 4 459.56 206.2 -1 130 0.010681867599487305 3
1 -1 0 527.68 257.71 -1 147 0.2523171901702881 3
1 -1 1 547.9 0.0 -1 147 0.4502389430999756 3
1 -1 2 530.47 260.56 -1 147 0.34885716438293457 3
1 -1 3 525.91 0.0 -1 147 0.5967569351196289 3
1 -1 4 472.97 175.58 -1 147 0.010254859924316406 3
random:3T:1200
0 -1 0 642.82 373.88 -1 130 0.3218860626220703 3
0 -1 1 649.6 296.62 -1 130 0.5011951923370361 3
0 -1 2 644.48 360.22 -1 130 0.4574909210205078 3
0 -1 3 662.64 354.07000000000005 -1 130 0.7158570289611816 3
0 -1 4 631.49 341.45 -1 130 0.011206865310668945 3
1 -1 0 735.57 299.22 -1 147 0.4023098945617676 3
1 -1 1 751.64 242.95 -1 147 0.5872659683227539 3
1 -1 2 742.83 312.49 -1 147 0.5454638004302979 3
1 -1 3 738.77 175.54 -1 147 0.8394498825073242 3
1 -1 4 620.25 215.8 -1 147 0.011371850967407227 3
random:3T:1500
0 -1 0 826.96 450.16999999999996 -2 130 0.42914319038391113 3
0 -1 1 835.47 475.03 -1 130 0.6019871234893799 3
0 -1 2 832.57 484.03999999999996 -1 130 0.6406490802764893 3
0 -1 3 848.81 446.15 -2 130 0.9155290126800537 3
0 -1 4 818.99 396.89 -1 130 0.013072013854980469 3
1 -1 0 944.89 321.99 -1 147 0.5320870876312256 3
1 -1 1 957.52 291.13 -1 147 0.7331447601318359 3
1 -1 2 957.81 329.27 -1 147 0.7493617534637451 3
1 -1 3 954.1 329.27 -1 147 1.026594877243042 3
1 -1 4 818.36 355.02 -1 147 0.012942790985107422 3
random:4T:300
0 -1 0 107.33 0 -17 129 0.03032231330871582 4
0 -1 1 105.38 0 -31 129 0.11872625350952148 4
0 -1 2 107.33 0 -17 129 0.030076026916503906 4
0 -1 3 106.34 0 -31 129 0.1822352409362793 4
0 -1 4 105.26 0.0 -14 129 0.00707697868347168 4
1 -1 0 99.74 0.0 -19 146 0.03152203559875488 4
1 -1 1 115.45 0 -31 146 0.13468170166015625 4
1 -1 2 99.74 0.0 -19 146 0.035806894302368164 4
1 -1 3 114.03 0 -21 146 0.18891215324401855 4
1 -1 4 101.15 0.0 -19 146 0.00856328010559082 4
random:4T:600
0 -1 0 286.22 122.73 -2 129 0.11523985862731934 4
0 -1 1 278.89 0.0 -4 129 0.2841169834136963 4
0 -1 2 286.53 122.73 -2 129 0.1359250545501709 4
0 -1 3 279.61 0.0 -1 129 0.3632926940917969 4
0 -1 4 272.23 0.0 -4 129 0.00818490982055664 4
1 -1 0 292.3 86.35 -1 146 0.10875916481018066 4
1 -1 1 310.17 0 -9 146 0.30081987380981445 4
1 -1 2 292.39 86.35 -1 146 0.12319588661193848 4
1 -1 3 314.54 0.0 -3 146 0.41492414474487305 4
1 -1 4 271.65 0.0 -3 146 0.008550167083740234 4
random:4T:900
0 -1 0 467.06 225.19 -2 129 0.21419596672058105 4
0 -1 1 462.39 0.0 -1 129 0.37071800231933594 4
0 -1 2 473.52 225.19 -2 129 0.32151222229003906 4
0 -1 3 472.1 208.48 -2 129 0.5507771968841553 4
0 -1 4 454.49 188.39999999999998 -1 129 0.010137796401977539 4
1 -1 0 499.89 268.08 -2 146 0.2421128749847412 4
1 -1 1 520.25 126.88 -1 146 0.5012032985687256 4
1 -1 2 499.42 253.36 -1 146 0.3169689178466797 4
1 -1 3 511.87 176.28 -1 146 0.6096510887145996 4
1 -1 4 461.85 163.01 -1 146 0.010754108428955078 4
random:4T:1200
0 -1 0 649.11 353.43 -2 129 0.33797502517700195 4
0 -1 1 645.37 233.89000000000001 -1 129 0.5048978328704834 4
0 -1 2 649.43 372.74 -2 129 0.4695250988006592 4
0 -1 3 646.88 183.55 -1 129 0.7084028720855713 4
0 -1 4 612.08 310.87 -1 129 0.011137962341308594 4
1 -1 0 704.09 311.23 -1 146 0.393064022064209 4
1 -1 1 720.21 303.79 -2 146 0.6157522201538086 4
1 -1 2 701.51 315.73 -1 146 0.5172939300537109 4
1 -1 3 722.84 315.73 -1 146 0.8252890110015869 4
1 -1 4 617.6 191.39 -1 146 0.011966943740844727 4
random:4T:1500
0 -1 0 828.67 466.6 -2 129 0.4649238586425781 4
0 -1 1 822.79 432.41 -1 129 0.6172428131103516 4
0 -1 2 829.69 470.32 -2 129 0.6498091220855713 4
0 -1 3 827.75 335.63 -1 129 0.9140102863311768 4
0 -1 4 803.51 437.32000000000005 -1 129 0.012605905532836914 4
1 -1 0 910.24 331.05 -1 146 0.5669968128204346 4
1 -1 1 915.49 331.05 -1 146 0.8018307685852051 4
1 -1 2 905.06 331.05 -1 146 0.7488560676574707 4
1 -1 3 932.52 331.05 -1 146 1.0494372844696045 4
1 -1 4 824.36 337.47999999999996 -1 146 0.01437997817993164 4
random:5T:300
0 -1 0 104.36 0 -16 121 0.02541208267211914 5
0 -1 1 102.77 0.0 -17 121 0.08955526351928711 5
0 -1 2 104.36 0 -16 121 0.02431321144104004 5
0 -1 3 103.43 0 -38 121 0.15318512916564941 5
0 -1 4 103.33 0.0 -14 121 0.0053827762603759766 5
1 -1 0 111.1 0.0 -13 125 0.02352619171142578 5
1 -1 1 111.58 0 -29 125 0.09183287620544434 5
1 -1 2 111.1 0.0 -13 125 0.023951053619384766 5
1 -1 3 117.69 0 -27 125 0.14802932739257812 5
1 -1 4 92.88 0.0 -17 125 0.005211353302001953 5
random:5T:600
0 -1 0 295.94 155.79 -1 121 0.08958196640014648 5
0 -1 1 292.57 0.0 -3 121 0.2144458293914795 5
0 -1 2 295.1 155.79 -1 121 0.10739588737487793 5
0 -1 3 291.95 35.54 -1 121 0.3162360191345215 5
0 -1 4 298.02 10.61 -1 121 0.0067729949951171875 5
1 -1 0 324.07 149.95 -2 125 0.10694003105163574 5
1 -1 1 312.75 0 -19 125 0.22864294052124023 5
1 -1 2 323.72 149.95 -2 125 0.13394713401794434 5
1 -1 3 328.76 0 -14 125 0.36376190185546875 5
1 -1 4 302.37 17.88 -1 125 0.006691932678222656 5
random:5T:900
0 -1 0 488.68 286.51 -2 121 0.19970703125 5
0 -1 1 491.05 50.02 -1 121 0.3577871322631836 5
0 -1 2 496.0 306.56 -1 121 0.30872201919555664 5
0 -1 3 490.69 280.09000000000003 -2 121 0.49935221672058105 5
0 -1 4 477.87 236.65 -1 121 0.00886988639831543 5
1 -1 0 534.1 258.32 -1 125 0.22357916831970215 5
1 -1 1 510.94 0.0 -5 125 0.36788511276245117 5
1 -1 2 539.04 258.32 -1 125 0.3310399055480957 5
1 -1 3 553.41 212.3 -2 125 0.5423760414123535 5
1 -1 4 475.86 183.09 -1 125 0.008844614028930664 5
random:5T:1200
0 -1 0 686.96 415.05 -2 121 0.40453314781188965 5
0 -1 1 686.81 296.21 -1 121 0.5470027923583984 5
0 -1 2 695.24 413.62 -2 121 0.5243492126464844 5
0 -1 3 690.26 401.04999999999995 -2 121 0.7154989242553711 5
0 -1 4 680.57 387.91999999999996 -1 121 0.011260747909545898 5
1 -1 0 743.61 367.70000000000005 -1 125 0.3941628932952881 5
1 -1 1 728.23 0 -2 125 0.5561270713806152 5
1 -1 2 751.14 299.55 -1 125 0.5208778381347656 5
1 -1 3 764.18 0 -2 125 0.7662410736083984 5
1 -1 4 694.22 323.0 -1 125 0.011002302169799805 5
random:5T:1500
0 -1 0 880.03 492.77 -1 121 0.4864039421081543 5
0 -1 1 879.72 478.57 -1 121 0.6414430141448975 5
0 -1 2 882.77 539.9300000000001 -2 121 0.7247529029846191 5
0 -1 3 889.79 510.54 -2 121 0.9493350982666016 5
0 -1 4 859.75 426.31 -1 121 0.013366937637329102 5
1 -1 0 960.57 441.82 -2 125 0.5256919860839844 5
1 -1 1 941.14 0 -2 125 0.6839931011199951 5
1 -1 2 986.24 441.82 -2 125 0.7381691932678223 5
1 -1 3 973.67 433.05999999999995 -1 125 0.9433989524841309 5
1 -1 4 863.63 373.36 -1 125 0.012797832489013672 5
random:6T:300
0 -1 0 114.98 0.0 -14 129 0.03088831901550293 6
0 -1 1 121.16 0 -39 129 0.12018585205078125 6
0 -1 2 114.98 0.0 -14 129 0.030783891677856445 6
0 -1 3 124.99 0 -40 129 0.18316125869750977 6
0 -1 4 106.29 0.0 -17 129 0.006485939025878906 6
1 -1 0 106.54 0 -19 115 0.030955076217651367 6
1 -1 1 105.64 0 -21 115 0.11404109001159668 6
1 -1 2 106.54 0 -19 115 0.031145095825195312 6
1 -1 3 107.24 0 -23 115 0.167799711227417 6
1 -1 4 108.34 0.0 -13 115 0.006571769714355469 6
random:6T:600
0 -1 0 319.38 126.96 -1 129 0.09658694267272949 6
0 -1 1 331.23 0 -7 129 0.26406002044677734 6
0 -1 2 319.82 126.96 -1 129 0.11660099029541016 6
0 -1 3 335.2 0.0 -5 129 0.37999582290649414 6
0 -1 4 318.91 0.0 -1 129 0.007885217666625977 6
1 -1 0 288.4 151.68 -2 115 0.0974881649017334 6
1 -1 1 288.34 0.0 -6 115 0.23750710487365723 6
1 -1 2 288.93 156.26999999999998 -1 115 0.12536096572875977 6
1 -1 3 302.15 0.0 -1 115 0.3635749816894531 6
1 -1 4 300.61 0.0 -1 115 0.007399797439575195 6
random:6T:900
0 -1 0 528.48 252.33 -1 129 0.22804594039916992 6
0 -1 1 544.18 0.0 -1 129 0.41137003898620605 6
0 -1 2 533.3 252.33 -2 129 0.49774980545043945 6
0 -1 3 558.36 0 -2 129 1.0104150772094727 6
0 -1 4 487.93 186.59 -1 129 0.017261981964111328 6
1 -1 0 479.63 290.20000000000005 -1 115 0.3996899127960205 6
1 -1 1 478.08 185.64 -1 115 0.6458711624145508 6
1 -1 2 476.79 292.65 -1 115 0.5180590152740479 6
1 -1 3 486.16 316.51 -2 115 0.9512450695037842 6
1 -1 4 469.25 243.16 -1 115 0.015491962432861328 6
random:6T:1200
0 -1 0 737.72 296.27 -1 129 0.6705868244171143 6
0 -1 1 755.01 0.0 -1 129 0.9632749557495117 6
0 -1 2 745.73 296.27 -1 129 0.8614978790283203 6
0 -1 3 778.0 212.95 -1 129 1.3304378986358643 6
0 -1 4 688.42 314.93 -1 129 0.019965171813964844 6
1 -1 0 671.52 416.89 -2 115 0.6009740829467773 6
1 -1 1 651.39 396.68 -1 115 0.8548769950866699 6
1 -1 2 672.49 454.48 -2 115 0.8553872108459473 6
1 -1 3 678.06 419.07000000000005 -2 115 0.9673748016357422 6
1 -1 4 641.09 423.28999999999996 -1 115 0.008083820343017578 6
random:6T:1500
0 -1 0 955.04 357.71 -1 129 0.42607903480529785 6
0 -1 1 970.42 0.0 -1 129 0.5602881908416748 6
0 -1 2 973.71 453.46 -2 129 0.5855600833892822 6
0 -1 3 1005.11 476.62 -2 129 0.7921888828277588 6
0 -1 4 872.27 374.51 -1 129 0.010734081268310547 6
1 -1 0 862.37 543.59 -2 115 0.40334630012512207 6
1 -1 1 839.22 502.58 -1 115 0.512261152267456 6
1 -1 2 847.07 567.95 -1 115 0.5723211765289307 6
1 -1 3 853.07 542.0899999999999 -1 115 0.7623229026794434 6
1 -1 4 827.83 482.28999999999996 -1 115 0.009482145309448242 6
random:7T:300
0 -1 0 114.13 0.0 -15 149 0.030363082885742188 7
0 -1 1 127.9 0 -30 149 0.14390301704406738 7
0 -1 2 114.13 0.0 -15 149 0.030151844024658203 7
0 -1 3 116.3 0 -49 149 0.18845605850219727 7
0 -1 4 106.13 0.0 -18 149 0.006863117218017578 7
1 -1 0 96.05 0 -19 129 0.02582693099975586 7
1 -1 1 102.2 0.0 -20 129 0.12007308006286621 7
1 -1 2 96.05 0 -19 129 0.02598285675048828 7
1 -1 3 102.44 0.0 -23 129 0.1678910255432129 7
1 -1 4 106.53 0.0 -15 129 0.006051778793334961 7
random:7T:600
0 -1 0 317.4 88.49 -1 149 0.12376809120178223 7
0 -1 1 330.76 0.0 -14 149 0.29711008071899414 7
0 -1 2 317.13 88.49 -1 149 0.17757272720336914 7
0 -1 3 331.25 0.0 -6 149 0.399446964263916 7
0 -1 4 296.19 0.0 -3 149 0.008124828338623047 7
1 -1 0 263.37 99.02 -1 129 0.07487607002258301 7
1 -1 1 283.92 11.4 -1 129 0.26399993896484375 7
1 -1 2 262.93 99.02 -1 129 0.08557391166687012 7
1 -1 3 286.16 0 -2 129 0.35216403007507324 7
1 -1 4 270.46 0.0 -5 129 0.007062196731567383 7
random:7T:900
0 -1 0 526.77 173.95 -1 149 0.2836759090423584 7
0 -1 1 531.24 0.0 -6 149 0.45719099044799805 7
0 -1 2 529.54 214.89 -1 149 0.38744497299194336 7
0 -1 3 534.97 0.0 -7 149 0.652169942855835 7
0 -1 4 475.54 179.26999999999998 -1 149 0.010944128036499023 7
1 -1 0 448.68 272.97 -2 129 0.25490784645080566 7
1 -1 1 469.33 166.09 -1 129 0.42516613006591797 7
1 -1 2 449.52 265.54 -2 129 0.2795240879058838 7
1 -1 3 470.89 0 -1 129 0.578758955001831 7
1 -1 4 455.49 153.57 -1 129 0.009015798568725586 7
random:7T:1200
0 -1 0 730.65 309.83 -2 149 0.4779329299926758 7
0 -1 1 740.56 0.0 -6 149 0.6912198066711426 7
0 -1 2 728.99 266.17 -1 149 0.6004328727722168 7
0 -1 3 747.47 149.07 -1 149 0.8581559658050537 7
0 -1 4 659.81 270.0 -1 149 0.01133418083190918 7
1 -1 0 633.15 384.57000000000005 -1 129 0.35588502883911133 7
1 -1 1 650.02 331.78999999999996 -1 129 0.5164239406585693 7
1 -1 2 627.05 384.57 -1 129 0.43415188789367676 7
1 -1 3 659.67 218.22 -1 129 0.7610609531402588 7
1 -1 4 591.0 281.83 -1 129 0.010088920593261719 7
random:7T:1500
0 -1 0 938.43 327.81 -2 149 0.6350059509277344 7
0 -1 1 937.83 0.0 -6 149 0.8364579677581787 7
0 -1 2 945.08 335.56 -1 149 0.8579068183898926 7
0 -1 3 957.55 50.99 -1 149 1.152510166168213 7
0 -1 4 851.29 364.58 -1 149 0.015074968338012695 7
1 -1 0 814.83 453.03 -1 129 0.5092952251434326 7
1 -1 1 833.97 435.63 -1 129 0.7561628818511963 7
1 -1 2 814.28 453.03 -1 129 0.7192928791046143 7
1 -1 3 841.52 349.87 -1 129 1.0786778926849365 7
1 -1 4 769.28 397.84 -1 129 0.012620210647583008 7
random:8T:300
0 -1 0 104.74 0 -15 130 0.04081273078918457 8
0 -1 1 106.8 0 -17 130 0.15651512145996094 8
0 -1 2 104.74 0 -15 130 0.03734707832336426 8
0 -1 3 106.62 0 -17 130 0.20366120338439941 8
0 -1 4 109.23 0.0 -13 130 0.008530139923095703 8
1 -1 0 118.04 0.0 -12 146 0.03851318359375 8
1 -1 1 125.58 0 -26 146 0.16106915473937988 8
1 -1 2 118.04 0.0 -12 146 0.03924727439880371 8
1 -1 3 122.48 0 -38 146 0.2629969120025635 8
1 -1 4 112.26 0.0 -18 146 0.009012937545776367 8
random:8T:600
0 -1 0 278.57 115.60000000000001 -1 130 0.11668992042541504 8
0 -1 1 285.91 0.0 -4 130 0.307448148727417 8
0 -1 2 278.82 115.60000000000001 -1 130 0.1406569480895996 8
0 -1 3 287.41 0.0 -1 130 0.42572712898254395 8
0 -1 4 279.69 0.0 -3 130 0.010627985000610352 8
1 -1 0 315.93 138.55 -1 146 0.15411686897277832 8
1 -1 1 327.94 0.0 -6 146 0.5429389476776123 8
1 -1 2 315.87 138.55 -1 146 0.23431825637817383 8
1 -1 3 319.75 0 -12 146 0.5362598896026611 8
1 -1 4 286.92 0.0 -2 146 0.017312049865722656 8
random:8T:900
0 -1 0 463.37 285.62 -2 130 0.3386368751525879 8
0 -1 1 466.25 0.0 -4 130 0.45061731338500977 8
0 -1 2 465.8 254.7 -1 130 0.3910679817199707 8
0 -1 3 471.28 252.21999999999997 -1 130 0.6567420959472656 8
0 -1 4 461.0 206.2 -1 130 0.012735128402709961 8
1 -1 0 518.68 268.2 -1 146 0.29765796661376953 8
1 -1 1 518.6 0.0 -6 146 0.5573279857635498 8
1 -1 2 521.88 268.2 -1 146 0.4060330390930176 8
1 -1 3 522.44 50.59 -1 146 0.7152650356292725 8
1 -1 4 470.06 166.39000000000001 -1 146 0.012094974517822266 8
random:8T:1200
0 -1 0 641.5 416.33 -1 130 0.3873789310455322 8
0 -1 1 645.07 122.04 -1 130 0.5714297294616699 8
0 -1 2 644.42 395.52 -2 130 0.5620639324188232 8
0 -1 3 654.15 369.12 -1 130 0.8704748153686523 8
0 -1 4 629.05 281.81 -1 130 0.013695001602172852 8
1 -1 0 723.85 315.58 -2 146 0.4613831043243408 8
1 -1 1 715.72 0.0 -2 146 0.7779200077056885 8
1 -1 2 728.83 420.77 -1 146 0.6496641635894775 8
1 -1 3 721.59 0.0 -1 146 0.9587571620941162 8
1 -1 4 607.65 192.14000000000001 -1 146 0.014981985092163086 8
random:8T:1500
0 -1 0 822.55 455.21 -2 130 0.5665388107299805 8
0 -1 1 821.12 349.56 -1 130 0.7548301219940186 8
0 -1 2 820.94 442.46 -2 130 0.7651770114898682 8
0 -1 3 831.52 449.48 -2 130 1.0857248306274414 8
0 -1 4 820.54 430.83 -1 130 0.017194032669067383 8
1 -1 0 925.4 330.96 -2 146 0.6403820514678955 8
1 -1 1 911.95 0.0 -2 146 0.9128289222717285 8
1 -1 2 920.94 499.82000000000005 -1 146 0.8688781261444092 8
1 -1 3 931.94 330.47 -1 146 1.2602062225341797 8
1 -1 4 807.11 316.96000000000004 -1 146 0.015872955322265625 8
random:9T:300
0 -1 0 118.82 0.0 -20 152 0.05477499961853027 9
0 -1 1 131.56 0.0 -24 152 0.14439988136291504 9
0 -1 2 118.82 0.0 -20 152 0.03840494155883789 9
0 -1 3 141.49 0 -34 152 0.2714712619781494 9
0 -1 4 103.62 0.0 -19 152 0.00937795639038086 9
1 -1 0 106.64 0.0 -22 130 0.03340888023376465 9
1 -1 1 113.25 0 -32 130 0.1355600357055664 9
1 -1 2 106.64 0.0 -22 130 0.03214621543884277 9
1 -1 3 114.38 0 -26 130 0.1983509063720703 9
1 -1 4 95.37 0.0 -14 130 0.008018970489501953 9
random:9T:600
0 -1 0 307.84 84.54 -1 152 0.11242985725402832 9
0 -1 1 334.0 0.0 -18 152 0.3533051013946533 9
0 -1 2 307.84 84.54 -1 152 0.13732290267944336 9
0 -1 3 346.83 0.0 -13 152 0.5039339065551758 9
0 -1 4 287.04 0.0 -4 152 0.010418891906738281 9
1 -1 0 278.26 102.51 -2 130 0.09681105613708496 9
1 -1 1 291.25 0.0 -11 130 0.2760756015777588 9
1 -1 2 278.42 102.51 -2 130 0.11638689041137695 9
1 -1 3 294.31 0 -7 130 0.4014101028442383 9
1 -1 4 271.19 0.0 -4 130 0.009083271026611328 9
random:9T:900
0 -1 0 525.07 226.04 -1 152 0.2735869884490967 9
0 -1 1 540.8 0.0 -16 152 0.5234298706054688 9
0 -1 2 518.95 218.71 -1 152 0.3524308204650879 9
0 -1 3 554.3 0 -10 152 0.7518563270568848 9
0 -1 4 476.69 171.49 -1 152 0.013667106628417969 9
1 -1 0 473.41 214.1 -2 130 0.2414400577545166 9
1 -1 1 475.63 0.0 -8 130 0.43202733993530273 9
1 -1 2 479.06 214.1 -2 130 0.3313148021697998 9
1 -1 3 489.57 0 -4 130 0.6267318725585938 9
1 -1 4 449.71 191.63 -1 130 0.011731863021850586 9
random:9T:1200
0 -1 0 739.66 281.85 -1 152 0.4638841152191162 9
0 -1 1 753.55 0.0 -11 152 0.7381093502044678 9
0 -1 2 734.48 281.85 -1 152 0.5910940170288086 9
0 -1 3 759.65 0 -6 152 0.9821069240570068 9
0 -1 4 641.48 193.28 -1 152 0.014665842056274414 9
1 -1 0 662.16 275.3 -2 130 0.3506889343261719 9
1 -1 1 662.06 6.9 -1 130 0.5686769485473633 9
1 -1 2 665.51 275.3 -2 130 0.5053761005401611 9
1 -1 3 677.34 0 -3 130 0.8321993350982666 9
1 -1 4 612.41 322.09000000000003 -1 130 0.012687921524047852 9
random:9T:1500
0 -1 0 955.11 312.46 -1 152 0.6617588996887207 9
0 -1 1 960.19 0.0 -12 152 0.9118599891662598 9
0 -1 2 953.97 312.46 -1 152 0.8835959434509277 9
0 -1 3 976.33 0 -4 152 1.2991979122161865 9
0 -1 4 849.72 348.34000000000003 -1 152 0.0170900821685791 9
1 -1 0 849.33 308.87 -2 130 0.5212321281433105 9
1 -1 1 851.2 1.09 -1 130 0.7395179271697998 9
1 -1 2 856.28 308.87 -2 130 0.7267539501190186 9
1 -1 3 866.23 0 -1 130 1.0976040363311768 9
1 -1 4 802.47 408.6 -1 130 0.01462697982788086 9
