random:0T:300
random:0T:300
0 -1 0 146.42 22.85 -1 88 0.022779226303100586 0
0 -1 1 158.95 0.0 -6 88 0.08957195281982422 0
0 -1 2 146.51 22.85 -1 88 0.02616405487060547 0
0 -1 3 153.96 0 -2 88 0.11640286445617676 0
0 -1 4 122.95 0.0 -8 88 0.0044269561767578125 0
1 -1 0 125.15 0.0 -3 96 0.02393507957458496 0
1 -1 1 126.76 0 -8 96 0.10846924781799316 0
1 -1 2 125.15 0.0 -3 96 0.02374100685119629 0
1 -1 3 131.24 0.0 -5 96 0.14595723152160645 0
1 -1 4 126.42 0.0 -8 96 0.0051441192626953125 0
2 -1 0 139.7 0.0 -1 95 0.02368783950805664 0
2 -1 1 144.43 0 -7 95 0.09654879570007324 0
2 -1 2 139.7 0.0 -1 95 0.02191781997680664 0
2 -1 3 146.28 0.0 -5 95 0.1331801414489746 0
2 -1 4 133.21 0.0 -7 95 0.004931926727294922 0
random:0T:600
0 -1 0 397.72 208.44 -2 88 0.11834478378295898 0
0 -1 1 399.07 0.0 -3 88 0.189406156539917 0
0 -1 2 397.49 184.36 -1 88 0.16528105735778809 0
0 -1 3 408.89 201.46 -2 88 0.2429342269897461 0
0 -1 4 350.47 122.71000000000001 -1 88 0.0059010982513427734 0
1 -1 0 324.4 191.41 -2 96 0.09824514389038086 0
1 -1 1 335.58 164.98 -2 96 0.20058584213256836 0
1 -1 2 325.84 191.41 -2 96 0.13252615928649902 0
1 -1 3 338.08 164.91 -1 96 0.2847740650177002 0
1 -1 4 327.51 71.55 -1 96 0.0062830448150634766 0
2 -1 0 347.56 193.25 -2 95 0.08967924118041992 0
2 -1 1 363.71 0.0 -1 95 0.18639612197875977 0
2 -1 2 353.49 193.25 -2 95 0.13661503791809082 0
2 -1 3 367.3 0 -1 95 0.26818418502807617 0
2 -1 4 343.77 117.74 -1 95 0.00667119026184082 0
random:0T:900
0 -1 0 640.37 322.03 -2 88 0.2144308090209961 0
0 -1 1 631.75 140.33 -1 88 0.2782571315765381 0
0 -1 2 651.78 285.04 -1 88 0.29789090156555176 0
0 -1 3 660.38 285.04 -1 88 0.39376020431518555 0
0 -1 4 571.16 223.75 -1 88 0.007311105728149414 0
1 -1 0 530.66 314.3 -2 96 0.2257688045501709 0
1 -1 1 543.18 308.78999999999996 -1 96 0.319119930267334 0
1 -1 2 535.58 363.09000000000003 -1 96 0.28363513946533203 0
1 -1 3 534.91 167.21 -1 96 0.41884589195251465 0
1 -1 4 513.11 312.16 -1 96 0.007725715637207031 0
2 -1 0 560.27 303.18 -2 95 0.17856383323669434 0
2 -1 1 574.35 0.0 -1 95 0.26949286460876465 0
2 -1 2 571.59 263.87 -2 95 0.2707960605621338 0
2 -1 3 585.23 0 -1 95 0.402423620223999 0
2 -1 4 548.62 317.98 -1 95 0.008573770523071289 0
random:0T:1200
0 -1 0 878.94 453.46000000000004 -2 88 0.32452988624572754 0
0 -1 1 876.23 363.09999999999997 -1 88 0.39803004264831543 0
0 -1 2 899.56 432.63 -1 88 0.4203310012817383 0
0 -1 3 901.53 465.65 -1 88 0.48864197731018066 0
0 -1 4 780.89 342.73 -1 88 0.00830698013305664 0
1 -1 0 731.55 438.32 -2 96 0.30999112129211426 0
1 -1 1 751.81 472.5199999999999 -1 96 0.4342341423034668 0
1 -1 2 741.71 510.6500000000001 -2 96 0.40950703620910645 0
1 -1 3 759.08 496.79999999999995 -1 96 0.6015551090240479 0
1 -1 4 720.54 407.91999999999996 -1 96 0.009874105453491211 0
2 -1 0 776.1 430.60999999999996 -1 95 0.2913646697998047 0
2 -1 1 788.14 222.54 -1 95 0.3726987838745117 0
2 -1 2 782.34 302.6 -2 95 0.40059685707092285 0
2 -1 3 801.31 182.27 -1 95 0.536736011505127 0
2 -1 4 750.03 406.61 -1 95 0.009901762008666992 0
random:0T:1500
0 -1 0 1125.36 533.61 -2 88 0.42275094985961914 0
0 -1 1 1125.58 528.11 -1 88 0.5022180080413818 0
0 -1 2 1156.3 616.9899999999999 -1 88 0.5626659393310547 0
0 -1 3 1162.02 647.95 -1 88 0.6477952003479004 0
0 -1 4 1011.21 486.23 -1 88 0.009990930557250977 0
1 -1 0 934.3 596.1 -1 96 0.4201509952545166 0
1 -1 1 952.47 610.45 -2 96 0.5299530029296875 0
1 -1 2 946.44 677.26 -2 96 0.589026927947998 0
1 -1 3 951.26 595.69 -1 96 0.718073844909668 0
1 -1 4 910.25 537.27 -1 96 0.010635852813720703 0
2 -1 0 988.17 549.39 -2 95 0.36725306510925293 0
2 -1 1 1004.83 424.01000000000005 -1 95 0.48244810104370117 0
2 -1 2 1008.31 503.77 -2 95 0.5507180690765381 0
2 -1 3 1020.79 255.93 -1 95 0.7168810367584229 0
2 -1 4 968.99 528.07 -1 95 0.012065887451171875 0
random:1T:300
0 -1 0 176.69 68.52 -1 63 0.029186010360717773 1
0 -1 1 186.07 0.0 -3 63 0.06414008140563965 1
0 -1 2 176.36 68.52 -1 63 0.033155202865600586 1
0 -1 3 189.71 34.87 -1 63 0.08670616149902344 1
0 -1 4 184.49 24.79 -1 63 0.0034580230712890625 1
1 -1 0 123.87 0.0 -7 120 0.03106689453125 1
1 -1 1 123.38 0.0 -9 120 0.1210331916809082 1
1 -1 2 123.87 0.0 -7 120 0.030180931091308594 1
1 -1 3 125.36 0 -16 120 0.186506986618042 1
1 -1 4 120.28 0.0 -11 120 0.006343841552734375 1
2 -1 0 119.8 0.02 -1 93 0.021083831787109375 1
2 -1 1 116.7 0.0 -2 93 0.08509397506713867 1
2 -1 2 119.8 0.02 -1 93 0.021950960159301758 1
2 -1 3 123.71 0.0 -4 93 0.11923718452453613 1
2 -1 4 116.05 0.0 -7 93 0.004891157150268555 1
random:1T:600
0 -1 0 456.33 229.17 -2 63 0.11417889595031738 1
0 -1 1 469.44 193.97 -1 63 0.1540670394897461 1
0 -1 2 460.19 229.88 -1 63 0.14375019073486328 1
0 -1 3 473.49 191.98 -1 63 0.18370413780212402 1
0 -1 4 452.13 259.99 -1 63 0.0052149295806884766 1
1 -1 0 318.44 185.37 -2 120 0.13450169563293457 1
1 -1 1 317.84 86.53 -1 120 0.26282501220703125 1
1 -1 2 319.82 167.3 -2 120 0.17667317390441895 1
1 -1 3 322.88 146.99 -2 120 0.34716010093688965 1
1 -1 4 308.97 0.0 -1 120 0.007627010345458984 1
2 -1 0 336.0 246.60000000000002 -4 93 0.11421084403991699 1
2 -1 1 332.43 145.76999999999998 -1 93 0.18754172325134277 1
2 -1 2 336.61 252.45999999999998 -2 93 0.14585280418395996 1
2 -1 3 340.01 184.67 -2 93 0.27274513244628906 1
2 -1 4 322.44 83.28 -1 93 0.006433010101318359 1
random:1T:900
0 -1 0 726.12 374.97 -2 63 0.19769811630249023 1
0 -1 1 743.62 323.1 -2 63 0.23810887336730957 1
0 -1 2 747.0 339.77 -1 63 0.24130702018737793 1
0 -1 3 762.1 345.22 -1 63 0.2881650924682617 1
0 -1 4 718.31 419.81000000000006 -1 63 0.007154941558837891 1
1 -1 0 516.63 350.01 -2 120 0.27547693252563477 1
1 -1 1 515.87 255.35 -1 120 0.3864130973815918 1
1 -1 2 513.97 322.88 -2 120 0.3570570945739746 1
1 -1 3 518.17 238.5 -2 120 0.5418179035186768 1
1 -1 4 476.51 221.73 -1 120 0.009550809860229492 1
2 -1 0 541.63 345.46999999999997 -1 93 0.21645784378051758 1
2 -1 1 539.66 330.67 -2 93 0.289478063583374 1
2 -1 2 550.9 379.43 -1 93 0.302105188369751 1
2 -1 3 553.18 158.05 -1 93 0.4254629611968994 1
2 -1 4 513.25 173.66 -1 93 0.00794219970703125 1
random:1T:1200
0 -1 0 1014.31 454.92999999999995 -1 63 0.2826962471008301 1
0 -1 1 1025.17 418.33 -1 63 0.3195810317993164 1
0 -1 2 1032.17 431.95000000000005 -1 63 0.35224294662475586 1
0 -1 3 1052.11 498.36 -1 63 0.4023449420928955 1
0 -1 4 983.33 578.27 -1 63 0.010376930236816406 1
1 -1 0 717.25 478.14 -2 120 0.41583800315856934 1
1 -1 1 709.23 367.73 -1 120 0.5226359367370605 1
1 -1 2 715.64 463.4100000000001 -2 120 0.5446040630340576 1
1 -1 3 717.85 396.24 -2 120 0.7302589416503906 1
1 -1 4 656.23 366.0 -1 120 0.011184215545654297 1
2 -1 0 747.45 484.23999999999995 -1 93 0.3131437301635742 1
2 -1 1 746.0 451.65999999999997 -2 93 0.3741788864135742 1
2 -1 2 764.57 502.0 -1 93 0.4220747947692871 1
2 -1 3 768.23 332.45 -1 93 0.5655088424682617 1
2 -1 4 714.68 313.89000000000004 -1 93 0.009873151779174805 1
random:1T:1500
0 -1 0 1296.82 498.78999999999996 -1 63 0.3573722839355469 1
0 -1 1 1304.11 454.98 -1 63 0.4021189212799072 1
0 -1 2 1324.96 575.3 -1 63 0.4488499164581299 1
0 -1 3 1343.15 600.6600000000001 -1 63 0.4957571029663086 1
0 -1 4 1247.6 735.5500000000001 -1 63 0.011496782302856445 1
1 -1 0 909.08 620.42 -2 120 0.5512681007385254 1
1 -1 1 899.34 486.36 -1 120 0.6681830883026123 1
1 -1 2 909.17 583.9 -1 120 0.7916381359100342 1
1 -1 3 916.92 556.6600000000001 -2 120 0.9455869197845459 1
1 -1 4 836.21 398.07 -1 120 0.012747049331665039 1
2 -1 0 960.91 647.84 -1 93 0.42664504051208496 1
2 -1 1 954.91 581.64 -2 93 0.5289022922515869 1
2 -1 2 974.99 589.48 -1 93 0.6194460391998291 1
2 -1 3 982.79 490.0400000000001 -1 93 0.6750032901763916 1
2 -1 4 918.64 384.19000000000005 -1 93 0.010396003723144531 1
random:2T:300
0 -1 0 196.66 129.59 -1 53 0.07769393920898438 2
0 -1 1 194.76 112.18 -1 53 0.13346004486083984 2
0 -1 2 197.77 136.89 -1 53 0.11458086967468262 2
0 -1 3 196.36 130.82 -2 53 0.16755890846252441 2
0 -1 4 188.18 39.11 -1 53 0.006766080856323242 2
1 -1 0 163.94 62.19 -1 79 0.07011914253234863 2
1 -1 1 161.16 0.0 -2 79 0.1723802089691162 2
1 -1 2 164.1 62.19 -1 79 0.08097219467163086 2
1 -1 3 162.83 0.0 -2 79 0.2446751594543457 2
1 -1 4 158.83 0.0 -4 79 0.008542060852050781 2
2 -1 0 150.75 33.17 -1 77 0.04767203330993652 2
2 -1 1 153.63 0.0 -5 77 0.12377333641052246 2
2 -1 2 150.76 33.18 -1 77 0.0533449649810791 2
2 -1 3 154.52 27.91 -1 77 0.1718442440032959 2
2 -1 4 140.74 0.0 -5 77 0.007910013198852539 2
random:2T:600
0 -1 0 440.11 324.59 -2 53 0.16613388061523438 2
0 -1 1 437.29 312.9 -2 53 0.21297883987426758 2
0 -1 2 444.1 318.14 -1 53 0.23774504661560059 2
0 -1 3 444.1 318.14 -1 53 0.29201364517211914 2
0 -1 4 437.73 276.42 -1 53 0.010363101959228516 2
1 -1 0 379.5 289.95000000000005 -2 79 0.20471501350402832 2
1 -1 1 376.8 126.36999999999999 -1 79 0.3018028736114502 2
1 -1 2 382.99 287.63 -2 79 0.28725194931030273 2
1 -1 3 384.61 279.32 -1 79 0.443267822265625 2
1 -1 4 379.01 214.76 -1 79 0.012360811233520508 2
2 -1 0 407.78 230.43 -1 77 0.20288705825805664 2
2 -1 1 408.04 128.72 -1 77 0.2636401653289795 2
2 -1 2 409.63 230.43 -1 77 0.2613797187805176 2
2 -1 3 412.71 158.06 -1 77 0.38713812828063965 2
2 -1 4 366.96 127.39 -1 77 0.010977029800415039 2
random:2T:900
0 -1 0 685.46 487.25 -1 53 0.27385497093200684 2
0 -1 1 681.55 495.52000000000004 -2 53 0.31724095344543457 2
0 -1 2 693.74 448.03000000000003 -1 53 0.3719959259033203 2
0 -1 3 693.74 448.03000000000003 -1 53 0.45402097702026367 2
0 -1 4 690.19 452.81 -1 53 0.013795852661132812 2
1 -1 0 596.99 467.09000000000003 -2 79 0.38535284996032715 2
1 -1 1 593.73 352.76 -1 79 0.4617187976837158 2
1 -1 2 603.68 452.72 -1 79 0.538841962814331 2
1 -1 3 603.23 460.65 -2 79 0.6866750717163086 2
1 -1 4 602.7 373.49 -1 79 0.015918254852294922 2
2 -1 0 657.92 404.46000000000004 -2 77 0.36270904541015625 2
2 -1 1 658.65 354.5 -1 77 0.4353342056274414 2
2 -1 2 663.24 419.74999999999994 -2 77 0.4649360179901123 2
2 -1 3 668.87 419.66 -2 77 0.5916852951049805 2
2 -1 4 597.54 259.46 -1 77 0.014028072357177734 2
random:2T:1200
0 -1 0 930.89 682.61 -1 53 0.38277387619018555 2
0 -1 1 922.42 662.32 -1 53 0.41939401626586914 2
0 -1 2 941.77 664.27 -2 53 0.5221848487854004 2
0 -1 3 941.77 664.27 -2 53 0.5998048782348633 2
0 -1 4 943.92 634.46 -1 53 0.01769876480102539 2
1 -1 0 810.2 643.86 -1 79 0.5254600048065186 2
1 -1 1 810.5 549.65 -1 79 0.6275138854980469 2
1 -1 2 819.06 615.22 -1 79 0.7204678058624268 2
1 -1 3 818.13 604.5600000000001 -1 79 0.8575520515441895 2
1 -1 4 827.86 508.64 -1 79 0.019073009490966797 2
2 -1 0 909.73 551.13 -2 77 0.5339908599853516 2
2 -1 1 910.47 521.75 -1 77 0.5985050201416016 2
2 -1 2 923.41 535.83 -1 77 0.6663880348205566 2
2 -1 3 923.41 535.83 -1 77 0.7783639430999756 2
2 -1 4 829.57 370.94 -1 77 0.015241146087646484 2
random:2T:1500
0 -1 0 1172.72 848.38 -1 53 0.4648308753967285 2
0 -1 1 1169.43 831.1200000000001 -1 53 0.5120630264282227 2
0 -1 2 1193.37 842.73 -2 53 0.644942045211792 2
0 -1 3 1193.37 842.73 -2 53 0.6995761394500732 2
0 -1 4 1197.84 806.85 -1 53 0.019871950149536133 2
1 -1 0 1027.87 755.03 -1 79 0.6548030376434326 2
1 -1 1 1028.84 793.3699999999999 -1 79 0.767650842666626 2
1 -1 2 1033.36 784.09 -1 79 0.9411182403564453 2
1 -1 3 1032.83 783.1800000000001 -1 79 1.0553019046783447 2
1 -1 4 1049.45 628.38 -1 79 0.02431511878967285 2
2 -1 0 1156.95 650.69 -1 77 0.7015061378479004 2
2 -1 1 1164.49 649.0500000000001 -1 77 0.7391119003295898 2
2 -1 2 1173.29 640.4499999999999 -1 77 0.8724148273468018 2
2 -1 3 1173.29 640.4499999999999 -1 77 0.9952690601348877 2
2 -1 4 1057.73 502.97 -1 77 0.019570112228393555 2
random:3T:300
0 -1 0 133.21 0.53 -1 97 0.027570247650146484 3
0 -1 1 133.38 0.0 -3 97 0.11822271347045898 3
0 -1 2 133.21 0.53 -1 97 0.028043031692504883 3
0 -1 3 133.99 0.0 -3 97 0.16665005683898926 3
0 -1 4 131.04 0.0 -7 97 0.006117105484008789 3
1 -1 0 174.28 26.69 -1 94 0.03204202651977539 3
1 -1 1 179.22 0.0 -6 94 0.11754584312438965 3
1 -1 2 174.28 26.69 -1 94 0.03579592704772949 3
1 -1 3 173.91 0.0 -2 94 0.16553092002868652 3
1 -1 4 162.18 0.0 -5 94 0.005554914474487305 3
2 -1 0 139.42 41.99 -1 86 0.03420901298522949 3
2 -1 1 139.7 0.0 -4 86 0.09629678726196289 3
2 -1 2 139.43 41.99 -1 86 0.03725886344909668 3
2 -1 3 140.17 0.0 -4 86 0.12543010711669922 3
2 -1 4 126.86 0.0 -6 86 0.005158901214599609 3
random:3T:600
0 -1 0 342.04 248.29 -1 97 0.14674806594848633 3
0 -1 1 340.69 172.69 -1 97 0.24524688720703125 3
0 -1 2 342.77 248.29 -1 97 0.19215607643127441 3
0 -1 3 338.92 161.37 -1 97 0.34282493591308594 3
0 -1 4 335.18 100.37 -1 97 0.00840902328491211 3
1 -1 0 423.49 212.5 -1 94 0.14284706115722656 3
1 -1 1 414.94 0 -1 94 0.22650480270385742 3
1 -1 2 422.73 229.31 -1 94 0.18757176399230957 3
1 -1 3 423.83 95.5 -1 94 0.3068380355834961 3
1 -1 4 376.99 171.8 -1 94 0.00766301155090332 3
2 -1 0 364.17 235.96 -2 86 0.12736988067626953 3
2 -1 1 359.92 154.49 -1 86 0.19453811645507812 3
2 -1 2 364.24 246.68 -2 86 0.1771090030670166 3
2 -1 3 365.26 51.49 -1 86 0.279313325881958 3
2 -1 4 339.47 129.22 -1 86 0.006682157516479492 3
random:3T:900
0 -1 0 543.45 371.12 -1 97 0.2667970657348633 3
0 -1 1 543.8 337.33 -1 97 0.3553731441497803 3
0 -1 2 547.51 394.51 -1 97 0.36272311210632324 3
0 -1 3 544.65 396.09999999999997 -1 97 0.4946260452270508 3
0 -1 4 528.22 333.51 -1 97 0.009786128997802734 3
1 -1 0 666.64 274.42 -1 94 0.23876690864562988 3
1 -1 1 664.52 58.55 -1 94 0.34445738792419434 3
1 -1 2 674.94 293.99 -1 94 0.32711291313171387 3
1 -1 3 675.56 301.41 -1 94 0.43988871574401855 3
1 -1 4 612.27 327.83000000000004 -1 94 0.009286880493164062 3
2 -1 0 583.83 388.21000000000004 -2 86 0.2253420352935791 3
2 -1 1 580.83 367.67 -2 86 0.28484582901000977 3
2 -1 2 588.92 375.12 -1 86 0.31165480613708496 3
2 -1 3 589.4 400.23 -1 86 0.4187901020050049 3
2 -1 4 551.02 233.14999999999998 -1 86 0.008111000061035156 3
random:3T:1200
0 -1 0 751.56 520.8 -1 97 0.4143040180206299 3
0 -1 1 747.09 486.78 -1 97 0.4748239517211914 3
0 -1 2 757.84 470.38 -1 97 0.5572259426116943 3
0 -1 3 752.1 502.3 -1 97 0.7006268501281738 3
0 -1 4 729.48 417.36000000000007 -1 97 0.013121843338012695 3
1 -1 0 904.15 346.42999999999995 -1 94 0.36130404472351074 3
1 -1 1 906.15 257.65 -1 94 0.448016881942749 3
1 -1 2 916.67 421.49 -1 94 0.5092997550964355 3
1 -1 3 928.89 463.35 -1 94 0.629298210144043 3
1 -1 4 833.19 461.64 -1 94 0.011488199234008789 3
2 -1 0 807.12 535.64 -1 86 0.3416018486022949 3
2 -1 1 798.97 524.8299999999999 -2 86 0.39405107498168945 3
2 -1 2 819.96 536.0699999999999 -2 86 0.4845607280731201 3
2 -1 3 819.96 524.52 -1 86 0.5592949390411377 3
2 -1 4 752.29 345.3299999999999 -1 86 0.01025700569152832 3
random:3T:1500
0 -1 0 957.65 677.6800000000001 -1 97 0.5156071186065674 3
0 -1 1 954.85 698.78 -1 97 0.6113121509552002 3
0 -1 2 974.13 724.3599999999999 -1 97 0.7683429718017578 3
0 -1 3 950.9 663.74 -1 97 0.8467109203338623 3
0 -1 4 936.45 563.21 -1 97 0.014044761657714844 3
1 -1 0 1149.44 456.71 -1 94 0.4885890483856201 3
1 -1 1 1149.08 366.85 -1 94 0.584381103515625 3
1 -1 2 1166.31 543.0 -1 94 0.6505699157714844 3
1 -1 3 1179.99 630.19 -1 94 0.7856848239898682 3
1 -1 4 1051.37 558.12 -1 94 0.013831853866577148 3
2 -1 0 1025.55 685.45 -2 86 0.43331193923950195 3
2 -1 1 1020.38 656.09 -1 86 0.4904787540435791 3
2 -1 2 1040.2 694.9999999999999 -1 86 0.6132030487060547 3
2 -1 3 1030.96 711.4200000000001 -2 86 0.702725887298584 3
2 -1 4 966.88 489.4699999999999 -1 86 0.012434005737304688 3
random:4T:300
0 -1 0 133.82 3.7199999999999998 -1 97 0.03153729438781738 4
0 -1 1 131.15 0.0 -5 97 0.11680483818054199 4
0 -1 2 133.82 3.71 -1 97 0.02992725372314453 4
0 -1 3 131.96 0 -9 97 0.17334818840026855 4
0 -1 4 130.71 0.0 -7 97 0.006518125534057617 4
1 -1 0 131.88 20.94 -1 93 0.03443598747253418 4
1 -1 1 130.66 0.0 -3 93 0.11359572410583496 4
1 -1 2 131.88 20.94 -1 93 0.033674001693725586 4
1 -1 3 126.94 0 -9 93 0.15802621841430664 4
1 -1 4 116.4 0.0 -7 93 0.005711793899536133 4
2 -1 0 185.02 74.53 -1 85 0.05269289016723633 4
2 -1 1 198.42 0.0 -3 85 0.12313079833984375 4
2 -1 2 183.0 74.52 -1 85 0.057518959045410156 4
2 -1 3 198.41 0.0 -5 85 0.16419100761413574 4
2 -1 4 163.02 0.0 -5 85 0.00537109375 4
random:4T:600
0 -1 0 342.01 249.69 -1 97 0.15260696411132812 4
0 -1 1 338.4 168.81 -1 97 0.2605412006378174 4
0 -1 2 341.36 246.14000000000001 -2 97 0.2066178321838379 4
0 -1 3 340.13 215.08 -1 97 0.3543109893798828 4
0 -1 4 335.2 100.37 -1 97 0.008919715881347656 4
1 -1 0 346.99 224.39000000000001 -2 93 0.16178202629089355 4
1 -1 1 344.99 128.03 -1 93 0.22615599632263184 4
1 -1 2 351.04 216.1 -1 93 0.19960689544677734 4
1 -1 3 343.96 208.37 -2 93 0.31113290786743164 4
1 -1 4 324.6 101.99 -1 93 0.007436037063598633 4
2 -1 0 441.09 231.58 -1 85 0.16326117515563965 4
2 -1 1 456.01 207.99 -1 85 0.25366783142089844 4
2 -1 2 442.7 231.58 -1 85 0.21691489219665527 4
2 -1 3 456.41 214.42 -1 85 0.32361698150634766 4
2 -1 4 391.31 135.79999999999998 -1 85 0.00789785385131836 4
random:4T:900
0 -1 0 547.09 419.41999999999996 -1 97 0.2998647689819336 4
0 -1 1 542.92 335.62 -1 97 0.3986320495605469 4
0 -1 2 547.05 390.55 -1 97 0.3821749687194824 4
0 -1 3 547.24 346.91 -1 97 0.5572588443756104 4
0 -1 4 527.61 317.02 -1 97 0.010946035385131836 4
1 -1 0 560.34 368.86 -2 93 0.29532527923583984 4
1 -1 1 558.18 353.99 -1 93 0.3525538444519043 4
1 -1 2 563.83 363.99 -1 93 0.3803062438964844 4
1 -1 3 560.86 357.36 -1 93 0.4847297668457031 4
1 -1 4 513.0 179.41 -1 93 0.009620189666748047 4
2 -1 0 694.77 284.89 -1 85 0.2823066711425781 4
2 -1 1 706.99 284.89 -1 85 0.34615325927734375 4
2 -1 2 701.81 284.89 -1 85 0.3606448173522949 4
2 -1 3 711.68 284.89 -1 85 0.4635350704193115 4
2 -1 4 622.97 267.06 -1 85 0.01065826416015625 4
random:4T:1200
0 -1 0 753.71 568.22 -1 97 0.4425349235534668 4
0 -1 1 746.33 502.95 -1 97 0.5209801197052002 4
0 -1 2 759.37 542.5 -1 97 0.569572925567627 4
0 -1 3 749.66 455.15 -1 97 0.7084810733795166 4
0 -1 4 729.67 423.4 -1 97 0.012987136840820312 4
1 -1 0 771.41 526.21 -2 93 0.3928351402282715 4
1 -1 1 771.08 521.37 -1 93 0.4581718444824219 4
1 -1 2 775.4 515.84 -1 93 0.5247509479522705 4
1 -1 3 775.45 524.23 -2 93 0.6176011562347412 4
1 -1 4 716.0 329.01 -1 93 0.010991096496582031 4
2 -1 0 950.63 314.13 -1 85 0.3989250659942627 4
2 -1 1 961.57 314.13 -1 85 0.46785926818847656 4
2 -1 2 954.62 429.21000000000004 -1 85 0.5204739570617676 4
2 -1 3 969.9 314.13 -1 85 0.593641996383667 4
2 -1 4 850.86 371.48 -1 85 0.011820077896118164 4
random:4T:1500
0 -1 0 954.35 696.08 -1 97 0.5216188430786133 4
0 -1 1 954.53 663.27 -2 97 0.6310532093048096 4
0 -1 2 963.01 704.46 -1 97 0.7389171123504639 4
0 -1 3 950.7 695.06 -1 97 0.8647260665893555 4
0 -1 4 936.28 557.6 -1 97 0.01504373550415039 4
1 -1 0 981.85 679.74 -2 93 0.5150289535522461 4
1 -1 1 984.26 645.35 -1 93 0.5796921253204346 4
1 -1 2 994.98 705.2500000000001 -2 93 0.7021009922027588 4
1 -1 3 991.46 705.9000000000001 -1 93 0.7719550132751465 4
1 -1 4 921.45 423.84 -1 93 0.01242208480834961 4
2 -1 0 1204.46 330.17 -1 85 0.5109591484069824 4
2 -1 1 1215.48 330.17 -1 85 0.5679092407226562 4
2 -1 2 1210.41 501.58 -1 85 0.6452932357788086 4
2 -1 3 1232.45 357.85 -1 85 0.7792220115661621 4
2 -1 4 1076.27 506.21000000000004 -1 85 0.013091087341308594 4
random:5T:300
0 -1 0 147.33 29.09 -1 75 0.02464580535888672 5
0 -1 1 151.89 3.58 -1 75 0.10254478454589844 5
0 -1 2 147.42 29.09 -1 75 0.02981710433959961 5
0 -1 3 151.31 0.0 -2 75 0.13892316818237305 5
0 -1 4 142.94 0.0 -4 75 0.0051021575927734375 5
1 -1 0 128.8 0.0 -4 95 0.02635812759399414 5
1 -1 1 137.54 0 -7 95 0.09705305099487305 5
1 -1 2 128.93 0.0 -4 95 0.02949690818786621 5
1 -1 3 136.06 0 -10 95 0.1380600929260254 5
1 -1 4 122.54 0.0 -5 95 0.005430936813354492 5
2 -1 0 145.47 40.38 -1 76 0.036640167236328125 5
2 -1 1 147.41 53.99 -1 76 0.10086297988891602 5
2 -1 2 145.51 40.38 -1 76 0.038861751556396484 5
2 -1 3 147.41 53.99 -1 76 0.13394689559936523 5
2 -1 4 138.28 0.0 -5 76 0.004734992980957031 5
random:5T:600
0 -1 0 384.54 234.68 -1 75 0.124755859375 5
0 -1 1 398.82 261.81 -1 75 0.2145097255706787 5
0 -1 2 386.79 215.56 -1 75 0.16385388374328613 5
0 -1 3 395.84 230.07000000000002 -1 75 0.27566003799438477 5
0 -1 4 372.38 205.59 -1 75 0.0068819522857666016 5
1 -1 0 380.02 198.34 -1 95 0.13600420951843262 5
1 -1 1 389.55 0.0 -3 95 0.22701382637023926 5
1 -1 2 381.8 195.91 -1 95 0.18525195121765137 5
1 -1 3 394.96 134.72 -1 95 0.32082366943359375 5
1 -1 4 353.57 157.32999999999998 -1 95 0.007733821868896484 5
2 -1 0 358.77 235.42 -2 76 0.16189980506896973 5
2 -1 1 362.38 254.53 -2 76 0.21049880981445312 5
2 -1 2 358.79 235.42 -2 76 0.17922210693359375 5
2 -1 3 365.93 239.4 -2 76 0.27787113189697266 5
2 -1 4 350.34 185.05 -1 76 0.006473064422607422 5
random:5T:900
0 -1 0 625.28 423.99 -1 75 0.23131704330444336 5
0 -1 1 631.07 452.1 -1 75 0.31320881843566895 5
0 -1 2 626.87 404.17 -1 75 0.31281018257141113 5
0 -1 3 638.52 405.69 -1 75 0.4380967617034912 5
0 -1 4 608.54 363.78999999999996 -1 75 0.008885860443115234 5
1 -1 0 632.43 266.66 -1 95 0.28327465057373047 5
1 -1 1 639.83 241.93 -1 95 0.3780632019042969 5
1 -1 2 641.64 355.88 -1 95 0.3528869152069092 5
1 -1 3 652.35 262.66 -1 95 0.48869919776916504 5
1 -1 4 588.83 288.63 -1 95 0.009971141815185547 5
2 -1 0 585.97 401.11999999999995 -2 76 0.29863905906677246 5
2 -1 1 578.41 422.30000000000007 -2 76 0.30623388290405273 5
2 -1 2 586.05 401.2 -2 76 0.3427588939666748 5
2 -1 3 566.75 454.36 -2 76 0.4019660949707031 5
2 -1 4 567.57 425.22 -1 76 0.00810384750366211 5
random:5T:1200
0 -1 0 861.33 558.0 -1 75 0.33328795433044434 5
0 -1 1 871.04 609.78 -1 75 0.4277369976043701 5
0 -1 2 860.6 561.01 -1 75 0.46709513664245605 5
0 -1 3 883.18 574.77 -1 75 0.5691640377044678 5
0 -1 4 845.39 504.25 -1 75 0.011082172393798828 5
1 -1 0 881.63 405.5 -1 95 0.38863706588745117 5
1 -1 1 887.18 438.35999999999996 -1 95 0.48740100860595703 5
1 -1 2 890.1 492.14 -1 95 0.49959397315979004 5
1 -1 3 905.2 436.17999999999995 -1 95 0.6515593528747559 5
1 -1 4 805.44 406.53 -1 95 0.01129007339477539 5
2 -1 0 814.13 564.6899999999999 -2 76 0.3837320804595947 5
2 -1 1 794.08 595.51 -2 76 0.4166877269744873 5
2 -1 2 805.23 565.5899999999999 -2 76 0.486644983291626 5
2 -1 3 802.96 568.87 -2 76 0.56980299949646 5
2 -1 4 769.89 662.29 -1 76 0.00997304916381836 5
random:5T:1500
0 -1 0 1099.11 662.49 -1 75 0.45058202743530273 5
0 -1 1 1114.01 771.86 -1 75 0.5346379280090332 5
0 -1 2 1106.75 745.6699999999998 -1 75 0.6181640625 5
0 -1 3 1130.86 687.13 -1 75 0.7253878116607666 5
0 -1 4 1079.97 637.0799999999999 -1 75 0.01253819465637207 5
1 -1 0 1133.84 505.81 -1 95 0.4986228942871094 5
1 -1 1 1131.51 577.76 -2 95 0.5674071311950684 5
1 -1 2 1153.64 609.89 -1 95 0.6601860523223877 5
1 -1 3 1161.79 594.98 -1 95 0.7862038612365723 5
1 -1 4 1023.98 518.5400000000001 -1 95 0.013077020645141602 5
2 -1 0 1030.94 725.9799999999999 -2 76 0.500687837600708 5
2 -1 1 1011.06 740.34 -2 76 0.5316760540008545 5
2 -1 2 1017.82 727.12 -2 76 0.6164579391479492 5
2 -1 3 1021.14 729.37 -2 76 0.6975688934326172 5
2 -1 4 976.29 919.28 -1 76 0.011249065399169922 5
random:6T:300
0 -1 0 137.12 0.0 -2 80 0.017843961715698242 6
0 -1 1 160.1 0.0 -5 80 0.07984685897827148 6
0 -1 2 137.12 0.0 -2 80 0.01744675636291504 6
0 -1 3 157.17 0 -6 80 0.10040593147277832 6
0 -1 4 128.78 0.0 -4 80 0.00449681282043457 6
1 -1 0 119.51 0.0 -2 78 0.020747661590576172 6
1 -1 1 120.58 0.0 -3 78 0.0834801197052002 6
1 -1 2 119.51 0.0 -2 78 0.021193981170654297 6
1 -1 3 121.68 0 -11 78 0.1270461082458496 6
1 -1 4 118.86 0.0 -6 78 0.0048677921295166016 6
2 -1 0 132.63 0.0 -1 86 0.023849964141845703 6
2 -1 1 136.17 0.0 -2 86 0.10487604141235352 6
2 -1 2 132.63 0.0 -1 86 0.022910356521606445 6
2 -1 3 138.04 0.0 -4 86 0.14363694190979004 6
2 -1 4 131.48 0.0 -6 86 0.005474090576171875 6
random:6T:600
0 -1 0 405.44 199.06 -2 80 0.12038302421569824 6
0 -1 1 422.14 0.0 -3 80 0.19203805923461914 6
0 -1 2 406.7 199.06 -2 80 0.14227819442749023 6
0 -1 3 427.37 0.0 -3 80 0.2486710548400879 6
0 -1 4 375.47 152.47 -1 80 0.006525278091430664 6
1 -1 0 333.95 236.83999999999997 -1 78 0.10974001884460449 6
1 -1 1 337.14 57.09 -1 78 0.1914348602294922 6
1 -1 2 334.45 236.36 -2 78 0.13913798332214355 6
1 -1 3 351.4 235.09 -2 78 0.2672691345214844 6
1 -1 4 333.23 132.19 -1 78 0.0056591033935546875 6
2 -1 0 350.43 201.77 -1 86 0.12277698516845703 6
2 -1 1 356.9 198.19 -1 86 0.2091388702392578 6
2 -1 2 351.91 201.77 -1 86 0.16498804092407227 6
2 -1 3 363.78 205.38 -1 86 0.29670214653015137 6
2 -1 4 345.05 134.73 -1 86 0.00660395622253418 6
random:6T:900
0 -1 0 666.15 353.36 -2 80 0.20993590354919434 6
0 -1 1 675.54 0.0 -3 80 0.27899622917175293 6
0 -1 2 669.22 356.03 -2 80 0.25846385955810547 6
0 -1 3 688.41 345.03 -2 80 0.35742712020874023 6
0 -1 4 627.3 305.97999999999996 -1 80 0.008453130722045898 6
1 -1 0 554.72 412.11 -2 78 0.20038580894470215 6
1 -1 1 552.71 319.01 -1 78 0.28014087677001953 6
1 -1 2 555.96 410.11 -2 78 0.2723698616027832 6
1 -1 3 572.91 402.59999999999997 -2 78 0.3959951400756836 6
1 -1 4 532.51 357.08 -1 78 0.00722193717956543 6
2 -1 0 568.19 334.93 -1 86 0.2343308925628662 6
2 -1 1 569.16 328.65 -1 86 0.32613611221313477 6
2 -1 2 573.99 352.49 -1 86 0.31851792335510254 6
2 -1 3 577.49 381.41 -2 86 0.42863917350769043 6
2 -1 4 551.44 349.58 -1 86 0.008143901824951172 6
random:6T:1200
0 -1 0 929.29 446.18 -2 80 0.3127422332763672 6
0 -1 1 934.5 0.0 -3 80 0.3769528865814209 6
0 -1 2 952.94 548.39 -2 80 0.378525972366333 6
0 -1 3 969.85 502.00000000000006 -2 80 0.48706793785095215 6
0 -1 4 879.33 458.05999999999995 -1 80 0.011098146438598633 6
1 -1 0 774.15 570.1 -2 78 0.31559300422668457 6
1 -1 1 770.9 531.69 -1 78 0.3776578903198242 6
1 -1 2 777.88 524.5699999999999 -2 78 0.41506266593933105 6
1 -1 3 795.99 557.5600000000001 -2 78 0.5270678997039795 6
1 -1 4 730.44 474.33 -1 78 0.0085601806640625 6
2 -1 0 782.24 486.2 -1 86 0.34594202041625977 6
2 -1 1 786.72 483.27 -1 86 0.42108917236328125 6
2 -1 2 791.11 506.48 -1 86 0.5207319259643555 6
2 -1 3 791.72 506.65999999999997 -1 86 0.5945749282836914 6
2 -1 4 749.86 420.52000000000004 -1 86 0.010792016983032227 6
random:6T:1500
0 -1 0 1187.99 581.4200000000001 -2 80 0.4240410327911377 6
0 -1 1 1191.93 0.0 -3 80 0.5001378059387207 6
0 -1 2 1222.25 675.81 -2 80 0.5021560192108154 6
0 -1 3 1240.54 657.95 -2 80 0.610267162322998 6
0 -1 4 1131.6 608.44 -1 80 0.013119935989379883 6
1 -1 0 996.19 731.9300000000001 -2 78 0.38367271423339844 6
1 -1 1 988.28 660.22 -1 78 0.4851210117340088 6
1 -1 2 998.62 680.75 -2 78 0.5311648845672607 6
1 -1 3 1011.34 716.8 -1 78 0.6518030166625977 6
1 -1 4 947.18 630.0 -1 78 0.009307861328125 6
2 -1 0 1000.19 644.6199999999999 -1 86 0.4422779083251953 6
2 -1 1 1007.02 694.0899999999999 -1 86 0.5256152153015137 6
2 -1 2 1015.05 648.33 -1 86 0.5983209609985352 6
2 -1 3 1013.25 721.99 -1 86 0.6870379447937012 6
2 -1 4 969.36 565.48 -1 86 0.010786056518554688 6
random:7T:300
0 -1 0 141.56 0.0 -3 99 0.021744966506958008 7
0 -1 1 143.0 0.0 -8 99 0.09154987335205078 7
0 -1 2 141.56 0.0 -3 99 0.021792888641357422 7
0 -1 3 142.04 0 -8 99 0.12299704551696777 7
0 -1 4 113.11 0.0 -10 99 0.00472712516784668 7
1 -1 0 115.43 0.0 -7 90 0.028681039810180664 7
1 -1 1 122.82 0.0 -5 90 0.09046673774719238 7
1 -1 2 115.48 0.0 -7 90 0.030269861221313477 7
1 -1 3 122.82 0.0 -5 90 0.12105393409729004 7
1 -1 4 121.68 0.0 -7 90 0.004786968231201172 7
2 -1 0 139.81 0 -1 89 0.027182817459106445 7
2 -1 1 140.34 0 -1 89 0.10658001899719238 7
2 -1 2 139.79 0 -1 89 0.03042006492614746 7
2 -1 3 139.31 0 -1 89 0.14060425758361816 7
2 -1 4 131.9 0.0 -6 89 0.004898786544799805 7
random:7T:600
0 -1 0 389.48 89.42 -1 99 0.1264350414276123 7
0 -1 1 390.87 0.0 -5 99 0.22105002403259277 7
0 -1 2 389.58 89.42 -1 99 0.16910910606384277 7
0 -1 3 392.57 0.0 -5 99 0.2957038879394531 7
0 -1 4 346.08 121.3 -1 99 0.0068318843841552734 7
1 -1 0 312.61 191.71 -1 90 0.08841490745544434 7
1 -1 1 327.92 121.78 -1 90 0.19582700729370117 7
1 -1 2 315.76 191.71 -1 90 0.13188385963439941 7
1 -1 3 329.9 121.78 -1 90 0.2686483860015869 7
1 -1 4 325.94 91.29 -1 90 0.0063402652740478516 7
2 -1 0 345.36 217.38 -1 89 0.11576008796691895 7
2 -1 1 354.41 3.7399999999999998 -1 89 0.21285510063171387 7
2 -1 2 346.45 217.38 -1 89 0.14545702934265137 7
2 -1 3 350.62 28.27 -1 89 0.2701261043548584 7
2 -1 4 340.33 126.0 -1 89 0.006767988204956055 7
random:7T:900
0 -1 0 639.21 241.96999999999997 -1 99 0.24819302558898926 7
0 -1 1 643.27 0.0 -5 99 0.35507798194885254 7
0 -1 2 647.71 264.28999999999996 -1 99 0.3057980537414551 7
0 -1 3 652.04 0 -1 99 0.4283261299133301 7
0 -1 4 572.29 228.88 -1 99 0.00790715217590332 7
1 -1 0 513.9 330.68 -1 90 0.18919801712036133 7
1 -1 1 534.73 281.18 -1 90 0.2972438335418701 7
1 -1 2 521.56 330.68 -1 90 0.2570970058441162 7
1 -1 3 531.29 265.77 -1 90 0.388293981552124 7
1 -1 4 513.54 290.12000000000006 -1 90 0.0074329376220703125 7
2 -1 0 553.97 344.76 -1 89 0.2142949104309082 7
2 -1 1 561.95 159.92 -1 89 0.30970120429992676 7
2 -1 2 561.33 344.76 -1 89 0.3005843162536621 7
2 -1 3 561.53 174.99 -1 89 0.41695308685302734 7
2 -1 4 542.95 344.13 -1 89 0.007684230804443359 7
random:7T:1200
0 -1 0 879.89 313.75 -2 99 0.3585069179534912 7
0 -1 1 883.33 0.0 -4 99 0.4586310386657715 7
0 -1 2 900.09 381.81 -1 99 0.4553658962249756 7
0 -1 3 909.11 240.31 -1 99 0.5919768810272217 7
0 -1 4 784.96 342.76 -1 99 0.009872198104858398 7
1 -1 0 715.78 406.91 -1 90 0.3360118865966797 7
1 -1 1 739.37 357.36 -1 90 0.4106912612915039 7
1 -1 2 720.57 428.06 -1 90 0.43250083923339844 7
1 -1 3 746.2 169.91 -1 90 0.6062252521514893 7
1 -1 4 719.38 421.23 -1 90 0.009113073348999023 7
2 -1 0 767.59 463.8 -1 89 0.3265109062194824 7
2 -1 1 768.55 309.99 -1 89 0.431581974029541 7
2 -1 2 769.26 478.31 -1 89 0.4487760066986084 7
2 -1 3 772.19 256.66 -1 89 0.5695979595184326 7
2 -1 4 744.72 415.59 -1 89 0.009589910507202148 7
random:7T:1500
0 -1 0 1129.55 329.96 -2 99 0.484774112701416 7
0 -1 1 1126.31 0.0 -4 99 0.604881763458252 7
0 -1 2 1158.42 449.31 -1 99 0.6134359836578369 7
0 -1 3 1173.27 404.48 -1 99 0.741509199142456 7
0 -1 4 1023.48 490.16999999999996 -1 99 0.014140129089355469 7
1 -1 0 912.91 563.52 -1 90 0.4204552173614502 7
1 -1 1 945.66 493.54999999999995 -1 90 0.5349819660186768 7
1 -1 2 929.3 646.44 -1 90 0.554893970489502 7
1 -1 3 956.53 548.65 -1 90 0.6936471462249756 7
1 -1 4 918.52 538.72 -1 90 0.010193109512329102 7
2 -1 0 979.77 602.6999999999999 -1 89 0.4344930648803711 7
2 -1 1 980.63 415.39 -1 89 0.5420417785644531 7
2 -1 2 980.99 623.9200000000001 -1 89 0.579899787902832 7
2 -1 3 982.0 371.03999999999996 -1 89 0.7388241291046143 7
2 -1 4 959.74 568.73 -1 89 0.014036417007446289 7
random:8T:300
0 -1 0 203.28 134.58 -1 50 0.040148019790649414 8
0 -1 1 203.82 131.43 -1 50 0.059999942779541016 8
0 -1 2 203.27 134.58 -1 50 0.04999804496765137 8
0 -1 3 204.61 133.41 -1 50 0.07855415344238281 8
0 -1 4 188.14 52.71 -1 50 0.0029458999633789062 8
1 -1 0 120.37 0.0 -10 124 0.026316165924072266 8
1 -1 1 134.57 0 -18 124 0.10721707344055176 8
1 -1 2 120.36 0.0 -10 124 0.02474808692932129 8
1 -1 3 142.79 0 -18 124 0.1784038543701172 8
1 -1 4 121.64 0.0 -14 124 0.005909919738769531 8
2 -1 0 106.32 0.0 -6 102 0.022754192352294922 8
2 -1 1 107.47 0 -6 102 0.09585213661193848 8
2 -1 2 106.32 0.0 -6 102 0.022485017776489258 8
2 -1 3 107.11 0 -12 102 0.13886523246765137 8
2 -1 4 107.39 0.0 -9 102 0.005380153656005859 8
random:8T:600
0 -1 0 454.71 334.84000000000003 -1 50 0.10346102714538574 8
0 -1 1 457.56 283.03000000000003 -1 50 0.1242833137512207 8
0 -1 2 455.52 290.83 -1 50 0.1300830841064453 8
0 -1 3 462.82 335.60999999999996 -1 50 0.16519808769226074 8
0 -1 4 434.08 255.82000000000002 -1 50 0.004311084747314453 8
1 -1 0 328.09 159.29 -1 124 0.09898495674133301 8
1 -1 1 347.95 0.0 -7 124 0.23803496360778809 8
1 -1 2 328.16 159.29 -1 124 0.13621306419372559 8
1 -1 3 353.26 0.0 -2 124 0.347271203994751 8
1 -1 4 322.55 61.12 -1 124 0.007305145263671875 8
2 -1 0 299.84 164.92 -2 102 0.11485791206359863 8
2 -1 1 304.82 152.67 -2 102 0.2205638885498047 8
2 -1 2 299.89 164.92 -2 102 0.14028620719909668 8
2 -1 3 303.55 148.07 -2 102 0.3272287845611572 8
2 -1 4 300.55 53.5 -1 102 0.006478786468505859 8
random:8T:900
0 -1 0 711.14 516.23 -1 50 0.20308613777160645 8
0 -1 1 713.77 421.96000000000004 -1 50 0.2070009708404541 8
0 -1 2 717.73 513.52 -1 50 0.23667192459106445 8
0 -1 3 715.8 446.83000000000004 -1 50 0.2712981700897217 8
0 -1 4 679.61 419.82 -1 50 0.006866931915283203 8
1 -1 0 550.09 253.39 -1 124 0.2667100429534912 8
1 -1 1 565.83 0.0 -1 124 0.38007307052612305 8
1 -1 2 542.58 288.36 -2 124 0.2957010269165039 8
1 -1 3 575.18 272.87 -2 124 0.5458080768585205 8
1 -1 4 503.78 175.03 -1 124 0.009739160537719727 8
2 -1 0 495.98 319.80999999999995 -2 102 0.23739409446716309 8
2 -1 1 503.69 314.29 -2 102 0.3436410427093506 8
2 -1 2 499.56 317.27 -2 102 0.32268309593200684 8
2 -1 3 499.84 339.44 -2 102 0.45656585693359375 8
2 -1 4 477.61 298.79 -1 102 0.008446216583251953 8
random:8T:1200
0 -1 0 967.38 723.76 -2 50 0.2380819320678711 8
0 -1 1 966.93 635.8 -1 50 0.2590749263763428 8
0 -1 2 979.36 580.88 -1 50 0.3144679069519043 8
0 -1 3 981.76 639.51 -1 50 0.3386979103088379 8
0 -1 4 924.83 582.7700000000001 -1 50 0.007905006408691406 8
1 -1 0 758.78 307.85 -1 124 0.3791487216949463 8
1 -1 1 781.81 256.12 -1 124 0.5061478614807129 8
1 -1 2 763.29 316.04 -2 124 0.4659719467163086 8
1 -1 3 794.63 348.84 -1 124 0.7033910751342773 8
1 -1 4 716.67 291.91999999999996 -1 124 0.010888814926147461 8
2 -1 0 690.41 455.96999999999997 -2 102 0.345257043838501 8
2 -1 1 691.24 466.26 -2 102 0.44783902168273926 8
2 -1 2 694.76 429.31 -1 102 0.46662282943725586 8
2 -1 3 695.8 478.18 -1 102 0.6294999122619629 8
2 -1 4 679.45 522.23 -1 102 0.010028839111328125 8
random:8T:1500
0 -1 0 1224.2 904.97 -1 50 0.3005681037902832 8
0 -1 1 1220.01 753.0799999999999 -1 50 0.32709598541259766 8
0 -1 2 1241.84 846.3 -1 50 0.4063761234283447 8
0 -1 3 1244.05 878.4300000000001 -1 50 0.4485151767730713 8
0 -1 4 1169.67 744.7600000000001 -1 50 0.009936094284057617 8
1 -1 0 969.98 331.21 -2 124 0.5063948631286621 8
1 -1 1 991.85 384.17 -1 124 0.6265900135040283 8
1 -1 2 987.59 439.33 -2 124 0.6728293895721436 8
1 -1 3 1022.78 449.25 -2 124 0.9242210388183594 8
1 -1 4 893.43 366.38 -1 124 0.01332998275756836 8
2 -1 0 886.07 605.42 -1 102 0.4592311382293701 8
2 -1 1 881.35 589.0 -1 102 0.5582537651062012 8
2 -1 2 892.12 630.75 -2 102 0.6347548961639404 8
2 -1 3 892.42 603.16 -2 102 0.7682702541351318 8
2 -1 4 855.57 755.86 -1 102 0.011587142944335938 8
random:9T:300
0 -1 0 165.5 0.0 -4 118 0.029967308044433594 9
0 -1 1 171.72 0.0 -14 118 0.12419939041137695 9
0 -1 2 165.5 0.0 -4 118 0.028625965118408203 9
0 -1 3 174.37 0.0 -14 118 0.1726369857788086 9
0 -1 4 128.62 0.0 -12 118 0.006056785583496094 9
1 -1 0 137.58 9.36 -1 91 0.02285313606262207 9
1 -1 1 138.01 0.0 -12 91 0.08668208122253418 9
1 -1 2 137.58 9.36 -1 91 0.02371501922607422 9
1 -1 3 140.31 0.0 -9 91 0.1219472885131836 9
1 -1 4 121.78 0.0 -7 91 0.00480198860168457 9
2 -1 0 173.71 93.48 -1 73 0.0373690128326416 9
2 -1 1 177.46 15.86 -1 73 0.09194231033325195 9
2 -1 2 173.9 93.48 -1 73 0.048664093017578125 9
2 -1 3 179.7 0 -1 73 0.13095903396606445 9
2 -1 4 156.01 0.0 -3 73 0.004675149917602539 9
random:9T:600
0 -1 0 402.39 167.34 -1 118 0.13889598846435547 9
0 -1 1 407.23 0.0 -10 118 0.26776719093322754 9
0 -1 2 403.52 164.27 -1 118 0.20353078842163086 9
0 -1 3 414.82 0 -6 118 0.4051780700683594 9
0 -1 4 349.89 98.93 -1 118 0.00855398178100586 9
1 -1 0 360.59 207.6 -2 91 0.12193608283996582 9
1 -1 1 352.58 0 -2 91 0.18402409553527832 9
1 -1 2 360.42 207.6 -2 91 0.15866374969482422 9
1 -1 3 354.89 0 -5 91 0.26053500175476074 9
1 -1 4 331.37 117.94 -1 91 0.0064771175384521484 9
2 -1 0 393.98 218.57 -2 73 0.11993098258972168 9
2 -1 1 399.96 197.71 -1 73 0.19913220405578613 9
2 -1 2 398.19 218.57 -2 73 0.18228507041931152 9
2 -1 3 403.47 150.79 -1 73 0.2640659809112549 9
2 -1 4 374.63 214.58 -1 73 0.005921125411987305 9
random:9T:900
0 -1 0 651.18 247.97 -1 118 0.288161039352417 9
0 -1 1 646.19 0.0 -7 118 0.43091773986816406 9
0 -1 2 652.11 247.97 -1 118 0.372067928314209 9
0 -1 3 649.08 0 -4 118 0.4893350601196289 9
0 -1 4 545.2 177.36 -1 118 0.010700225830078125 9
1 -1 0 576.41 271.74 -2 91 0.2239820957183838 9
1 -1 1 570.01 0 -1 91 0.2912580966949463 9
1 -1 2 579.47 271.74 -2 91 0.2914860248565674 9
1 -1 3 580.33 188.88 -1 91 0.44060587882995605 9
1 -1 4 538.35 323.79 -1 91 0.00850367546081543 9
2 -1 0 612.43 279.38 -1 73 0.21836400032043457 9
2 -1 1 622.24 336.3 -1 73 0.26409292221069336 9
2 -1 2 617.52 313.77 -2 73 0.289182186126709 9
2 -1 3 626.61 257.83 -2 73 0.37518787384033203 9
2 -1 4 597.69 380.55 -1 73 0.008563041687011719 9
random:9T:1200
0 -1 0 890.64 294.8 -1 118 0.4292888641357422 9
0 -1 1 888.71 0 -5 118 0.5853478908538818 9
0 -1 2 891.03 294.8 -1 118 0.5556390285491943 9
0 -1 3 897.24 0 -3 118 0.731130838394165 9
0 -1 4 773.93 324.98 -1 118 0.012520074844360352 9
1 -1 0 790.46 309.4 -1 91 0.3317570686340332 9
1 -1 1 788.42 0 -1 91 0.42479372024536133 9
1 -1 2 794.77 306.92 -1 91 0.43452906608581543 9
1 -1 3 796.63 279.39 -2 91 0.529083251953125 9
1 -1 4 742.01 421.21000000000004 -1 91 0.010122299194335938 9
2 -1 0 833.04 434.29 -1 73 0.2993621826171875 9
2 -1 1 839.63 419.7 -1 73 0.34735918045043945 9
2 -1 2 843.48 434.28999999999996 -1 73 0.4109609127044678 9
2 -1 3 846.08 362.49 -1 73 0.47478771209716797 9
2 -1 4 821.87 527.2 -1 73 0.009314775466918945 9
random:9T:1500
0 -1 0 1131.05 319.57 -1 118 0.5638797283172607 9
0 -1 1 1128.3 0 -5 118 0.7162628173828125 9
0 -1 2 1131.41 327.26 -1 118 0.7475728988647461 9
0 -1 3 1136.05 0 -5 118 0.9337742328643799 9
0 -1 4 992.82 418.66999999999996 -1 118 0.015594005584716797 9
1 -1 0 1011.28 344.04999999999995 -1 91 0.4340689182281494 9
1 -1 1 1005.79 150.92999999999998 -1 91 0.5112588405609131 9
1 -1 2 1012.1 326.21 -1 91 0.5918340682983398 9
1 -1 3 1015.72 351.82000000000005 -1 91 0.6915218830108643 9
1 -1 4 957.1 555.5 -1 91 0.01205587387084961 9
2 -1 0 1052.8 524.97 -1 73 0.37993693351745605 9
2 -1 1 1056.43 456.46000000000004 -1 73 0.4219660758972168 9
2 -1 2 1065.25 555.89 -1 73 0.5114529132843018 9
2 -1 3 1061.22 489.8 -2 73 0.5781009197235107 9
2 -1 4 1044.06 665.86 -1 73 0.011374950408935547 9
