random:0T:300
0 -1 0 105.8 0.0 -6 95 379.76 5 0.026482343673706055 0
0 -1 1 115.34 0 -5 95 666.21 5 0.1273200511932373 0
0 -1 2 105.8 0.0 -6 95 379.76 5 0.02637791633605957 0
0 -1 3 112.27 0 -4 95 619.31 5 0.15629100799560547 0
0 -1 4 95.53 0.0 -12 95 39.73 5 0.005376100540161133 0
0 -1 5 105.8 0.0 -6 95 379.76 5 0.11205625534057617 0
1 -1 0 101.53 0.0 -14 122 185.6 2 0.04066014289855957 0
1 -1 1 108.24 0 -24 122 325.80999999999995 2 0.19965195655822754 0
1 -1 2 101.53 0.0 -14 122 185.6 2 0.041059017181396484 0
1 -1 3 105.86 0 -21 122 199.99 2 0.23353290557861328 0
1 -1 4 91.36 0.0 -18 122 0.0 2 0.0070950984954833984 0
1 -1 5 101.53 0.0 -14 122 185.6 2 0.1841130256652832 0
2 -1 0 111.44 0.0 -11 113 290.93 3 0.03709578514099121 0
2 -1 1 112.9 0 -14 113 389.10999999999996 3 0.18918299674987793 0
2 -1 2 111.44 0.0 -11 113 290.93 3 0.04160904884338379 0
random:0T:300
0 -1 0 105.8 0.0 -6 95 379.76 5 0.024906158447265625 0
0 -1 1 115.34 0 -5 95 666.21 5 0.12011599540710449 0
0 -1 2 105.8 0.0 -6 95 379.76 5 0.025229930877685547 0
0 -1 3 112.27 0 -4 95 619.31 5 0.14619207382202148 0
0 -1 4 95.53 0.0 -12 95 39.73 5 0.005372047424316406 0
0 -1 5 105.8 0.0 -6 95 379.76 5 0.08926105499267578 0
1 -1 0 101.53 0.0 -14 122 185.6 2 0.03386998176574707 0
1 -1 1 108.24 0 -24 122 325.80999999999995 2 0.16707301139831543 0
1 -1 2 101.53 0.0 -14 122 185.6 2 0.03485393524169922 0
1 -1 3 105.86 0 -21 122 199.99 2 0.21521425247192383 0
1 -1 4 91.36 0.0 -18 122 0.0 2 0.006679058074951172 0
1 -1 5 101.53 0.0 -14 122 185.6 2 0.15487289428710938 0
2 -1 0 111.44 0.0 -11 113 290.93 3 0.031929969787597656 0
2 -1 1 112.9 0 -14 113 389.10999999999996 3 0.15512585639953613 0
2 -1 2 111.44 0.0 -11 113 290.93 3 0.0324397087097168 0
2 -1 3 116.87 0 -13 113 257.02 3 0.19625401496887207 0
2 -1 4 98.39 0.0 -13 113 137.63 3 0.006391048431396484 0
2 -1 5 111.44 0.0 -11 113 290.93 3 0.13306117057800293 0
random:0T:600
0 -1 0 331.24 189.88 -2 95 1444.0 5 0.1396949291229248 0
0 -1 1 341.54 17.25 -1 95 1667.5900000000001 5 0.2531411647796631 0
0 -1 2 337.29 189.88 -2 95 1334.6599999999999 5 0.15460705757141113 0
0 -1 3 341.98 158.51 -1 95 1445.72 5 0.29878973960876465 0
0 -1 4 313.52 122.7 -1 95 672.09 5 0.007421970367431641 0
0 -1 5 324.5 202.23 -1 95 1411.4499999999998 5 1.1877107620239258 0
1 -1 0 316.3 171.49 -1 122 553.2 2 0.15098977088928223 0
1 -1 1 314.23 0 -2 122 748.22 2 0.3507540225982666 0
1 -1 2 316.29 171.49 -1 122 533.88 2 0.16798019409179688 0
1 -1 3 319.27 0 -1 122 520.3 2 0.4203159809112549 0
1 -1 4 290.21 69.19 -1 122 294.95 2 0.008743762969970703 0
1 -1 5 308.78 171.49 -1 122 550.3299999999999 2 1.7772328853607178 0
2 -1 0 322.36 164.03 -1 113 803.97 3 0.13332104682922363 0
2 -1 1 332.24 0 -1 113 922.5 3 0.3162062168121338 0
2 -1 2 328.09 164.03 -1 113 701.76 3 0.15815186500549316 0
2 -1 3 340.11 40.98 -1 113 690.12 3 0.3879258632659912 0
2 -1 4 307.5 117.74 -1 113 496.06 3 0.008815288543701172 0
2 -1 5 315.49 164.03 -1 113 802.1500000000001 3 1.169281005859375 0
random:0T:900
0 -1 0 555.48 239.47 -1 95 2443.5099999999998 5 0.284329891204834 0
0 -1 1 566.4 235.0 -1 95 2764.17 5 0.3874680995941162 0
0 -1 2 568.54 241.52 -2 95 2267.77 5 0.302642822265625 0
0 -1 3 573.57 236.17 -1 95 2364.32 5 0.44637107849121094 0
0 -1 4 542.94 257.40999999999997 -1 95 1371.62 5 0.009646177291870117 0
0 -1 5 493.44 336.46000000000004 -1 95 2279.14 5 2.244809865951538 0
1 -1 0 534.69 244.63 -1 122 981.38 2 0.328049898147583 0
1 -1 1 532.79 0 -1 122 1170.9499999999998 2 0.519582986831665 0
1 -1 2 535.98 244.63 -1 122 862.96 2 0.3713970184326172 0
1 -1 3 539.63 215.39 -1 122 852.14 2 0.6176600456237793 0
1 -1 4 485.51 199.13 -1 122 438.44 2 0.01041412353515625 0
1 -1 5 475.06 337.9 -1 122 945.6599999999999 2 3.786731004714966 0
2 -1 0 542.67 244.45 -2 113 1391.27 3 0.3283970355987549 0
2 -1 1 550.1 159.73 -1 113 1486.77 3 0.5728399753570557 0
2 -1 2 554.36 244.45 -2 113 1187.8600000000001 3 0.3882749080657959 0
2 -1 3 565.15 244.45 -2 113 1165.27 3 0.6247570514678955 0
2 -1 4 514.77 280.81 -1 113 892.59 3 0.01066899299621582 0
2 -1 5 478.14 328.66 -1 113 1335.0100000000002 3 3.130234718322754 0
random:0T:1200
0 -1 0 783.44 267.09 -1 95 3475.11 5 0.4864978790283203 0
0 -1 1 787.44 264.94 -2 95 3841.3 5 0.5617122650146484 0
0 -1 2 796.86 267.79 -1 95 3318.7499999999995 5 0.4629528522491455 0
0 -1 3 804.6 265.6 -1 95 3402.16 5 0.6137070655822754 0
0 -1 4 769.82 376.98999999999995 -1 95 2007.07 5 0.011909961700439453 0
0 -1 5 653.1 440.45000000000005 -1 95 3007.96 5 3.532109022140503 0
1 -1 0 755.79 269.5 -1 122 1378.84 2 0.5305860042572021 0
1 -1 1 752.44 0 -1 122 1584.19 2 0.7374718189239502 0
1 -1 2 757.74 269.5 -1 122 1263.02 2 0.600653886795044 0
1 -1 3 761.07 267.59 -1 122 1250.91 2 0.8286700248718262 0
1 -1 4 704.15 343.75 -1 122 696.4300000000001 2 0.012611150741577148 0
1 -1 5 611.2 438.71999999999997 -1 122 1187.8899999999999 2 5.1719889640808105 0
2 -1 0 761.22 269.39 -2 113 2003.03 3 0.46339917182922363 0
2 -1 1 773.46 269.39 -2 113 2125.37 3 0.6501078605651855 0
2 -1 2 781.04 269.39 -2 113 1746.2799999999997 3 0.5352389812469482 0
2 -1 3 785.81 270.28 -1 113 1740.23 3 0.7859549522399902 0
2 -1 4 725.69 358.59000000000003 -1 113 1128.95 3 0.013107061386108398 0
2 -1 5 623.24 441.12 -1 113 1715.82 3 4.295691967010498 0
random:0T:1500
0 -1 0 1006.68 388.13 -1 95 4535.570000000001 5 0.5363330841064453 0
0 -1 1 1014.15 280.63 -1 95 4886.93 5 0.6381187438964844 0
0 -1 2 1021.35 282.2 -1 95 4402.3099999999995 5 0.6055521965026855 0
0 -1 3 1037.32 454.59 -1 95 4429.11 5 0.7372639179229736 0
0 -1 4 991.75 501.47999999999996 -1 95 2612.93 5 0.012755870819091797 0
0 -1 5 813.82 625.11 -1 95 3550.0899999999997 5 4.579814910888672 0
1 -1 0 975.26 283.13 -1 122 1805.4099999999999 2 0.7279307842254639 0
1 -1 1 974.48 0 -1 122 2007.25 2 0.9240109920501709 0
1 -1 2 977.67 283.13 -1 122 1620.87 2 0.8330261707305908 0
1 -1 3 981.08 283.13 -1 122 1664.99 2 1.0952041149139404 0
1 -1 4 902.25 438.88 -1 122 906.24 2 0.016237974166870117 0
1 -1 5 734.13 524.02 -1 122 1424.31 2 6.50978422164917 0
2 -1 0 981.77 283.56 -2 113 2579.72 3 0.6175410747528076 0
2 -1 1 993.29 283.08 -1 113 2764.8 3 0.8057999610900879 0
2 -1 2 1003.77 415.31 -1 113 2398.21 3 0.7225179672241211 0
2 -1 3 1009.66 315.23 -1 113 2319.04 3 0.9757049083709717 0
2 -1 4 948.12 507.9200000000001 -1 113 1550.9500000000003 3 0.014948129653930664 0
2 -1 5 768.82 501.90999999999997 -1 113 2115.39 3 5.447094202041626 0
random:1T:300
0 -1 0 147.33 56.0 -1 64 490.04 4 0.030742883682250977 1
0 -1 1 150.67 0 -2 64 648.74 4 0.07625389099121094 1
0 -1 2 147.53 56.0 -1 64 483.88000000000005 4 0.03313899040222168 1
0 -1 3 155.81 0.0 -3 64 474.19000000000005 4 0.09799885749816895 1
0 -1 4 138.71 18.43 -1 64 417.21000000000004 4 0.0040149688720703125 1
0 -1 5 146.45 56.0 -1 64 524.11 4 0.19452786445617676 1
1 -1 0 90.95 0.0 -23 152 90.75 2 0.03689694404602051 1
1 -1 1 95.84 0 -26 152 243.36 2 0.1955270767211914 1
1 -1 2 90.95 0.0 -23 152 90.75 2 0.03997516632080078 1
1 -1 3 100.21 0 -22 152 93.8 2 0.2700679302215576 1
1 -1 4 88.3 0.0 -23 152 55.29 2 0.008231878280639648 1
1 -1 5 90.95 0.0 -23 152 90.75 2 0.2110300064086914 1
2 -1 0 98.42 0.0 -8 111 0.0 1 0.0275571346282959 1
2 -1 1 104.03 0.0 -10 111 114.41 1 0.13437223434448242 1
2 -1 2 98.42 0.0 -8 111 0.0 1 0.0301361083984375 1
2 -1 3 102.13 0 -9 111 27.39 1 0.17068696022033691 1
2 -1 4 91.98 0.0 -13 111 0.0 1 0.006098031997680664 1
2 -1 5 98.42 0.0 -8 111 0.0 1 0.11807489395141602 1
random:1T:600
0 -1 0 395.02 256.25 -1 64 1500.02 4 0.1210334300994873 1
0 -1 1 393.57 171.86 -1 64 1647.18 4 0.17459988594055176 1
0 -1 2 400.49 256.25 -1 64 1469.3700000000001 4 0.13231492042541504 1
0 -1 3 409.56 210.83 -1 64 1420.5700000000002 4 0.19351506233215332 1
0 -1 4 382.31 261.58 -1 64 1065.3399999999997 4 0.00584101676940918 1
0 -1 5 361.38 265.3 -2 64 1492.65 4 0.8860328197479248 1
1 -1 0 279.6 102.23 -1 152 396.05 2 0.12260103225708008 1
1 -1 1 294.3 0 -3 152 620.1100000000001 2 0.3994758129119873 1
1 -1 2 280.82 102.23 -1 152 305.04 2 0.14117813110351562 1
1 -1 3 291.23 0 -10 152 519.49 2 0.5020148754119873 1
1 -1 4 269.67 0.0 -1 152 309.66999999999996 2 0.009096860885620117 1
1 -1 5 277.72 102.23 -1 152 403.30999999999995 2 1.5760679244995117 1
2 -1 0 318.26 174.15 -2 111 206.85999999999999 1 0.16080474853515625 1
2 -1 1 321.19 0 -2 111 308.76 1 0.2888929843902588 1
2 -1 2 319.57 174.15 -2 111 199.88 1 0.16382122039794922 1
2 -1 3 323.81 0 -1 111 212.67000000000002 1 0.35210299491882324 1
2 -1 4 302.2 83.28 -1 111 83.28 1 0.007027864456176758 1
2 -1 5 298.8 211.04999999999998 -2 111 242.93 1 2.1148629188537598 1
random:1T:900
0 -1 0 642.74 366.08 -1 64 2490.25 4 0.22682905197143555 1
0 -1 1 640.43 274.21000000000004 -1 64 2605.8700000000003 4 0.2706160545349121 1
0 -1 2 654.12 425.43 -1 64 2372.6400000000003 4 0.22565293312072754 1
0 -1 3 663.46 361.76 -1 64 2362.5 4 0.2930769920349121 1
0 -1 4 624.32 421.85999999999996 -1 64 1703.36 4 0.007832050323486328 1
0 -1 5 554.47 413.94 -1 64 2234.26 4 1.4851250648498535 1
1 -1 0 474.34 241.77 -2 152 822.8 2 0.3469419479370117 1
1 -1 1 503.75 0 -2 152 989.11 2 0.6270511150360107 1
1 -1 2 492.02 234.09 -2 152 633.99 2 0.39806699752807617 1
1 -1 3 500.05 0 -7 152 873.8100000000002 2 0.75850510597229 1
1 -1 4 458.69 186.77 -1 152 406.89 2 0.011665105819702148 1
1 -1 5 446.61 286.46 -1 152 797.54 2 5.049521207809448 1
2 -1 0 544.3 233.42 -1 111 435.51 1 0.3164830207824707 1
2 -1 1 548.98 0 -1 111 487.24 1 0.4594459533691406 1
2 -1 2 545.99 230.84 -1 111 404.51 1 0.35443687438964844 1
2 -1 3 551.42 0 -1 111 393.19 1 0.5393869876861572 1
2 -1 4 507.37 173.66 -1 111 173.66 1 0.009429931640625 1
2 -1 5 463.06 365.81 -2 111 452.0899999999999 1 4.186357021331787 1
random:1T:1200
0 -1 0 888.71 554.15 -1 64 3470.62 4 0.33108997344970703 1
0 -1 1 888.04 484.76 -1 64 3593.33 4 0.3663301467895508 1
0 -1 2 905.75 611.3199999999999 -1 64 3354.3799999999997 4 0.33533477783203125 1
0 -1 3 916.43 573.25 -1 64 3318.24 4 0.40289902687072754 1
0 -1 4 865.31 579.9 -1 64 2337.17 4 0.010272979736328125 1
0 -1 5 731.73 574.28 -1 64 2805.6200000000003 4 2.012523651123047 1
1 -1 0 686.44 267.93 -2 152 1206.37 2 0.5925929546356201 1
1 -1 1 711.47 0 -2 152 1364.16 2 0.874650239944458 1
1 -1 2 702.88 263.71 -1 152 1019.86 2 0.6758410930633545 1
1 -1 3 711.68 0 -3 152 1214.3300000000002 2 1.0781400203704834 1
1 -1 4 658.32 322.94000000000005 -1 152 675.7 2 0.013478279113769531 1
1 -1 5 588.7 420.84 -1 152 1106.21 2 7.988996982574463 1
2 -1 0 772.48 263.35 -1 111 633.32 1 0.4325523376464844 1
2 -1 1 776.87 200.32 -1 111 693.28 1 0.5673990249633789 1
2 -1 2 775.25 261.93 -1 111 568.54 1 0.48504114151000977 1
2 -1 3 778.6 170.48 -1 111 566.13 1 0.670360803604126 1
2 -1 4 720.31 313.89000000000004 -1 111 313.89000000000004 1 0.01096200942993164 1
2 -1 5 614.99 479.14 -1 111 581.52 1 5.861303091049194 1
random:1T:1500
0 -1 0 1136.79 711.4200000000001 -1 64 4449.61 4 0.4024357795715332 1
0 -1 1 1135.07 600.24 -1 64 4608.1900000000005 4 0.44094204902648926 1
0 -1 2 1155.18 817.0 -1 64 4306.41 4 0.42668819427490234 1
0 -1 3 1165.13 689.24 -1 64 4268.98 4 0.4753873348236084 1
0 -1 4 1108.06 745.7299999999999 -1 64 3024.8899999999994 4 0.011635065078735352 1
0 -1 5 915.62 727.51 -1 64 3207.45 4 2.516998767852783 1
1 -1 0 895.35 282.27 -1 152 1571.28 2 0.7622427940368652 1
1 -1 1 920.19 0 -2 152 1765.0900000000001 2 1.025928258895874 1
1 -1 2 912.44 279.96 -1 152 1364.27 2 0.877694845199585 1
1 -1 3 921.31 0 -2 152 1539.69 2 1.2610948085784912 1
1 -1 4 851.86 375.62 -1 152 757.87 2 0.015887975692749023 1
1 -1 5 722.1 472.90999999999997 -1 152 1230.66 2 10.534093141555786 1
2 -1 0 996.78 279.76 -1 111 841.4100000000001 1 0.589961051940918 1
2 -1 1 999.8 335.4 -1 111 903.1800000000001 1 0.7266278266906738 1
2 -1 2 1000.34 387.65999999999997 -1 111 784.9200000000001 1 0.6549551486968994 1
2 -1 3 1007.93 319.04 -1 111 744.2099999999999 1 0.8563880920410156 1
2 -1 4 939.06 384.19000000000005 -1 111 384.19000000000005 1 0.01235198974609375 1
2 -1 5 763.89 608.44 -1 111 734.77 1 7.753147125244141 1
random:2T:300
0 -1 0 164.24 70.44 -1 68 159.26000000000002 1 0.0402369499206543 2
0 -1 1 168.44 39.68 -1 68 158.97 1 0.08990001678466797 2
0 -1 2 164.3 70.44 -1 68 157.71 1 0.04159712791442871 2
0 -1 3 169.05 82.67 -1 68 142.42 1 0.11580967903137207 2
0 -1 4 156.0 25.67 -1 68 112.85 1 0.004277944564819336 2
0 -1 5 163.59 70.44 -1 68 157.71 1 0.20397210121154785 2
1 -1 0 138.38 0.0 -4 102 77.49 1 0.027337074279785156 2
1 -1 1 135.9 0.0 -4 102 53.18 1 0.13748908042907715 2
1 -1 2 138.38 0.0 -4 102 77.49 1 0.027925968170166016 2
1 -1 3 138.52 0.0 -4 102 34.8 1 0.16671204566955566 2
1 -1 4 133.51 0.0 -8 102 0.0 1 0.005756855010986328 2
1 -1 5 138.38 0.0 -4 102 77.49 1 0.0900270938873291 2
2 -1 0 126.58 8.94 -1 91 338.52 3 0.02616095542907715 2
2 -1 1 127.07 0.0 -3 91 351.47 3 0.10457801818847656 2
2 -1 2 126.58 8.94 -1 91 338.52 3 0.026845216751098633 2
2 -1 3 125.23 4.23 -1 91 337.44 3 0.1365060806274414 2
2 -1 4 114.01 0.0 -8 91 109.68 3 0.004890918731689453 2
2 -1 5 126.58 8.94 -1 91 338.52 3 0.07206416130065918 2
random:2T:600
0 -1 0 415.39 201.23 -1 68 391.81000000000006 1 0.13604998588562012 2
0 -1 1 420.94 247.29 -1 68 387.84000000000003 1 0.18446588516235352 2
0 -1 2 415.46 212.66 -1 68 370.31999999999994 1 0.14262127876281738 2
0 -1 3 423.47 283.31 -1 68 379.51 1 0.21015334129333496 2
0 -1 4 402.66 273.19 -1 68 273.19 1 0.006675004959106445 2
0 -1 5 373.34 289.15999999999997 -2 68 391.96 1 0.5180459022521973 2
1 -1 0 370.82 194.07 -1 102 282.14 1 0.15969300270080566 2
1 -1 1 369.09 155.83 -1 102 276.01 1 0.2804141044616699 2
1 -1 2 370.95 172.38 -1 102 172.38 1 0.1758890151977539 2
1 -1 3 370.38 85.34 -1 102 162.89 1 0.3378739356994629 2
1 -1 4 359.95 148.31 -1 102 148.31 1 0.008800029754638672 2
1 -1 5 344.71 227.53 -1 102 302.78999999999996 1 1.0765531063079834 2
2 -1 0 362.53 188.8 -2 91 992.03 3 0.15090703964233398 2
2 -1 1 362.06 188.8 -2 91 1017.1499999999999 3 0.21950697898864746 2
2 -1 2 365.58 188.8 -1 91 941.8599999999999 3 0.15988802909851074 2
2 -1 3 364.25 188.8 -1 91 938.4300000000001 3 0.2648587226867676 2
2 -1 4 334.46 127.39 -1 91 489.38 3 0.0067141056060791016 2
2 -1 5 343.82 244.24999999999997 -2 91 977.24 3 0.9934489727020264 2
random:2T:900
0 -1 0 667.4 349.79 -1 68 620.4200000000002 1 0.22188520431518555 2
0 -1 1 673.75 447.13 -1 68 623.85 1 0.26953864097595215 2
0 -1 2 670.48 432.73 -1 68 595.05 1 0.24609589576721191 2
0 -1 3 675.37 463.2 -1 68 577.79 1 0.3066871166229248 2
0 -1 4 648.18 431.56999999999994 -1 68 431.56999999999994 1 0.009153127670288086 2
0 -1 5 548.14 450.09999999999997 -2 68 575.28 1 0.9404311180114746 2
1 -1 0 607.81 264.07 -1 102 480.89 1 0.2989981174468994 2
1 -1 1 603.54 243.46 -1 102 482.78000000000003 1 0.4109230041503906 2
1 -1 2 609.13 247.98 -1 102 365.64000000000004 1 0.32363009452819824 2
1 -1 3 607.05 182.13 -1 102 315.49 1 0.4744138717651367 2
1 -1 4 591.2 295.12 -1 102 295.12 1 0.010665416717529297 2
1 -1 5 500.84 369.07 -1 102 498.79999999999995 1 1.6422288417816162 2
2 -1 0 598.2 263.68 -1 91 1613.23 3 0.2563760280609131 2
2 -1 1 597.43 240.94 -1 91 1630.9699999999998 3 0.3332810401916504 2
2 -1 2 606.4 248.16 -1 91 1518.28 3 0.28629302978515625 2
2 -1 3 605.03 245.38 -1 91 1512.81 3 0.38620781898498535 2
2 -1 4 563.19 259.46 -1 91 861.91 3 0.00883793830871582 2
2 -1 5 516.99 394.71999999999997 -2 91 1532.6399999999999 3 1.7026886940002441 2
random:2T:1200
0 -1 0 920.82 520.48 -1 68 858.4700000000001 1 0.3113679885864258 2
0 -1 1 926.44 555.21 -1 68 855.8599999999999 1 0.3639869689941406 2
0 -1 2 920.44 553.4300000000001 -1 68 829.3699999999999 1 0.34055590629577637 2
0 -1 3 927.97 634.11 -1 68 819.68 1 0.39934206008911133 2
0 -1 4 893.74 588.2699999999999 -1 68 588.2699999999999 1 0.010696172714233398 2
0 -1 5 722.3 606.1400000000001 -2 68 717.4399999999999 1 1.6500849723815918 2
1 -1 0 842.88 441.37 -1 102 676.2199999999999 1 0.44591498374938965 2
1 -1 1 840.57 389.40999999999997 -1 102 685.77 1 0.5601751804351807 2
1 -1 2 845.92 366.28 -1 102 565.16 1 0.49135899543762207 2
1 -1 3 841.78 235.21 -1 102 464.44000000000005 1 0.6394498348236084 2
1 -1 4 824.53 432.95 -1 102 432.95 1 0.012991905212402344 2
1 -1 5 642.66 509.7 -1 102 655.56 1 2.620958089828491 2
2 -1 0 827.19 388.72 -2 91 2315.25 3 0.36129021644592285 2
2 -1 1 824.73 379.53 -2 91 2325.3599999999997 3 0.44396209716796875 2
2 -1 2 844.13 469.32 -1 91 2089.54 3 0.41159915924072266 2
2 -1 3 842.78 467.97 -1 91 2087.0199999999995 3 0.533390998840332 2
2 -1 4 791.97 370.94 -1 91 1241.0 3 0.00988006591796875 2
2 -1 5 677.58 552.65 -2 91 1992.5699999999997 3 2.4775891304016113 2
random:2T:1500
0 -1 0 1173.08 614.1 -1 68 1086.3300000000002 1 0.4133899211883545 2
0 -1 1 1176.11 637.8 -1 68 1093.76 1 0.462512731552124 2
0 -1 2 1173.33 681.85 -1 68 1049.54 1 0.4294919967651367 2
0 -1 3 1182.97 814.06 -1 68 1025.82 1 0.5012941360473633 2
0 -1 4 1140.41 763.63 -1 68 763.63 1 0.01304769515991211 2
0 -1 5 925.06 755.8 -1 68 858.8199999999999 1 2.819895029067993 2
1 -1 0 1079.52 467.62 -1 102 896.5999999999999 1 0.5744760036468506 2
1 -1 1 1075.96 440.43 -1 102 887.6100000000001 1 0.6918289661407471 2
1 -1 2 1079.8 467.61 -1 102 771.33 1 0.6169149875640869 2
1 -1 3 1077.01 304.34999999999997 -1 102 680.77 1 0.7540202140808105 2
1 -1 4 1055.7 558.04 -1 102 558.04 1 0.014148950576782227 2
1 -1 5 782.74 620.62 -2 102 728.54 1 3.410283088684082 2
2 -1 0 1060.57 515.03 -1 91 2983.1400000000003 3 0.4642448425292969 2
2 -1 1 1056.07 449.79999999999995 -1 91 3016.69 3 0.5316858291625977 2
2 -1 2 1079.89 590.62 -1 91 2677.5499999999997 3 0.5063238143920898 2
2 -1 3 1078.56 590.06 -1 91 2672.58 3 0.6118338108062744 2
2 -1 4 1015.05 502.97 -1 91 1646.3100000000002 3 0.011612176895141602 2
2 -1 5 835.62 689.04 -1 91 2312.76 3 3.155822992324829 2
random:3T:300
0 -1 0 103.21 0 -14 121 86.55 1 0.028136014938354492 3
0 -1 1 109.37 0 -14 121 138.27 1 0.1339421272277832 3
0 -1 2 103.21 0 -14 121 86.55 1 0.027886152267456055 3
0 -1 3 110.15 0 -13 121 90.67 1 0.18797779083251953 3
0 -1 4 100.56 0.0 -15 121 18.89 1 0.0058019161224365234 3
0 -1 5 103.21 0.0 -14 121 86.55 1 0.1250617504119873 3
1 -1 0 134.37 0.0 -3 105 629.5 5 0.024559736251831055 3
1 -1 1 134.78 0 -10 105 666.83 5 0.11579394340515137 3
1 -1 2 134.37 0.0 -3 105 629.5 5 0.02512812614440918 3
1 -1 3 141.87 0.0 -4 105 631.5899999999999 5 0.14948511123657227 3
1 -1 4 115.76 0.0 -10 105 395.10999999999996 5 0.004672050476074219 3
1 -1 5 134.37 0.0 -3 105 629.5 5 0.0896759033203125 3
2 -1 0 106.41 0.0 -4 102 139.16 2 0.022861957550048828 3
2 -1 1 110.27 0.0 -9 102 259.67999999999995 2 0.10462617874145508 3
2 -1 2 106.41 0.0 -4 102 139.16 2 0.0225679874420166 3
2 -1 3 108.55 0.0 -7 102 243.26 2 0.1259768009185791 3
2 -1 4 99.72 0.0 -11 102 61.91 2 0.004452943801879883 3
2 -1 5 106.41 0.0 -4 102 139.16 2 0.0843508243560791 3
random:3T:600
0 -1 0 313.73 159.76 -1 121 248.90999999999997 1 0.13705182075500488 3
0 -1 1 325.95 161.3 -1 121 332.83 1 0.2898406982421875 3
0 -1 2 316.77 159.76 -1 121 237.8 1 0.14471912384033203 3
0 -1 3 329.45 0 -1 121 256.0 1 0.3568859100341797 3
0 -1 4 307.03 100.37 -1 121 159.35 1 0.007606029510498047 3
0 -1 5 303.32 159.76 -1 121 260.21 1 1.1542420387268066 3
1 -1 0 365.07 198.5 -1 105 1639.6700000000003 5 0.14210104942321777 3
1 -1 1 358.15 0 -1 105 1683.8999999999999 5 0.24279189109802246 3
1 -1 2 366.94 200.28 -1 105 1562.16 5 0.14694595336914062 3
1 -1 3 373.28 185.42 -1 105 1572.34 5 0.3039267063140869 3
1 -1 4 328.3 156.51 -1 105 900.45 5 0.007100820541381836 3
1 -1 5 352.14 211.73 -1 105 1566.2099999999998 5 1.3417820930480957 3
2 -1 0 329.85 188.73 -1 102 531.88 2 0.11799287796020508 3
2 -1 1 335.32 168.75 -1 102 677.98 2 0.20851612091064453 3
2 -1 2 330.08 188.73 -1 102 475.06000000000006 2 0.12950515747070312 3
2 -1 3 337.6 186.55 -2 102 610.1800000000001 2 0.2752041816711426 3
2 -1 4 314.05 129.22 -1 102 298.13 2 0.006509065628051758 3
2 -1 5 312.93 224.13 -2 102 573.0699999999999 2 1.2694640159606934 3
random:3T:900
0 -1 0 536.31 241.37 -1 121 458.12999999999994 1 0.28889918327331543 3
0 -1 1 550.06 244.68 -2 121 557.68 1 0.4478001594543457 3
0 -1 2 542.76 241.37 -1 121 449.93 1 0.3329310417175293 3
0 -1 3 553.07 157.71 -1 121 422.44 1 0.527184009552002 3
0 -1 4 513.13 278.14 -1 121 278.14 1 0.009034872055053711 3
0 -1 5 467.0 315.8 -1 121 466.28 1 2.744692802429199 3
1 -1 0 592.49 244.19 -1 105 2577.7799999999997 5 0.2561039924621582 3
1 -1 1 584.24 0 -1 105 2643.26 5 0.3513209819793701 3
1 -1 2 598.09 245.17 -1 105 2449.81 5 0.2775888442993164 3
1 -1 3 602.91 245.17 -2 105 2492.29 5 0.43122100830078125 3
1 -1 4 552.08 294.44 -1 105 1624.94 5 0.00798487663269043 3
1 -1 5 523.42 380.19 -1 105 2463.48 5 2.486862897872925 3
2 -1 0 557.65 238.83 -1 102 963.31 2 0.22955799102783203 3
2 -1 1 563.19 239.53 -1 102 1097.2600000000002 2 0.3405311107635498 3
2 -1 2 560.73 241.05 -2 102 879.21 2 0.2630739212036133 3
2 -1 3 568.25 239.11 -1 102 999.2 2 0.386124849319458 3
2 -1 4 535.02 233.14999999999998 -1 102 547.77 2 0.007214784622192383 3
2 -1 5 482.03 374.65 -2 102 944.9799999999999 2 2.44712495803833 3
random:3T:1200
0 -1 0 761.77 268.23 -1 121 681.9499999999999 1 0.4478137493133545 3
0 -1 1 775.23 270.41 -1 121 766.4 1 0.6395740509033203 3
0 -1 2 767.16 269.52 -1 121 649.5699999999999 1 0.4922330379486084 3
0 -1 3 777.66 266.42 -1 121 649.0099999999999 1 0.7113509178161621 3
0 -1 4 727.82 358.78000000000003 -1 121 358.78000000000003 1 0.011308670043945312 3
0 -1 5 617.9 469.27 -1 121 611.37 1 4.261190891265869 3
1 -1 0 812.28 269.25 -1 105 3566.0800000000004 5 0.36247897148132324 3
1 -1 1 808.52 168.59 -1 105 3561.4300000000003 5 0.4858999252319336 3
1 -1 2 826.84 269.79 -1 105 3363.6400000000003 5 0.44412803649902344 3
1 -1 3 829.48 270.49 -1 105 3510.49 5 0.5632658004760742 3
1 -1 4 764.4 398.70000000000005 -1 105 2281.4 5 0.009588003158569336 3
1 -1 5 679.55 455.09000000000003 -1 105 3188.96 5 3.5509390830993652 3
2 -1 0 784.54 267.11 -1 102 1385.88 2 0.3833010196685791 3
2 -1 1 794.22 267.13 -1 102 1520.18 2 0.47710299491882324 3
2 -1 2 793.3 267.53 -1 102 1260.34 2 0.4047238826751709 3
2 -1 3 800.84 266.9 -2 102 1411.73 2 0.5569500923156738 3
2 -1 4 746.93 345.3299999999999 -1 102 771.78 2 0.00967717170715332 3
2 -1 5 643.21 499.09000000000003 -1 102 1243.23 2 4.294967174530029 3
random:3T:1500
0 -1 0 983.82 343.17 -1 121 899.1999999999999 1 0.6430120468139648 3
0 -1 1 1003.38 402.44 -1 121 978.0600000000001 1 0.8729901313781738 3
0 -1 2 991.63 396.78000000000003 -1 121 842.37 1 0.707984209060669 3
0 -1 3 1004.3 396.68 -1 121 853.4399999999999 1 0.9433927536010742 3
0 -1 4 946.67 504.63 -1 121 504.63 1 0.013234853744506836 3
0 -1 5 760.23 543.6999999999999 -2 121 694.96 1 6.453200817108154 3
1 -1 0 1028.4 283.3 -1 105 4695.75 5 0.553192138671875 3
1 -1 1 1033.39 283.3 -2 105 4592.59 5 0.761742115020752 3
1 -1 2 1057.16 283.68 -1 105 4236.39 5 0.6602210998535156 3
1 -1 3 1056.51 283.68 -1 105 4417.159999999999 5 0.7785370349884033 3
1 -1 4 981.96 517.5 -1 105 2818.13 5 0.01217198371887207 3
1 -1 5 831.32 610.86 -2 105 3667.42 5 4.643990993499756 3
2 -1 0 1015.74 282.46 -1 102 1799.93 2 0.45653295516967773 3
2 -1 1 1020.96 282.25 -1 102 1925.1100000000001 2 0.5797078609466553 3
2 -1 2 1022.24 282.46 -1 102 1676.35 2 0.5191497802734375 3
2 -1 3 1030.59 319.1 -2 102 1826.3000000000002 2 0.6668798923492432 3
2 -1 4 968.84 489.4699999999999 -1 102 1016.1099999999999 2 0.010669946670532227 3
2 -1 5 801.99 690.19 -2 102 1538.37 2 6.093118906021118 3
random:4T:300
0 -1 0 103.6 0 -13 121 113.95 1 0.027520179748535156 4
0 -1 1 110.07 0.0 -15 121 153.61 1 0.14511609077453613 4
0 -1 2 103.6 0 -13 121 113.95 1 0.0318150520324707 4
0 -1 3 109.21 0.0 -13 121 133.36 1 0.1886289119720459 4
0 -1 4 100.4 0.0 -16 121 0.0 1 0.007478952407836914 4
0 -1 5 103.6 0.0 -13 121 113.95 1 0.14807486534118652 4
1 -1 0 101.73 0.0 -7 111 84.88 1 0.02863478660583496 4
1 -1 1 106.49 0.0 -9 111 175.77 1 0.12732410430908203 4
1 -1 2 101.73 0.0 -7 111 84.88 1 0.02559685707092285 4
1 -1 3 103.67 0.0 -8 111 45.5 1 0.14750003814697266 4
1 -1 4 91.02 0.0 -13 111 0.0 1 0.004868268966674805 4
1 -1 5 101.73 0.0 -7 111 84.88 1 0.10642886161804199 4
2 -1 0 153.97 32.74 -1 94 568.33 4 0.04054999351501465 4
2 -1 1 155.36 0 -4 94 610.04 4 0.13034963607788086 4
2 -1 2 153.97 32.74 -1 94 568.33 4 0.0404207706451416 4
2 -1 3 156.31 0.0 -1 94 581.96 4 0.1432359218597412 4
2 -1 4 133.38 0.0 -7 94 119.09 4 0.004442930221557617 4
2 -1 5 153.97 32.74 -1 94 568.33 4 0.30220603942871094 4
random:4T:600
0 -1 0 315.12 168.49 -1 121 310.95 1 0.13591599464416504 4
0 -1 1 322.68 127.02 -1 121 368.5 1 0.273021936416626 4
0 -1 2 318.27 168.49 -1 121 263.74 1 0.16040992736816406 4
0 -1 3 327.74 0 -1 121 281.72 1 0.3865220546722412 4
0 -1 4 306.92 100.37 -1 121 146.54999999999998 1 0.007898092269897461 4
0 -1 5 303.74 168.49 -1 121 285.92 1 1.3740451335906982 4
1 -1 0 327.15 187.38 -2 111 274.36 1 0.14319801330566406 4
1 -1 1 323.56 0.0 -1 111 365.06 1 0.23056793212890625 4
1 -1 2 327.47 187.38 -2 111 273.18 1 0.1501619815826416 4
1 -1 3 324.04 168.20000000000002 -1 111 168.20000000000002 1 0.3311169147491455 4
1 -1 4 301.5 96.14 -1 111 109.12 1 0.006833791732788086 4
1 -1 5 309.6 221.16000000000003 -1 111 287.94 1 1.5682728290557861 4
2 -1 0 386.94 200.28 -1 94 1502.2400000000002 4 0.14571809768676758 4
2 -1 1 383.38 119.49 -1 94 1552.29 4 0.23444008827209473 4
2 -1 2 393.84 198.5 -1 94 1390.7 4 0.18521714210510254 4
2 -1 3 395.33 200.28 -2 94 1390.8700000000001 4 0.2869760990142822 4
2 -1 4 352.25 135.79999999999998 -1 94 652.96 4 0.006196022033691406 4
2 -1 5 370.74 275.95000000000005 -2 94 1474.51 4 1.3417868614196777 4
random:4T:900
0 -1 0 537.92 241.37 -1 121 530.1 1 0.3101530075073242 4
0 -1 1 545.9 238.17 -1 121 595.58 1 0.4479517936706543 4
0 -1 2 543.21 246.29 -2 121 425.69999999999993 1 0.3151371479034424 4
0 -1 3 552.35 0 -1 121 482.63 1 0.6244139671325684 4
0 -1 4 512.86 245.04999999999998 -1 121 245.04999999999998 1 0.01129603385925293 4
0 -1 5 466.68 323.97999999999996 -1 121 471.32000000000005 1 2.886479139328003 4
1 -1 0 554.78 241.71 -2 111 444.67 1 0.26482701301574707 4
1 -1 1 548.5 224.42 -1 111 557.28 1 0.36283063888549805 4
1 -1 2 556.09 240.01 -1 111 452.31 1 0.3343188762664795 4
1 -1 3 550.19 239.56 -2 111 364.01 1 0.4589660167694092 4
1 -1 4 506.36 179.41 -1 111 179.41 1 0.008136272430419922 4
1 -1 5 476.99 374.76 -2 111 485.42 1 3.1831650733947754 4
2 -1 0 619.39 245.17 -1 94 2386.25 4 0.25867700576782227 4
2 -1 1 615.23 246.45 -2 94 2328.21 4 0.34811925888061523 4
2 -1 2 633.43 244.19 -1 94 2182.7200000000003 4 0.28327298164367676 4
2 -1 3 631.66 245.17 -2 94 2201.22 4 0.3808598518371582 4
2 -1 4 579.48 267.06 -1 94 1153.78 4 0.007835149765014648 4
2 -1 5 536.19 390.46000000000004 -1 94 2151.6400000000003 4 2.242684841156006 4
random:4T:1200
0 -1 0 763.0 270.41 -2 121 754.6600000000001 1 0.5049552917480469 4
0 -1 1 767.85 269.52 -1 121 815.2800000000001 1 0.619696855545044 4
0 -1 2 766.48 270.41 -1 121 632.51 1 0.5131688117980957 4
0 -1 3 778.82 0 -1 121 694.98 1 0.7137300968170166 4
0 -1 4 727.76 351.42999999999995 -1 121 351.42999999999995 1 0.011713743209838867 4
0 -1 5 613.1 463.89 -1 121 572.44 1 4.76304292678833 4
1 -1 0 781.0 267.89 -2 111 642.4900000000001 1 0.41263532638549805 4
1 -1 1 776.97 267.95 -1 111 754.38 1 0.5468997955322266 4
1 -1 2 786.08 267.14 -1 111 611.52 1 0.4601778984069824 4
1 -1 3 778.73 267.14 -1 111 552.0 1 0.5946738719940186 4
1 -1 4 719.43 329.01 -1 111 329.01 1 0.009343385696411133 4
1 -1 5 634.7 526.9 -2 111 605.23 1 4.707556962966919 4
2 -1 0 851.03 269.79 -1 94 3294.09 4 0.4596259593963623 4
2 -1 1 849.26 418.28 -1 94 3219.88 4 0.5025851726531982 4
2 -1 2 871.49 380.65999999999997 -1 94 2921.94 4 0.4679276943206787 4
2 -1 3 868.33 269.79 -1 94 2933.55 4 0.5140988826751709 4
2 -1 4 803.89 371.48 -1 94 1627.0 4 0.008933782577514648 4
2 -1 5 705.2 499.97 -1 94 2649.32 4 3.1917569637298584 4
random:4T:1500
0 -1 0 987.56 382.46 -1 121 981.65 1 0.6245191097259521 4
0 -1 1 988.61 283.63 -2 121 1032.32 1 0.7694809436798096 4
0 -1 2 990.64 367.48 -1 121 842.4699999999999 1 0.6852929592132568 4
0 -1 3 1005.5 184.84 -1 121 903.9699999999999 1 0.903986930847168 4
0 -1 4 946.51 485.63 -1 121 485.63 1 0.01308894157409668 4
0 -1 5 753.64 534.92 -2 121 724.07 1 6.20598578453064 4
1 -1 0 1006.52 282.25 -2 111 840.8700000000002 1 0.5303020477294922 4
1 -1 1 1004.16 282.29 -1 111 948.4100000000001 1 0.6581439971923828 4
1 -1 2 1009.89 281.84 -1 111 792.78 1 0.5866451263427734 4
1 -1 3 1006.69 398.88 -1 111 735.7 1 0.7549879550933838 4
1 -1 4 938.22 423.84 -1 111 423.84 1 0.011862039566040039 4
1 -1 5 786.74 611.46 -1 111 754.0400000000001 1 6.556912183761597 4
2 -1 0 1079.38 480.5 -1 94 4195.56 4 0.5046391487121582 4
2 -1 1 1083.6 454.95 -1 94 4092.63 4 0.5727670192718506 4
2 -1 2 1106.82 551.49 -1 94 3747.4700000000003 4 0.5540211200714111 4
2 -1 3 1105.31 283.3 -1 94 3758.13 4 0.6919679641723633 4
2 -1 4 1022.13 506.21000000000004 -1 94 2159.4300000000003 4 0.011947870254516602 4
2 -1 5 879.34 688.0 -1 94 3149.7200000000003 4 4.514141082763672 4
