random:0T:300
random:0T:300
0 -1 0 48.3 0 -136 330 0.0 10 0.06298398971557617 0
0 -1 1 49.02 0 -141 330 894.8499999999999 10 0.29094576835632324 0
0 -1 2 48.3 0 -136 330 0.0 10 0.0724189281463623 0
0 -1 3 47.02 0 -145 330 721.68 10 0.4080069065093994 0
0 -1 4 42.56 0.0 -146 330 0.0 10 0.014400005340576172 0
0 -1 5 48.3 0 -136 330 0.0 10 0.8788931369781494 0
random:0T:600
0 -1 0 146.73 0 -60 330 1009.92 10 0.10337686538696289 0
0 -1 1 153.05 0 -87 330 2283.27 10 0.7682819366455078 0
0 -1 2 146.73 0 -60 330 1009.92 10 0.1219472885131836 0
0 -1 3 157.04 0 -78 330 1101.6999999999998 10 1.019864797592163 0
0 -1 4 143.2 0.0 -58 330 72.02 10 0.01980733871459961 0
0 -1 5 146.73 0 -60 330 1009.92 10 0.9441559314727783 0
random:0T:900
0 -1 0 273.3 0 -24 330 1776.02 10 0.14628100395202637 0
0 -1 1 277.67 0 -60 330 3063.2599999999998 10 1.0747489929199219 0
0 -1 2 273.3 0 -24 330 1776.02 10 0.1449739933013916 0
0 -1 3 300.38 0 -44 330 1808.25 10 1.535383939743042 0
0 -1 4 266.35 0.0 -32 330 1120.17 10 0.01971578598022461 0
0 -1 5 273.3 0.0 -24 330 1776.02 10 0.9689860343933105 0
random:0T:1200
0 -1 0 421.09 83.59 -1 330 2033.23 10 0.27770519256591797 0
0 -1 1 418.09 0 -27 330 4288.83 10 1.5294139385223389 0
0 -1 2 420.94 83.59 -1 330 1970.3000000000002 10 0.2906179428100586 0
0 -1 3 454.09 0 -29 330 2745.8299999999995 10 2.1728549003601074 0
0 -1 4 410.32 0.0 -9 330 1720.3799999999997 10 0.02098703384399414 0
0 -1 5 420.07 83.59 -1 330 2055.94 10 5.302732944488525 0
random:0T:1500
0 -1 0 571.46 218.13 -2 330 3321.290000000001 10 0.6803798675537109 0
0 -1 1 564.21 0 -14 330 5246.92 10 2.123143196105957 0
0 -1 2 570.55 218.13 -2 330 2967.7599999999998 10 0.8333508968353271 0
0 -1 3 608.44 0 -13 330 3605.44 10 2.801934003829956 0
0 -1 4 561.12 167.58 -1 330 1933.9399999999998 10 0.0252230167388916 0
0 -1 5 554.24 276.11 -1 330 3464.36 10 13.345730066299438 0
random:1T:300
0 -1 0 45.91 0 -167 327 176.43 7 0.07381296157836914 1
0 -1 1 47.13 0 -144 327 552.22 7 0.44667816162109375 1
0 -1 2 45.91 0 -167 327 176.43 7 0.09348392486572266 1
0 -1 3 47.33 0 -177 327 0.0 7 0.6405770778656006 1
0 -1 4 44.21 0.0 -143 327 0.0 7 0.01883983612060547 1
0 -1 5 45.91 0 -167 327 176.43 7 0.9455971717834473 1
random:1T:600
0 -1 0 150.8 0 -56 327 965.56 7 0.12100911140441895 1
0 -1 1 157.86 0 -66 327 1233.05 7 0.8389239311218262 1
0 -1 2 150.8 0 -56 327 965.56 7 0.12613677978515625 1
0 -1 3 164.1 0 -66 327 756.3199999999999 7 1.1856567859649658 1
0 -1 4 145.8 0.0 -56 327 90.02 7 0.0211179256439209 1
0 -1 5 150.8 0 -56 327 965.56 7 1.052619218826294 1
random:1T:900
0 -1 0 274.65 0.0 -20 327 1298.76 7 0.16191506385803223 1
0 -1 1 301.48 0 -32 327 2204.8 7 1.3181431293487549 1
0 -1 2 274.65 0.0 -20 327 1298.76 7 0.18278884887695312 1
0 -1 3 315.7 0 -37 327 1159.23 7 1.885850191116333 1
0 -1 4 269.37 0.0 -31 327 844.4999999999999 7 0.02196502685546875 1
0 -1 5 274.65 0.0 -20 327 1298.76 7 1.0042202472686768 1
random:1T:1200
0 -1 0 421.66 84.97 -2 327 1536.8500000000001 7 0.344318151473999 1
0 -1 1 445.34 0 -22 327 3343.12 7 1.8679900169372559 1
0 -1 2 422.52 84.97 -2 327 1520.0500000000002 7 0.465289831161499 1
0 -1 3 464.1 0 -32 327 1368.34 7 2.4556198120117188 1
0 -1 4 413.94 0.0 -9 327 1118.6299999999999 7 0.024927139282226562 1
0 -1 5 418.53 94.21 -2 327 1515.85 7 8.101078987121582 1
random:1T:1500
0 -1 0 567.88 181.92 -2 327 2660.13 7 0.8006579875946045 1
0 -1 1 589.02 0.0 -13 327 4159.51 7 2.2608680725097656 1
0 -1 2 572.6 181.92 -2 327 2540.8599999999997 7 1.0114529132843018 1
0 -1 3 611.93 0 -14 327 2323.23 7 3.1945462226867676 1
0 -1 4 565.82 133.58 -1 327 1313.1699999999998 7 0.026277780532836914 1
0 -1 5 537.07 261.73999999999984 -2 327 2477.83 7 43.44402623176575 1
random:2T:300
0 -1 0 68.78 0.0 -61 261 0.0 5 0.0639188289642334 2
0 -1 1 71.04 0.0 -62 261 498.84 5 0.2987089157104492 2
0 -1 2 68.78 0.0 -61 261 0.0 5 0.06607913970947266 2
0 -1 3 70.4 0.0 -60 261 489.03999999999996 5 0.3901827335357666 2
0 -1 4 68.47 0.0 -64 261 0.0 5 0.01402592658996582 2
0 -1 5 68.78 0.0 -61 261 0.0 5 0.5210411548614502 2
random:2T:600
0 -1 0 213.25 0.0 -19 261 482.88 5 0.09629106521606445 2
0 -1 1 212.58 0.0 -31 261 1076.55 5 0.6633257865905762 2
0 -1 2 213.25 0.0 -19 261 482.88 5 0.09882283210754395 2
0 -1 3 213.65 0.0 -25 261 1001.28 5 0.8913161754608154 2
0 -1 4 196.68 0.0 -36 261 0.0 5 0.01594400405883789 2
0 -1 5 213.25 0.0 -19 261 482.88 5 0.5418059825897217 2
random:2T:900
0 -1 0 391.27 91.53 -1 261 1086.12 5 0.23018407821655273 2
0 -1 1 374.04 0.0 -11 261 1977.8400000000001 5 0.9993979930877686 2
0 -1 2 391.27 91.53 -1 261 1086.12 5 0.26549506187438965 2
0 -1 3 395.69 0.0 -3 261 1374.6 5 1.3481571674346924 2
0 -1 4 360.49 0.0 -4 261 607.4 5 0.017657041549682617 2
0 -1 5 390.07 91.53 -1 261 1079.91 5 2.7690248489379883 2
random:2T:1200
0 -1 0 560.96 259.02 -1 261 1894.1 5 0.5889310836791992 2
0 -1 1 538.14 0.0 -7 261 2614.7700000000004 5 1.3455817699432373 2
0 -1 2 564.08 196.69 -1 261 1673.9899999999998 5 0.668076753616333 2
0 -1 3 572.5 0 -2 261 2091.92 5 1.8152408599853516 2
0 -1 4 521.93 160.72 -1 261 910.78 5 0.022131919860839844 2
0 -1 5 538.85 309.3 -1 261 1698.91 5 12.018861055374146 2
random:2T:1500
0 -1 0 731.79 277.39 -1 261 2260.1 5 0.9195547103881836 2
0 -1 1 694.42 0.0 -5 261 3611.7400000000002 5 1.6801862716674805 2
0 -1 2 735.3 198.87 -1 261 2149.68 5 1.1069080829620361 2
0 -1 3 742.4 0 -2 261 2777.76 5 2.216452121734619 2
0 -1 4 672.5 190.88 -1 261 978.23 5 0.022773027420043945 2
0 -1 5 665.11 433.63 -2 261 2443.62 5 15.82247281074524 2
random:3T:300
0 -1 0 53.89 0 -121 328 0.0 8 0.11086797714233398 3
0 -1 1 52.87 0 -127 328 755.6599999999999 8 0.37041807174682617 3
0 -1 2 53.89 0 -121 328 0.0 8 0.08120489120483398 3
0 -1 3 57.1 0 -119 328 529.9599999999999 8 0.551936149597168 3
0 -1 4 43.59 0 -144 328 0.0 8 0.01696491241455078 3
0 -1 5 53.89 0 -121 328 0.0 8 0.9912199974060059 3
random:3T:600
0 -1 0 158.71 0 -58 328 678.58 8 0.1288142204284668 3
0 -1 1 164.04 0 -81 328 1318.6100000000001 8 0.9253230094909668 3
0 -1 2 158.71 0 -58 328 678.58 8 0.1245889663696289 3
0 -1 3 175.93 0 -73 328 1010.1799999999998 8 1.2171947956085205 3
0 -1 4 144.98 0.0 -57 328 20.1 8 0.020273208618164062 3
0 -1 5 158.71 0 -58 328 678.58 8 1.0134611129760742 3
random:3T:900
0 -1 0 293.05 0.0 -19 328 1392.0500000000002 8 0.16303730010986328 3
0 -1 1 300.6 0 -48 328 2562.75 8 1.3254280090332031 3
0 -1 2 293.05 0.0 -19 328 1392.0500000000002 8 0.16875791549682617 3
0 -1 3 323.05 0 -30 328 2003.25 8 1.7373299598693848 3
0 -1 4 266.55 0.0 -36 328 243.27 8 0.021978139877319336 3
0 -1 5 293.05 0.0 -19 328 1392.0500000000002 8 1.037147045135498 3
random:3T:1200
0 -1 0 454.46 141.93 -1 328 1624.06 8 0.3799102306365967 3
0 -1 1 441.8 0 -33 328 3782.91 8 1.7759418487548828 3
0 -1 2 454.54 141.93 -1 328 1615.79 8 0.4796640872955322 3
0 -1 3 476.74 0 -11 328 2448.3500000000004 8 2.5793349742889404 3
0 -1 4 412.25 0.0 -8 328 1047.6000000000001 8 0.025045156478881836 3
0 -1 5 452.66 141.93 -1 328 2008.96 8 8.671273946762085 3
random:3T:1500
0 -1 0 606.37 276.19 -1 328 2739.07 8 0.8211688995361328 3
0 -1 1 579.09 0 -26 328 4697.450000000001 8 2.2432241439819336 3
0 -1 2 605.66 209.58 -1 328 2193.24 8 0.9947679042816162 3
0 -1 3 633.59 0 -9 328 3510.1399999999994 8 3.0562801361083984 3
0 -1 4 564.37 165.06 -1 328 1474.0900000000001 8 0.027345895767211914 3
0 -1 5 586.99 310.3400000000003 -2 328 2873.47 8 28.70074987411499 3
random:4T:300
0 -1 0 54.26 0 -118 326 20.16 6 0.08124208450317383 4
0 -1 1 54.45 0 -117 326 668.9399999999998 6 0.4410898685455322 4
0 -1 2 54.26 0 -118 326 20.16 6 0.08879399299621582 4
0 -1 3 56.11 0 -117 326 550.74 6 0.5331330299377441 4
0 -1 4 43.86 0 -142 326 0.0 6 0.017575740814208984 4
0 -1 5 54.26 0 -118 326 20.16 6 1.0942280292510986 4
random:4T:600
0 -1 0 159.99 0 -54 326 643.93 6 0.13199210166931152 4
0 -1 1 167.44 0 -79 326 1133.32 6 0.8722748756408691 4
0 -1 2 159.99 0 -54 326 643.93 6 0.1359398365020752 4
0 -1 3 169.2 0 -76 326 898.18 6 1.222616195678711 4
0 -1 4 146.01 0.0 -55 326 63.5 6 0.02124786376953125 4
0 -1 5 159.99 0 -54 326 643.93 6 1.0788390636444092 4
random:4T:900
0 -1 0 300.03 0.0 -18 326 1074.06 6 0.1713109016418457 4
0 -1 1 306.32 0 -55 326 1964.95 6 1.421602725982666 4
0 -1 2 300.03 0.0 -18 326 1074.06 6 0.18768835067749023 4
0 -1 3 314.06 0 -37 326 1257.81 6 1.89961576461792 4
0 -1 4 267.96 0.0 -35 326 169.27 6 0.022838115692138672 4
0 -1 5 300.03 0.0 -18 326 1074.06 6 1.0814929008483887 4
random:4T:1200
0 -1 0 459.99 144.54 -1 326 1337.34 6 0.35126805305480957 4
0 -1 1 443.96 0 -33 326 2597.82 6 1.8299219608306885 4
0 -1 2 460.77 144.54 -1 326 1246.48 6 0.4821171760559082 4
0 -1 3 469.16 0 -19 326 1868.5400000000002 6 2.494080066680908 4
0 -1 4 413.92 0.0 -8 326 768.67 6 0.02686786651611328 4
0 -1 5 457.58 144.54 -1 326 1473.5900000000001 6 5.762770175933838 4
random:4T:1500
0 -1 0 613.36 276.55 -1 326 2253.72 6 0.8276238441467285 4
0 -1 1 584.63 0 -15 326 3232.29 6 2.2832179069519043 4
0 -1 2 620.15 276.55 -1 326 2078.8999999999996 6 1.0934150218963623 4
0 -1 3 614.98 0 -3 326 2723.48 6 2.950212001800537 4
0 -1 4 566.69 169.96 -1 326 1101.78 6 0.026425838470458984 4
0 -1 5 589.4 311.9100000000003 -2 326 2157.25 6 28.04515504837036 4
