random:0T:300
0 -1 0 79.1 0 -38 170 364.7 8 0.043994903564453125 0
0 -1 1 84.98 0 -46 170 987.59 8 0.20434284210205078 0
0 -1 2 79.1 0 -37 170 480.90999999999997 8 0.039134979248046875 0
0 -1 3 84.69 0.0 -41 170 907.6500000000001 8 0.25275206565856934 0
0 -1 4 73.73 0.0 -33 170 3.76 8 0.008235931396484375 0
0 -1 5 79.1 0 -37 170 480.90999999999997 8 0.24870705604553223 0
1 -1 0 78.69 0.0 -37 160 107.0 2 0.03543901443481445 0
1 -1 1 87.51 0 -52 160 280.3 2 0.1636810302734375 0
1 -1 2 78.69 0.0 -37 160 107.0 2 0.03473711013793945 0
1 -1 3 87.37 0 -47 160 116.24 2 0.23884797096252441 0
1 -1 4 75.95 0.0 -31 160 0.0 2 0.007500886917114258 0
1 -1 5 78.69 0.0 -37 160 107.0 2 0.2199718952178955 0
random:0T:600
0 -1 0 244.82 10.09 -1 170 1291.93 8 0.052722930908203125 0
0 -1 1 251.3 0 -7 170 2085.1 8 0.4084899425506592 0
0 -1 2 244.83 10.09 -1 170 1291.93 8 0.06449508666992188 0
0 -1 3 257.15 0 -5 170 1721.5999999999997 8 0.5257291793823242 0
0 -1 4 236.06 0.0 -6 170 818.36 8 0.009800910949707031 0
0 -1 5 244.82 10.09 -1 170 1291.93 8 0.24913787841796875 0
1 -1 0 247.83 0.0 -1 160 328.49 2 0.052330970764160156 0
1 -1 1 258.3 0.0 -2 160 571.3100000000001 2 0.3657710552215576 0
1 -1 2 247.83 0.0 -1 160 328.49 2 0.05897808074951172 0
1 -1 3 276.14 77.47 -1 160 378.76 2 0.5882349014282227 0
1 -1 4 229.99 0.0 -9 160 58.04 2 0.009983062744140625 0
1 -1 5 247.83 0.0 -1 160 328.49 2 0.25948524475097656 0
random:0T:900
0 -1 0 434.56 184.81 -1 170 2502.75 8 0.2780768871307373 0
0 -1 1 443.87 0 -1 170 3454.9500000000003 8 0.651512622833252 0
0 -1 2 438.14 184.81 -1 170 2492.75 8 0.309675931930542 0
0 -1 3 454.21 0 -2 170 2981.9699999999993 8 0.7594120502471924 0
0 -1 4 424.63 165.89 -1 170 1423.1499999999996 8 0.01176595687866211 0
0 -1 5 419.39 242.93 -3 170 2488.33 8 3.645548105239868 0
1 -1 0 449.56 220.73 -2 160 717.22 2 0.2693970203399658 0
1 -1 1 461.93 0 -1 160 965.96 2 0.5645020008087158 0
1 -1 2 452.77 220.73 -2 160 649.74 2 0.2761390209197998 0
1 -1 3 480.65 192.28 -2 160 759.9200000000001 2 0.7104730606079102 0
1 -1 4 427.82 153.81 -1 160 321.87 2 0.010335206985473633 0
1 -1 5 426.65 258.08 -1 160 629.92 2 2.4348230361938477 0
random:0T:1200
0 -1 0 624.97 262.86 -1 170 3971.18 8 0.4728391170501709 0
0 -1 1 637.39 21.13 -1 170 4877.72 8 0.7709369659423828 0
0 -1 2 635.33 265.98 -1 170 3792.08 8 0.550020694732666 0
0 -1 3 651.99 0 -1 170 4365.58 8 1.0175797939300537 0
0 -1 4 605.94 192.03 -1 170 2060.44 8 0.01340794563293457 0
0 -1 5 564.65 372.66999999999996 -3 170 3696.1 8 8.737941980361938 0
1 -1 0 650.53 267.09 -1 160 1064.22 2 0.6056079864501953 0
1 -1 1 664.88 0 -1 160 1368.0300000000002 2 0.9803972244262695 0
1 -1 2 653.87 256.38 -2 160 937.9100000000001 2 0.6909258365631104 0
1 -1 3 685.42 240.78 -2 160 1048.1399999999999 2 1.2446882724761963 0
1 -1 4 584.96 189.34 -1 160 381.85 2 0.01372385025024414 0
1 -1 5 561.45 389.61 -2 160 941.0 2 5.448110103607178 0
random:0T:1500
0 -1 0 816.57 280.55 -1 170 5368.33 8 0.7802450656890869 0
0 -1 1 830.27 237.12 -1 170 6261.579999999999 8 1.2000808715820312 0
0 -1 2 835.41 281.2 -1 170 5103.71 8 1.0062220096588135 0
0 -1 3 851.66 0 -1 170 5738.860000000001 8 1.5106549263000488 0
0 -1 4 805.23 344.99 -1 170 2894.0600000000004 8 0.020477294921875 0
0 -1 5 688.79 451.0 -1 170 4121.08 8 11.414920091629028 0
1 -1 0 853.39 282.87 -1 160 1480.9700000000003 2 0.7529771327972412 0
1 -1 1 864.41 0 -1 160 1777.8600000000001 2 1.1761600971221924 0
1 -1 2 856.75 282.1 -1 160 1277.7600000000002 2 0.925001859664917 0
1 -1 3 887.33 267.38 -2 160 1441.58 2 1.501661777496338 0
1 -1 4 784.7 291.75 -1 160 615.59 2 0.016286373138427734 0
1 -1 5 678.5 451.11 -1 160 1079.03 2 8.206541776657104 0
random:1T:300
0 -1 0 73.66 0.0 -28 157 611.4399999999999 5 0.03687095642089844 1
0 -1 1 77.26 0 -37 157 652.2 5 0.1714010238647461 1
0 -1 2 73.66 0.0 -28 157 611.4399999999999 5 0.03829193115234375 1
0 -1 3 76.23 0 -40 157 606.16 5 0.22992491722106934 1
0 -1 4 68.23 0.0 -31 157 0.0 5 0.007959842681884766 1
0 -1 5 73.66 0.0 -28 157 611.4399999999999 5 0.22406911849975586 1
1 -1 0 82.04 0.0 -37 170 78.83 2 0.041174888610839844 1
1 -1 1 85.26 0 -43 170 232.95999999999998 2 0.2059929370880127 1
1 -1 2 82.04 0.0 -37 170 78.83 2 0.04281187057495117 1
1 -1 3 81.62 0 -44 170 152.49 2 0.26522207260131836 1
1 -1 4 69.81 0.0 -34 170 0.0 2 0.008827924728393555 1
1 -1 5 82.04 0.0 -37 170 78.83 2 0.27240490913391113 1
random:1T:600
0 -1 0 251.36 74.09 -1 157 1082.31 5 0.09713006019592285 1
0 -1 1 254.92 0 -7 157 1528.5800000000004 5 0.37642812728881836 1
0 -1 2 251.51 74.09 -1 157 1038.63 5 0.1159360408782959 1
0 -1 3 260.26 0 -5 157 1334.3400000000001 5 0.4900343418121338 1
0 -1 4 228.71 0.0 -6 157 193.44 5 0.009582996368408203 1
0 -1 5 249.72 74.09 -1 157 1002.6700000000001 5 1.1862988471984863 1
1 -1 0 250.95 30.76 -1 170 269.53 2 0.08570504188537598 1
1 -1 1 264.63 0 -5 170 606.81 2 0.4491431713104248 1
1 -1 2 250.95 30.76 -1 170 269.53 2 0.09064602851867676 1
1 -1 3 263.04 0 -11 170 455.09 2 0.577711820602417 1
1 -1 4 222.94 0.0 -10 170 273.73 2 0.010578155517578125 1
1 -1 5 250.69 30.76 -1 170 280.19 2 0.7617361545562744 1
random:1T:900
0 -1 0 454.03 210.55 -1 157 1945.6199999999997 5 0.31841468811035156 1
0 -1 1 457.04 0 -4 157 2330.2200000000003 5 0.6087121963500977 1
0 -1 2 457.93 210.55 -1 157 1836.5700000000004 5 0.3759901523590088 1
0 -1 3 462.3 0 -4 157 2253.23 5 0.7533681392669678 1
0 -1 4 422.24 157.5 -1 157 818.76 5 0.01218104362487793 1
0 -1 5 423.88 271.21999999999997 -2 157 1874.6000000000001 5 4.246167182922363 1
1 -1 0 444.49 216.62 -2 170 562.26 2 0.31621789932250977 1
1 -1 1 461.97 0 -2 170 1029.0 2 0.729215145111084 1
1 -1 2 447.95 216.62 -2 170 517.5600000000001 2 0.38796305656433105 1
1 -1 3 464.41 0 -10 170 804.8 2 0.875939130783081 1
1 -1 4 416.49 108.1 -1 170 371.15 2 0.01228475570678711 1
1 -1 5 420.36 260.16 -1 170 660.1299999999999 2 4.49785304069519 1
random:1T:1200
0 -1 0 660.43 250.8 -1 157 2839.0899999999997 5 0.5355279445648193 1
0 -1 1 655.27 0 -3 157 3260.68 5 0.8081972599029541 1
0 -1 2 663.92 250.8 -1 157 2840.55 5 0.6340317726135254 1
0 -1 3 663.3 0 -2 157 3124.93 5 1.00357985496521 1
0 -1 4 605.03 190.16000000000003 -1 157 977.5300000000001 5 0.013556957244873047 1
0 -1 5 565.7 380.71 -1 157 2465.28 5 6.790850877761841 1
1 -1 0 641.2 254.13 -2 170 960.27 2 0.5459127426147461 1
1 -1 1 664.41 0 -2 170 1407.54 2 0.9920918941497803 1
1 -1 2 651.53 254.13 -2 170 842.23 2 0.6674041748046875 1
1 -1 3 667.68 0 -9 170 1140.3700000000001 2 1.1702580451965332 1
1 -1 4 569.75 195.62 -1 170 452.97 2 0.01440286636352539 1
1 -1 5 556.39 368.22 -1 170 935.64 2 8.227901220321655 1
random:1T:1500
0 -1 0 859.97 276.61 -2 157 3794.26 5 0.7459228038787842 1
0 -1 1 853.7 0 -3 157 4209.32 5 1.032848834991455 1
0 -1 2 866.94 272.88 -1 157 3782.79 5 0.8614280223846436 1
0 -1 3 865.99 0 -2 157 4149.889999999999 5 1.254601001739502 1
0 -1 4 807.65 336.85 -1 157 1724.84 5 0.016068220138549805 1
0 -1 5 683.05 438.45000000000005 -1 157 2664.94 5 8.688132047653198 1
1 -1 0 836.79 274.71 -2 170 1398.22 2 0.7871799468994141 1
1 -1 1 865.93 0 -2 170 1730.25 2 1.15195894241333 1
1 -1 2 848.78 274.71 -2 170 1249.3600000000001 2 0.9404399394989014 1
1 -1 3 867.61 0 -6 170 1550.5 2 1.4634990692138672 1
1 -1 4 757.17 344.2 -1 170 709.1099999999999 2 0.015897274017333984 1
1 -1 5 681.47 449.79 -1 170 1187.58 2 11.595333099365234 1
random:2T:300
0 -1 0 98.06 0.0 -15 124 260.46 4 0.029420852661132812 2
0 -1 1 106.04 0.0 -16 124 538.99 4 0.1395246982574463 2
0 -1 2 98.06 0.0 -15 124 260.46 4 0.03014087677001953 2
0 -1 3 105.57 0.0 -12 124 519.8199999999999 4 0.18220019340515137 2
0 -1 4 94.84 0.0 -21 124 0.0 4 0.00634002685546875 2
0 -1 5 98.06 0.0 -15 124 260.46 4 0.12389087677001953 2
1 -1 0 104.58 0.0 -22 137 0.0 1 0.03482317924499512 2
1 -1 1 107.23 0.0 -23 137 20.27 1 0.16031408309936523 2
1 -1 2 104.58 0.0 -22 137 0.0 1 0.035665035247802734 2
1 -1 3 108.05 0.0 -18 137 0.0 1 0.2117171287536621 2
1 -1 4 100.11 0.0 -22 137 0.0 1 0.007257938385009766 2
1 -1 5 104.58 0.0 -22 137 0.0 1 0.1591479778289795 2
random:2T:600
0 -1 0 309.04 155.78 -1 124 1011.3699999999999 4 0.12844276428222656 2
0 -1 1 320.03 0 -3 124 1441.1599999999999 4 0.2999238967895508 2
0 -1 2 309.12 155.78 -1 124 954.88 4 0.1332411766052246 2
0 -1 3 321.37 0 -2 124 1302.89 4 0.3738071918487549 2
0 -1 4 301.11 107.25 -1 124 549.31 4 0.008692026138305664 2
0 -1 5 303.93 155.78 -1 124 942.8700000000001 4 1.00154709815979 2
1 -1 0 312.68 144.48000000000002 -1 137 144.48000000000002 1 0.1444711685180664 2
1 -1 1 318.64 0 -1 137 217.26 1 0.3538830280303955 2
1 -1 2 314.3 118.88 -1 137 118.88 1 0.15679073333740234 2
1 -1 3 316.61 0 -2 137 100.52 1 0.43992114067077637 2
1 -1 4 301.9 79.83 -1 137 122.51 1 0.009198188781738281 2
1 -1 5 305.48 146.15 -1 137 161.10999999999999 1 3.1482460498809814 2
random:2T:900
0 -1 0 525.1 237.29 -1 124 1814.17 4 0.2795698642730713 2
0 -1 1 528.76 160.84 -1 124 2257.7400000000002 4 0.46288013458251953 2
0 -1 2 528.42 237.29 -2 124 1731.7299999999998 4 0.3375539779663086 2
0 -1 3 538.72 0 -2 124 2133.09 4 0.5834500789642334 2
0 -1 4 512.22 217.0 -1 124 953.96 4 0.010241031646728516 2
0 -1 5 485.35 346.69 -2 124 1694.81 4 3.005330801010132 2
1 -1 0 517.32 239.7 -2 137 359.14 1 0.3321259021759033 2
1 -1 1 538.04 142.58 -1 137 418.96999999999997 1 0.6225931644439697 2
1 -1 2 536.82 239.7 -2 137 254.3 1 0.4287440776824951 2
1 -1 3 532.92 0 -2 137 275.99 1 0.7060210704803467 2
1 -1 4 500.73 182.39 -1 137 182.39 1 0.011794090270996094 2
1 -1 5 470.0 335.17 -1 137 402.4999999999999 1 6.308107614517212 2
random:2T:1200
0 -1 0 745.65 266.72 -1 124 2678.48 4 0.46593809127807617 2
0 -1 1 750.86 313.75 -1 124 3088.0299999999997 4 0.6576390266418457 2
0 -1 2 749.42 266.72 -2 124 2523.4900000000002 4 0.5139381885528564 2
0 -1 3 758.67 0 -2 124 2906.08 4 0.7638261318206787 2
0 -1 4 723.73 343.32 -1 124 1392.42 4 0.013309955596923828 2
0 -1 5 646.24 492.66 -2 124 2251.79 4 4.6382200717926025 2
1 -1 0 733.99 266.79 -2 137 575.87 1 0.5481469631195068 2
1 -1 1 757.83 267.75 -1 137 612.52 1 0.8104729652404785 2
1 -1 2 756.88 266.79 -2 137 438.09 1 0.6924080848693848 2
1 -1 3 752.68 127.82 -1 137 430.65999999999997 1 0.9523599147796631 2
1 -1 4 716.6 330.85 -1 137 330.85 1 0.014653205871582031 2
1 -1 5 602.69 438.47 -1 137 568.3799999999999 1 8.207320213317871 2
random:2T:1500
0 -1 0 962.62 281.61 -1 124 3509.96 4 0.6226539611816406 2
0 -1 1 972.19 397.62 -1 124 3891.2 4 0.8150088787078857 2
0 -1 2 970.06 281.61 -2 124 3346.19 4 0.6993160247802734 2
0 -1 3 977.59 0 -2 124 3701.81 4 0.9399979114532471 2
0 -1 4 945.79 477.49 -1 124 1953.35 4 0.015469074249267578 2
0 -1 5 797.05 640.1499999999995 -2 124 2819.4900000000002 4 6.250982046127319 2
1 -1 0 938.36 341.39 -2 137 769.39 1 0.7115368843078613 2
1 -1 1 980.06 367.15999999999997 -1 137 792.3399999999999 1 0.9402282238006592 2
1 -1 2 972.01 281.65 -2 137 623.4699999999999 1 0.819943904876709 2
1 -1 3 968.95 280.36 -1 137 655.91 1 1.1203792095184326 2
1 -1 4 920.37 399.24 -1 137 399.24 1 0.015532732009887695 2
1 -1 5 735.18 564.9300000000001 -1 137 716.1499999999999 1 9.352458715438843 2
random:3T:300
0 -1 0 81.6 0 -37 162 144.22 2 0.04381990432739258 3
0 -1 1 81.58 0 -46 162 272.08000000000004 2 0.18556880950927734 3
0 -1 2 81.6 0 -37 162 144.22 2 0.04597592353820801 3
0 -1 3 84.82 0.0 -48 162 105.84 2 0.28603100776672363 3
0 -1 4 79.11 0.0 -27 162 50.15 2 0.009406089782714844 3
0 -1 5 81.6 0 -37 162 144.22 2 0.26694416999816895 3
1 -1 0 89.11 0 -31 166 443.03999999999996 6 0.0442509651184082 3
1 -1 1 93.99 0 -42 166 863.33 6 0.21850109100341797 3
1 -1 2 89.11 0 -31 166 443.03999999999996 6 0.046484947204589844 3
1 -1 3 98.71 0 -38 166 725.1300000000001 6 0.2980611324310303 3
1 -1 4 80.85 0.0 -32 166 0.0 6 0.009150028228759766 3
1 -1 5 89.11 0.0 -31 166 443.03999999999996 6 0.2673342227935791 3
random:3T:600
0 -1 0 258.05 54.64 -1 162 373.89 2 0.1044468879699707 3
0 -1 1 250.84 0 -2 162 517.33 2 0.4026761054992676 3
0 -1 2 258.16 54.64 -1 162 365.48 2 0.1273040771484375 3
0 -1 3 268.08 0 -1 162 364.53000000000003 2 0.6301312446594238 3
0 -1 4 243.0 0.0 -6 162 269.36 2 0.010715961456298828 3
0 -1 5 257.36 54.64 -1 162 379.86 2 0.8159341812133789 3
1 -1 0 272.18 73.11 -1 166 1164.08 6 0.09835505485534668 3
1 -1 1 272.0 0 -16 166 1824.36 6 0.4930689334869385 3
1 -1 2 272.53 73.11 -1 166 1082.0 6 0.13259387016296387 3
1 -1 3 286.19 0 -4 166 1517.9699999999998 6 0.603187084197998 3
1 -1 4 247.26 0.0 -5 166 738.6 6 0.028063058853149414 3
1 -1 5 270.24 73.11 -1 166 1054.4199999999998 6 0.7363319396972656 3
random:3T:900
0 -1 0 453.59 234.16 -1 162 639.5 2 0.3595719337463379 3
0 -1 1 451.28 111.1 -1 162 871.5 2 0.6837599277496338 3
0 -1 2 457.33 206.49 -2 162 678.47 2 0.4328782558441162 3
0 -1 3 471.12 0 -1 162 700.21 2 0.9110069274902344 3
0 -1 4 436.07 178.06 -1 162 370.18 2 0.015878915786743164 3
0 -1 5 424.81 255.5 -1 162 694.3399999999999 2 3.827876091003418 3
1 -1 0 471.27 235.42 -1 166 2389.49 6 0.3664519786834717 3
1 -1 1 466.94 0 -2 166 2829.38 6 0.7198212146759033 3
1 -1 2 479.45 236.63 -2 166 2209.29 6 0.4968578815460205 3
1 -1 3 491.26 0 -4 166 2531.37 6 0.9479668140411377 3
1 -1 4 433.98 168.76999999999998 -1 166 1095.1 6 0.012480020523071289 3
1 -1 5 452.51 298.75 -2 166 2179.62 6 6.2097389698028564 3
random:3T:1200
0 -1 0 652.08 267.7 -1 162 984.9200000000001 2 0.5962262153625488 3
0 -1 1 651.53 249.07 -1 162 1226.3400000000001 2 0.8992280960083008 3
0 -1 2 661.47 267.7 -1 162 964.0799999999999 2 0.7227349281311035 3
0 -1 3 673.49 0 -1 162 948.74 2 1.1449551582336426 3
0 -1 4 621.69 258.84000000000003 -1 162 604.9100000000001 2 0.01583123207092285 3
0 -1 5 560.55 365.66999999999996 -1 162 963.61 2 6.772500991821289 3
1 -1 0 668.11 265.11 -2 166 3418.3900000000003 6 0.6049962043762207 3
1 -1 1 663.48 0 -2 166 4013.55 6 0.954132080078125 3
1 -1 2 682.12 265.11 -2 166 3159.32 6 0.756537914276123 3
1 -1 3 692.98 0 -4 166 3609.07 6 1.2197270393371582 3
1 -1 4 592.86 192.67 -1 166 1413.8899999999999 6 0.0165560245513916 3
1 -1 5 597.15 405.36 -2 166 2847.56 6 9.459179162979126 3
random:3T:1500
0 -1 0 850.05 282.15 -1 162 1311.24 2 0.8419239521026611 3
0 -1 1 843.87 271.93 -1 162 1575.55 2 1.2115700244903564 3
0 -1 2 862.32 282.15 -1 162 1316.69 2 1.0501391887664795 3
0 -1 3 869.86 203.31 -1 162 1171.9199999999998 2 1.6737699508666992 3
0 -1 4 824.53 362.28 -1 162 743.9599999999999 2 0.021761178970336914 3
0 -1 5 688.92 459.3 -1 162 1141.53 2 10.750678777694702 3
1 -1 0 864.7 280.73 -2 166 4596.18 6 0.9565720558166504 3
1 -1 1 860.59 0 -2 166 5173.41 6 1.294924020767212 3
1 -1 2 885.08 281.95 -1 166 4254.11 6 1.0637197494506836 3
1 -1 3 891.69 0 -2 166 4704.14 6 1.648521900177002 3
1 -1 4 792.2 322.56 -1 166 2129.24 6 0.0177001953125 3
1 -1 5 736.61 452.38 -1 166 3735.12 6 16.511849403381348 3
random:4T:300
0 -1 0 80.81 0 -39 161 86.12 1 0.04277825355529785 4
0 -1 1 87.12 0.0 -46 161 142.14000000000001 1 0.22268390655517578 4
0 -1 2 80.81 0 -39 161 86.12 1 0.044419050216674805 4
0 -1 3 86.39 0 -44 161 129.03 1 0.2935140132904053 4
0 -1 4 76.08 0.0 -30 161 0.0 1 0.009594202041625977 4
0 -1 5 80.81 0 -39 161 86.12 1 0.3043520450592041 4
1 -1 0 83.02 0 -35 165 228.11999999999998 5 0.047762155532836914 4
1 -1 1 87.89 0 -45 165 689.27 5 0.24526596069335938 4
1 -1 2 83.02 0 -35 165 228.11999999999998 5 0.051898956298828125 4
1 -1 3 89.32 0 -43 165 556.3199999999999 5 0.31171727180480957 4
1 -1 4 72.34 0.0 -32 165 0.0 5 0.00954294204711914 4
1 -1 5 83.02 0 -35 165 228.11999999999998 5 0.3156599998474121 4
random:4T:600
0 -1 0 243.59 0.0 -5 161 174.3 1 0.0906059741973877 4
0 -1 1 251.77 0 -7 161 287.31 1 0.4882619380950928 4
0 -1 2 243.74 0.0 -5 161 174.3 1 0.1195828914642334 4
0 -1 3 266.75 0 -12 161 232.36 1 0.6299130916595459 4
0 -1 4 233.03 0.0 -8 161 104.57 1 0.010820865631103516 4
0 -1 5 242.69 0.0 -5 161 174.3 1 0.3061659336090088 4
1 -1 0 266.77 53.36 -1 165 832.3100000000001 5 0.09199690818786621 4
1 -1 1 268.61 0 -8 165 1617.99 5 0.50901198387146 4
1 -1 2 267.12 53.36 -1 165 826.48 5 0.12896728515625 4
1 -1 3 264.35 0 -3 165 1095.72 5 0.6398401260375977 4
1 -1 4 233.29 0.0 -6 165 272.27 5 0.011420011520385742 4
1 -1 5 265.98 53.36 -1 165 834.5899999999999 5 0.7939760684967041 4
random:4T:900
0 -1 0 430.35 203.74 -1 161 345.3 1 0.27903294563293457 4
0 -1 1 452.17 0 -2 161 487.51000000000005 1 0.7418742179870605 4
0 -1 2 431.25 203.74 -1 161 278.40999999999997 1 0.3896358013153076 4
0 -1 3 472.18 0 -3 161 395.76000000000005 1 0.9317507743835449 4
0 -1 4 429.7 178.4 -1 161 178.4 1 0.01606917381286621 4
0 -1 5 414.28 203.74 -1 161 331.83 1 3.13952374458313 4
1 -1 0 468.62 237.39 -2 165 1949.2100000000003 5 0.35327696800231934 4
1 -1 1 469.54 0 -3 165 2519.5199999999995 5 0.7549660205841064 4
1 -1 2 472.9 237.39 -2 165 1758.57 5 0.4000730514526367 4
1 -1 3 463.83 0 -3 165 1752.11 5 0.8759469985961914 4
1 -1 4 425.64 163.01 -1 165 836.28 5 0.013669013977050781 4
1 -1 5 450.82 283.17 -1 165 1862.0800000000002 5 5.442795038223267 4
random:4T:1200
0 -1 0 630.09 266.88 -1 161 520.97 1 0.524838924407959 4
0 -1 1 652.95 0 -1 161 681.2800000000001 1 0.9239072799682617 4
0 -1 2 635.37 266.88 -1 161 446.08 1 0.5895290374755859 4
0 -1 3 674.48 0 -2 161 571.04 1 1.148134708404541 4
0 -1 4 601.68 230.64000000000001 -1 161 230.64000000000001 1 0.014859199523925781 4
0 -1 5 542.14 363.49 -1 161 469.22 1 5.224077224731445 4
1 -1 0 660.66 266.74 -2 165 2864.55 5 0.5886538028717041 4
1 -1 1 664.39 0 -1 165 3512.4399999999996 5 1.0108017921447754 4
1 -1 2 674.32 266.74 -2 165 2490.36 5 0.6656162738800049 4
1 -1 3 665.44 0 -2 165 2779.7300000000005 5 1.1456589698791504 4
1 -1 4 602.35 191.39 -1 165 978.8899999999999 5 0.014764070510864258 4
1 -1 5 586.92 405.91 -1 165 2280.23 5 8.465344905853271 4
random:4T:1500
0 -1 0 828.49 282.72 -2 161 711.37 1 0.7363359928131104 4
0 -1 1 852.97 0 -1 161 862.21 1 1.1457469463348389 4
0 -1 2 838.69 282.72 -2 161 603.9100000000001 1 0.8659071922302246 4
0 -1 3 878.36 0 -1 161 767.8000000000001 1 1.4233651161193848 4
0 -1 4 808.31 357.09000000000003 -1 161 357.09000000000003 1 0.01649308204650879 4
0 -1 5 658.28 433.04 -1 161 499.76 1 7.655766010284424 4
1 -1 0 858.36 281.62 -2 165 3788.33 5 0.8201689720153809 4
1 -1 1 862.84 0 -1 165 4507.2 5 1.222261905670166 4
1 -1 2 875.56 282.39 -1 165 3303.4399999999996 5 0.9671211242675781 4
1 -1 3 860.08 0 -2 165 3748.69 5 1.4607961177825928 4
1 -1 4 805.96 337.47999999999996 -1 165 1719.35 5 0.017978668212890625 4
1 -1 5 718.75 460.81 -1 165 3038.89 5 12.564648866653442 4
random:0T:300
0 -1 0 79.1 0 -39 170 333.25000000000006 8 0.04259777069091797 0
0 -1 1 84.98 0 -47 170 871.38 8 0.22020578384399414 0
0 -1 2 79.1 0 -39 170 333.25000000000006 8 0.04298090934753418 0
0 -1 3 84.69 0.0 -42 170 791.44 8 0.26540589332580566 0
0 -1 4 73.73 0.0 -33 170 3.76 8 0.008642911911010742 0
0 -1 5 79.1 0 -39 170 333.25000000000006 8 0.26297903060913086 0
1 -1 0 78.69 0.0 -37 160 107.0 2 0.0384371280670166 0
1 -1 1 87.51 0 -52 160 280.3 2 0.1815509796142578 0
1 -1 2 78.69 0.0 -37 160 107.0 2 0.04046487808227539 0
1 -1 3 87.37 0 -47 160 116.24 2 0.2726881504058838 0
1 -1 4 75.95 0.0 -31 160 0.0 2 0.008861303329467773 0
1 -1 5 78.69 0.0 -37 160 107.0 2 0.23929381370544434 0
random:0T:600
0 -1 0 244.82 10.09 -1 170 1291.93 8 0.059152841567993164 0
0 -1 1 251.3 0 -7 170 2085.1 8 0.44214296340942383 0
0 -1 2 244.83 10.09 -1 170 1291.93 8 0.06714701652526855 0
0 -1 3 257.15 0 -5 170 1721.5999999999997 8 0.5398259162902832 0
0 -1 4 236.06 0.0 -6 170 818.36 8 0.010311126708984375 0
0 -1 5 244.82 10.09 -1 170 1291.93 8 0.27054476737976074 0
1 -1 0 247.83 0.0 -1 160 328.49 2 0.05857419967651367 0
1 -1 1 258.3 0.0 -2 160 571.3100000000001 2 0.4100379943847656 0
1 -1 2 247.83 0.0 -1 160 328.49 2 0.05941319465637207 0
1 -1 3 276.14 77.47 -1 160 378.76 2 0.5639951229095459 0
1 -1 4 229.99 0.0 -9 160 58.04 2 0.009593963623046875 0
1 -1 5 247.83 0.0 -1 160 328.49 2 0.24994897842407227 0
random:0T:900
0 -1 0 434.56 184.81 -1 170 2502.75 8 0.2760307788848877 0
0 -1 1 443.87 0 -1 170 3454.9500000000003 8 0.6718869209289551 0
0 -1 2 438.14 184.81 -1 170 2492.75 8 0.34682321548461914 0
0 -1 3 454.21 0 -2 170 2981.9699999999993 8 0.8627707958221436 0
0 -1 4 424.63 165.89 -1 170 1423.1499999999996 8 0.01325678825378418 0
0 -1 5 419.39 242.93 -3 170 2488.33 8 4.00425124168396 0
1 -1 0 449.56 220.73 -2 160 717.22 2 0.30195188522338867 0
1 -1 1 461.93 0 -1 160 965.96 2 0.6656157970428467 0
1 -1 2 452.77 220.73 -2 160 649.74 2 0.33939099311828613 0
1 -1 3 480.65 192.28 -2 160 759.9200000000001 2 0.9376373291015625 0
1 -1 4 427.82 153.81 -1 160 321.87 2 0.012210845947265625 0
1 -1 5 426.65 258.08 -1 160 629.92 2 2.7910830974578857 0
random:0T:1200
0 -1 0 624.97 262.86 -1 170 3971.18 8 0.5363268852233887 0
0 -1 1 637.39 21.13 -1 170 4877.72 8 0.9241328239440918 0
0 -1 2 635.33 265.98 -1 170 3792.08 8 0.6546220779418945 0
0 -1 3 651.99 0 -1 170 4365.58 8 1.173170804977417 0
0 -1 4 605.94 192.03 -1 170 2060.44 8 0.014245033264160156 0
0 -1 5 564.65 372.66999999999996 -3 170 3696.1 8 7.6395769119262695 0
1 -1 0 650.53 267.09 -1 160 1064.22 2 0.5178771018981934 0
1 -1 1 664.88 0 -1 160 1368.0300000000002 2 0.8806798458099365 0
1 -1 2 653.87 256.38 -2 160 937.9100000000001 2 0.6014041900634766 0
1 -1 3 685.42 240.78 -2 160 1048.1399999999999 2 1.1667389869689941 0
1 -1 4 584.96 189.34 -1 160 381.85 2 0.013536930084228516 0
1 -1 5 561.45 389.61 -2 160 941.0 2 5.09235692024231 0
random:0T:1500
0 -1 0 816.57 280.55 -1 170 5368.33 8 0.9112529754638672 0
0 -1 1 830.27 237.12 -1 170 6261.579999999999 8 1.2255768775939941 0
0 -1 2 835.41 281.2 -1 170 5103.71 8 0.9843299388885498 0
0 -1 3 851.66 0 -1 170 5738.860000000001 8 1.4569661617279053 0
0 -1 4 805.23 344.99 -1 170 2894.0600000000004 8 0.01735091209411621 0
0 -1 5 688.79 451.0 -1 170 4121.08 8 10.795983791351318 0
1 -1 0 853.39 282.87 -1 160 1480.9700000000003 2 0.7377469539642334 0
1 -1 1 864.41 0 -1 160 1777.8600000000001 2 1.0877659320831299 0
1 -1 2 856.75 282.1 -1 160 1277.7600000000002 2 0.8472421169281006 0
1 -1 3 887.33 267.38 -2 160 1441.58 2 1.448436975479126 0
1 -1 4 784.7 291.75 -1 160 615.59 2 0.014645099639892578 0
1 -1 5 678.5 451.11 -1 160 1079.03 2 7.158583641052246 0
random:1T:300
0 -1 0 73.66 0.0 -28 157 611.4399999999999 5 0.0450129508972168 1
0 -1 1 77.26 0 -37 157 652.2 5 0.20835590362548828 1
0 -1 2 73.66 0.0 -28 157 611.4399999999999 5 0.04514908790588379 1
0 -1 3 76.23 0 -40 157 606.16 5 0.25505995750427246 1
0 -1 4 68.23 0.0 -31 157 0.0 5 0.009247064590454102 1
0 -1 5 73.66 0.0 -28 157 611.4399999999999 5 0.24418282508850098 1
1 -1 0 82.04 0.0 -37 170 78.83 2 0.04304170608520508 1
1 -1 1 85.26 0 -43 170 232.95999999999998 2 0.22492218017578125 1
1 -1 2 82.04 0.0 -37 170 78.83 2 0.049925804138183594 1
1 -1 3 81.62 0 -44 170 152.49 2 0.28296589851379395 1
1 -1 4 69.81 0.0 -34 170 0.0 2 0.009046077728271484 1
1 -1 5 82.04 0.0 -37 170 78.83 2 0.28678393363952637 1
random:1T:600
0 -1 0 251.36 74.09 -1 157 1082.31 5 0.10356688499450684 1
0 -1 1 254.92 0 -7 157 1528.5800000000004 5 0.40595197677612305 1
0 -1 2 251.51 74.09 -1 157 1038.63 5 0.12328004837036133 1
0 -1 3 260.26 0 -5 157 1334.3400000000001 5 0.5063910484313965 1
0 -1 4 228.71 0.0 -6 157 193.44 5 0.009883880615234375 1
0 -1 5 249.72 74.09 -1 157 1002.6700000000001 5 1.2460508346557617 1
1 -1 0 250.95 30.76 -1 170 269.53 2 0.0944221019744873 1
1 -1 1 264.63 0 -5 170 606.81 2 0.48570799827575684 1
1 -1 2 250.95 30.76 -1 170 269.53 2 0.09374213218688965 1
1 -1 3 263.04 0 -11 170 455.09 2 0.6557760238647461 1
1 -1 4 222.94 0.0 -10 170 273.73 2 0.011265993118286133 1
1 -1 5 250.69 30.76 -1 170 280.19 2 0.8053140640258789 1
random:1T:900
0 -1 0 454.03 210.55 -1 157 1945.6199999999997 5 0.3311159610748291 1
0 -1 1 457.04 0 -4 157 2330.2200000000003 5 0.6222100257873535 1
0 -1 2 457.93 210.55 -1 157 1836.5700000000004 5 0.407120943069458 1
0 -1 3 462.3 0 -4 157 2253.23 5 0.8034951686859131 1
0 -1 4 422.24 157.5 -1 157 818.76 5 0.01363515853881836 1
0 -1 5 423.88 271.21999999999997 -2 157 1874.6000000000001 5 4.537762880325317 1
1 -1 0 444.49 216.62 -2 170 562.26 2 0.3285050392150879 1
1 -1 1 461.97 0 -2 170 1029.0 2 0.7572050094604492 1
1 -1 2 447.95 216.62 -2 170 517.5600000000001 2 0.4110269546508789 1
1 -1 3 464.41 0 -10 170 804.8 2 0.912804126739502 1
1 -1 4 416.49 108.1 -1 170 371.15 2 0.01244974136352539 1
1 -1 5 420.36 260.16 -1 170 660.1299999999999 2 4.688370943069458 1
random:1T:1200
0 -1 0 660.43 250.8 -1 157 2839.0899999999997 5 0.5606887340545654 1
0 -1 1 655.27 0 -3 157 3260.68 5 0.867232084274292 1
0 -1 2 663.92 250.8 -1 157 2840.55 5 0.6569051742553711 1
0 -1 3 663.3 0 -2 157 3124.93 5 1.0459511280059814 1
0 -1 4 605.03 190.16000000000003 -1 157 977.5300000000001 5 0.014156818389892578 1
0 -1 5 565.7 380.71 -1 157 2465.28 5 7.376055002212524 1
1 -1 0 641.2 254.13 -2 170 960.27 2 0.6118237972259521 1
1 -1 1 664.41 0 -2 170 1407.54 2 1.048788070678711 1
1 -1 2 651.53 254.13 -2 170 842.23 2 0.7081530094146729 1
1 -1 3 667.68 0 -9 170 1140.3700000000001 2 1.2685909271240234 1
1 -1 4 569.75 195.62 -1 170 452.97 2 0.015035152435302734 1
1 -1 5 556.39 368.22 -1 170 935.64 2 9.157827854156494 1
random:1T:1500
0 -1 0 859.97 276.61 -2 157 3794.26 5 0.8037197589874268 1
0 -1 1 853.7 0 -3 157 4209.32 5 1.1099109649658203 1
0 -1 2 866.94 272.88 -1 157 3782.79 5 0.930351972579956 1
0 -1 3 865.99 0 -2 157 4149.889999999999 5 1.3442320823669434 1
0 -1 4 807.65 336.85 -1 157 1724.84 5 0.0182647705078125 1
0 -1 5 683.05 438.45000000000005 -1 157 2664.94 5 9.14807391166687 1
1 -1 0 836.79 274.71 -2 170 1398.22 2 0.7592587471008301 1
1 -1 1 865.93 0 -2 170 1730.25 2 1.1352651119232178 1
1 -1 2 848.78 274.71 -2 170 1249.3600000000001 2 0.9299840927124023 1
1 -1 3 867.61 0 -6 170 1550.5 2 1.372023105621338 1
1 -1 4 757.17 344.2 -1 170 709.1099999999999 2 0.015401363372802734 1
1 -1 5 681.47 449.79 -1 170 1187.58 2 11.099810123443604 1
random:2T:300
0 -1 0 98.06 0.0 -15 124 260.46 4 0.02845311164855957 2
0 -1 1 106.04 0.0 -16 124 538.99 4 0.13740015029907227 2
0 -1 2 98.06 0.0 -15 124 260.46 4 0.030010700225830078 2
0 -1 3 105.57 0.0 -12 124 519.8199999999999 4 0.17911386489868164 2
0 -1 4 94.84 0.0 -21 124 0.0 4 0.006199836730957031 2
0 -1 5 98.06 0.0 -15 124 260.46 4 0.1214599609375 2
1 -1 0 104.58 0.0 -22 137 0.0 1 0.03452801704406738 2
1 -1 1 107.23 0.0 -23 137 20.27 1 0.1600048542022705 2
1 -1 2 104.58 0.0 -22 137 0.0 1 0.035511016845703125 2
1 -1 3 108.05 0.0 -18 137 0.0 1 0.20779109001159668 2
1 -1 4 100.11 0.0 -22 137 0.0 1 0.007261991500854492 2
1 -1 5 104.58 0.0 -22 137 0.0 1 0.15575289726257324 2
random:2T:600
0 -1 0 309.04 155.78 -1 124 1011.3699999999999 4 0.12611722946166992 2
0 -1 1 320.03 0 -3 124 1441.1599999999999 4 0.2959177494049072 2
0 -1 2 309.12 155.78 -1 124 954.88 4 0.13208818435668945 2
0 -1 3 321.37 0 -2 124 1302.89 4 0.37038612365722656 2
0 -1 4 301.11 107.25 -1 124 549.31 4 0.009093761444091797 2
0 -1 5 303.93 155.78 -1 124 942.8700000000001 4 0.9963140487670898 2
1 -1 0 312.68 144.48000000000002 -1 137 144.48000000000002 1 0.15330982208251953 2
1 -1 1 318.64 0 -1 137 217.26 1 0.3436880111694336 2
1 -1 2 314.3 118.88 -1 137 118.88 1 0.15183305740356445 2
1 -1 3 316.61 0 -2 137 100.52 1 0.4253528118133545 2
1 -1 4 301.9 79.83 -1 137 122.51 1 0.009186267852783203 2
1 -1 5 305.48 146.15 -1 137 161.10999999999999 1 3.0323402881622314 2
random:2T:900
0 -1 0 525.1 237.29 -1 124 1814.17 4 0.2807199954986572 2
0 -1 1 528.76 160.84 -1 124 2257.7400000000002 4 0.44397902488708496 2
0 -1 2 528.42 237.29 -2 124 1731.7299999999998 4 0.30167198181152344 2
0 -1 3 538.72 0 -2 124 2133.09 4 0.5466339588165283 2
0 -1 4 512.22 217.0 -1 124 953.96 4 0.009716987609863281 2
0 -1 5 485.35 346.69 -2 124 1694.81 4 2.964665174484253 2
1 -1 0 517.32 239.7 -2 137 359.14 1 0.32480692863464355 2
1 -1 1 538.04 142.58 -1 137 418.96999999999997 1 0.5463109016418457 2
1 -1 2 536.82 239.7 -2 137 254.3 1 0.38002920150756836 2
1 -1 3 532.92 0 -2 137 275.99 1 0.6710703372955322 2
1 -1 4 500.73 182.39 -1 137 182.39 1 0.011378765106201172 2
1 -1 5 470.0 335.17 -1 137 402.4999999999999 1 5.901969909667969 2
random:2T:1200
0 -1 0 745.65 266.72 -1 124 2678.48 4 0.427570104598999 2
0 -1 1 750.86 313.75 -1 124 3088.0299999999997 4 0.6122963428497314 2
0 -1 2 749.42 266.72 -2 124 2523.4900000000002 4 0.4807920455932617 2
0 -1 3 758.67 0 -2 124 2906.08 4 0.714853048324585 2
0 -1 4 723.73 343.32 -1 124 1392.42 4 0.013043880462646484 2
0 -1 5 646.24 492.66 -2 124 2251.79 4 4.278196096420288 2
1 -1 0 733.99 266.79 -2 137 575.87 1 0.5063769817352295 2
1 -1 1 757.83 267.75 -1 137 612.52 1 0.7367532253265381 2
1 -1 2 756.88 266.79 -2 137 438.09 1 0.6074450016021729 2
1 -1 3 752.68 127.82 -1 137 430.65999999999997 1 0.8914248943328857 2
1 -1 4 716.6 330.85 -1 137 330.85 1 0.01368570327758789 2
1 -1 5 602.69 438.47 -1 137 568.3799999999999 1 7.489947080612183 2
random:2T:1500
0 -1 0 962.62 281.61 -1 124 3509.96 4 0.5954339504241943 2
0 -1 1 972.19 397.62 -1 124 3891.2 4 0.7907021045684814 2
0 -1 2 970.06 281.61 -2 124 3346.19 4 0.6777229309082031 2
0 -1 3 977.59 0 -2 124 3701.81 4 0.9279191493988037 2
0 -1 4 945.79 477.49 -1 124 1953.35 4 0.014581918716430664 2
0 -1 5 797.05 640.1499999999995 -2 124 2819.4900000000002 4 5.89293909072876 2
1 -1 0 938.36 341.39 -2 137 769.39 1 0.6783440113067627 2
1 -1 1 980.06 367.15999999999997 -1 137 792.3399999999999 1 0.8974418640136719 2
1 -1 2 972.01 281.65 -2 137 623.4699999999999 1 0.8101472854614258 2
1 -1 3 968.95 280.36 -1 137 655.91 1 1.1123290061950684 2
1 -1 4 920.37 399.24 -1 137 399.24 1 0.015403032302856445 2
1 -1 5 735.18 564.9300000000001 -1 137 716.1499999999999 1 8.894262075424194 2
random:3T:300
0 -1 0 81.6 0 -37 162 144.22 2 0.043737173080444336 3
0 -1 1 81.58 0 -46 162 272.08000000000004 2 0.17422699928283691 3
0 -1 2 81.6 0 -37 162 144.22 2 0.04326295852661133 3
0 -1 3 84.82 0.0 -48 162 105.84 2 0.2698240280151367 3
0 -1 4 79.11 0.0 -27 162 50.15 2 0.009109020233154297 3
0 -1 5 81.6 0 -37 162 144.22 2 0.26382994651794434 3
1 -1 0 89.11 0 -31 166 443.03999999999996 6 0.04469490051269531 3
1 -1 1 93.99 0 -43 166 724.26 6 0.21409296989440918 3
1 -1 2 89.11 0 -31 166 443.03999999999996 6 0.044090986251831055 3
1 -1 3 98.71 0 -39 166 586.06 6 0.28936100006103516 3
1 -1 4 80.85 0.0 -32 166 0.0 6 0.008422136306762695 3
1 -1 5 89.11 0.0 -31 166 443.03999999999996 6 0.26105189323425293 3
random:3T:600
0 -1 0 258.05 54.64 -1 162 373.89 2 0.10437607765197754 3
0 -1 1 250.84 0 -2 162 517.33 2 0.3970317840576172 3
0 -1 2 258.16 54.64 -1 162 365.48 2 0.11369514465332031 3
0 -1 3 268.08 0 -1 162 364.53000000000003 2 0.5425138473510742 3
0 -1 4 243.0 0.0 -6 162 269.36 2 0.009880781173706055 3
0 -1 5 257.36 54.64 -1 162 379.86 2 0.6829900741577148 3
1 -1 0 272.18 73.11 -1 166 1164.08 6 0.09114718437194824 3
1 -1 1 272.0 0 -16 166 1824.36 6 0.47214841842651367 3
1 -1 2 272.53 73.11 -1 166 1082.0 6 0.1289970874786377 3
1 -1 3 286.19 0 -4 166 1517.9699999999998 6 0.5380270481109619 3
1 -1 4 247.26 0.0 -5 166 738.6 6 0.027425050735473633 3
1 -1 5 270.24 73.11 -1 166 1054.4199999999998 6 0.6661019325256348 3
random:3T:900
0 -1 0 453.59 234.16 -1 162 639.5 2 0.31261706352233887 3
0 -1 1 451.28 111.1 -1 162 871.5 2 0.5963461399078369 3
0 -1 2 457.33 206.49 -2 162 678.47 2 0.3966789245605469 3
0 -1 3 471.12 0 -1 162 700.21 2 0.7974481582641602 3
0 -1 4 436.07 178.06 -1 162 370.18 2 0.012662887573242188 3
0 -1 5 424.81 255.5 -1 162 694.3399999999999 2 3.263843059539795 3
1 -1 0 471.27 235.42 -1 166 2389.49 6 0.33115291595458984 3
1 -1 1 466.94 0 -2 166 2829.38 6 0.6323502063751221 3
1 -1 2 479.45 236.63 -2 166 2209.29 6 0.3739500045776367 3
1 -1 3 491.26 0 -4 166 2531.37 6 0.7872450351715088 3
1 -1 4 433.98 168.76999999999998 -1 166 1095.1 6 0.011378049850463867 3
1 -1 5 452.51 298.75 -2 166 2179.62 6 5.468117952346802 3
random:3T:1200
0 -1 0 652.08 267.7 -1 162 984.9200000000001 2 0.5375308990478516 3
0 -1 1 651.53 249.07 -1 162 1226.3400000000001 2 0.8152780532836914 3
0 -1 2 661.47 267.7 -1 162 964.0799999999999 2 0.6636149883270264 3
0 -1 3 673.49 0 -1 162 948.74 2 1.0472328662872314 3
0 -1 4 621.69 258.84000000000003 -1 162 604.9100000000001 2 0.014036893844604492 3
0 -1 5 560.55 365.66999999999996 -1 162 963.61 2 6.075451850891113 3
1 -1 0 668.11 265.11 -2 166 3418.3900000000003 6 0.5885200500488281 3
1 -1 1 663.48 0 -2 166 4013.55 6 0.9082300662994385 3
1 -1 2 682.12 265.11 -2 166 3159.32 6 0.6608231067657471 3
1 -1 3 692.98 0 -4 166 3609.07 6 1.0904052257537842 3
1 -1 4 592.86 192.67 -1 166 1413.8899999999999 6 0.013437986373901367 3
1 -1 5 597.15 405.36 -2 166 2847.56 6 8.188282251358032 3
random:3T:1500
0 -1 0 850.05 282.15 -1 162 1311.24 2 0.7481698989868164 3
0 -1 1 843.87 271.93 -1 162 1575.55 2 1.0188510417938232 3
0 -1 2 862.32 282.15 -1 162 1316.69 2 0.8971869945526123 3
0 -1 3 869.86 203.31 -1 162 1171.9199999999998 2 1.319164752960205 3
0 -1 4 824.53 362.28 -1 162 743.9599999999999 2 0.016691207885742188 3
0 -1 5 688.92 459.3 -1 162 1141.53 2 8.092134952545166 3
1 -1 0 864.7 280.73 -2 166 4596.18 6 0.759552001953125 3
1 -1 1 860.59 0 -2 166 5173.41 6 1.0596380233764648 3
1 -1 2 885.08 281.95 -1 166 4254.11 6 0.8817436695098877 3
1 -1 3 891.69 0 -2 166 4704.14 6 1.301563024520874 3
1 -1 4 792.2 322.56 -1 166 2129.24 6 0.01424407958984375 3
1 -1 5 736.61 452.38 -1 166 3735.12 6 12.976123094558716 3
random:4T:300
0 -1 0 80.81 0 -39 161 86.12 1 0.04096388816833496 4
0 -1 1 87.12 0.0 -46 161 142.14000000000001 1 0.19914913177490234 4
0 -1 2 80.81 0 -39 161 86.12 1 0.03996014595031738 4
0 -1 3 86.39 0 -44 161 129.03 1 0.25992894172668457 4
0 -1 4 76.08 0.0 -30 161 0.0 1 0.008307218551635742 4
0 -1 5 80.81 0 -39 161 86.12 1 0.24840807914733887 4
1 -1 0 83.02 0 -35 165 228.11999999999998 5 0.046073198318481445 4
1 -1 1 87.89 0 -45 165 689.27 5 0.2162458896636963 4
1 -1 2 83.02 0 -35 165 228.11999999999998 5 0.04380989074707031 4
1 -1 3 89.32 0 -43 165 556.3199999999999 5 0.2760460376739502 4
1 -1 4 72.34 0.0 -32 165 0.0 5 0.008498191833496094 4
1 -1 5 83.02 0 -35 165 228.11999999999998 5 0.25714707374572754 4
random:4T:600
0 -1 0 243.59 0.0 -5 161 174.3 1 0.07702994346618652 4
0 -1 1 251.77 0 -7 161 287.31 1 0.4103848934173584 4
0 -1 2 243.74 0.0 -5 161 174.3 1 0.10050725936889648 4
0 -1 3 266.75 0 -12 161 232.36 1 0.5299930572509766 4
0 -1 4 233.03 0.0 -8 161 104.57 1 0.00980520248413086 4
0 -1 5 242.69 0.0 -5 161 174.3 1 0.25723886489868164 4
1 -1 0 266.77 53.36 -1 165 832.3100000000001 5 0.08059811592102051 4
1 -1 1 268.61 0 -8 165 1617.99 5 0.4206979274749756 4
1 -1 2 267.12 53.36 -1 165 826.48 5 0.10272622108459473 4
1 -1 3 264.35 0 -3 165 1095.72 5 0.5205669403076172 4
1 -1 4 233.29 0.0 -6 165 272.27 5 0.009681940078735352 4
1 -1 5 265.98 53.36 -1 165 834.5899999999999 5 0.6670947074890137 4
random:4T:900
0 -1 0 430.35 203.74 -1 161 345.3 1 0.2355480194091797 4
0 -1 1 452.17 0 -2 161 487.51000000000005 1 0.5970392227172852 4
0 -1 2 431.25 203.74 -1 161 278.40999999999997 1 0.3090240955352783 4
0 -1 3 472.18 0 -3 161 395.76000000000005 1 0.7877311706542969 4
0 -1 4 429.7 178.4 -1 161 178.4 1 0.012460947036743164 4
0 -1 5 414.28 203.74 -1 161 331.83 1 2.7016749382019043 4
1 -1 0 468.62 237.39 -2 165 1949.2100000000003 5 0.3050730228424072 4
1 -1 1 469.54 0 -3 165 2519.5199999999995 5 0.664222002029419 4
1 -1 2 472.9 237.39 -2 165 1758.57 5 0.3600177764892578 4
1 -1 3 463.83 0 -3 165 1752.11 5 0.775191068649292 4
1 -1 4 425.64 163.01 -1 165 836.28 5 0.012959957122802734 4
1 -1 5 450.82 283.17 -1 165 1862.0800000000002 5 4.8221330642700195 4
random:4T:1200
0 -1 0 630.09 266.88 -1 161 520.97 1 0.4736628532409668 4
0 -1 1 652.95 0 -1 161 681.2800000000001 1 0.833939790725708 4
0 -1 2 635.37 266.88 -1 161 446.08 1 0.5441572666168213 4
0 -1 3 674.48 0 -2 161 571.04 1 1.1077449321746826 4
0 -1 4 601.68 230.64000000000001 -1 161 230.64000000000001 1 0.01424407958984375 4
0 -1 5 542.14 363.49 -1 161 469.22 1 4.9333508014678955 4
1 -1 0 660.66 266.74 -2 165 2864.55 5 0.5507659912109375 4
1 -1 1 664.39 0 -1 165 3512.4399999999996 5 0.9058928489685059 4
1 -1 2 674.32 266.74 -2 165 2490.36 5 0.6264667510986328 4
1 -1 3 665.44 0 -2 165 2779.7300000000005 5 1.0390071868896484 4
1 -1 4 602.35 191.39 -1 165 978.8899999999999 5 0.013681888580322266 4
1 -1 5 586.92 405.91 -1 165 2280.23 5 7.51512598991394 4
random:4T:1500
0 -1 0 828.49 282.72 -2 161 711.37 1 0.655447244644165 4
0 -1 1 852.97 0 -1 161 862.21 1 1.0156099796295166 4
0 -1 2 838.69 282.72 -2 161 603.9100000000001 1 0.7654657363891602 4
0 -1 3 878.36 0 -1 161 767.8000000000001 1 1.245063304901123 4
0 -1 4 808.31 357.09000000000003 -1 161 357.09000000000003 1 0.014366865158081055 4
0 -1 5 658.28 433.04 -1 161 499.76 1 6.548063039779663 4
1 -1 0 858.36 281.62 -2 165 3788.33 5 0.6903650760650635 4
1 -1 1 862.84 0 -1 165 4507.2 5 1.023634910583496 4
1 -1 2 875.56 282.39 -1 165 3303.4399999999996 5 0.861954927444458 4
1 -1 3 860.08 0 -2 165 3748.69 5 1.2746171951293945 4
1 -1 4 805.96 337.47999999999996 -1 165 1719.35 5 0.015139102935791016 4
1 -1 5 718.75 460.81 -1 165 3038.89 5 11.295885801315308 4
