random:0T:300
0 -1 0 116.25 0.0 -4 76 441.9 5 0.020906925201416016 0
0 -1 1 126.72 0.0 -8 76 760.1999999999999 5 0.07639884948730469 0
0 -1 2 126.72 0.0 -8 76 760.1999999999999 5 0.10165715217590332 0
0 -1 3 125.08 0 -4 76 661.2099999999999 5 0.08979201316833496 0
0 -1 4 97.2 0.0 -9 76 22.47 5 0.003900766372680664 0
0 -1 5 116.25 0.0 -4 76 441.9 5 0.05208301544189453 0
1 -1 0 148.79 30.34 -1 91 144.93 1 0.033510684967041016 0
1 -1 1 152.71 0 -4 91 160.06 1 0.12394213676452637 0
1 -1 2 152.71 0 -4 91 160.06 1 0.15328574180603027 0
1 -1 3 152.14 22.96 -1 91 144.31 1 0.14942073822021484 0
1 -1 4 135.62 0.0 -4 91 115.23 1 0.004904031753540039 0
1 -1 5 148.64 30.34 -1 91 144.93 1 0.19472575187683105 0
2 -1 0 144.26 37.04 -1 83 205.7 2 0.03566694259643555 0
2 -1 1 151.21 0 -1 83 317.15 2 0.11090087890625 0
2 -1 2 151.21 0 -1 83 317.15 2 0.14242196083068848 0
2 -1 3 149.51 0 -1 83 142.1 2 0.12720990180969238 0
2 -1 4 130.88 0.0 -4 83 192.01 2 0.004606008529663086 0
2 -1 5 143.86 37.04 -1 83 204.66 2 0.31477808952331543 0
3 -1 0 116.6 0.0 -1 80 164.42000000000002 2 0.019174814224243164 0
3 -1 1 121.78 0 -5 80 273.93 2 0.08559489250183105 0
3 -1 2 121.78 0 -5 80 273.93 2 0.11670970916748047 0
3 -1 3 126.14 6.95 -1 80 162.65 2 0.11635494232177734 0
3 -1 4 109.46 0.0 -7 80 0.0 2 0.004451274871826172 0
3 -1 5 116.6 0.0 -1 80 164.42000000000002 2 0.06330180168151855 0
random:0T:600
0 -1 0 348.83 192.3 -2 76 1636.3200000000002 5 0.11008596420288086 0
0 -1 1 358.02 4.31 -1 76 2025.3000000000002 5 0.17547273635864258 0
0 -1 2 358.02 4.31 -1 76 2025.3000000000002 5 0.22738289833068848 0
0 -1 3 366.74 104.14 -1 76 1722.24 5 0.19197702407836914 0
0 -1 4 323.82 146.22 -1 76 769.37 5 0.005502939224243164 0
0 -1 5 342.97 229.86 -1 76 1561.3600000000001 5 0.9061429500579834 0
1 -1 0 388.88 291.91 -1 91 379.9899999999999 1 0.15810704231262207 0
1 -1 1 385.21 139.52 -1 91 390.58 1 0.23456811904907227 0
1 -1 2 385.21 139.52 -1 91 390.58 1 0.3018779754638672 0
1 -1 3 393.0 199.51 -1 91 347.59 1 0.28615498542785645 0
1 -1 4 357.16 201.38 -1 91 233.14999999999998 1 0.006588935852050781 0
1 -1 5 356.86 274.25 -2 91 385.36 1 1.3651149272918701 0
2 -1 0 385.39 204.78 -1 83 659.99 2 0.1524507999420166 0
2 -1 1 390.1 89.44 -1 83 774.6 2 0.22383594512939453 0
2 -1 2 390.1 89.44 -1 83 774.6 2 0.2863302230834961 0
2 -1 3 390.11 95.79 -1 83 541.46 2 0.25109028816223145 0
2 -1 4 361.86 227.94 -1 83 474.65999999999997 2 0.006524801254272461 0
2 -1 5 343.71 243.05 -3 83 668.48 2 1.5913009643554688 0
3 -1 0 356.11 191.27 -2 80 578.24 2 0.1117091178894043 0
3 -1 1 358.65 185.18 -1 80 723.0500000000001 2 0.17697906494140625 0
3 -1 2 358.65 185.18 -1 80 723.0500000000001 2 0.22620391845703125 0
3 -1 3 370.7 193.78 -1 80 549.4200000000001 2 0.22054290771484375 0
3 -1 4 334.93 134.66 -1 80 280.72 2 0.0057239532470703125 0
3 -1 5 326.04 231.49 -2 80 588.09 2 0.7140238285064697 0
random:0T:900
0 -1 0 572.07 240.79 -2 76 2793.0400000000004 5 0.20090436935424805 0
0 -1 1 596.71 227.9 -1 76 3176.69 5 0.2666308879852295 0
0 -1 2 596.71 227.9 -1 76 3176.69 5 0.34320497512817383 0
0 -1 3 612.59 259.84000000000003 -1 76 2885.7300000000005 5 0.28858113288879395 0
0 -1 4 555.25 297.99 -1 76 1536.0399999999997 5 0.007364034652709961 0
0 -1 5 530.18 370.57 -1 76 2471.4 5 1.5124831199645996 0
1 -1 0 631.14 467.61 -1 91 600.75 1 0.27699899673461914 0
1 -1 1 621.75 246.04 -1 91 620.44 1 0.3514978885650635 0
1 -1 2 621.75 246.04 -1 91 620.44 1 0.46097683906555176 0
1 -1 3 634.54 340.23 -1 91 554.73 1 0.44832491874694824 0
1 -1 4 587.71 341.2199999999999 -1 91 341.2199999999999 1 0.009417057037353516 0
1 -1 5 524.77 403.24 -1 91 563.5 1 2.576037883758545 0
2 -1 0 628.52 338.93 -1 83 1075.79 2 0.28156399726867676 0
2 -1 1 630.56 200.67 -1 83 1225.9 2 0.34942102432250977 0
2 -1 2 630.56 200.67 -1 83 1225.9 2 0.4575841426849365 0
2 -1 3 633.12 230.96 -1 83 889.8700000000001 2 0.3949089050292969 0
2 -1 4 595.42 363.74 -1 83 748.44 2 0.00899195671081543 0
2 -1 5 512.53 400.40999999999997 -1 83 1089.77 2 2.702733039855957 0
3 -1 0 596.71 387.20000000000005 -1 80 1008.01 2 0.2121129035949707 0
3 -1 1 600.34 239.14 -1 80 1118.17 2 0.3076632022857666 0
3 -1 2 600.34 239.14 -1 80 1118.17 2 0.36960315704345703 0
3 -1 3 618.4 328.44 -1 80 922.99 2 0.34064221382141113 0
3 -1 4 566.66 276.97999999999996 -1 80 569.81 2 0.00755000114440918 0
3 -1 5 497.8 385.99 -1 80 984.4200000000001 2 1.4912190437316895 0
random:0T:1200
0 -1 0 807.76 293.47 -1 76 4007.21 5 0.3154940605163574 0
0 -1 1 833.21 350.53 -1 76 4405.4800000000005 5 0.3786733150482178 0
0 -1 2 833.21 350.53 -1 76 4405.4800000000005 5 0.503849983215332 0
0 -1 3 850.97 380.56 -1 76 4069.77 5 0.40772199630737305 0
0 -1 4 787.65 447.5 -1 76 2293.09 5 0.009024858474731445 0
0 -1 5 711.09 512.77 -1 76 3205.59 5 2.194758176803589 0
1 -1 0 869.86 539.62 -1 91 811.5 1 0.4023721218109131 0
1 -1 1 860.95 409.02 -1 91 827.81 1 0.47577810287475586 0
1 -1 2 860.95 409.02 -1 91 827.81 1 0.5969710350036621 0
1 -1 3 876.3 516.46 -1 91 756.5600000000001 1 0.5681860446929932 0
1 -1 4 815.7 493.7799999999999 -1 91 493.7799999999999 1 0.009557247161865234 0
1 -1 5 685.89 553.5400000000001 -1 91 718.0300000000001 1 3.4071857929229736 0
2 -1 0 868.99 516.98 -1 83 1538.6999999999998 2 0.3972916603088379 0
2 -1 1 868.42 323.19 -1 83 1681.94 2 0.4498879909515381 0
2 -1 2 868.42 323.19 -1 83 1681.94 2 0.5900499820709229 0
2 -1 3 877.88 411.6 -1 83 1277.5700000000002 2 0.499708890914917 0
2 -1 4 829.74 493.1 -1 83 1011.5 2 0.010401010513305664 0
2 -1 5 669.44 545.5 -1 83 1374.49 2 3.6090502738952637 0
3 -1 0 837.69 535.67 -1 80 1444.0500000000002 2 0.30431103706359863 0
3 -1 1 841.59 438.09 -1 80 1540.04 2 0.3682711124420166 0
3 -1 2 841.59 438.09 -1 80 1540.04 2 0.46483612060546875 0
3 -1 3 861.91 508.06 -1 80 1318.71 2 0.4469790458679199 0
3 -1 4 800.27 409.4599999999999 -1 80 840.9399999999999 2 0.008903264999389648 0
3 -1 5 671.5 547.5699999999998 -2 80 1299.14 2 2.4563839435577393 0
random:0T:1500
0 -1 0 1038.85 455.01 -1 76 5294.02 5 0.42279791831970215 0
0 -1 1 1069.96 417.79 -1 76 5553.52 5 0.5010290145874023 0
0 -1 2 1069.96 417.79 -1 76 5553.52 5 0.6240129470825195 0
0 -1 3 1091.0 580.6 -1 76 5264.59 5 0.5386989116668701 0
0 -1 4 1020.83 594.3 -1 76 3038.49 5 0.011202096939086914 0
0 -1 5 901.19 713.9799999999999 -2 76 3748.43 5 2.918207883834839 0
1 -1 0 1107.01 746.87 -1 91 1042.54 1 0.5026309490203857 0
1 -1 1 1099.37 566.11 -1 91 1032.32 1 0.5797140598297119 0
1 -1 2 1099.37 566.11 -1 91 1032.32 1 0.7489919662475586 0
1 -1 3 1116.17 612.23 -1 91 970.38 1 0.6949403285980225 0
1 -1 4 1036.77 633.3299999999999 -1 91 633.3299999999999 1 0.012424945831298828 0
1 -1 5 859.31 691.84 -1 91 771.4200000000001 1 4.51176381111145 0
2 -1 0 1107.09 614.63 -1 83 1989.02 2 0.4922471046447754 0
2 -1 1 1107.48 464.37 -1 83 2144.1 2 0.5573291778564453 0
2 -1 2 1107.48 464.37 -1 83 2144.1 2 0.712000846862793 0
2 -1 3 1123.06 539.8399999999999 -1 83 1663.4 2 0.6270561218261719 0
2 -1 4 1064.97 644.5 -1 83 1294.62 2 0.012630939483642578 0
2 -1 5 831.86 702.93 -1 83 1569.3899999999999 2 4.581593036651611 0
3 -1 0 1079.45 662.2 -1 80 1873.75 2 0.3793210983276367 0
3 -1 1 1081.77 576.74 -1 80 1963.0400000000002 2 0.44947004318237305 0
3 -1 2 1081.77 576.74 -1 80 1963.0400000000002 2 0.5728757381439209 0
3 -1 3 1106.76 712.46 -1 80 1721.8799999999999 2 0.5462608337402344 0
3 -1 4 1029.72 528.25 -1 80 1087.1 2 0.010151863098144531 0
3 -1 5 834.32 666.9499999999999 -1 80 1521.76 2 3.1353838443756104 0
random:1T:300
0 -1 0 150.26 53.46 -1 55 652.9 5 0.025801897048950195 1
0 -1 1 153.01 0.0 -2 55 875.0699999999999 5 0.0613248348236084 1
0 -1 2 153.01 0.0 -2 55 875.0699999999999 5 0.0802769660949707 1
0 -1 3 157.0 0 -2 55 734.54 5 0.07739901542663574 1
0 -1 4 127.33 19.189999999999998 -1 55 423.97 5 0.0031774044036865234 1
0 -1 5 148.64 53.46 -1 55 617.6700000000001 5 0.09857320785522461 1
1 -1 0 140.96 33.52 -1 90 0 0 0.038233041763305664 1
1 -1 1 147.04 0 -3 90 0 0 0.1191549301147461 1
1 -1 2 147.04 0 -3 90 0 0 0.15761280059814453 1
1 -1 3 153.32 0 -7 90 0 0 0.1570119857788086 1
1 -1 4 137.36 0.0 -4 90 0 0 0.004973173141479492 1
1 -1 5 140.4 33.510000000000005 -1 90 0 0 0.2632298469543457 1
2 -1 0 105.29 0.0 -5 100 0 0 0.025960922241210938 1
2 -1 1 110.37 0 -7 100 0 0 0.1199491024017334 1
2 -1 2 110.37 0 -7 100 0 0 0.15461492538452148 1
2 -1 3 111.03 0 -6 100 0 0 0.15535688400268555 1
2 -1 4 96.06 0.0 -10 100 0 0 0.005135297775268555 1
2 -1 5 105.29 0.0 -5 100 0 0 0.10228204727172852 1
3 -1 0 151.3 44.29 -1 82 201.92000000000002 2 0.040138959884643555 1
3 -1 1 153.09 0.0 -4 82 363.79 2 0.11299800872802734 1
3 -1 2 153.09 0.0 -4 82 363.79 2 0.14479899406433105 1
3 -1 3 158.25 0 -5 82 315.12 2 0.14332294464111328 1
3 -1 4 133.97 0.0 -4 82 65.82 2 0.004951000213623047 1
3 -1 5 150.41 44.29 -1 82 201.64999999999998 2 0.22108101844787598 1
random:1T:600
0 -1 0 404.32 254.85 -1 55 1859.9300000000003 5 0.0913538932800293 1
0 -1 1 403.2 119.94 -1 55 2096.22 5 0.13254380226135254 1
0 -1 2 403.2 119.94 -1 55 2096.22 5 0.18783211708068848 1
0 -1 3 413.14 164.15 -1 55 1902.37 5 0.1534557342529297 1
0 -1 4 370.59 235.69 -1 55 1258.75 5 0.005178928375244141 1
0 -1 5 373.56 269.97 -1 55 1828.68 5 0.634666919708252 1
1 -1 0 382.55 196.53 -2 90 0 0 0.17033600807189941 1
1 -1 1 384.78 69.14 -1 90 0 0 0.2542598247528076 1
1 -1 2 384.78 69.14 -1 90 0 0 0.32595205307006836 1
1 -1 3 392.53 98.3 -1 90 0 0 0.2962210178375244 1
1 -1 4 360.06 203.82 -1 90 0 0 0.00697016716003418 1
1 -1 5 339.2 271.19 -2 90 0 0 1.6780421733856201 1
2 -1 0 336.97 171.5 -2 100 0 0 0.1505880355834961 1
2 -1 1 337.51 92.92 -1 100 0 0 0.25722789764404297 1
2 -1 2 337.51 92.92 -1 100 0 0 0.3336007595062256 1
2 -1 3 340.6 0 -1 100 0 0 0.31483912467956543 1
2 -1 4 312.81 146.29000000000002 -1 100 0 0 0.007243156433105469 1
2 -1 5 309.83 203.42 -1 100 0 0 1.635025978088379 1
3 -1 0 393.27 249.83 -1 82 685.1700000000001 2 0.16747498512268066 1
3 -1 1 393.51 184.02 -1 82 841.3500000000001 2 0.24148321151733398 1
3 -1 2 393.51 184.02 -1 82 841.3500000000001 2 0.310960054397583 1
3 -1 3 403.19 121.37 -1 82 763.85 2 0.28357601165771484 1
3 -1 4 368.0 149.76 -1 82 357.64 2 0.007080793380737305 1
3 -1 5 351.79 270.57 -2 82 704.93 2 1.703373670578003 1
random:1T:900
0 -1 0 652.46 375.68 -1 55 3062.4500000000003 5 0.1626148223876953 1
0 -1 1 652.38 291.32 -1 55 3323.5099999999993 5 0.20132684707641602 1
0 -1 2 652.38 291.32 -1 55 3323.5099999999993 5 0.2634239196777344 1
0 -1 3 668.23 362.44 -1 55 3078.24 5 0.23011088371276855 1
0 -1 4 611.26 401.31 -1 55 2070.85 5 0.006736040115356445 1
0 -1 5 594.78 432.54000000000013 -2 55 2772.84 5 1.2932250499725342 1
1 -1 0 627.06 271.53999999999996 -1 90 0 0 0.32483720779418945 1
1 -1 1 630.88 263.46 -1 90 0 0 0.40857410430908203 1
1 -1 2 630.88 263.46 -1 90 0 0 0.5181190967559814 1
1 -1 3 637.36 287.40000000000003 -1 90 0 0 0.45734596252441406 1
1 -1 4 591.78 449.9 -1 90 0 0 0.009006023406982422 1
1 -1 5 498.18 406.65000000000003 -1 90 0 0 2.6897389888763428 1
2 -1 0 574.76 235.59 -1 100 0 0 0.3093888759613037 1
2 -1 1 575.33 276.5 -1 100 0 0 0.423367977142334 1
2 -1 2 575.33 276.5 -1 100 0 0 0.5421299934387207 1
2 -1 3 574.86 164.24 -1 100 0 0 0.48186397552490234 1
2 -1 4 542.01 383.61999999999995 -1 100 0 0 0.009216070175170898 1
2 -1 5 472.64 367.47 -1 100 0 0 3.1456310749053955 1
3 -1 0 637.54 362.56 -1 82 1153.7200000000003 2 0.2952148914337158 1
3 -1 1 636.77 326.46 -1 82 1303.8200000000002 2 0.37403392791748047 1
3 -1 2 636.77 326.46 -1 82 1303.8200000000002 2 0.4729769229888916 1
3 -1 3 649.9 292.1 -1 82 1224.25 2 0.42703795433044434 1
3 -1 4 603.42 303.41999999999996 -1 82 650.81 2 0.009579896926879883 1
3 -1 5 540.19 411.9 -1 82 1098.8999999999999 2 2.820911169052124 1
random:1T:1200
0 -1 0 896.25 431.59 -1 55 4304.8099999999995 5 0.23624515533447266 1
0 -1 1 900.11 466.81 -1 55 4556.589999999999 5 0.2888329029083252 1
0 -1 2 900.11 466.81 -1 55 4556.589999999999 5 0.36369800567626953 1
0 -1 3 923.76 547.5999999999999 -1 55 4268.01 5 0.32629990577697754 1
0 -1 4 850.95 562.6499999999999 -1 55 2877.3999999999996 5 0.00881505012512207 1
0 -1 5 799.53 605.1100000000004 -2 55 3608.1400000000003 5 1.91749906539917 1
1 -1 0 871.06 482.47 -1 90 0 0 0.46878910064697266 1
1 -1 1 873.82 473.16999999999996 -1 90 0 0 0.5415961742401123 1
1 -1 2 873.82 473.16999999999996 -1 90 0 0 0.6852271556854248 1
1 -1 3 880.8 407.51 -1 90 0 0 0.6050448417663574 1
1 -1 4 821.09 687.3 -1 90 0 0 0.010339021682739258 1
1 -1 5 651.48 555.1700000000001 -1 90 0 0 3.875511884689331 1
2 -1 0 809.46 461.1 -1 100 0 0 0.5627298355102539 1
2 -1 1 810.84 403.58 -1 100 0 0 0.601992130279541 1
2 -1 2 810.84 403.58 -1 100 0 0 0.7493932247161865 1
2 -1 3 809.38 354.62 -1 100 0 0 0.6726536750793457 1
2 -1 4 762.39 630.3499999999999 -1 100 0 0 0.011740922927856445 1
2 -1 5 630.27 519.26 -1 100 0 0 4.907931089401245 1
3 -1 0 877.82 484.26 -1 82 1645.06 2 0.4406862258911133 1
3 -1 1 879.44 530.48 -1 82 1788.76 2 0.5140929222106934 1
3 -1 2 879.44 530.48 -1 82 1788.76 2 0.6676568984985352 1
3 -1 3 894.87 412.3 -1 82 1669.51 2 0.6037440299987793 1
3 -1 4 839.25 456.14 -1 82 940.1299999999999 2 0.012711763381958008 1
3 -1 5 716.89 576.5799999999999 -1 82 1428.69 2 4.22376012802124 1
random:1T:1500
0 -1 0 1146.07 647.63 -1 55 5528.36 5 0.3315558433532715 1
0 -1 1 1144.55 601.59 -1 55 5800.179999999999 5 0.3947720527648926 1
0 -1 2 1144.55 601.59 -1 55 5800.179999999999 5 0.4784371852874756 1
0 -1 3 1175.09 710.48 -1 55 5488.91 5 0.4092071056365967 1
0 -1 4 1093.11 720.5699999999999 -1 55 3750.22 5 0.010915756225585938 1
0 -1 5 1001.9 737.38 -1 55 4164.799999999999 5 3.671844959259033 1
1 -1 0 1115.68 598.16 -1 90 0 0 0.6076991558074951 1
1 -1 1 1117.4 607.49 -1 90 0 0 0.698505163192749 1
1 -1 2 1117.4 607.49 -1 90 0 0 0.8955209255218506 1
1 -1 3 1125.65 624.5699999999999 -1 90 0 0 0.7793140411376953 1
1 -1 4 1043.23 920.4300000000001 -2 90 0 0 0.01279902458190918 1
1 -1 5 812.17 693.5400000000001 -1 90 0 0 5.052448034286499 1
2 -1 0 1044.09 582.09 -1 100 0 0 0.6049978733062744 1
2 -1 1 1046.58 594.02 -1 100 0 0 0.8883829116821289 1
2 -1 2 1046.58 594.02 -1 100 0 0 1.0123918056488037 1
2 -1 3 1043.8 476.51 -1 100 0 0 0.8122391700744629 1
2 -1 4 986.45 884.79 -1 100 0 0 0.014224767684936523 1
2 -1 5 776.5 658.82 -1 100 0 0 6.08632493019104 1
3 -1 0 1121.6 593.11 -1 82 2121.6800000000003 2 0.5599648952484131 1
3 -1 1 1120.74 610.84 -1 82 2269.76 2 0.6362628936767578 1
3 -1 2 1120.74 610.84 -1 82 2269.76 2 0.8301589488983154 1
3 -1 3 1138.93 529.87 -1 82 2119.17 2 0.7332561016082764 1
3 -1 4 1075.54 607.77 -1 82 1245.0699999999997 2 0.015921831130981445 1
3 -1 5 894.64 714.85 -1 82 1550.98 2 5.780963897705078 1
random:2T:300
0 -1 0 186.17 114.63 -1 48 0 0 0.036035776138305664 2
0 -1 1 189.76 41.0 -1 48 0 0 0.06499361991882324 2
0 -1 2 189.76 41.0 -1 48 0 0 0.08274388313293457 2
0 -1 3 189.16 13.75 -1 48 0 0 0.07734203338623047 2
0 -1 4 181.44 94.16 -1 48 0 0 0.004538774490356445 2
0 -1 5 179.46 114.63 -1 48 0 0 0.17287707328796387 2
1 -1 0 141.86 0.0 -1 97 105.39 1 0.029970169067382812 2
1 -1 1 141.15 0.0 -4 97 69.78 1 0.13416600227355957 2
1 -1 2 141.15 0.0 -4 97 69.78 1 0.17229270935058594 2
1 -1 3 144.6 0 -3 97 55.78 1 0.17428016662597656 2
1 -1 4 134.94 0.0 -7 97 0.0 1 0.006307840347290039 2
1 -1 5 141.86 0.0 -1 97 105.39 1 0.09356117248535156 2
2 -1 0 147.21 63.18 -1 64 0 0 0.04108595848083496 2
2 -1 1 146.69 61.29 -1 64 0 0 0.08843111991882324 2
2 -1 2 146.69 61.29 -1 64 0 0 0.11055588722229004 2
2 -1 3 146.7 61.18 -1 64 0 0 0.10792303085327148 2
2 -1 4 139.07 20.71 -1 64 0 0 0.004217863082885742 2
2 -1 5 145.83 63.18 -1 64 0 0 0.13470005989074707 2
3 -1 0 157.91 64.7 -1 52 569.49 4 0.027347803115844727 2
3 -1 1 163.27 0 -2 52 675.72 4 0.05423998832702637 2
3 -1 2 163.27 0 -2 52 675.72 4 0.06811714172363281 2
3 -1 3 177.59 0 -1 52 691.5699999999999 4 0.08195090293884277 2
3 -1 4 156.19 63.05 -1 52 417.8 4 0.0033919811248779297 2
3 -1 5 156.74 64.7 -1 52 552.61 4 0.12616872787475586 2
random:2T:600
0 -1 0 453.03 383.08 -1 48 0 0 0.10976409912109375 2
0 -1 1 455.69 301.25 -1 48 0 0 0.1339712142944336 2
0 -1 2 455.69 301.25 -1 48 0 0 0.17105937004089355 2
0 -1 3 455.04 275.64 -1 48 0 0 0.1545119285583496 2
0 -1 4 440.89 361.62 -1 48 0 0 0.005942821502685547 2
0 -1 5 372.94 313.6299999999999 -2 48 0 0 0.4871370792388916 2
1 -1 0 377.88 197.4 -2 97 334.72 1 0.1725172996520996 2
1 -1 1 377.63 166.38 -1 97 283.91999999999996 1 0.3022611141204834 2
1 -1 2 377.63 166.38 -1 97 283.91999999999996 1 0.42850208282470703 2
1 -1 3 379.4 0 -1 97 170.17999999999998 1 0.35364413261413574 2
1 -1 4 365.11 148.31 -1 97 148.31 1 0.00907588005065918 2
1 -1 5 349.43 239.98000000000002 -1 97 337.72999999999996 1 1.2900021076202393 2
2 -1 0 400.44 289.18 -1 64 0 0 0.14184308052062988 2
2 -1 1 400.32 292.64 -1 64 0 0 0.19225716590881348 2
2 -1 2 400.32 292.64 -1 64 0 0 0.23878002166748047 2
2 -1 3 398.6 262.35 -1 64 0 0 0.22232294082641602 2
2 -1 4 390.36 290.69 -1 64 0 0 0.007355928421020508 2
2 -1 5 350.5 270.78999999999996 -2 64 0 0 0.5956990718841553 2
3 -1 0 410.6 195.34 -1 52 1545.5700000000002 4 0.09962916374206543 2
3 -1 1 417.12 202.66 -1 52 1687.1399999999999 4 0.13201093673706055 2
3 -1 2 417.12 202.66 -1 52 1687.1399999999999 4 0.16707110404968262 2
3 -1 3 434.57 173.99 -1 52 1657.6399999999999 4 0.16393518447875977 2
3 -1 4 403.1 262.86 -1 52 1099.43 4 0.005953073501586914 2
3 -1 5 381.04 261.02 -1 52 1516.2099999999998 4 0.5368199348449707 2
random:2T:900
0 -1 0 719.46 609.9300000000001 -1 48 0 0 0.18491601943969727 2
0 -1 1 722.3 545.4399999999999 -1 48 0 0 0.21992206573486328 2
0 -1 2 722.3 545.4399999999999 -1 48 0 0 0.2814290523529053 2
0 -1 3 720.34 539.65 -1 48 0 0 0.23032093048095703 2
0 -1 4 700.19 637.6300000000001 -1 48 0 0 0.008352041244506836 2
0 -1 5 538.79 478.6999999999999 -2 48 0 0 0.7526400089263916 2
1 -1 0 612.56 245.24 -2 97 557.1100000000001 1 0.3378760814666748 2
1 -1 1 615.58 245.24 -1 97 487.01 1 0.46169495582580566 2
1 -1 2 615.58 245.24 -1 97 487.01 1 0.5971171855926514 2
1 -1 3 619.31 0 -1 97 322.89 1 0.5523431301116943 2
1 -1 4 598.27 298.56 -1 97 298.56 1 0.012787103652954102 2
1 -1 5 508.06 394.44 -1 97 513.6999999999999 1 2.2049148082733154 2
2 -1 0 656.93 452.78999999999996 -1 64 0 0 0.2389528751373291 2
2 -1 1 656.98 517.12 -1 64 0 0 0.2938990592956543 2
2 -1 2 656.98 517.12 -1 64 0 0 0.38094377517700195 2
2 -1 3 655.78 447.01 -1 64 0 0 0.332003116607666 2
2 -1 4 640.94 557.6700000000001 -1 64 0 0 0.009694814682006836 2
2 -1 5 513.69 437.00000000000006 -2 64 0 0 1.0341906547546387 2
3 -1 0 662.87 362.95000000000005 -1 52 2555.84 4 0.1663370132446289 2
3 -1 1 670.68 380.25 -1 52 2661.76 4 0.2004070281982422 2
3 -1 2 670.68 380.25 -1 52 2661.76 4 0.25386810302734375 2
3 -1 3 691.92 386.45 -1 52 2610.06 4 0.23541688919067383 2
3 -1 4 655.58 456.28 -1 52 1876.71 4 0.007507801055908203 2
3 -1 5 569.71 424.31999999999994 -1 52 2252.67 4 0.7954649925231934 2
random:2T:1200
0 -1 0 985.9 837.09 -1 48 0 0 0.24971914291381836 2
0 -1 1 988.59 778.9300000000001 -1 48 0 0 0.2867550849914551 2
0 -1 2 988.59 778.9300000000001 -1 48 0 0 0.35781407356262207 2
0 -1 3 986.17 737.75 -1 48 0 0 0.30533790588378906 2
0 -1 4 959.41 905.4100000000001 -1 48 0 0 0.01147317886352539 2
0 -1 5 720.81 641.4499999999999 -2 48 0 0 1.127701997756958 2
1 -1 0 852.9 427.29 -1 97 753.4300000000001 1 0.49923110008239746 2
1 -1 1 855.28 393.34000000000003 -1 97 690.8599999999999 1 0.613990068435669 2
1 -1 2 855.28 393.34000000000003 -1 97 690.8599999999999 1 0.7763271331787109 2
1 -1 3 858.49 165.51 -1 97 491.47 1 0.6962552070617676 2
1 -1 4 832.52 444.46000000000004 -1 97 444.46000000000004 1 0.015217781066894531 2
1 -1 5 652.42 517.79 -1 97 667.4699999999999 1 3.1458611488342285 2
2 -1 0 912.56 675.98 -1 64 0 0 0.33611392974853516 2
2 -1 1 913.11 678.9300000000001 -1 64 0 0 0.39118409156799316 2
2 -1 2 913.11 678.9300000000001 -1 64 0 0 0.5061202049255371 2
2 -1 3 911.55 634.8100000000001 -1 64 0 0 0.4407801628112793 2
2 -1 4 893.14 821.8000000000001 -1 64 0 0 0.011818885803222656 2
2 -1 5 666.65 593.58 -2 64 0 0 1.4590446949005127 2
3 -1 0 915.25 523.6500000000001 -1 52 3527.21 4 0.24535775184631348 2
3 -1 1 924.28 576.5999999999999 -1 52 3644.9200000000005 4 0.29312992095947266 2
3 -1 2 924.28 576.5999999999999 -1 52 3644.9200000000005 4 0.3678922653198242 2
3 -1 3 948.23 595.06 -1 52 3564.7200000000003 4 0.32070326805114746 2
3 -1 4 905.34 637.1299999999999 -1 52 2583.3500000000004 4 0.01009821891784668 2
3 -1 5 744.54 584.9099999999999 -1 52 2799.4399999999996 4 1.0942118167877197 2
random:2T:1500
0 -1 0 1250.54 1038.6299999999999 -1 48 0 0 0.3240041732788086 2
0 -1 1 1255.5 987.3100000000001 -1 48 0 0 0.35310888290405273 2
0 -1 2 1255.5 987.3100000000001 -1 48 0 0 0.4370267391204834 2
0 -1 3 1252.6 969.6899999999999 -1 48 0 0 0.37352895736694336 2
0 -1 4 1218.92 1167.06 -1 48 0 0 0.01209712028503418 2
0 -1 5 934.54 809.5099999999996 -2 48 0 0 1.4866611957550049 2
1 -1 0 1089.59 510.08000000000004 -1 97 952.73 1 0.6447811126708984 2
1 -1 1 1091.85 439.75 -1 97 906.5199999999999 1 0.7422957420349121 2
1 -1 2 1091.85 439.75 -1 97 906.5199999999999 1 0.9568061828613281 2
1 -1 3 1097.67 327.91 -1 97 710.9599999999999 1 0.8369710445404053 2
1 -1 4 1068.11 584.76 -1 97 584.76 1 0.017731904983520508 2
1 -1 5 799.66 650.62 -1 97 718.1099999999999 1 4.107603073120117 2
2 -1 0 1168.02 856.6899999999999 -1 64 0 0 0.4278998374938965 2
2 -1 1 1169.56 903.55 -1 64 0 0 0.47753286361694336 2
2 -1 2 1169.56 903.55 -1 64 0 0 0.6108212471008301 2
2 -1 3 1167.33 841.11 -1 64 0 0 0.5269150733947754 2
2 -1 4 1146.35 1073.25 -1 64 0 0 0.013568878173828125 2
2 -1 5 859.08 730.3100000000001 -1 64 0 0 2.0224900245666504 2
3 -1 0 1164.98 611.79 -1 52 4514.070000000001 4 0.30869507789611816 2
3 -1 1 1174.79 742.1099999999999 -1 52 4669.400000000001 4 0.34503602981567383 2
3 -1 2 1174.79 742.1099999999999 -1 52 4669.400000000001 4 0.4400820732116699 2
3 -1 3 1204.03 785.8 -1 52 4574.34 4 0.40358805656433105 2
3 -1 4 1153.01 802.7499999999998 -1 52 3279.42 4 0.012042045593261719 2
3 -1 5 929.29 713.6199999999999 -1 52 3215.6599999999994 4 1.3259048461914062 2
random:3T:300
0 -1 0 112.06 0.0 -9 111 112.36 1 0.027481794357299805 3
0 -1 1 117.67 0 -11 111 172.85 1 0.1317908763885498 3
0 -1 2 117.67 0 -11 111 172.85 1 0.16934990882873535 3
0 -1 3 121.0 0 -11 111 90.81 1 0.18358612060546875 3
0 -1 4 108.48 0.0 -12 111 32.66 1 0.005563259124755859 3
0 -1 5 112.06 0.0 -9 111 112.36 1 0.11267709732055664 3
1 -1 0 168.98 100.64 -1 55 791.4100000000001 5 0.0377049446105957 3
1 -1 1 171.63 82.14 -1 55 952.27 5 0.06721997261047363 3
1 -1 2 171.63 82.14 -1 55 952.27 5 0.08612418174743652 3
1 -1 3 179.78 35.84 -1 55 888.3100000000002 5 0.07945013046264648 3
1 -1 4 157.53 57.900000000000006 -1 55 521.86 5 0.0033991336822509766 3
1 -1 5 166.79 100.64 -1 55 760.37 5 0.1931757926940918 3
2 -1 0 123.17 26.9 -1 81 104.91 1 0.026098966598510742 3
2 -1 1 127.0 7.32 -1 81 123.24 1 0.09268712997436523 3
2 -1 2 127.0 7.32 -1 81 123.24 1 0.11798095703125 3
2 -1 3 127.25 27.59 -1 81 114.29 1 0.11834096908569336 3
2 -1 4 116.78 0.0 -4 81 78.27 1 0.004268169403076172 3
2 -1 5 122.88 26.9 -1 81 108.75 1 0.11191177368164062 3
3 -1 0 158.49 18.1 -1 81 134.73 1 0.024001121520996094 3
3 -1 1 162.14 0 -1 81 174.96 1 0.11138010025024414 3
3 -1 2 162.14 0 -1 81 174.96 1 0.14044880867004395 3
3 -1 3 164.33 0 -2 81 156.34 1 0.138077974319458 3
3 -1 4 126.95 0.0 -5 81 11.9 1 0.004697084426879883 3
3 -1 5 158.38 18.1 -1 81 134.73 1 0.06840229034423828 3
random:3T:600
0 -1 0 332.14 189.38 -1 111 302.27 1 0.15366101264953613 3
0 -1 1 335.44 166.56 -1 111 381.43999999999994 1 0.2944340705871582 3
0 -1 2 335.44 166.56 -1 111 381.43999999999994 1 0.37481212615966797 3
0 -1 3 344.87 149.63 -1 111 299.28000000000003 1 0.3650040626525879 3
0 -1 4 321.28 138.87 -1 111 162.42000000000002 1 0.008175134658813477 3
0 -1 5 317.42 189.38 -1 111 300.2 1 1.0256481170654297 3
1 -1 0 420.39 271.87 -1 55 2016.7500000000002 5 0.10975217819213867 3
1 -1 1 423.07 190.94 -2 55 2192.04 5 0.1445479393005371 3
1 -1 2 423.07 190.94 -2 55 2192.04 5 0.1842031478881836 3
1 -1 3 439.8 245.19 -1 55 2078.92 5 0.16231131553649902 3
1 -1 4 402.94 246.35999999999999 -1 55 1381.79 5 0.00556492805480957 3
1 -1 5 392.39 273.28000000000003 -2 55 1919.59 5 0.6694509983062744 3
2 -1 0 362.63 195.02 -1 81 352.81999999999994 1 0.13579702377319336 3
2 -1 1 371.77 193.64 -1 81 370.36 1 0.20542192459106445 3
2 -1 2 371.77 193.64 -1 81 370.36 1 0.2640571594238281 3
2 -1 3 371.94 195.02 -1 81 358.7300000000001 1 0.241807222366333 3
2 -1 4 349.69 210.37 -1 81 220.61999999999998 1 0.0061419010162353516 3
2 -1 5 326.59 247.87 -2 81 353.19000000000005 1 1.3626151084899902 3
3 -1 0 397.4 202.62 -1 81 365.44 1 0.13234996795654297 3
3 -1 1 404.96 50.04 -1 81 411.65 1 0.22118496894836426 3
3 -1 2 404.96 50.04 -1 81 411.65 1 0.2830350399017334 3
3 -1 3 406.66 123.28 -1 81 367.40000000000003 1 0.2604079246520996 3
3 -1 4 352.77 157.8 -1 81 157.8 1 0.0060138702392578125 3
3 -1 5 360.97 251.48 -1 81 389.86999999999995 1 1.3677377700805664 3
random:3T:900
0 -1 0 558.48 241.4 -1 111 518.5799999999999 1 0.3091850280761719 3
0 -1 1 565.38 241.56 -1 111 597.06 1 0.4568319320678711 3
0 -1 2 565.38 241.56 -1 111 597.06 1 0.5901620388031006 3
0 -1 3 574.78 244.71 -1 111 509.38 1 0.5552659034729004 3
0 -1 4 541.26 300.83000000000004 -1 111 300.83000000000004 1 0.009500980377197266 3
0 -1 5 484.3 342.27 -1 111 484.94 1 2.6988089084625244 3
1 -1 0 672.46 451.84000000000003 -1 55 3266.2999999999997 5 0.19240307807922363 3
1 -1 1 674.32 367.72 -1 55 3423.7799999999997 5 0.22765183448791504 3
1 -1 2 674.32 367.72 -1 55 3423.7799999999997 5 0.2888619899749756 3
1 -1 3 697.01 371.0 -1 55 3282.06 5 0.26659107208251953 3
1 -1 4 652.31 415.77 -1 55 2322.5199999999995 5 0.008907079696655273 3
1 -1 5 599.02 431.89 -1 55 2852.52 5 1.1023390293121338 3
2 -1 0 607.04 402.08000000000004 -1 81 595.9899999999999 1 0.2499408721923828 3
2 -1 1 616.22 242.28 -1 81 608.6 1 0.3288419246673584 3
2 -1 2 616.22 242.28 -1 81 608.6 1 0.42266201972961426 3
2 -1 3 621.6 390.62 -1 81 590.8600000000001 1 0.3984377384185791 3
2 -1 4 585.98 360.0799999999999 -1 81 360.0799999999999 1 0.008192062377929688 3
2 -1 5 498.3 412.91 -2 81 537.1 1 2.58522891998291 3
3 -1 0 641.18 414.51 -1 81 610.21 1 0.2479100227355957 3
3 -1 1 650.23 252.98 -1 81 658.31 1 0.3429141044616699 3
3 -1 2 650.23 252.98 -1 81 658.31 1 0.43578505516052246 3
3 -1 3 651.5 246.45 -1 81 559.86 1 0.3879270553588867 3
3 -1 4 585.9 307.53999999999996 -1 81 307.53999999999996 1 0.007843971252441406 3
3 -1 5 530.17 417.15999999999997 -1 81 572.9499999999999 1 2.333024024963379 3
random:3T:1200
0 -1 0 783.77 270.42 -1 111 730.28 1 0.4675459861755371 3
0 -1 1 793.03 272.23999999999995 -1 111 819.0799999999999 1 0.6215989589691162 3
0 -1 2 793.03 272.23999999999995 -1 111 819.0799999999999 1 0.7984769344329834 3
0 -1 3 805.71 270.42 -1 111 719.57 1 0.7373371124267578 3
0 -1 4 755.45 396.85 -1 111 396.85 1 0.012035846710205078 3
0 -1 5 635.83 498.92 -1 111 642.99 1 4.114503860473633 3
1 -1 0 923.46 555.41 -1 55 4506.23 5 0.26853489875793457 3
1 -1 1 929.53 523.56 -1 55 4654.37 5 0.30165696144104004 3
1 -1 2 929.53 523.56 -1 55 4654.37 5 0.3874332904815674 3
1 -1 3 955.45 590.98 -1 55 4497.02 5 0.33348894119262695 3
1 -1 4 901.77 609.6999999999999 -1 55 3216.77 5 0.00983119010925293 3
1 -1 5 795.13 597.46 -1 55 3642.0600000000004 5 1.4705240726470947 3
2 -1 0 850.24 540.13 -1 81 846.68 1 0.3669891357421875 3
2 -1 1 860.4 360.48 -1 81 852.4499999999999 1 0.44687795639038086 3
2 -1 2 860.4 360.48 -1 81 852.4499999999999 1 0.5611670017242432 3
2 -1 3 868.52 534.4399999999999 -1 81 833.6400000000001 1 0.5117180347442627 3
2 -1 4 822.55 496.18999999999994 -1 81 496.18999999999994 1 0.010231733322143555 3
2 -1 5 660.24 576.0800000000002 -2 81 695.6099999999999 1 3.8793201446533203 3
3 -1 0 885.54 547.67 -1 81 852.7700000000001 1 0.3708159923553467 3
3 -1 1 892.95 450.79999999999995 -1 81 902.1800000000001 1 0.45319390296936035 3
3 -1 2 892.95 450.79999999999995 -1 81 902.1800000000001 1 0.5991089344024658 3
3 -1 3 896.46 410.32 -1 81 792.5300000000001 1 0.5415139198303223 3
3 -1 4 818.88 448.07 -1 81 448.07 1 0.009772062301635742 3
3 -1 5 694.92 567.49 -1 81 731.4699999999998 1 3.276484966278076 3
random:3T:1500
0 -1 0 1014.57 283.64 -1 111 953.71 1 0.6782670021057129 3
0 -1 1 1023.0 440.19999999999993 -1 111 1036.95 1 0.8591012954711914 3
0 -1 2 1023.0 440.19999999999993 -1 111 1036.95 1 1.0839409828186035 3
0 -1 3 1034.85 417.77 -1 111 947.03 1 0.9861030578613281 3
0 -1 4 979.42 520.34 -1 111 520.34 1 0.01550602912902832 3
0 -1 5 778.49 574.75 -1 111 683.38 1 5.987234830856323 3
1 -1 0 1175.95 684.19 -1 55 5728.569999999999 5 0.3723728656768799 3
1 -1 1 1180.97 659.4300000000001 -1 55 5894.07 5 0.4088771343231201 3
1 -1 2 1180.97 659.4300000000001 -1 55 5894.07 5 0.521820068359375 3
1 -1 3 1209.95 715.56 -1 55 5732.1 5 0.44923901557922363 3
1 -1 4 1147.04 785.4599999999999 -1 55 4071.9100000000008 5 0.012904882431030273 3
1 -1 5 973.35 748.1899999999999 -1 55 4125.24 5 2.1837120056152344 3
2 -1 0 1094.97 613.24 -1 81 1086.67 1 0.5206770896911621 3
2 -1 1 1105.79 540.79 -1 81 1094.65 1 0.5998420715332031 3
2 -1 2 1105.79 540.79 -1 81 1094.65 1 0.7696709632873535 3
2 -1 3 1114.85 601.12 -1 81 1070.68 1 0.7009861469268799 3
2 -1 4 1059.75 641.29 -1 81 641.29 1 0.013264894485473633 3
2 -1 5 829.76 730.6999999999999 -1 81 738.6499999999999 1 5.328993082046509 3
3 -1 0 1129.65 727.0899999999999 -1 81 1092.6200000000001 1 0.5065569877624512 3
3 -1 1 1138.34 613.9 -1 81 1146.0800000000002 1 0.6078469753265381 3
3 -1 2 1138.34 613.9 -1 81 1146.0800000000002 1 0.7727749347686768 3
3 -1 3 1141.46 566.92 -1 81 1035.95 1 0.693964958190918 3
3 -1 4 1045.29 575.0799999999999 -1 81 575.0799999999999 1 0.011609792709350586 3
3 -1 5 877.54 707.72 -1 81 805.2999999999998 1 4.648348808288574 3
random:4T:300
0 -1 0 103.6 0 -13 121 113.95 1 0.03311491012573242 4
0 -1 1 110.07 0.0 -15 121 153.61 1 0.16123080253601074 4
0 -1 2 110.07 0.0 -15 121 153.61 1 0.20882296562194824 4
0 -1 3 109.21 0.0 -13 121 133.36 1 0.2118079662322998 4
0 -1 4 100.4 0.0 -16 121 0.0 1 0.006821155548095703 4
0 -1 5 103.6 0.0 -13 121 113.95 1 0.15054798126220703 4
1 -1 0 127.46 27.62 -1 80 0 0 0.03052210807800293 4
1 -1 1 128.83 30.99 -1 80 0 0 0.09778285026550293 4
1 -1 2 128.83 30.99 -1 80 0 0 0.12340617179870605 4
1 -1 3 129.07 32.05 -1 80 0 0 0.12016105651855469 4
1 -1 4 117.26 0.0 -4 80 0 0 0.0044438838958740234 4
1 -1 5 127.08 27.62 -1 80 0 0 0.16237902641296387 4
2 -1 0 175.15 109.08 -1 44 654.73 4 0.036047935485839844 4
2 -1 1 189.96 70.67 -1 44 804.16 4 0.05803489685058594 4
2 -1 2 189.96 70.67 -1 44 804.16 4 0.0742650032043457 4
2 -1 3 192.08 103.39 -1 44 785.36 4 0.06984901428222656 4
2 -1 4 160.33 67.21000000000001 -1 44 323.33000000000004 4 0.0032460689544677734 4
2 -1 5 169.8 109.08 -1 44 641.24 4 0.15433096885681152 4
3 -1 0 159.47 72.43 -1 81 97.15 1 0.049777984619140625 4
3 -1 1 168.91 52.31 -1 81 170.76 1 0.1239926815032959 4
3 -1 2 168.91 52.31 -1 81 170.76 1 0.14790105819702148 4
3 -1 3 168.14 58.06 -1 81 169.01 1 0.14984583854675293 4
3 -1 4 152.0 0.0 -1 81 125.95 1 0.005717039108276367 4
3 -1 5 156.67 72.43 -1 81 104.73 1 0.819904088973999 4
random:4T:600
0 -1 0 315.12 168.49 -1 121 310.95 1 0.16508126258850098 4
0 -1 1 322.68 127.02 -1 121 368.5 1 0.3388810157775879 4
0 -1 2 322.68 127.02 -1 121 368.5 1 0.42955708503723145 4
0 -1 3 327.74 0 -1 121 281.72 1 0.42107105255126953 4
0 -1 4 306.92 100.37 -1 121 146.54999999999998 1 0.00898289680480957 4
0 -1 5 303.74 168.49 -1 121 285.92 1 1.6105010509490967 4
1 -1 0 371.48 209.66 -1 80 0 0 0.1480269432067871 4
1 -1 1 376.75 258.76 -1 80 0 0 0.2286520004272461 4
1 -1 2 376.75 258.76 -1 80 0 0 0.2762618064880371 4
1 -1 3 375.26 193.64 -1 80 0 0 0.2578582763671875 4
1 -1 4 351.31 210.37 -1 80 0 0 0.006360054016113281 4
1 -1 5 327.09 253.82000000000002 -2 80 0 0 1.5933418273925781 4
2 -1 0 438.4 285.36 -1 44 1665.67 4 0.10302424430847168 4
2 -1 1 453.11 264.3 -1 44 1824.07 4 0.1335129737854004 4
2 -1 2 453.11 264.3 -1 44 1824.07 4 0.17616605758666992 4
2 -1 3 458.57 283.94 -1 44 1763.71 4 0.15816497802734375 4
2 -1 4 414.04 245.78 -1 44 1054.8000000000002 4 0.005773067474365234 4
2 -1 5 393.48 281.99 -2 44 1602.4599999999998 4 0.5505530834197998 4
3 -1 0 403.16 207.0 -1 81 330.81 1 0.1851949691772461 4
3 -1 1 412.92 202.62 -1 81 392.13 1 0.2469038963317871 4
3 -1 2 412.92 202.62 -1 81 392.13 1 0.31179213523864746 4
3 -1 3 413.76 200.28 -1 81 381.18999999999994 1 0.29291582107543945 4
3 -1 4 391.53 257.46 -1 81 279.79 1 0.0069789886474609375 4
3 -1 5 350.67 261.40999999999997 -2 81 348.42 1 2.077755928039551 4
random:4T:900
0 -1 0 537.92 241.37 -1 121 530.1 1 0.3832378387451172 4
0 -1 1 545.9 238.17 -1 121 595.58 1 0.6019992828369141 4
0 -1 2 545.9 238.17 -1 121 595.58 1 0.7587718963623047 4
0 -1 3 552.35 0 -1 121 482.63 1 0.6705632209777832 4
0 -1 4 512.86 245.04999999999998 -1 121 245.04999999999998 1 0.012662172317504883 4
0 -1 5 466.68 323.97999999999996 -1 121 471.32000000000005 1 3.6045148372650146 4
1 -1 0 620.38 428.2 -1 80 0 0 0.2794327735900879 4
1 -1 1 627.5 444.7 -1 80 0 0 0.3486440181732178 4
1 -1 2 627.5 444.7 -1 80 0 0 0.45608973503112793 4
1 -1 3 625.05 307.38 -1 80 0 0 0.4297161102294922 4
1 -1 4 588.8 467.50000000000006 -1 80 0 0 0.008682727813720703 4
1 -1 5 496.28 420.77000000000004 -2 80 0 0 3.006458044052124 4
2 -1 0 697.88 464.86 -1 44 2679.92 4 0.17625021934509277 4
2 -1 1 713.7 472.11 -1 44 2837.67 4 0.19803190231323242 4
2 -1 2 713.7 472.11 -1 44 2837.67 4 0.25488710403442383 4
2 -1 3 725.06 508.11 -1 44 2730.1299999999997 4 0.22439002990722656 4
2 -1 4 668.31 450.3 -1 44 1851.52 4 0.008107900619506836 4
2 -1 5 594.89 452.58 -2 44 2379.53 4 0.8540470600128174 4
3 -1 0 650.71 429.42999999999995 -1 81 545.61 1 0.3006279468536377 4
3 -1 1 656.05 364.34000000000003 -1 81 635.9700000000001 1 0.3719313144683838 4
3 -1 2 656.05 364.34000000000003 -1 81 635.9700000000001 1 0.4784860610961914 4
3 -1 3 661.48 245.17 -1 81 579.5199999999999 1 0.45197105407714844 4
3 -1 4 631.15 433.48999999999995 -1 81 433.48999999999995 1 0.027811050415039062 4
3 -1 5 521.75 424.55 -2 81 555.84 1 3.2811989784240723 4
random:4T:1200
0 -1 0 763.0 270.41 -2 121 754.6600000000001 1 0.5647499561309814 4
0 -1 1 767.85 269.52 -1 121 815.2800000000001 1 0.7502880096435547 4
0 -1 2 767.85 269.52 -1 121 815.2800000000001 1 0.9511518478393555 4
0 -1 3 778.82 0 -1 121 694.98 1 0.8653237819671631 4
0 -1 4 727.76 351.42999999999995 -1 121 351.42999999999995 1 0.014149904251098633 4
0 -1 5 613.1 463.89 -1 121 572.44 1 5.1767497062683105 4
1 -1 0 868.16 618.5899999999999 -1 80 0 0 0.3823368549346924 4
1 -1 1 877.24 546.6800000000001 -1 80 0 0 0.45375704765319824 4
1 -1 2 877.24 546.6800000000001 -1 80 0 0 0.5769977569580078 4
1 -1 3 873.43 498.45000000000005 -1 80 0 0 0.5234291553497314 4
1 -1 4 826.63 723.95 -1 80 0 0 0.01051187515258789 4
1 -1 5 655.68 585.74 -2 80 0 0 4.071073055267334 4
2 -1 0 961.29 693.67 -1 44 3693.9799999999996 4 0.2218947410583496 4
2 -1 1 974.06 686.46 -1 44 3854.16 4 0.24692773818969727 4
2 -1 2 974.06 686.46 -1 44 3854.16 4 0.31286096572875977 4
2 -1 3 989.66 711.87 -1 44 3726.68 4 0.2709169387817383 4
2 -1 4 923.32 629.84 -1 44 2598.1400000000003 4 0.008735179901123047 4
2 -1 5 786.42 625.89 -2 44 2984.2700000000004 4 1.1845650672912598 4
3 -1 0 892.52 555.23 -1 81 770.8 1 0.38445281982421875 4
3 -1 1 898.1 527.44 -1 81 862.9200000000002 1 0.44680190086364746 4
3 -1 2 898.1 527.44 -1 81 862.9200000000002 1 0.567899227142334 4
3 -1 3 908.31 391.51 -1 81 799.0699999999999 1 0.527817964553833 4
3 -1 4 870.74 587.05 -1 81 587.05 1 0.010647058486938477 4
3 -1 5 682.68 586.5000000000001 -2 81 703.84 1 4.262609243392944 4
random:4T:1500
0 -1 0 987.56 382.46 -1 121 981.65 1 0.7124381065368652 4
0 -1 1 988.61 283.63 -2 121 1032.32 1 0.8751132488250732 4
0 -1 2 988.61 283.63 -2 121 1032.32 1 1.1218688488006592 4
0 -1 3 1005.5 184.84 -1 121 903.9699999999999 1 1.0133721828460693 4
0 -1 4 946.51 485.63 -1 121 485.63 1 0.015131950378417969 4
0 -1 5 753.64 534.92 -2 121 724.07 1 7.026140928268433 4
1 -1 0 1118.28 799.05 -1 80 0 0 0.5084691047668457 4
1 -1 1 1126.81 764.14 -1 80 0 0 0.5902771949768066 4
1 -1 2 1126.81 764.14 -1 80 0 0 0.7596049308776855 4
1 -1 3 1122.36 603.4599999999999 -1 80 0 0 0.6557531356811523 4
1 -1 4 1064.98 963.07 -1 80 0 0 0.012816905975341797 4
1 -1 5 828.11 738.12 -2 80 0 0 5.376849174499512 4
2 -1 0 1223.66 910.23 -1 44 4695.530000000001 4 0.3027060031890869 4
2 -1 1 1235.09 891.1 -1 44 4873.5 4 0.3179657459259033 4
2 -1 2 1235.09 891.1 -1 44 4873.5 4 0.40714025497436523 4
2 -1 3 1253.33 921.27 -1 44 4730.2 4 0.3509819507598877 4
2 -1 4 1176.36 832.61 -1 44 3376.9399999999996 4 0.011349201202392578 4
2 -1 5 996.18 802.1399999999982 -2 44 3448.9500000000003 4 2.128140926361084 4
3 -1 0 1137.28 657.5 -1 81 989.4800000000001 1 0.5091440677642822 4
3 -1 1 1142.04 713.8 -1 81 1085.19 1 0.5828008651733398 4
3 -1 2 1142.04 713.8 -1 81 1085.19 1 0.7174620628356934 4
3 -1 3 1153.14 557.21 -1 81 1016.9 1 0.666680097579956 4
3 -1 4 1110.37 740.4699999999999 -1 81 740.4699999999999 1 0.013323068618774414 4
3 -1 5 843.71 736.19 -1 81 806.5100000000001 1 5.335318088531494 4
