random:0T:300
0 -1 0 79.1 0 -39 170 333.25000000000006 8 0.037368059158325195 0
0 -1 1 84.98 0 -47 170 871.38 8 0.1975109577178955 0
0 -1 2 84.98 0 -47 170 871.38 8 0.23717784881591797 0
0 -1 3 84.69 0.0 -42 170 791.44 8 0.22828078269958496 0
0 -1 4 73.73 0.0 -33 170 3.76 8 0.006796121597290039 0
0 -1 5 79.1 0 -39 170 333.25000000000006 8 0.21918535232543945 0
1 -1 0 78.69 0.0 -37 160 107.0 2 0.030960798263549805 0
1 -1 1 87.51 0 -52 160 280.3 2 0.14378118515014648 0
1 -1 2 87.51 0 -52 160 280.3 2 0.19681715965270996 0
1 -1 3 87.37 0 -47 160 116.24 2 0.22029614448547363 0
1 -1 4 75.95 0.0 -31 160 0.0 2 0.0066258907318115234 0
1 -1 5 78.69 0.0 -37 160 107.0 2 0.20058703422546387 0
random:0T:600
0 -1 0 244.82 10.09 -1 170 1291.93 8 0.049314260482788086 0
0 -1 1 251.3 0 -7 170 2085.1 8 0.3856649398803711 0
0 -1 2 251.3 0 -7 170 2085.1 8 0.48801612854003906 0
0 -1 3 257.15 0 -5 170 1721.5999999999997 8 0.485062837600708 0
0 -1 4 236.06 0.0 -6 170 818.36 8 0.008467912673950195 0
0 -1 5 244.82 10.09 -1 170 1291.93 8 0.24023985862731934 0
1 -1 0 247.83 0.0 -1 160 328.49 2 0.046968936920166016 0
1 -1 1 258.3 0.0 -2 160 571.3100000000001 2 0.32449769973754883 0
1 -1 2 258.3 0.0 -2 160 571.3100000000001 2 0.41643691062927246 0
1 -1 3 276.14 77.47 -1 160 378.76 2 0.48276185989379883 0
1 -1 4 229.99 0.0 -9 160 58.04 2 0.007538795471191406 0
1 -1 5 247.83 0.0 -1 160 328.49 2 0.22224998474121094 0
random:0T:900
0 -1 0 434.56 184.81 -1 170 2502.75 8 0.2420039176940918 0
0 -1 1 443.87 0 -1 170 3454.9500000000003 8 0.6076819896697998 0
0 -1 2 443.87 0 -1 170 3454.9500000000003 8 0.7617800235748291 0
0 -1 3 454.21 0 -2 170 2981.9699999999993 8 0.7653460502624512 0
0 -1 4 424.63 165.89 -1 170 1423.1499999999996 8 0.011655330657958984 0
0 -1 5 419.39 242.93 -3 170 2488.33 8 3.468717098236084 0
1 -1 0 449.56 220.73 -2 160 717.22 2 0.2494499683380127 0
1 -1 1 461.93 0 -1 160 965.96 2 0.53285813331604 0
1 -1 2 461.93 0 -1 160 965.96 2 0.7347638607025146 0
1 -1 3 480.65 192.28 -2 160 759.9200000000001 2 0.7137007713317871 0
1 -1 4 427.82 153.81 -1 160 321.87 2 0.01064300537109375 0
1 -1 5 426.65 258.08 -1 160 629.92 2 2.386638879776001 0
random:0T:1200
0 -1 0 624.97 262.86 -1 170 3971.18 8 0.4338982105255127 0
0 -1 1 637.39 21.13 -1 170 4877.72 8 0.7971808910369873 0
0 -1 2 637.39 21.13 -1 170 4877.72 8 0.9865930080413818 0
0 -1 3 651.99 0 -1 170 4365.58 8 1.3118438720703125 0
0 -1 4 605.94 192.03 -1 170 2060.44 8 0.0262911319732666 0
0 -1 5 564.65 372.66999999999996 -3 170 3696.1 8 8.029721021652222 0
1 -1 0 650.53 267.09 -1 160 1064.22 2 0.40367794036865234 0
1 -1 1 664.88 0 -1 160 1368.0300000000002 2 0.6848950386047363 0
1 -1 2 664.88 0 -1 160 1368.0300000000002 2 0.8695919513702393 0
1 -1 3 685.42 240.78 -2 160 1048.1399999999999 2 0.871222972869873 0
1 -1 4 584.96 189.34 -1 160 381.85 2 0.010804891586303711 0
1 -1 5 561.45 389.61 -2 160 941.0 2 4.056462049484253 0
random:0T:1500
0 -1 0 816.57 280.55 -1 170 5368.33 8 0.6153390407562256 0
0 -1 1 830.27 237.12 -1 170 6261.579999999999 8 0.9071810245513916 0
0 -1 2 830.27 237.12 -1 170 6261.579999999999 8 1.1486408710479736 0
0 -1 3 851.66 0 -1 170 5738.860000000001 8 1.1486070156097412 0
0 -1 4 805.23 344.99 -1 170 2894.0600000000004 8 0.013448238372802734 0
0 -1 5 688.79 451.0 -1 170 4121.08 8 27.881405115127563 0
1 -1 0 853.39 282.87 -1 160 1480.9700000000003 2 0.6423678398132324 0
1 -1 1 864.41 0 -1 160 1777.8600000000001 2 0.8999898433685303 0
1 -1 2 864.41 0 -1 160 1777.8600000000001 2 1.1603939533233643 0
1 -1 3 887.33 267.38 -2 160 1441.58 2 1.3087329864501953 0
1 -1 4 784.7 291.75 -1 160 615.59 2 0.012624979019165039 0
1 -1 5 678.5 451.11 -1 160 1079.03 2 6.305667877197266 0
random:1T:300
0 -1 0 73.66 0.0 -28 157 611.4399999999999 5 0.03187084197998047 1
0 -1 1 77.26 0 -37 157 652.2 5 0.14695191383361816 1
0 -1 2 77.26 0 -37 157 652.2 5 0.18790197372436523 1
0 -1 3 76.23 0 -40 157 606.16 5 0.20116519927978516 1
0 -1 4 68.23 0.0 -31 157 0.0 5 0.00793910026550293 1
0 -1 5 73.66 0.0 -28 157 611.4399999999999 5 0.19497990608215332 1
1 -1 0 82.04 0.0 -37 170 78.83 2 0.03715109825134277 1
1 -1 1 85.26 0 -43 170 232.95999999999998 2 0.181243896484375 1
1 -1 2 85.26 0 -43 170 232.95999999999998 2 0.2327733039855957 1
1 -1 3 81.62 0 -44 170 152.49 2 0.2334132194519043 1
1 -1 4 69.81 0.0 -34 170 0.0 2 0.007930755615234375 1
1 -1 5 82.04 0.0 -37 170 78.83 2 0.23473525047302246 1
random:1T:600
0 -1 0 251.36 74.09 -1 157 1082.31 5 0.0867919921875 1
0 -1 1 254.92 0 -7 157 1528.5800000000004 5 0.32747387886047363 1
0 -1 2 254.92 0 -7 157 1528.5800000000004 5 0.4252469539642334 1
0 -1 3 260.26 0 -5 157 1334.3400000000001 5 0.41959381103515625 1
0 -1 4 228.71 0.0 -6 157 193.44 5 0.008179903030395508 1
0 -1 5 249.72 74.09 -1 157 1002.6700000000001 5 1.0052289962768555 1
1 -1 0 250.95 30.76 -1 170 269.53 2 0.0727088451385498 1
1 -1 1 264.63 0 -5 170 606.81 2 0.3849678039550781 1
1 -1 2 264.63 0 -5 170 606.81 2 0.49265599250793457 1
1 -1 3 263.04 0 -11 170 455.09 2 0.5089128017425537 1
1 -1 4 222.94 0.0 -10 170 273.73 2 0.009367942810058594 1
1 -1 5 250.69 30.76 -1 170 280.19 2 0.6486818790435791 1
random:1T:900
0 -1 0 454.03 210.55 -1 157 1945.6199999999997 5 0.2771189212799072 1
0 -1 1 457.04 0 -4 157 2330.2200000000003 5 0.5118680000305176 1
0 -1 2 457.04 0 -4 157 2330.2200000000003 5 0.6739242076873779 1
0 -1 3 462.3 0 -4 157 2253.23 5 0.6542930603027344 1
0 -1 4 422.24 157.5 -1 157 818.76 5 0.01055002212524414 1
0 -1 5 423.88 271.21999999999997 -2 157 1874.6000000000001 5 3.609070062637329 1
1 -1 0 444.49 216.62 -2 170 562.26 2 0.27041077613830566 1
1 -1 1 461.97 0 -2 170 1029.0 2 0.6221821308135986 1
1 -1 2 461.97 0 -2 170 1029.0 2 0.7965309619903564 1
1 -1 3 464.41 0 -10 170 804.8 2 0.749680757522583 1
1 -1 4 416.49 108.1 -1 170 371.15 2 0.010588884353637695 1
1 -1 5 420.36 260.16 -1 170 660.1299999999999 2 3.832275152206421 1
random:1T:1200
0 -1 0 660.43 250.8 -1 157 2839.0899999999997 5 0.45620083808898926 1
0 -1 1 655.27 0 -3 157 3260.68 5 0.7240970134735107 1
0 -1 2 655.27 0 -3 157 3260.68 5 0.9046227931976318 1
0 -1 3 663.3 0 -2 157 3124.93 5 0.9662878513336182 1
0 -1 4 605.03 190.16000000000003 -1 157 977.5300000000001 5 0.013239145278930664 1
0 -1 5 565.7 380.71 -1 157 2465.28 5 6.14485764503479 1
1 -1 0 641.2 254.13 -2 170 960.27 2 0.468519926071167 1
1 -1 1 664.41 0 -2 170 1407.54 2 0.8156111240386963 1
1 -1 2 664.41 0 -2 170 1407.54 2 1.0822970867156982 1
1 -1 3 667.68 0 -9 170 1140.3700000000001 2 1.0276188850402832 1
1 -1 4 569.75 195.62 -1 170 452.97 2 0.012189865112304688 1
1 -1 5 556.39 368.22 -1 170 935.64 2 7.325678110122681 1
random:1T:1500
0 -1 0 859.97 276.61 -2 157 3794.26 5 0.7228398323059082 1
0 -1 1 853.7 0 -3 157 4209.32 5 0.9868872165679932 1
0 -1 2 853.7 0 -3 157 4209.32 5 1.2176487445831299 1
0 -1 3 865.99 0 -2 157 4149.889999999999 5 1.1964619159698486 1
0 -1 4 807.65 336.85 -1 157 1724.84 5 0.015182971954345703 1
0 -1 5 683.05 438.45000000000005 -1 157 2664.94 5 8.303919792175293 1
1 -1 0 836.79 274.71 -2 170 1398.22 2 0.7241508960723877 1
1 -1 1 865.93 0 -2 170 1730.25 2 1.0847439765930176 1
1 -1 2 865.93 0 -2 170 1730.25 2 1.4431989192962646 1
1 -1 3 867.61 0 -6 170 1550.5 2 1.342284917831421 1
1 -1 4 757.17 344.2 -1 170 709.1099999999999 2 0.014731884002685547 1
1 -1 5 681.47 449.79 -1 170 1187.58 2 10.376117944717407 1
random:2T:300
0 -1 0 98.06 0.0 -15 124 260.46 4 0.026341915130615234 2
0 -1 1 106.04 0.0 -16 124 538.99 4 0.12827372550964355 2
0 -1 2 106.04 0.0 -16 124 538.99 4 0.17268705368041992 2
0 -1 3 105.57 0.0 -12 124 519.8199999999999 4 0.16101408004760742 2
0 -1 4 94.84 0.0 -21 124 0.0 4 0.005503177642822266 2
0 -1 5 98.06 0.0 -15 124 260.46 4 0.1080930233001709 2
1 -1 0 104.58 0.0 -22 137 0.0 1 0.030732154846191406 2
1 -1 1 107.23 0.0 -23 137 20.27 1 0.13914179801940918 2
1 -1 2 107.23 0.0 -23 137 20.27 1 0.17818427085876465 2
1 -1 3 108.05 0.0 -18 137 0.0 1 0.18390202522277832 2
1 -1 4 100.11 0.0 -22 137 0.0 1 0.0065310001373291016 2
1 -1 5 104.58 0.0 -22 137 0.0 1 0.13614487648010254 2
random:2T:600
0 -1 0 309.04 155.78 -1 124 1011.3699999999999 4 0.12108683586120605 2
0 -1 1 320.03 0 -3 124 1441.1599999999999 4 0.26067495346069336 2
0 -1 2 320.03 0 -3 124 1441.1599999999999 4 0.3327958583831787 2
0 -1 3 321.37 0 -2 124 1302.89 4 0.3206028938293457 2
0 -1 4 301.11 107.25 -1 124 549.31 4 0.008005857467651367 2
0 -1 5 303.93 155.78 -1 124 942.8700000000001 4 0.8732242584228516 2
1 -1 0 312.68 144.48000000000002 -1 137 144.48000000000002 1 0.12659311294555664 2
1 -1 1 318.64 0 -1 137 217.26 1 0.32242679595947266 2
1 -1 2 318.64 0 -1 137 217.26 1 0.39444994926452637 2
1 -1 3 316.61 0 -2 137 100.52 1 0.3849480152130127 2
1 -1 4 301.9 79.83 -1 137 122.51 1 0.009286880493164062 2
1 -1 5 305.48 146.15 -1 137 161.10999999999999 1 2.7900569438934326 2
random:2T:900
0 -1 0 525.1 237.29 -1 124 1814.17 4 0.25215697288513184 2
0 -1 1 528.76 160.84 -1 124 2257.7400000000002 4 0.4262051582336426 2
0 -1 2 528.76 160.84 -1 124 2257.7400000000002 4 0.5287618637084961 2
0 -1 3 538.72 0 -2 124 2133.09 4 0.49969935417175293 2
0 -1 4 512.22 217.0 -1 124 953.96 4 0.00923609733581543 2
0 -1 5 485.35 346.69 -2 124 1694.81 4 2.5249903202056885 2
1 -1 0 517.32 239.7 -2 137 359.14 1 0.281919002532959 2
1 -1 1 538.04 142.58 -1 137 418.96999999999997 1 0.4932680130004883 2
1 -1 2 538.04 142.58 -1 137 418.96999999999997 1 0.6195681095123291 2
1 -1 3 532.92 0 -2 137 275.99 1 0.5971260070800781 2
1 -1 4 500.73 182.39 -1 137 182.39 1 0.010121822357177734 2
1 -1 5 470.0 335.17 -1 137 402.4999999999999 1 5.560132026672363 2
random:2T:1200
0 -1 0 745.65 266.72 -1 124 2678.48 4 0.4064161777496338 2
0 -1 1 750.86 313.75 -1 124 3088.0299999999997 4 0.5691211223602295 2
0 -1 2 750.86 313.75 -1 124 3088.0299999999997 4 0.7430269718170166 2
0 -1 3 758.67 0 -2 124 2906.08 4 0.6867771148681641 2
0 -1 4 723.73 343.32 -1 124 1392.42 4 0.011686086654663086 2
0 -1 5 646.24 492.66 -2 124 2251.79 4 3.941878080368042 2
1 -1 0 733.99 266.79 -2 137 575.87 1 0.5094680786132812 2
1 -1 1 757.83 267.75 -1 137 612.52 1 0.7073919773101807 2
1 -1 2 757.83 267.75 -1 137 612.52 1 0.8871581554412842 2
1 -1 3 752.68 127.82 -1 137 430.65999999999997 1 0.8418729305267334 2
1 -1 4 716.6 330.85 -1 137 330.85 1 0.013103008270263672 2
1 -1 5 602.69 438.47 -1 137 568.3799999999999 1 7.171763896942139 2
random:2T:1500
0 -1 0 962.62 281.61 -1 124 3509.96 4 0.5447020530700684 2
0 -1 1 972.19 397.62 -1 124 3891.2 4 0.7255039215087891 2
0 -1 2 972.19 397.62 -1 124 3891.2 4 0.9389569759368896 2
0 -1 3 977.59 0 -2 124 3701.81 4 0.8642358779907227 2
0 -1 4 945.79 477.49 -1 124 1953.35 4 0.014833927154541016 2
0 -1 5 797.05 640.1499999999995 -2 124 2819.4900000000002 4 5.75521993637085 2
1 -1 0 938.36 341.39 -2 137 769.39 1 0.664207935333252 2
1 -1 1 980.06 367.15999999999997 -1 137 792.3399999999999 1 0.8884470462799072 2
1 -1 2 980.06 367.15999999999997 -1 137 792.3399999999999 1 1.142897129058838 2
1 -1 3 968.95 280.36 -1 137 655.91 1 1.0878100395202637 2
1 -1 4 920.37 399.24 -1 137 399.24 1 0.015524864196777344 2
1 -1 5 735.18 564.9300000000001 -1 137 716.1499999999999 1 8.94563603401184 2
random:3T:300
0 -1 0 81.6 0 -37 162 144.22 2 0.040222883224487305 3
0 -1 1 81.58 0 -46 162 272.08000000000004 2 0.16441702842712402 3
0 -1 2 81.58 0 -46 162 272.08000000000004 2 0.2130107879638672 3
0 -1 3 84.82 0.0 -48 162 105.84 2 0.24733209609985352 3
0 -1 4 79.11 0.0 -27 162 50.15 2 0.009810924530029297 3
0 -1 5 81.6 0 -37 162 144.22 2 0.2423403263092041 3
1 -1 0 89.11 0 -31 166 443.03999999999996 6 0.03991103172302246 3
1 -1 1 93.99 0 -43 166 724.26 6 0.19330096244812012 3
1 -1 2 93.99 0 -43 166 724.26 6 0.24690008163452148 3
1 -1 3 98.71 0 -39 166 586.06 6 0.26677370071411133 3
1 -1 4 80.85 0.0 -32 166 0.0 6 0.008381843566894531 3
1 -1 5 89.11 0.0 -31 166 443.03999999999996 6 0.2460651397705078 3
random:3T:600
0 -1 0 258.05 54.64 -1 162 373.89 2 0.09490585327148438 3
0 -1 1 250.84 0 -2 162 517.33 2 0.36198902130126953 3
0 -1 2 250.84 0 -2 162 517.33 2 0.4891078472137451 3
0 -1 3 268.08 0 -1 162 364.53000000000003 2 0.5102088451385498 3
0 -1 4 243.0 0.0 -6 162 269.36 2 0.00934600830078125 3
0 -1 5 257.36 54.64 -1 162 379.86 2 0.6445190906524658 3
1 -1 0 272.18 73.11 -1 166 1164.08 6 0.08750200271606445 3
1 -1 1 272.0 0 -16 166 1824.36 6 0.4280128479003906 3
1 -1 2 272.0 0 -16 166 1824.36 6 0.5522720813751221 3
1 -1 3 286.19 0 -4 166 1517.9699999999998 6 0.5323541164398193 3
1 -1 4 247.26 0.0 -5 166 738.6 6 0.009894132614135742 3
1 -1 5 270.24 73.11 -1 166 1054.4199999999998 6 0.6587071418762207 3
random:3T:900
0 -1 0 453.59 234.16 -1 162 639.5 2 0.34444189071655273 3
0 -1 1 451.28 111.1 -1 162 871.5 2 0.6215190887451172 3
0 -1 2 451.28 111.1 -1 162 871.5 2 0.7628369331359863 3
0 -1 3 471.12 0 -1 162 700.21 2 0.7631549835205078 3
0 -1 4 436.07 178.06 -1 162 370.18 2 0.012547969818115234 3
0 -1 5 424.81 255.5 -1 162 694.3399999999999 2 3.169924020767212 3
1 -1 0 471.27 235.42 -1 166 2389.49 6 0.3215768337249756 3
1 -1 1 466.94 0 -2 166 2829.38 6 0.6218240261077881 3
1 -1 2 466.94 0 -2 166 2829.38 6 0.814410924911499 3
1 -1 3 491.26 0 -4 166 2531.37 6 0.8377361297607422 3
1 -1 4 433.98 168.76999999999998 -1 166 1095.1 6 0.011502742767333984 3
1 -1 5 452.51 298.75 -2 166 2179.62 6 5.419541120529175 3
random:3T:1200
0 -1 0 652.08 267.7 -1 162 984.9200000000001 2 0.5335659980773926 3
0 -1 1 651.53 249.07 -1 162 1226.3400000000001 2 0.7946681976318359 3
0 -1 2 651.53 249.07 -1 162 1226.3400000000001 2 1.0101091861724854 3
0 -1 3 673.49 0 -1 162 948.74 2 1.0362718105316162 3
0 -1 4 621.69 258.84000000000003 -1 162 604.9100000000001 2 0.013536930084228516 3
0 -1 5 560.55 365.66999999999996 -1 162 963.61 2 5.927195072174072 3
1 -1 0 668.11 265.11 -2 166 3418.3900000000003 6 0.532710075378418 3
1 -1 1 663.48 0 -2 166 4013.55 6 0.8392181396484375 3
1 -1 2 663.48 0 -2 166 4013.55 6 1.0689418315887451 3
1 -1 3 692.98 0 -4 166 3609.07 6 1.0412392616271973 3
1 -1 4 592.86 192.67 -1 166 1413.8899999999999 6 0.012800931930541992 3
1 -1 5 597.15 405.36 -2 166 2847.56 6 7.75404691696167 3
random:3T:1500
0 -1 0 850.05 282.15 -1 162 1311.24 2 0.7497909069061279 3
0 -1 1 843.87 271.93 -1 162 1575.55 2 1.0242900848388672 3
0 -1 2 843.87 271.93 -1 162 1575.55 2 1.3054320812225342 3
0 -1 3 869.86 203.31 -1 162 1171.9199999999998 2 1.337934970855713 3
0 -1 4 824.53 362.28 -1 162 743.9599999999999 2 0.017580032348632812 3
0 -1 5 688.92 459.3 -1 162 1141.53 2 8.199115991592407 3
1 -1 0 864.7 280.73 -2 166 4596.18 6 0.7686111927032471 3
1 -1 1 860.59 0 -2 166 5173.41 6 1.0678179264068604 3
1 -1 2 860.59 0 -2 166 5173.41 6 1.3885879516601562 3
1 -1 3 891.69 0 -2 166 4704.14 6 1.3531830310821533 3
1 -1 4 792.2 322.56 -1 166 2129.24 6 0.017132043838500977 3
1 -1 5 736.61 452.38 -1 166 3735.12 6 13.854445219039917 3
random:4T:300
0 -1 0 80.81 0 -39 161 86.12 1 0.03665924072265625 4
0 -1 1 87.12 0.0 -46 161 142.14000000000001 1 0.18673419952392578 4
0 -1 2 87.12 0.0 -46 161 142.14000000000001 1 0.24100971221923828 4
0 -1 3 86.39 0 -44 161 129.03 1 0.2560570240020752 4
0 -1 4 76.08 0.0 -30 161 0.0 1 0.008289098739624023 4
0 -1 5 80.81 0 -39 161 86.12 1 0.2399883270263672 4
1 -1 0 83.02 0 -35 165 228.11999999999998 5 0.04016470909118652 4
1 -1 1 87.89 0 -45 165 689.27 5 0.1966562271118164 4
1 -1 2 87.89 0 -45 165 689.27 5 0.2492668628692627 4
1 -1 3 89.32 0 -43 165 556.3199999999999 5 0.2635536193847656 4
1 -1 4 72.34 0.0 -32 165 0.0 5 0.008932113647460938 4
1 -1 5 83.02 0 -35 165 228.11999999999998 5 0.24586105346679688 4
random:4T:600
0 -1 0 243.59 0.0 -5 161 174.3 1 0.07350325584411621 4
0 -1 1 251.77 0 -7 161 287.31 1 0.37887096405029297 4
0 -1 2 251.77 0 -7 161 287.31 1 0.4889068603515625 4
0 -1 3 266.75 0 -12 161 232.36 1 0.5059361457824707 4
0 -1 4 233.03 0.0 -8 161 104.57 1 0.009560823440551758 4
0 -1 5 242.69 0.0 -5 161 174.3 1 0.2455906867980957 4
1 -1 0 266.77 53.36 -1 165 832.3100000000001 5 0.0776519775390625 4
1 -1 1 268.61 0 -8 165 1617.99 5 0.4103701114654541 4
1 -1 2 268.61 0 -8 165 1617.99 5 0.5244839191436768 4
1 -1 3 264.35 0 -3 165 1095.72 5 0.5128772258758545 4
1 -1 4 233.29 0.0 -6 165 272.27 5 0.009730100631713867 4
1 -1 5 265.98 53.36 -1 165 834.5899999999999 5 0.6531479358673096 4
random:4T:900
0 -1 0 430.35 203.74 -1 161 345.3 1 0.22973084449768066 4
0 -1 1 452.17 0 -2 161 487.51000000000005 1 0.5905957221984863 4
0 -1 2 452.17 0 -2 161 487.51000000000005 1 0.7705609798431396 4
0 -1 3 472.18 0 -3 161 395.76000000000005 1 0.768186092376709 4
0 -1 4 429.7 178.4 -1 161 178.4 1 0.011898994445800781 4
0 -1 5 414.28 203.74 -1 161 331.83 1 2.6760828495025635 4
1 -1 0 468.62 237.39 -2 165 1949.2100000000003 5 0.31343984603881836 4
1 -1 1 469.54 0 -3 165 2519.5199999999995 5 0.6531879901885986 4
1 -1 2 469.54 0 -3 165 2519.5199999999995 5 0.8393130302429199 4
1 -1 3 463.83 0 -3 165 1752.11 5 0.8027331829071045 4
1 -1 4 425.64 163.01 -1 165 836.28 5 0.013108968734741211 4
1 -1 5 450.82 283.17 -1 165 1862.0800000000002 5 5.220536708831787 4
random:4T:1200
0 -1 0 630.09 266.88 -1 161 520.97 1 0.5354659557342529 4
0 -1 1 652.95 0 -1 161 681.2800000000001 1 0.9658329486846924 4
0 -1 2 652.95 0 -1 161 681.2800000000001 1 1.2658910751342773 4
0 -1 3 674.48 0 -2 161 571.04 1 1.2217957973480225 4
0 -1 4 601.68 230.64000000000001 -1 161 230.64000000000001 1 0.016577959060668945 4
0 -1 5 542.14 363.49 -1 161 469.22 1 5.519118070602417 4
1 -1 0 660.66 266.74 -2 165 2864.55 5 0.624748945236206 4
1 -1 1 664.39 0 -1 165 3512.4399999999996 5 1.0082180500030518 4
1 -1 2 664.39 0 -1 165 3512.4399999999996 5 1.2897591590881348 4
1 -1 3 665.44 0 -2 165 2779.7300000000005 5 1.2159137725830078 4
1 -1 4 602.35 191.39 -1 165 978.8899999999999 5 0.016274213790893555 4
1 -1 5 586.92 405.91 -1 165 2280.23 5 8.73607087135315 4
random:4T:1500
0 -1 0 828.49 282.72 -2 161 711.37 1 0.7742788791656494 4
0 -1 1 852.97 0 -1 161 862.21 1 1.1908149719238281 4
0 -1 2 852.97 0 -1 161 862.21 1 1.5359220504760742 4
0 -1 3 878.36 0 -1 161 767.8000000000001 1 1.5039880275726318 4
0 -1 4 808.31 357.09000000000003 -1 161 357.09000000000003 1 0.017393827438354492 4
0 -1 5 658.28 433.04 -1 161 499.76 1 7.859498023986816 4
1 -1 0 858.36 281.62 -2 165 3788.33 5 0.80928635597229 4
1 -1 1 862.84 0 -1 165 4507.2 5 1.1939818859100342 4
1 -1 2 862.84 0 -1 165 4507.2 5 1.5454609394073486 4
1 -1 3 860.08 0 -2 165 3748.69 5 1.4704360961914062 4
1 -1 4 805.96 337.47999999999996 -1 165 1719.35 5 0.017859935760498047 4
1 -1 5 718.75 460.81 -1 165 3038.89 5 12.421441078186035 4
