random:0T:300
0 -1 0 120.14 17.36 -1 76 461.22 6 0.022629976272583008 0
0 -1 1 134.18 0.0 -7 76 910.58 6 0.08006501197814941 0
0 -1 2 120.14 17.36 -1 76 461.22 6 0.016930818557739258 0
0 -1 3 129.69 0 -1 76 780.78 6 0.08468794822692871 0
0 -1 4 106.23 0.0 -7 76 125.28999999999999 6 0.004007816314697266 0
0 -1 5 119.98 17.36 -1 76 461.22 6 0.04620075225830078 0
1 -1 0 148.79 30.34 -1 91 144.93 1 0.031169891357421875 0
1 -1 1 152.71 0 -4 91 160.06 1 0.11316394805908203 0
1 -1 2 148.79 30.34 -1 91 144.93 1 0.02621006965637207 0
1 -1 3 152.14 22.96 -1 91 144.31 1 0.13292193412780762 0
1 -1 4 135.62 0.0 -4 91 115.23 1 0.004036903381347656 0
1 -1 5 148.64 30.34 -1 91 144.93 1 0.17112994194030762 0
2 -1 0 130.71 0.0 -1 92 230.18 2 0.020612001419067383 0
2 -1 1 138.89 0 -2 92 273.86 2 0.09858894348144531 0
2 -1 2 130.71 0.0 -1 92 230.18 2 0.02131032943725586 0
2 -1 3 140.36 0 -5 92 132.17 2 0.13501906394958496 0
2 -1 4 127.72 0.0 -4 92 179.45999999999998 2 0.005116939544677734 0
2 -1 5 130.71 0.0 -1 92 230.18 2 0.06975102424621582 0
3 -1 0 129.6 34.48 -1 71 111.43 1 0.024326086044311523 0
3 -1 1 130.03 28.95 -1 71 162.62 1 0.06623601913452148 0
3 -1 2 129.6 34.48 -1 71 111.43 1 0.019569873809814453 0
3 -1 3 135.75 40.76 -1 71 65.78 1 0.08663392066955566 0
3 -1 4 118.49 0.0 -2 71 14.69 1 0.003065824508666992 0
3 -1 5 128.83 34.48 -1 71 115.29 1 0.07462573051452637 0
random:0T:600
0 -1 0 356.51 189.69 -2 76 1775.99 6 0.10378909111022949 0
0 -1 1 369.38 153.61 -1 76 2206.89 6 0.15459108352661133 0
0 -1 2 356.2 226.03 -2 76 1740.4599999999998 6 0.06484794616699219 0
0 -1 3 370.93 179.83 -1 76 2039.1599999999999 6 0.17336177825927734 0
0 -1 4 339.3 145.75 -1 76 1040.43 6 0.004832029342651367 0
0 -1 5 334.03 224.43 -2 76 1700.4900000000002 6 0.7548470497131348 0
1 -1 0 388.88 291.91 -1 91 379.9899999999999 1 0.13355112075805664 0
1 -1 1 385.21 139.52 -1 91 390.58 1 0.21126127243041992 0
1 -1 2 384.43 259.9 -2 91 389.3999999999999 1 0.09465980529785156 0
1 -1 3 393.0 199.51 -1 91 347.59 1 0.2508809566497803 0
1 -1 4 357.16 201.38 -1 91 233.14999999999998 1 0.00552821159362793 0
1 -1 5 356.86 274.25 -2 91 385.36 1 1.2054531574249268 0
2 -1 0 366.71 198.96 -1 92 665.23 2 0.13035798072814941 0
2 -1 1 374.71 178.14 -1 92 738.42 2 0.21568608283996582 0
2 -1 2 359.02 239.69 -1 92 683.77 2 0.08020591735839844 0
2 -1 3 376.25 75.01 -1 92 525.94 2 0.26175594329833984 0
2 -1 4 351.42 194.10999999999996 -1 92 410.98999999999995 2 0.006017208099365234 0
2 -1 5 336.99 239.69 -1 92 694.98 2 1.1683878898620605 0
3 -1 0 379.02 257.61 -1 71 343.05 1 0.10612678527832031 0
3 -1 1 378.75 206.25 -1 71 386.43000000000006 1 0.15697002410888672 0
3 -1 2 375.01 233.79 -2 71 343.18 1 0.07010602951049805 0
3 -1 3 385.74 271.41999999999996 -1 71 271.41999999999996 1 0.17718291282653809 0
3 -1 4 351.76 158.42000000000002 -1 71 158.42000000000002 1 0.004857063293457031 0
3 -1 5 334.97 253.92999999999998 -2 71 351.78 1 0.5936269760131836 0
random:0T:900
0 -1 0 592.35 239.36 -2 76 3085.4599999999996 6 0.18565702438354492 0
0 -1 1 609.14 236.31 -1 76 3595.21 6 0.23571181297302246 0
0 -1 2 593.42 346.32 -2 76 3020.9700000000003 6 0.11498188972473145 0
0 -1 3 614.14 233.95 -1 76 3402.6099999999997 6 0.2983250617980957 0
0 -1 4 574.43 300.81 -1 76 1968.88 6 0.00639796257019043 0
0 -1 5 520.67 368.13 -2 76 2779.3500000000004 6 1.2479279041290283 0
1 -1 0 631.14 467.61 -1 91 600.75 1 0.25878000259399414 0
1 -1 1 621.75 246.04 -1 91 620.44 1 0.31687498092651367 0
1 -1 2 619.45 394.2 -1 91 619.21 1 0.15388989448547363 0
1 -1 3 634.54 340.23 -1 91 554.73 1 0.3992331027984619 0
1 -1 4 587.71 341.2199999999999 -1 91 341.2199999999999 1 0.008150815963745117 0
1 -1 5 524.77 403.24 -1 91 563.5 1 2.2616891860961914 0
2 -1 0 601.38 357.0 -1 92 1146.25 2 0.2697422504425049 0
2 -1 1 613.16 244.45 -1 92 1173.15 2 0.33394312858581543 0
2 -1 2 589.9 357.01 -1 92 1126.78 2 0.15082097053527832 0
2 -1 3 618.32 197.92000000000002 -1 92 870.45 2 0.3689389228820801 0
2 -1 4 581.91 330.3399999999999 -1 92 665.74 2 0.008014917373657227 0
2 -1 5 506.98 390.14 -1 92 1070.36 2 2.2231099605560303 0
3 -1 0 630.54 444.40999999999997 -1 71 564.32 1 0.18537592887878418 0
3 -1 1 629.32 421.80999999999995 -1 71 626.4100000000001 1 0.27293896675109863 0
3 -1 2 626.56 432.48999999999995 -1 71 564.58 1 0.1426100730895996 0
3 -1 3 636.85 457.73 -1 71 473.19 1 0.29943394660949707 0
3 -1 4 587.67 313.1 -1 71 313.1 1 0.0059850215911865234 0
3 -1 5 501.48 408.39 -1 71 553.23 1 1.3550918102264404 0
random:0T:1200
0 -1 0 825.86 266.6 -2 76 4455.099999999999 6 0.3018317222595215 0
0 -1 1 841.25 264.93 -1 76 4962.629999999999 6 0.32874393463134766 0
0 -1 2 827.48 472.27 -2 76 4398.4400000000005 6 0.1637270450592041 0
0 -1 3 854.24 263.64 -1 76 4687.81 6 0.3784489631652832 0
0 -1 4 809.56 455.86 -1 76 2897.8599999999997 6 0.00954294204711914 0
0 -1 5 706.48 523.3899999999999 -2 76 3757.55 6 1.9506900310516357 0
1 -1 0 869.86 539.62 -1 91 811.5 1 0.41156005859375 0
1 -1 1 860.95 409.02 -1 91 827.81 1 0.44825291633605957 0
1 -1 2 856.14 545.14 -1 91 824.7000000000002 1 0.23728299140930176 0
1 -1 3 876.3 516.46 -1 91 756.5600000000001 1 0.5430278778076172 0
1 -1 4 815.7 493.7799999999999 -1 91 493.7799999999999 1 0.009449958801269531 0
1 -1 5 685.89 553.5400000000001 -1 91 718.0300000000001 1 3.189037799835205 0
2 -1 0 838.88 509.95 -1 92 1561.4499999999998 2 0.3636648654937744 0
2 -1 1 850.95 439.32000000000005 -1 92 1568.08 2 0.4517202377319336 0
2 -1 2 819.99 485.62 -1 92 1575.15 2 0.22143006324768066 0
2 -1 3 861.76 410.32 -1 92 1270.2600000000002 2 0.5202212333679199 0
2 -1 4 813.93 480.9599999999999 -1 92 969.4699999999999 2 0.010056018829345703 0
2 -1 5 666.06 535.87 -1 92 1380.4899999999998 2 3.5007529258728027 0
3 -1 0 882.07 621.56 -1 71 802.73 1 0.3199441432952881 0
3 -1 1 877.68 540.5 -1 71 853.4300000000001 1 0.3252859115600586 0
3 -1 2 876.98 591.3399999999999 -1 71 800.8600000000001 1 0.1878650188446045 0
3 -1 3 888.46 615.12 -1 71 714.25 1 0.38341188430786133 0
3 -1 4 824.1 466.72999999999996 -1 71 466.72999999999996 1 0.007800102233886719 0
3 -1 5 663.5 549.97 -1 71 703.59 1 1.9383831024169922 0
random:0T:1500
0 -1 0 1060.01 281.55 -2 76 5817.31 6 0.4120790958404541 0
0 -1 1 1077.01 280.63 -1 76 6260.620000000002 6 0.4449782371520996 0
0 -1 2 1059.19 603.37 -2 76 5679.53 6 0.22810792922973633 0
0 -1 3 1092.33 423.07000000000005 -1 76 5993.670000000001 6 0.49753499031066895 0
0 -1 4 1044.69 610.91 -1 76 3826.84 6 0.010985851287841797 0
0 -1 5 873.31 608.84 -1 76 4426.9800000000005 6 2.534895181655884 0
1 -1 0 1107.01 746.87 -1 91 1042.54 1 0.4653458595275879 0
1 -1 1 1099.37 566.11 -1 91 1032.32 1 0.54669189453125 0
1 -1 2 1094.7 707.87 -1 91 1052.43 1 0.2982032299041748 0
1 -1 3 1116.17 612.23 -1 91 970.38 1 0.6515209674835205 0
1 -1 4 1036.77 633.3299999999999 -1 91 633.3299999999999 1 0.011725902557373047 0
1 -1 5 859.31 691.84 -1 91 771.4200000000001 1 4.345670938491821 0
2 -1 0 1076.41 617.0600000000001 -1 92 2022.94 2 0.5567519664764404 0
2 -1 1 1088.81 592.42 -1 92 2033.5700000000002 2 0.6115360260009766 0
2 -1 2 1051.34 608.5799999999999 -1 92 2007.12 2 0.3052051067352295 0
2 -1 3 1102.73 526.82 -1 92 1673.64 2 0.7362678050994873 0
2 -1 4 1039.36 622.1499999999999 -1 92 1255.57 2 0.014538049697875977 0
2 -1 5 833.39 669.4200000000001 -1 92 1546.6899999999998 2 4.582221031188965 0
3 -1 0 1132.17 797.54 -1 71 1033.29 1 0.3686940670013428 0
3 -1 1 1126.19 717.54 -1 71 1100.47 1 0.4242129325866699 0
3 -1 2 1124.4 678.4599999999999 -1 71 1022.7900000000001 1 0.25365781784057617 0
3 -1 3 1138.49 790.89 -1 71 923.17 1 0.466296911239624 0
3 -1 4 1061.15 619.1199999999999 -1 71 619.1199999999999 1 0.010444879531860352 0
3 -1 5 838.28 682.02 -1 71 781.5300000000001 1 2.698652982711792 0
random:1T:300
0 -1 0 178.34 117.09 -1 43 702.9000000000001 4 0.034062862396240234 1
0 -1 1 179.2 65.62 -1 43 800.62 4 0.05376076698303223 1
0 -1 2 178.34 117.09 -1 43 702.9000000000001 4 0.022310972213745117 1
0 -1 3 182.13 83.13 -1 43 678.6200000000001 4 0.05469322204589844 1
0 -1 4 157.63 90.50999999999999 -1 43 440.64 4 0.0027132034301757812 1
0 -1 5 174.46 117.09 -1 43 694.24 4 0.254580020904541 1
1 -1 0 114.35 0.0 -7 111 123.29 1 0.02524089813232422 1
1 -1 1 124.95 0.0 -6 111 125.98 1 0.12641000747680664 1
1 -1 2 114.35 0.0 -7 111 123.29 1 0.023939132690429688 1
1 -1 3 132.46 0.0 -11 111 76.81 1 0.16963720321655273 1
1 -1 4 109.5 0.0 -12 111 81.66 1 0.005029201507568359 1
1 -1 5 114.35 0.0 -7 111 123.29 1 0.10617899894714355 1
2 -1 0 98.42 0.0 -8 111 0.0 1 0.02602386474609375 1
2 -1 1 104.03 0.0 -10 111 114.41 1 0.12188506126403809 1
2 -1 2 98.42 0.0 -8 111 0.0 1 0.027724027633666992 1
2 -1 3 102.13 0 -9 111 27.39 1 0.159454345703125 1
2 -1 4 91.98 0.0 -13 111 0.0 1 0.005800008773803711 1
2 -1 5 98.42 0.0 -8 111 0.0 1 0.10757780075073242 1
3 -1 0 168.22 81.32 -1 62 135.80999999999997 1 0.036644935607910156 1
3 -1 1 171.44 0.0 -1 62 215.57999999999998 1 0.07697796821594238 1
3 -1 2 167.61 81.32 -1 62 136.92000000000002 1 0.027218103408813477 1
3 -1 3 176.03 0 -3 62 196.70999999999998 1 0.1002509593963623 1
3 -1 4 156.2 40.54 -1 62 76.01 1 0.0034058094024658203 1
3 -1 5 164.29 81.32 -1 62 142.62 1 0.278231143951416 1
random:1T:600
0 -1 0 437.84 289.76 -1 43 1754.3600000000001 4 0.08855724334716797 1
0 -1 1 440.91 261.52 -1 43 1838.23 4 0.10935235023498535 1
0 -1 2 441.72 304.47 -1 43 1736.29 4 0.0623629093170166 1
0 -1 3 450.71 271.13 -1 43 1674.4 4 0.11838603019714355 1
0 -1 4 416.86 305.73 -1 43 1259.63 4 0.005419015884399414 1
0 -1 5 405.6 293.06 -2 43 1672.25 4 0.6229209899902344 1
1 -1 0 339.38 191.65 -2 111 315.27 1 0.13596701622009277 1
1 -1 1 347.52 0 -2 111 319.66999999999996 1 0.26364803314208984 1
1 -1 2 328.26 222.26 -1 111 336.83 1 0.09508085250854492 1
1 -1 3 356.67 0 -5 111 248.64 1 0.33484601974487305 1
1 -1 4 322.47 133.51 -1 111 173.31 1 0.007061004638671875 1
1 -1 5 320.86 222.25 -1 111 333.4 1 1.5717740058898926 1
2 -1 0 318.26 174.15 -2 111 206.85999999999999 1 0.15767121315002441 1
2 -1 1 321.19 0 -2 111 308.76 1 0.30347418785095215 1
2 -1 2 310.87 186.39999999999998 -2 111 209.06 1 0.08525276184082031 1
2 -1 3 323.81 0 -1 111 212.67000000000002 1 0.32280683517456055 1
2 -1 4 302.2 83.28 -1 111 83.28 1 0.006256818771362305 1
2 -1 5 298.8 211.04999999999998 -2 111 242.93 1 2.0258967876434326 1
3 -1 0 423.79 270.14 -1 62 398.85999999999996 1 0.13665413856506348 1
3 -1 1 428.33 224.6 -1 62 473.08 1 0.1696321964263916 1
3 -1 2 424.75 270.14 -1 62 395.78 1 0.08491683006286621 1
3 -1 3 435.42 208.06 -1 62 429.81999999999994 1 0.19011998176574707 1
3 -1 4 399.33 235.81 -1 62 235.81 1 0.004993915557861328 1
3 -1 5 358.65 268.03 -2 62 395.2999999999999 1 1.1695261001586914 1
random:1T:900
0 -1 0 699.48 454.64 -1 43 2793.8399999999992 4 0.14901494979858398 1
0 -1 1 702.49 452.0 -1 43 2893.2999999999997 4 0.16897177696228027 1
0 -1 2 705.28 518.07 -1 43 2790.9700000000007 4 0.09823489189147949 1
0 -1 3 718.28 491.46999999999997 -1 43 2673.3 4 0.16788101196289062 1
0 -1 4 672.3 496.61 -1 43 2036.19 4 0.006390094757080078 1
0 -1 5 628.92 469.3600000000008 -2 43 2459.4399999999996 4 1.2451720237731934 1
1 -1 0 565.58 240.44 -1 111 519.8199999999999 1 0.27448606491088867 1
1 -1 1 575.97 0 -2 111 540.4499999999999 1 0.42270588874816895 1
1 -1 2 546.66 363.22 -2 111 516.5999999999999 1 0.1752932071685791 1
1 -1 3 584.49 0 -3 111 436.39 1 0.5026500225067139 1
1 -1 4 531.29 315.6 -1 111 315.6 1 0.00757598876953125 1
1 -1 5 477.4 369.22 -1 111 487.89 1 2.8045928478240967 1
2 -1 0 544.3 233.42 -1 111 435.51 1 0.2554960250854492 1
2 -1 1 548.98 0 -1 111 487.24 1 0.35741114616394043 1
2 -1 2 521.16 311.61 -2 111 409.36 1 0.1459980010986328 1
2 -1 3 551.42 0 -1 111 393.19 1 0.5180497169494629 1
2 -1 4 507.37 173.66 -1 111 173.66 1 0.008441925048828125 1
2 -1 5 463.06 365.81 -2 111 452.0899999999999 1 4.269654035568237 1
3 -1 0 678.36 373.7 -1 62 662.2199999999999 1 0.2348940372467041 1
3 -1 1 681.93 365.05 -1 62 729.81 1 0.28160691261291504 1
3 -1 2 681.44 490.37 -1 62 650.3100000000001 1 0.16515827178955078 1
3 -1 3 692.21 364.12 -1 62 672.09 1 0.32009100914001465 1
3 -1 4 642.26 395.15999999999997 -1 62 395.15999999999997 1 0.007481098175048828 1
3 -1 5 550.69 434.40000000000003 -2 62 566.2599999999999 1 2.080054998397827 1
random:1T:1200
0 -1 0 963.18 666.6500000000001 -1 43 3846.979999999999 4 0.23340702056884766 1
0 -1 1 964.15 623.43 -1 43 3947.329999999999 4 0.2613999843597412 1
0 -1 2 968.82 716.9200000000001 -1 43 3839.8500000000004 4 0.14816999435424805 1
0 -1 3 985.26 715.6999999999999 -1 43 3699.6799999999994 4 0.2548670768737793 1
0 -1 4 929.65 695.4399999999999 -1 43 2811.1199999999994 4 0.009179115295410156 1
0 -1 5 841.28 644.7799999999997 -2 43 3091.0000000000005 4 2.099616050720215 1
1 -1 0 789.74 267.19 -1 111 703.69 1 0.46094417572021484 1
1 -1 1 803.68 0 -2 111 722.2199999999999 1 0.6104190349578857 1
1 -1 2 768.03 480.62 -2 111 744.9299999999998 1 0.27942490577697754 1
1 -1 3 816.73 140.33 -1 111 623.06 1 0.7192928791046143 1
1 -1 4 742.76 398.21000000000004 -1 111 398.21000000000004 1 0.011366844177246094 1
1 -1 5 622.29 476.13 -1 111 622.84 1 4.479466199874878 1
2 -1 0 772.48 263.35 -1 111 633.32 1 0.4354991912841797 1
2 -1 1 776.87 200.32 -1 111 693.28 1 0.5730531215667725 1
2 -1 2 729.47 441.73999999999995 -2 111 616.4300000000001 1 0.2688589096069336 1
2 -1 3 778.6 170.48 -1 111 566.13 1 0.6948039531707764 1
2 -1 4 720.31 313.89000000000004 -1 111 313.89000000000004 1 0.011166095733642578 1
2 -1 5 614.99 479.14 -1 111 581.52 1 5.985220909118652 1
3 -1 0 933.97 554.05 -1 62 921.16 1 0.31331706047058105 1
3 -1 1 937.61 556.89 -1 62 991.9099999999999 1 0.3607170581817627 1
3 -1 2 937.56 696.6800000000001 -1 62 907.67 1 0.21826505661010742 1
3 -1 3 951.23 572.76 -1 62 926.7300000000001 1 0.40572190284729004 1
3 -1 4 885.0 554.0799999999999 -1 62 554.0799999999999 1 0.00966191291809082 1
3 -1 5 724.12 607.2800000000001 -2 62 723.6099999999999 1 2.786545991897583 1
random:1T:1500
0 -1 0 1225.89 863.8500000000001 -1 43 4895.259999999998 4 0.2799708843231201 1
0 -1 1 1224.02 795.41 -1 43 4991.189999999999 4 0.30206918716430664 1
0 -1 2 1232.37 891.6800000000001 -1 43 4873.280000000001 4 0.19475722312927246 1
0 -1 3 1247.63 857.78 -1 43 4726.91 4 0.3131568431854248 1
0 -1 4 1188.83 898.2699999999999 -1 43 3630.0499999999997 4 0.01050424575805664 1
0 -1 5 1025.41 796.9000000000001 -1 43 3510.670000000001 4 3.1433258056640625 1
1 -1 0 1016.57 281.87 -1 111 889.5 1 0.5702898502349854 1
1 -1 1 1030.79 0 -2 111 912.1899999999998 1 0.7439517974853516 1
1 -1 2 978.96 605.94 -2 111 939.3599999999999 1 0.3472292423248291 1
1 -1 3 1048.88 302.5 -1 111 805.66 1 0.850855827331543 1
1 -1 4 966.31 526.49 -1 111 526.49 1 0.012603044509887695 1
1 -1 5 766.85 612.6800000000001 -1 111 768.3399999999999 1 5.882616758346558 1
2 -1 0 996.78 279.76 -1 111 841.4100000000001 1 0.5677289962768555 1
2 -1 1 999.8 335.4 -1 111 903.1800000000001 1 0.7147901058197021 1
2 -1 2 942.56 569.32 -1 111 807.7500000000001 1 0.3526778221130371 1
2 -1 3 1007.93 319.04 -1 111 744.2099999999999 1 0.8414831161499023 1
2 -1 4 939.06 384.19000000000005 -1 111 384.19000000000005 1 0.011938095092773438 1
2 -1 5 763.89 608.44 -1 111 734.77 1 8.055855751037598 1
3 -1 0 1188.79 709.85 -1 62 1183.09 1 0.4690699577331543 1
3 -1 1 1191.14 706.22 -1 62 1254.1999999999998 1 0.47460412979125977 1
3 -1 2 1195.6 864.09 -1 62 1160.94 1 0.28641605377197266 1
3 -1 3 1206.6 758.02 -1 62 1184.45 1 0.538132905960083 1
3 -1 4 1127.54 712.5799999999999 -1 62 712.5799999999999 1 0.01169896125793457 1
3 -1 5 909.38 716.74 -1 62 841.5199999999999 1 4.134295225143433 1
random:2T:300
0 -1 0 194.79 124.87 -1 41 191.19 1 0.03836393356323242 2
0 -1 1 194.7 104.79 -1 41 195.44 1 0.06299901008605957 2
0 -1 2 195.89 143.59 -1 41 185.17 1 0.028130054473876953 2
0 -1 3 196.1 141.72 -1 41 184.57 1 0.07535576820373535 2
0 -1 4 185.72 113.68 -1 41 129.42 1 0.003407001495361328 2
0 -1 5 188.35 136.01999999999998 -2 41 195.70999999999995 1 0.22681903839111328 2
1 -1 0 113.73 0.0 -13 129 0.0 1 0.05918431282043457 2
1 -1 1 112.44 0.0 -19 129 39.73 1 0.18814802169799805 2
1 -1 2 113.73 0.0 -13 129 0.0 1 0.04295182228088379 2
1 -1 3 115.73 0.0 -13 129 0.0 1 0.22333002090454102 2
1 -1 4 108.27 0.0 -17 129 0.0 1 0.007093906402587891 2
1 -1 5 113.73 0.0 -13 129 0.0 1 0.1392989158630371 2
2 -1 0 134.33 27.74 -1 81 120.38 1 0.024036169052124023 2
2 -1 1 133.95 0 -1 81 120.38 1 0.09135890007019043 2
2 -1 2 134.33 27.74 -1 81 120.38 1 0.021352291107177734 2
2 -1 3 135.02 0 -1 81 120.38 1 0.11838388442993164 2
2 -1 4 121.04 0.0 -4 81 109.68 1 0.0043261051177978516 2
2 -1 5 134.18 27.74 -1 81 120.38 1 0.06002306938171387 2
3 -1 0 232.71 201.45000000000002 -1 10 462.4800000000001 2 0.01886892318725586 2
3 -1 1 232.71 201.45000000000002 -1 10 462.4800000000001 2 0.019079208374023438 2
3 -1 2 233.01 204.44 -1 10 462.4800000000001 2 0.014419794082641602 2
3 -1 3 233.44 210.43 -1 10 461.68000000000006 2 0.02078104019165039 2
3 -1 4 217.74 194.85 -1 10 403.66999999999996 2 0.0019991397857666016 2
3 -1 5 231.14 184.19 -1 10 463.3400000000001 2 0.041040897369384766 2
random:2T:600
0 -1 0 463.67 349.63 -1 41 450.25999999999993 1 0.08927488327026367 2
0 -1 1 463.03 341.07 -1 41 452.87 1 0.11004328727722168 2
0 -1 2 465.18 365.76000000000005 -1 41 443.05 1 0.06102395057678223 2
0 -1 3 465.98 383.85 -1 41 437.2 1 0.13242602348327637 2
0 -1 4 450.33 330.86 -1 41 330.86 1 0.0055658817291259766 2
0 -1 5 394.26 307.36 -2 41 446.59999999999997 1 0.441317081451416 2
1 -1 0 332.97 172.66 -1 129 205.52 1 0.15248322486877441 2
1 -1 1 329.99 0 -1 129 230.22 1 0.3673710823059082 2
1 -1 2 322.44 154.02 -1 129 154.02 1 0.12673091888427734 2
1 -1 3 333.42 41.29 -1 129 133.1 1 0.4210071563720703 2
1 -1 4 317.15 120.76 -1 129 138.21 1 0.009763717651367188 2
1 -1 5 319.97 172.66000000000003 -1 129 216.36999999999995 1 1.5769312381744385 2
2 -1 0 374.71 197.74 -1 81 350.26000000000005 1 0.12409186363220215 2
2 -1 1 374.32 199.42 -1 81 353.15999999999997 1 0.1955888271331787 2
2 -1 2 369.96 243.33 -2 81 324.48 1 0.08783102035522461 2
2 -1 3 377.52 118.96 -1 81 328.37 1 0.24227094650268555 2
2 -1 4 360.55 232.12 -1 81 264.89 1 0.0067331790924072266 2
2 -1 5 346.02 257.94 -2 81 359.94000000000005 1 0.8070638179779053 2
3 -1 0 524.01 455.81000000000006 -1 10 1041.9499999999994 2 0.046235084533691406 2
3 -1 1 524.01 455.81000000000006 -1 10 1041.9499999999994 2 0.042474985122680664 2
3 -1 2 524.94 465.1 -1 10 1041.9499999999994 2 0.036827802658081055 2
3 -1 3 526.35 482.67 -1 10 1040.2999999999993 2 0.05387616157531738 2
3 -1 4 506.55 470.4699999999999 -1 10 953.78 2 0.0043179988861083984 2
3 -1 5 520.95 423.74 -1 10 1042.7499999999993 2 0.10402989387512207 2
random:2T:900
0 -1 0 730.51 554.4200000000001 -1 41 713.9100000000001 1 0.14850401878356934 2
0 -1 1 731.34 568.7 -1 41 713.07 1 0.16591882705688477 2
0 -1 2 733.77 581.51 -1 41 704.47 1 0.10630297660827637 2
0 -1 3 736.74 620.25 -1 41 693.5400000000001 1 0.18167614936828613 2
0 -1 4 715.87 541.02 -1 41 541.02 1 0.00734710693359375 2
0 -1 5 574.6 481.56000000000074 -2 41 630.65 1 0.9580032825469971 2
1 -1 0 557.06 239.7 -1 129 403.02000000000004 1 0.3450050354003906 2
1 -1 1 548.62 179.01 -1 129 460.74 1 0.6270730495452881 2
1 -1 2 479.36 189.35999999999993 -1 129 189.35999999999993 1 0.5004751682281494 2
1 -1 3 558.7 235.41 -2 129 287.51 1 0.6275768280029297 2
1 -1 4 528.28 227.07 -1 129 227.07 1 0.01117396354675293 2
1 -1 5 481.28 322.82 -1 129 428.71999999999986 1 3.293390989303589 2
2 -1 0 617.43 404.49 -1 81 572.65 1 0.2265760898590088 2
2 -1 1 618.28 408.66999999999996 -1 81 563.76 1 0.2940049171447754 2
2 -1 2 606.4 377.77 -1 81 547.41 1 0.14173007011413574 2
2 -1 3 623.16 290.78 -1 81 536.5699999999999 1 0.35530996322631836 2
2 -1 4 601.87 420.1 -1 81 420.1 1 0.008432149887084961 2
2 -1 5 519.96 419.99000000000007 -2 81 554.22 1 1.5107147693634033 2
3 -1 0 815.19 708.7 -1 10 1621.5700000000004 2 0.06848382949829102 2
3 -1 1 815.19 708.7 -1 10 1621.5700000000004 2 0.06769514083862305 2
3 -1 2 816.78 725.28 -1 10 1621.2700000000004 2 0.05286812782287598 2
3 -1 3 819.11 753.2600000000001 -1 10 1618.9500000000003 2 0.06916999816894531 2
3 -1 4 795.21 744.7799999999996 -1 10 1503.3999999999992 2 0.0061817169189453125 2
3 -1 5 813.16 687.9 -1 10 1621.9200000000003 2 0.14043331146240234 2
random:2T:1200
0 -1 0 998.37 770.72 -1 41 973.6300000000001 1 0.19980788230895996 2
0 -1 1 999.46 778.9999999999999 -1 41 972.75 1 0.2020249366760254 2
0 -1 2 1000.6 794.53 -1 41 968.27 1 0.12475085258483887 2
0 -1 3 1007.12 853.3100000000001 -1 41 948.6 1 0.2357349395751953 2
0 -1 4 981.56 749.53 -1 41 749.53 1 0.009825944900512695 2
0 -1 5 765.35 652.0900000000008 -2 41 789.2199999999999 1 1.2113709449768066 2
1 -1 0 780.11 353.74 -1 129 626.1899999999999 1 0.5169379711151123 2
1 -1 1 773.62 266.79 -2 129 668.49 1 0.6859972476959229 2
1 -1 2 589.54 197.22 -1 129 197.22 1 0.8528239727020264 2
1 -1 3 782.77 264.44 -2 129 473.33 1 0.8324298858642578 2
1 -1 4 740.62 347.09 -1 129 347.09 1 0.013628005981445312 2
1 -1 5 617.4 439.28999999999996 -1 129 575.3699999999999 1 4.14847731590271 2
2 -1 0 857.03 529.6999999999999 -1 81 801.5400000000001 1 0.3264739513397217 2
2 -1 1 859.4 539.44 -1 81 797.31 1 0.3917050361633301 2
2 -1 2 844.02 507.9199999999999 -2 81 770.38 1 0.19699501991271973 2
2 -1 3 864.31 385.02 -1 81 730.3699999999999 1 0.4557220935821533 2
2 -1 4 843.19 575.31 -1 81 575.31 1 0.011286020278930664 2
2 -1 5 679.81 565.83 -1 81 715.37 1 2.2338969707489014 2
3 -1 0 1106.83 965.25 -1 10 2201.6500000000005 2 0.08886194229125977 2
3 -1 1 1106.83 965.25 -1 10 2201.6500000000005 2 0.09067392349243164 2
3 -1 2 1108.95 989.7900000000001 -1 10 2200.0200000000004 2 0.06611824035644531 2
3 -1 3 1111.69 1020.5100000000001 -1 10 2198.3900000000003 2 0.0936279296875 2
3 -1 4 1084.03 1020.289999999999 -1 10 2053.529999999998 2 0.008212089538574219 2
3 -1 5 1104.07 979.7599999999999 -1 10 2181.5299999999997 2 0.2101271152496338 2
random:2T:1500
0 -1 0 1266.11 972.4799999999999 -1 41 1234.93 1 0.25003504753112793 2
0 -1 1 1267.91 977.11 -1 41 1236.18 1 0.2726860046386719 2
0 -1 2 1269.06 1019.8900000000001 -1 41 1229.03 1 0.1655430793762207 2
0 -1 3 1277.18 1082.0900000000001 -1 41 1199.94 1 0.29531192779541016 2
0 -1 4 1246.62 956.1800000000001 -1 41 956.1800000000001 1 0.01186823844909668 2
0 -1 5 974.71 829.1199999999982 -2 41 832.3 1 2.0738039016723633 2
1 -1 0 1003.47 451.22 -1 129 822.19 1 0.6834709644317627 2
1 -1 1 996.83 427.68 -1 129 880.72 1 0.8583590984344482 2
1 -1 2 670.04 198.94999999999996 -1 129 198.94999999999996 1 1.1998529434204102 2
1 -1 3 1002.36 422.17 -1 129 614.97 1 1.0090298652648926 2
1 -1 4 963.04 476.9 -1 129 476.9 1 0.01569819450378418 2
1 -1 5 745.69 556.5899999999999 -1 129 708.8799999999999 1 5.183482885360718 2
2 -1 0 1094.69 613.0799999999999 -1 81 1028.28 1 0.4115431308746338 2
2 -1 1 1102.16 691.1300000000001 -1 81 1019.0300000000001 1 0.47789430618286133 2
2 -1 2 1077.5 641.7399999999999 -2 81 997.7099999999999 1 0.25670289993286133 2
2 -1 3 1106.73 584.0799999999999 -1 81 960.9000000000001 1 0.5613877773284912 2
2 -1 4 1084.51 730.51 -1 81 730.51 1 0.013113021850585938 2
2 -1 5 849.49 715.87 -1 81 776.81 1 3.0625479221343994 2
3 -1 0 1398.51 1223.34 -1 10 2781.119999999997 2 0.1156609058380127 2
3 -1 1 1398.51 1223.34 -1 10 2781.119999999997 2 0.11618399620056152 2
3 -1 2 1401.15 1253.2 -1 10 2779.4799999999977 2 0.08521509170532227 2
3 -1 3 1403.65 1281.5900000000001 -1 10 2777.849999999997 2 0.12053489685058594 2
3 -1 4 1372.68 1294.7399999999993 -1 10 2603.1499999999987 2 0.010446786880493164 2
3 -1 5 1365.43 1278.1200000000006 -1 10 2606.99 2 0.2868771553039551 2
random:3T:300
0 -1 0 112.06 0.0 -9 111 112.36 1 0.02957892417907715 3
0 -1 1 117.67 0 -11 111 172.85 1 0.14717388153076172 3
0 -1 2 112.06 0.0 -9 111 112.36 1 0.028391122817993164 3
0 -1 3 121.0 0 -11 111 90.81 1 0.20261406898498535 3
0 -1 4 108.48 0.0 -12 111 32.66 1 0.006523847579956055 3
0 -1 5 112.06 0.0 -9 111 112.36 1 0.12449812889099121 3
1 -1 0 168.98 100.64 -1 55 791.4100000000001 5 0.04115104675292969 3
1 -1 1 171.63 82.14 -1 55 952.27 5 0.07183599472045898 3
1 -1 2 168.85 100.64 -1 55 778.8200000000002 5 0.029139041900634766 3
1 -1 3 179.78 35.84 -1 55 888.3100000000002 5 0.08677387237548828 3
1 -1 4 157.53 57.900000000000006 -1 55 521.86 5 0.0039522647857666016 3
1 -1 5 166.79 100.64 -1 55 760.37 5 0.20620131492614746 3
2 -1 0 123.17 26.9 -1 81 104.91 1 0.026875972747802734 3
2 -1 1 127.0 7.32 -1 81 123.24 1 0.09537816047668457 3
2 -1 2 123.17 26.9 -1 81 104.91 1 0.02388310432434082 3
2 -1 3 127.25 27.59 -1 81 114.29 1 0.12359619140625 3
2 -1 4 116.78 0.0 -4 81 78.27 1 0.004538774490356445 3
2 -1 5 122.88 26.9 -1 81 108.75 1 0.11751174926757812 3
3 -1 0 158.49 18.1 -1 81 134.73 1 0.024931907653808594 3
3 -1 1 162.14 0 -1 81 174.96 1 0.11758637428283691 3
3 -1 2 158.38 18.1 -1 81 134.73 1 0.02121281623840332 3
3 -1 3 164.33 0 -2 81 156.34 1 0.1455988883972168 3
3 -1 4 126.95 0.0 -5 81 11.9 1 0.004400014877319336 3
3 -1 5 158.38 18.1 -1 81 134.73 1 0.07129168510437012 3
random:3T:600
0 -1 0 332.14 189.38 -1 111 302.27 1 0.15740013122558594 3
0 -1 1 335.44 166.56 -1 111 381.43999999999994 1 0.30687904357910156 3
0 -1 2 319.42 189.38 -1 111 292.02 1 0.08748102188110352 3
0 -1 3 344.87 149.63 -1 111 299.28000000000003 1 0.3821687698364258 3
0 -1 4 321.28 138.87 -1 111 162.42000000000002 1 0.008443117141723633 3
0 -1 5 317.42 189.38 -1 111 300.2 1 1.0790610313415527 3
1 -1 0 420.39 271.87 -1 55 2016.7500000000002 5 0.1168661117553711 3
1 -1 1 423.07 190.94 -2 55 2192.04 5 0.15018391609191895 3
1 -1 2 421.93 246.57 -1 55 2002.47 5 0.07769489288330078 3
1 -1 3 439.8 245.19 -1 55 2078.92 5 0.1689131259918213 3
1 -1 4 402.94 246.35999999999999 -1 55 1381.79 5 0.005875825881958008 3
1 -1 5 392.39 273.28000000000003 -2 55 1919.59 5 0.705125093460083 3
2 -1 0 362.63 195.02 -1 81 352.81999999999994 1 0.14250683784484863 3
2 -1 1 371.77 193.64 -1 81 370.36 1 0.2142939567565918 3
2 -1 2 358.19 227.20999999999998 -2 81 352.15999999999997 1 0.09562516212463379 3
2 -1 3 371.94 195.02 -1 81 358.7300000000001 1 0.2551689147949219 3
2 -1 4 349.69 210.37 -1 81 220.61999999999998 1 0.006354808807373047 3
2 -1 5 326.59 247.87 -2 81 353.19000000000005 1 1.4032621383666992 3
3 -1 0 397.4 202.62 -1 81 365.44 1 0.13413500785827637 3
3 -1 1 404.96 50.04 -1 81 411.65 1 0.2249770164489746 3
3 -1 2 394.4 235.46 -1 81 367.40999999999997 1 0.09046673774719238 3
3 -1 3 406.66 123.28 -1 81 367.40000000000003 1 0.27257490158081055 3
3 -1 4 352.77 157.8 -1 81 157.8 1 0.006100893020629883 3
3 -1 5 360.97 251.48 -1 81 389.86999999999995 1 1.4313578605651855 3
random:3T:900
0 -1 0 558.48 241.4 -1 111 518.5799999999999 1 0.31844592094421387 3
0 -1 1 565.38 241.56 -1 111 597.06 1 0.47731804847717285 3
0 -1 2 522.89 329.4 -1 111 514.7499999999999 1 0.16289186477661133 3
0 -1 3 574.78 244.71 -1 111 509.38 1 0.5645780563354492 3
0 -1 4 541.26 300.83000000000004 -1 111 300.83000000000004 1 0.009905099868774414 3
0 -1 5 484.3 342.27 -1 111 484.94 1 2.768303155899048 3
1 -1 0 672.46 451.84000000000003 -1 55 3266.2999999999997 5 0.19338703155517578 3
1 -1 1 674.32 367.72 -1 55 3423.7799999999997 5 0.22709298133850098 3
1 -1 2 672.63 381.46000000000004 -1 55 3226.23 5 0.12729811668395996 3
1 -1 3 697.01 371.0 -1 55 3282.06 5 0.2519040107727051 3
1 -1 4 652.31 415.77 -1 55 2322.5199999999995 5 0.007609844207763672 3
1 -1 5 599.02 431.89 -1 55 2852.52 5 1.0826709270477295 3
2 -1 0 607.04 402.08000000000004 -1 81 595.9899999999999 1 0.24429678916931152 3
2 -1 1 616.22 242.28 -1 81 608.6 1 0.31336498260498047 3
2 -1 2 597.97 364.39 -1 81 597.68 1 0.16191315650939941 3
2 -1 3 621.6 390.62 -1 81 590.8600000000001 1 0.3722710609436035 3
2 -1 4 585.98 360.0799999999999 -1 81 360.0799999999999 1 0.008262872695922852 3
2 -1 5 498.3 412.91 -2 81 537.1 1 2.5449960231781006 3
3 -1 0 641.18 414.51 -1 81 610.21 1 0.23471713066101074 3
3 -1 1 650.23 252.98 -1 81 658.31 1 0.33513689041137695 3
3 -1 2 635.99 396.03999999999996 -2 81 601.75 1 0.1539771556854248 3
3 -1 3 651.5 246.45 -1 81 559.86 1 0.37822794914245605 3
3 -1 4 585.9 307.53999999999996 -1 81 307.53999999999996 1 0.007645845413208008 3
3 -1 5 530.17 417.15999999999997 -1 81 572.9499999999999 1 2.2972829341888428 3
random:3T:1200
0 -1 0 783.77 270.42 -1 111 730.28 1 0.45869970321655273 3
0 -1 1 793.03 272.23999999999995 -1 111 819.0799999999999 1 0.622307300567627 3
0 -1 2 723.74 406.2 -1 111 714.5099999999999 1 0.25737786293029785 3
0 -1 3 805.71 270.42 -1 111 719.57 1 0.7225680351257324 3
0 -1 4 755.45 396.85 -1 111 396.85 1 0.011869192123413086 3
0 -1 5 635.83 498.92 -1 111 642.99 1 4.080442905426025 3
1 -1 0 923.46 555.41 -1 55 4506.23 5 0.25971007347106934 3
1 -1 1 929.53 523.56 -1 55 4654.37 5 0.2924060821533203 3
1 -1 2 923.52 556.64 -1 55 4436.3 5 0.1696147918701172 3
1 -1 3 955.45 590.98 -1 55 4497.02 5 0.3382399082183838 3
1 -1 4 901.77 609.6999999999999 -1 55 3216.77 5 0.010028839111328125 3
1 -1 5 795.13 597.46 -1 55 3642.0600000000004 5 1.4752211570739746 3
2 -1 0 850.24 540.13 -1 81 846.68 1 0.36757493019104004 3
2 -1 1 860.4 360.48 -1 81 852.4499999999999 1 0.4627389907836914 3
2 -1 2 842.88 558.51 -1 81 834.2399999999999 1 0.24180293083190918 3
2 -1 3 868.52 534.4399999999999 -1 81 833.6400000000001 1 0.5163421630859375 3
2 -1 4 822.55 496.18999999999994 -1 81 496.18999999999994 1 0.010262727737426758 3
2 -1 5 660.24 576.0800000000002 -2 81 695.6099999999999 1 3.8269290924072266 3
3 -1 0 885.54 547.67 -1 81 852.7700000000001 1 0.3577239513397217 3
3 -1 1 892.95 450.79999999999995 -1 81 902.1800000000001 1 0.45391297340393066 3
3 -1 2 878.59 530.24 -2 81 845.83 1 0.23170018196105957 3
3 -1 3 896.46 410.32 -1 81 792.5300000000001 1 0.5231418609619141 3
3 -1 4 818.88 448.07 -1 81 448.07 1 0.009658098220825195 3
3 -1 5 694.92 567.49 -1 81 731.4699999999998 1 3.156799077987671 3
random:3T:1500
0 -1 0 1014.57 283.64 -1 111 953.71 1 0.627032995223999 3
0 -1 1 1023.0 440.19999999999993 -1 111 1036.95 1 0.7917060852050781 3
0 -1 2 934.46 526.89 -1 111 924.6199999999999 1 0.35320186614990234 3
0 -1 3 1034.85 417.77 -1 111 947.03 1 0.9185609817504883 3
0 -1 4 979.42 520.34 -1 111 520.34 1 0.014564990997314453 3
0 -1 5 778.49 574.75 -1 111 683.38 1 5.3515098094940186 3
1 -1 0 1175.95 684.19 -1 55 5728.569999999999 5 0.33365297317504883 3
1 -1 1 1180.97 659.4300000000001 -1 55 5894.07 5 0.36859607696533203 3
1 -1 2 1177.9 727.77 -1 55 5654.5 5 0.21196794509887695 3
1 -1 3 1209.95 715.56 -1 55 5732.1 5 0.40814900398254395 3
1 -1 4 1147.04 785.4599999999999 -1 55 4071.9100000000008 5 0.011629104614257812 3
1 -1 5 973.35 748.1899999999999 -1 55 4125.24 5 1.9810371398925781 3
2 -1 0 1094.97 613.24 -1 81 1086.67 1 0.45528173446655273 3
2 -1 1 1105.79 540.79 -1 81 1094.65 1 0.5265190601348877 3
2 -1 2 1082.9 677.05 -1 81 1084.3 1 0.2992079257965088 3
2 -1 3 1114.85 601.12 -1 81 1070.68 1 0.6188669204711914 3
2 -1 4 1059.75 641.29 -1 81 641.29 1 0.011947870254516602 3
2 -1 5 829.76 730.6999999999999 -1 81 738.6499999999999 1 4.941027879714966 3
3 -1 0 1129.65 727.0899999999999 -1 81 1092.6200000000001 1 0.46846914291381836 3
3 -1 1 1138.34 613.9 -1 81 1146.0800000000002 1 0.5648853778839111 3
3 -1 2 1117.0 663.72 -2 81 1077.1299999999999 1 0.30802202224731445 3
3 -1 3 1141.46 566.92 -1 81 1035.95 1 0.6504116058349609 3
3 -1 4 1045.29 575.0799999999999 -1 81 575.0799999999999 1 0.011005878448486328 3
3 -1 5 877.54 707.72 -1 81 805.2999999999998 1 4.327889919281006 3
random:4T:300
0 -1 0 93.45 0 -19 131 93.09 1 0.033746957778930664 4
0 -1 1 101.66 0 -25 131 153.61 1 0.1723930835723877 4
0 -1 2 93.45 0 -19 131 93.09 1 0.032238006591796875 4
0 -1 3 100.87 0 -23 131 133.36 1 0.22730112075805664 4
0 -1 4 89.83 0.0 -21 131 0.0 1 0.006901979446411133 4
0 -1 5 93.45 0.0 -19 131 93.09 1 0.17112994194030762 4
1 -1 0 108.87 0.0 -7 101 71.81 1 0.02733898162841797 4
1 -1 1 115.19 0 -9 101 171.68 1 0.12379789352416992 4
1 -1 2 108.87 0.0 -7 101 71.81 1 0.02600383758544922 4
1 -1 3 109.96 0 -12 101 18.74 1 0.15299415588378906 4
1 -1 4 93.92 0.0 -11 101 0.0 1 0.005446195602416992 4
1 -1 5 108.87 0.0 -7 101 71.81 1 0.1057741641998291 4
2 -1 0 246.85 204.82000000000002 -1 13 725.0500000000002 3 0.02206277847290039 4
2 -1 1 246.85 204.82000000000002 -1 13 725.0500000000002 3 0.02342081069946289 4
2 -1 2 247.16 208.73999999999998 -1 13 725.0200000000002 3 0.016742229461669922 4
2 -1 3 247.27 210.46999999999997 -1 13 724.6800000000002 3 0.026002883911132812 4
2 -1 4 231.4 199.79000000000002 -1 13 623.3100000000001 3 0.0020737648010253906 4
2 -1 5 245.68 189.87 -1 13 725.5900000000001 3 0.05672717094421387 4
3 -1 0 159.47 72.43 -1 81 97.15 1 0.04599714279174805 4
3 -1 1 168.91 52.31 -1 81 170.76 1 0.1169130802154541 4
3 -1 2 159.42 72.43 -1 81 96.74000000000001 1 0.035841941833496094 4
3 -1 3 168.14 58.06 -1 81 169.01 1 0.14217495918273926 4
3 -1 4 152.0 0.0 -1 81 125.95 1 0.004597187042236328 4
3 -1 5 156.67 72.43 -1 81 104.73 1 0.8085167407989502 4
random:4T:600
0 -1 0 281.43 113.01 -1 131 242.25 1 0.1155540943145752 4
0 -1 1 294.03 0 -1 131 329.0 1 0.3343820571899414 4
0 -1 2 277.13 113.01 -1 131 242.25 1 0.06750106811523438 4
0 -1 3 305.05 0 -2 131 281.72 1 0.4356229305267334 4
0 -1 4 279.76 34.71 -1 131 124.11 1 0.00901484489440918 4
0 -1 5 277.41 113.01 -1 131 242.25 1 1.1295979022979736 4
1 -1 0 340.79 190.05 -2 101 284.77 1 0.14479303359985352 4
1 -1 1 343.66 0 -1 101 387.79 1 0.2625269889831543 4
1 -1 2 337.07 196.81 -1 101 283.8 1 0.0935678482055664 4
1 -1 3 336.76 94.83 -1 101 221.94 1 0.30881834030151367 4
1 -1 4 309.66 109.12 -1 101 109.12 1 0.007625102996826172 4
1 -1 5 325.05 196.81 -1 101 302.1499999999999 1 1.6376550197601318 4
2 -1 0 535.92 452.5300000000001 -1 13 1577.6400000000003 3 0.04791593551635742 4
2 -1 1 535.92 452.5300000000001 -1 13 1577.6400000000003 3 0.04906105995178223 4
2 -1 2 535.63 448.52 -1 13 1577.6300000000006 3 0.035552978515625 4
2 -1 3 536.78 467.59999999999997 -1 13 1574.9500000000003 3 0.05286073684692383 4
2 -1 4 514.48 463.71999999999997 -1 13 1416.2 3 0.0039789676666259766 4
2 -1 5 533.3 423.01 -1 13 1575.8200000000004 3 0.12742114067077637 4
3 -1 0 403.16 207.0 -1 81 330.81 1 0.16115403175354004 4
3 -1 1 412.92 202.62 -1 81 392.13 1 0.22967815399169922 4
3 -1 2 401.35 256.72 -2 81 328.97 1 0.10960006713867188 4
3 -1 3 413.76 200.28 -1 81 381.18999999999994 1 0.27495670318603516 4
3 -1 4 391.53 257.46 -1 81 279.79 1 0.006681203842163086 4
3 -1 5 350.67 261.40999999999997 -2 81 348.42 1 1.9505417346954346 4
random:4T:900
0 -1 0 493.67 230.67000000000002 -1 131 468.78 1 0.2910499572753906 4
0 -1 1 509.62 168.77 -1 131 538.9599999999999 1 0.5170369148254395 4
0 -1 2 457.54 287.32 -2 131 411.92 1 0.1430041790008545 4
0 -1 3 523.81 0 -1 131 491.03 1 0.6686890125274658 4
0 -1 4 473.84 182.75 -1 131 182.75 1 0.01099395751953125 4
0 -1 5 445.06 296.4 -1 131 411.57000000000005 1 2.744293212890625 4
1 -1 0 574.49 240.34 -2 101 478.05999999999995 1 0.2819342613220215 4
1 -1 1 574.7 166.39 -1 101 582.3199999999999 1 0.4036087989807129 4
1 -1 2 556.99 363.13000000000005 -2 101 482.71000000000004 1 0.17517328262329102 4
1 -1 3 570.4 240.34 -1 101 388.33 1 0.47614192962646484 4
1 -1 4 537.57 216.94 -1 101 216.94 1 0.009383916854858398 4
1 -1 5 486.31 350.71999999999997 -1 101 486.98999999999984 1 2.914355993270874 4
2 -1 0 825.53 710.5200000000001 -1 13 2428.489999999999 3 0.0739889144897461 4
2 -1 1 825.53 710.5200000000001 -1 13 2428.489999999999 3 0.07556915283203125 4
2 -1 2 823.66 682.5699999999999 -1 13 2430.1999999999985 3 0.0549318790435791 4
2 -1 3 825.97 720.4199999999998 -1 13 2425.3599999999988 3 0.08093380928039551 4
2 -1 4 797.37 727.2400000000004 -1 13 2207.9400000000005 3 0.006014108657836914 4
2 -1 5 823.16 685.68 -1 13 2425.949999999999 3 0.19319391250610352 4
3 -1 0 650.71 429.42999999999995 -1 81 545.61 1 0.27309203147888184 4
3 -1 1 656.05 364.34000000000003 -1 81 635.9700000000001 1 0.33806300163269043 4
3 -1 2 644.6 391.35 -1 81 546.75 1 0.18454289436340332 4
3 -1 3 661.48 245.17 -1 81 579.5199999999999 1 0.40585827827453613 4
3 -1 4 631.15 433.48999999999995 -1 81 433.48999999999995 1 0.008685111999511719 4
3 -1 5 521.75 424.55 -2 81 555.84 1 3.1476528644561768 4
random:4T:1200
0 -1 0 711.09 269.52 -1 131 699.7 1 0.49616074562072754 4
0 -1 1 726.62 269.52 -1 131 753.43 1 0.7234911918640137 4
0 -1 2 632.95 388.09999999999997 -1 131 619.9 1 0.22670531272888184 4
0 -1 3 732.46 0 -1 131 694.2199999999999 1 0.9462368488311768 4
0 -1 4 690.79 325.33 -1 131 325.33 1 0.014196157455444336 4
0 -1 5 575.86 396.47 -1 131 457.43 1 4.560111045837402 4
1 -1 0 805.52 267.89 -1 101 685.13 1 0.4593169689178467 4
1 -1 1 805.4 267.2 -1 101 796.54 1 0.6371619701385498 4
1 -1 2 776.5 492.90000000000003 -1 101 701.54 1 0.27065277099609375 4
1 -1 3 803.17 267.89 -1 101 585.86 1 0.6565191745758057 4
1 -1 4 756.88 338.6 -1 101 338.6 1 0.011470794677734375 4
1 -1 5 638.86 472.83000000000004 -1 101 644.1399999999998 1 4.959981679916382 4
2 -1 0 1114.85 964.2600000000002 -1 13 3279.5199999999977 3 0.1073153018951416 4
2 -1 1 1114.85 964.2600000000002 -1 13 3279.5199999999977 3 0.1093909740447998 4
2 -1 2 1111.52 917.12 -1 13 3281.369999999997 3 0.08087491989135742 4
2 -1 3 1115.28 972.16 -1 13 3277.209999999998 3 0.1177208423614502 4
2 -1 4 1080.4 992.2700000000008 -1 13 3000.8100000000004 3 0.00865316390991211 4
2 -1 5 1110.66 973.4899999999999 -1 13 3247.039999999999 3 0.2884221076965332 4
3 -1 0 892.52 555.23 -1 81 770.8 1 0.4144859313964844 4
3 -1 1 898.1 527.44 -1 81 862.9200000000002 1 0.48409199714660645 4
3 -1 2 886.46 530.38 -2 81 768.6899999999999 1 0.27285194396972656 4
3 -1 3 908.31 391.51 -1 81 799.0699999999999 1 0.5744330883026123 4
3 -1 4 870.74 587.05 -1 81 587.05 1 0.011955976486206055 4
3 -1 5 682.68 586.5000000000001 -2 81 703.84 1 4.72527003288269 4
random:4T:1500
0 -1 0 926.07 392.36 -1 131 913.0500000000001 1 0.747352123260498 4
0 -1 1 945.48 283.15 -1 131 964.89 1 0.9766891002655029 4
0 -1 2 791.57 438.4 -1 131 689.37 1 0.5749690532684326 4
0 -1 3 949.0 195.35 -1 131 903.74 1 1.2026481628417969 4
0 -1 4 882.65 373.24999999999994 -1 131 373.24999999999994 1 0.017256975173950195 4
0 -1 5 707.69 473.36 -1 131 612.26 1 6.5566699504852295 4
1 -1 0 1039.41 282.25 -1 101 895.7999999999998 1 0.6085290908813477 4
1 -1 1 1036.75 281.87 -1 101 987.3399999999999 1 0.73406982421875 4
1 -1 2 997.13 616.1400000000001 -1 101 902.04 1 0.3625321388244629 4
1 -1 3 1036.29 296.6 -1 101 764.32 1 0.8453500270843506 4
1 -1 4 980.16 487.07 -1 101 487.07 1 0.014217853546142578 4
1 -1 5 793.18 616.93 -1 101 718.5699999999998 1 5.873995065689087 4
2 -1 0 1403.8 1213.29 -1 13 4130.58 3 0.1308290958404541 4
2 -1 1 1403.8 1213.29 -1 13 4130.58 3 0.1303238868713379 4
2 -1 2 1400.41 1162.8100000000002 -1 13 4133.7 3 0.09607219696044922 4
2 -1 3 1403.67 1212.91 -1 13 4128.58 3 0.14212489128112793 4
2 -1 4 1363.59 1257.1600000000003 -1 13 3794.4800000000005 3 0.010473966598510742 4
2 -1 5 1361.44 1271.7400000000005 -1 13 3838.9099999999994 3 0.40961718559265137 4
3 -1 0 1137.28 657.5 -1 81 989.4800000000001 1 0.5138628482818604 4
3 -1 1 1142.04 713.8 -1 81 1085.19 1 0.581841230392456 4
3 -1 2 1127.74 664.89 -2 81 988.7799999999999 1 0.3329594135284424 4
3 -1 3 1153.14 557.21 -1 81 1016.9 1 0.682924747467041 4
3 -1 4 1110.37 740.4699999999999 -1 81 740.4699999999999 1 0.01344919204711914 4
3 -1 5 843.71 736.19 -1 81 806.5100000000001 1 5.528032064437866 4
