random:0T:300
0 -1 0 79.97 0 -41 178 333.25000000000006 8 0.040284156799316406 0
0 -1 1 85.59 0 -49 178 871.38 8 0.18783807754516602 0
0 -1 2 79.97 0 -41 178 333.25000000000006 8 0.03457498550415039 0
0 -1 3 85.32 0.0 -44 178 791.44 8 0.23719096183776855 0
0 -1 4 74.75 0.0 -35 178 3.76 8 0.007831811904907227 0
0 -1 5 79.97 0 -41 178 333.25000000000006 8 0.22903919219970703 0
1 -1 0 88.94 0 -31 152 161.5 2 0.03127789497375488 0
1 -1 1 92.47 0 -42 152 290.81 2 0.15707802772521973 0
1 -1 2 88.94 0 -31 152 161.5 2 0.029364824295043945 0
1 -1 3 91.97 0 -39 152 116.24 2 0.20563602447509766 0
1 -1 4 79.04 0.0 -30 152 0.0 2 0.006070852279663086 0
1 -1 5 88.94 0 -31 152 161.5 2 0.1830289363861084 0
random:0T:600
0 -1 0 241.38 0.0 -1 178 1291.93 8 0.04910993576049805 0
0 -1 1 247.88 0 -9 178 2041.27 8 0.35772705078125 0
0 -1 2 241.38 0.0 -1 178 1291.93 8 0.04749703407287598 0
0 -1 3 253.17 0 -7 178 1701.5799999999997 8 0.5021870136260986 0
0 -1 4 232.91 0.0 -8 178 818.36 8 0.008511066436767578 0
0 -1 5 241.38 0.0 -1 178 1291.93 8 0.22913384437561035 0
1 -1 0 277.58 34.04 -1 152 346.21000000000004 2 0.05160188674926758 0
1 -1 1 278.49 0 -2 152 627.77 2 0.3203768730163574 0
1 -1 2 277.36 34.04 -1 152 346.21000000000004 2 0.05573296546936035 0
1 -1 3 287.72 0 -1 152 390.95000000000005 2 0.41576290130615234 0
1 -1 4 237.39 0.0 -7 152 90.84 2 0.007221698760986328 0
1 -1 5 277.24 34.04 -1 152 346.73 2 0.3359060287475586 0
random:0T:900
0 -1 0 431.91 184.81 -1 178 2382.6600000000003 8 0.22416210174560547 0
0 -1 1 437.82 0 -3 178 3340.8199999999997 8 0.5606563091278076 0
0 -1 2 401.45 184.81 -1 178 1528.4099999999999 8 0.3834071159362793 0
0 -1 3 450.91 0 -3 178 2913.84 8 0.726611852645874 0
0 -1 4 421.67 165.89 -1 178 1423.15 8 0.012727975845336914 0
0 -1 5 416.71 239.76999999999998 -3 178 2469.15 8 3.6056599617004395 0
1 -1 0 475.21 236.42 -2 152 760.24 2 0.24795269966125488 0
1 -1 1 483.0 0 -1 152 1078.71 2 0.5049107074737549 0
1 -1 2 437.89 192.35999999999996 -1 152 387.28999999999996 2 0.4085979461669922 0
1 -1 3 494.88 0 -1 152 777.4499999999999 2 0.6666421890258789 0
1 -1 4 435.62 158.92000000000002 -1 152 330.50000000000006 2 0.010149240493774414 0
1 -1 5 448.53 269.04 -1 152 757.89 2 2.424196243286133 0
random:0T:1200
0 -1 0 619.12 262.86 -1 178 3797.62 8 0.4086301326751709 0
0 -1 1 618.78 0 -3 178 4721.29 8 0.7529211044311523 0
0 -1 2 511.97 196.23 -1 178 1581.0100000000002 8 0.7988417148590088 0
0 -1 3 647.3 0 -2 178 4238.53 8 0.9439818859100342 0
0 -1 4 597.19 192.03 -1 178 1969.34 8 0.012486934661865234 0
0 -1 5 562.26 368.90000000000003 -3 178 3668.5599999999995 8 7.306666851043701 0
1 -1 0 676.53 267.09 -1 152 1158.6999999999998 2 0.4105081558227539 0
1 -1 1 685.94 161.17 -1 152 1444.3200000000002 2 0.7051858901977539 0
1 -1 2 549.39 197.9500000000001 -1 152 396.43000000000006 2 0.7803030014038086 0
1 -1 3 700.3 216.85 -1 152 1060.77 2 0.8495521545410156 0
1 -1 4 596.37 190.48000000000002 -1 152 383.78000000000003 2 0.01089787483215332 0
1 -1 5 583.8 415.58 -1 152 929.3399999999999 2 5.192378282546997 0
random:0T:1500
0 -1 0 808.45 280.55 -1 178 5235.54 8 0.6661031246185303 0
0 -1 1 805.78 0 -2 178 6133.18 8 1.0313279628753662 0
0 -1 2 590.97 198.77 -1 178 1592.8499999999995 8 1.2931652069091797 0
0 -1 3 844.57 14.43 -1 178 5501.4 8 1.3202149868011475 0
0 -1 4 797.28 340.27 -1 178 2871.88 8 0.014613866806030273 0
0 -1 5 686.16 454.5 -1 178 4130.82 8 9.17810583114624 0
1 -1 0 881.87 282.87 -1 152 1551.35 2 0.6492519378662109 0
1 -1 1 891.77 283.17 -2 152 1825.37 2 0.9049851894378662 0
1 -1 2 629.97 199.2599999999998 -1 152 398.5299999999998 2 1.241689682006836 0
1 -1 3 902.75 282.87 -1 152 1457.94 2 1.0494377613067627 0
1 -1 4 802.42 312.94 -1 152 651.1800000000001 2 0.011358022689819336 0
1 -1 5 713.99 457.54999999999995 -1 152 1231.8899999999999 2 7.599113941192627 0
random:1T:300
0 -1 0 74.61 0.0 -26 155 611.4399999999999 5 0.03102898597717285 1
0 -1 1 78.26 0 -35 155 652.2 5 0.14784717559814453 1
0 -1 2 74.61 0.0 -26 155 611.4399999999999 5 0.030889034271240234 1
0 -1 3 77.21 0 -38 155 606.16 5 0.20004487037658691 1
0 -1 4 69.17 0.0 -30 155 0.0 5 0.0072269439697265625 1
0 -1 5 74.61 0.0 -26 155 611.4399999999999 5 0.19345402717590332 1
1 -1 0 81.09 0.0 -39 172 78.83 2 0.039975881576538086 1
1 -1 1 84.27 0 -45 172 232.95999999999998 2 0.19556498527526855 1
1 -1 2 81.09 0.0 -39 172 78.83 2 0.035865068435668945 1
1 -1 3 80.06 0 -45 172 142.53 2 0.24541807174682617 1
1 -1 4 70.06 0.0 -34 172 0.0 2 0.007967948913574219 1
1 -1 5 81.09 0.0 -39 172 78.83 2 0.2570958137512207 1
random:1T:600
0 -1 0 255.22 84.75 -1 155 1121.48 5 0.09355807304382324 1
0 -1 1 258.21 0 -5 155 1528.5800000000004 5 0.3371551036834717 1
0 -1 2 251.45 84.75 -1 155 911.6600000000002 5 0.1324141025543213 1
0 -1 3 263.62 0 -3 155 1334.3400000000001 5 0.4285850524902344 1
0 -1 4 237.39 0.0 -4 155 288.72 5 0.008457183837890625 1
0 -1 5 253.37 84.75 -1 155 1047.3799999999999 5 1.020341157913208 1
1 -1 0 249.32 0 -1 172 269.35 2 0.07539892196655273 1
1 -1 1 262.38 0 -6 172 606.51 2 0.405426025390625 1
1 -1 2 249.14 0 -1 172 269.35 2 0.06721091270446777 1
1 -1 3 259.99 0 -11 172 444.96 2 0.5359199047088623 1
1 -1 4 222.72 0.0 -10 172 273.73 2 0.009276151657104492 1
1 -1 5 248.91 0.0 -1 172 269.35 2 0.2736809253692627 1
random:1T:900
0 -1 0 458.19 210.55 -1 155 1993.89 5 0.34563302993774414 1
0 -1 1 462.11 0 -3 155 2353.02 5 0.553581953048706 1
0 -1 2 398.57 194.97 -1 155 978.4100000000003 5 0.5240147113800049 1
0 -1 3 468.26 0 -2 155 2253.23 5 0.6683402061462402 1
0 -1 4 429.07 162.48000000000002 -1 155 839.94 5 0.011046886444091797 1
0 -1 5 426.64 272.43 -2 155 1911.6399999999999 5 3.897088050842285 1
1 -1 0 437.29 216.62 -2 172 550.6 2 0.26330089569091797 1
1 -1 1 458.67 0 -3 172 1028.91 2 0.6290571689605713 1
1 -1 2 414.11 176.64 -1 172 370.16999999999996 2 0.31011319160461426 1
1 -1 3 459.97 0 -10 172 781.89 2 0.8144750595092773 1
1 -1 4 415.99 102.41 -1 172 371.15 2 0.009512901306152344 1
1 -1 5 414.14 220.14 -1 172 595.3199999999999 2 3.7386507987976074 1
random:1T:1200
0 -1 0 664.87 257.59 -2 155 2865.5299999999997 5 0.4894709587097168 1
0 -1 1 661.49 0 -3 155 3318.29 5 0.7425379753112793 1
0 -1 2 500.44 198.49 -1 155 993.2300000000012 5 1.0332651138305664 1
0 -1 3 671.19 0 -2 155 3120.1 5 1.012789011001587 1
0 -1 4 621.32 199.67 -1 155 1140.2199999999998 5 0.013990163803100586 1
0 -1 5 570.5 383.44 -1 155 2468.9799999999996 5 6.859066009521484 1
1 -1 0 633.58 254.13 -2 172 878.4599999999999 2 0.5166499614715576 1
1 -1 1 660.08 0 -2 172 1399.03 2 0.9472320079803467 1
1 -1 2 529.3 194.41 -1 172 392.5700000000003 2 0.816795825958252 1
1 -1 3 662.32 0 -9 172 1116.46 2 1.1679389476776123 1
1 -1 4 568.85 195.62 -1 172 448.59000000000003 2 0.015089035034179688 1
1 -1 5 546.42 368.13 -1 172 943.31 2 6.380884885787964 1
random:1T:1500
0 -1 0 867.44 276.9 -2 155 3869.37 5 0.7227261066436768 1
0 -1 1 861.72 0 -3 155 4213.72 5 0.9562568664550781 1
0 -1 2 573.42 199.24999999999983 -1 155 996.4099999999995 5 1.42280912399292 1
0 -1 3 874.73 0 -2 155 4141.94 5 1.1722917556762695 1
0 -1 4 818.11 347.99 -1 155 1771.52 5 0.01511693000793457 1
0 -1 5 706.06 458.68 -1 155 3058.44 5 9.698122024536133 1
1 -1 0 827.24 274.71 -2 172 1205.73 2 0.7508220672607422 1
1 -1 1 861.52 0 -2 172 1724.11 2 1.135119915008545 1
1 -1 2 609.01 198.37 -1 172 397.63999999999976 2 1.2623708248138428 1
1 -1 3 860.6 0 -5 172 1542.1100000000001 2 1.428037166595459 1
1 -1 4 754.2 342.64 -1 172 706.66 2 0.01509404182434082 1
1 -1 5 668.62 437.81 -1 172 1088.17 2 10.160319089889526 1
random:2T:300
0 -1 0 98.06 0.0 -15 124 260.46 4 0.029484033584594727 2
0 -1 1 106.04 0.0 -16 124 538.99 4 0.13972187042236328 2
0 -1 2 98.06 0.0 -15 124 260.46 4 0.027837276458740234 2
0 -1 3 105.57 0.0 -12 124 519.8199999999999 4 0.18569302558898926 2
0 -1 4 94.84 0.0 -21 124 0.0 4 0.00625920295715332 2
0 -1 5 98.06 0.0 -15 124 260.46 4 0.12313580513000488 2
1 -1 0 104.58 0.0 -22 137 0.0 1 0.033751726150512695 2
1 -1 1 107.23 0.0 -23 137 20.27 1 0.15878796577453613 2
1 -1 2 104.58 0.0 -22 137 0.0 1 0.03440499305725098 2
1 -1 3 108.05 0.0 -18 137 0.0 1 0.19876599311828613 2
1 -1 4 100.11 0.0 -22 137 0.0 1 0.006844997406005859 2
1 -1 5 104.58 0.0 -22 137 0.0 1 0.14971494674682617 2
random:2T:600
0 -1 0 309.04 155.78 -1 124 1011.3699999999999 4 0.1203620433807373 2
0 -1 1 320.03 0 -3 124 1441.1599999999999 4 0.3020169734954834 2
0 -1 2 297.73 155.78 -1 124 678.5000000000001 4 0.21010994911193848 2
0 -1 3 321.37 0 -2 124 1302.89 4 0.37944507598876953 2
0 -1 4 301.11 107.25 -1 124 549.31 4 0.008536100387573242 2
0 -1 5 303.93 155.78 -1 124 942.8700000000001 4 1.0298871994018555 2
1 -1 0 312.68 144.48000000000002 -1 137 144.48000000000002 1 0.1601579189300537 2
1 -1 1 318.64 0 -1 137 217.26 1 0.3592050075531006 2
1 -1 2 309.01 118.88 -1 137 118.88 1 0.08726692199707031 2
1 -1 3 316.61 0 -2 137 100.52 1 0.48225903511047363 2
1 -1 4 301.9 79.83 -1 137 122.51 1 0.009041070938110352 2
1 -1 5 305.48 146.15 -1 137 161.10999999999999 1 3.290095090866089 2
random:2T:900
0 -1 0 525.1 237.29 -1 124 1814.17 4 0.2841618061065674 2
0 -1 1 528.76 160.84 -1 124 2257.7400000000002 4 0.4732480049133301 2
0 -1 2 448.76 192.36 -1 124 771.44 4 0.5723016262054443 2
0 -1 3 538.72 0 -2 124 2133.09 4 0.5754833221435547 2
0 -1 4 512.22 217.0 -1 124 953.96 4 0.011170625686645508 2
0 -1 5 485.35 346.69 -2 124 1694.81 4 3.1050660610198975 2
1 -1 0 517.32 239.7 -2 137 359.14 1 0.34047698974609375 2
1 -1 1 538.04 142.58 -1 137 418.96999999999997 1 0.5727159976959229 2
1 -1 2 504.03 311.7 -1 137 311.7 1 0.1926569938659668 2
1 -1 3 532.92 0 -2 137 275.99 1 0.6832418441772461 2
1 -1 4 500.73 182.39 -1 137 182.39 1 0.011176824569702148 2
1 -1 5 470.0 335.17 -1 137 402.4999999999999 1 6.40203332901001 2
random:2T:1200
0 -1 0 745.65 266.72 -1 124 2678.48 4 0.5295166969299316 2
0 -1 1 750.86 313.75 -1 124 3088.0299999999997 4 0.6700601577758789 2
0 -1 2 555.83 197.91 -1 124 792.0700000000006 4 0.9343249797821045 2
0 -1 3 758.67 0 -2 124 2906.08 4 0.7606210708618164 2
0 -1 4 723.73 343.32 -1 124 1392.42 4 0.012596845626831055 2
0 -1 5 646.24 492.66 -2 124 2251.79 4 4.336081266403198 2
1 -1 0 733.99 266.79 -2 137 575.87 1 0.5143749713897705 2
1 -1 1 757.83 267.75 -1 137 612.52 1 0.7552120685577393 2
1 -1 2 687.42 463.74 -1 137 476.53 1 0.27218198776245117 2
1 -1 3 752.68 127.82 -1 137 430.65999999999997 1 0.9076969623565674 2
1 -1 4 716.6 330.85 -1 137 330.85 1 0.013915061950683594 2
1 -1 5 602.69 438.47 -1 137 568.3799999999999 1 7.7336061000823975 2
random:2T:1500
0 -1 0 962.62 281.61 -1 124 3509.96 4 0.5945391654968262 2
0 -1 1 972.19 397.62 -1 124 3891.2 4 0.7724018096923828 2
0 -1 2 634.78 199.15 -1 124 796.9599999999995 4 1.2806830406188965 2
0 -1 3 977.59 0 -2 124 3701.81 4 0.9216210842132568 2
0 -1 4 945.79 477.49 -1 124 1953.35 4 0.014683246612548828 2
0 -1 5 797.05 640.1499999999995 -2 124 2819.4900000000002 4 6.0111939907073975 2
1 -1 0 938.36 341.39 -2 137 769.39 1 0.6742630004882812 2
1 -1 1 980.06 367.15999999999997 -1 137 792.3399999999999 1 0.9163398742675781 2
1 -1 2 853.91 514.77 -1 137 514.77 1 0.6563730239868164 2
1 -1 3 968.95 280.36 -1 137 655.91 1 1.0949859619140625 2
1 -1 4 920.37 399.24 -1 137 399.24 1 0.015083074569702148 2
1 -1 5 735.18 564.9300000000001 -1 137 716.1499999999999 1 9.236687183380127 2
random:3T:300
0 -1 0 81.6 0 -37 162 144.22 2 0.04284977912902832 3
0 -1 1 81.58 0 -46 162 272.08000000000004 2 0.18619489669799805 3
0 -1 2 81.6 0 -37 162 144.22 2 0.038897037506103516 3
0 -1 3 84.82 0.0 -48 162 105.84 2 0.2645580768585205 3
0 -1 4 79.11 0.0 -27 162 50.15 2 0.008935213088989258 3
0 -1 5 81.6 0 -37 162 144.22 2 0.2595229148864746 3
1 -1 0 89.11 0 -31 166 443.03999999999996 6 0.04210996627807617 3
1 -1 1 93.99 0 -43 166 724.26 6 0.20763611793518066 3
1 -1 2 89.11 0 -31 166 443.03999999999996 6 0.04029703140258789 3
1 -1 3 98.71 0 -39 166 586.06 6 0.2875828742980957 3
1 -1 4 80.85 0.0 -32 166 0.0 6 0.0086669921875 3
1 -1 5 89.11 0.0 -31 166 443.03999999999996 6 0.26340293884277344 3
random:3T:600
0 -1 0 258.05 54.64 -1 162 373.89 2 0.1017608642578125 3
0 -1 1 250.84 0 -2 162 517.33 2 0.3893239498138428 3
0 -1 2 257.55 54.64 -1 162 373.89 2 0.0753469467163086 3
0 -1 3 268.08 0 -1 162 364.53000000000003 2 0.5501751899719238 3
0 -1 4 243.0 0.0 -6 162 269.36 2 0.010054826736450195 3
0 -1 5 257.36 54.64 -1 162 379.86 2 0.6807098388671875 3
1 -1 0 272.18 73.11 -1 166 1164.08 6 0.09306693077087402 3
1 -1 1 272.0 0 -16 166 1824.36 6 0.44727611541748047 3
1 -1 2 270.35 73.11 -1 166 1029.4099999999999 6 0.13122105598449707 3
1 -1 3 286.19 0 -4 166 1517.9699999999998 6 0.5625998973846436 3
1 -1 4 247.26 0.0 -5 166 738.6 6 0.01013493537902832 3
1 -1 5 270.24 73.11 -1 166 1054.4199999999998 6 0.6893439292907715 3
random:3T:900
0 -1 0 453.59 234.16 -1 162 639.5 2 0.3303871154785156 3
0 -1 1 451.28 111.1 -1 162 871.5 2 0.620215892791748 3
0 -1 2 419.82 194.68000000000006 -1 162 514.4100000000001 2 0.4708549976348877 3
0 -1 3 471.12 0 -1 162 700.21 2 0.8201537132263184 3
0 -1 4 436.07 178.06 -1 162 370.18 2 0.013109922409057617 3
0 -1 5 424.81 255.5 -1 162 694.3399999999999 2 3.4186038970947266 3
1 -1 0 471.27 235.42 -1 166 2389.49 6 0.3349947929382324 3
1 -1 1 466.94 0 -2 166 2829.38 6 0.646111011505127 3
1 -1 2 428.02 190.77 -1 166 1159.73 6 0.5872960090637207 3
1 -1 3 491.26 0 -4 166 2531.37 6 0.814007043838501 3
1 -1 4 433.98 168.76999999999998 -1 166 1095.1 6 0.011502742767333984 3
1 -1 5 452.51 298.75 -2 166 2179.62 6 5.606201887130737 3
random:3T:1200
0 -1 0 652.08 267.7 -1 162 984.9200000000001 2 0.5454831123352051 3
0 -1 1 651.53 249.07 -1 162 1226.3400000000001 2 0.8335638046264648 3
0 -1 2 532.42 198.43000000000035 -1 162 545.6600000000003 2 0.9213767051696777 3
0 -1 3 673.49 0 -1 162 948.74 2 1.0576629638671875 3
0 -1 4 621.69 258.84000000000003 -1 162 604.9100000000001 2 0.014066934585571289 3
0 -1 5 560.55 365.66999999999996 -1 162 963.61 2 6.267897129058838 3
1 -1 0 668.11 265.11 -2 166 3418.3900000000003 6 0.5913269519805908 3
1 -1 1 663.48 0 -2 166 4013.55 6 0.8983519077301025 3
1 -1 2 537.69 197.56 -1 166 1188.700000000001 6 1.0854439735412598 3
1 -1 3 692.98 0 -4 166 3609.07 6 1.111180067062378 3
1 -1 4 592.86 192.67 -1 166 1413.8899999999999 6 0.013865947723388672 3
1 -1 5 597.15 405.36 -2 166 2847.56 6 8.314074277877808 3
random:3T:1500
0 -1 0 850.05 282.15 -1 162 1311.24 2 0.7598421573638916 3
0 -1 1 843.87 271.93 -1 162 1575.55 2 1.0466370582580566 3
0 -1 2 613.08 199.24999999999974 -1 162 552.5899999999998 2 1.3640921115875244 3
0 -1 3 869.86 203.31 -1 162 1171.9199999999998 2 1.3335161209106445 3
0 -1 4 824.53 362.28 -1 162 743.9599999999999 2 0.01668405532836914 3
0 -1 5 688.92 459.3 -1 162 1141.53 2 8.31112289428711 3
1 -1 0 864.7 280.73 -2 166 4596.18 6 0.801738977432251 3
1 -1 1 860.59 0 -2 166 5173.41 6 1.1190719604492188 3
1 -1 2 616.69 199.07 -1 166 1195.2699999999993 6 1.5501477718353271 3
1 -1 3 891.69 0 -2 166 4704.14 6 1.4007883071899414 3
1 -1 4 792.2 322.56 -1 166 2129.24 6 0.015035867691040039 3
1 -1 5 736.61 452.38 -1 166 3735.12 6 13.852410316467285 3
random:4T:300
0 -1 0 86.16 0 -29 151 86.12 1 0.036894798278808594 4
0 -1 1 92.89 0 -36 151 142.14000000000001 1 0.18809080123901367 4
0 -1 2 86.16 0 -29 151 86.12 1 0.03513789176940918 4
0 -1 3 92.12 0 -34 151 129.03 1 0.2534472942352295 4
0 -1 4 83.92 0.0 -26 151 0.0 1 0.008127927780151367 4
0 -1 5 86.16 0 -29 151 86.12 1 0.2285459041595459 4
1 -1 0 84.98 0 -35 175 205.63 5 0.045529842376708984 4
1 -1 1 89.41 0 -43 175 678.14 5 0.22565293312072754 4
1 -1 2 84.98 0 -35 175 205.63 5 0.043054819107055664 4
1 -1 3 90.85 0.0 -43 175 549.25 5 0.29439377784729004 4
1 -1 4 74.33 0.0 -34 175 0.0 5 0.009144783020019531 4
1 -1 5 84.98 0.0 -35 175 205.63 5 0.2972440719604492 4
random:4T:600
0 -1 0 256.19 52.29 -1 151 206.13 1 0.08717703819274902 4
0 -1 1 266.93 0 -3 151 287.31 1 0.3758840560913086 4
0 -1 2 255.52 52.29 -1 151 206.13 1 0.06500697135925293 4
0 -1 3 281.08 0 -2 151 257.2 1 0.501713752746582 4
0 -1 4 253.72 0.0 -4 151 124.23 1 0.009531021118164062 4
0 -1 5 255.62 52.29 -1 151 206.13 1 0.982396125793457 4
1 -1 0 268.14 48.31 -1 175 822.69 5 0.0871131420135498 4
1 -1 1 266.44 0 -10 175 1581.29 5 0.4648258686065674 4
1 -1 2 267.45 48.31 -1 175 821.47 5 0.07313728332519531 4
1 -1 3 261.48 0 -3 175 1004.4000000000001 5 0.5892970561981201 4
1 -1 4 230.32 0.0 -8 175 272.27 5 0.010720014572143555 4
1 -1 5 267.49 48.31 -1 175 824.9100000000001 5 0.5394382476806641 4
random:4T:900
0 -1 0 463.55 239.87 -1 151 397.76 1 0.30973005294799805 4
0 -1 1 472.0 0 -1 151 506.21000000000004 1 0.5989928245544434 4
0 -1 2 430.39 259.43 -2 151 388.51 1 0.14159703254699707 4
0 -1 3 490.68 0 -1 151 417.22 1 0.7644071578979492 4
0 -1 4 447.32 182.76999999999998 -1 151 182.76999999999998 1 0.012943029403686523 4
0 -1 5 430.24 267.61 -1 151 396.01 1 3.6068167686462402 4
1 -1 0 468.52 236.66 -2 175 1907.62 5 0.33138298988342285 4
1 -1 1 462.74 0 -3 175 2393.39 5 0.7007467746734619 4
1 -1 2 431.98 190.99999999999994 -1 175 958.3599999999997 5 0.5711269378662109 4
1 -1 3 462.66 0 -2 175 1775.15 5 0.8580920696258545 4
1 -1 4 422.44 163.01000000000002 -1 175 836.29 5 0.013471126556396484 4
1 -1 5 451.51 260.71999999999997 -1 175 1831.4900000000002 5 6.388339996337891 4
random:4T:1200
0 -1 0 669.16 266.88 -1 151 585.13 1 0.5418009757995605 4
0 -1 1 677.08 0 -1 151 689.7300000000001 1 0.8847780227661133 4
0 -1 2 588.92 372.31 -1 151 581.61 1 0.2646472454071045 4
0 -1 3 698.85 0 -1 151 573.27 1 1.1374528408050537 4
0 -1 4 637.27 293.93 -1 151 293.93 1 0.014109373092651367 4
0 -1 5 561.74 381.87 -1 151 472.84000000000003 1 6.029775142669678 4
1 -1 0 657.03 266.36 -2 175 2868.85 5 0.6340043544769287 4
1 -1 1 653.9 0 -2 175 3486.7200000000003 5 1.0608391761779785 4
1 -1 2 545.68 197.60000000000014 -1 175 988.7800000000002 5 1.1743991374969482 4
1 -1 3 659.49 0 -2 175 2752.6800000000007 5 1.2803678512573242 4
1 -1 4 593.34 191.39000000000001 -1 175 961.6700000000001 5 0.0167691707611084 4
1 -1 5 586.03 407.08000000000004 -2 175 2301.56 5 9.086906909942627 4
random:4T:1500
0 -1 0 872.43 281.7 -1 151 788.9399999999999 1 0.782534122467041 4
0 -1 1 882.47 0 -1 151 880.49 1 1.1045868396759033 4
0 -1 2 744.81 429.74 -1 151 709.45 1 0.5679829120635986 4
0 -1 3 907.65 211.62 -1 151 757.7500000000001 1 1.3674049377441406 4
0 -1 4 839.77 369.72 -1 151 369.72 1 0.017657756805419922 4
0 -1 5 679.13 452.15999999999997 -1 151 544.02 1 8.015005111694336 4
1 -1 0 852.05 281.42 -2 175 3695.92 5 0.828948974609375 4
1 -1 1 843.45 0 -1 175 4289.070000000001 5 1.2597920894622803 4
1 -1 2 627.14 199.10999999999999 -1 175 995.6699999999996 5 1.6339879035949707 4
1 -1 3 845.73 0 -1 175 3791.6900000000005 5 1.5323600769042969 4
1 -1 4 795.73 330.82 -1 175 1690.45 5 0.017441987991333008 4
1 -1 5 701.36 452.57000000000005 -1 175 2903.84 5 11.952703952789307 4
