random:0T:300
0 -1 0 79.1 0 -39 170 333.25000000000006 8 0.044512033462524414 0
0 -1 1 84.98 0 -47 170 871.38 8 0.20867300033569336 0
0 -1 2 79.1 0 -39 170 333.25000000000006 8 0.03793692588806152 0
0 -1 3 84.69 0.0 -42 170 791.44 8 0.26623988151550293 0
0 -1 4 73.73 0.0 -33 170 3.76 8 0.008426904678344727 0
0 -1 5 79.1 0 -39 170 333.25000000000006 8 0.26524806022644043 0
1 -1 0 78.69 0.0 -37 160 107.0 2 0.03706693649291992 0
1 -1 1 87.51 0 -52 160 280.3 2 0.1730659008026123 0
1 -1 2 78.69 0.0 -37 160 107.0 2 0.03587508201599121 0
1 -1 3 87.37 0 -47 160 116.24 2 0.27054500579833984 0
1 -1 4 75.95 0.0 -31 160 0.0 2 0.007998228073120117 0
1 -1 5 78.69 0.0 -37 160 107.0 2 0.24203968048095703 0
random:0T:600
0 -1 0 244.82 10.09 -1 170 1291.93 8 0.057793617248535156 0
0 -1 1 251.3 0 -7 170 2085.1 8 0.43581581115722656 0
0 -1 2 244.82 10.09 -1 170 1291.93 8 0.05753302574157715 0
0 -1 3 257.15 0 -5 170 1721.5999999999997 8 0.5804038047790527 0
0 -1 4 236.06 0.0 -6 170 818.36 8 0.011014938354492188 0
0 -1 5 244.82 10.09 -1 170 1291.93 8 0.27625131607055664 0
1 -1 0 247.83 0.0 -1 160 328.49 2 0.05855202674865723 0
1 -1 1 258.3 0.0 -2 160 571.3100000000001 2 0.40482592582702637 0
1 -1 2 247.83 0.0 -1 160 328.49 2 0.05385613441467285 0
1 -1 3 276.14 77.47 -1 160 378.76 2 0.5753741264343262 0
1 -1 4 229.99 0.0 -9 160 58.04 2 0.009356021881103516 0
1 -1 5 247.83 0.0 -1 160 328.49 2 0.25571513175964355 0
random:0T:900
0 -1 0 434.56 184.81 -1 170 2502.75 8 0.3141207695007324 0
0 -1 1 443.87 0 -1 170 3454.9500000000003 8 0.7182190418243408 0
0 -1 2 400.78 184.81 -1 170 1528.3599999999997 8 0.5319581031799316 0
0 -1 3 454.21 0 -2 170 2981.9699999999993 8 0.934345006942749 0
0 -1 4 424.63 165.89 -1 170 1423.1499999999996 8 0.015724897384643555 0
0 -1 5 419.39 242.93 -3 170 2488.33 8 4.0606536865234375 0
1 -1 0 449.56 220.73 -2 160 717.22 2 0.28044700622558594 0
1 -1 1 461.93 0 -1 160 965.96 2 0.6094892024993896 0
1 -1 2 422.96 188.39000000000001 -1 160 519.33 2 0.4598548412322998 0
1 -1 3 480.65 192.28 -2 160 759.9200000000001 2 0.7606649398803711 0
1 -1 4 427.82 153.81 -1 160 321.87 2 0.011004924774169922 0
1 -1 5 426.65 258.08 -1 160 629.92 2 2.6841440200805664 0
random:0T:1200
0 -1 0 624.97 262.86 -1 170 3971.18 8 0.5132970809936523 0
0 -1 1 637.39 21.13 -1 170 4877.72 8 0.8818528652191162 0
0 -1 2 508.72 196.23 -1 170 1580.9100000000003 8 1.0097711086273193 0
0 -1 3 651.99 0 -1 170 4365.58 8 1.1196479797363281 0
0 -1 4 605.94 192.03 -1 170 2060.44 8 0.014093160629272461 0
0 -1 5 564.65 372.66999999999996 -3 170 3696.1 8 7.296288013458252 0
1 -1 0 650.53 267.09 -1 160 1064.22 2 0.5016162395477295 0
1 -1 1 664.88 0 -1 160 1368.0300000000002 2 0.8360037803649902 0
1 -1 2 543.97 197.02000000000012 -1 160 566.6300000000001 2 0.925100564956665 0
1 -1 3 685.42 240.78 -2 160 1048.1399999999999 2 1.0591108798980713 0
1 -1 4 584.96 189.34 -1 160 381.85 2 0.013225793838500977 0
1 -1 5 561.45 389.61 -2 160 941.0 2 4.8228440284729 0
random:0T:1500
0 -1 0 816.57 280.55 -1 170 5368.33 8 0.7099871635437012 0
0 -1 1 830.27 237.12 -1 170 6261.579999999999 8 1.0805740356445312 0
0 -1 2 586.3 198.77 -1 170 1592.7899999999995 8 1.4349350929260254 0
0 -1 3 851.66 0 -1 170 5738.860000000001 8 1.3417038917541504 0
0 -1 4 805.23 344.99 -1 170 2894.0600000000004 8 0.01641702651977539 0
0 -1 5 688.79 451.0 -1 170 4121.08 8 10.140174150466919 0
1 -1 0 853.39 282.87 -1 160 1480.9700000000003 2 0.6958200931549072 0
1 -1 1 864.41 0 -1 160 1777.8600000000001 2 1.0274269580841064 0
1 -1 2 630.61 198.93000000000012 -1 160 577.1300000000001 2 1.3611631393432617 0
1 -1 3 887.33 267.38 -2 160 1441.58 2 1.3004951477050781 0
1 -1 4 784.7 291.75 -1 160 615.59 2 0.014258861541748047 0
1 -1 5 678.5 451.11 -1 160 1079.03 2 6.859512805938721 0
random:1T:300
0 -1 0 73.66 0.0 -28 157 611.4399999999999 5 0.039537906646728516 1
0 -1 1 77.26 0 -37 157 652.2 5 0.18360686302185059 1
0 -1 2 73.66 0.0 -28 157 611.4399999999999 5 0.03625226020812988 1
0 -1 3 76.23 0 -40 157 606.16 5 0.2404489517211914 1
0 -1 4 68.23 0.0 -31 157 0.0 5 0.008122682571411133 1
0 -1 5 73.66 0.0 -28 157 611.4399999999999 5 0.23492097854614258 1
1 -1 0 82.04 0.0 -37 170 78.83 2 0.04317498207092285 1
1 -1 1 85.26 0 -43 170 232.95999999999998 2 0.21776819229125977 1
1 -1 2 82.04 0.0 -37 170 78.83 2 0.041055917739868164 1
1 -1 3 81.62 0 -44 170 152.49 2 0.27957606315612793 1
1 -1 4 69.81 0.0 -34 170 0.0 2 0.009240150451660156 1
1 -1 5 82.04 0.0 -37 170 78.83 2 0.28562092781066895 1
random:1T:600
0 -1 0 251.36 74.09 -1 157 1082.31 5 0.10337400436401367 1
0 -1 1 254.92 0 -7 157 1528.5800000000004 5 0.3920259475708008 1
0 -1 2 248.54 74.09 -1 157 911.67 5 0.14288806915283203 1
0 -1 3 260.26 0 -5 157 1334.3400000000001 5 0.5036427974700928 1
0 -1 4 228.71 0.0 -6 157 193.44 5 0.009570121765136719 1
0 -1 5 249.72 74.09 -1 157 1002.6700000000001 5 1.2191522121429443 1
1 -1 0 250.95 30.76 -1 170 269.53 2 0.08839988708496094 1
1 -1 1 264.63 0 -5 170 606.81 2 0.46124696731567383 1
1 -1 2 250.77 30.75 -1 170 269.53 2 0.07335495948791504 1
1 -1 3 263.04 0 -11 170 455.09 2 0.5962960720062256 1
1 -1 4 222.94 0.0 -10 170 273.73 2 0.010669946670532227 1
1 -1 5 250.69 30.76 -1 170 280.19 2 0.7769689559936523 1
random:1T:900
0 -1 0 454.03 210.55 -1 157 1945.6199999999997 5 0.3287332057952881 1
0 -1 1 457.04 0 -4 157 2330.2200000000003 5 0.6240048408508301 1
0 -1 2 397.25 194.97 -1 157 978.4600000000002 5 0.611640214920044 1
0 -1 3 462.3 0 -4 157 2253.23 5 0.7710127830505371 1
0 -1 4 422.24 157.5 -1 157 818.76 5 0.012598991394042969 1
0 -1 5 423.88 271.21999999999997 -2 157 1874.6000000000001 5 4.524060010910034 1
1 -1 0 444.49 216.62 -2 170 562.26 2 0.3153872489929199 1
1 -1 1 461.97 0 -2 170 1029.0 2 0.7103910446166992 1
1 -1 2 414.93 176.68 -1 170 370.2199999999999 2 0.4283261299133301 1
1 -1 3 464.41 0 -10 170 804.8 2 0.8523809909820557 1
1 -1 4 416.49 108.1 -1 170 371.15 2 0.012057304382324219 1
1 -1 5 420.36 260.16 -1 170 660.1299999999999 2 4.309326887130737 1
random:1T:1200
0 -1 0 660.43 250.8 -1 157 2839.0899999999997 5 0.5017988681793213 1
0 -1 1 655.27 0 -3 157 3260.68 5 0.7326838970184326 1
0 -1 2 500.08 198.49 -1 157 993.280000000001 5 0.9629578590393066 1
0 -1 3 663.3 0 -2 157 3124.93 5 0.9203500747680664 1
0 -1 4 605.03 190.16000000000003 -1 157 977.5300000000001 5 0.01194000244140625 1
0 -1 5 565.7 380.71 -1 157 2465.28 5 6.478766679763794 1
1 -1 0 641.2 254.13 -2 170 960.27 2 0.5000629425048828 1
1 -1 1 664.41 0 -2 170 1407.54 2 0.8700230121612549 1
1 -1 2 526.52 194.43 -1 170 392.6000000000002 2 0.8945589065551758 1
1 -1 3 667.68 0 -9 170 1140.3700000000001 2 1.0870780944824219 1
1 -1 4 569.75 195.62 -1 170 452.97 2 0.01252603530883789 1
1 -1 5 556.39 368.22 -1 170 935.64 2 7.32032585144043 1
random:1T:1500
0 -1 0 859.97 276.61 -2 157 3794.26 5 0.6576418876647949 1
0 -1 1 853.7 0 -3 157 4209.32 5 0.8874459266662598 1
0 -1 2 573.64 199.24999999999974 -1 157 996.4499999999994 5 1.297710657119751 1
0 -1 3 865.99 0 -2 157 4149.889999999999 5 1.0637149810791016 1
0 -1 4 807.65 336.85 -1 157 1724.84 5 0.013926982879638672 1
0 -1 5 683.05 438.45000000000005 -1 157 2664.94 5 7.455629110336304 1
1 -1 0 836.79 274.71 -2 170 1398.22 2 0.6421880722045898 1
1 -1 1 865.93 0 -2 170 1730.25 2 0.9680938720703125 1
1 -1 2 604.01 198.37 -1 170 397.63999999999976 2 1.1869840621948242 1
1 -1 3 867.61 0 -6 170 1550.5 2 1.2024781703948975 1
1 -1 4 757.17 344.2 -1 170 709.1099999999999 2 0.012852907180786133 1
1 -1 5 681.47 449.79 -1 170 1187.58 2 9.511070013046265 1
random:2T:300
0 -1 0 98.06 0.0 -15 124 260.46 4 0.023553848266601562 2
0 -1 1 106.04 0.0 -16 124 538.99 4 0.11233901977539062 2
0 -1 2 98.06 0.0 -15 124 260.46 4 0.021853923797607422 2
0 -1 3 105.57 0.0 -12 124 519.8199999999999 4 0.143218994140625 2
0 -1 4 94.84 0.0 -21 124 0.0 4 0.005033969879150391 2
0 -1 5 98.06 0.0 -15 124 260.46 4 0.10035514831542969 2
1 -1 0 104.58 0.0 -22 137 0.0 1 0.035598039627075195 2
1 -1 1 107.23 0.0 -23 137 20.27 1 0.14792180061340332 2
1 -1 2 104.58 0.0 -22 137 0.0 1 0.027010202407836914 2
1 -1 3 108.05 0.0 -18 137 0.0 1 0.16489434242248535 2
1 -1 4 100.11 0.0 -22 137 0.0 1 0.005728006362915039 2
1 -1 5 104.58 0.0 -22 137 0.0 1 0.13375592231750488 2
random:2T:600
0 -1 0 309.04 155.78 -1 124 1011.3699999999999 4 0.10570430755615234 2
0 -1 1 320.03 0 -3 124 1441.1599999999999 4 0.24229192733764648 2
0 -1 2 297.73 155.78 -1 124 678.5000000000001 4 0.16514992713928223 2
0 -1 3 321.37 0 -2 124 1302.89 4 0.2933371067047119 2
0 -1 4 301.11 107.25 -1 124 549.31 4 0.0071430206298828125 2
0 -1 5 303.93 155.78 -1 124 942.8700000000001 4 0.8386590480804443 2
1 -1 0 312.68 144.48000000000002 -1 137 144.48000000000002 1 0.11419224739074707 2
1 -1 1 318.64 0 -1 137 217.26 1 0.27980804443359375 2
1 -1 2 309.01 118.88 -1 137 118.88 1 0.0797739028930664 2
1 -1 3 316.61 0 -2 137 100.52 1 0.3550992012023926 2
1 -1 4 301.9 79.83 -1 137 122.51 1 0.00728297233581543 2
1 -1 5 305.48 146.15 -1 137 161.10999999999999 1 2.564544916152954 2
random:2T:900
0 -1 0 525.1 237.29 -1 124 1814.17 4 0.2338700294494629 2
0 -1 1 528.76 160.84 -1 124 2257.7400000000002 4 0.3708169460296631 2
0 -1 2 448.76 192.36 -1 124 771.44 4 0.45885682106018066 2
0 -1 3 538.72 0 -2 124 2133.09 4 0.44606494903564453 2
0 -1 4 512.22 217.0 -1 124 953.96 4 0.00847315788269043 2
0 -1 5 485.35 346.69 -2 124 1694.81 4 2.314100980758667 2
1 -1 0 517.32 239.7 -2 137 359.14 1 0.26087188720703125 2
1 -1 1 538.04 142.58 -1 137 418.96999999999997 1 0.4560830593109131 2
1 -1 2 504.03 311.7 -1 137 311.7 1 0.13965797424316406 2
1 -1 3 532.92 0 -2 137 275.99 1 0.5371272563934326 2
1 -1 4 500.73 182.39 -1 137 182.39 1 0.009330034255981445 2
1 -1 5 470.0 335.17 -1 137 402.4999999999999 1 5.216009140014648 2
random:2T:1200
0 -1 0 745.65 266.72 -1 124 2678.48 4 0.37227702140808105 2
0 -1 1 750.86 313.75 -1 124 3088.0299999999997 4 0.5047018527984619 2
0 -1 2 555.83 197.91 -1 124 792.0700000000006 4 0.7643740177154541 2
0 -1 3 758.67 0 -2 124 2906.08 4 0.6004641056060791 2
0 -1 4 723.73 343.32 -1 124 1392.42 4 0.011071920394897461 2
0 -1 5 646.24 492.66 -2 124 2251.79 4 3.7819888591766357 2
1 -1 0 733.99 266.79 -2 137 575.87 1 0.43420886993408203 2
1 -1 1 757.83 267.75 -1 137 612.52 1 0.6851358413696289 2
1 -1 2 687.42 463.74 -1 137 476.53 1 0.23365569114685059 2
1 -1 3 752.68 127.82 -1 137 430.65999999999997 1 0.8241467475891113 2
1 -1 4 716.6 330.85 -1 137 330.85 1 0.011996984481811523 2
1 -1 5 602.69 438.47 -1 137 568.3799999999999 1 6.571190118789673 2
random:2T:1500
0 -1 0 962.62 281.61 -1 124 3509.96 4 0.4844858646392822 2
0 -1 1 972.19 397.62 -1 124 3891.2 4 0.6197128295898438 2
0 -1 2 634.78 199.15 -1 124 796.9599999999995 4 1.0622642040252686 2
0 -1 3 977.59 0 -2 124 3701.81 4 0.758415699005127 2
0 -1 4 945.79 477.49 -1 124 1953.35 4 0.012123823165893555 2
0 -1 5 797.05 640.1499999999995 -2 124 2819.4900000000002 4 4.993548154830933 2
1 -1 0 938.36 341.39 -2 137 769.39 1 0.5580739974975586 2
1 -1 1 980.06 367.15999999999997 -1 137 792.3399999999999 1 0.7928187847137451 2
1 -1 2 853.91 514.77 -1 137 514.77 1 0.5890049934387207 2
1 -1 3 968.95 280.36 -1 137 655.91 1 0.9144890308380127 2
1 -1 4 920.37 399.24 -1 137 399.24 1 0.012891054153442383 2
1 -1 5 735.18 564.9300000000001 -1 137 716.1499999999999 1 8.058870077133179 2
random:3T:300
0 -1 0 81.6 0 -37 162 144.22 2 0.035601139068603516 3
0 -1 1 81.58 0 -46 162 272.08000000000004 2 0.14533615112304688 3
0 -1 2 81.6 0 -37 162 144.22 2 0.03390383720397949 3
0 -1 3 84.82 0.0 -48 162 105.84 2 0.2235410213470459 3
0 -1 4 79.11 0.0 -27 162 50.15 2 0.007616996765136719 3
0 -1 5 81.6 0 -37 162 144.22 2 0.2304987907409668 3
1 -1 0 89.11 0 -31 166 443.03999999999996 6 0.0368499755859375 3
1 -1 1 93.99 0 -43 166 724.26 6 0.17580103874206543 3
1 -1 2 89.11 0 -31 166 443.03999999999996 6 0.03464913368225098 3
1 -1 3 98.71 0 -39 166 586.06 6 0.24343490600585938 3
1 -1 4 80.85 0.0 -32 166 0.0 6 0.0075168609619140625 3
1 -1 5 89.11 0.0 -31 166 443.03999999999996 6 0.22281980514526367 3
random:3T:600
0 -1 0 258.05 54.64 -1 162 373.89 2 0.08760499954223633 3
0 -1 1 250.84 0 -2 162 517.33 2 0.34296083450317383 3
0 -1 2 257.55 54.64 -1 162 373.89 2 0.06523799896240234 3
0 -1 3 268.08 0 -1 162 364.53000000000003 2 0.46923017501831055 3
0 -1 4 243.0 0.0 -6 162 269.36 2 0.008775949478149414 3
0 -1 5 257.36 54.64 -1 162 379.86 2 0.5917789936065674 3
1 -1 0 272.18 73.11 -1 166 1164.08 6 0.08032369613647461 3
1 -1 1 272.0 0 -16 166 1824.36 6 0.38537096977233887 3
1 -1 2 270.35 73.11 -1 166 1029.4099999999999 6 0.1141812801361084 3
1 -1 3 286.19 0 -4 166 1517.9699999999998 6 0.4893531799316406 3
1 -1 4 247.26 0.0 -5 166 738.6 6 0.008700847625732422 3
1 -1 5 270.24 73.11 -1 166 1054.4199999999998 6 0.5863478183746338 3
random:3T:900
0 -1 0 453.59 234.16 -1 162 639.5 2 0.293262243270874 3
0 -1 1 451.28 111.1 -1 162 871.5 2 0.5404300689697266 3
0 -1 2 419.82 194.68000000000006 -1 162 514.4100000000001 2 0.42012476921081543 3
0 -1 3 471.12 0 -1 162 700.21 2 0.7120330333709717 3
0 -1 4 436.07 178.06 -1 162 370.18 2 0.011224985122680664 3
0 -1 5 424.81 255.5 -1 162 694.3399999999999 2 3.0334179401397705 3
1 -1 0 471.27 235.42 -1 166 2389.49 6 0.2984321117401123 3
1 -1 1 466.94 0 -2 166 2829.38 6 0.5909600257873535 3
1 -1 2 428.02 190.77 -1 166 1159.73 6 0.5376999378204346 3
1 -1 3 491.26 0 -4 166 2531.37 6 0.7391910552978516 3
1 -1 4 433.98 168.76999999999998 -1 166 1095.1 6 0.010427236557006836 3
1 -1 5 452.51 298.75 -2 166 2179.62 6 5.068019151687622 3
random:3T:1200
0 -1 0 652.08 267.7 -1 162 984.9200000000001 2 0.6014759540557861 3
0 -1 1 651.53 249.07 -1 162 1226.3400000000001 2 0.8170828819274902 3
0 -1 2 532.42 198.43000000000035 -1 162 545.6600000000003 2 0.8666229248046875 3
0 -1 3 673.49 0 -1 162 948.74 2 0.9625279903411865 3
0 -1 4 621.69 258.84000000000003 -1 162 604.9100000000001 2 0.012701988220214844 3
0 -1 5 560.55 365.66999999999996 -1 162 963.61 2 5.619195938110352 3
1 -1 0 668.11 265.11 -2 166 3418.3900000000003 6 0.5050628185272217 3
1 -1 1 663.48 0 -2 166 4013.55 6 0.7913780212402344 3
1 -1 2 537.69 197.56 -1 166 1188.700000000001 6 0.9724318981170654 3
1 -1 3 692.98 0 -4 166 3609.07 6 0.9670491218566895 3
1 -1 4 592.86 192.67 -1 166 1413.8899999999999 6 0.012015819549560547 3
1 -1 5 597.15 405.36 -2 166 2847.56 6 7.278095006942749 3
random:3T:1500
0 -1 0 850.05 282.15 -1 162 1311.24 2 0.6691269874572754 3
0 -1 1 843.87 271.93 -1 162 1575.55 2 0.9264819622039795 3
0 -1 2 613.08 199.24999999999974 -1 162 552.5899999999998 2 1.2486519813537598 3
0 -1 3 869.86 203.31 -1 162 1171.9199999999998 2 1.2062759399414062 3
0 -1 4 824.53 362.28 -1 162 743.9599999999999 2 0.014868021011352539 3
0 -1 5 688.92 459.3 -1 162 1141.53 2 7.590932846069336 3
1 -1 0 864.7 280.73 -2 166 4596.18 6 0.7235572338104248 3
1 -1 1 860.59 0 -2 166 5173.41 6 1.0058162212371826 3
1 -1 2 616.69 199.07 -1 166 1195.2699999999993 6 1.3843541145324707 3
1 -1 3 891.69 0 -2 166 4704.14 6 1.1762192249298096 3
1 -1 4 792.2 322.56 -1 166 2129.24 6 0.013081073760986328 3
1 -1 5 736.61 452.38 -1 166 3735.12 6 11.791306018829346 3
random:4T:300
0 -1 0 80.81 0 -39 161 86.12 1 0.03562426567077637 4
0 -1 1 87.12 0.0 -46 161 142.14000000000001 1 0.18207597732543945 4
0 -1 2 80.81 0 -39 161 86.12 1 0.033637046813964844 4
0 -1 3 86.39 0 -44 161 129.03 1 0.24507784843444824 4
0 -1 4 76.08 0.0 -30 161 0.0 1 0.008477926254272461 4
0 -1 5 80.81 0 -39 161 86.12 1 0.24182510375976562 4
1 -1 0 83.02 0 -35 165 228.11999999999998 5 0.03857421875 4
1 -1 1 87.89 0 -45 165 689.27 5 0.1915299892425537 4
1 -1 2 83.02 0 -35 165 228.11999999999998 5 0.03646397590637207 4
1 -1 3 89.32 0 -43 165 556.3199999999999 5 0.24259114265441895 4
1 -1 4 72.34 0.0 -32 165 0.0 5 0.0075190067291259766 4
1 -1 5 83.02 0 -35 165 228.11999999999998 5 0.23387694358825684 4
random:4T:600
0 -1 0 243.59 0.0 -5 161 174.3 1 0.0747840404510498 4
0 -1 1 251.77 0 -7 161 287.31 1 0.3559119701385498 4
0 -1 2 242.69 0.0 -5 161 174.3 1 0.04942202568054199 4
0 -1 3 266.75 0 -12 161 232.36 1 0.47367215156555176 4
0 -1 4 233.03 0.0 -8 161 104.57 1 0.008782148361206055 4
0 -1 5 242.69 0.0 -5 161 174.3 1 0.23818302154541016 4
1 -1 0 266.77 53.36 -1 165 832.3100000000001 5 0.07168698310852051 4
1 -1 1 268.61 0 -8 165 1617.99 5 0.38049983978271484 4
1 -1 2 265.9 53.36 -1 165 826.4800000000001 5 0.07309389114379883 4
1 -1 3 264.35 0 -3 165 1095.72 5 0.48212695121765137 4
1 -1 4 233.29 0.0 -6 165 272.27 5 0.008828878402709961 4
1 -1 5 265.98 53.36 -1 165 834.5899999999999 5 0.6263227462768555 4
random:4T:900
0 -1 0 430.35 203.74 -1 161 345.3 1 0.22048377990722656 4
0 -1 1 452.17 0 -2 161 487.51000000000005 1 0.5655272006988525 4
0 -1 2 408.87 193.92999999999998 -1 161 193.92999999999998 1 0.33435988426208496 4
0 -1 3 472.18 0 -3 161 395.76000000000005 1 0.7244486808776855 4
0 -1 4 429.7 178.4 -1 161 178.4 1 0.011119842529296875 4
0 -1 5 414.28 203.74 -1 161 331.83 1 2.499173879623413 4
1 -1 0 468.62 237.39 -2 165 1949.2100000000003 5 0.2856137752532959 4
1 -1 1 469.54 0 -3 165 2519.5199999999995 5 0.5834541320800781 4
1 -1 2 429.88 191.24999999999991 -1 165 959.4699999999997 5 0.49408888816833496 4
1 -1 3 463.83 0 -3 165 1752.11 5 0.6957299709320068 4
1 -1 4 425.64 163.01 -1 165 836.28 5 0.011147022247314453 4
1 -1 5 450.82 283.17 -1 165 1862.0800000000002 5 4.444846868515015 4
random:4T:1200
0 -1 0 630.09 266.88 -1 161 520.97 1 0.43676209449768066 4
0 -1 1 652.95 0 -1 161 681.2800000000001 1 0.7659499645233154 4
0 -1 2 523.0 198.27000000000027 -1 161 198.27000000000027 1 0.7317638397216797 4
0 -1 3 674.48 0 -2 161 571.04 1 0.9630510807037354 4
0 -1 4 601.68 230.64000000000001 -1 161 230.64000000000001 1 0.012624740600585938 4
0 -1 5 542.14 363.49 -1 161 469.22 1 4.412408828735352 4
1 -1 0 660.66 266.74 -2 165 2864.55 5 0.49027085304260254 4
1 -1 1 664.39 0 -1 165 3512.4399999999996 5 0.806755781173706 4
1 -1 2 543.41 197.66000000000014 -1 165 989.0400000000004 5 0.9210202693939209 4
1 -1 3 665.44 0 -2 165 2779.7300000000005 5 0.9459569454193115 4
1 -1 4 602.35 191.39 -1 165 978.8899999999999 5 0.013840913772583008 4
1 -1 5 586.92 405.91 -1 165 2280.23 5 7.12589693069458 4
random:4T:1500
0 -1 0 828.49 282.72 -2 161 711.37 1 0.6151940822601318 4
0 -1 1 852.97 0 -1 161 862.21 1 0.9421279430389404 4
0 -1 2 601.57 199.29999999999976 -1 161 199.29999999999976 1 1.1249637603759766 4
0 -1 3 878.36 0 -1 161 767.8000000000001 1 1.1808192729949951 4
0 -1 4 808.31 357.09000000000003 -1 161 357.09000000000003 1 0.013817787170410156 4
0 -1 5 658.28 433.04 -1 161 499.76 1 6.269049882888794 4
1 -1 0 858.36 281.62 -2 165 3788.33 5 0.6576268672943115 4
1 -1 1 862.84 0 -1 165 4507.2 5 0.9773659706115723 4
1 -1 2 624.96 199.13999999999987 -1 165 995.7499999999995 5 1.3265080451965332 4
1 -1 3 860.08 0 -2 165 3748.69 5 1.1490461826324463 4
1 -1 4 805.96 337.47999999999996 -1 165 1719.35 5 0.013782024383544922 4
1 -1 5 718.75 460.81 -1 165 3038.89 5 9.953153848648071 4
