random:0T:300
0 -1 0 146.27 56.01 -1 39 0.05589008331298828 0
0 -1 1 157.49 62.86 -1 39 0.08399796485900879 0
0 -1 2 146.22 48.12 -1 39 0.06819677352905273 0
0 -1 3 155.26 0 -1 39 0.12439298629760742 0
0 -1 4 139.48 56.809999999999995 -1 39 0.005372047424316406 0
1 -1 0 138.19 36.63 -1 81 0.10413002967834473 0
1 -1 1 140.21 26.57 -2 81 0.18973588943481445 0
1 -1 2 138.73 34.940000000000005 -1 81 0.13715696334838867 0
1 -1 3 140.03 0 -8 81 0.2651658058166504 0
1 -1 4 131.78 17.09 -1 81 0.007905960083007812 0
2 -1 0 132.68 14.16 -1 81 0.09036588668823242 0
2 -1 1 136.5 26.86 -1 81 0.1709580421447754 0
2 -1 2 132.31 14.16 -1 81 0.12717413902282715 0
2 -1 3 137.31 14.32 -1 81 0.21551823616027832 0
2 -1 4 133.5 50.71 -1 81 0.007801055908203125 0
3 -1 0 116.61 25.09 -1 83 0.07979083061218262 0
3 -1 1 118.71 3.74 -1 83 0.1671769618988037 0
3 -1 2 116.53 24.73 -1 83 0.11369085311889648 0
3 -1 3 119.02 6.0 -1 83 0.24664306640625 0
3 -1 4 111.34 14.75 -1 83 0.005721092224121094 0
random:0T:600
0 -1 0 363.43 182.42000000000002 -1 39 0.15914177894592285 1
0 -1 1 373.57 130.49 -1 39 0.18191313743591309 1
0 -1 2 366.88 177.64 -1 39 0.21568989753723145 1
0 -1 3 379.72 168.71 -1 39 0.2440509796142578 1
0 -1 4 337.46 148.91 -1 39 0.010505914688110352 1
1 -1 0 310.0 112.65 -1 81 0.2826519012451172 1
1 -1 1 319.0 114.51 -2 81 0.34569716453552246 1
1 -1 2 314.0 69.73 -1 81 0.34638214111328125 1
1 -1 3 323.17 0 -1 81 0.5213108062744141 1
1 -1 4 295.86 74.17 -1 81 0.0075337886810302734 1
2 -1 0 307.19 57.61 -1 81 0.2475130558013916 1
2 -1 1 312.59 63.699999999999996 -1 81 0.3182718753814697 1
2 -1 2 312.64 55.18 -1 81 0.36476898193359375 1
2 -1 3 314.69 53.940000000000005 -1 81 0.46288275718688965 1
2 -1 4 294.45 72.2 -1 81 0.012521028518676758 1
3 -1 0 295.38 68.21 -1 83 0.2961268424987793 1
3 -1 1 296.97 100.05 -1 83 0.36696696281433105 1
3 -1 2 294.59 62.04 -1 83 0.40045809745788574 1
3 -1 3 301.63 49.410000000000004 -1 83 0.5354809761047363 1
3 -1 4 272.75 61.99 -1 83 0.01372385025024414 1
random:0T:900
0 -1 0 580.79 235.45 -1 39 0.267672061920166 2
0 -1 1 593.92 265.9 -1 39 0.2948470115661621 2
0 -1 2 586.4 236.72 -1 39 0.33159589767456055 2
0 -1 3 600.26 269.26 -1 39 0.3867981433868408 2
0 -1 4 536.4 239.8 -1 39 0.012902021408081055 2
1 -1 0 484.63 153.51 -1 81 0.45087695121765137 2
1 -1 1 492.18 176.65 -1 81 0.5109720230102539 2
1 -1 2 501.53 95.71999999999998 -1 81 0.6512289047241211 2
1 -1 3 505.83 104.2 -1 81 0.7423069477081299 2
1 -1 4 451.62 107.7 -1 81 0.014921903610229492 2
2 -1 0 484.06 90.69 -1 81 0.39873480796813965 2
2 -1 1 490.25 98.06 -1 81 0.5086889266967773 2
2 -1 2 493.74 81.52000000000001 -1 81 0.6198279857635498 2
2 -1 3 498.71 88.62 -1 81 0.669309139251709 2
2 -1 4 458.6 110.99000000000001 -1 81 0.01901102066040039 2
3 -1 0 472.22 134.68 -1 83 0.4696199893951416 2
3 -1 1 476.82 159.52999999999994 -1 83 0.5763587951660156 2
3 -1 2 476.57 64.1 -1 83 0.6315250396728516 2
3 -1 3 484.45 99.75 -1 83 0.7581968307495117 2
3 -1 4 438.87 92.42 -1 83 0.014538049697875977 2
random:0T:1200
0 -1 0 801.17 358.18999999999994 -1 39 0.40496110916137695 3
0 -1 1 812.09 319.09000000000003 -1 39 0.4354386329650879 3
0 -1 2 811.98 375.19999999999993 -1 39 0.465986967086792 3
0 -1 3 820.37 367.04 -1 39 0.5166358947753906 3
0 -1 4 734.78 328.97 -1 39 0.013541936874389648 3
1 -1 0 657.99 227.68 -1 81 0.58642578125 3
1 -1 1 665.19 217.91000000000003 -1 81 0.7287478446960449 3
1 -1 2 679.67 136.1 -1 81 0.8589179515838623 3
1 -1 3 685.71 142.35999999999999 -1 81 0.9235258102416992 3
1 -1 4 594.64 140.49 -1 81 0.021639108657836914 3
2 -1 0 664.87 116.83000000000001 -1 81 0.5960428714752197 3
2 -1 1 666.86 135.0 -1 81 0.6266851425170898 3
2 -1 2 676.92 125.17000000000002 -1 81 0.8384678363800049 3
2 -1 3 684.73 127.79 -1 81 0.946681022644043 3
2 -1 4 626.76 151.17000000000002 -1 81 0.020812034606933594 3
3 -1 0 654.08 176.21 -1 83 0.6590301990509033 3
3 -1 1 652.87 199.41999999999993 -1 83 0.7407410144805908 3
3 -1 2 661.59 133.64 -1 83 0.9421236515045166 3
3 -1 3 663.74 115.78999999999999 -1 83 1.0124142169952393 3
3 -1 4 591.22 113.75999999999999 -1 83 0.02035808563232422 3
random:0T:1500
0 -1 0 1017.83 385.46999999999997 -1 39 0.45111703872680664 4
0 -1 1 1028.66 329.39 -1 39 0.48195600509643555 4
0 -1 2 1027.38 462.1 -1 39 0.5733528137207031 4
0 -1 3 1039.75 477.62 -1 39 0.6161479949951172 4
0 -1 4 932.21 415.68000000000006 -1 39 0.022136926651000977 4
1 -1 0 831.74 303.64000000000004 -1 81 0.7632629871368408 4
1 -1 1 836.97 262.85 -1 81 0.829348087310791 4
1 -1 2 857.8 201.78999999999996 -1 81 1.1454308032989502 4
1 -1 3 862.96 215.09999999999997 -1 81 1.23797607421875 4
1 -1 4 760.42 195.64 -1 81 0.024518251419067383 4
2 -1 0 839.51 149.89000000000001 -1 81 0.7916247844696045 4
2 -1 1 844.85 168.45999999999998 -1 81 0.6740889549255371 4
2 -1 2 859.59 133.96 -1 81 1.0258049964904785 4
2 -1 3 853.52 135.68000000000004 -1 81 0.9734320640563965 4
2 -1 4 790.95 200.48 -1 81 0.014608144760131836 4
3 -1 0 830.21 216.4 -1 83 0.5163798332214355 4
3 -1 1 831.73 243.70999999999995 -1 83 0.733834981918335 4
3 -1 2 838.31 169.15999999999997 -1 83 1.087738275527954 4
3 -1 3 842.05 185.39000000000001 -1 83 1.1728129386901855 4
3 -1 4 747.49 162.84 -1 83 0.022561073303222656 4
random:5T:300
0 -1 0 146.08 59.31 -1 51 0.043257951736450195 5
0 -1 1 146.08 59.31 -1 51 0.054724931716918945 5
0 -1 2 148.71 58.92 -1 51 0.06453490257263184 5
0 -1 3 148.94 55.459999999999994 -1 51 0.08324599266052246 5
0 -1 4 150.99 47.97 -1 51 0.0033648014068603516 5
1 -1 0 155.09 108.95 -2 45 0.03762197494506836 5
1 -1 1 157.55 70.85 -1 45 0.05053901672363281 5
1 -1 2 155.55 108.95 -2 45 0.04895591735839844 5
1 -1 3 161.36 95.71 -1 45 0.07354998588562012 5
1 -1 4 161.94 125.36000000000001 -1 45 0.0032019615173339844 5
2 -1 0 131.69 55.5 -1 69 0.04545903205871582 5
2 -1 1 133.54 0 -2 69 0.0751187801361084 5
2 -1 2 132.15 46.21 -1 69 0.060922861099243164 5
2 -1 3 136.97 26.740000000000002 -1 69 0.11266493797302246 5
2 -1 4 133.01 53.099999999999994 -1 69 0.004097938537597656 5
3 -1 0 119.95 24.83 -2 77 0.04980206489562988 5
3 -1 1 120.75 24.09 -2 77 0.07593798637390137 5
3 -1 2 120.69 14.44 -1 77 0.07021117210388184 5
3 -1 3 122.69 23.689999999999998 -2 77 0.10896015167236328 5
3 -1 4 115.11 14.28 -2 77 0.0041429996490478516 5
random:5T:600
0 -1 0 349.38 183.99 -1 51 0.1040339469909668 6
0 -1 1 349.38 183.99 -1 51 0.11591339111328125 6
0 -1 2 348.23 112.94 -1 51 0.14722585678100586 6
0 -1 3 349.43 94.67999999999999 -1 51 0.16980314254760742 6
0 -1 4 350.37 107.84 -1 51 0.005264997482299805 6
1 -1 0 363.3 264.71999999999997 -2 45 0.08627796173095703 6
1 -1 1 363.5 217.02999999999997 -1 45 0.10052013397216797 6
1 -1 2 359.61 252.91000000000003 -1 45 0.13085007667541504 6
1 -1 3 361.65 212.56 -1 45 0.14263296127319336 6
1 -1 4 369.34 287.4 -1 45 0.005084991455078125 6
2 -1 0 318.47 142.33 -1 69 0.13100314140319824 6
2 -1 1 321.76 134.32000000000002 -1 69 0.16234803199768066 6
2 -1 2 322.52 64.92999999999999 -1 69 0.18186068534851074 6
2 -1 3 325.96 102.36 -1 69 0.23084092140197754 6
2 -1 4 308.63 83.71000000000001 -1 69 0.0059888362884521484 6
3 -1 0 302.64 101.94 -1 77 0.14618706703186035 6
3 -1 1 307.12 82.83 -1 77 0.18000006675720215 6
3 -1 2 307.77 44.97 -1 77 0.20548677444458008 6
3 -1 3 311.8 43.19 -1 77 0.2457869052886963 6
3 -1 4 274.82 63.09 -1 77 0.005994319915771484 6
random:5T:900
0 -1 0 552.13 311.82 -1 51 0.16898298263549805 7
0 -1 1 552.13 311.82 -1 51 0.1801462173461914 7
0 -1 2 548.43 170.77 -1 51 0.23293209075927734 7
0 -1 3 548.79 109.3 -1 51 0.24789190292358398 7
0 -1 4 547.62 160.57 -1 51 0.007082939147949219 7
1 -1 0 571.13 417.08 -1 45 0.1390979290008545 7
1 -1 1 572.1 398.72999999999996 -2 45 0.1491868495941162 7
1 -1 2 572.34 420.85999999999996 -1 45 0.20445585250854492 7
1 -1 3 571.74 392.79 -1 45 0.20703411102294922 7
1 -1 4 577.79 472.6500000000001 -1 45 0.006453990936279297 7
2 -1 0 503.04 241.85000000000005 -1 69 0.20904779434204102 7
2 -1 1 503.11 215.60000000000002 -1 69 0.2337038516998291 7
2 -1 2 507.99 131.89 -1 69 0.2870330810546875 7
2 -1 3 513.7 116.83 -1 69 0.33173298835754395 7
2 -1 4 487.82 134.38 -1 69 0.0077550411224365234 7
3 -1 0 484.2 192.82 -1 77 0.24451804161071777 7
3 -1 1 487.94 119.72999999999999 -1 77 0.2738020420074463 7
3 -1 2 493.57 98.79999999999998 -1 77 0.3295400142669678 7
3 -1 3 494.81 98.13000000000001 -1 77 0.3728787899017334 7
3 -1 4 440.86 111.86 -1 77 0.007667064666748047 7
random:5T:1200
0 -1 0 752.73 429.55999999999995 -1 51 0.23393607139587402 8
0 -1 1 752.73 429.55999999999995 -1 51 0.24860382080078125 8
0 -1 2 746.05 169.46 -1 51 0.30243396759033203 8
0 -1 3 751.86 189.48000000000002 -1 51 0.33061695098876953 8
0 -1 4 747.28 210.78000000000003 -1 51 0.008784055709838867 8
1 -1 0 779.47 565.27 -2 45 0.18738412857055664 8
1 -1 1 780.71 542.48 -2 45 0.20687103271484375 8
1 -1 2 774.67 543.5500000000001 -1 45 0.26106786727905273 8
1 -1 3 786.62 511.43000000000006 -1 45 0.2986159324645996 8
1 -1 4 790.83 646.92 -1 45 0.008466958999633789 8
2 -1 0 688.61 325.1500000000001 -1 69 0.28519392013549805 8
2 -1 1 688.48 314.16 -1 69 0.31882619857788086 8
2 -1 2 702.41 183.22000000000003 -1 69 0.40790796279907227 8
2 -1 3 701.46 165.18 -1 69 0.42235517501831055 8
2 -1 4 669.47 187.17 -1 69 0.00899505615234375 8
3 -1 0 661.34 198.33 -1 77 0.3271620273590088 8
3 -1 1 670.55 207.15000000000003 -1 77 0.3537123203277588 8
3 -1 2 679.71 122.44 -1 77 0.4440319538116455 8
3 -1 3 681.31 97.77 -1 77 0.48435401916503906 8
3 -1 4 611.36 158.89 -1 77 0.009061098098754883 8
random:5T:1500
0 -1 0 952.39 539.4599999999999 -1 51 0.2844831943511963 9
0 -1 1 952.39 539.4599999999999 -1 51 0.29595208168029785 9
0 -1 2 948.76 232.24 -1 51 0.3747239112854004 9
0 -1 3 946.6 271.58000000000004 -1 51 0.3961598873138428 9
0 -1 4 951.36 281.13 -1 51 0.010215044021606445 9
1 -1 0 987.08 716.93 -2 45 0.2327117919921875 9
1 -1 1 987.7 696.36 -2 45 0.24838018417358398 9
1 -1 2 984.45 638.74 -2 45 0.33379387855529785 9
1 -1 3 1001.6 668.4999999999999 -1 45 0.37273287773132324 9
1 -1 4 1004.5 823.8900000000001 -1 45 0.009578227996826172 9
2 -1 0 871.95 398.87000000000006 -1 69 0.35545897483825684 9
2 -1 1 872.06 404.79 -1 69 0.3862290382385254 9
2 -1 2 888.13 197.34 -1 69 0.508303165435791 9
2 -1 3 888.73 177.67999999999998 -1 69 0.5422210693359375 9
2 -1 4 849.24 248.10999999999999 -1 69 0.010773181915283203 9
3 -1 0 837.72 199.24 -1 77 0.4212768077850342 9
3 -1 1 850.76 274.42 -1 77 0.4439098834991455 9
3 -1 2 865.97 213.23 -1 77 0.5706870555877686 9
3 -1 3 868.16 148.04 -1 77 0.6248741149902344 9
3 -1 4 779.83 199.99 -1 77 0.010584115982055664 9
