random:1T:300
0 -1 0 90.57 0 -26 1387.24 10 88 135.15 10744.950000000003 405.45000000000005 0.2609589099884033 1
1 -1 0 97.21 0 -14 281.82 2 87 136.0 9020.680000000002 405.45000000000005 0.3309199810028076 1
0 -1 1 94.72 0 -20 1368.8400000000001 10 88 129.83 11072.709999999995 389.49 0.2699718475341797 1
1 -1 1 86.59 0.0 -10 132.39000000000001 2 87 55.02 7797.999999999998 165.06 0.3356637954711914 1
0 -1 2 71.83 0.0 -20 783.26 10 88 0.0 7887.160000000001 0.0 4.971613883972168 1
1 -1 2 76.35 0 -14 80.53 2 87 25.24 6803.410000000003 0.0 7.1516149044036865 1
0 -1 3 63.42 0.0 -22 0.0 10 88 0.0 5580.549999999999 0.0 0.01030278205871582 1
1 -1 3 67.02 0.0 -17 0.0 2 87 0.0 5830.980000000002 0.0 0.009307861328125 1
0 -1 4 94.72 0.0 -20 1368.8400000000001 10 88 129.83 11072.709999999995 389.49 0.2609593868255615 1
1 -1 4 86.59 0 -10 132.39000000000001 2 87 55.02 7797.999999999998 165.06 0.32168006896972656 1
0 -1 5 56.48 0.0 -25 529.26 10 88 0.0 6029.099999999999 0.0 3.3716371059417725 1
1 -1 5 74.19 0 -16 46.84 2 87 0.0 6548.46 0.0 6.357964992523193 1
0 -1 6 90.5 0.0 -24 1368.8400000000001 10 88 129.83 10702.1 389.49 6.250061750411987 1
1 -1 6 97.97 0 -13 281.82 2 87 136.0 9086.609999999999 389.49 8.832070350646973 1
0 -1 7 88.84 0 -26 1104.02 10 88 0 10025.950000000006 0 2.061195135116577 1
1 -1 7 91.54 0 -12 113.44 2 87 42.63 8190.53 0 2.683180093765259 1
0 -1 8 71.83 0.0 -20 783.26 10 88 0.0 7887.160000000001 0.0 1.7322239875793457 1
1 -1 8 76.35 0 -14 80.53 2 87 25.24 6803.410000000003 0.0 2.378952980041504 1
random:1T:600
0 -1 0 283.39 0 -3 3319.32 10 88 288.46000000000004 31576.950000000008 865.3800000000001 0.611224889755249 1
1 -1 0 290.99 0 -2 615.57 2 87 285.62 26547.399999999998 856.86 0.7573747634887695 1
0 -1 1 257.91 141.00999999999996 -2 1855.8 10 88 184.01000000000002 26407.27999999999 693.0400000000001 3.190544843673706 1
1 -1 1 245.13 121.49000000000018 -2 339.73 2 87 167.38 22005.54999999999 623.6300000000001 18.493025064468384 1
0 -1 2 220.49 139.73000000000002 -4 1743.5 10 88 156.94 22889.95999999999 610.55 12.5917809009552 1
1 -1 2 227.88 162.14000000000001 -1 380.9 2 87 167.44 20587.40999999999 610.55 12.096036672592163 1
0 -1 3 239.21 46.06999999999999 -1 986.76 10 88 86.86 23024.350000000002 306.65 0.014077901840209961 1
1 -1 3 230.96 0.0 -2 286.9 2 87 132.8 20666.910000000007 260.58 0.014780282974243164 1
0 -1 4 257.91 141.00999999999996 -2 1855.8 10 88 184.01000000000002 26407.27999999999 693.0400000000001 3.378411054611206 1
1 -1 4 245.13 121.49000000000018 -2 339.73 2 87 167.38 22005.54999999999 623.6300000000001 18.399344205856323 1
0 -1 5 194.46 98.41 -1 1631.68 10 88 140.21 20375.68000000001 519.04 13.116261959075928 1
1 -1 5 230.7 98.41999999999997 -1 319.5 2 87 153.94 20710.050000000007 519.04 12.711702108383179 1
0 -1 6 255.28 106.22 -1 1855.8200000000002 10 88 184.01 26176.29 658.25 9.32146406173706 1
1 -1 6 270.19 152.27999999999997 -1 372.94999999999993 2 87 185.38 24252.549999999996 658.25 14.924285173416138 1
0 -1 7 257.0 113.47 -1 1834.0 10 88 173.68 26284.19000000001 634.51 3.5115928649902344 1
1 -1 7 261.62 145.47000000000003 -1 441.28 2 87 218.23999999999998 23643.559999999998 634.51 3.7692670822143555 1
0 -1 8 221.16 123.86 -2 1846.1800000000003 10 88 182.96 23154.15999999998 672.74 2.925204038619995 1
1 -1 8 228.16 159.06 -2 477.56 2 87 238.24 20804.719999999987 672.74 3.299330949783325 1
random:1T:900
0 -1 0 479.51 0 -2 5266.86 10 88 476.28999999999996 52730.21000000002 1428.87 0.6997067928314209 1
1 -1 0 493.21 73.05 -1 924.0200000000001 2 87 423.07000000000005 44757.72999999998 1269.21 0.9094531536102295 1
0 -1 1 408.35 301.3500000000001 -2 3486.9000000000005 10 88 344.42 42908.19 1334.6100000000001 4.990358114242554 1
1 -1 1 379.3 283.0800000000001 -2 619.1600000000001 2 87 299.8 34237.37000000001 1182.4800000000002 15.24255895614624 1
0 -1 2 372.27 262.09999999999997 -4 3342.0 10 88 315.1 39444.06999999999 1207.4 12.882347106933594 1
1 -1 2 376.57 295.9600000000002 -2 620.1199999999999 2 87 302.40999999999997 34001.72999999998 1169.33 17.925474882125854 1
0 -1 3 408.7 174.46 -2 1770.88 10 88 174.46 39507.72999999999 816.67 0.010452985763549805 1
1 -1 3 406.22 184.67 -1 374.08 2 87 184.67 36089.38000000002 719.51 0.00823974609375 1
0 -1 4 408.35 301.3500000000001 -2 3486.9000000000005 10 88 344.42 42908.19 1334.6100000000001 4.64108681678772 1
1 -1 4 379.3 283.0800000000001 -2 619.1600000000001 2 87 299.8 34237.37000000001 1182.4800000000002 14.035917043685913 1
0 -1 5 354.81 277.4500000000001 -2 3169.82 10 88 287.68 37563.17000000001 1140.49 13.258166790008545 1
1 -1 5 384.54 311.2 -1 692.26 2 87 320.7 34839.850000000006 1140.49 13.733765125274658 1
0 -1 6 418.71 338.37 -1 3448.539999999999 10 88 344.33 43743.80999999998 1371.3600000000001 12.637501001358032 1
1 -1 6 426.69 338.05 -1 701.1100000000001 2 87 348.94000000000005 38524.14 1371.04 16.673989057540894 1
0 -1 7 427.05 301.95 -1 4611.879999999999 10 88 457.10999999999996 46803.92000000002 1673.28 5.365347146987915 1
1 -1 7 403.78 310.42999999999995 -2 921.66 2 87 460.04 36972.520000000004 1673.28 4.74347996711731 1
0 -1 8 372.04 237.53 -4 4054.380000000001 10 88 386.44 40848.410000000025 1396.85 3.551861047744751 1
1 -1 8 369.7 253.30999999999997 -2 812.93 2 87 393.25 33789.56999999998 1396.85 4.407433032989502 1
random:1T:1200
0 -1 0 680.95 163.41 -1 7598.48 10 88 701.1 75120.59000000005 2266.71 0.9523940086364746 1
1 -1 0 698.08 265.6 -1 1271.88 2 87 582.97 63276.57999999999 1912.3200000000002 1.1338279247283936 1
0 -1 1 525.06 398.03 -1 5047.900000000001 10 88 500.63 56300.669999999984 1899.9199999999998 6.562481880187988 1
1 -1 1 506.61 413.04 -1 899.8399999999999 2 87 441.16999999999996 45874.81000000001 1721.5399999999997 15.264889240264893 1
0 -1 2 507.62 390.29999999999995 -2 4750.12 10 88 416.70000000000005 54170.430000000015 1640.4 11.959522724151611 1
1 -1 2 531.09 449.84 -1 929.3399999999999 2 87 457.0 48063.360000000015 1640.4 21.45041799545288 1
0 -1 3 609.16 306.10999999999996 -2 3143.8600000000006 10 88 306.10999999999996 59893.56000000002 1440.6299999999999 0.013918399810791016 1
1 -1 3 559.73 276.43 -1 590.21 2 87 276.43 49876.9 1233.73 0.015520095825195312 1
0 -1 4 527.61 399.62 -1 5047.88 10 88 500.63 56525.009999999995 1901.5099999999998 7.819639205932617 1
1 -1 4 508.52 421.54 -1 899.8399999999999 2 87 441.16999999999996 46040.50000000001 1723.1299999999997 18.03063678741455 1
0 -1 5 502.48 416.19000000000034 -4 4681.72 10 88 438.75 53581.90000000001 1732.4400000000003 16.74132800102234 1
1 -1 5 508.42 396.21999999999997 -1 916.3800000000001 2 87 447.83000000000004 46065.60999999997 1712.47 17.78187894821167 1
0 -1 6 563.01 411.12 -1 5197.42 10 88 482.18 59939.62 1857.6599999999999 28.746471881866455 1
1 -1 6 546.27 412.42999999999995 -1 958.2 2 87 476.14 49441.78999999999 1839.54 35.597071170806885 1
0 -1 7 560.36 391.14 -1 6765.32 10 88 673.5900000000001 62841.93999999997 2411.9100000000003 11.245929956436157 1
1 -1 7 499.86 390.46999999999997 -2 1221.94 2 87 602.26 45932.060000000005 2197.25 9.313380002975464 1
0 -1 8 512.89 373.75 -2 5770.7 10 88 570.36 56675.74000000001 2084.83 9.318210124969482 1
1 -1 8 503.03 398.74 -4 1262.56 2 87 629.92 46288.95000000005 2084.83 10.887752056121826 1
random:1T:1500
0 -1 0 878.77 315.16 -1 9592.199999999999 10 88 889.33 96515.85000000003 2983.15 2.6199309825897217 1
1 -1 0 900.72 423.37 -1 1727.69 2 87 803.6400000000001 81817.68000000004 2726.08 3.1440601348876953 1
0 -1 1 624.84 456.76 -1 6347.800000000001 10 88 629.48 67681.6 2345.2 21.210448741912842 1
1 -1 1 605.99 452.08000000000004 -1 1206.45 2 87 595.6 55133.90999999998 2238.88 28.10651183128357 1
0 -1 2 629.41 443.31 -1 5455.22 10 88 527.67 66298.20999999999 2026.3199999999997 27.987470865249634 1
1 -1 2 648.83 506.17999999999995 -1 1248.5900000000001 2 87 617.25 58945.330000000016 2026.3199999999997 42.457419872283936 1
0 -1 3 776.1 367.38 -2 3704.5800000000004 10 88 367.38 75706.04 1854.6299999999999 0.03163003921508789 1
1 -1 3 754.1 367.38 -1 743.0699999999999 2 87 367.38 67092.82999999999 1712.2599999999998 0.032354116439819336 1
0 -1 4 624.84 456.76 -1 6347.800000000001 10 88 629.48 67681.6 2345.2 20.011125087738037 1
1 -1 4 608.52 454.82 -2 1207.71 2 87 595.6 55356.549999999996 2241.6200000000003 29.92994999885559 1
0 -1 5 649.92 554.28 -1 6080.86 10 88 595.75 69355.09000000001 2341.5299999999997 33.05644416809082 1
1 -1 5 645.66 495.79999999999995 -1 1203.13 2 87 593.58 58579.069999999985 2276.54 41.37361526489258 1
0 -1 6 723.42 554.48 -1 6574.94 10 88 639.03 76810.49999999993 2471.5699999999997 37.572540044784546 1
1 -1 6 682.59 468.69 -2 1288.37 2 87 641.84 61962.309999999976 2385.7799999999997 42.987783908843994 1
0 -1 7 677.51 451.78999999999996 -1 8386.34 10 88 835.5699999999999 76393.89 2958.5 13.723691940307617 1
1 -1 7 602.65 448.48 -1 1511.15 2 87 727.1899999999999 55453.14999999998 2630.0499999999997 11.725176095962524 1
0 -1 8 651.82 443.30999999999995 -1 7461.260000000001 10 88 743.7499999999999 72282.79999999996 2674.5599999999995 11.124336957931519 1
1 -1 8 617.07 484.06 -1 1531.26 2 87 759.71 56747.750000000015 2674.5599999999995 13.241499185562134 1
random:2T:300
0 -1 0 106.9 0.0 -3 1399.1 8 71 168.94 10388.340000000002 506.82 0.43608903884887695 2
1 -1 0 116.68 0.0 -3 0 0 68 0 7934.420000000003 506.82 0.46059107780456543 2
0 -1 1 110.96 0.0 -3 1072.04 8 71 129.71 10021.96 389.13 0.2576420307159424 2
1 -1 1 110.33 0.0 -2 0 0 68 0 7502.169999999999 389.13 0.32491397857666016 2
0 -1 2 102.91 0.0 -4 820.18 8 71 95.29 8946.74 285.87 5.002789258956909 2
1 -1 2 100.32 0.0 -10 0 0 68 0 6821.560000000001 285.87 3.975247859954834 2
0 -1 3 108.5 0.0 -5 471.14 8 71 47.35 8645.839999999998 142.05 0.011199235916137695 2
1 -1 3 109.14 0.0 -7 0 0 68 0 7421.690000000002 142.05 0.015745162963867188 2
0 -1 4 110.96 0.0 -3 1072.04 8 71 129.71 10021.96 389.13 0.20041489601135254 2
1 -1 4 110.33 0.0 -2 0 0 68 0 7502.169999999999 389.13 0.24622011184692383 2
0 -1 5 70.89 0.0 -12 501.79999999999995 8 71 5.52 6036.820000000003 16.56 2.265690803527832 2
1 -1 5 81.72 0.0 -9 0 0 68 0 5557.279999999999 16.56 3.9144198894500732 2
0 -1 6 106.19 0.0 -1 1100.5600000000002 8 71 133.18 9740.700000000006 399.54 4.107752323150635 2
1 -1 6 119.47 16.94 -1 0 0 68 0 8123.88 399.54 6.210954904556274 2
0 -1 7 115.96 0.0 -1 958.24 8 71 114.13 10149.370000000006 342.39 1.6598460674285889 2
1 -1 7 119.47 16.94 -1 0 0 68 0 8123.88 342.39 2.1273860931396484 2
0 -1 8 102.91 0.0 -4 820.18 8 71 95.29 8946.74 285.87 1.4169909954071045 2
1 -1 8 100.32 0.0 -10 0 0 68 0 6821.560000000001 285.87 1.521416187286377 2
random:2T:600
0 -1 0 316.26 76.65 -1 3030.74 8 71 373.49 28515.890000000003 1197.1200000000001 0.7862410545349121 2
1 -1 0 337.17 229.54000000000002 -2 0 0 68 0 22927.620000000003 1197.1200000000001 0.9686911106109619 2
0 -1 1 295.36 223.98999999999998 -4 2252.48 8 71 280.49 25475.77 1065.46 2.4830946922302246 2
1 -1 1 294.04 250.66000000000003 -1 0 0 68 0 19994.409999999993 1065.46 2.7937369346618652 2
0 -1 2 285.17 220.0 -4 2109.6400000000003 8 71 261.85 24466.460000000006 1005.5500000000001 6.957520008087158 2
1 -1 2 271.88 210.51 -1 0 0 68 0 18487.730000000014 996.0600000000001 8.96795392036438 2
0 -1 3 304.58 165.68 -2 1345.94 8 71 165.68 24316.899999999998 670.7 0.019937992095947266 2
1 -1 3 321.11 185.63 -1 0 0 68 0 21835.19 670.7 0.02179884910583496 2
0 -1 4 295.36 223.98999999999998 -4 2252.48 8 71 280.49 25475.77 1065.46 2.1720221042633057 2
1 -1 4 294.04 250.66000000000003 -1 0 0 68 0 19994.409999999993 1065.46 2.5906031131744385 2
0 -1 5 235.22 163.67 -1 1457.52 8 71 171.89 19615.70000000001 679.3399999999999 6.049260854721069 2
1 -1 5 256.76 199.05 -2 0 0 68 0 17459.72000000001 679.3399999999999 6.469645977020264 2
0 -1 6 293.91 223.11 -2 2146.68 8 71 252.75 25161.229999999996 981.36 6.567815065383911 2
1 -1 6 322.62 286.45 -1 0 0 68 0 21938.390000000007 981.36 9.237622737884521 2
0 -1 7 319.9 230.99 -4 2678.78 8 71 331.04 28070.340000000022 1224.1100000000001 2.8898441791534424 2
1 -1 7 322.62 286.45 -1 0 0 68 0 21938.390000000007 1224.1100000000001 3.214616060256958 2
0 -1 8 287.93 203.95 -2 2456.6400000000003 8 71 304.44 25356.08000000001 1117.27 2.4631080627441406 2
1 -1 8 271.88 210.51 -1 0 0 68 0 18487.730000000014 1117.27 2.878711223602295 2
random:2T:900
0 -1 0 540.46 315.94 -1 4888.219999999999 8 71 600.66 48149.01000000002 2117.92 1.0934619903564453 2
1 -1 0 552.29 383.81 -2 0 0 68 0 37556.05 2117.92 1.2081010341644287 2
0 -1 1 462.39 371.90999999999997 -2 3560.5999999999995 8 71 439.95 39950.61999999997 1691.7599999999998 4.7277610301971436 2
1 -1 1 445.53 381.82 -2 0 0 68 0 30296.030000000013 1691.7599999999998 5.003174066543579 2
0 -1 2 462.52 375.6900000000001 -2 3385.9799999999996 8 71 417.79999999999995 39610.590000000004 1629.09 10.809713125228882 2
1 -1 2 436.83 368.5 -2 0 0 68 0 29704.55999999999 1621.8999999999999 10.635385274887085 2
0 -1 3 515.02 307.71000000000004 -2 2503.98 8 71 307.71000000000004 41574.54000000002 1327.13 0.022523880004882812 2
1 -1 3 544.35 429.37 -1 0 0 68 0 37015.91 1327.13 0.03137707710266113 2
0 -1 4 462.39 371.90999999999997 -2 3560.5999999999995 8 71 439.95 39950.61999999997 1691.7599999999998 4.743361949920654 2
1 -1 4 442.03 381.15000000000003 -1 0 0 68 0 30057.840000000015 1691.7599999999998 5.077604055404663 2
0 -1 5 417.9 328.55 -4 2800.2 8 71 328.62 35271.320000000014 1314.41 8.404353141784668 2
1 -1 5 424.16 357.2700000000001 -4 0 0 68 0 28842.840000000015 1314.41 10.05602216720581 2
0 -1 6 497.81 412.87 -1 3572.7000000000003 8 71 443.21000000000004 42490.080000000016 1742.5 10.354630947113037 2
1 -1 6 508.06 447.91999999999996 -1 0 0 68 0 34547.87 1742.5 11.650447845458984 2
0 -1 7 490.56 369.66 -1 4571.4 8 71 568.4399999999999 43972.57 2074.9799999999996 3.7142300605773926 2
1 -1 7 508.06 447.91999999999996 -1 0 0 68 0 34547.87 2074.9799999999996 3.928692102432251 2
0 -1 8 472.06 350.06 -4 4200.78 8 71 524.39 41917.529999999984 1923.23 3.5766661167144775 2
1 -1 8 436.83 368.5 -2 0 0 68 0 29704.55999999999 1923.23 3.411684036254883 2
random:2T:1200
0 -1 0 754.94 532.9 -1 6824.06 8 71 841.6600000000001 67248.94000000003 3057.8800000000006 1.5563089847564697 2
1 -1 0 779.84 603.36 -2 0 0 68 0 53029.03999999999 3057.8800000000006 1.8087570667266846 2
0 -1 1 623.29 513.11 -1 4722.920000000001 8 71 585.78 53699.13000000004 2270.45 6.703201055526733 2
1 -1 1 580.76 460.78000000000003 -1 0 0 68 0 39491.72000000001 2218.12 6.367070198059082 2
0 -1 2 625.44 528.3000000000001 -1 4604.68 8 71 567.99 53615.919999999984 2232.27 12.665843963623047 2
1 -1 2 580.12 495.5 -1 0 0 68 0 39447.959999999985 2199.4700000000003 12.942368984222412 2
0 -1 3 704.05 411.46000000000004 -2 3378.9400000000005 8 71 411.46000000000004 56745.32999999997 1885.8400000000001 0.029052257537841797 2
1 -1 3 758.83 663.87 -1 0 0 68 0 51600.61999999999 1885.8400000000001 0.028208017349243164 2
0 -1 4 623.38 513.11 -1 4722.920000000001 8 71 585.78 53705.920000000035 2270.45 6.651961803436279 2
1 -1 4 571.18 457.21000000000004 -1 0 0 68 0 38840.56000000002 2214.55 6.433442115783691 2
0 -1 5 586.41 484.81 -1 4332.66 8 71 516.71 50300.23 2034.94 11.676331043243408 2
1 -1 5 568.12 493.92 -2 0 0 68 0 38632.140000000014 2034.94 12.077157020568848 2
0 -1 6 662.82 538.35 -1 4770.579999999999 8 71 592.65 56601.049999999974 2316.2999999999997 12.793753862380981 2
1 -1 6 697.62 624.55 -1 0 0 68 0 47438.39 2316.2999999999997 16.975475311279297 2
0 -1 7 630.71 429.55 -2 6031.56 8 71 747.8599999999999 56843.46999999999 2673.13 4.468752861022949 2
1 -1 7 697.62 624.55 -1 0 0 68 0 47438.39 2673.13 4.860512018203735 2
0 -1 8 624.69 477.59000000000015 -4 5795.08 8 71 722.12 55943.12999999999 2643.9500000000003 4.604624032974243 2
1 -1 8 580.12 495.5 -1 0 0 68 0 39447.959999999985 2643.9500000000003 4.068262100219727 2
random:2T:1500
0 -1 0 964.62 699.23 -2 8846.74 8 71 1088.1200000000001 86181.38999999996 3963.5900000000006 1.8383872509002686 2
1 -1 0 1008.57 824.86 -2 0 0 68 0 68582.46 3963.5900000000006 1.9470841884613037 2
0 -1 1 775.67 663.12 -4 5830.219999999999 8 71 723.62 66732.78 2833.98 8.590044975280762 2
1 -1 1 720.85 602.2900000000001 -1 0 0 68 0 49017.63999999998 2773.15 9.221496820449829 2
0 -1 2 775.19 591.6700000000001 -1 5711.660000000001 8 71 705.58 66462.10999999997 2708.4100000000003 13.567350149154663 2
1 -1 2 725.21 596.1899999999999 -2 0 0 68 0 49314.07000000002 2708.4100000000003 14.565099954605103 2
0 -1 3 900.4 523.5100000000001 -2 4207.400000000001 8 71 523.5100000000001 72343.53999999996 2454.7700000000004 0.03091907501220703 2
1 -1 3 969.74 922.26 -1 0 0 68 0 65942.37 2454.7700000000004 0.04036092758178711 2
0 -1 4 770.51 560.21 -1 5847.08 8 71 723.6299999999999 66400.24000000002 2731.0999999999995 9.217657089233398 2
1 -1 4 715.73 598.47 -1 0 0 68 0 48669.66000000001 2731.0999999999995 10.050454139709473 2
0 -1 5 750.39 600.5999999999999 -1 5499.82 8 71 662.65 64277.46000000002 2588.5499999999997 14.081875085830688 2
1 -1 5 696.35 549.12 -1 0 0 68 0 47351.699999999975 2537.0699999999997 13.270631074905396 2
0 -1 6 814.78 647.7800000000001 -2 6023.799999999999 8 71 749.1099999999999 69896.78000000001 2895.11 12.604625225067139 2
1 -1 6 863.37 779.21 -1 0 0 68 0 58709.19000000001 2895.11 17.61308789253235 2
0 -1 7 814.55 596.5200000000001 -2 7578.54 8 71 926.07 72989.98999999999 3374.73 5.210194826126099 2
1 -1 7 863.37 779.21 -1 0 0 68 0 58709.19000000001 3374.73 5.21852707862854 2
0 -1 8 778.8 525.17 -1 7502.04 8 71 931.3199999999999 70298.88999999997 3319.13 5.15848708152771 2
1 -1 8 725.21 596.1899999999999 -2 0 0 68 0 49314.07000000002 3319.13 4.5700743198394775 2
random:3T:300
0 -1 0 93.0 0 -20 213.18 2 82 82.85 8052.580000000003 248.54999999999998 0.5538308620452881 3
1 -1 0 99.91 0 -21 1593.1999999999998 11 94 0 12578.369999999999 0 0.5558290481567383 3
0 -1 1 82.63 0 -15 227.37 2 82 89.1 7230.070000000006 267.29999999999995 0.49478912353515625 3
1 -1 1 99.29 0 -12 1333.6299999999999 11 94 8.49 12000.560000000003 25.47 0.5044360160827637 3
0 -1 2 77.62 0 -14 152.10999999999999 2 82 59.26 6668.730000000003 177.78 8.954952001571655 3
1 -1 2 87.57 0.0 -14 900.38 11 94 0.0 10032.339999999997 0.0 10.781399965286255 3
0 -1 3 76.74 0.0 -14 50.15 2 82 0.0 6392.62 0.0 0.021628856658935547 3
1 -1 3 72.8 0.0 -23 0.0 11 94 0.0 6843.280000000002 0.0 0.01500391960144043 3
0 -1 4 82.63 0 -15 227.37 2 82 89.1 7230.070000000006 267.29999999999995 0.4797177314758301 3
1 -1 4 99.29 0 -12 1333.6299999999999 11 94 8.49 12000.560000000003 25.47 0.48050475120544434 3
0 -1 5 69.83 0 -20 67.72999999999999 2 82 5.93 5861.339999999999 17.79 6.579061031341553 3
1 -1 5 59.81 0 -27 565.02 11 94 0.0 6751.749999999999 0.0 6.3612799644470215 3
0 -1 6 92.16 0 -20 211.03000000000003 2 82 80.7 7979.4200000000055 242.10000000000002 10.497125148773193 3
1 -1 6 98.18 0 -17 1355.6899999999996 11 94 10.89 11940.399999999994 32.67 11.738010883331299 3
0 -1 7 91.75 0 -20 172.07999999999998 2 82 43.92 7867.290000000006 131.76 3.4325640201568604 3
1 -1 7 103.65 0 -15 1325.1399999999999 11 94 0 12393.600000000013 0 4.342351913452148 3
0 -1 8 77.62 0 -14 152.10999999999999 2 82 59.26 6668.730000000003 177.78 3.0582332611083984 3
1 -1 8 87.57 0.0 -14 900.38 11 94 0.0 10032.339999999997 0.0 3.8001608848571777 3
random:3T:600
0 -1 0 264.89 0 -3 476.12 2 82 233.67 22673.149999999994 701.01 1.0704538822174072 3
1 -1 0 285.6 0 -7 3812.760000000001 11 94 153.29999999999998 34472.08 459.9 1.151210069656372 3
0 -1 1 238.81 160.09999999999997 -2 360.85 2 82 174.96 20303.94999999999 684.98 15.462747812271118 3
1 -1 1 242.29 142.52000000000012 -2 2003.12 11 94 157.04 26781.229999999992 613.6400000000001 17.379819869995117 3
0 -1 2 228.71 140.90999999999997 -1 344.11 2 82 168.32 19442.519999999997 645.8699999999999 30.937472820281982 3
1 -1 2 230.09 135.78000000000017 -2 1877.9799999999998 11 94 141.25 25384.21999999999 559.5300000000002 35.741506814956665 3
0 -1 3 255.11 34.34 -1 291.49 2 82 125.19 21501.740000000013 409.90999999999997 0.017685890197753906 3
1 -1 3 251.44 0.0 -1 1566.73 11 94 103.63 26769.050000000007 310.89 0.018277883529663086 3
0 -1 4 238.81 160.09999999999997 -2 360.85 2 82 174.96 20303.94999999999 684.98 16.055992126464844 3
1 -1 4 242.29 142.52000000000012 -2 2003.12 11 94 157.04 26781.229999999992 613.6400000000001 17.234006881713867 3
0 -1 5 217.91 106.76999999999997 -1 325.36 2 82 156.47 18519.22000000001 576.18 28.000104904174805 3
1 -1 5 183.74 0.73 -1 1824.4100000000003 11 94 147.31 20920.700000000004 442.66 14.542203903198242 3
0 -1 6 252.41 129.8 -1 357.21000000000004 2 82 173.09 21412.309999999994 649.0699999999999 19.32776117324829 3
1 -1 6 251.04 129.86 -1 2008.05 11 94 157.57 27613.83999999999 602.51 21.021595001220703 3
0 -1 7 252.43 120.43 -1 367.5 2 82 183.64 21434.229999999996 671.3499999999999 5.9599480628967285 3
1 -1 7 267.59 145.53 -1 2522.83 11 94 199.95000000000002 30199.129999999997 671.3499999999999 8.061432123184204 3
0 -1 8 231.09 126.14999999999998 -1 457.67 2 82 227.0 19865.000000000004 807.15 5.343108892440796 3
1 -1 8 238.75 126.42000000000004 -2 2370.65 11 94 200.33999999999997 27183.48999999999 727.17 7.020909070968628 3
random:3T:900
0 -1 0 464.83 180.2 -1 790.3900000000001 2 82 385.58 39696.78999999998 1336.94 1.5270118713378906 3
1 -1 0 477.98 0 -4 6125.17 11 94 319.25 57180.829999999994 957.75 1.6619138717651367 3
0 -1 1 386.4 306.4900000000003 -2 676.51 2 82 326.71000000000004 33037.810000000005 1286.6200000000003 19.137269020080566 3
1 -1 1 396.85 291.81 -2 3817.52 11 94 342.35 44939.299999999996 1271.94 13.96134090423584 3
0 -1 2 376.62 279.46000000000015 -2 653.03 2 82 318.99 32188.709999999977 1236.4300000000003 30.017086029052734 3
1 -1 2 383.53 278.36000000000024 -2 3613.9400000000005 11 94 289.18 43280.13 1145.9 33.58098602294922 3
0 -1 3 431.38 182.98000000000002 -1 447.65000000000003 2 82 182.98000000000002 36268.259999999995 833.5300000000001 0.022249221801757812 3
1 -1 3 402.86 178.19 -1 2054.9500000000003 11 94 178.19 41978.59999999999 787.8599999999999 0.028416156768798828 3
0 -1 4 386.94 301.6700000000003 -2 676.5 2 82 326.7 33082.22 1281.7700000000002 18.756932973861694 3
1 -1 4 396.85 291.81 -2 3817.52 11 94 342.35 44939.299999999996 1271.9099999999999 13.351706981658936 3
0 -1 5 365.51 276.48 -2 630.14 2 82 304.86 31232.049999999992 1191.06 20.214059114456177 3
1 -1 5 323.95 220.02 -2 3221.9799999999996 11 94 287.68 36895.230000000025 1083.06 20.253373861312866 3
0 -1 6 397.73 299.32 -1 667.63 2 82 330.04 33949.409999999996 1289.44 22.1802818775177 3
1 -1 6 416.3 327.54999999999995 -2 3819.11 11 94 344.54 46770.02000000003 1289.44 28.90265393257141 3
0 -1 7 401.23 285.73 -2 857.5699999999999 2 82 424.00000000000006 34616.169999999984 1557.7300000000002 8.144011974334717 3
1 -1 7 424.87 298.68 -4 4866.83 11 94 431.83 49671.47999999997 1557.7300000000002 12.235083103179932 3
0 -1 8 369.78 247.86 -2 790.51 2 82 386.19 31903.14 1406.4299999999998 6.777340888977051 3
1 -1 8 380.33 245.44 -2 4505.25 11 94 391.19 44761.25999999997 1404.01 8.182676792144775 3
random:3T:1200
0 -1 0 669.37 314.4 -3 1132.2 2 82 560.07 57153.099999999984 1994.6100000000001 2.004093885421753 3
1 -1 0 677.42 177.17 -1 8374.660000000002 11 94 458.76 80426.47 1553.45 2.226285934448242 3
0 -1 1 503.94 404.58 -1 990.77 2 82 484.12 43304.97 1856.94 12.279597043991089 3
1 -1 1 534.14 414.96 -1 5465.799999999999 11 94 423.64 61140.62999999999 1675.5 15.763891220092773 3
0 -1 2 503.42 386.31 -1 964.4 2 82 476.78999999999996 43209.41 1816.6799999999998 26.680254220962524 3
1 -1 2 519.3 397.3800000000001 -2 5048.63 11 94 400.74 58911.079999999994 1588.53 32.369690895080566 3
0 -1 3 634.21 326.11 -1 685.89 2 82 326.11 53376.77000000004 1479.21 0.03048992156982422 3
1 -1 3 578.77 259.13 -1 3441.45 11 94 259.13 61287.32999999997 1224.1599999999999 0.0325927734375 3
0 -1 4 499.51 404.59 -1 993.27 2 82 485.94 42946.53999999998 1862.4099999999999 12.209624767303467 3
1 -1 4 534.14 414.96 -1 5465.799999999999 11 94 423.64 61140.62999999999 1675.51 17.465739011764526 3
0 -1 5 493.42 390.14 -1 935.5799999999999 2 82 459.9699999999999 42331.329999999965 1770.0499999999997 27.424896955490112 3
1 -1 5 453.67 344.4 -2 4015.6099999999997 11 94 353.89 50676.34999999997 1406.0700000000002 26.10844898223877 3
0 -1 6 539.14 438.86999999999995 -2 983.19 2 82 482.06 46175.810000000005 1885.05 30.588908910751343 3
1 -1 6 558.89 430.69 -1 5365.26 11 94 447.5799999999999 63266.23999999997 1773.4299999999998 35.51079988479614 3
0 -1 7 503.12 392.05 -2 1224.3 2 82 595.79 43704.61 2179.42 8.645530939102173 3
1 -1 7 571.09 402.96000000000004 -1 7113.429999999999 11 94 635.38 67909.49 2179.42 15.023936033248901 3
0 -1 8 493.21 380.95 -1 1181.19 2 82 583.7199999999999 42805.83000000002 2132.1099999999997 8.042149066925049 3
1 -1 8 519.86 360.7900000000001 -2 6083.74 11 94 545.51 61034.530000000006 1997.3200000000002 10.490287065505981 3
random:3T:1500
0 -1 0 872.01 403.45 -1 1479.65 2 82 703.3 74463.77000000002 2513.3499999999995 2.5151219367980957 3
1 -1 0 860.61 344.99 -1 10647.349999999999 11 94 678.25 102192.18000000005 2379.74 2.8346030712127686 3
0 -1 1 616.57 452.78000000000003 -1 1243.49 2 82 611.76 53045.460000000014 2288.06 17.170971870422363 3
1 -1 1 640.19 452.34000000000003 -1 6047.7699999999995 11 94 522.8000000000001 72273.79 2020.7400000000002 19.67353391647339 3
0 -1 2 635.59 453.28000000000003 -1 1260.6399999999999 2 82 629.92 54639.3 2343.04 34.20856714248657 3
1 -1 2 659.67 542.9300000000001 -4 6547.490000000001 11 94 565.92 75104.32000000004 2151.04 38.964168071746826 3
0 -1 3 807.59 373.45 -1 847.74 2 82 373.45 67918.12999999998 1861.6999999999998 0.03631591796875 3
1 -1 3 745.67 362.37 -1 4117.45 11 94 362.37 78328.27999999998 1775.93 0.03180813789367676 3
0 -1 4 620.06 454.72 -1 1247.4700000000003 2 82 609.8100000000001 53339.46999999996 2284.1500000000005 17.492838859558105 3
1 -1 4 635.21 457.76 -1 5948.530000000001 11 94 519.8499999999999 71607.09000000003 2014.2699999999998 19.71958875656128 3
0 -1 5 617.76 521.15 -2 1098.75 2 82 522.74 52854.01 2089.37 29.639223098754883 3
1 -1 5 582.51 439.49 -4 5715.56 11 94 507.06 66187.16000000002 1960.67 29.038928985595703 3
0 -1 6 638.45 466.24 -2 1253.4099999999999 2 82 626.3399999999999 54859.35999999998 2345.2599999999998 33.77773714065552 3
1 -1 6 651.72 461.76 -1 6574.469999999999 11 94 589.43 74410.37 2230.05 36.82945990562439 3
0 -1 7 606.1 466.26 -2 1447.45 2 82 717.99 52595.0 2620.2300000000005 9.251811981201172 3
1 -1 7 668.49 457.1 -2 8391.650000000001 11 94 705.3699999999999 79621.53999999996 2573.2099999999996 14.442486047744751 3
0 -1 8 601.2 437.41999999999996 -1 1455.7 2 82 700.3199999999999 52209.719999999994 2538.38 9.446531057357788 3
1 -1 8 647.9 458.00000000000006 -4 7879.369999999999 11 94 699.2800000000001 76661.03000000001 2535.26 12.746148109436035 3
random:4T:300
0 -1 0 91.21 0 -21 131.8 1 81 131.8 7651.769999999999 395.40000000000003 0.49739909172058105 4
1 -1 0 95.72 0 -22 1420.8600000000001 10 93 53.53 11743.779999999992 160.59 0.5799498558044434 4
0 -1 1 85.15 0 -14 81.56 1 81 81.56 7060.319999999999 244.68 0.5152876377105713 4
1 -1 1 91.99 0 -17 1423.2799999999997 10 93 136.44 11401.789999999997 244.68 0.5864620208740234 4
0 -1 2 75.63 0 -18 0.0 1 81 0.0 6126.299999999998 0.0 9.745085954666138 4
1 -1 2 80.51 0 -14 766.4199999999998 10 93 64.9 9019.959999999997 0.0 10.509712934494019 4
0 -1 3 73.35 0.0 -15 0.0 1 81 0.0 5941.330000000004 0.0 0.014008045196533203 4
1 -1 3 66.26 0.0 -23 0.0 10 93 0.0 6161.760000000001 0.0 0.0143890380859375 4
0 -1 4 85.15 0 -14 81.56 1 81 81.56 7060.319999999999 244.68 0.4770939350128174 4
1 -1 4 91.99 0 -17 1423.2799999999997 10 93 136.44 11401.789999999997 244.68 0.48773789405822754 4
0 -1 5 62.29 0 -26 15.26 1 81 15.26 5076.150000000002 45.78 5.387179136276245 4
1 -1 5 65.29 0 -33 732.6199999999999 10 93 0.0 7537.100000000001 0.0 5.534059047698975 4
0 -1 6 91.16 0 -20 131.8 1 81 131.8 7647.6799999999985 395.40000000000003 10.385111093521118 4
1 -1 6 94.88 0 -17 1254.2599999999998 10 93 53.53 11332.10999999999 160.59 11.756288051605225 4
0 -1 7 90.07 0 -20 21.34 1 81 21.34 7338.479999999998 64.02 3.4771251678466797 4
1 -1 7 92.12 0 -22 1147.1799999999998 10 93 0 10861.21999999999 0 4.074102878570557 4
0 -1 8 75.63 0 -18 0.0 1 81 0.0 6126.299999999998 0.0 3.355417013168335 4
1 -1 8 80.51 0 -14 766.4199999999998 10 93 64.9 9019.959999999997 0.0 3.8723678588867188 4
random:4T:600
0 -1 0 276.53 0 -1 270.52 1 81 270.52 22939.819999999996 811.56 1.1079087257385254 4
1 -1 0 277.25 0 -6 3554.0600000000004 10 93 269.03 32892.23999999999 807.0899999999999 1.125518798828125 4
0 -1 1 242.58 117.40000000000016 -2 173.28 1 81 173.28 19995.76 637.2400000000002 22.949753046035767 4
1 -1 1 244.48 159.91 -2 1867.8999999999999 10 93 185.48 26471.979999999992 637.2400000000002 3.7449967861175537 4
0 -1 2 222.77 113.67 -1 113.67 1 81 113.67 18271.900000000005 456.96 17.83999514579773 4
1 -1 2 224.12 144.94 -1 1721.8999999999999 10 93 169.58 24287.14000000002 456.96 21.0852689743042 4
0 -1 3 243.84 7.73 -1 124.5 1 81 124.5 19999.74 381.23 0.029253005981445312 4
1 -1 3 236.27 26.01 -1 977.7600000000001 10 93 85.65 23929.02000000001 264.68000000000006 0.021132230758666992 4
0 -1 4 242.58 117.40000000000016 -2 173.28 1 81 173.28 19995.76 637.2400000000002 22.640317916870117 4
1 -1 4 244.48 159.91 -2 1867.8999999999999 10 93 185.48 26471.979999999992 637.2400000000002 3.8731138706207275 4
0 -1 5 180.23 0.0 -1 158.55 1 81 158.55 14915.75 475.65000000000003 15.080513000488281 4
1 -1 5 175.96 0 -5 1688.7800000000002 10 93 142.36 19741.64 427.08000000000004 13.744220972061157 4
0 -1 6 257.09 136.30999999999997 -1 184.45 1 81 184.45 21193.16999999999 689.6599999999999 20.037488222122192 4
1 -1 6 250.06 102.15 -1 1830.3400000000001 10 93 167.05 26916.01 603.3000000000001 19.822982788085938 4
0 -1 7 256.88 130.85999999999999 -1 200.84 1 81 200.84 21208.709999999995 733.38 6.477328300476074 4
1 -1 7 246.12 89.04 -1 1782.98 10 93 143.38 26455.45 519.18 8.757520914077759 4
0 -1 8 222.2 98.5 -1 130.78000000000003 1 81 130.78000000000003 18259.85000000001 490.8400000000001 10.253021240234375 4
1 -1 8 235.28 139.21000000000004 -1 2359.46 10 93 232.99 26599.700000000023 490.8400000000001 9.195417881011963 4
random:4T:900
0 -1 0 481.58 174.12 -1 480.17 1 81 480.17 39968.539999999986 1614.63 1.585785150527954 4
1 -1 0 460.34 0 -1 5647.9800000000005 10 93 479.96 54107.97999999999 1439.8799999999999 1.7780702114105225 4
0 -1 1 381.12 282.1299999999999 -2 321.5 1 81 321.5 31513.390000000003 1246.6299999999999 27.23635196685791 4
1 -1 1 402.83 320.42 -2 3511.2400000000002 10 93 347.70000000000005 44485.92000000002 1246.6299999999999 12.025610208511353 4
0 -1 2 359.93 248.86 -4 304.18 1 81 304.18 29762.93 1161.4 23.62287735939026 4
1 -1 2 383.53 272.13000000000005 -1 3257.16 10 93 318.78 42182.57 1161.4 31.602687120437622 4
0 -1 3 420.48 182.82999999999998 -1 182.82999999999998 1 81 182.82999999999998 34424.3 813.37 0.02779388427734375 4
1 -1 3 401.93 174.19 -2 1768.8599999999997 10 93 174.19 40916.79000000001 787.4499999999999 0.02516484260559082 4
0 -1 4 383.21 277.5900000000001 -2 321.5 1 81 321.5 31682.699999999997 1242.0900000000001 25.46008014678955 4
1 -1 4 402.83 320.42 -2 3511.2400000000002 10 93 347.70000000000005 44485.92000000002 1242.0900000000001 11.954814910888672 4
0 -1 5 314.43 227.06 -2 309.99 1 81 309.99 26088.540000000008 1157.03 17.282954931259155 4
1 -1 5 312.76 207.59 -2 2740.04 10 93 265.97 34567.01999999998 1005.5000000000001 19.692736864089966 4
0 -1 6 416.68 337.53999999999996 -2 346.46 1 81 346.46 34443.66999999999 1376.9199999999998 25.876963138580322 4
1 -1 6 403.38 302.71 -2 3328.2199999999993 10 93 321.81 44170.43000000001 1268.14 25.38087773323059 4
0 -1 7 408.23 325.66999999999996 -4 487.58000000000004 1 81 487.58000000000004 34041.549999999996 1788.4100000000003 8.11837100982666 4
1 -1 7 411.6 269.39000000000004 -2 4134.62 10 93 406.86 46548.12999999999 1489.97 8.44352102279663 4
0 -1 8 341.35 240.86 -2 360.69000000000005 1 81 360.69000000000005 28370.35 1322.9300000000003 10.978955030441284 4
1 -1 8 383.59 249.73000000000002 -4 3967.7 10 93 373.71000000000004 43609.580000000016 1322.9300000000003 8.10357403755188 4
random:4T:1200
0 -1 0 691.91 236.35 -2 664.97 1 81 664.97 57374.539999999986 2231.26 1.8924169540405273 4
1 -1 0 657.37 0 -1 7753.44 10 93 678.0000000000001 76642.17000000001 1994.91 2.035141944885254 4
0 -1 1 502.3 412.06 -2 467.98999999999995 1 81 467.98999999999995 41622.659999999996 1816.0299999999997 24.17802906036377 4
1 -1 1 536.31 399.47999999999996 -1 4969.4 10 93 491.22999999999996 59815.33000000003 1803.4499999999998 16.926049947738647 4
0 -1 2 494.99 399.05 -2 416.13 1 81 416.13 40926.369999999995 1647.4399999999998 33.477942943573 4
1 -1 2 530.38 392.72999999999996 -1 4827.079999999999 10 93 476.99 58979.64000000005 1641.12 34.58814287185669 4
0 -1 3 612.55 313.83 -1 313.83 1 81 313.83 50243.980000000025 1399.92 0.029361963272094727 4
1 -1 3 595.09 287.27 -2 2979.8600000000006 10 93 287.27 61303.40999999999 1320.2399999999998 0.0342259407043457 4
0 -1 4 502.11 416.25 -1 468.11 1 81 468.11 41607.48999999998 1820.58 24.426142930984497 4
1 -1 4 538.05 399.47999999999996 -1 4969.419999999999 10 93 491.22999999999996 59977.19000000002 1803.81 18.99801802635193 4
0 -1 5 455.14 354.69 -1 395.54999999999995 1 81 395.54999999999995 37657.11999999999 1541.34 24.82874298095703 4
1 -1 5 443.83 322.7400000000002 -4 3634.18 10 93 344.58000000000004 48544.649999999965 1356.4800000000005 28.13228487968445 4
0 -1 6 549.51 437.1 -1 471.53 1 81 471.53 45453.41999999999 1851.69 31.849152088165283 4
1 -1 6 536.85 397.42999999999995 -1 4986.02 10 93 472.89000000000004 59899.06999999998 1812.02 33.975950956344604 4
0 -1 7 534.17 437.18 -1 679.29 1 81 679.29 44626.26999999998 2475.0499999999997 12.8397798538208 4
1 -1 7 544.27 392.51 -1 6142.259999999999 10 93 608.9 62902.02999999998 2219.21 13.40113377571106 4
0 -1 8 462.42 329.52 -4 459.9200000000002 1 81 459.9200000000002 38376.08999999998 1709.2800000000007 15.545310258865356 4
1 -1 8 535.1 386.32 -2 5912.4000000000015 10 93 588.27 61588.860000000015 1709.2800000000007 11.116164207458496 4
random:4T:1500
0 -1 0 897.03 425.6 -1 862.1300000000001 1 81 862.1300000000001 74383.31999999998 3011.9900000000002 2.641112804412842 4
1 -1 0 830.51 110.91 -1 9949.56 10 93 888.6800000000001 97136.08999999997 2697.3 2.8391149044036865 4
0 -1 1 617.4 451.54 -2 616.86 1 81 616.86 51243.50000000002 2302.12 27.093997716903687 4
1 -1 1 645.36 447.78000000000003 -1 6307.799999999999 10 93 600.62 72634.16999999995 2249.6400000000003 21.389186143875122 4
0 -1 2 612.82 456.85 -1 588.39 1 81 588.39 50814.91999999998 2222.02 41.00971007347107 4
1 -1 2 670.95 468.07 -1 6368.54 10 93 631.1800000000001 75135.67000000001 2222.02 40.77517104148865 4
0 -1 3 789.4 372.44 -1 372.44 1 81 372.44 64686.19000000001 1833.1499999999999 0.046170949935913086 4
1 -1 3 757.13 365.47999999999996 -2 3678.6399999999994 10 93 365.47999999999996 77770.53 1812.2699999999998 0.03526902198791504 4
0 -1 4 615.47 451.54 -2 617.19 1 81 617.19 51087.53999999999 2303.11 25.48379611968994 4
1 -1 4 644.5 447.78000000000003 -1 6338.640000000001 10 93 606.01 72615.83 2265.81 20.778159141540527 4
0 -1 5 575.83 431.31 -1 518.0 1 81 518.0 47678.61000000001 1985.31 28.102681875228882 4
1 -1 5 571.59 429.45000000000005 -4 5056.719999999999 10 93 502.56 63271.47000000002 1937.13 29.905079126358032 4
0 -1 6 700.66 580.0600000000001 -1 705.1200000000001 1 81 705.1200000000001 58163.52 2695.4200000000005 42.25451993942261 4
1 -1 6 664.79 462.40999999999997 -2 6126.8200000000015 10 93 599.97 74078.84000000003 2262.32 39.659411907196045 4
0 -1 7 659.82 468.45 -1 887.7999999999998 1 81 887.7999999999998 55220.84000000005 3131.8499999999995 15.489996910095215 4
1 -1 7 656.0 440.82 -1 7584.0599999999995 10 93 732.6299999999999 76176.03 2638.7099999999996 14.421712875366211 4
0 -1 8 589.95 456.84999999999997 -1 695.49 1 81 695.49 49177.04999999998 2543.32 18.545475006103516 4
1 -1 8 672.31 440.94 -1 7754.74 10 93 772.54 78034.68000000004 2527.4100000000003 13.474894046783447 4
random:5T:300
0 -1 0 90.83 0 -22 554.29 4 89 130.11 9192.380000000003 390.33000000000004 0.5655210018157959 5
1 -1 0 89.04 0 -17 1438.0299999999997 12 90 85.67 10889.519999999997 257.01 0.4845008850097656 5
0 -1 1 79.86 0 -16 390.9 4 89 58.86 7889.059999999999 176.57999999999998 0.51397705078125 5
1 -1 1 86.28 0 -17 1363.05 12 90 73.27 10491.490000000002 176.57999999999998 0.43129968643188477 5
0 -1 2 71.83 0 -17 276.67999999999995 4 89 17.59 6945.810000000001 52.769999999999996 9.767067193984985 5
1 -1 2 82.73 0 -16 1075.25 12 90 53.82 9596.189999999997 52.769999999999996 8.331693172454834 5
0 -1 3 67.45 0.0 -19 0.0 4 89 0.0 6002.910000000001 0.0 0.019928932189941406 5
1 -1 3 62.21 0.0 -21 6.94 12 90 0.0 5613.210000000004 0.0 0.011929035186767578 5
0 -1 4 79.86 0 -16 390.9 4 89 58.86 7889.059999999999 176.57999999999998 0.5057308673858643 5
1 -1 4 86.28 0 -17 1363.05 12 90 73.27 10491.490000000002 176.57999999999998 0.4303269386291504 5
0 -1 5 58.01 0 -31 85.34 4 89 0.0 5333.530000000002 0.0 5.898024320602417 5
1 -1 5 56.79 0 -28 434.22 12 90 0.0 5979.63 0.0 5.413617134094238 5
0 -1 6 90.83 0 -22 554.29 4 89 130.11 9192.380000000003 390.33000000000004 14.443888902664185 5
1 -1 6 88.93 0 -15 1309.55 12 90 85.67 10622.849999999999 257.01 9.318547010421753 5
0 -1 7 93.27 0 -24 385.49 4 89 0 9071.949999999995 0 4.738340139389038 5
1 -1 7 90.7 0 -13 1050.2999999999997 12 90 52.37 10263.890000000003 0 3.6534430980682373 5
0 -1 8 71.83 0 -17 276.67999999999995 4 89 17.59 6945.810000000001 52.769999999999996 3.384244918823242 5
1 -1 8 82.73 0 -16 1075.25 12 90 53.82 9596.189999999997 52.769999999999996 2.986666202545166 5
random:5T:600
0 -1 0 267.61 0 -4 1205.58 4 89 268.56 26228.86 805.6800000000001 1.1263179779052734 5
1 -1 0 266.65 0 -7 3998.5099999999993 12 90 236.97 31995.229999999985 710.91 1.0177080631256104 5
0 -1 1 243.02 171.51999999999998 -4 772.81 4 89 184.32 23173.960000000006 724.48 5.629218101501465 5
1 -1 1 239.28 155.32000000000002 -1 2164.82 12 90 171.44 25864.72 669.64 15.67815613746643 5
0 -1 2 219.06 121.49999999999991 -1 682.11 4 89 159.06 20860.730000000014 598.68 28.18380093574524 5
1 -1 2 223.04 133.70999999999998 -1 2100.8600000000006 12 90 167.12 24275.239999999994 598.68 15.372509241104126 5
0 -1 3 233.64 0.0 -1 477.83 4 89 93.24 21749.780000000002 279.71999999999997 0.015416860580444336 5
1 -1 3 242.52 5.2 -1 1525.31 12 90 5.2 24876.99 15.600000000000001 0.020572900772094727 5
0 -1 4 243.02 171.51999999999998 -4 772.81 4 89 184.32 23173.960000000006 724.48 5.508641719818115 5
1 -1 4 239.28 155.32000000000002 -1 2164.82 12 90 171.44 25864.72 669.64 15.19192385673523 5
0 -1 5 184.22 0 -2 585.4200000000001 4 89 106.39 17566.689999999995 319.17 16.321420192718506 5
1 -1 5 188.98 9.21 -1 1859.6299999999999 12 90 60.97 20727.530000000006 182.91 13.752223253250122 5
0 -1 6 250.78 107.68 -1 743.84 4 89 184.08 23807.30000000001 659.9200000000001 24.323139905929565 5
1 -1 6 242.22 139.24 -1 2152.9300000000003 12 90 174.2 26105.23999999998 630.28 16.15937089920044 5
0 -1 7 256.35 100.59 -1 697.74 4 89 146.59000000000003 24210.409999999993 540.3600000000001 8.244572877883911 5
1 -1 7 248.69 119.53 -1 2360.91 12 90 179.57999999999998 27104.309999999987 540.3600000000001 5.6958701610565186 5
0 -1 8 220.98 119.06999999999992 -1 778.62 4 89 179.87 21224.530000000013 658.68 8.150760889053345 5
1 -1 8 226.7 117.09 -1 2321.5699999999997 12 90 176.81 25046.339999999997 647.5200000000001 4.974090099334717 5
random:5T:900
0 -1 0 461.82 122.85 -1 2023.16 4 89 469.6700000000001 45148.450000000004 1531.8600000000001 1.684906005859375 5
1 -1 0 452.07 0 -5 6627.879999999999 12 90 397.18 53941.62999999998 1191.54 1.554372787475586 5
0 -1 1 395.86 321.65 -2 1481.75 4 89 346.52 38194.81000000003 1361.21 9.73945426940918 5
1 -1 1 412.37 317.22 -1 4189.54 12 90 335.48 45492.46 1323.66 8.223159074783325 5
0 -1 2 371.68 297.98 -4 1301.16 4 89 307.5 35681.51999999998 1220.48 27.59231209754944 5
1 -1 2 390.6 281.43000000000023 -1 3983.74 12 90 315.96 43121.71000000002 1203.9300000000003 29.547190189361572 5
0 -1 3 406.94 175.88000000000002 -1 726.8199999999999 4 89 175.88000000000002 37671.010000000024 782.3600000000001 0.024226903915405273 5
1 -1 3 392.88 156.31 -1 2200.91 12 90 156.31 39761.310000000005 723.65 0.022120952606201172 5
0 -1 4 394.34 321.65 -2 1481.42 4 89 346.52 38059.23 1361.21 9.788804769515991 5
1 -1 4 408.84 324.09000000000003 -1 4097.66 12 90 324.09000000000003 44991.19999999999 1293.92 8.248092889785767 5
0 -1 5 319.21 220.99 -2 1169.51 4 89 268.5 30748.899999999972 1026.49 21.7666118144989 5
1 -1 5 333.38 228.57 -2 3465.1899999999996 12 90 233.06 36934.560000000005 920.1700000000001 17.91258192062378 5
0 -1 6 407.24 335.55 -2 1385.9199999999998 4 89 345.5 39016.01999999998 1372.05 30.533098936080933 5
1 -1 6 411.68 317.7 -1 4042.7799999999997 12 90 331.92 45136.46999999998 1313.46 22.579017877578735 5
0 -1 7 405.8 278.93 -1 1638.8500000000001 4 89 406.31000000000023 39393.840000000004 1497.8600000000008 11.146188020706177 5
1 -1 7 412.44 269.03999999999996 -2 4845.2300000000005 12 90 399.29999999999995 46809.879999999976 1466.9399999999998 7.78489089012146 5
0 -1 8 360.99 241.76 -2 1620.1999999999998 4 89 387.44999999999993 35368.66999999999 1404.11 8.268425941467285 5
1 -1 8 391.7 246.7 -2 4840.5599999999995 12 90 399.15999999999997 44934.51000000001 1404.11 7.479416847229004 5
random:5T:1200
0 -1 0 667.28 292.91 -1 2803.5699999999997 4 89 641.27 64995.310000000005 2216.72 2.1801841259002686 5
1 -1 0 624.71 0 -5 9513.75 12 90 564.55 75251.17 1693.6499999999999 2.032627820968628 5
0 -1 1 516.19 400.98 -1 1899.9499999999998 4 89 447.61 49740.47000000002 1743.81 15.081818103790283 5
1 -1 1 555.29 408.52 -2 5804.09 12 90 463.87 61584.66999999996 1743.81 18.64958691596985 5
0 -1 2 508.93 416.43 -1 1920.4899999999998 4 89 461.40999999999997 49136.159999999996 1800.66 34.79019904136658 5
1 -1 2 545.2 417.7700000000003 -1 5779.489999999999 12 90 473.21999999999997 60627.17999999999 1800.66 34.71485495567322 5
0 -1 3 592.05 276.71000000000004 -1 1218.3799999999999 4 89 276.71000000000004 55129.02000000003 1277.9700000000003 0.0345768928527832 5
1 -1 3 579.5 189.9 -1 3727.0299999999997 12 90 189.9 59608.739999999976 1017.5400000000001 0.03865814208984375 5
0 -1 4 515.58 403.98 -1 1900.47 4 89 447.78 49687.99999999998 1747.32 15.328124046325684 5
1 -1 4 548.53 405.47 -1 5794.07 12 90 462.97 60956.10000000002 1747.32 16.548462867736816 5
0 -1 5 459.32 357.58 -2 1576.49 4 89 366.37 44032.82000000002 1456.69 30.002193212509155 5
1 -1 5 477.08 358.28 -2 4451.259999999999 12 90 360.37 51839.86999999999 1438.69 24.190639972686768 5
0 -1 6 527.73 423.88 -2 1944.74 4 89 483.05 50857.6 1873.0300000000002 36.502182960510254 5
1 -1 6 561.75 407.09999999999997 -1 5947.64 12 90 484.35999999999996 62452.87000000002 1856.25 30.26968789100647 5
0 -1 7 524.48 405.81 -1 2469.42 4 89 605.96 51617.419999999955 2223.69 13.722452163696289 5
1 -1 7 550.52 382.51 -4 7116.300000000001 12 90 575.5999999999999 63779.8 2109.3099999999995 10.179206848144531 5
0 -1 8 500.82 392.19 -2 2425.13 4 89 589.3800000000001 49423.43999999998 2160.3300000000004 11.769261121749878 5
1 -1 8 538.79 358.35 -1 6552.950000000001 12 90 536.21 61596.92999999999 1966.98 10.652504205703735 5
random:5T:1500
0 -1 0 865.42 417.48 -1 3655.91 4 89 873.8400000000001 84333.78000000004 3039.0000000000005 3.0925629138946533 5
1 -1 0 793.32 0 -1 11612.0 12 90 632.05 94622.68 1896.1499999999999 2.9619812965393066 5
0 -1 1 628.91 456.01 -1 2452.6800000000003 4 89 612.13 60878.38999999998 2292.3999999999996 23.129604816436768 5
1 -1 1 693.38 458.8500000000001 -2 7713.719999999998 12 90 626.28 77832.04000000002 2292.3999999999996 20.272205114364624 5
0 -1 2 631.74 467.46999999999997 -2 2353.68 4 89 577.49 60932.0 2199.94 42.0394070148468 5
1 -1 2 669.11 456.66 -1 7146.06 12 90 533.01 74512.03999999996 2055.69 31.830109119415283 5
0 -1 3 767.96 364.6 -1 1483.21 4 89 364.6 71315.09999999998 1797.13 0.036519765853881836 5
1 -1 3 734.85 340.9200000000001 -1 4463.49 12 90 340.9200000000001 75063.40999999995 1726.0900000000001 0.028284311294555664 5
0 -1 4 621.38 448.69000000000005 -1 2452.0299999999997 4 89 610.6 60207.19999999997 2280.4900000000002 21.926292181015015 5
1 -1 4 688.19 460.53 -1 7712.400000000001 12 90 625.4200000000001 77361.84000000001 2280.4900000000002 21.902371883392334 5
0 -1 5 585.16 412.32000000000005 -1 2029.19 4 89 473.58000000000004 56137.18000000002 1833.0600000000004 35.66406989097595 5
1 -1 5 614.29 444.3900000000001 -4 6285.42 12 90 511.5 67857.35999999996 1833.0600000000004 27.472132921218872 5
0 -1 6 649.31 477.28 -1 2571.84 4 89 641.8 62931.97 2402.68 44.467238903045654 5
1 -1 6 711.41 465.7 -1 7468.03 12 90 618.9 78962.83999999998 2322.3999999999996 35.79732608795166 5
0 -1 7 628.82 440.01 -1 2977.9399999999996 4 89 720.26 61921.22000000001 2600.79 15.34297800064087 5
1 -1 7 674.0 451.14 -1 8759.28 12 90 696.8599999999999 78178.78999999994 2530.59 11.970850229263306 5
0 -1 8 611.64 453.94 -1 2958.14 4 89 719.32 60352.56999999998 2611.9 13.018998861312866 5
1 -1 8 648.32 443.57 -2 8131.77 12 90 669.2 74612.64999999998 2451.17 11.419121980667114 5
random:6T:300
0 -1 0 93.65 0 -23 1874.3900000000003 13 96 117.21 12739.640000000003 351.63 0.4960629940032959 6
1 -1 0 86.54 0 -26 48.77 1 81 48.77 7107.3399999999965 146.31 0.5091218948364258 6
0 -1 1 90.35 0 -18 1490.0 13 96 0.0 11653.630000000005 0.0 0.46931886672973633 6
1 -1 1 87.01 0 -12 56.2 1 81 56.2 7160.469999999995 0.0 0.4529290199279785 6
0 -1 2 82.25 0 -16 1228.7199999999998 13 96 16.24 10353.37 48.72 8.584520816802979 6
1 -1 2 81.16 0 -12 79.99 1 81 79.99 6733.949999999995 48.72 8.932893991470337 6
0 -1 3 66.36 0.0 -26 0.0 13 96 0.0 6370.939999999999 0.0 0.013741731643676758 6
1 -1 3 78.21 0.0 -13 0.0 1 81 0.0 6334.610000000001 0.0 0.015342950820922852 6
0 -1 4 90.35 0 -18 1490.0 13 96 0.0 11653.630000000005 0.0 0.5166518688201904 6
1 -1 4 87.01 0 -12 56.2 1 81 56.2 7160.469999999995 0.0 0.47975993156433105 6
0 -1 5 65.06 0 -27 833.9700000000001 13 96 0.0 7913.780000000006 0.0 6.349569082260132 6
1 -1 5 70.41 0.0 -19 0.0 1 81 0.0 5703.41 0.0 6.500690221786499 6
0 -1 6 92.55 0 -24 1658.1799999999998 13 96 117.21 12200.830000000004 351.63 10.885551929473877 6
1 -1 6 85.57 0 -18 52.39 1 81 52.39 7035.939999999996 157.17000000000002 11.587464809417725 6
0 -1 7 98.53 0 -22 1552.1 13 96 66.17 12563.55000000001 198.51 4.359979867935181 6
1 -1 7 85.56 0 -18 39.98 1 81 39.98 7009.929999999995 119.94 3.929617166519165 6
0 -1 8 82.25 0 -16 1228.7199999999998 13 96 16.24 10353.37 48.72 3.284092903137207 6
1 -1 8 81.16 0 -12 79.99 1 81 79.99 6733.949999999995 48.72 3.119457960128784 6
random:6T:600
0 -1 0 263.09 0 -7 4489.64 13 96 270.33 34235.680000000015 810.99 1.1143980026245117 6
1 -1 0 274.17 0.0 -3 233.04000000000002 1 81 233.04000000000002 22673.46 699.1200000000001 1.1201488971710205 6
0 -1 1 236.43 127.87000000000005 -3 2333.96 13 96 140.92 27365.189999999984 550.63 5.617135047912598 6
1 -1 1 248.92 182.2 -1 239.17000000000002 1 81 239.17000000000002 20640.660000000007 550.63 1.9280810356140137 6
0 -1 2 224.0 96.99000000000001 -1 2290.09 13 96 158.76 26083.850000000002 573.27 23.945634126663208 6
1 -1 2 230.94 173.81 -2 174.6 1 81 174.6 19055.330000000005 573.27 17.197075843811035 6
0 -1 3 239.67 31.13 -1 1675.02 13 96 46.57 26358.119999999988 170.84 0.026269197463989258 6
1 -1 3 258.59 0.0 -1 151.93 1 81 151.93 21249.83 139.71 0.020816326141357422 6
0 -1 4 236.43 127.87000000000005 -3 2333.96 13 96 140.92 27365.189999999984 550.63 5.547005891799927 6
1 -1 4 248.92 182.2 -1 239.17000000000002 1 81 239.17000000000002 20640.660000000007 550.63 1.9320061206817627 6
0 -1 5 193.83 0.0 -1 2194.79 13 96 151.37 22997.520000000008 454.11 14.159702062606812 6
1 -1 5 212.19 98.11999999999998 -1 141.15 1 81 141.15 17469.370000000003 423.45000000000005 26.78180193901062 6
0 -1 6 244.31 127.67 -1 2385.59 13 96 181.21 28224.769999999986 671.3 19.698467016220093 6
1 -1 6 254.37 166.70000000000007 -1 166.8 1 81 166.8 20937.33 628.07 22.67412281036377 6
0 -1 7 263.37 126.18 -4 2853.4499999999994 13 96 183.6 30990.19 676.98 7.286373138427734 6
1 -1 7 255.39 163.05 -1 250.10999999999999 1 81 250.10999999999999 21186.49000000001 676.98 6.585758924484253 6
0 -1 8 224.0 96.99000000000001 -1 2290.09 13 96 158.76 26083.850000000002 573.27 8.634899139404297 6
1 -1 8 233.3 170.34 -1 273.21999999999997 1 81 273.21999999999997 19443.65000000001 573.27 5.2728283405303955 6
random:6T:900
0 -1 0 446.76 0 -3 7100.969999999999 13 96 436.88 57091.34999999998 1310.6399999999999 1.709482192993164 6
1 -1 0 483.42 192.8 -1 422.62 1 81 422.62 40002.36999999999 1267.8600000000001 1.5704917907714844 6
0 -1 1 390.93 277.2500000000001 -3 4436.889999999999 13 96 329.0 46402.88000000004 1264.25 21.077414989471436 6
1 -1 1 413.92 332.73 -1 398.12 1 81 398.12 34324.109999999986 1264.25 9.716068029403687 6
0 -1 2 383.18 272.64000000000016 -2 4317.36 13 96 308.15 45420.469999999994 1197.0900000000001 29.97816014289856 6
1 -1 2 385.71 311.0900000000001 -2 318.53999999999996 1 81 318.53999999999996 31879.33999999999 1197.0900000000001 25.422139883041382 6
0 -1 3 401.04 165.5 -1 2402.6800000000003 13 96 165.5 43304.77000000001 778.72 0.02996206283569336 6
1 -1 3 424.82 188.92 -1 188.92 1 81 188.92 34788.10999999998 744.76 0.031180620193481445 6
0 -1 4 390.93 277.2500000000001 -3 4436.889999999999 13 96 329.0 46402.88000000004 1264.25 22.533761978149414 6
1 -1 4 410.45 332.74 -1 398.3 1 81 398.3 34042.86999999999 1264.25 10.140702962875366 6
0 -1 5 335.49 219.16 -1 3824.8599999999997 13 96 285.72 39856.729999999996 1076.3200000000002 20.548794984817505 6
1 -1 5 360.26 278.4 -1 279.52 1 81 279.52 29740.5 1057.72 22.657958030700684 6
0 -1 6 412.74 338.37 -1 4486.290000000002 13 96 340.88 48595.44999999998 1361.01 29.0266010761261 6
1 -1 6 420.66 356.02 -1 393.6 1 81 393.6 34861.01000000001 1361.01 29.734411001205444 6
0 -1 7 426.99 298.55 -1 5178.12 13 96 384.66999999999996 51347.32000000002 1452.5599999999997 9.860520839691162 6
1 -1 7 406.39 334.37 -4 511.38000000000005 1 81 511.38000000000005 33940.600000000006 1452.5599999999997 9.775243997573853 6
0 -1 8 378.21 237.48999999999998 -4 5016.0199999999995 13 96 378.96999999999997 46340.54999999999 1374.3999999999999 8.516866207122803 6
1 -1 8 375.8 281.44000000000005 -2 424.26 1 81 424.26 31288.15 1374.3999999999999 7.881765127182007 6
random:6T:1200
0 -1 0 626.7 0 -2 9918.499999999998 13 96 498.02 79999.92999999996 1494.06 2.370659828186035 6
1 -1 0 694.96 331.28 -1 599.99 1 81 599.99 57491.87999999999 1494.06 2.1619999408721924 6
0 -1 1 533.21 393.43 -1 6391.8099999999995 13 96 424.94 63971.499999999985 1668.25 16.42476201057434 6
1 -1 1 536.0 418.29999999999995 -1 541.56 1 81 541.56 44499.15 1668.25 15.587476015090942 6
0 -1 2 529.75 395.27000000000004 -4 6218.780000000001 13 96 463.49999999999994 63293.61 1785.7699999999998 32.4688777923584 6
1 -1 2 519.11 448.51 -2 478.34 1 81 478.34 43004.53 1785.7699999999998 32.53380513191223 6
0 -1 3 598.07 261.72 -1 4278.33 13 96 261.72 65971.50999999998 1282.95 0.04002189636230469 6
1 -1 3 604.51 326.01 -1 326.01 1 81 326.01 49617.02999999997 1228.21 0.04058384895324707 6
0 -1 4 532.35 397.87 -1 6391.8099999999995 13 96 424.94 63888.78999999998 1672.69 17.02779507637024 6
1 -1 4 534.88 414.74 -1 541.5600000000001 1 81 541.5600000000001 44408.100000000006 1672.69 17.489411115646362 6
0 -1 5 465.37 344.74 -2 4711.48 13 96 344.74 54098.77000000002 1379.96 25.442013025283813 6
1 -1 5 490.69 401.56 -4 436.31000000000006 1 81 436.31000000000006 40618.28 1379.96 26.538945198059082 6
0 -1 6 552.96 411.40000000000003 -1 6499.9800000000005 13 96 494.53 66084.24999999999 1894.99 35.272844076156616 6
1 -1 6 543.61 417.29 -2 533.97 1 81 533.97 45099.970000000016 1894.99 34.42972373962402 6
0 -1 7 570.82 414.72 -1 7996.359999999999 13 96 606.11 70791.82999999997 2233.05 11.835092067718506 6
1 -1 7 521.43 417.39000000000004 -2 641.98 1 81 641.98 43519.74999999998 2233.05 10.579290866851807 6
0 -1 8 527.14 362.98 -2 7065.6900000000005 13 96 535.98 64736.970000000016 1970.92 10.486267805099487 6
1 -1 8 513.93 424.24 -2 639.6599999999997 1 81 639.6599999999997 42908.05 1970.92 10.614258289337158 6
random:6T:1500
0 -1 0 786.22 0 -1 12848.1 13 96 648.98 101172.85 1946.94 2.8972198963165283 6
1 -1 0 905.47 407.23 -1 802.86 1 81 802.86 74948.92 1946.94 2.611804962158203 6
0 -1 1 631.95 441.32 -1 6877.15 13 96 520.51 74421.48 2002.85 18.159914016723633 6
1 -1 1 641.4 458.71 -1 655.49 1 81 655.49 53264.130000000005 2002.85 19.07661509513855 6
0 -1 2 649.27 453.64 -1 7005.900000000001 13 96 520.78 76341.70999999998 2015.98 37.71788191795349 6
1 -1 2 653.74 583.1700000000001 -2 634.29 1 81 634.29 54221.76999999999 2015.98 36.0683970451355 6
0 -1 3 757.95 359.12 -1 5109.09 13 96 359.12 82981.06000000006 1816.43 0.04757571220397949 6
1 -1 3 786.42 377.22999999999996 -1 377.22999999999996 1 81 377.22999999999996 64454.39999999999 1760.8200000000002 0.04147696495056152 6
0 -1 4 634.81 451.52 -1 6859.64 13 96 518.33 74661.23 2006.5100000000002 19.39029288291931 6
1 -1 4 645.49 458.71 -1 656.3500000000001 1 81 656.3500000000001 53597.189999999995 2006.5100000000002 20.23244595527649 6
0 -1 5 600.17 440.19 -4 6757.210000000001 13 96 510.68 71130.60000000003 1972.23 31.80813717842102 6
1 -1 5 610.37 533.64 -4 591.6500000000001 1 81 591.6500000000001 50623.34000000003 1972.23 31.42444372177124 6
0 -1 6 679.96 462.86 -2 8155.839999999999 13 96 617.26 81587.64999999997 2314.64 39.2460720539093 6
1 -1 6 657.25 476.90999999999997 -1 612.76 1 81 612.76 54462.68000000001 2301.14 35.05927491188049 6
0 -1 7 671.18 443.42 -1 9717.39 13 96 709.2 83868.1 2571.0200000000004 12.825692176818848 6
1 -1 7 650.38 491.07 -1 904.67 1 81 904.67 54490.35999999999 2571.0200000000004 13.297646760940552 6
0 -1 8 656.05 452.28000000000003 -1 8877.63 13 96 674.3499999999999 80736.15000000001 2475.33 11.64458417892456 6
1 -1 8 630.24 531.39 -4 804.0199999999996 1 81 804.0199999999996 52657.079999999965 2475.33 13.515674829483032 6
random:7T:300
0 -1 0 96.49 0 -21 1629.3200000000004 11 94 116.16 12328.73 348.48 0.5563602447509766 7
1 -1 0 93.04 0 -26 129.43 1 81 129.43 7795.479999999999 348.48 0.5469138622283936 7
0 -1 1 95.58 0 -13 1389.04 11 94 118.31 11762.160000000007 354.93 0.4867250919342041 7
1 -1 1 97.71 0.0 -10 126.24 1 81 126.24 8167.060000000001 354.93 0.49534106254577637 7
0 -1 2 91.32 0 -12 1316.45 11 94 110.99 11217.370000000003 332.96999999999997 10.846417903900146 7
1 -1 2 85.4 0.0 -10 126.24 1 81 126.24 7170.119999999999 332.96999999999997 11.796613931655884 7
0 -1 3 69.11 0.0 -23 0.0 11 94 0.0 6496.220000000003 0.0 0.019961118698120117 7
1 -1 3 73.05 0.0 -16 0.0 1 81 0.0 5916.990000000002 0.0 0.019915103912353516 7
0 -1 4 95.58 0 -13 1389.04 11 94 118.31 11762.160000000007 354.93 0.5418150424957275 7
1 -1 4 97.71 0.0 -10 126.24 1 81 126.24 8167.060000000001 354.93 0.5074210166931152 7
0 -1 5 68.44 0 -22 782.8199999999999 11 94 23.85 7999.4500000000035 71.55000000000001 7.834313154220581 7
1 -1 5 75.92 0 -20 86.53 1 81 86.53 6322.870000000002 71.55000000000001 7.541813135147095 7
0 -1 6 94.2 0 -27 1378.3600000000004 11 94 116.16 11611.8 348.48 11.239172220230103 7
1 -1 6 91.96 0 -19 129.43 1 81 129.43 7707.94 348.48 11.916685104370117 7
0 -1 7 98.2 0 -23 1332.4 11 94 113.11 11895.35 339.33 4.284326076507568 7
1 -1 7 98.24 0 -18 127.2 1 81 127.2 8212.019999999997 339.33 4.17202091217041 7
0 -1 8 91.32 0 -12 1316.45 11 94 110.99 11217.370000000003 332.96999999999997 3.8119871616363525 7
1 -1 8 85.4 0.0 -10 126.24 1 81 126.24 7170.119999999999 332.96999999999997 3.8171329498291016 7
random:7T:600
0 -1 0 274.95 0 -1 3932.91 11 94 275.15 33710.77000000002 825.4499999999999 1.1764700412750244 7
1 -1 0 292.43 0 -3 281.18 1 81 281.18 24249.280000000017 825.4499999999999 1.089108943939209 7
0 -1 1 252.62 150.61000000000007 -2 2015.43 11 94 181.45 27776.999999999985 694.96 13.618541955947876 7
1 -1 1 269.16 201.18 -2 280.75 1 81 280.75 22363.119999999984 694.96 3.921518087387085 7
0 -1 2 248.7 188.95999999999998 -1 2490.1299999999997 11 94 216.58999999999997 28358.11000000001 838.73 20.884212017059326 7
1 -1 2 248.48 192.42 -2 244.82999999999998 1 81 244.82999999999998 20616.270000000004 838.73 19.419535875320435 7
0 -1 3 245.48 36.33 -1 1508.3799999999999 11 94 129.39 26091.829999999984 424.49999999999994 0.019392013549804688 7
1 -1 3 233.62 0.0 -2 86.72 1 81 86.72 19097.030000000006 260.15999999999997 0.026388883590698242 7
0 -1 4 252.62 150.61000000000007 -2 2015.43 11 94 181.45 27776.999999999985 694.96 12.496125936508179 7
1 -1 4 269.16 201.18 -2 280.75 1 81 280.75 22363.119999999984 694.96 4.004051208496094 7
0 -1 5 207.1 33.41000000000001 -1 1880.7000000000003 11 94 160.45999999999998 23228.770000000004 514.79 20.274661779403687 7
1 -1 5 222.59 79.83000000000001 -1 174.39 1 81 174.39 18378.470000000012 514.79 26.48177409172058 7
0 -1 6 255.95 148.41000000000003 -1 2013.09 11 94 180.97 28085.400000000012 691.3199999999999 28.890753030776978 7
1 -1 6 266.18 152.21 -1 183.92 1 81 183.92 21928.170000000002 691.3199999999999 26.620736837387085 7
0 -1 7 274.83 161.21 -1 2693.93 11 94 241.45999999999995 31222.100000000017 885.5899999999999 9.142124652862549 7
1 -1 7 273.54 162.30000000000004 -1 260.88 1 81 260.88 22678.690000000002 885.5899999999999 7.865038871765137 7
0 -1 8 257.77 182.78 -1 3008.2700000000004 11 94 268.88 30247.010000000017 989.42 7.72186803817749 7
1 -1 8 250.29 192.42 -2 305.93 1 81 305.93 20885.579999999994 989.42 6.80759596824646 7
random:7T:900
0 -1 0 468.29 0 -1 6396.3 11 94 479.2 56811.46000000002 1437.6 1.8484296798706055 7
1 -1 0 499.63 124.45 -2 489.39 1 81 489.39 41448.950000000004 1437.6 1.6881999969482422 7
0 -1 1 408.76 309.7600000000003 -2 3786.25 11 94 339.34000000000003 45995.51999999999 1327.7800000000004 22.44373893737793 7
1 -1 1 417.83 360.06 -1 437.75 1 81 437.75 34720.02000000001 1327.7800000000004 11.280083894729614 7
0 -1 2 402.1 333.13 -2 3737.58 11 94 333.21000000000004 45272.80999999998 1332.7600000000002 27.24148201942444 7
1 -1 2 400.89 334.19 -2 339.28999999999996 1 81 339.28999999999996 33150.28 1332.7600000000002 28.842745780944824 7
0 -1 3 408.63 183.91 -2 2045.63 11 94 183.91 42502.459999999985 837.8 0.032514095306396484 7
1 -1 3 416.21 174.42999999999998 -1 174.42999999999998 1 81 174.42999999999998 34062.2 760.46 0.029588937759399414 7
0 -1 4 408.76 309.7600000000003 -2 3786.25 11 94 339.34000000000003 45995.51999999999 1327.7800000000004 23.830668687820435 7
1 -1 4 417.87 360.06 -1 437.75 1 81 437.75 34722.86000000001 1327.7800000000004 11.411002159118652 7
0 -1 5 361.15 247.6 -3 3545.19 11 94 315.5 41038.409999999996 1194.1 24.993921041488647 7
1 -1 5 370.98 313.88 -1 332.05 1 81 332.05 30713.09 1194.1 28.54275393486023 7
0 -1 6 422.42 341.61 -1 3776.53 11 94 341.61 47260.30999999999 1367.08 32.78835487365723 7
1 -1 6 413.15 345.71 -1 346.39 1 81 346.39 34157.94999999999 1367.08 32.09354591369629 7
0 -1 7 445.89 333.77 -1 5540.730000000001 11 94 498.16999999999996 52995.22 1828.2799999999997 12.722189903259277 7
1 -1 7 430.66 348.06 -2 519.24 1 81 519.24 35921.77 1828.2799999999997 10.983902931213379 7
0 -1 8 399.87 260.09 -3 4652.349999999999 11 94 403.75 46892.75 1471.34 10.24635624885559 7
1 -1 8 397.38 309.75 -2 472.81 1 81 472.81 33133.74 1471.34 8.536702156066895 7
random:7T:1200
0 -1 0 656.0 45.69 -1 8536.89 11 94 662.95 78737.35000000002 2034.5400000000002 2.69018292427063 7
1 -1 0 706.93 203.58 -2 659.41 1 81 659.41 58580.05 2023.92 2.3947031497955322 7
0 -1 1 535.78 415.42 -1 5430.360000000001 11 94 487.21000000000004 61223.840000000026 1877.0500000000002 16.014476776123047 7
1 -1 1 541.6 425.46999999999997 -1 558.1099999999999 1 81 558.1099999999999 44986.04000000001 1877.0500000000002 22.60956621170044 7
0 -1 2 538.19 412.44 -1 5423.52 11 94 478.79999999999995 61437.05000000001 1848.84 34.42390823364258 7
1 -1 2 533.47 421.41 -1 494.4 1 81 494.4 44199.48999999998 1848.84 34.15313673019409 7
0 -1 3 608.3 330.94 -2 3707.8199999999997 11 94 330.94 64595.52 1497.81 0.032829999923706055 7
1 -1 3 573.15 224.07 -1 224.07 1 81 224.07 46873.420000000006 1107.0500000000002 0.03451871871948242 7
0 -1 4 534.65 415.42 -1 5430.36 11 94 487.21999999999997 61117.61000000002 1877.08 15.611966133117676 7
1 -1 4 530.91 425.46999999999997 -1 554.05 1 81 554.05 44111.950000000004 1877.08 18.805646657943726 7
0 -1 5 505.12 375.83000000000004 -1 5245.710000000001 11 94 469.89 57973.02 1785.5 28.298387050628662 7
1 -1 5 500.35 385.55 -1 473.64 1 81 473.64 41475.37000000002 1785.5 26.619956016540527 7
0 -1 6 557.46 421.44 -1 5276.8099999999995 11 94 473.35 62954.98 1841.4900000000002 32.68880009651184 7
1 -1 6 529.29 409.68 -1 455.68 1 81 455.68 43783.820000000014 1776.72 30.1097149848938 7
0 -1 7 568.43 411.56 -3 7276.67 11 94 621.0600000000001 67986.08000000006 2274.7400000000002 11.300709962844849 7
1 -1 7 556.07 422.09 -1 720.8200000000003 1 81 720.8200000000003 46483.45000000004 2274.7400000000002 12.06804609298706 7
0 -1 8 569.83 412.43 -1 7339.6900000000005 11 94 662.5 68243.00999999995 2399.93 11.634033918380737 7
1 -1 8 529.35 443.29999999999995 -2 680.7699999999999 1 81 680.7699999999999 44239.01000000002 2399.93 10.462664127349854 7
random:7T:1500
0 -1 0 838.42 250.6 -1 11300.390000000001 11 94 882.4699999999999 101412.06000000003 2898.0099999999998 2.943957805633545 7
1 -1 0 911.03 246.98 -2 868.1099999999999 1 81 868.1099999999999 75529.53000000001 2851.31 2.5662200450897217 7
0 -1 1 651.29 456.12 -2 6767.820000000001 11 94 612.85 74757.21 2294.67 19.085488080978394 7
1 -1 1 663.88 493.33 -1 680.88 1 81 680.88 55135.729999999974 2294.67 21.547500133514404 7
0 -1 2 684.3 507.96 -2 7008.3099999999995 11 94 631.5699999999999 78340.67000000003 2402.6699999999996 37.723352909088135 7
1 -1 2 652.36 468.81 -1 652.0799999999999 1 81 652.0799999999999 54145.15000000003 2363.52 33.08438301086426 7
0 -1 3 770.52 374.98999999999995 -2 4365.91 11 94 374.98999999999995 81160.73999999998 1868.4499999999998 0.03751492500305176 7
1 -1 3 770.52 354.96999999999997 -1 354.96999999999997 1 81 354.96999999999997 63122.40000000001 1731.9099999999999 0.03267097473144531 7
0 -1 4 645.74 453.38 -1 6742.159999999999 11 94 610.27 74183.40999999996 2284.19 17.92998456954956 7
1 -1 4 657.07 468.81 -1 680.8 1 81 680.8 54584.07 2284.19 22.454540967941284 7
0 -1 5 634.18 468.34999999999997 -1 6079.65 11 94 519.0400000000001 71772.24999999997 2025.4700000000003 31.39993405342102 7
1 -1 5 614.35 466.65 -1 590.13 1 81 590.13 50942.28999999998 2023.7700000000004 27.790560007095337 7
0 -1 6 708.62 471.42 -2 7066.730000000001 11 94 637.47 80744.00000000001 2383.83 36.95685887336731 7
1 -1 6 674.55 526.39 -1 622.14 1 81 622.14 55883.19 2337.84 31.844369888305664 7
0 -1 7 733.23 457.91999999999996 -1 9280.0 11 94 822.2900000000001 87483.31 2924.7900000000004 12.552268028259277 7
1 -1 7 653.45 467.23 -2 924.7500000000001 1 81 924.7500000000001 54779.16000000001 2924.7900000000004 11.518436193466187 7
0 -1 8 698.15 451.74 -1 9062.42 11 94 811.38 83751.20000000003 2885.88 11.208684921264648 7
1 -1 8 652.82 462.69 -1 887.3099999999998 1 81 887.3099999999998 54652.910000000025 2885.88 11.054701805114746 7
random:8T:300
0 -1 0 88.29 0 -26 264.33 2 82 127.88 7768.720000000003 383.64 0.5664691925048828 8
1 -1 0 93.08 0 -40 1964.3200000000002 10 93 180.48000000000002 12584.940000000004 383.64 0.6179828643798828 8
0 -1 1 80.54 0 -15 25.42 2 82 0.0 6654.840000000005 0.0 0.43157219886779785 8
1 -1 1 95.06 0 -13 1341.6400000000003 10 93 128.66 11523.940000000004 0.0 0.44679999351501465 8
0 -1 2 75.58 0 -15 19.96 2 82 0.0 6237.530000000003 0.0 9.308347225189209 8
1 -1 2 84.96 0 -14 677.28 10 93 56.63 9255.96 0.0 11.338876962661743 8
0 -1 3 76.12 0.0 -15 0.0 2 82 0.0 6242.17 0.0 0.027581214904785156 8
1 -1 3 74.53 0.0 -22 0.0 10 93 0.0 6931.280000000002 0.0 0.01397085189819336 8
0 -1 4 80.54 0 -15 25.42 2 82 0.0 6654.840000000005 0.0 0.5434658527374268 8
1 -1 4 95.06 0 -13 1341.6400000000003 10 93 128.66 11523.940000000004 0.0 0.5899350643157959 8
0 -1 5 70.41 0 -19 74.01 2 82 0.0 5921.240000000001 0.0 7.49146294593811 8
1 -1 5 71.42 0 -26 677.76 10 93 7.24 7997.770000000001 0.0 7.188194036483765 8
0 -1 6 87.4 0 -20 261.01 2 82 127.88 7688.630000000003 383.64 11.2617027759552 8
1 -1 6 92.3 0 -16 1458.3199999999997 10 93 141.27 11500.350000000004 383.64 12.546658039093018 8
0 -1 7 89.2 0 -23 0.0 2 82 0.0 7314.340000000006 0.0 3.7599008083343506 8
1 -1 7 101.12 0 -19 842.72 10 93 0 11089.760000000004 0.0 5.030170202255249 8
0 -1 8 75.58 0 -15 19.96 2 82 0.0 6237.530000000003 0.0 3.4282498359680176 8
1 -1 8 84.96 0 -14 677.28 10 93 56.63 9255.96 0.0 3.8381879329681396 8
random:8T:600
0 -1 0 250.68 0 -5 572.0799999999999 2 82 284.39 21700.00000000001 853.17 1.0927298069000244 8
1 -1 0 257.67 0 -6 3711.5199999999995 10 93 352.87999999999994 31386.320000000018 853.17 1.2301359176635742 8
0 -1 1 243.25 167.74999999999983 -3 381.57000000000005 2 82 174.97000000000003 20709.37999999999 692.6599999999999 11.778402090072632 8
1 -1 1 243.52 173.82 -4 1849.7399999999998 10 93 183.75 26346.51 692.6599999999999 2.6913368701934814 8
0 -1 2 225.64 138.5200000000001 -2 318.65 2 82 159.06 19139.94999999999 615.7 26.079426765441895 8
1 -1 2 228.24 152.48 -1 1702.08 10 93 167.74 24630.249999999993 615.7 18.518372058868408 8
0 -1 3 253.78 34.34 -1 182.64 2 82 85.53 21175.190000000006 290.93000000000006 0.028689861297607422 8
1 -1 3 248.36 0.0 -1 1064.64 10 93 96.2 25227.030000000006 256.59000000000003 0.023684024810791016 8
0 -1 4 243.25 167.74999999999983 -3 381.57000000000005 2 82 174.97000000000003 20709.37999999999 692.6599999999999 12.966384172439575 8
1 -1 4 243.52 173.82 -4 1849.7399999999998 10 93 183.75 26346.51 692.6599999999999 2.737945795059204 8
0 -1 5 216.49 108.05999999999996 -1 298.69 2 82 127.09 18349.569999999996 489.3299999999999 31.7138729095459 8
1 -1 5 198.9 25.51 -1 1702.18 10 93 156.76 21901.810000000027 406.78 17.480180978775024 8
0 -1 6 243.97 136.2 -1 368.33000000000004 2 82 183.58 20742.03999999999 686.94 12.759620904922485 8
1 -1 6 244.99 140.95 -1 1875.6999999999996 10 93 186.56 26535.06 686.94 14.946083068847656 8
0 -1 7 254.33 127.57 -1 382.56 2 82 189.82999999999998 21619.889999999992 697.06 4.236608982086182 8
1 -1 7 273.53 140.98000000000002 -1 2425.76 10 93 212.88000000000002 30289.64000000001 697.06 5.707201957702637 8
0 -1 8 226.88 125.47999999999999 -2 393.55999999999995 2 82 181.41999999999996 19390.87999999999 669.7399999999999 5.292779922485352 8
1 -1 8 237.7 144.34000000000003 -1 2292.7 10 93 226.86 26691.6 669.7399999999999 5.192058086395264 8
random:8T:900
0 -1 0 449.61 49.84 -1 911.1599999999999 2 82 449.66999999999996 38690.20000000002 1398.8499999999997 1.079690933227539 8
1 -1 0 453.65 0 -3 6112.02 10 93 585.83 54413.58000000001 1349.0099999999998 1.2604799270629883 8
0 -1 1 395.54 319.86 -1 735.42 2 82 349.93999999999994 33905.33 1369.6799999999998 11.40165400505066 8
1 -1 1 410.45 320.55 -1 3463.2400000000007 10 93 342.22 45098.51000000002 1346.52 6.955743312835693 8
0 -1 2 377.4 284.52000000000004 -2 618.55 2 82 305.75 32183.609999999993 1201.77 18.48499894142151 8
1 -1 2 382.61 267.43000000000006 -2 3235.2999999999997 10 93 317.37 42053.67 1184.68 19.22818422317505 8
0 -1 3 430.2 174.16 -1 350.9 2 82 174.16 35978.00999999999 807.07 0.020479917526245117 8
1 -1 3 404.81 176.54000000000002 -2 1788.1999999999998 10 93 176.54000000000002 41223.99 775.77 0.01930403709411621 8
0 -1 4 395.8 312.15 -1 735.52 2 82 351.52 33926.27999999999 1366.71 19.6251859664917 8
1 -1 4 408.43 325.88000000000005 -1 3463.26 10 93 342.22 44910.77000000003 1338.81 8.243204116821289 8
0 -1 5 364.84 273.19 -2 623.5 2 82 295.40999999999997 31163.680000000004 1159.4199999999998 16.23431086540222 8
1 -1 5 329.89 216.76 -2 2912.9199999999996 10 93 262.26 36505.95999999998 1003.54 14.596094131469727 8
0 -1 6 398.47 313.41999999999996 -2 692.28 2 82 345.49 34058.71 1349.8899999999999 19.769543170928955 8
1 -1 6 423.76 350.92999999999995 -2 3527.9399999999996 10 93 350.92999999999995 46465.18999999999 1349.8899999999999 24.09356999397278 8
0 -1 7 393.78 279.42 -2 842.47 2 82 417.75 33975.25999999999 1532.67 6.22175669670105 8
1 -1 7 433.99 310.71000000000004 -2 4711.98 10 93 468.09000000000003 49785.399999999994 1532.67 8.615670919418335 8
0 -1 8 363.52 246.33 -2 789.6800000000001 2 82 393.8800000000001 31388.200000000008 1427.9700000000003 7.009489059448242 8
1 -1 8 384.14 247.68 -4 3898.0199999999995 10 93 373.31 43520.86 1366.26 6.566201686859131 8
random:8T:1200
0 -1 0 653.06 252.87 -1 1296.61 2 82 627.06 56144.460000000014 2134.0499999999997 1.665696144104004 8
1 -1 0 632.95 0 -2 8275.84 10 93 793.01 75416.33 1881.1799999999998 1.8285491466522217 8
0 -1 1 517.21 411.39 -1 915.4000000000001 2 82 453.65000000000003 44241.83000000001 1772.3400000000001 10.91730809211731 8
1 -1 1 545.35 405.45 -1 4884.6 10 93 480.81 60487.060000000056 1766.4 13.263293743133545 8
0 -1 2 508.59 413.15999999999997 -1 951.34 2 82 462.61 43607.46000000002 1800.9899999999998 23.121265172958374 8
1 -1 2 539.18 407.16 -1 4793.12 10 93 474.42 59729.81 1794.99 28.428430795669556 8
0 -1 3 633.12 293.63 -1 596.74 2 82 293.63 53109.32000000002 1381.77 0.02767205238342285 8
1 -1 3 575.21 248.85 -2 2630.62 10 93 248.85 58756.18999999997 1193.32 0.023681163787841797 8
0 -1 4 512.21 396.75 -1 922.98 2 82 449.38 43847.14000000002 1744.8899999999999 12.434562921524048 8
1 -1 4 540.88 405.45 -1 4876.259999999999 10 93 479.86 60054.709999999985 1744.8899999999999 13.283087968826294 8
0 -1 5 494.68 396.01 -2 893.43 2 82 417.35 42350.869999999995 1648.0600000000002 19.244259119033813 8
1 -1 5 470.12 362.92999999999995 -2 3784.2999999999997 10 93 364.1 51289.77000000001 1455.23 20.811013221740723 8
0 -1 6 540.82 420.77000000000004 -1 980.52 2 82 488.78000000000003 46308.58 1887.1100000000001 24.746490716934204 8
1 -1 6 561.05 420.98 -2 4912.42 10 93 488.65999999999997 62002.74999999999 1886.75 28.917136907577515 8
0 -1 7 520.85 397.39000000000004 -1 1271.81 2 82 632.26 45252.960000000014 2294.17 8.082698822021484 8
1 -1 7 572.78 396.57 -2 6686.14 10 93 657.8800000000001 66641.18000000002 2293.35 11.014431953430176 8
0 -1 8 499.04 386.31 -2 1200.32 2 82 599.2299999999999 43321.70000000001 2183.9999999999995 9.333890914916992 8
1 -1 8 543.68 392.87 -4 6031.42 10 93 593.91 62625.08 2168.04 8.711166858673096 8
random:8T:1500
0 -1 0 862.04 364.23 -1 1690.68 2 82 819.3000000000001 74068.25000000004 2822.13 2.031808853149414 8
1 -1 0 812.48 0 -2 10553.279999999999 10 93 1006.7300000000001 96667.62 2457.9 2.242716073989868 8
0 -1 1 620.08 451.17999999999995 -1 1218.9899999999998 2 82 594.68 53284.69000000002 2235.22 14.523441791534424 8
1 -1 1 659.54 450.77 -1 6402.04 10 93 633.4 74141.51000000005 2234.81 15.91338300704956 8
0 -1 2 640.89 470.35 -1 1195.33 2 82 578.78 54943.90000000002 2206.69 30.041388988494873 8
1 -1 2 667.25 550.25 -2 6329.799999999999 10 93 628.81 74713.67 2206.69 26.833534955978394 8
0 -1 3 806.21 366.21 -1 734.53 2 82 366.21 67578.49999999997 1839.9799999999998 0.027617931365966797 8
1 -1 3 748.59 360.09000000000003 -2 3632.4800000000005 10 93 360.09000000000003 76883.71999999999 1769.09 0.023900270462036133 8
0 -1 4 631.07 459.71000000000004 -1 1218.87 2 82 587.71 54185.59000000003 2222.84 15.749958992004395 8
1 -1 4 645.16 447.90999999999997 -1 6149.879999999999 10 93 595.96 72299.56000000006 2211.04 14.871031045913696 8
0 -1 5 618.82 528.83 -4 1145.39 2 82 572.69 53033.98 2246.9 22.89857792854309 8
1 -1 5 598.24 458.97000000000014 -4 5260.180000000001 10 93 512.01 66156.77 1995.0 22.292408227920532 8
0 -1 6 649.94 470.88 -2 1274.01 2 82 636.48 55842.84999999999 2380.32 25.580861806869507 8
1 -1 6 678.94 476.96999999999997 -1 6313.960000000001 10 93 629.18 75769.00000000003 2358.42 30.030699014663696 8
0 -1 7 634.03 458.76 -1 1662.5 2 82 828.8299999999999 55315.19999999999 2945.25 9.382203817367554 8
1 -1 7 679.64 443.03999999999996 -2 8128.04 10 93 793.3599999999999 79462.25 2823.12 11.524613857269287 8
0 -1 8 626.73 452.15 -1 1614.68 2 82 807.2200000000001 54620.840000000004 2873.8100000000004 11.489522933959961 8
1 -1 8 643.08 450.15999999999997 -4 6936.82 10 93 675.34 73679.79999999996 2476.18 9.486528635025024 8
random:9T:300
0 -1 0 105.87 0 -16 2116.75 14 99 44.59 14714.83 133.77 0.504162073135376 9
1 -1 0 102.37 0 -4 302.90999999999997 3 81 85.68 8897.490000000003 133.77 0.3813908100128174 9
0 -1 1 102.23 0.0 -6 1420.9799999999998 14 99 0.0 12962.8 0.0 0.3864271640777588 9
1 -1 1 94.93 0.0 -8 254.78 3 81 57.84 8198.93 0.0 0.3451998233795166 9
0 -1 2 88.16 0.0 -10 761.1999999999999 14 99 0.0 10250.029999999997 0.0 6.348944902420044 9
1 -1 2 87.64 0.0 -7 114.2 3 81 0.0 7327.060000000002 0.0 5.299289703369141 9
0 -1 3 89.33 0.0 -22 80.44 14 99 0.0 9004.140000000001 0.0 0.01910400390625 9
1 -1 3 94.37 0.0 -11 129.95 3 81 0.0 7904.160000000002 0.0 0.01635885238647461 9
0 -1 4 102.23 0.0 -6 1420.9799999999998 14 99 0.0 12962.8 0.0 0.3859999179840088 9
1 -1 4 94.93 0.0 -8 254.78 3 81 57.84 8198.93 0.0 0.322711706161499 9
0 -1 5 83.7 0.0 -13 638.11 14 99 0.0 9562.8 0.0 5.590987920761108 9
1 -1 5 77.62 0.0 -13 41.53 3 81 0.0 6370.409999999997 0.0 3.464473009109497 9
0 -1 6 104.09 0.0 -16 1790.7 14 99 64.92 13885.830000000004 194.76 7.173172950744629 9
1 -1 6 102.36 0.0 -3 302.90999999999997 3 81 85.68 8897.240000000003 194.76 6.3353869915008545 9
0 -1 7 104.11 0.0 -8 1538.1999999999998 14 99 0.0 13383.730000000001 0.0 2.725839853286743 9
1 -1 7 102.66 0.0 -4 199.37 3 81 0.0 8713.930000000002 0.0 2.2435929775238037 9
0 -1 8 88.16 0.0 -10 761.1999999999999 14 99 0.0 10250.029999999997 0.0 2.2079737186431885 9
1 -1 8 87.64 0.0 -7 114.2 3 81 0.0 7327.060000000002 0.0 1.7094547748565674 9
random:9T:600
0 -1 0 286.4 0 -1 4698.169999999999 14 99 165.06 37750.219999999994 495.18 1.032944917678833 9
1 -1 0 297.02 0 -1 869.0999999999999 3 81 276.35 25796.53999999999 495.18 0.7850868701934814 9
0 -1 1 258.87 183.10999999999996 -3 2967.7399999999993 14 99 186.68 31564.02999999999 743.1499999999999 5.311347961425781 9
1 -1 1 240.34 166.96000000000004 -3 522.0899999999999 3 81 168.01 20511.34999999999 670.99 19.75142002105713 9
0 -1 2 236.93 163.31 -1 2377.47 14 99 163.31 28211.12 654.84 14.292861938476562 9
1 -1 2 240.24 189.3 -3 634.05 3 81 207.56 20727.64 654.84 8.995228290557861 9
0 -1 3 278.24 97.6 -1 2027.8199999999997 14 99 97.6 31600.94000000001 393.49999999999994 0.019006967544555664 9
1 -1 3 286.14 90.32 -1 488.44 3 81 149.23999999999998 24154.390000000003 383.11999999999995 0.019156932830810547 9
0 -1 4 258.87 183.10999999999996 -3 2967.7399999999993 14 99 186.68 31564.02999999999 743.1499999999999 4.923784255981445 9
1 -1 4 240.34 166.96000000000004 -3 522.0899999999999 3 81 168.01 20511.34999999999 670.99 19.6842999458313 9
0 -1 5 236.0 165.09 -1 2410.6299999999997 14 99 165.42 28185.039999999997 661.35 11.30902624130249 9
1 -1 5 224.31 160.73999999999998 -1 554.39 3 81 161.94 19277.539999999994 646.56 9.279735088348389 9
0 -1 6 253.32 169.48999999999998 -1 2570.1999999999994 14 99 169.57999999999998 30219.130000000005 678.2299999999999 11.821977138519287 9
1 -1 6 269.89 202.53 -3 790.8599999999999 3 81 256.76 23442.67999999999 678.2299999999999 11.540088891983032 9
0 -1 7 254.22 115.13 -1 2546.5799999999995 14 99 169.35999999999999 30260.929999999993 623.2099999999999 4.804692029953003 9
1 -1 7 264.17 188.41 -6 763.8699999999999 3 81 244.2399999999999 22925.829999999994 623.2099999999999 3.9877307415008545 9
0 -1 8 236.6 151.77 -3 2419.6099999999997 14 99 165.4 28262.580000000005 647.97 5.066809892654419 9
1 -1 8 239.4 160.36 -3 756.5899999999998 3 81 241.03999999999985 20904.179999999997 647.97 4.162714958190918 9
random:9T:900
0 -1 0 472.1 146.2 -1 7456.72 14 99 305.24 61650.95999999999 1061.92 1.378533124923706 9
1 -1 0 487.57 36.03 -1 1438.6100000000001 3 81 470.52 42370.15 951.75 1.1307730674743652 9
0 -1 1 414.29 322.58 -6 4906.1500000000015 14 99 322.73 50826.890000000014 1290.77 8.25113296508789 9
1 -1 1 390.8 312.69000000000057 -3 1036.98 3 81 315.97 33728.549999999996 1260.6000000000006 16.43908190727234 9
0 -1 2 393.36 300.31 -3 4532.65 14 99 301.53999999999996 48007.950000000026 1204.9299999999998 16.0991530418396 9
1 -1 2 387.08 323.46 -3 1045.58 3 81 334.77000000000004 33444.49 1204.9299999999998 12.643150091171265 9
0 -1 3 455.58 176.85 -1 3343.3599999999997 14 99 176.85 51789.389999999956 864.31 0.02250194549560547 9
1 -1 3 474.01 248.20999999999998 -1 853.3499999999999 3 81 248.20999999999998 40101.82 856.6099999999999 0.01834416389465332 9
0 -1 4 414.29 322.58 -6 4906.1500000000015 14 99 322.73 50826.890000000014 1290.77 7.483574867248535 9
1 -1 4 390.8 312.69000000000057 -3 1036.98 3 81 315.97 33728.549999999996 1260.6000000000006 15.585496187210083 9
0 -1 5 395.3 303.53 -3 4502.719999999999 14 99 311.33000000000004 48139.85999999999 1237.52 16.460767030715942 9
1 -1 5 373.81 304.49 -3 988.95 3 81 313.02 32256.230000000025 1237.52 11.406117916107178 9
0 -1 6 414.9 298.02 -6 4795.85 14 99 305.95 50667.19 1215.87 18.05299401283264 9
1 -1 6 440.72 352.05 -1 1265.37 3 81 410.17999999999995 38229.23999999999 1215.87 17.63259220123291 9
0 -1 7 415.28 229.86 -6 5024.170000000001 14 99 342.69 51160.90000000001 1257.9299999999998 6.024672985076904 9
1 -1 7 420.38 324.13 -3 1444.8 3 81 478.8199999999999 36940.68000000001 1257.9299999999998 5.3630688190460205 9
0 -1 8 388.65 243.88 -6 5505.080000000001 14 99 374.71 49486.450000000004 1368.0099999999998 5.942788124084473 9
1 -1 8 374.9 285.66 -3 1278.35 3 81 422.30999999999995 32923.79 1368.0099999999998 4.405225992202759 9
random:9T:1200
0 -1 0 657.59 234.18 -1 10131.370000000003 14 99 367.45000000000005 85364.34 1336.5300000000002 1.7882208824157715 9
1 -1 0 685.63 155.08 -1 2014.12 3 81 648.29 59564.46000000001 1257.43 1.4962759017944336 9
0 -1 1 561.03 409.07 -1 6910.58 14 99 455.90000000000003 69362.67999999998 1776.77 12.271433115005493 9
1 -1 1 527.56 437.48 -1 1421.2800000000002 3 81 448.8 45574.99000000002 1755.47 7.588302850723267 9
0 -1 2 546.91 430.0300000000001 -3 6646.820000000001 14 99 452.08000000000004 67437.87000000001 1786.2700000000004 22.39394998550415 9
1 -1 2 529.01 456.15000000000003 -3 1519.0700000000002 3 81 491.42 45887.899999999965 1786.2700000000004 15.156787872314453 9
0 -1 3 643.9 320.95000000000005 -1 4894.420000000002 14 99 320.95000000000005 73534.59 1542.5200000000002 0.029421091079711914 9
1 -1 3 670.6 352.57 -1 1093.73 3 81 352.57 56506.35000000002 1534.0400000000002 0.026310205459594727 9
0 -1 4 561.03 409.07 -1 6910.58 14 99 455.90000000000003 69362.67999999998 1776.77 12.49202275276184 9
1 -1 4 527.56 437.48 -1 1421.2800000000002 3 81 448.8 45574.99000000002 1755.47 7.548772811889648 9
0 -1 5 548.61 430.0800000000001 -3 6570.0 14 99 434.19 67452.50000000003 1732.65 21.48816418647766 9
1 -1 5 516.31 437.65000000000003 -3 1368.6799999999998 3 81 440.35 44558.25999999999 1732.65 15.325363874435425 9
0 -1 6 563.24 397.63 -1 7008.550000000001 14 99 465.38 69777.91999999998 1793.77 21.81720495223999 9
1 -1 6 576.58 450.77 -1 1707.12 3 81 565.3499999999999 50116.819999999985 1793.77 18.585606336593628 9
0 -1 7 562.68 341.06 -1 7306.469999999999 14 99 496.39 70318.18000000001 1830.23 7.701251983642578 9
1 -1 7 557.32 406.74 -1 1993.9899999999998 3 81 654.42 49130.7 1830.23 6.671036243438721 9
0 -1 8 528.12 356.6 -3 7428.219999999999 14 99 525.56 67139.96999999999 1933.2799999999997 7.041839838027954 9
1 -1 8 499.88 398.14 -3 1859.4799999999998 3 81 618.3699999999999 44208.88000000001 1933.2799999999997 5.354133129119873 9
random:9T:1500
0 -1 0 837.3 282.21 -1 13052.01 14 99 517.84 108997.13999999998 1835.73 2.2324960231781006 9
1 -1 0 877.09 322.0 -1 2547.9700000000003 3 81 796.19 76140.06000000001 1835.73 1.8540589809417725 9
0 -1 1 697.06 454.93 -1 8844.330000000002 14 99 593.0500000000002 86697.52000000003 2234.0800000000004 18.854013919830322 9
1 -1 1 665.94 465.47999999999996 -1 1890.53 3 81 607.1299999999999 57721.999999999985 2234.0800000000004 16.917972803115845 9
0 -1 2 699.9 559.8399999999999 -3 8733.81 14 99 566.33 86757.81999999999 2258.83 25.507829904556274 9
1 -1 2 663.64 586.52 -1 1920.54 3 81 632.22 57595.829999999994 2258.83 17.639315128326416 9
0 -1 3 836.47 397.45000000000005 -1 6658.310000000002 14 99 397.45000000000005 96126.70999999995 1985.19 0.0331730842590332 9
1 -1 3 871.32 485.65999999999997 -1 1521.5 3 81 485.65999999999997 73619.95000000004 1977.1100000000001 0.027598857879638672 9
0 -1 4 697.06 454.93 -1 8844.330000000002 14 99 593.0500000000002 86697.52000000003 2234.0800000000004 15.3507719039917 9
1 -1 4 665.94 465.47999999999996 -1 1890.53 3 81 607.1299999999999 57721.999999999985 2234.0800000000004 14.731106042861938 9
0 -1 5 686.72 536.39 -6 8494.28 14 99 569.63 84974.21000000004 2245.2799999999997 23.28114914894104 9
1 -1 5 655.63 565.6299999999998 -3 1837.0100000000002 3 81 596.97 56779.669999999984 2245.2799999999997 17.58794379234314 9
0 -1 6 678.41 443.63 -1 8167.549999999999 14 99 542.36 83497.89000000004 2070.71 23.415336847305298 9
1 -1 6 697.99 528.71 -1 1929.1999999999998 3 81 625.1999999999999 60395.8 2070.71 21.448183059692383 9
0 -1 7 713.12 449.08000000000004 -1 10092.17 14 99 681.5999999999999 90783.47999999998 2493.8799999999997 9.705400705337524 9
1 -1 7 686.86 448.62 -1 2565.96 3 81 848.55 60767.18999999999 2493.4199999999996 8.24730396270752 9
0 -1 8 667.29 449.54999999999995 -3 9837.5 14 99 678.57 85737.13999999998 2485.26 9.232547283172607 9
1 -1 8 635.0 525.9 -3 2424.5699999999997 3 81 799.09 56284.37999999997 2485.26 6.3726348876953125 9
