random:0T:300
0 -1 0 206.3 136.64 -1 2056.58 10 28 189.01 9889.639999999998 703.67 0.07612299919128418 0
1 -1 0 117.32 0 -9 183.31 2 62 47.45 7640.4 142.35000000000002 0.20482826232910156 0
2 -1 0 131.03 0 -1 130.22 1 41 130.22 5632.66 390.65999999999997 0.11082816123962402 0
3 -1 0 150.73 39.41 -1 150.37 1 46 150.37 7234.34 490.52 0.1223759651184082 0
0 -1 1 195.69 172.57000000000002 -1 1817.44 10 28 174.75 9114.249999999998 696.82 0.22326087951660156 0
1 -1 1 116.67 7.550000000000001 -1 210.20999999999998 2 62 85.57 7654.249999999997 264.26 0.3564760684967041 0
2 -1 1 120.37 79.02 -1 81.73 1 41 81.73 5098.459999999998 324.21 1.2683641910552979 0
3 -1 1 136.77 75.41000000000001 -1 137.64 1 46 137.64 6566.859999999996 488.33 1.4632298946380615 0
0 -1 2 189.08 165.65000000000003 -1 1722.4799999999998 10 28 168.07999999999998 8739.310000000001 669.89 0.33399128913879395 0
1 -1 2 107.57 5.1899999999999995 -1 135.41 2 62 14.23 6940.059999999999 47.879999999999995 3.0399649143218994 0
2 -1 2 118.22 72.48 -1 91.76 1 41 91.76 5030.539999999998 347.76000000000005 1.8473939895629883 0
3 -1 2 131.83 79.22000000000001 -1 106.08 1 46 106.08 6276.319999999998 397.46000000000004 2.6849539279937744 0
0 -1 3 175.28 127.60000000000001 -2 1502.1599999999999 10 28 127.60000000000001 7912.259999999998 533.5600000000001 0.003818988800048828 0
1 -1 3 102.19 0.0 -6 118.29 2 62 31.78 6572.28 95.34 0.004487752914428711 0
2 -1 3 123.74 0.0 -1 90.18 1 41 90.18 5253.720000000001 270.54 0.005409955978393555 0
3 -1 3 134.62 0.0 -1 111.16 1 46 111.16 6414.6500000000015 333.48 0.00579524040222168 0
0 -1 4 195.69 172.57000000000002 -1 1817.44 10 28 174.75 9114.249999999998 696.82 0.2269439697265625 0
1 -1 4 116.67 7.550000000000001 -1 210.20999999999998 2 62 85.57 7654.249999999997 264.26 0.33855390548706055 0
2 -1 4 120.37 79.02 -1 81.73 1 41 81.73 5098.459999999998 324.21 1.186889886856079 0
3 -1 4 136.77 75.41000000000001 -1 137.64 1 46 137.64 6566.859999999996 488.33 1.5837030410766602 0
0 -1 5 189.94 166.0900000000001 -1 1735.4599999999998 10 28 166.82 8789.169999999998 666.5500000000001 0.3678569793701172 0
1 -1 5 93.85 0 -4 129.69 2 62 18.99 6078.259999999998 56.97 2.7420270442962646 0
2 -1 5 118.21 72.56 -1 95.09 1 41 95.09 5036.649999999999 357.83 2.16283917427063 0
3 -1 5 127.21 53.68000000000002 -1 121.53 1 46 121.53 6094.849999999997 418.27000000000004 2.5231668949127197 0
0 -1 6 194.88 171.14000000000001 -1 1811.42 10 28 173.69 9079.38 692.2099999999999 0.33490586280822754 0
1 -1 6 116.17 0 -2 183.31 2 62 47.45 7568.969999999998 142.35000000000002 3.61698317527771 0
2 -1 6 125.17 57.050000000000004 -1 117.98 1 41 117.98 5368.009999999999 410.99 1.2096672058105469 0
3 -1 6 142.96 81.77999999999999 -1 132.17 1 46 132.17 6840.659999999997 478.28999999999996 1.3784410953521729 0
