random:1T:300
0 -1 0 90.57 0 -26 1387.24 10 88 135.15 10744.950000000003 405.45000000000005 0.2458491325378418 1
1 -1 0 97.21 0 -14 281.82 2 87 136.0 9020.680000000002 405.45000000000005 0.35812878608703613 1
0 -1 1 94.72 0 -20 1368.8400000000001 10 88 129.83 11072.709999999995 389.49 0.24738097190856934 1
1 -1 1 86.59 0.0 -10 132.39000000000001 2 87 55.02 7797.999999999998 165.06 0.27095508575439453 1
0 -1 2 71.83 0.0 -20 783.26 10 88 0.0 7887.160000000001 0.0 4.993726968765259 1
1 -1 2 76.35 0 -14 80.53 2 87 25.24 6803.410000000003 0.0 7.218010187149048 1
0 -1 3 63.42 0.0 -22 0.0 10 88 0.0 5580.549999999999 0.0 0.008814096450805664 1
1 -1 3 67.02 0.0 -17 0.0 2 87 0.0 5830.980000000002 0.0 0.012087106704711914 1
0 -1 4 94.72 0.0 -20 1368.8400000000001 10 88 129.83 11072.709999999995 389.49 0.2685377597808838 1
1 -1 4 86.59 0 -10 132.39000000000001 2 87 55.02 7797.999999999998 165.06 0.3373100757598877 1
0 -1 5 56.48 0.0 -25 529.26 10 88 0.0 6029.099999999999 0.0 3.349911689758301 1
1 -1 5 74.19 0 -16 46.84 2 87 0.0 6548.46 0.0 6.383800029754639 1
0 -1 6 90.5 0.0 -24 1368.8400000000001 10 88 129.83 10702.1 389.49 6.128503084182739 1
1 -1 6 97.97 0 -13 281.82 2 87 136.0 9086.609999999999 389.49 8.861759185791016 1
0 -1 7 90.5 0.0 -24 1368.8400000000001 10 88 129.83 10702.1 389.49 2.0582120418548584 1
1 -1 7 91.54 0 -12 118.07 2 87 47.26 8200.300000000003 141.78 2.7321770191192627 1
0 -1 8 71.83 0.0 -20 783.26 10 88 0.0 7887.160000000001 0.0 1.6567020416259766 1
1 -1 8 76.35 0 -14 80.53 2 87 25.24 6803.410000000003 0.0 2.3553431034088135 1
random:1T:600
0 -1 0 283.39 0 -3 3319.32 10 88 288.46000000000004 31576.950000000008 865.3800000000001 0.5886719226837158 1
1 -1 0 290.99 0 -2 615.57 2 87 285.62 26547.399999999998 856.86 0.7289900779724121 1
0 -1 1 257.91 141.00999999999996 -2 1855.8 10 88 184.01000000000002 26407.27999999999 693.0400000000001 3.1870298385620117 1
1 -1 1 245.13 121.49000000000018 -2 339.73 2 87 167.38 22005.54999999999 623.6300000000001 18.354734659194946 1
0 -1 2 220.49 139.73000000000002 -4 1743.5 10 88 156.94 22889.95999999999 610.55 12.467566967010498 1
1 -1 2 227.88 162.14000000000001 -1 380.9 2 87 167.44 20587.40999999999 610.55 12.082741975784302 1
0 -1 3 239.21 46.06999999999999 -1 986.76 10 88 86.86 23024.350000000002 306.65 0.01297307014465332 1
1 -1 3 230.96 0.0 -2 286.9 2 87 132.8 20666.910000000007 260.58 0.010380983352661133 1
0 -1 4 257.91 141.00999999999996 -2 1855.8 10 88 184.01000000000002 26407.27999999999 693.0400000000001 3.387141227722168 1
1 -1 4 245.13 121.49000000000018 -2 339.73 2 87 167.38 22005.54999999999 623.6300000000001 18.217396020889282 1
0 -1 5 194.46 98.41 -1 1631.68 10 88 140.21 20375.68000000001 519.04 13.056372165679932 1
1 -1 5 230.7 98.41999999999997 -1 319.5 2 87 153.94 20710.050000000007 519.04 12.65099811553955 1
0 -1 6 255.28 106.22 -1 1855.8200000000002 10 88 184.01 26176.29 658.25 9.40049409866333 1
1 -1 6 270.19 152.27999999999997 -1 372.94999999999993 2 87 185.38 24252.549999999996 658.25 14.631272077560425 1
0 -1 7 260.55 102.1 -1 2135.0599999999995 10 88 202.11999999999995 27198.49000000001 708.4599999999999 3.8401129245758057 1
1 -1 7 260.36 112.49 -1 463.11 2 87 229.05 23577.709999999995 708.4599999999999 3.710202932357788 1
0 -1 8 223.45 116.54 -4 1982.2399999999996 10 88 187.59 23627.719999999994 679.31 3.357564926147461 1
1 -1 8 228.39 157.85 -1 489.9799999999999 2 87 244.55999999999995 20849.78999999999 679.31 3.7041568756103516 1
random:1T:900
0 -1 0 479.51 0 -2 5266.86 10 88 476.28999999999996 52730.21000000002 1428.87 0.7447319030761719 1
1 -1 0 493.21 73.05 -1 924.0200000000001 2 87 423.07000000000005 44757.72999999998 1269.21 0.9279649257659912 1
0 -1 1 408.35 301.3500000000001 -2 3486.9000000000005 10 88 344.42 42908.19 1334.6100000000001 4.857891082763672 1
1 -1 1 379.3 283.0800000000001 -2 619.1600000000001 2 87 299.8 34237.37000000001 1182.4800000000002 15.193102836608887 1
0 -1 2 372.27 262.09999999999997 -4 3342.0 10 88 315.1 39444.06999999999 1207.4 12.653918981552124 1
1 -1 2 376.57 295.9600000000002 -2 620.1199999999999 2 87 302.40999999999997 34001.72999999998 1169.33 17.90459704399109 1
0 -1 3 408.7 174.46 -2 1770.88 10 88 174.46 39507.72999999999 816.67 0.012054204940795898 1
1 -1 3 406.22 184.67 -1 374.08 2 87 184.67 36089.38000000002 719.51 0.008772134780883789 1
0 -1 4 408.35 301.3500000000001 -2 3486.9000000000005 10 88 344.42 42908.19 1334.6100000000001 4.575127124786377 1
1 -1 4 379.3 283.0800000000001 -2 619.1600000000001 2 87 299.8 34237.37000000001 1182.4800000000002 14.146730184555054 1
0 -1 5 354.81 277.4500000000001 -2 3169.82 10 88 287.68 37563.17000000001 1140.49 13.062255144119263 1
1 -1 5 384.54 311.2 -1 692.26 2 87 320.7 34839.850000000006 1140.49 13.956459999084473 1
0 -1 6 418.71 338.37 -1 3448.539999999999 10 88 344.33 43743.80999999998 1371.3600000000001 12.271168947219849 1
1 -1 6 426.69 338.05 -1 701.1100000000001 2 87 348.94000000000005 38524.14 1371.04 16.251250743865967 1
0 -1 7 434.95 281.53 -1 5120.92 10 88 510.5699999999999 48517.50999999997 1813.2399999999996 4.8455328941345215 1
1 -1 7 386.18 229.01 -2 955.1300000000001 2 87 476.31000000000006 35507.829999999994 1657.9400000000003 4.40474796295166 1
0 -1 8 371.09 222.17 -4 4605.08 10 88 457.78000000000003 41865.66 1595.5100000000002 4.34115195274353 1
1 -1 8 349.91 239.0 -2 1006.8899999999998 2 87 502.9699999999999 32456.25999999999 1595.5100000000002 4.64182710647583 1
random:1T:1200
0 -1 0 680.95 163.41 -1 7598.48 10 88 701.1 75120.59000000005 2266.71 0.9845073223114014 1
1 -1 0 698.08 265.6 -1 1271.88 2 87 582.97 63276.57999999999 1912.3200000000002 1.0802319049835205 1
0 -1 1 525.06 398.03 -1 5047.900000000001 10 88 500.63 56300.669999999984 1899.9199999999998 6.515448093414307 1
1 -1 1 506.61 413.04 -1 899.8399999999999 2 87 441.16999999999996 45874.81000000001 1721.5399999999997 15.116932153701782 1
0 -1 2 507.62 390.29999999999995 -2 4750.12 10 88 416.70000000000005 54170.430000000015 1640.4 11.568516969680786 1
1 -1 2 531.09 449.84 -1 929.3399999999999 2 87 457.0 48063.360000000015 1640.4 21.18796181678772 1
0 -1 3 609.16 306.10999999999996 -2 3143.8600000000006 10 88 306.10999999999996 59893.56000000002 1440.6299999999999 0.018573760986328125 1
1 -1 3 559.73 276.43 -1 590.21 2 87 276.43 49876.9 1233.73 0.019137144088745117 1
0 -1 4 527.61 399.62 -1 5047.88 10 88 500.63 56525.009999999995 1901.5099999999998 7.766057252883911 1
1 -1 4 508.52 421.54 -1 899.8399999999999 2 87 441.16999999999996 46040.50000000001 1723.1299999999997 17.69961977005005 1
0 -1 5 502.48 416.19000000000034 -4 4681.72 10 88 438.75 53581.90000000001 1732.4400000000003 16.568957090377808 1
1 -1 5 508.42 396.21999999999997 -1 916.3800000000001 2 87 447.83000000000004 46065.60999999997 1712.47 16.768630981445312 1
0 -1 6 563.01 411.12 -1 5197.42 10 88 482.18 59939.62 1857.6599999999999 27.091487169265747 1
1 -1 6 546.27 412.42999999999995 -1 958.2 2 87 476.14 49441.78999999999 1839.54 35.119800090789795 1
0 -1 7 562.31 379.95 -1 7704.36 10 88 767.7499999999999 64891.739999999976 2683.1999999999994 12.07125210762024 1
1 -1 7 498.28 351.75 -2 1444.7700000000002 2 87 721.86 46240.050000000025 2517.33 11.147789239883423 1
0 -1 8 491.01 304.32 -4 6102.28 10 88 593.6700000000002 55413.32000000002 2085.330000000001 11.27228593826294 1
1 -1 8 480.2 358.45 -2 1422.4300000000003 2 87 707.7100000000006 44621.86000000003 2085.330000000001 15.714858055114746 1
random:1T:1500
0 -1 0 878.77 315.16 -1 9592.199999999999 10 88 889.33 96515.85000000003 2983.15 2.6207990646362305 1
1 -1 0 900.72 423.37 -1 1727.69 2 87 803.6400000000001 81817.68000000004 2726.08 3.0419750213623047 1
0 -1 1 624.84 456.76 -1 6347.800000000001 10 88 629.48 67681.6 2345.2 20.824377059936523 1
1 -1 1 605.99 452.08000000000004 -1 1206.45 2 87 595.6 55133.90999999998 2238.88 27.741624116897583 1
0 -1 2 629.41 443.31 -1 5455.22 10 88 527.67 66298.20999999999 2026.3199999999997 28.209996223449707 1
1 -1 2 648.83 506.17999999999995 -1 1248.5900000000001 2 87 617.25 58945.330000000016 2026.3199999999997 41.845526933670044 1
0 -1 3 776.1 367.38 -2 3704.5800000000004 10 88 367.38 75706.04 1854.6299999999999 0.030797719955444336 1
1 -1 3 754.1 367.38 -1 743.0699999999999 2 87 367.38 67092.82999999999 1712.2599999999998 0.027898073196411133 1
0 -1 4 624.84 456.76 -1 6347.800000000001 10 88 629.48 67681.6 2345.2 19.88768482208252 1
1 -1 4 608.52 454.82 -2 1207.71 2 87 595.6 55356.549999999996 2241.6200000000003 29.917164087295532 1
0 -1 5 649.92 554.28 -1 6080.86 10 88 595.75 69355.09000000001 2341.5299999999997 32.58544993400574 1
1 -1 5 645.66 495.79999999999995 -1 1203.13 2 87 593.58 58579.069999999985 2276.54 41.11292910575867 1
0 -1 6 723.42 554.48 -1 6574.94 10 88 639.03 76810.49999999993 2471.5699999999997 37.01145792007446 1
1 -1 6 682.59 468.69 -2 1288.37 2 87 641.84 61962.309999999976 2385.7799999999997 42.7402069568634 1
0 -1 7 666.79 433.93 -1 9801.660000000002 10 88 959.5199999999999 78281.20999999998 3312.4899999999993 13.877726793289185 1
1 -1 7 597.48 448.45000000000005 -1 1923.0899999999997 2 87 960.9299999999998 55827.07000000001 3312.4899999999993 14.009826183319092 1
0 -1 8 638.23 430.07 -4 8901.039999999999 10 88 888.54 73966.08 3095.69 13.207906007766724 1
1 -1 8 575.56 443.13 -1 1856.94 2 87 923.8299999999998 53787.299999999996 3095.69 16.73318910598755 1
random:2T:300
0 -1 0 106.9 0.0 -3 1399.1 8 71 168.94 10388.340000000002 506.82 0.3551971912384033 2
1 -1 0 116.68 0.0 -3 0 0 68 0 7934.420000000003 506.82 0.40326499938964844 2
0 -1 1 110.96 0.0 -3 1072.04 8 71 129.71 10021.96 389.13 0.1941821575164795 2
1 -1 1 110.33 0.0 -2 0 0 68 0 7502.169999999999 389.13 0.24884581565856934 2
0 -1 2 102.91 0.0 -4 820.18 8 71 95.29 8946.74 285.87 3.555345058441162 2
1 -1 2 100.32 0.0 -10 0 0 68 0 6821.560000000001 285.87 4.086586952209473 2
0 -1 3 108.5 0.0 -5 471.14 8 71 47.35 8645.839999999998 142.05 0.00975489616394043 2
1 -1 3 109.14 0.0 -7 0 0 68 0 7421.690000000002 142.05 0.01700592041015625 2
0 -1 4 110.96 0.0 -3 1072.04 8 71 129.71 10021.96 389.13 0.22891592979431152 2
1 -1 4 110.33 0.0 -2 0 0 68 0 7502.169999999999 389.13 0.24108505249023438 2
0 -1 5 70.89 0.0 -12 501.79999999999995 8 71 5.52 6036.820000000003 16.56 2.3517067432403564 2
1 -1 5 81.72 0.0 -9 0 0 68 0 5557.279999999999 16.56 4.15410590171814 2
0 -1 6 106.19 0.0 -1 1100.5600000000002 8 71 133.18 9740.700000000006 399.54 4.323641061782837 2
1 -1 6 119.47 16.94 -1 0 0 68 0 8123.88 399.54 6.105498313903809 2
0 -1 7 115.96 0.0 -1 958.24 8 71 114.13 10149.370000000006 342.39 1.6894378662109375 2
1 -1 7 119.47 16.94 -1 0 0 68 0 8123.88 342.39 2.2084758281707764 2
0 -1 8 102.91 0.0 -4 820.18 8 71 95.29 8946.74 285.87 1.3885729312896729 2
1 -1 8 100.32 0.0 -10 0 0 68 0 6821.560000000001 285.87 1.6452531814575195 2
random:2T:600
0 -1 0 316.26 76.65 -1 3030.74 8 71 373.49 28515.890000000003 1197.1200000000001 0.8548469543457031 2
1 -1 0 337.17 229.54000000000002 -2 0 0 68 0 22927.620000000003 1197.1200000000001 0.9483211040496826 2
0 -1 1 295.36 223.98999999999998 -4 2252.48 8 71 280.49 25475.77 1065.46 2.265015125274658 2
1 -1 1 294.04 250.66000000000003 -1 0 0 68 0 19994.409999999993 1065.46 2.826594114303589 2
0 -1 2 285.17 220.0 -4 2109.6400000000003 8 71 261.85 24466.460000000006 1005.5500000000001 6.869526624679565 2
1 -1 2 271.88 210.51 -1 0 0 68 0 18487.730000000014 996.0600000000001 7.897580862045288 2
0 -1 3 304.58 165.68 -2 1345.94 8 71 165.68 24316.899999999998 670.7 0.01819777488708496 2
1 -1 3 321.11 185.63 -1 0 0 68 0 21835.19 670.7 0.01886725425720215 2
0 -1 4 295.36 223.98999999999998 -4 2252.48 8 71 280.49 25475.77 1065.46 2.105829954147339 2
1 -1 4 294.04 250.66000000000003 -1 0 0 68 0 19994.409999999993 1065.46 2.5532431602478027 2
0 -1 5 235.22 163.67 -1 1457.52 8 71 171.89 19615.70000000001 679.3399999999999 6.003847122192383 2
1 -1 5 256.76 199.05 -2 0 0 68 0 17459.72000000001 679.3399999999999 6.415448188781738 2
0 -1 6 293.91 223.11 -2 2146.68 8 71 252.75 25161.229999999996 981.36 6.566094160079956 2
1 -1 6 322.62 286.45 -1 0 0 68 0 21938.390000000007 981.36 9.88183331489563 2
0 -1 7 305.75 174.47 -4 2895.84 8 71 361.54999999999995 27500.120000000006 1259.12 2.9565842151641846 2
1 -1 7 322.62 286.45 -1 0 0 68 0 21938.390000000007 1259.12 3.168571949005127 2
0 -1 8 283.53 161.39 -2 2696.34 8 71 336.07 25523.53000000001 1169.6 2.9836812019348145 2
1 -1 8 271.88 210.51 -1 0 0 68 0 18487.730000000014 1169.6 2.7356388568878174 2
random:2T:900
0 -1 0 540.46 315.94 -1 4888.219999999999 8 71 600.66 48149.01000000002 2117.92 1.0442688465118408 2
1 -1 0 552.29 383.81 -2 0 0 68 0 37556.05 2117.92 1.0753087997436523 2
0 -1 1 462.39 371.90999999999997 -2 3560.5999999999995 8 71 439.95 39950.61999999997 1691.7599999999998 4.453102111816406 2
1 -1 1 445.53 381.82 -2 0 0 68 0 30296.030000000013 1691.7599999999998 5.195954322814941 2
0 -1 2 462.52 375.6900000000001 -2 3385.9799999999996 8 71 417.79999999999995 39610.590000000004 1629.09 10.720001935958862 2
1 -1 2 436.83 368.5 -2 0 0 68 0 29704.55999999999 1621.8999999999999 10.784992933273315 2
0 -1 3 515.02 307.71000000000004 -2 2503.98 8 71 307.71000000000004 41574.54000000002 1327.13 0.03731799125671387 2
1 -1 3 544.35 429.37 -1 0 0 68 0 37015.91 1327.13 0.020766019821166992 2
0 -1 4 462.39 371.90999999999997 -2 3560.5999999999995 8 71 439.95 39950.61999999997 1691.7599999999998 4.853557109832764 2
1 -1 4 442.03 381.15000000000003 -1 0 0 68 0 30057.840000000015 1691.7599999999998 4.971016883850098 2
0 -1 5 417.9 328.55 -4 2800.2 8 71 328.62 35271.320000000014 1314.41 7.7949113845825195 2
1 -1 5 424.16 357.2700000000001 -4 0 0 68 0 28842.840000000015 1314.41 10.062678098678589 2
0 -1 6 497.81 412.87 -1 3572.7000000000003 8 71 443.21000000000004 42490.080000000016 1742.5 9.904729127883911 2
1 -1 6 508.06 447.91999999999996 -1 0 0 68 0 34547.87 1742.5 12.039496898651123 2
0 -1 7 468.88 304.07 -4 4846.539999999999 8 71 603.7099999999999 42983.69000000001 2115.2 4.12176513671875 2
1 -1 7 508.06 447.91999999999996 -1 0 0 68 0 34547.87 2115.2 3.8860201835632324 2
0 -1 8 446.18 283.32 -2 4329.879999999999 8 71 534.75 40338.189999999995 1887.57 4.0560009479522705 2
1 -1 8 436.83 368.5 -2 0 0 68 0 29704.55999999999 1887.57 3.4125518798828125 2
random:2T:1200
0 -1 0 754.94 532.9 -1 6824.06 8 71 841.6600000000001 67248.94000000003 3057.8800000000006 1.4316458702087402 2
1 -1 0 779.84 603.36 -2 0 0 68 0 53029.03999999999 3057.8800000000006 1.5574021339416504 2
0 -1 1 623.29 513.11 -1 4722.920000000001 8 71 585.78 53699.13000000004 2270.45 6.562596797943115 2
1 -1 1 580.76 460.78000000000003 -1 0 0 68 0 39491.72000000001 2218.12 6.6442530155181885 2
0 -1 2 625.44 528.3000000000001 -1 4604.68 8 71 567.99 53615.919999999984 2232.27 11.93518614768982 2
1 -1 2 580.12 495.5 -1 0 0 68 0 39447.959999999985 2199.4700000000003 13.14811635017395 2
0 -1 3 704.05 411.46000000000004 -2 3378.9400000000005 8 71 411.46000000000004 56745.32999999997 1885.8400000000001 0.028184175491333008 2
1 -1 3 758.83 663.87 -1 0 0 68 0 51600.61999999999 1885.8400000000001 0.030225276947021484 2
0 -1 4 623.38 513.11 -1 4722.920000000001 8 71 585.78 53705.920000000035 2270.45 6.634660005569458 2
1 -1 4 571.18 457.21000000000004 -1 0 0 68 0 38840.56000000002 2214.55 6.45817494392395 2
0 -1 5 586.41 484.81 -1 4332.66 8 71 516.71 50300.23 2034.94 11.637743711471558 2
1 -1 5 568.12 493.92 -2 0 0 68 0 38632.140000000014 2034.94 11.973763942718506 2
0 -1 6 662.82 538.35 -1 4770.579999999999 8 71 592.65 56601.049999999974 2316.2999999999997 12.99520206451416 2
1 -1 6 697.62 624.55 -1 0 0 68 0 47438.39 2316.2999999999997 16.147133827209473 2
0 -1 7 614.11 409.92999999999995 -2 6834.280000000001 8 71 852.3 57270.08999999999 2966.8299999999995 5.022502183914185 2
1 -1 7 697.62 624.55 -1 0 0 68 0 47438.39 2966.8299999999995 4.871923923492432 2
0 -1 8 603.24 391.59000000000003 -4 6401.4800000000005 8 71 799.7400000000001 55632.67999999995 2790.8100000000004 5.0503950119018555 2
1 -1 8 580.12 495.5 -1 0 0 68 0 39447.959999999985 2790.8100000000004 4.15416693687439 2
random:2T:1500
0 -1 0 964.62 699.23 -2 8846.74 8 71 1088.1200000000001 86181.38999999996 3963.5900000000006 1.9698081016540527 2
1 -1 0 1008.57 824.86 -2 0 0 68 0 68582.46 3963.5900000000006 2.021895170211792 2
0 -1 1 775.67 663.12 -4 5830.219999999999 8 71 723.62 66732.78 2833.98 8.170297145843506 2
1 -1 1 720.85 602.2900000000001 -1 0 0 68 0 49017.63999999998 2773.15 9.37592601776123 2
0 -1 2 775.19 591.6700000000001 -1 5711.660000000001 8 71 705.58 66462.10999999997 2708.4100000000003 12.96076488494873 2
1 -1 2 725.21 596.1899999999999 -2 0 0 68 0 49314.07000000002 2708.4100000000003 15.08787202835083 2
0 -1 3 900.4 523.5100000000001 -2 4207.400000000001 8 71 523.5100000000001 72343.53999999996 2454.7700000000004 0.037947893142700195 2
1 -1 3 969.74 922.26 -1 0 0 68 0 65942.37 2454.7700000000004 0.03995108604431152 2
0 -1 4 770.51 560.21 -1 5847.08 8 71 723.6299999999999 66400.24000000002 2731.0999999999995 9.179369926452637 2
1 -1 4 715.73 598.47 -1 0 0 68 0 48669.66000000001 2731.0999999999995 9.634071826934814 2
0 -1 5 750.39 600.5999999999999 -1 5499.82 8 71 662.65 64277.46000000002 2588.5499999999997 13.940242767333984 2
1 -1 5 696.35 549.12 -1 0 0 68 0 47351.699999999975 2537.0699999999997 12.549711227416992 2
0 -1 6 814.78 647.7800000000001 -2 6023.799999999999 8 71 749.1099999999999 69896.78000000001 2895.11 12.77069902420044 2
1 -1 6 863.37 779.21 -1 0 0 68 0 58709.19000000001 2895.11 17.158342361450195 2
0 -1 7 754.65 468.65 -1 8701.88 8 71 1086.81 70983.81000000004 3729.08 5.999845027923584 2
1 -1 7 863.37 779.21 -1 0 0 68 0 58709.19000000001 3729.08 5.206547975540161 2
0 -1 8 746.54 512.74 -4 8138.16 8 71 1015.5600000000001 69280.51 3559.42 5.533781051635742 2
1 -1 8 725.21 596.1899999999999 -2 0 0 68 0 49314.07000000002 3559.42 4.7381792068481445 2
random:3T:300
0 -1 0 93.0 0 -20 213.18 2 82 82.85 8052.580000000003 248.54999999999998 0.5269649028778076 3
1 -1 0 99.91 0 -21 1593.1999999999998 11 94 0 12578.369999999999 0 0.5405411720275879 3
0 -1 1 82.63 0 -15 227.37 2 82 89.1 7230.070000000006 267.29999999999995 0.4686319828033447 3
1 -1 1 99.29 0 -12 1333.6299999999999 11 94 8.49 12000.560000000003 25.47 0.4839751720428467 3
0 -1 2 77.62 0 -14 152.10999999999999 2 82 59.26 6668.730000000003 177.78 8.980580806732178 3
1 -1 2 87.57 0.0 -14 900.38 11 94 0.0 10032.339999999997 0.0 10.531590938568115 3
0 -1 3 76.74 0.0 -14 50.15 2 82 0.0 6392.62 0.0 0.02079010009765625 3
1 -1 3 72.8 0.0 -23 0.0 11 94 0.0 6843.280000000002 0.0 0.0160372257232666 3
0 -1 4 82.63 0 -15 227.37 2 82 89.1 7230.070000000006 267.29999999999995 0.479097843170166 3
1 -1 4 99.29 0 -12 1333.6299999999999 11 94 8.49 12000.560000000003 25.47 0.4614739418029785 3
0 -1 5 69.83 0 -20 67.72999999999999 2 82 5.93 5861.339999999999 17.79 6.567306041717529 3
1 -1 5 59.81 0 -27 565.02 11 94 0.0 6751.749999999999 0.0 6.407570123672485 3
0 -1 6 92.16 0 -20 211.03000000000003 2 82 80.7 7979.4200000000055 242.10000000000002 10.76913595199585 3
1 -1 6 98.18 0 -17 1355.6899999999996 11 94 10.89 11940.399999999994 32.67 11.326092004776001 3
0 -1 7 92.17 0 -20 204.91 2 82 76.75 7967.990000000007 230.25 3.504210948944092 3
1 -1 7 103.65 0 -15 1325.1399999999999 11 94 0 12393.600000000013 0 4.427847862243652 3
0 -1 8 77.62 0 -14 152.10999999999999 2 82 59.26 6668.730000000003 177.78 3.2212700843811035 3
1 -1 8 87.57 0.0 -14 900.38 11 94 0.0 10032.339999999997 0.0 3.72041392326355 3
random:3T:600
0 -1 0 264.89 0 -3 476.12 2 82 233.67 22673.149999999994 701.01 0.9892449378967285 3
1 -1 0 285.6 0 -7 3812.760000000001 11 94 153.29999999999998 34472.08 459.9 1.1710090637207031 3
0 -1 1 238.81 160.09999999999997 -2 360.85 2 82 174.96 20303.94999999999 684.98 15.331626892089844 3
1 -1 1 242.29 142.52000000000012 -2 2003.12 11 94 157.04 26781.229999999992 613.6400000000001 17.01799201965332 3
0 -1 2 228.71 140.90999999999997 -1 344.11 2 82 168.32 19442.519999999997 645.8699999999999 30.68169403076172 3
1 -1 2 230.09 135.78000000000017 -2 1877.9799999999998 11 94 141.25 25384.21999999999 559.5300000000002 35.65254998207092 3
0 -1 3 255.11 34.34 -1 291.49 2 82 125.19 21501.740000000013 409.90999999999997 0.02684187889099121 3
1 -1 3 251.44 0.0 -1 1566.73 11 94 103.63 26769.050000000007 310.89 0.0244140625 3
0 -1 4 238.81 160.09999999999997 -2 360.85 2 82 174.96 20303.94999999999 684.98 15.774954080581665 3
1 -1 4 242.29 142.52000000000012 -2 2003.12 11 94 157.04 26781.229999999992 613.6400000000001 17.029574155807495 3
0 -1 5 217.91 106.76999999999997 -1 325.36 2 82 156.47 18519.22000000001 576.18 27.592385053634644 3
1 -1 5 183.74 0.73 -1 1824.4100000000003 11 94 147.31 20920.700000000004 442.66 14.469855070114136 3
0 -1 6 252.41 129.8 -1 357.21000000000004 2 82 173.09 21412.309999999994 649.0699999999999 19.185225009918213 3
1 -1 6 251.04 129.86 -1 2008.05 11 94 157.57 27613.83999999999 602.51 21.035284996032715 3
0 -1 7 254.34 121.86 -1 477.03 2 82 237.91 21810.31 835.59 5.967674016952515 3
1 -1 7 274.9 156.71 -1 2881.87 11 94 243.92999999999972 31604.239999999998 835.59 10.149301052093506 3
0 -1 8 231.28 123.23 -1 469.09 2 82 231.15999999999994 19903.390000000003 816.7099999999998 5.409096002578735 3
1 -1 8 241.96 111.54 -2 2560.3 11 94 210.76 27865.129999999994 743.8199999999999 6.643413066864014 3
random:3T:900
0 -1 0 464.83 180.2 -1 790.3900000000001 2 82 385.58 39696.78999999998 1336.94 1.4651572704315186 3
1 -1 0 477.98 0 -4 6125.17 11 94 319.25 57180.829999999994 957.75 1.7512288093566895 3
0 -1 1 386.4 306.4900000000003 -2 676.51 2 82 326.71000000000004 33037.810000000005 1286.6200000000003 19.15356183052063 3
1 -1 1 396.85 291.81 -2 3817.52 11 94 342.35 44939.299999999996 1271.94 13.938887119293213 3
0 -1 2 376.62 279.46000000000015 -2 653.03 2 82 318.99 32188.709999999977 1236.4300000000003 29.472559213638306 3
1 -1 2 383.53 278.36000000000024 -2 3613.9400000000005 11 94 289.18 43280.13 1145.9 33.47781205177307 3
0 -1 3 431.38 182.98000000000002 -1 447.65000000000003 2 82 182.98000000000002 36268.259999999995 833.5300000000001 0.028608083724975586 3
1 -1 3 402.86 178.19 -1 2054.9500000000003 11 94 178.19 41978.59999999999 787.8599999999999 0.028918027877807617 3
0 -1 4 386.94 301.6700000000003 -2 676.5 2 82 326.7 33082.22 1281.7700000000002 18.43571424484253 3
1 -1 4 396.85 291.81 -2 3817.52 11 94 342.35 44939.299999999996 1271.9099999999999 13.155071020126343 3
0 -1 5 365.51 276.48 -2 630.14 2 82 304.86 31232.049999999992 1191.06 20.221168279647827 3
1 -1 5 323.95 220.02 -2 3221.9799999999996 11 94 287.68 36895.230000000025 1083.06 20.192652225494385 3
0 -1 6 397.73 299.32 -1 667.63 2 82 330.04 33949.409999999996 1289.44 22.00837206840515 3
1 -1 6 416.3 327.54999999999995 -2 3819.11 11 94 344.54 46770.02000000003 1289.44 29.099798917770386 3
0 -1 7 378.28 229.63 -4 938.6900000000002 2 82 467.48000000000013 32896.540000000015 1632.0700000000006 8.222588062286377 3
1 -1 7 422.37 245.17 -2 5344.82 11 94 476.69999999999993 50392.31999999997 1632.0700000000006 10.63486909866333 3
0 -1 8 348.07 219.0 -2 936.56 2 82 458.68999999999994 30414.66 1595.0699999999997 5.838376998901367 3
1 -1 8 378.99 218.01 -2 5090.49 11 94 458.09 45806.3 1592.28 8.436085939407349 3
random:3T:1200
0 -1 0 669.37 314.4 -3 1132.2 2 82 560.07 57153.099999999984 1994.6100000000001 1.9343621730804443 3
1 -1 0 677.42 177.17 -1 8374.660000000002 11 94 458.76 80426.47 1553.45 2.3545610904693604 3
0 -1 1 503.94 404.58 -1 990.77 2 82 484.12 43304.97 1856.94 12.001572847366333 3
1 -1 1 534.14 414.96 -1 5465.799999999999 11 94 423.64 61140.62999999999 1675.5 15.650137901306152 3
0 -1 2 503.42 386.31 -1 964.4 2 82 476.78999999999996 43209.41 1816.6799999999998 26.585970878601074 3
1 -1 2 519.3 397.3800000000001 -2 5048.63 11 94 400.74 58911.079999999994 1588.53 32.0211877822876 3
0 -1 3 634.21 326.11 -1 685.89 2 82 326.11 53376.77000000004 1479.21 0.03532004356384277 3
1 -1 3 578.77 259.13 -1 3441.45 11 94 259.13 61287.32999999997 1224.1599999999999 0.033782958984375 3
0 -1 4 499.51 404.59 -1 993.27 2 82 485.94 42946.53999999998 1862.4099999999999 12.36410403251648 3
1 -1 4 534.14 414.96 -1 5465.799999999999 11 94 423.64 61140.62999999999 1675.51 17.24359703063965 3
0 -1 5 493.42 390.14 -1 935.5799999999999 2 82 459.9699999999999 42331.329999999965 1770.0499999999997 27.068830966949463 3
1 -1 5 453.67 344.4 -2 4015.6099999999997 11 94 353.89 50676.34999999997 1406.0700000000002 25.908411026000977 3
0 -1 6 539.14 438.86999999999995 -2 983.19 2 82 482.06 46175.810000000005 1885.05 30.274508953094482 3
1 -1 6 558.89 430.69 -1 5365.26 11 94 447.5799999999999 63266.23999999997 1773.4299999999998 35.23329496383667 3
0 -1 7 491.57 334.62 -1 1407.1200000000001 2 82 702.85 43123.37 2443.17 8.881076097488403 3
1 -1 7 570.1 396.38 -1 7786.389999999999 11 94 704.7600000000001 69162.14000000003 2443.17 13.968215942382812 3
0 -1 8 460.71 313.99 -2 1213.3000000000002 2 82 603.9900000000001 40204.86000000001 2125.96 9.291264057159424 3
1 -1 8 498.82 277.90999999999997 -2 6587.450000000001 11 94 582.5899999999999 60064.07000000001 2025.6799999999998 10.434512853622437 3
random:3T:1500
0 -1 0 872.01 403.45 -1 1479.65 2 82 703.3 74463.77000000002 2513.3499999999995 2.489471912384033 3
1 -1 0 860.61 344.99 -1 10647.349999999999 11 94 678.25 102192.18000000005 2379.74 2.82053804397583 3
0 -1 1 616.57 452.78000000000003 -1 1243.49 2 82 611.76 53045.460000000014 2288.06 16.967854976654053 3
1 -1 1 640.19 452.34000000000003 -1 6047.7699999999995 11 94 522.8000000000001 72273.79 2020.7400000000002 19.522547006607056 3
0 -1 2 635.59 453.28000000000003 -1 1260.6399999999999 2 82 629.92 54639.3 2343.04 33.960121154785156 3
1 -1 2 659.67 542.9300000000001 -4 6547.490000000001 11 94 565.92 75104.32000000004 2151.04 38.51383709907532 3
0 -1 3 807.59 373.45 -1 847.74 2 82 373.45 67918.12999999998 1861.6999999999998 0.03625893592834473 3
1 -1 3 745.67 362.37 -1 4117.45 11 94 362.37 78328.27999999998 1775.93 0.03469085693359375 3
0 -1 4 620.06 454.72 -1 1247.4700000000003 2 82 609.8100000000001 53339.46999999996 2284.1500000000005 17.340697050094604 3
1 -1 4 635.21 457.76 -1 5948.530000000001 11 94 519.8499999999999 71607.09000000003 2014.2699999999998 19.64738392829895 3
0 -1 5 617.76 521.15 -2 1098.75 2 82 522.74 52854.01 2089.37 29.42192316055298 3
1 -1 5 582.51 439.49 -4 5715.56 11 94 507.06 66187.16000000002 1960.67 28.807754039764404 3
0 -1 6 638.45 466.24 -2 1253.4099999999999 2 82 626.3399999999999 54859.35999999998 2345.2599999999998 33.43706917762756 3
1 -1 6 651.72 461.76 -1 6574.469999999999 11 94 589.43 74410.37 2230.05 36.448368072509766 3
0 -1 7 571.83 436.97 -4 1793.8600000000001 2 82 895.03 50477.61 3122.0600000000004 8.668410778045654 3
1 -1 7 668.56 442.94 -1 10329.359999999999 11 94 935.06 83503.51000000002 3122.0600000000004 14.247337818145752 3
0 -1 8 568.05 424.42 -3 1734.7600000000002 2 82 859.8700000000003 50049.82000000001 3004.030000000001 11.622387886047363 3
1 -1 8 631.44 405.74 -2 8747.09 11 94 792.1200000000001 76849.92000000003 2782.1000000000004 13.739131927490234 3
random:4T:300
0 -1 0 91.21 0 -21 131.8 1 81 131.8 7651.769999999999 395.40000000000003 0.4583890438079834 4
1 -1 0 95.72 0 -22 1420.8600000000001 10 93 53.53 11743.779999999992 160.59 0.5502240657806396 4
0 -1 1 85.15 0 -14 81.56 1 81 81.56 7060.319999999999 244.68 0.5142898559570312 4
1 -1 1 91.99 0 -17 1423.2799999999997 10 93 136.44 11401.789999999997 244.68 0.53006911277771 4
0 -1 2 75.63 0 -18 0.0 1 81 0.0 6126.299999999998 0.0 9.896013021469116 4
1 -1 2 80.51 0 -14 766.4199999999998 10 93 64.9 9019.959999999997 0.0 10.709516048431396 4
0 -1 3 73.35 0.0 -15 0.0 1 81 0.0 5941.330000000004 0.0 0.014046907424926758 4
1 -1 3 66.26 0.0 -23 0.0 10 93 0.0 6161.760000000001 0.0 0.01707911491394043 4
0 -1 4 85.15 0 -14 81.56 1 81 81.56 7060.319999999999 244.68 0.4778568744659424 4
1 -1 4 91.99 0 -17 1423.2799999999997 10 93 136.44 11401.789999999997 244.68 0.510765790939331 4
0 -1 5 62.29 0 -26 15.26 1 81 15.26 5076.150000000002 45.78 5.425005912780762 4
1 -1 5 65.29 0 -33 732.6199999999999 10 93 0.0 7537.100000000001 0.0 5.4501800537109375 4
0 -1 6 91.16 0 -20 131.8 1 81 131.8 7647.6799999999985 395.40000000000003 10.152772903442383 4
1 -1 6 94.88 0 -17 1254.2599999999998 10 93 53.53 11332.10999999999 160.59 11.675533771514893 4
0 -1 7 90.07 0 -20 21.34 1 81 21.34 7338.479999999998 64.02 3.5323758125305176 4
1 -1 7 92.95 0 -19 1200.4799999999998 10 93 26.64 11045.26 64.02 4.048501014709473 4
0 -1 8 75.63 0 -18 0.0 1 81 0.0 6126.299999999998 0.0 3.167325019836426 4
1 -1 8 80.51 0 -14 766.4199999999998 10 93 64.9 9019.959999999997 0.0 3.9298722743988037 4
random:4T:600
0 -1 0 276.53 0 -1 270.52 1 81 270.52 22939.819999999996 811.56 1.0867187976837158 4
1 -1 0 277.25 0 -6 3554.0600000000004 10 93 269.03 32892.23999999999 807.0899999999999 1.119879961013794 4
0 -1 1 242.58 117.40000000000016 -2 173.28 1 81 173.28 19995.76 637.2400000000002 22.930987119674683 4
1 -1 1 244.48 159.91 -2 1867.8999999999999 10 93 185.48 26471.979999999992 637.2400000000002 3.903532028198242 4
0 -1 2 222.77 113.67 -1 113.67 1 81 113.67 18271.900000000005 456.96 17.493489265441895 4
1 -1 2 224.12 144.94 -1 1721.8999999999999 10 93 169.58 24287.14000000002 456.96 21.071709871292114 4
0 -1 3 243.84 7.73 -1 124.5 1 81 124.5 19999.74 381.23 0.01890397071838379 4
1 -1 3 236.27 26.01 -1 977.7600000000001 10 93 85.65 23929.02000000001 264.68000000000006 0.024525165557861328 4
0 -1 4 242.58 117.40000000000016 -2 173.28 1 81 173.28 19995.76 637.2400000000002 22.319258213043213 4
1 -1 4 244.48 159.91 -2 1867.8999999999999 10 93 185.48 26471.979999999992 637.2400000000002 3.7818617820739746 4
0 -1 5 180.23 0.0 -1 158.55 1 81 158.55 14915.75 475.65000000000003 15.075528860092163 4
1 -1 5 175.96 0 -5 1688.7800000000002 10 93 142.36 19741.64 427.08000000000004 13.672622203826904 4
0 -1 6 257.09 136.30999999999997 -1 184.45 1 81 184.45 21193.16999999999 689.6599999999999 19.861486196517944 4
1 -1 6 250.06 102.15 -1 1830.3400000000001 10 93 167.05 26916.01 603.3000000000001 19.20929193496704 4
0 -1 7 257.38 122.59 -1 237.8499999999998 1 81 237.8499999999998 21323.62999999999 836.1399999999994 8.755740880966187 4
1 -1 7 253.82 91.68999999999998 -1 2156.28 10 93 202.73 27918.17999999999 699.8799999999999 7.317946195602417 4
0 -1 8 222.2 98.5 -1 130.78000000000003 1 81 130.78000000000003 18259.85000000001 490.8400000000001 10.510886192321777 4
1 -1 8 236.1 121.78 -1 2459.06 10 93 243.14999999999998 26875.74000000002 490.8400000000001 7.501573801040649 4
random:4T:900
0 -1 0 481.58 174.12 -1 480.17 1 81 480.17 39968.539999999986 1614.63 1.608699083328247 4
1 -1 0 460.34 0 -1 5647.9800000000005 10 93 479.96 54107.97999999999 1439.8799999999999 1.883958101272583 4
0 -1 1 381.12 282.1299999999999 -2 321.5 1 81 321.5 31513.390000000003 1246.6299999999999 27.402270078659058 4
1 -1 1 402.83 320.42 -2 3511.2400000000002 10 93 347.70000000000005 44485.92000000002 1246.6299999999999 12.158554792404175 4
0 -1 2 359.93 248.86 -4 304.18 1 81 304.18 29762.93 1161.4 23.36009693145752 4
1 -1 2 383.53 272.13000000000005 -1 3257.16 10 93 318.78 42182.57 1161.4 31.289151906967163 4
0 -1 3 420.48 182.82999999999998 -1 182.82999999999998 1 81 182.82999999999998 34424.3 813.37 0.027863740921020508 4
1 -1 3 401.93 174.19 -2 1768.8599999999997 10 93 174.19 40916.79000000001 787.4499999999999 0.024835824966430664 4
0 -1 4 383.21 277.5900000000001 -2 321.5 1 81 321.5 31682.699999999997 1242.0900000000001 25.10064387321472 4
1 -1 4 402.83 320.42 -2 3511.2400000000002 10 93 347.70000000000005 44485.92000000002 1242.0900000000001 11.938978910446167 4
0 -1 5 314.43 227.06 -2 309.99 1 81 309.99 26088.540000000008 1157.03 17.144193172454834 4
1 -1 5 312.76 207.59 -2 2740.04 10 93 265.97 34567.01999999998 1005.5000000000001 19.20793914794922 4
0 -1 6 416.68 337.53999999999996 -2 346.46 1 81 346.46 34443.66999999999 1376.9199999999998 25.91291117668152 4
1 -1 6 403.38 302.71 -2 3328.2199999999993 10 93 321.81 44170.43000000001 1268.14 25.197129011154175 4
0 -1 7 384.2 248.86 -4 523.34 1 81 523.34 32166.979999999996 1818.88 14.1561439037323 4
1 -1 7 410.25 221.78 -2 4740.600000000001 10 93 472.37 47634.140000000014 1638.89 9.433632850646973 4
0 -1 8 331.01 202.22 -2 412.38999999999993 1 81 412.38999999999993 27636.440000000017 1439.3899999999999 16.149126052856445 4
1 -1 8 380.22 231.72 -2 4864.0 10 93 479.7300000000001 45088.26000000001 1439.3899999999999 9.341235876083374 4
random:4T:1200
0 -1 0 691.91 236.35 -2 664.97 1 81 664.97 57374.539999999986 2231.26 1.928706169128418 4
1 -1 0 657.37 0 -1 7753.44 10 93 678.0000000000001 76642.17000000001 1994.91 2.0926551818847656 4
0 -1 1 502.3 412.06 -2 467.98999999999995 1 81 467.98999999999995 41622.659999999996 1816.0299999999997 23.99341106414795 4
1 -1 1 536.31 399.47999999999996 -1 4969.4 10 93 491.22999999999996 59815.33000000003 1803.4499999999998 16.79281497001648 4
0 -1 2 494.99 399.05 -2 416.13 1 81 416.13 40926.369999999995 1647.4399999999998 33.54121994972229 4
1 -1 2 530.38 392.72999999999996 -1 4827.079999999999 10 93 476.99 58979.64000000005 1641.12 33.92528986930847 4
0 -1 3 612.55 313.83 -1 313.83 1 81 313.83 50243.980000000025 1399.92 0.02802300453186035 4
1 -1 3 595.09 287.27 -2 2979.8600000000006 10 93 287.27 61303.40999999999 1320.2399999999998 0.040556907653808594 4
0 -1 4 502.11 416.25 -1 468.11 1 81 468.11 41607.48999999998 1820.58 24.466341972351074 4
1 -1 4 538.05 399.47999999999996 -1 4969.419999999999 10 93 491.22999999999996 59977.19000000002 1803.81 18.864755868911743 4
0 -1 5 455.14 354.69 -1 395.54999999999995 1 81 395.54999999999995 37657.11999999999 1541.34 24.410878896713257 4
1 -1 5 443.83 322.7400000000002 -4 3634.18 10 93 344.58000000000004 48544.649999999965 1356.4800000000005 28.02411699295044 4
0 -1 6 549.51 437.1 -1 471.53 1 81 471.53 45453.41999999999 1851.69 31.54602813720703 4
1 -1 6 536.85 397.42999999999995 -1 4986.02 10 93 472.89000000000004 59899.06999999998 1812.02 33.9331271648407 4
0 -1 7 488.03 386.11 -1 796.9300000000005 1 81 796.9300000000005 41124.65999999999 2776.900000000002 19.744493007659912 4
1 -1 7 541.88 349.45 -4 7083.22 10 93 704.42 64561.49999999999 2462.7099999999996 13.162526845932007 4
0 -1 8 430.51 270.65 -1 613.1200000000001 1 81 613.1200000000001 36097.92 2110.01 19.309064865112305 4
1 -1 8 495.73 272.88 -2 6087.379999999999 10 93 583.1099999999999 58278.02000000002 2019.9799999999996 12.213325023651123 4
random:4T:1500
0 -1 0 897.03 425.6 -1 862.1300000000001 1 81 862.1300000000001 74383.31999999998 3011.9900000000002 2.6549158096313477 4
1 -1 0 830.51 110.91 -1 9949.56 10 93 888.6800000000001 97136.08999999997 2697.3 2.9955859184265137 4
0 -1 1 617.4 451.54 -2 616.86 1 81 616.86 51243.50000000002 2302.12 26.31935214996338 4
1 -1 1 645.36 447.78000000000003 -1 6307.799999999999 10 93 600.62 72634.16999999995 2249.6400000000003 21.4550940990448 4
0 -1 2 612.82 456.85 -1 588.39 1 81 588.39 50814.91999999998 2222.02 39.564960956573486 4
1 -1 2 670.95 468.07 -1 6368.54 10 93 631.1800000000001 75135.67000000001 2222.02 40.99456167221069 4
0 -1 3 789.4 372.44 -1 372.44 1 81 372.44 64686.19000000001 1833.1499999999999 0.03255343437194824 4
1 -1 3 757.13 365.47999999999996 -2 3678.6399999999994 10 93 365.47999999999996 77770.53 1812.2699999999998 0.04067516326904297 4
0 -1 4 615.47 451.54 -2 617.19 1 81 617.19 51087.53999999999 2303.11 24.853389024734497 4
1 -1 4 644.5 447.78000000000003 -1 6338.640000000001 10 93 606.01 72615.83 2265.81 20.76052188873291 4
0 -1 5 575.83 431.31 -1 518.0 1 81 518.0 47678.61000000001 1985.31 27.8070650100708 4
1 -1 5 571.59 429.45000000000005 -4 5056.719999999999 10 93 502.56 63271.47000000002 1937.13 29.609621047973633 4
0 -1 6 700.66 580.0600000000001 -1 705.1200000000001 1 81 705.1200000000001 58163.52 2695.4200000000005 42.08088707923889 4
1 -1 6 664.79 462.40999999999997 -2 6126.8200000000015 10 93 599.97 74078.84000000003 2262.32 38.62914204597473 4
0 -1 7 588.62 437.31 -1 1004.1400000000009 1 81 1004.1400000000009 49686.38999999999 3449.7300000000027 23.839953899383545 4
1 -1 7 658.84 437.16 -4 9260.240000000002 10 93 916.69 79792.75000000004 3187.23 15.324297904968262 4
0 -1 8 545.06 411.88 -2 848.9900000000018 1 81 848.9900000000018 45847.669999999984 2958.850000000006 29.241804838180542 4
1 -1 8 651.59 427.22 -4 8979.500000000002 10 93 894.7300000000001 78557.12000000001 2958.850000000006 15.574912071228027 4
random:5T:300
0 -1 0 90.83 0 -22 554.29 4 89 130.11 9192.380000000003 390.33000000000004 0.58858323097229 5
1 -1 0 89.04 0 -17 1438.0299999999997 12 90 85.67 10889.519999999997 257.01 0.5056948661804199 5
0 -1 1 79.86 0 -16 390.9 4 89 58.86 7889.059999999999 176.57999999999998 0.5128240585327148 5
1 -1 1 86.28 0 -17 1363.05 12 90 73.27 10491.490000000002 176.57999999999998 0.45380091667175293 5
0 -1 2 71.83 0 -17 276.67999999999995 4 89 17.59 6945.810000000001 52.769999999999996 10.388498306274414 5
1 -1 2 82.73 0 -16 1075.25 12 90 53.82 9596.189999999997 52.769999999999996 8.426605939865112 5
0 -1 3 67.45 0.0 -19 0.0 4 89 0.0 6002.910000000001 0.0 0.024493694305419922 5
1 -1 3 62.21 0.0 -21 6.94 12 90 0.0 5613.210000000004 0.0 0.021254777908325195 5
0 -1 4 79.86 0 -16 390.9 4 89 58.86 7889.059999999999 176.57999999999998 0.5372719764709473 5
1 -1 4 86.28 0 -17 1363.05 12 90 73.27 10491.490000000002 176.57999999999998 0.4367239475250244 5
0 -1 5 58.01 0 -31 85.34 4 89 0.0 5333.530000000002 0.0 5.9957358837127686 5
1 -1 5 56.79 0 -28 434.22 12 90 0.0 5979.63 0.0 5.127554655075073 5
0 -1 6 90.83 0 -22 554.29 4 89 130.11 9192.380000000003 390.33000000000004 13.803349018096924 5
1 -1 6 88.93 0 -15 1309.55 12 90 85.67 10622.849999999999 257.01 9.33122205734253 5
0 -1 7 93.27 0 -24 385.49 4 89 0 9071.949999999995 0 4.9576311111450195 5
1 -1 7 90.02 0 -15 1175.47 12 90 59.58 10452.720000000001 0 3.492849826812744 5
0 -1 8 71.83 0 -17 276.67999999999995 4 89 17.59 6945.810000000001 52.769999999999996 3.376734972000122 5
1 -1 8 82.73 0 -16 1075.25 12 90 53.82 9596.189999999997 52.769999999999996 2.990217924118042 5
random:5T:600
0 -1 0 267.61 0 -4 1205.58 4 89 268.56 26228.86 805.6800000000001 1.09674072265625 5
1 -1 0 266.65 0 -7 3998.5099999999993 12 90 236.97 31995.229999999985 710.91 0.9862539768218994 5
0 -1 1 243.02 171.51999999999998 -4 772.81 4 89 184.32 23173.960000000006 724.48 5.489880084991455 5
1 -1 1 239.28 155.32000000000002 -1 2164.82 12 90 171.44 25864.72 669.64 15.118225812911987 5
0 -1 2 219.06 121.49999999999991 -1 682.11 4 89 159.06 20860.730000000014 598.68 27.893471240997314 5
1 -1 2 223.04 133.70999999999998 -1 2100.8600000000006 12 90 167.12 24275.239999999994 598.68 15.362515926361084 5
0 -1 3 233.64 0.0 -1 477.83 4 89 93.24 21749.780000000002 279.71999999999997 0.021337032318115234 5
1 -1 3 242.52 5.2 -1 1525.31 12 90 5.2 24876.99 15.600000000000001 0.018775224685668945 5
0 -1 4 243.02 171.51999999999998 -4 772.81 4 89 184.32 23173.960000000006 724.48 5.489789962768555 5
1 -1 4 239.28 155.32000000000002 -1 2164.82 12 90 171.44 25864.72 669.64 15.087519884109497 5
0 -1 5 184.22 0 -2 585.4200000000001 4 89 106.39 17566.689999999995 319.17 16.0572669506073 5
1 -1 5 188.98 9.21 -1 1859.6299999999999 12 90 60.97 20727.530000000006 182.91 13.533306121826172 5
0 -1 6 250.78 107.68 -1 743.84 4 89 184.08 23807.30000000001 659.9200000000001 23.76685118675232 5
1 -1 6 242.22 139.24 -1 2152.9300000000003 12 90 174.2 26105.23999999998 630.28 16.42289423942566 5
0 -1 7 256.04 76.9 -1 705.05 4 89 153.89999999999995 24197.539999999994 538.5999999999998 9.151916980743408 5
1 -1 7 254.48 102.65999999999998 -1 2762.19 12 90 221.61999999999998 28427.75999999999 538.5999999999998 5.952253818511963 5
0 -1 8 222.48 99.48000000000008 -1 871.0899999999999 4 89 209.64999999999998 21543.09000000001 728.4300000000001 7.6073899269104 5
1 -1 8 234.56 113.81 -1 2751.23 12 90 226.89000000000001 26612.87 728.4300000000001 6.686199903488159 5
random:5T:900
0 -1 0 461.82 122.85 -1 2023.16 4 89 469.6700000000001 45148.450000000004 1531.8600000000001 1.6466100215911865 5
1 -1 0 452.07 0 -5 6627.879999999999 12 90 397.18 53941.62999999998 1191.54 1.5820319652557373 5
0 -1 1 395.86 321.65 -2 1481.75 4 89 346.52 38194.81000000003 1361.21 9.677987098693848 5
1 -1 1 412.37 317.22 -1 4189.54 12 90 335.48 45492.46 1323.66 8.318880081176758 5
0 -1 2 371.68 297.98 -4 1301.16 4 89 307.5 35681.51999999998 1220.48 29.11352825164795 5
1 -1 2 390.6 281.43000000000023 -1 3983.74 12 90 315.96 43121.71000000002 1203.9300000000003 27.483410120010376 5
0 -1 3 406.94 175.88000000000002 -1 726.8199999999999 4 89 175.88000000000002 37671.010000000024 782.3600000000001 0.029417037963867188 5
1 -1 3 392.88 156.31 -1 2200.91 12 90 156.31 39761.310000000005 723.65 0.019742965698242188 5
0 -1 4 394.34 321.65 -2 1481.42 4 89 346.52 38059.23 1361.21 9.720152139663696 5
1 -1 4 408.84 324.09000000000003 -1 4097.66 12 90 324.09000000000003 44991.19999999999 1293.92 8.21936583518982 5
0 -1 5 319.21 220.99 -2 1169.51 4 89 268.5 30748.899999999972 1026.49 21.72737979888916 5
1 -1 5 333.38 228.57 -2 3465.1899999999996 12 90 233.06 36934.560000000005 920.1700000000001 17.25920581817627 5
0 -1 6 407.24 335.55 -2 1385.9199999999998 4 89 345.5 39016.01999999998 1372.05 30.313260078430176 5
1 -1 6 411.68 317.7 -1 4042.7799999999997 12 90 331.92 45136.46999999998 1313.46 22.389601707458496 5
0 -1 7 395.88 198.37 -2 1619.67 4 89 400.8299999999999 38472.54000000001 1400.8599999999997 10.324301719665527 5
1 -1 7 405.88 219.44 -4 5324.07 12 90 438.23 47176.89000000003 1400.8599999999997 7.824696779251099 5
0 -1 8 350.11 222.51 -2 1884.3300000000004 4 89 467.7800000000001 34928.41999999999 1625.8500000000001 8.812207221984863 5
1 -1 8 381.14 208.21 -1 5220.679999999999 12 90 429.37 44744.24 1496.3200000000002 7.33588981628418 5
random:5T:1200
0 -1 0 667.28 292.91 -1 2803.5699999999997 4 89 641.27 64995.310000000005 2216.72 2.217555046081543 5
1 -1 0 624.71 0 -5 9513.75 12 90 564.55 75251.17 1693.6499999999999 2.1047887802124023 5
0 -1 1 516.19 400.98 -1 1899.9499999999998 4 89 447.61 49740.47000000002 1743.81 15.114367961883545 5
1 -1 1 555.29 408.52 -2 5804.09 12 90 463.87 61584.66999999996 1743.81 18.38523769378662 5
0 -1 2 508.93 416.43 -1 1920.4899999999998 4 89 461.40999999999997 49136.159999999996 1800.66 35.67005205154419 5
1 -1 2 545.2 417.7700000000003 -1 5779.489999999999 12 90 473.21999999999997 60627.17999999999 1800.66 34.45979690551758 5
0 -1 3 592.05 276.71000000000004 -1 1218.3799999999999 4 89 276.71000000000004 55129.02000000003 1277.9700000000003 0.02852916717529297 5
1 -1 3 579.5 189.9 -1 3727.0299999999997 12 90 189.9 59608.739999999976 1017.5400000000001 0.03738713264465332 5
0 -1 4 515.58 403.98 -1 1900.47 4 89 447.78 49687.99999999998 1747.32 15.773199081420898 5
1 -1 4 548.53 405.47 -1 5794.07 12 90 462.97 60956.10000000002 1747.32 16.31600022315979 5
0 -1 5 459.32 357.58 -2 1576.49 4 89 366.37 44032.82000000002 1456.69 28.783904314041138 5
1 -1 5 477.08 358.28 -2 4451.259999999999 12 90 360.37 51839.86999999999 1438.69 24.358357906341553 5
0 -1 6 527.73 423.88 -2 1944.74 4 89 483.05 50857.6 1873.0300000000002 36.03030204772949 5
1 -1 6 561.75 407.09999999999997 -1 5947.64 12 90 484.35999999999996 62452.87000000002 1856.25 30.226216077804565 5
0 -1 7 515.58 332.14 -2 2571.84 4 89 641.3600000000001 51030.449999999975 2256.2200000000003 13.40745496749878 5
1 -1 7 549.53 331.7 -2 7913.449999999999 12 90 646.6099999999999 65284.40999999998 2255.78 11.458503246307373 5
0 -1 8 478.45 327.03 -4 2640.2000000000007 4 89 646.4600000000003 47862.309999999954 2266.4100000000008 13.670655012130737 5
1 -1 8 512.36 270.11 -2 7387.4400000000005 12 90 606.6400000000001 60887.24999999999 2090.03 10.552747964859009 5
random:5T:1500
0 -1 0 865.42 417.48 -1 3655.91 4 89 873.8400000000001 84333.78000000004 3039.0000000000005 2.9399209022521973 5
1 -1 0 793.32 0 -1 11612.0 12 90 632.05 94622.68 1896.1499999999999 2.6094090938568115 5
0 -1 1 628.91 456.01 -1 2452.6800000000003 4 89 612.13 60878.38999999998 2292.3999999999996 21.747557878494263 5
1 -1 1 693.38 458.8500000000001 -2 7713.719999999998 12 90 626.28 77832.04000000002 2292.3999999999996 20.526008129119873 5
0 -1 2 631.74 467.46999999999997 -2 2353.68 4 89 577.49 60932.0 2199.94 41.243242025375366 5
1 -1 2 669.11 456.66 -1 7146.06 12 90 533.01 74512.03999999996 2055.69 31.87967610359192 5
0 -1 3 767.96 364.6 -1 1483.21 4 89 364.6 71315.09999999998 1797.13 0.0386350154876709 5
1 -1 3 734.85 340.9200000000001 -1 4463.49 12 90 340.9200000000001 75063.40999999995 1726.0900000000001 0.03464984893798828 5
0 -1 4 621.38 448.69000000000005 -1 2452.0299999999997 4 89 610.6 60207.19999999997 2280.4900000000002 21.878463983535767 5
1 -1 4 688.19 460.53 -1 7712.400000000001 12 90 625.4200000000001 77361.84000000001 2280.4900000000002 21.54647922515869 5
0 -1 5 585.16 412.32000000000005 -1 2029.19 4 89 473.58000000000004 56137.18000000002 1833.0600000000004 34.4923882484436 5
1 -1 5 614.29 444.3900000000001 -4 6285.42 12 90 511.5 67857.35999999996 1833.0600000000004 28.111877918243408 5
0 -1 6 649.31 477.28 -1 2571.84 4 89 641.8 62931.97 2402.68 43.79891896247864 5
1 -1 6 711.41 465.7 -1 7468.03 12 90 618.9 78962.83999999998 2322.3999999999996 35.50659728050232 5
0 -1 7 613.0 430.71999999999997 -2 3511.9199999999996 4 89 874.08 61580.97999999999 3052.96 14.585767984390259 5
1 -1 7 685.49 431.2 -4 10691.340000000002 12 90 887.72 83077.01000000001 3052.96 13.177934885025024 5
0 -1 8 576.13 426.21 -2 3567.3199999999997 4 89 889.76 58410.590000000004 3095.49 14.496942043304443 5
1 -1 8 623.94 401.70000000000005 -4 8180.870000000001 12 90 671.8200000000002 72515.95999999995 2417.1600000000008 11.684006929397583 5
random:6T:300
0 -1 0 93.65 0 -23 1874.3900000000003 13 96 117.21 12739.640000000003 351.63 0.527094841003418 6
1 -1 0 86.54 0 -26 48.77 1 81 48.77 7107.3399999999965 146.31 0.5081732273101807 6
0 -1 1 90.35 0 -18 1490.0 13 96 0.0 11653.630000000005 0.0 0.497542142868042 6
1 -1 1 87.01 0 -12 56.2 1 81 56.2 7160.469999999995 0.0 0.4607269763946533 6
0 -1 2 82.25 0 -16 1228.7199999999998 13 96 16.24 10353.37 48.72 8.69672703742981 6
1 -1 2 81.16 0 -12 79.99 1 81 79.99 6733.949999999995 48.72 9.088151931762695 6
0 -1 3 66.36 0.0 -26 0.0 13 96 0.0 6370.939999999999 0.0 0.016571998596191406 6
1 -1 3 78.21 0.0 -13 0.0 1 81 0.0 6334.610000000001 0.0 0.021660804748535156 6
0 -1 4 90.35 0 -18 1490.0 13 96 0.0 11653.630000000005 0.0 0.47125697135925293 6
1 -1 4 87.01 0 -12 56.2 1 81 56.2 7160.469999999995 0.0 0.44284701347351074 6
0 -1 5 65.06 0 -27 833.9700000000001 13 96 0.0 7913.780000000006 0.0 6.366456985473633 6
1 -1 5 70.41 0.0 -19 0.0 1 81 0.0 5703.41 0.0 6.375361919403076 6
0 -1 6 92.55 0 -24 1658.1799999999998 13 96 117.21 12200.830000000004 351.63 11.075786113739014 6
1 -1 6 85.57 0 -18 52.39 1 81 52.39 7035.939999999996 157.17000000000002 11.714471817016602 6
0 -1 7 98.07 0 -22 1555.57 13 96 69.64 12525.800000000008 208.92000000000002 4.2879180908203125 6
1 -1 7 85.48 0 -18 47.36 1 81 47.36 7018.499999999997 142.07999999999998 3.795807123184204 6
0 -1 8 82.25 0 -16 1228.7199999999998 13 96 16.24 10353.37 48.72 3.0602407455444336 6
1 -1 8 81.16 0 -12 79.99 1 81 79.99 6733.949999999995 48.72 3.016385078430176 6
random:6T:600
0 -1 0 263.09 0 -7 4489.64 13 96 270.33 34235.680000000015 810.99 1.0593340396881104 6
1 -1 0 274.17 0.0 -3 233.04000000000002 1 81 233.04000000000002 22673.46 699.1200000000001 1.0378031730651855 6
0 -1 1 236.43 127.87000000000005 -3 2333.96 13 96 140.92 27365.189999999984 550.63 5.553964853286743 6
1 -1 1 248.92 182.2 -1 239.17000000000002 1 81 239.17000000000002 20640.660000000007 550.63 1.9426870346069336 6
0 -1 2 224.0 96.99000000000001 -1 2290.09 13 96 158.76 26083.850000000002 573.27 24.572372913360596 6
1 -1 2 230.94 173.81 -2 174.6 1 81 174.6 19055.330000000005 573.27 16.467954874038696 6
0 -1 3 239.67 31.13 -1 1675.02 13 96 46.57 26358.119999999988 170.84 0.020422935485839844 6
1 -1 3 258.59 0.0 -1 151.93 1 81 151.93 21249.83 139.71 0.020788192749023438 6
0 -1 4 236.43 127.87000000000005 -3 2333.96 13 96 140.92 27365.189999999984 550.63 5.804965972900391 6
1 -1 4 248.92 182.2 -1 239.17000000000002 1 81 239.17000000000002 20640.660000000007 550.63 2.0733611583709717 6
0 -1 5 193.83 0.0 -1 2194.79 13 96 151.37 22997.520000000008 454.11 14.714944124221802 6
1 -1 5 212.19 98.11999999999998 -1 141.15 1 81 141.15 17469.370000000003 423.45000000000005 26.865869998931885 6
0 -1 6 244.31 127.67 -1 2385.59 13 96 181.21 28224.769999999986 671.3 19.225993871688843 6
1 -1 6 254.37 166.70000000000007 -1 166.8 1 81 166.8 20937.33 628.07 22.808650970458984 6
0 -1 7 262.89 120.24 -4 2901.77 13 96 198.54999999999998 31041.28 715.89 7.068427085876465 6
1 -1 7 253.58 131.51 -4 273.5499999999999 1 81 273.5499999999999 21087.24 715.89 8.038570880889893 6
0 -1 8 229.16 92.65 -1 2575.99 13 96 189.64 27151.30000000001 661.5699999999999 6.3934409618377686 6
1 -1 8 231.75 147.01 -2 303.6899999999999 1 81 303.6899999999999 19379.44000000001 661.5699999999999 10.977697610855103 6
random:6T:900
0 -1 0 446.76 0 -3 7100.969999999999 13 96 436.88 57091.34999999998 1310.6399999999999 1.6787352561950684 6
1 -1 0 483.42 192.8 -1 422.62 1 81 422.62 40002.36999999999 1267.8600000000001 1.5993332862854004 6
0 -1 1 390.93 277.2500000000001 -3 4436.889999999999 13 96 329.0 46402.88000000004 1264.25 20.343488931655884 6
1 -1 1 413.92 332.73 -1 398.12 1 81 398.12 34324.109999999986 1264.25 9.12620496749878 6
0 -1 2 383.18 272.64000000000016 -2 4317.36 13 96 308.15 45420.469999999994 1197.0900000000001 30.69663095474243 6
1 -1 2 385.71 311.0900000000001 -2 318.53999999999996 1 81 318.53999999999996 31879.33999999999 1197.0900000000001 26.938852787017822 6
0 -1 3 401.04 165.5 -1 2402.6800000000003 13 96 165.5 43304.77000000001 778.72 0.03191089630126953 6
1 -1 3 424.82 188.92 -1 188.92 1 81 188.92 34788.10999999998 744.76 0.02532505989074707 6
0 -1 4 390.93 277.2500000000001 -3 4436.889999999999 13 96 329.0 46402.88000000004 1264.25 20.811084985733032 6
1 -1 4 410.45 332.74 -1 398.3 1 81 398.3 34042.86999999999 1264.25 9.73863172531128 6
0 -1 5 335.49 219.16 -1 3824.8599999999997 13 96 285.72 39856.729999999996 1076.3200000000002 20.331762075424194 6
1 -1 5 360.26 278.4 -1 279.52 1 81 279.52 29740.5 1057.72 22.90492606163025 6
0 -1 6 412.74 338.37 -1 4486.290000000002 13 96 340.88 48595.44999999998 1361.01 29.330135107040405 6
1 -1 6 420.66 356.02 -1 393.6 1 81 393.6 34861.01000000001 1361.01 29.496299028396606 6
0 -1 7 423.0 201.27 -4 5757.259999999999 13 96 438.0 52122.53999999997 1515.27 9.378834247589111 6
1 -1 7 386.54 262.01 -4 536.8399999999999 1 81 536.8399999999999 32383.410000000007 1515.27 10.039781093597412 6
0 -1 8 378.55 203.76 -2 5578.59 13 96 425.66 47497.82000000002 1480.74 8.700102806091309 6
1 -1 8 348.69 242.2 -2 514.2399999999999 1 81 514.2399999999999 29272.150000000012 1480.74 12.737981081008911 6
random:6T:1200
0 -1 0 626.7 0 -2 9918.499999999998 13 96 498.02 79999.92999999996 1494.06 2.4171719551086426 6
1 -1 0 694.96 331.28 -1 599.99 1 81 599.99 57491.87999999999 1494.06 2.085409641265869 6
0 -1 1 533.21 393.43 -1 6391.8099999999995 13 96 424.94 63971.499999999985 1668.25 15.887356281280518 6
1 -1 1 536.0 418.29999999999995 -1 541.56 1 81 541.56 44499.15 1668.25 15.621337175369263 6
0 -1 2 529.75 395.27000000000004 -4 6218.780000000001 13 96 463.49999999999994 63293.61 1785.7699999999998 33.14793610572815 6
1 -1 2 519.11 448.51 -2 478.34 1 81 478.34 43004.53 1785.7699999999998 32.362858057022095 6
0 -1 3 598.07 261.72 -1 4278.33 13 96 261.72 65971.50999999998 1282.95 0.03761482238769531 6
1 -1 3 604.51 326.01 -1 326.01 1 81 326.01 49617.02999999997 1228.21 0.025518178939819336 6
0 -1 4 532.35 397.87 -1 6391.8099999999995 13 96 424.94 63888.78999999998 1672.69 16.113378047943115 6
1 -1 4 534.88 414.74 -1 541.5600000000001 1 81 541.5600000000001 44408.100000000006 1672.69 17.533546924591064 6
0 -1 5 465.37 344.74 -2 4711.48 13 96 344.74 54098.77000000002 1379.96 24.688683032989502 6
1 -1 5 490.69 401.56 -4 436.31000000000006 1 81 436.31000000000006 40618.28 1379.96 26.987701892852783 6
0 -1 6 552.96 411.40000000000003 -1 6499.9800000000005 13 96 494.53 66084.24999999999 1894.99 35.79397392272949 6
1 -1 6 543.61 417.29 -2 533.97 1 81 533.97 45099.970000000016 1894.99 32.434000968933105 6
0 -1 7 560.59 331.90999999999997 -2 8430.93 13 96 637.66 70678.63 2244.89 11.844563245773315 6
1 -1 7 495.91 394.39 -1 811.3599999999992 1 81 811.3599999999992 41791.71 2244.89 12.899744033813477 6
0 -1 8 503.05 269.22 -4 7671.9400000000005 13 96 564.48 63636.65 1962.66 10.455643892288208 6
1 -1 8 475.61 357.87 -2 745.7100000000013 1 81 745.7100000000013 40015.81 1962.66 21.994696378707886 6
random:6T:1500
0 -1 0 786.22 0 -1 12848.1 13 96 648.98 101172.85 1946.94 3.062941074371338 6
1 -1 0 905.47 407.23 -1 802.86 1 81 802.86 74948.92 1946.94 2.6183691024780273 6
0 -1 1 631.95 441.32 -1 6877.15 13 96 520.51 74421.48 2002.85 18.32657217979431 6
1 -1 1 641.4 458.71 -1 655.49 1 81 655.49 53264.130000000005 2002.85 19.02089786529541 6
0 -1 2 649.27 453.64 -1 7005.900000000001 13 96 520.78 76341.70999999998 2015.98 37.238128900527954 6
1 -1 2 653.74 583.1700000000001 -2 634.29 1 81 634.29 54221.76999999999 2015.98 36.92110896110535 6
0 -1 3 757.95 359.12 -1 5109.09 13 96 359.12 82981.06000000006 1816.43 0.042825937271118164 6
1 -1 3 786.42 377.22999999999996 -1 377.22999999999996 1 81 377.22999999999996 64454.39999999999 1760.8200000000002 0.02976512908935547 6
0 -1 4 634.81 451.52 -1 6859.64 13 96 518.33 74661.23 2006.5100000000002 18.832242965698242 6
1 -1 4 645.49 458.71 -1 656.3500000000001 1 81 656.3500000000001 53597.189999999995 2006.5100000000002 20.597463130950928 6
0 -1 5 600.17 440.19 -4 6757.210000000001 13 96 510.68 71130.60000000003 1972.23 30.966078996658325 6
1 -1 5 610.37 533.64 -4 591.6500000000001 1 81 591.6500000000001 50623.34000000003 1972.23 29.443175077438354 6
0 -1 6 679.96 462.86 -2 8155.839999999999 13 96 617.26 81587.64999999997 2314.64 37.80467200279236 6
1 -1 6 657.25 476.90999999999997 -1 612.76 1 81 612.76 54462.68000000001 2301.14 34.66587805747986 6
0 -1 7 678.61 408.28999999999996 -4 11007.429999999998 13 96 844.21 87161.58 2940.92 14.592941999435425 6
1 -1 7 600.36 454.35999999999996 -2 980.4399999999993 1 81 980.4399999999993 50590.31000000003 2940.92 16.803854942321777 6
0 -1 8 618.84 364.04 -2 9280.380000000001 13 96 702.2900000000001 77968.94000000002 2470.9100000000003 12.87732982635498 6
1 -1 8 571.19 444.02 -4 961.2300000000009 1 81 961.2300000000009 48189.15000000002 2470.9100000000003 22.792826175689697 6
random:7T:300
0 -1 0 96.49 0 -21 1629.3200000000004 11 94 116.16 12328.73 348.48 0.5649511814117432 7
1 -1 0 93.04 0 -26 129.43 1 81 129.43 7795.479999999999 348.48 0.540250301361084 7
0 -1 1 95.58 0 -13 1389.04 11 94 118.31 11762.160000000007 354.93 0.48528385162353516 7
1 -1 1 97.71 0.0 -10 126.24 1 81 126.24 8167.060000000001 354.93 0.5066208839416504 7
0 -1 2 91.32 0 -12 1316.45 11 94 110.99 11217.370000000003 332.96999999999997 10.789200782775879 7
1 -1 2 85.4 0.0 -10 126.24 1 81 126.24 7170.119999999999 332.96999999999997 11.568472862243652 7
0 -1 3 69.11 0.0 -23 0.0 11 94 0.0 6496.220000000003 0.0 0.017218828201293945 7
1 -1 3 73.05 0.0 -16 0.0 1 81 0.0 5916.990000000002 0.0 0.018519163131713867 7
0 -1 4 95.58 0 -13 1389.04 11 94 118.31 11762.160000000007 354.93 0.4921107292175293 7
1 -1 4 97.71 0.0 -10 126.24 1 81 126.24 8167.060000000001 354.93 0.5015912055969238 7
0 -1 5 68.44 0 -22 782.8199999999999 11 94 23.85 7999.4500000000035 71.55000000000001 7.595451831817627 7
1 -1 5 75.92 0 -20 86.53 1 81 86.53 6322.870000000002 71.55000000000001 9.020597219467163 7
0 -1 6 94.2 0 -27 1378.3600000000004 11 94 116.16 11611.8 348.48 11.739953994750977 7
1 -1 6 91.96 0 -19 129.43 1 81 129.43 7707.94 348.48 11.815309047698975 7
0 -1 7 98.2 0 -23 1332.4 11 94 113.11 11895.35 339.33 4.309171915054321 7
1 -1 7 98.24 0 -18 127.2 1 81 127.2 8212.019999999997 339.33 4.190433025360107 7
0 -1 8 91.32 0 -12 1316.45 11 94 110.99 11217.370000000003 332.96999999999997 3.867694854736328 7
1 -1 8 85.4 0.0 -10 126.24 1 81 126.24 7170.119999999999 332.96999999999997 4.0542027950286865 7
random:7T:600
0 -1 0 274.95 0 -1 3932.91 11 94 275.15 33710.77000000002 825.4499999999999 1.1654400825500488 7
1 -1 0 292.43 0 -3 281.18 1 81 281.18 24249.280000000017 825.4499999999999 1.1102831363677979 7
0 -1 1 252.62 150.61000000000007 -2 2015.43 11 94 181.45 27776.999999999985 694.96 11.749538898468018 7
1 -1 1 269.16 201.18 -2 280.75 1 81 280.75 22363.119999999984 694.96 4.130570888519287 7
0 -1 2 248.7 188.95999999999998 -1 2490.1299999999997 11 94 216.58999999999997 28358.11000000001 838.73 22.19676899909973 7
1 -1 2 248.48 192.42 -2 244.82999999999998 1 81 244.82999999999998 20616.270000000004 838.73 19.32987904548645 7
0 -1 3 245.48 36.33 -1 1508.3799999999999 11 94 129.39 26091.829999999984 424.49999999999994 0.024820804595947266 7
1 -1 3 233.62 0.0 -2 86.72 1 81 86.72 19097.030000000006 260.15999999999997 0.0169219970703125 7
0 -1 4 252.62 150.61000000000007 -2 2015.43 11 94 181.45 27776.999999999985 694.96 12.957421064376831 7
1 -1 4 269.16 201.18 -2 280.75 1 81 280.75 22363.119999999984 694.96 4.476946830749512 7
0 -1 5 207.1 33.41000000000001 -1 1880.7000000000003 11 94 160.45999999999998 23228.770000000004 514.79 23.794804096221924 7
1 -1 5 222.59 79.83000000000001 -1 174.39 1 81 174.39 18378.470000000012 514.79 28.591850996017456 7
0 -1 6 255.95 148.41000000000003 -1 2013.09 11 94 180.97 28085.400000000012 691.3199999999999 25.01776123046875 7
1 -1 6 266.18 152.21 -1 183.92 1 81 183.92 21928.170000000002 691.3199999999999 24.323657035827637 7
0 -1 7 282.11 153.17 -1 3099.26 11 94 276.96 32717.30000000002 984.0499999999998 8.905128240585327 7
1 -1 7 274.04 151.56 -1 317.5799999999999 1 81 317.5799999999999 22832.760000000002 982.4399999999998 8.333403825759888 7
0 -1 8 258.5 159.04 -1 3246.6399999999994 11 94 293.56 30791.829999999994 1039.72 7.86279296875 7
1 -1 8 239.69 166.65 -2 344.87999999999994 1 81 344.87999999999994 20104.74 1039.72 11.178223133087158 7
random:7T:900
0 -1 0 468.29 0 -1 6396.3 11 94 479.2 56811.46000000002 1437.6 1.8258991241455078 7
1 -1 0 499.63 124.45 -2 489.39 1 81 489.39 41448.950000000004 1437.6 1.805056095123291 7
0 -1 1 408.76 309.7600000000003 -2 3786.25 11 94 339.34000000000003 45995.51999999999 1327.7800000000004 23.84026288986206 7
1 -1 1 417.83 360.06 -1 437.75 1 81 437.75 34720.02000000001 1327.7800000000004 11.855355024337769 7
0 -1 2 402.1 333.13 -2 3737.58 11 94 333.21000000000004 45272.80999999998 1332.7600000000002 29.46468687057495 7
1 -1 2 400.89 334.19 -2 339.28999999999996 1 81 339.28999999999996 33150.28 1332.7600000000002 28.259618997573853 7
0 -1 3 408.63 183.91 -2 2045.63 11 94 183.91 42502.459999999985 837.8 0.036370277404785156 7
1 -1 3 416.21 174.42999999999998 -1 174.42999999999998 1 81 174.42999999999998 34062.2 760.46 0.0217130184173584 7
0 -1 4 408.76 309.7600000000003 -2 3786.25 11 94 339.34000000000003 45995.51999999999 1327.7800000000004 26.232362985610962 7
1 -1 4 417.87 360.06 -1 437.75 1 81 437.75 34722.86000000001 1327.7800000000004 12.349323034286499 7
0 -1 5 361.15 247.6 -3 3545.19 11 94 315.5 41038.409999999996 1194.1 24.70937705039978 7
1 -1 5 370.98 313.88 -1 332.05 1 81 332.05 30713.09 1194.1 25.885154008865356 7
0 -1 6 422.42 341.61 -1 3776.53 11 94 341.61 47260.30999999999 1367.08 33.914193868637085 7
1 -1 6 413.15 345.71 -1 346.39 1 81 346.39 34157.94999999999 1367.08 30.510458946228027 7
0 -1 7 440.17 261.87 -3 5803.09 11 94 519.99 52982.040000000015 1821.8400000000001 15.02907919883728 7
1 -1 7 406.75 306.75 -1 596.6200000000006 1 81 596.6200000000006 34139.58999999998 1821.8400000000001 15.993724822998047 7
0 -1 8 403.6 233.71999999999997 -4 5672.57 11 94 501.33000000000004 49283.36000000003 1737.7100000000003 11.3647940158844 7
1 -1 8 375.27 248.86 -2 559.05 1 81 559.05 31515.18999999999 1737.7100000000003 13.74573016166687 7
random:7T:1200
0 -1 0 656.0 45.69 -1 8536.89 11 94 662.95 78737.35000000002 2034.5400000000002 2.426501750946045 7
1 -1 0 706.93 203.58 -2 659.41 1 81 659.41 58580.05 2023.92 2.3809750080108643 7
0 -1 1 535.78 415.42 -1 5430.360000000001 11 94 487.21000000000004 61223.840000000026 1877.0500000000002 15.51262092590332 7
1 -1 1 541.6 425.46999999999997 -1 558.1099999999999 1 81 558.1099999999999 44986.04000000001 1877.0500000000002 19.189353942871094 7
0 -1 2 538.19 412.44 -1 5423.52 11 94 478.79999999999995 61437.05000000001 1848.84 34.284570932388306 7
1 -1 2 533.47 421.41 -1 494.4 1 81 494.4 44199.48999999998 1848.84 30.385064840316772 7
0 -1 3 608.3 330.94 -2 3707.8199999999997 11 94 330.94 64595.52 1497.81 0.02982497215270996 7
1 -1 3 573.15 224.07 -1 224.07 1 81 224.07 46873.420000000006 1107.0500000000002 0.028453826904296875 7
0 -1 4 534.65 415.42 -1 5430.36 11 94 487.21999999999997 61117.61000000002 1877.08 13.4702308177948 7
1 -1 4 530.91 425.46999999999997 -1 554.05 1 81 554.05 44111.950000000004 1877.08 17.273080110549927 7
0 -1 5 505.12 375.83000000000004 -1 5245.710000000001 11 94 469.89 57973.02 1785.5 27.39521098136902 7
1 -1 5 500.35 385.55 -1 473.64 1 81 473.64 41475.37000000002 1785.5 26.809338808059692 7
0 -1 6 557.46 421.44 -1 5276.8099999999995 11 94 473.35 62954.98 1841.4900000000002 31.79178214073181 7
1 -1 6 529.29 409.68 -1 455.68 1 81 455.68 43783.820000000014 1776.72 29.792938947677612 7
0 -1 7 574.6 374.42 -2 8563.27 11 94 775.7600000000002 71138.53000000007 2701.7000000000007 15.329521894454956 7
1 -1 7 506.28 393.78 -1 865.3700000000005 1 81 865.3700000000005 42739.460000000014 2701.7000000000007 15.85162901878357 7
0 -1 8 554.04 366.52 -3 8330.91 11 94 755.2600000000001 68741.12000000007 2632.3 14.15710997581482 7
1 -1 8 489.09 384.14 -4 804.2000000000015 1 81 804.2000000000015 41224.58000000001 2632.3 21.876402139663696 7
random:7T:1500
0 -1 0 838.42 250.6 -1 11300.390000000001 11 94 882.4699999999999 101412.06000000003 2898.0099999999998 2.810997247695923 7
1 -1 0 911.03 246.98 -2 868.1099999999999 1 81 868.1099999999999 75529.53000000001 2851.31 2.4829349517822266 7
0 -1 1 651.29 456.12 -2 6767.820000000001 11 94 612.85 74757.21 2294.67 19.001049041748047 7
1 -1 1 663.88 493.33 -1 680.88 1 81 680.88 55135.729999999974 2294.67 21.192118883132935 7
0 -1 2 684.3 507.96 -2 7008.3099999999995 11 94 631.5699999999999 78340.67000000003 2402.6699999999996 37.795247077941895 7
1 -1 2 652.36 468.81 -1 652.0799999999999 1 81 652.0799999999999 54145.15000000003 2363.52 32.4209189414978 7
0 -1 3 770.52 374.98999999999995 -2 4365.91 11 94 374.98999999999995 81160.73999999998 1868.4499999999998 0.03493213653564453 7
1 -1 3 770.52 354.96999999999997 -1 354.96999999999997 1 81 354.96999999999997 63122.40000000001 1731.9099999999999 0.032507896423339844 7
0 -1 4 645.74 453.38 -1 6742.159999999999 11 94 610.27 74183.40999999996 2284.19 17.65971612930298 7
1 -1 4 657.07 468.81 -1 680.8 1 81 680.8 54584.07 2284.19 21.03833317756653 7
0 -1 5 634.18 468.34999999999997 -1 6079.65 11 94 519.0400000000001 71772.24999999997 2025.4700000000003 27.967108249664307 7
1 -1 5 614.35 466.65 -1 590.13 1 81 590.13 50942.28999999998 2023.7700000000004 25.67979907989502 7
0 -1 6 708.62 471.42 -2 7066.730000000001 11 94 637.47 80744.00000000001 2383.83 31.94522500038147 7
1 -1 6 674.55 526.39 -1 622.14 1 81 622.14 55883.19 2337.84 29.41214609146118 7
0 -1 7 689.97 448.17 -1 10980.0 11 94 976.3999999999997 86817.21000000002 3377.3699999999994 14.19187879562378 7
1 -1 7 603.38 441.51 -1 1028.3000000000009 1 81 1028.3000000000009 50930.62000000002 3370.709999999999 16.9171199798584 7
0 -1 8 682.35 452.51 -2 10697.990000000002 11 94 953.3400000000001 85537.15000000005 3312.5300000000007 15.574229001998901 7
1 -1 8 589.52 448.31 -1 1014.8400000000014 1 81 1014.8400000000014 49780.62999999998 3308.3300000000004 19.727285146713257 7
random:8T:300
0 -1 0 88.29 0 -26 264.33 2 82 127.88 7768.720000000003 383.64 0.5496478080749512 8
1 -1 0 93.08 0 -40 1964.3200000000002 10 93 180.48000000000002 12584.940000000004 383.64 0.6481630802154541 8
0 -1 1 80.54 0 -15 25.42 2 82 0.0 6654.840000000005 0.0 0.5365931987762451 8
1 -1 1 95.06 0 -13 1341.6400000000003 10 93 128.66 11523.940000000004 0.0 0.5524921417236328 8
0 -1 2 75.58 0 -15 19.96 2 82 0.0 6237.530000000003 0.0 9.71386194229126 8
1 -1 2 84.96 0 -14 677.28 10 93 56.63 9255.96 0.0 10.80002212524414 8
0 -1 3 76.12 0.0 -15 0.0 2 82 0.0 6242.17 0.0 0.022288799285888672 8
1 -1 3 74.53 0.0 -22 0.0 10 93 0.0 6931.280000000002 0.0 0.02634286880493164 8
0 -1 4 80.54 0 -15 25.42 2 82 0.0 6654.840000000005 0.0 0.56278395652771 8
1 -1 4 95.06 0 -13 1341.6400000000003 10 93 128.66 11523.940000000004 0.0 0.5251429080963135 8
0 -1 5 70.41 0 -19 74.01 2 82 0.0 5921.240000000001 0.0 7.608916997909546 8
1 -1 5 71.42 0 -26 677.76 10 93 7.24 7997.770000000001 0.0 7.366743087768555 8
0 -1 6 87.4 0 -20 261.01 2 82 127.88 7688.630000000003 383.64 11.280845165252686 8
1 -1 6 92.3 0 -16 1458.3199999999997 10 93 141.27 11500.350000000004 383.64 11.047973155975342 8
0 -1 7 89.2 0 -23 0.0 2 82 0.0 7314.340000000006 0.0 3.073294162750244 8
1 -1 7 92.42 0 -23 1437.6000000000001 10 93 139.02 11469.820000000003 0.0 4.407753229141235 8
0 -1 8 75.58 0 -15 19.96 2 82 0.0 6237.530000000003 0.0 3.3205008506774902 8
1 -1 8 84.96 0 -14 677.28 10 93 56.63 9255.96 0.0 3.8966240882873535 8
random:8T:600
0 -1 0 250.68 0 -5 572.0799999999999 2 82 284.39 21700.00000000001 853.17 0.9288339614868164 8
1 -1 0 257.67 0 -6 3711.5199999999995 10 93 352.87999999999994 31386.320000000018 853.17 1.002467155456543 8
0 -1 1 243.25 167.74999999999983 -3 381.57000000000005 2 82 174.97000000000003 20709.37999999999 692.6599999999999 11.05397081375122 8
1 -1 1 243.52 173.82 -4 1849.7399999999998 10 93 183.75 26346.51 692.6599999999999 2.3947298526763916 8
0 -1 2 225.64 138.5200000000001 -2 318.65 2 82 159.06 19139.94999999999 615.7 29.041024208068848 8
1 -1 2 228.24 152.48 -1 1702.08 10 93 167.74 24630.249999999993 615.7 18.92121386528015 8
0 -1 3 253.78 34.34 -1 182.64 2 82 85.53 21175.190000000006 290.93000000000006 0.018101930618286133 8
1 -1 3 248.36 0.0 -1 1064.64 10 93 96.2 25227.030000000006 256.59000000000003 0.031022071838378906 8
0 -1 4 243.25 167.74999999999983 -3 381.57000000000005 2 82 174.97000000000003 20709.37999999999 692.6599999999999 13.280716896057129 8
1 -1 4 243.52 173.82 -4 1849.7399999999998 10 93 183.75 26346.51 692.6599999999999 2.739112138748169 8
0 -1 5 216.49 108.05999999999996 -1 298.69 2 82 127.09 18349.569999999996 489.3299999999999 24.02538299560547 8
1 -1 5 198.9 25.51 -1 1702.18 10 93 156.76 21901.810000000027 406.78 12.658395051956177 8
0 -1 6 243.97 136.2 -1 368.33000000000004 2 82 183.58 20742.03999999999 686.94 12.345703840255737 8
1 -1 6 244.99 140.95 -1 1875.6999999999996 10 93 186.56 26535.06 686.94 14.893073320388794 8
0 -1 7 254.54 105.39 -3 420.44 2 82 210.12 21713.379999999983 735.75 4.688216209411621 8
1 -1 7 263.0 137.14 -1 2745.7599999999993 10 93 271.01 29950.749999999996 735.75 5.009923219680786 8
0 -1 8 226.72 117.4 -2 395.6799999999999 2 82 183.53999999999988 19382.77999999999 668.0199999999996 5.91162896156311 8
1 -1 8 238.9 128.9 -1 2397.5 10 93 237.95999999999992 27013.11999999999 668.0199999999996 5.037377834320068 8
random:8T:900
0 -1 0 449.61 49.84 -1 911.1599999999999 2 82 449.66999999999996 38690.20000000002 1398.8499999999997 1.0613088607788086 8
1 -1 0 453.65 0 -3 6112.02 10 93 585.83 54413.58000000001 1349.0099999999998 1.1847310066223145 8
0 -1 1 395.54 319.86 -1 735.42 2 82 349.93999999999994 33905.33 1369.6799999999998 11.273136854171753 8
1 -1 1 410.45 320.55 -1 3463.2400000000007 10 93 342.22 45098.51000000002 1346.52 7.144353866577148 8
0 -1 2 377.4 284.52000000000004 -2 618.55 2 82 305.75 32183.609999999993 1201.77 18.51971125602722 8
1 -1 2 382.61 267.43000000000006 -2 3235.2999999999997 10 93 317.37 42053.67 1184.68 20.357738971710205 8
0 -1 3 430.2 174.16 -1 350.9 2 82 174.16 35978.00999999999 807.07 0.02281808853149414 8
1 -1 3 404.81 176.54000000000002 -2 1788.1999999999998 10 93 176.54000000000002 41223.99 775.77 0.023780107498168945 8
0 -1 4 395.8 312.15 -1 735.52 2 82 351.52 33926.27999999999 1366.71 19.32868218421936 8
1 -1 4 408.43 325.88000000000005 -1 3463.26 10 93 342.22 44910.77000000003 1338.81 8.014500141143799 8
0 -1 5 364.84 273.19 -2 623.5 2 82 295.40999999999997 31163.680000000004 1159.4199999999998 16.62082314491272 8
1 -1 5 329.89 216.76 -2 2912.9199999999996 10 93 262.26 36505.95999999998 1003.54 14.934058904647827 8
0 -1 6 398.47 313.41999999999996 -2 692.28 2 82 345.49 34058.71 1349.8899999999999 18.812592267990112 8
1 -1 6 423.76 350.92999999999995 -2 3527.9399999999996 10 93 350.92999999999995 46465.18999999999 1349.8899999999999 24.22388195991516 8
0 -1 7 389.41 228.87 -4 963.62 2 82 480.72 33859.02000000001 1671.0300000000002 7.543105125427246 8
1 -1 7 419.75 248.86 -4 5147.16 10 93 511.38999999999993 49331.45999999995 1671.0300000000002 7.989966869354248 8
0 -1 8 345.03 224.93 -1 944.3900000000003 2 82 470.31000000000023 30180.96000000002 1635.8600000000008 11.212918996810913 8
1 -1 8 381.25 233.89 -2 4930.16 10 93 489.61 45316.40999999999 1635.8600000000008 8.253825187683105 8
random:8T:1200
0 -1 0 653.06 252.87 -1 1296.61 2 82 627.06 56144.460000000014 2134.0499999999997 1.8469271659851074 8
1 -1 0 632.95 0 -2 8275.84 10 93 793.01 75416.33 1881.1799999999998 1.9678752422332764 8
0 -1 1 517.21 411.39 -1 915.4000000000001 2 82 453.65000000000003 44241.83000000001 1772.3400000000001 11.728964805603027 8
1 -1 1 545.35 405.45 -1 4884.6 10 93 480.81 60487.060000000056 1766.4 12.903317928314209 8
0 -1 2 508.59 413.15999999999997 -1 951.34 2 82 462.61 43607.46000000002 1800.9899999999998 20.823431968688965 8
1 -1 2 539.18 407.16 -1 4793.12 10 93 474.42 59729.81 1794.99 29.871438026428223 8
0 -1 3 633.12 293.63 -1 596.74 2 82 293.63 53109.32000000002 1381.77 0.0283968448638916 8
1 -1 3 575.21 248.85 -2 2630.62 10 93 248.85 58756.18999999997 1193.32 0.028891801834106445 8
0 -1 4 512.21 396.75 -1 922.98 2 82 449.38 43847.14000000002 1744.8899999999999 11.508636951446533 8
1 -1 4 540.88 405.45 -1 4876.259999999999 10 93 479.86 60054.709999999985 1744.8899999999999 12.409411191940308 8
0 -1 5 494.68 396.01 -2 893.43 2 82 417.35 42350.869999999995 1648.0600000000002 20.383498907089233 8
1 -1 5 470.12 362.92999999999995 -2 3784.2999999999997 10 93 364.1 51289.77000000001 1455.23 20.017876148223877 8
0 -1 6 540.82 420.77000000000004 -1 980.52 2 82 488.78000000000003 46308.58 1887.1100000000001 25.30919122695923 8
1 -1 6 561.05 420.98 -2 4912.42 10 93 488.65999999999997 62002.74999999999 1886.75 28.381864070892334 8
0 -1 7 496.55 334.28999999999996 -3 1386.9900000000002 2 82 692.31 43490.76 2411.22 8.746982097625732 8
1 -1 7 554.13 362.73 -2 7547.06 10 93 749.3900000000001 66628.50000000007 2411.22 10.08626389503479 8
0 -1 8 466.82 325.92999999999995 -2 1290.1500000000003 2 82 644.4100000000001 40859.63000000001 2259.1600000000003 12.469937086105347 8
1 -1 8 496.24 272.08 -2 6121.699999999999 10 93 574.6899999999999 58394.03000000001 1996.1499999999996 9.502657890319824 8
random:8T:1500
0 -1 0 862.04 364.23 -1 1690.68 2 82 819.3000000000001 74068.25000000004 2822.13 2.080648183822632 8
1 -1 0 812.48 0 -2 10553.279999999999 10 93 1006.7300000000001 96667.62 2457.9 2.287148952484131 8
0 -1 1 620.08 451.17999999999995 -1 1218.9899999999998 2 82 594.68 53284.69000000002 2235.22 14.138545751571655 8
1 -1 1 659.54 450.77 -1 6402.04 10 93 633.4 74141.51000000005 2234.81 15.324080228805542 8
0 -1 2 640.89 470.35 -1 1195.33 2 82 578.78 54943.90000000002 2206.69 27.619399070739746 8
1 -1 2 667.25 550.25 -2 6329.799999999999 10 93 628.81 74713.67 2206.69 27.915817975997925 8
0 -1 3 806.21 366.21 -1 734.53 2 82 366.21 67578.49999999997 1839.9799999999998 0.027261972427368164 8
1 -1 3 748.59 360.09000000000003 -2 3632.4800000000005 10 93 360.09000000000003 76883.71999999999 1769.09 0.02388310432434082 8
0 -1 4 631.07 459.71000000000004 -1 1218.87 2 82 587.71 54185.59000000003 2222.84 16.68422508239746 8
1 -1 4 645.16 447.90999999999997 -1 6149.879999999999 10 93 595.96 72299.56000000006 2211.04 14.064851999282837 8
0 -1 5 618.82 528.83 -4 1145.39 2 82 572.69 53033.98 2246.9 21.92937397956848 8
1 -1 5 598.24 458.97000000000014 -4 5260.180000000001 10 93 512.01 66156.77 1995.0 22.621153116226196 8
0 -1 6 649.94 470.88 -2 1274.01 2 82 636.48 55842.84999999999 2380.32 26.47825598716736 8
1 -1 6 678.94 476.96999999999997 -1 6313.960000000001 10 93 629.18 75769.00000000003 2358.42 29.93926501274109 8
0 -1 7 603.62 443.46999999999997 -1 1875.0100000000002 2 82 937.25 53246.57000000001 3255.22 11.388155221939087 8
1 -1 7 676.32 449.03 -1 9517.22 10 93 942.0799999999998 81931.91000000003 3255.22 12.288525819778442 8
0 -1 8 572.77 432.17999999999995 -4 1814.6000000000008 2 82 906.75 50596.310000000005 3152.43 16.32731604576111 8
1 -1 8 650.67 414.25 -1 8728.14 10 93 870.33 77968.4 3025.2400000000002 13.298918962478638 8
random:9T:300
0 -1 0 105.87 0 -16 2116.75 14 99 44.59 14714.83 133.77 0.4864387512207031 9
1 -1 0 102.37 0 -4 302.90999999999997 3 81 85.68 8897.490000000003 133.77 0.37751078605651855 9
0 -1 1 102.23 0.0 -6 1420.9799999999998 14 99 0.0 12962.8 0.0 0.33391404151916504 9
1 -1 1 94.93 0.0 -8 254.78 3 81 57.84 8198.93 0.0 0.3057880401611328 9
0 -1 2 88.16 0.0 -10 761.1999999999999 14 99 0.0 10250.029999999997 0.0 5.962495803833008 9
1 -1 2 87.64 0.0 -7 114.2 3 81 0.0 7327.060000000002 0.0 5.251214027404785 9
0 -1 3 89.33 0.0 -22 80.44 14 99 0.0 9004.140000000001 0.0 0.014970064163208008 9
1 -1 3 94.37 0.0 -11 129.95 3 81 0.0 7904.160000000002 0.0 0.013305187225341797 9
0 -1 4 102.23 0.0 -6 1420.9799999999998 14 99 0.0 12962.8 0.0 0.34284305572509766 9
1 -1 4 94.93 0.0 -8 254.78 3 81 57.84 8198.93 0.0 0.3154029846191406 9
0 -1 5 83.7 0.0 -13 638.11 14 99 0.0 9562.8 0.0 5.3677449226379395 9
1 -1 5 77.62 0.0 -13 41.53 3 81 0.0 6370.409999999997 0.0 3.896214723587036 9
0 -1 6 104.09 0.0 -16 1790.7 14 99 64.92 13885.830000000004 194.76 7.6022419929504395 9
1 -1 6 102.36 0.0 -3 302.90999999999997 3 81 85.68 8897.240000000003 194.76 7.129231929779053 9
0 -1 7 99.51 0 -10 1525.7599999999998 14 99 0.0 12902.910000000002 0.0 2.8659141063690186 9
1 -1 7 102.39 0.0 -3 299.94 3 81 85.69 8893.320000000003 0.0 2.3142340183258057 9
0 -1 8 88.16 0.0 -10 761.1999999999999 14 99 0.0 10250.029999999997 0.0 2.162864923477173 9
1 -1 8 87.64 0.0 -7 114.2 3 81 0.0 7327.060000000002 0.0 1.7310528755187988 9
random:9T:600
0 -1 0 286.4 0 -1 4698.169999999999 14 99 165.06 37750.219999999994 495.18 0.8734641075134277 9
1 -1 0 297.02 0 -1 869.0999999999999 3 81 276.35 25796.53999999999 495.18 0.7158200740814209 9
0 -1 1 258.87 183.10999999999996 -3 2967.7399999999993 14 99 186.68 31564.02999999999 743.1499999999999 4.98714017868042 9
1 -1 1 240.34 166.96000000000004 -3 522.0899999999999 3 81 168.01 20511.34999999999 670.99 18.848110914230347 9
0 -1 2 236.93 163.31 -1 2377.47 14 99 163.31 28211.12 654.84 14.115346193313599 9
1 -1 2 240.24 189.3 -3 634.05 3 81 207.56 20727.64 654.84 8.831402063369751 9
0 -1 3 278.24 97.6 -1 2027.8199999999997 14 99 97.6 31600.94000000001 393.49999999999994 0.021680831909179688 9
1 -1 3 286.14 90.32 -1 488.44 3 81 149.23999999999998 24154.390000000003 383.11999999999995 0.01653599739074707 9
0 -1 4 258.87 183.10999999999996 -3 2967.7399999999993 14 99 186.68 31564.02999999999 743.1499999999999 4.981362819671631 9
1 -1 4 240.34 166.96000000000004 -3 522.0899999999999 3 81 168.01 20511.34999999999 670.99 18.252763986587524 9
0 -1 5 236.0 165.09 -1 2410.6299999999997 14 99 165.42 28185.039999999997 661.35 12.515797138214111 9
1 -1 5 224.31 160.73999999999998 -1 554.39 3 81 161.94 19277.539999999994 646.56 9.408910036087036 9
0 -1 6 253.32 169.48999999999998 -1 2570.1999999999994 14 99 169.57999999999998 30219.130000000005 678.2299999999999 12.635643005371094 9
1 -1 6 269.89 202.53 -3 790.8599999999999 3 81 256.76 23442.67999999999 678.2299999999999 11.64940333366394 9
0 -1 7 255.84 112.24 -1 2756.53 14 99 186.69000000000003 30841.550000000007 672.3100000000001 4.69023585319519 9
1 -1 7 266.45 188.41 -6 873.24 3 81 289.21999999999997 23328.989999999998 672.3100000000001 3.960236072540283 9
0 -1 8 236.6 151.77 -3 2419.6099999999997 14 99 165.4 28262.580000000005 647.97 5.254136085510254 9
1 -1 8 239.46 160.36 -3 759.4199999999996 3 81 243.86999999999972 20914.969999999998 647.97 5.211128234863281 9
random:9T:900
0 -1 0 472.1 146.2 -1 7456.72 14 99 305.24 61650.95999999999 1061.92 1.425903081893921 9
1 -1 0 487.57 36.03 -1 1438.6100000000001 3 81 470.52 42370.15 951.75 1.176731824874878 9
0 -1 1 414.29 322.58 -6 4906.1500000000015 14 99 322.73 50826.890000000014 1290.77 8.106848955154419 9
1 -1 1 390.8 312.69000000000057 -3 1036.98 3 81 315.97 33728.549999999996 1260.6000000000006 15.166497707366943 9
0 -1 2 393.36 300.31 -3 4532.65 14 99 301.53999999999996 48007.950000000026 1204.9299999999998 15.367436170578003 9
1 -1 2 387.08 323.46 -3 1045.58 3 81 334.77000000000004 33444.49 1204.9299999999998 12.646193981170654 9
0 -1 3 455.58 176.85 -1 3343.3599999999997 14 99 176.85 51789.389999999956 864.31 0.02609086036682129 9
1 -1 3 474.01 248.20999999999998 -1 853.3499999999999 3 81 248.20999999999998 40101.82 856.6099999999999 0.021132230758666992 9
0 -1 4 414.29 322.58 -6 4906.1500000000015 14 99 322.73 50826.890000000014 1290.77 8.134471893310547 9
1 -1 4 390.8 312.69000000000057 -3 1036.98 3 81 315.97 33728.549999999996 1260.6000000000006 15.63992714881897 9
0 -1 5 395.3 303.53 -3 4502.719999999999 14 99 311.33000000000004 48139.85999999999 1237.52 17.34328603744507 9
1 -1 5 373.81 304.49 -3 988.95 3 81 313.02 32256.230000000025 1237.52 11.29556393623352 9
0 -1 6 414.9 298.02 -6 4795.85 14 99 305.95 50667.19 1215.87 17.288662672042847 9
1 -1 6 440.72 352.05 -1 1265.37 3 81 410.17999999999995 38229.23999999999 1215.87 16.30457091331482 9
0 -1 7 417.52 219.22 -6 5666.539999999999 14 99 398.33000000000004 52667.28999999997 1414.2100000000003 6.642128944396973 9
1 -1 7 408.77 245.98 -3 1595.6 3 81 525.4799999999999 36301.55 1414.2100000000003 5.691709995269775 9
0 -1 8 383.58 218.56 -3 5595.38 14 99 392.07 49165.21 1394.77 6.150624990463257 9
1 -1 8 348.84 232.46 -3 1485.04 3 81 488.63 31225.829999999998 1394.77 5.146213054656982 9
random:9T:1200
0 -1 0 657.59 234.18 -1 10131.370000000003 14 99 367.45000000000005 85364.34 1336.5300000000002 2.0882980823516846 9
1 -1 0 685.63 155.08 -1 2014.12 3 81 648.29 59564.46000000001 1257.43 1.5676751136779785 9
0 -1 1 561.03 409.07 -1 6910.58 14 99 455.90000000000003 69362.67999999998 1776.77 12.618199110031128 9
1 -1 1 527.56 437.48 -1 1421.2800000000002 3 81 448.8 45574.99000000002 1755.47 7.3948211669921875 9
0 -1 2 546.91 430.0300000000001 -3 6646.820000000001 14 99 452.08000000000004 67437.87000000001 1786.2700000000004 21.437248945236206 9
1 -1 2 529.01 456.15000000000003 -3 1519.0700000000002 3 81 491.42 45887.899999999965 1786.2700000000004 14.672675848007202 9
0 -1 3 643.9 320.95000000000005 -1 4894.420000000002 14 99 320.95000000000005 73534.59 1542.5200000000002 0.03329801559448242 9
1 -1 3 670.6 352.57 -1 1093.73 3 81 352.57 56506.35000000002 1534.0400000000002 0.0290679931640625 9
0 -1 4 561.03 409.07 -1 6910.58 14 99 455.90000000000003 69362.67999999998 1776.77 12.03115177154541 9
1 -1 4 527.56 437.48 -1 1421.2800000000002 3 81 448.8 45574.99000000002 1755.47 7.431748867034912 9
0 -1 5 548.61 430.0800000000001 -3 6570.0 14 99 434.19 67452.50000000003 1732.65 21.4471652507782 9
1 -1 5 516.31 437.65000000000003 -3 1368.6799999999998 3 81 440.35 44558.25999999999 1732.65 14.873446941375732 9
0 -1 6 563.24 397.63 -1 7008.550000000001 14 99 465.38 69777.91999999998 1793.77 21.71660590171814 9
1 -1 6 576.58 450.77 -1 1707.12 3 81 565.3499999999999 50116.819999999985 1793.77 18.709522008895874 9
0 -1 7 569.88 330.07 -6 8411.029999999999 14 99 593.68 73239.76000000004 2111.11 10.287376165390015 9
1 -1 7 545.27 387.54999999999995 -3 2270.79 3 81 753.3499999999998 48708.15999999999 2111.11 9.54419994354248 9
0 -1 8 507.59 267.78 -6 8252.49 14 99 567.4 66756.67 1969.9799999999998 7.711961984634399 9
1 -1 8 474.16 333.74 -3 1951.020000000001 3 81 643.6100000000005 42309.17000000002 1969.9799999999998 7.882611036300659 9
random:9T:1500
0 -1 0 837.3 282.21 -1 13052.01 14 99 517.84 108997.13999999998 1835.73 2.2427661418914795 9
1 -1 0 877.09 322.0 -1 2547.9700000000003 3 81 796.19 76140.06000000001 1835.73 1.7578771114349365 9
0 -1 1 697.06 454.93 -1 8844.330000000002 14 99 593.0500000000002 86697.52000000003 2234.0800000000004 15.302794933319092 9
1 -1 1 665.94 465.47999999999996 -1 1890.53 3 81 607.1299999999999 57721.999999999985 2234.0800000000004 14.735109806060791 9
0 -1 2 699.9 559.8399999999999 -3 8733.81 14 99 566.33 86757.81999999999 2258.83 25.569809198379517 9
1 -1 2 663.64 586.52 -1 1920.54 3 81 632.22 57595.829999999994 2258.83 17.01438283920288 9
0 -1 3 836.47 397.45000000000005 -1 6658.310000000002 14 99 397.45000000000005 96126.70999999995 1985.19 0.029054880142211914 9
1 -1 3 871.32 485.65999999999997 -1 1521.5 3 81 485.65999999999997 73619.95000000004 1977.1100000000001 0.028646230697631836 9
0 -1 4 697.06 454.93 -1 8844.330000000002 14 99 593.0500000000002 86697.52000000003 2234.0800000000004 15.104113817214966 9
1 -1 4 665.94 465.47999999999996 -1 1890.53 3 81 607.1299999999999 57721.999999999985 2234.0800000000004 15.697860956192017 9
0 -1 5 686.72 536.39 -6 8494.28 14 99 569.63 84974.21000000004 2245.2799999999997 23.51371693611145 9
1 -1 5 655.63 565.6299999999998 -3 1837.0100000000002 3 81 596.97 56779.669999999984 2245.2799999999997 17.187516927719116 9
0 -1 6 678.41 443.63 -1 8167.549999999999 14 99 542.36 83497.89000000004 2070.71 25.003800868988037 9
1 -1 6 697.99 528.71 -1 1929.1999999999998 3 81 625.1999999999999 60395.8 2070.71 20.86320209503174 9
0 -1 7 706.3 414.38 -3 11089.29 14 99 786.13 92102.35000000002 2772.77 9.11295223236084 9
1 -1 7 659.14 448.28999999999996 -1 2932.49 3 81 972.4799999999998 59255.119999999995 2772.77 7.468348979949951 9
0 -1 8 648.0 386.44 -3 10604.46 14 99 743.0900000000001 85360.92999999998 2615.7100000000005 7.831737995147705 9
1 -1 8 577.41 439.39 -3 2771.27 3 81 914.82 52313.04 2615.7100000000005 6.017820119857788 9
