random:0T:300
0 -1 0 91.43 0 -20 1745.48 12 95 18.96 12176.739999999998 56.88 0.23637890815734863 0
1 -1 0 91.93 0 -26 158.77 2 82 0.0 7855.939999999999 0.0 0.23452401161193848 0
0 -1 1 91.73 0 -15 1394.5299999999997 12 95 16.74 11503.050000000001 50.22 0.2043170928955078 0
1 -1 1 80.37 0.0 -18 100.09 2 82 0.0 6790.450000000001 0.0 0.21484088897705078 0
0 -1 2 86.83 0 -21 1281.77 12 95 0 10812.33 0 4.394302845001221 0
1 -1 2 72.51 0.0 -17 4.38 2 82 0.0 5954.790000000003 0.0 3.5172572135925293 0
0 -1 3 66.31 0.0 -23 16.11 12 95 0.0 6331.480000000001 0.0 0.0088958740234375 0
1 -1 3 71.76 0.0 -17 0.0 2 82 0.0 5884.640000000003 0.0 0.007542133331298828 0
0 -1 4 91.73 0 -15 1394.5299999999997 12 95 16.74 11503.050000000001 50.22 0.2204909324645996 0
1 -1 4 80.37 0.0 -18 100.09 2 82 0.0 6790.450000000001 0.0 0.1988070011138916 0
0 -1 5 59.21 0 -28 643.7800000000001 12 95 0.0 6912.509999999997 0.0 2.9052109718322754 0
1 -1 5 62.38 0.0 -28 47.13 2 82 0.0 5209.480000000002 0.0 2.241061210632324 0
0 -1 6 87.73 0 -28 1436.8399999999997 12 95 0 11208.490000000002 0 4.656830072402954 0
1 -1 6 90.73 0 -18 140.57000000000002 2 82 4.71 7720.709999999997 14.129999999999999 5.25563907623291 0
0 -1 7 87.73 0 -28 1436.8399999999997 12 95 0 11208.490000000002 0 1.3158538341522217 0
1 -1 7 90.73 0 -18 140.57000000000002 2 82 4.71 7720.709999999997 14.129999999999999 1.4594981670379639 0
0 -1 8 86.83 0 -21 1281.77 12 95 0 10812.33 0 1.1752471923828125 0
1 -1 8 72.51 0.0 -17 4.38 2 82 0.0 5954.790000000003 0.0 0.9976649284362793 0
random:0T:600
0 -1 0 270.05 0 -10 4122.95 12 95 159.37 33900.98000000002 478.11 0.4768640995025635 0
1 -1 0 282.49 0 -1 556.12 2 82 207.01999999999998 24276.06000000001 621.06 0.5058159828186035 0
0 -1 1 234.78 105.34000000000009 -2 2171.83 12 95 158.87 26647.320000000003 581.95 5.571163177490234 0
1 -1 1 237.42 159.24 -1 338.49 2 82 161.09 20145.01 642.51 2.906795024871826 0
0 -1 2 226.81 121.96000000000018 -2 2139.1800000000003 12 95 147.55 25825.71 564.6100000000002 12.491771221160889 0
1 -1 2 213.83 133.77 -1 311.38 2 82 155.25 18156.630000000016 599.52 7.050680875778198 0
0 -1 3 241.4 35.29 -1 1554.6799999999998 12 95 104.53 26042.300000000007 348.88000000000005 0.011533021926879883 0
1 -1 3 237.48 0.0 -1 157.32 2 82 67.92 19787.809999999994 203.76 0.009122133255004883 0
0 -1 4 234.78 105.34000000000009 -2 2171.83 12 95 158.87 26647.320000000003 581.95 6.037919998168945 0
1 -1 4 237.42 159.24 -1 338.49 2 82 161.09 20145.01 642.51 3.0624940395355225 0
0 -1 5 191.58 0.0 -1 1916.1 12 95 66.32 22032.17 198.95999999999998 6.981934070587158 0
1 -1 5 187.27 31.260000000000005 -1 262.9 2 82 97.27 15882.240000000009 323.07 8.1942458152771 0
0 -1 6 243.13 120.55 -1 2171.18 12 95 145.12 27439.36999999999 555.91 10.390199899673462 0
1 -1 6 261.34 169.77000000000007 -1 386.91999999999996 2 82 185.35 22203.830000000005 725.82 12.19458794593811 0
0 -1 7 245.97 109.07 -1 2344.6400000000003 12 95 185.38 28055.960000000003 665.21 2.316128969192505 0
1 -1 7 259.18 140.86 -2 528.7099999999996 2 82 257.4799999999996 22310.089999999997 913.2999999999989 3.454983949661255 0
0 -1 8 231.0 106.57 -2 2378.42 12 95 185.58 26702.159999999996 663.31 2.011277914047241 0
1 -1 8 214.92 129.43 -1 381.0099999999999 2 82 177.31999999999988 18385.250000000015 661.3899999999996 2.5994348526000977 0
random:0T:900
0 -1 0 453.48 0 -1 6412.990000000002 12 95 237.77 55906.66999999998 713.3100000000001 0.7185368537902832 0
1 -1 0 490.56 193.04 -1 963.28 2 82 407.46000000000004 42152.21000000003 1415.42 0.7531840801239014 0
0 -1 1 384.49 257.11999999999983 -2 4046.44 12 95 304.38 44619.37000000004 1170.2599999999998 7.624019145965576 0
1 -1 1 390.0 317.01 -2 684.29 2 82 332.02 33348.88999999999 1313.07 4.199245929718018 0
0 -1 2 370.39 246.12 -2 3908.8399999999997 12 95 285.07 43004.44000000002 1101.33 11.171823978424072 0
1 -1 2 362.0 265.56 -2 620.65 2 82 302.14 30925.36 1171.98 11.11894702911377 0
0 -1 3 404.53 178.38 -1 2257.4400000000005 12 95 178.38 42944.99999999999 820.45 0.012742042541503906 0
1 -1 3 414.52 170.25 -1 345.28 2 82 170.25 34681.319999999985 760.64 0.010915994644165039 0
0 -1 4 384.49 257.11999999999983 -2 4046.44 12 95 304.38 44619.37000000004 1170.2599999999998 7.606188058853149 0
1 -1 4 391.07 311.55 -4 674.73 2 82 332.02 33417.34999999999 1307.61 4.3426430225372314 0
0 -1 5 330.99 217.69999999999993 -2 3406.61 12 95 239.66000000000003 38257.269999999975 936.68 11.20264196395874 0
1 -1 5 324.47 239.01 -4 566.1700000000001 2 82 245.19 27738.51999999999 974.5799999999999 8.684858798980713 0
0 -1 6 400.96 290.22 -1 4055.0899999999992 12 95 306.05 46201.450000000004 1208.3700000000001 11.796550989151001 0
1 -1 6 439.94 372.62 -1 797.77 2 82 372.62 37670.870000000024 1492.5300000000002 14.834716796875 0
0 -1 7 399.16 208.86 -4 4981.0199999999995 12 95 401.01 47882.50000000003 1411.8899999999999 3.0763492584228516 0
1 -1 7 384.71 212.58 -2 1066.7500000000002 2 82 530.8600000000002 33679.87000000001 1805.1600000000008 5.451374053955078 0
0 -1 8 376.46 193.77 -2 5125.469999999999 12 95 424.01 46014.83 1465.8 2.825197219848633 0
1 -1 8 330.26 208.18 -2 926.6800000000005 2 82 461.70000000000044 28934.44 1593.2800000000013 5.439517974853516 0
random:0T:1200
0 -1 0 643.48 0 -1 8835.130000000001 12 95 410.88 78800.68999999999 1232.6399999999999 1.459543228149414 0
1 -1 0 692.25 340.36 -1 1330.89 2 82 582.45 59426.00000000003 2087.71 1.0037732124328613 0
0 -1 1 519.0 395.03000000000003 -4 5863.4 12 95 455.41 61031.42000000001 1761.26 8.525554895401001 0
1 -1 1 501.56 398.92999999999995 -1 926.76 2 82 438.14 42981.67999999995 1713.35 7.051045179367065 0
0 -1 2 514.42 388.43 -1 5596.539999999999 12 95 442.42 60062.77000000002 1715.69 16.397945165634155 0
1 -1 2 495.44 398.82000000000005 -2 926.45 2 82 458.22 42478.71 1773.48 12.530671119689941 0
0 -1 3 602.29 310.94 -1 3970.6900000000005 12 95 310.94 65158.83000000001 1436.55 0.018337011337280273 0
1 -1 3 580.23 213.88000000000002 -1 456.80000000000007 2 82 213.88000000000002 48492.389999999985 1085.9 0.017015933990478516 0
0 -1 4 517.22 395.46000000000004 -4 5874.52 12 95 455.12 60884.530000000006 1760.8200000000002 7.179784059524536 0
1 -1 4 506.43 392.90999999999997 -1 927.6300000000001 2 82 442.36 43382.61 1719.9899999999998 6.513660907745361 0
0 -1 5 458.62 335.2100000000001 -4 4350.009999999999 12 95 353.26 52269.07999999997 1394.99 12.840466976165771 0
1 -1 5 456.18 361.88 -4 794.36 2 82 384.49 38995.58000000001 1515.35 11.143489122390747 0
0 -1 6 548.16 423.05 -1 5889.970000000001 12 95 436.89000000000004 63854.70000000001 1733.72 16.594767093658447 0
1 -1 6 564.01 434.42 -1 1031.55 2 82 497.28999999999996 48312.29 1926.29 15.812859296798706 0
0 -1 7 522.17 249.88 -4 7688.940000000001 12 95 633.34 64983.73999999999 2149.9 3.7311551570892334 0
1 -1 7 479.43 270.27 -4 1605.48 2 82 802.66 42523.90999999995 2678.25 5.680276870727539 0
0 -1 8 492.43 241.6 -2 7782.66 12 95 643.51 62346.200000000004 2172.13 3.539947986602783 0
1 -1 8 409.18 249.5 -2 1480.0700000000002 2 82 737.9100000000004 36512.58000000001 2463.2300000000014 5.847080945968628 0
random:0T:1500
0 -1 0 816.83 0 -1 11307.630000000001 12 95 453.46000000000004 100214.50999999995 1360.38 1.3538260459899902 0
1 -1 0 895.05 430.15 -1 1699.52 2 82 762.9399999999999 76793.43000000004 2718.97 1.2612979412078857 0
0 -1 1 647.58 454.51 -2 6562.860000000001 12 95 534.38 74646.15999999999 2057.6499999999996 9.22620415687561 0
1 -1 1 624.51 448.4 -1 1230.0700000000002 2 82 598.09 53669.83000000001 2242.67 9.665359258651733 0
0 -1 2 632.15 442.8 -1 6431.419999999999 12 95 513.78 72917.52999999998 1984.1399999999999 15.941235780715942 0
1 -1 2 613.66 533.67 -4 1189.23 2 82 582.84 52698.54000000001 2282.19 15.372061014175415 0
0 -1 3 762.33 369.78999999999996 -1 4615.330000000001 12 95 369.78999999999996 81652.13999999997 1852.0299999999997 0.02105998992919922 0
1 -1 3 771.39 352.17 -1 710.8100000000001 2 82 352.17 64675.44999999997 1743.08 0.01755809783935547 0
0 -1 4 648.49 454.51 -2 6560.889999999999 12 95 533.77 74728.47999999998 2055.8199999999997 9.762489080429077 0
1 -1 4 629.62 463.2 -1 1249.6599999999999 2 82 608.14 54127.970000000016 2287.62 10.16212797164917 0
0 -1 5 589.7 436.24 -4 6187.750000000001 12 95 449.31 68397.46000000002 1784.17 15.287745952606201 0
1 -1 5 571.76 464.5100000000002 -4 1071.54 2 82 522.31 49027.450000000055 2031.44 13.032073020935059 0
0 -1 6 681.19 464.23 -2 7423.039999999999 12 95 590.01 79559.56999999998 2234.26 19.444049835205078 0
1 -1 6 748.13 574.46 -2 1334.91 2 82 654.48 64016.429999999986 2537.9 20.56433391571045 0
0 -1 7 629.83 283.58 -4 10308.77 12 95 851.5 80451.33 2838.08 4.427695989608765 0
1 -1 7 572.91 413.42 -2 2115.26 2 82 1057.0 51209.11000000003 3584.42 6.9956700801849365 0
0 -1 8 593.78 279.56 -4 10182.22 12 95 839.1799999999998 76773.88000000003 2797.0999999999995 4.453100204467773 0
1 -1 8 505.72 295.99 -2 1826.9600000000003 2 82 910.4800000000002 45123.359999999986 3027.4300000000003 6.199373960494995 0
random:1T:300
0 -1 0 90.57 0 -26 1387.24 10 88 135.15 10744.950000000003 405.45000000000005 0.23545217514038086 1
1 -1 0 97.21 0 -14 281.82 2 87 136.0 9020.680000000002 408.0 0.29630422592163086 1
0 -1 1 94.72 0 -20 1368.8400000000001 10 88 129.83 11072.709999999995 389.49 0.19508695602416992 1
1 -1 1 86.59 0.0 -10 132.39000000000001 2 87 55.02 7797.999999999998 165.06 0.2290198802947998 1
0 -1 2 71.83 0.0 -20 783.26 10 88 0.0 7887.160000000001 0.0 3.8211278915405273 1
1 -1 2 76.35 0 -14 80.53 2 87 25.24 6803.410000000003 75.72 5.55333399772644 1
0 -1 3 63.42 0.0 -22 0.0 10 88 0.0 5580.549999999999 0.0 0.01107025146484375 1
1 -1 3 67.02 0.0 -17 0.0 2 87 0.0 5830.980000000002 0.0 0.009877920150756836 1
0 -1 4 94.72 0.0 -20 1368.8400000000001 10 88 129.83 11072.709999999995 389.49 0.19907665252685547 1
1 -1 4 86.59 0 -10 132.39000000000001 2 87 55.02 7797.999999999998 165.06 0.2575099468231201 1
0 -1 5 56.48 0.0 -25 529.26 10 88 0.0 6029.099999999999 0.0 2.734402656555176 1
1 -1 5 74.19 0 -16 46.84 2 87 0.0 6548.46 0.0 4.744904279708862 1
0 -1 6 90.5 0.0 -24 1368.8400000000001 10 88 129.83 10702.1 389.49 4.966976881027222 1
1 -1 6 97.97 0 -13 281.82 2 87 136.0 9086.609999999999 408.0 8.003491163253784 1
0 -1 7 90.5 0.0 -24 1368.8400000000001 10 88 129.83 10702.1 389.49 1.6459681987762451 1
1 -1 7 97.97 0 -13 281.82 2 87 136.0 9086.609999999999 408.0 2.062947988510132 1
0 -1 8 71.83 0.0 -20 783.26 10 88 0.0 7887.160000000001 0.0 1.1702649593353271 1
1 -1 8 76.35 0 -14 80.53 2 87 25.24 6803.410000000003 75.72 1.5918819904327393 1
random:1T:600
0 -1 0 283.39 0 -3 3319.32 10 88 288.46000000000004 31576.950000000008 865.3800000000001 0.47746777534484863 1
1 -1 0 290.99 0 -2 615.57 2 87 285.62 26547.399999999998 856.86 0.5896179676055908 1
0 -1 1 257.91 141.00999999999996 -2 1855.8 10 88 184.01000000000002 26407.27999999999 693.0400000000001 2.447929859161377 1
1 -1 1 245.13 121.49000000000018 -2 339.73 2 87 167.38 22005.54999999999 623.6300000000001 15.434927940368652 1
0 -1 2 220.49 139.73000000000002 -4 1743.5 10 88 156.94 22889.95999999999 610.55 10.396029949188232 1
1 -1 2 227.88 162.14000000000001 -1 380.9 2 87 167.44 20587.40999999999 664.46 10.107601881027222 1
0 -1 3 239.21 46.06999999999999 -1 986.76 10 88 86.86 23024.350000000002 306.65 0.008564949035644531 1
1 -1 3 230.96 0.0 -2 286.9 2 87 132.8 20666.910000000007 398.40000000000003 0.009706974029541016 1
0 -1 4 257.91 141.00999999999996 -2 1855.8 10 88 184.01000000000002 26407.27999999999 693.0400000000001 2.432431697845459 1
1 -1 4 245.13 121.49000000000018 -2 339.73 2 87 167.38 22005.54999999999 623.6300000000001 14.184193849563599 1
0 -1 5 194.46 98.41 -1 1631.68 10 88 140.21 20375.68000000001 519.04 10.767956972122192 1
1 -1 5 230.7 98.41999999999997 -1 319.5 2 87 153.94 20710.050000000007 560.24 11.530856370925903 1
0 -1 6 255.28 106.22 -1 1855.8200000000002 10 88 184.01 26176.29 658.25 9.284170150756836 1
1 -1 6 270.19 152.27999999999997 -1 372.94999999999993 2 87 185.38 24252.549999999996 708.42 13.423032999038696 1
0 -1 7 267.8 96.83 -1 2511.32 10 88 247.72 28589.440000000006 839.99 2.9919750690460205 1
1 -1 7 274.27 105.67 -1 598.76 2 87 298.81 25058.609999999993 1002.1 3.562169313430786 1
0 -1 8 223.45 116.54 -4 1982.2399999999996 10 88 187.59 23627.719999999994 679.31 2.475490093231201 1
1 -1 8 228.39 157.85 -1 489.9799999999999 2 87 244.55999999999995 20849.78999999999 891.5299999999999 3.3405349254608154 1
random:1T:900
0 -1 0 479.51 0 -2 5266.86 10 88 476.28999999999996 52730.21000000002 1428.87 0.8034348487854004 1
1 -1 0 493.21 73.05 -1 924.0200000000001 2 87 423.07000000000005 44757.72999999998 1342.26 0.9629638195037842 1
0 -1 1 408.35 301.3500000000001 -2 3486.9000000000005 10 88 344.42 42908.19 1334.6100000000001 4.847795009613037 1
1 -1 1 379.3 283.0800000000001 -2 619.1600000000001 2 87 299.8 34237.37000000001 1182.4800000000002 15.38836121559143 1
0 -1 2 372.27 262.09999999999997 -4 3342.0 10 88 315.1 39444.06999999999 1207.4 13.743222951889038 1
1 -1 2 376.57 295.9600000000002 -2 620.1199999999999 2 87 302.40999999999997 34001.72999999998 1203.19 19.98457407951355 1
0 -1 3 408.7 174.46 -2 1770.88 10 88 174.46 39507.72999999999 816.67 0.017360925674438477 1
1 -1 3 406.22 184.67 -1 374.08 2 87 184.67 36089.38000000002 750.14 0.01513814926147461 1
0 -1 4 408.35 301.3500000000001 -2 3486.9000000000005 10 88 344.42 42908.19 1334.6100000000001 5.157376050949097 1
1 -1 4 379.3 283.0800000000001 -2 619.1600000000001 2 87 299.8 34237.37000000001 1182.4800000000002 17.27136516571045 1
0 -1 5 354.81 277.4500000000001 -2 3169.82 10 88 287.68 37563.17000000001 1140.49 15.04556393623352 1
1 -1 5 384.54 311.2 -1 692.26 2 87 320.7 34839.850000000006 1273.3 15.094977855682373 1
0 -1 6 418.71 338.37 -1 3448.539999999999 10 88 344.33 43743.80999999998 1371.3600000000001 13.51172685623169 1
1 -1 6 426.69 338.05 -1 701.1100000000001 2 87 348.94000000000005 38524.14 1384.8700000000001 18.14005208015442 1
0 -1 7 432.64 179.54 -2 5142.639999999999 10 88 512.8399999999999 48357.329999999965 1718.0599999999997 3.972223997116089 1
1 -1 7 399.99 214.07999999999998 -1 1152.2399999999998 2 87 574.8399999999999 37103.50000000001 1938.5999999999997 4.5798890590667725 1
0 -1 8 369.59 199.24 -4 4672.7 10 88 465.24 41869.67999999998 1594.96 4.542964935302734 1
1 -1 8 341.1 222.56 -2 1044.5499999999997 2 87 521.2899999999998 31765.190000000002 1786.4299999999994 4.3263468742370605 1
random:1T:1200
0 -1 0 680.95 163.41 -1 7598.48 10 88 701.1 75120.59000000005 2266.71 1.17140793800354 1
1 -1 0 698.08 265.6 -1 1271.88 2 87 582.97 63276.57999999999 2014.5100000000002 1.3673381805419922 1
0 -1 1 525.06 398.03 -1 5047.900000000001 10 88 500.63 56300.669999999984 1899.9199999999998 7.952290058135986 1
1 -1 1 506.61 413.04 -1 899.8399999999999 2 87 441.16999999999996 45874.81000000001 1736.5499999999997 17.047801971435547 1
0 -1 2 507.62 390.29999999999995 -2 4750.12 10 88 416.70000000000005 54170.430000000015 1640.4 13.792629957199097 1
1 -1 2 531.09 449.84 -1 929.3399999999999 2 87 457.0 48063.360000000015 1820.84 21.97174596786499 1
0 -1 3 609.16 306.10999999999996 -2 3143.8600000000006 10 88 306.10999999999996 59893.56000000002 1440.6299999999999 0.016918182373046875 1
1 -1 3 559.73 276.43 -1 590.21 2 87 276.43 49876.9 1233.73 0.016607046127319336 1
0 -1 4 527.61 399.62 -1 5047.88 10 88 500.63 56525.009999999995 1901.5099999999998 7.607702016830444 1
1 -1 4 508.52 421.54 -1 899.8399999999999 2 87 441.16999999999996 46040.50000000001 1745.0499999999997 17.75707697868347 1
0 -1 5 502.48 416.19000000000034 -4 4681.72 10 88 438.75 53581.90000000001 1732.4400000000003 16.27217984199524 1
1 -1 5 508.42 396.21999999999997 -1 916.3800000000001 2 87 447.83000000000004 46065.60999999997 1739.7100000000003 18.101417779922485 1
0 -1 6 563.01 411.12 -1 5197.42 10 88 482.18 59939.62 1857.6599999999999 17.443867921829224 1
1 -1 6 546.27 412.42999999999995 -1 958.2 2 87 476.14 49441.78999999999 1840.85 21.30297088623047 1
0 -1 7 559.99 305.53999999999996 -2 7732.819999999998 10 88 771.4599999999999 64744.61999999999 2619.9199999999996 5.55485987663269 1
1 -1 7 502.15 306.76 -2 1665.2300000000002 2 87 830.62 47017.83000000001 2798.62 6.036365032196045 1
0 -1 8 486.12 244.6 -4 7382.339999999999 10 88 736.1799999999998 57543.23999999999 2453.1399999999994 5.2242591381073 1
1 -1 8 424.08 263.41 -2 1583.94 2 87 790.23 40062.97000000003 2634.1 5.244585037231445 1
random:1T:1500
0 -1 0 878.77 315.16 -1 9592.199999999999 10 88 889.33 96515.85000000003 2983.15 1.4633839130401611 1
1 -1 0 900.72 423.37 -1 1727.69 2 87 803.6400000000001 81817.68000000004 2834.29 1.7865478992462158 1
0 -1 1 624.84 456.76 -1 6347.800000000001 10 88 629.48 67681.6 2345.2 11.597558975219727 1
1 -1 1 605.99 452.08000000000004 -1 1206.45 2 87 595.6 55133.90999999998 2238.88 17.441784143447876 1
0 -1 2 629.41 443.31 -1 5455.22 10 88 527.67 66298.20999999999 2026.3199999999997 15.285030841827393 1
1 -1 2 648.83 506.17999999999995 -1 1248.5900000000001 2 87 617.25 58945.330000000016 2357.93 22.904351949691772 1
0 -1 3 776.1 367.38 -2 3704.5800000000004 10 88 367.38 75706.04 1854.6299999999999 0.01792001724243164 1
1 -1 3 754.1 367.38 -1 743.0699999999999 2 87 367.38 67092.82999999999 1712.2599999999998 0.018466949462890625 1
0 -1 4 624.84 456.76 -1 6347.800000000001 10 88 629.48 67681.6 2345.2 12.044659852981567 1
1 -1 4 608.52 454.82 -2 1207.71 2 87 595.6 55356.549999999996 2241.6200000000003 16.970060110092163 1
0 -1 5 649.92 554.28 -1 6080.86 10 88 595.75 69355.09000000001 2341.5299999999997 18.608999967575073 1
1 -1 5 645.66 495.79999999999995 -1 1203.13 2 87 593.58 58579.069999999985 2276.54 22.45140504837036 1
0 -1 6 723.42 554.48 -1 6574.94 10 88 639.03 76810.49999999993 2471.5699999999997 14.372146844863892 1
1 -1 6 682.59 468.69 -2 1288.37 2 87 641.84 61962.309999999976 2394.21 14.725080013275146 1
0 -1 7 667.51 433.93 -1 10355.679999999998 10 88 1034.62 79452.43999999999 3537.7899999999995 3.8006510734558105 1
1 -1 7 595.33 393.99 -1 2211.2200000000003 2 87 1105.22 56216.24000000003 3709.6499999999996 4.15932297706604 1
0 -1 8 589.83 281.0 -4 8918.820000000002 10 88 842.5200000000001 69742.53 2808.5600000000004 3.1864640712738037 1
1 -1 8 538.06 341.12 -2 1892.79 2 87 946.11 50596.94999999998 3179.45 3.425318956375122 1
