random:1T:300
0 -1 0 90.57 0 -26 1387.24 10 88 135.15 10744.950000000003 405.45000000000005 0.27204298973083496 1
1 -1 0 97.21 0 -14 281.82 2 87 136.0 9020.680000000002 405.45000000000005 0.40866684913635254 1
0 -1 1 94.72 0 -20 1368.8400000000001 10 88 129.83 11072.709999999995 389.49 0.29832005500793457 1
1 -1 1 86.59 0.0 -10 132.39000000000001 2 87 55.02 7797.999999999998 165.06 0.31911230087280273 1
0 -1 2 71.83 0.0 -20 783.26 10 88 0.0 7887.160000000001 0.0 4.993055105209351 1
1 -1 2 76.35 0 -14 80.53 2 87 25.24 6803.410000000003 0.0 7.235132932662964 1
0 -1 3 63.42 0.0 -22 0.0 10 88 0.0 5580.549999999999 0.0 0.010905027389526367 1
1 -1 3 67.02 0.0 -17 0.0 2 87 0.0 5830.980000000002 0.0 0.012420892715454102 1
0 -1 4 94.72 0.0 -20 1368.8400000000001 10 88 129.83 11072.709999999995 389.49 0.27642107009887695 1
1 -1 4 86.59 0 -10 132.39000000000001 2 87 55.02 7797.999999999998 165.06 0.38080525398254395 1
0 -1 5 56.48 0.0 -25 529.26 10 88 0.0 6029.099999999999 0.0 3.4597349166870117 1
1 -1 5 74.19 0 -16 46.84 2 87 0.0 6548.46 0.0 6.551455974578857 1
0 -1 6 90.5 0.0 -24 1368.8400000000001 10 88 129.83 10702.1 389.49 6.176203012466431 1
1 -1 6 97.97 0 -13 281.82 2 87 136.0 9086.609999999999 389.49 8.809501886367798 1
0 -1 7 88.84 0 -26 1104.02 10 88 0 10025.950000000006 0 2.1712560653686523 1
1 -1 7 91.54 0 -12 113.44 2 87 42.63 8190.53 0 2.80387806892395 1
0 -1 8 71.83 0.0 -20 783.26 10 88 0.0 7887.160000000001 0.0 1.7867956161499023 1
1 -1 8 76.35 0 -14 80.53 2 87 25.24 6803.410000000003 0.0 2.3984761238098145 1
random:1T:600
0 -1 0 283.39 0 -3 3319.32 10 88 288.46000000000004 31576.950000000008 865.3800000000001 0.5956158638000488 1
1 -1 0 290.99 0 -2 615.57 2 87 285.62 26547.399999999998 856.86 0.786566972732544 1
0 -1 1 257.91 141.00999999999996 -2 1855.8 10 88 184.01000000000002 26407.27999999999 693.0400000000001 3.215712070465088 1
1 -1 1 245.13 121.49000000000018 -2 339.73 2 87 167.38 22005.54999999999 623.6300000000001 18.95327377319336 1
0 -1 2 220.49 139.73000000000002 -4 1743.5 10 88 156.94 22889.95999999999 610.55 12.516304016113281 1
1 -1 2 227.88 162.14000000000001 -1 380.9 2 87 167.44 20587.40999999999 610.55 12.12677788734436 1
0 -1 3 239.21 46.06999999999999 -1 986.76 10 88 86.86 23024.350000000002 306.65 0.014293432235717773 1
1 -1 3 230.96 0.0 -2 286.9 2 87 132.8 20666.910000000007 260.58 0.015128850936889648 1
0 -1 4 257.91 141.00999999999996 -2 1855.8 10 88 184.01000000000002 26407.27999999999 693.0400000000001 3.240551233291626 1
1 -1 4 245.13 121.49000000000018 -2 339.73 2 87 167.38 22005.54999999999 623.6300000000001 18.787792921066284 1
0 -1 5 194.46 98.41 -1 1631.68 10 88 140.21 20375.68000000001 519.04 12.626596212387085 1
1 -1 5 230.7 98.41999999999997 -1 319.5 2 87 153.94 20710.050000000007 519.04 12.890363931655884 1
0 -1 6 255.28 106.22 -1 1855.8200000000002 10 88 184.01 26176.29 658.25 9.465084791183472 1
1 -1 6 270.19 152.27999999999997 -1 372.94999999999993 2 87 185.38 24252.549999999996 658.25 15.054805040359497 1
0 -1 7 254.21 101.67 -1 1744.3400000000001 10 88 128.84 25859.36 488.19 3.2896039485931396 1
1 -1 7 260.06 155.57 -3 335.52 2 87 164.63 23296.67 488.19 4.166221857070923 1
0 -1 8 220.58 140.55000000000013 -4 1745.3600000000001 10 88 156.94 22902.119999999984 611.3700000000001 3.8559727668762207 1
1 -1 8 226.57 161.66 -1 387.62 2 87 167.44 20486.429999999993 611.3700000000001 3.1266777515411377 1
random:1T:900
0 -1 0 479.51 0 -2 5266.86 10 88 476.28999999999996 52730.21000000002 1428.87 0.8100647926330566 1
1 -1 0 493.21 73.05 -1 924.0200000000001 2 87 423.07000000000005 44757.72999999998 1269.21 0.9675331115722656 1
0 -1 1 408.35 301.3500000000001 -2 3486.9000000000005 10 88 344.42 42908.19 1334.6100000000001 5.069255113601685 1
1 -1 1 379.3 283.0800000000001 -2 619.1600000000001 2 87 299.8 34237.37000000001 1182.4800000000002 15.306711196899414 1
0 -1 2 372.27 262.09999999999997 -4 3342.0 10 88 315.1 39444.06999999999 1207.4 13.066928148269653 1
1 -1 2 376.57 295.9600000000002 -2 620.1199999999999 2 87 302.40999999999997 34001.72999999998 1169.33 17.727959156036377 1
0 -1 3 408.7 174.46 -2 1770.88 10 88 174.46 39507.72999999999 816.67 0.017174959182739258 1
1 -1 3 406.22 184.67 -1 374.08 2 87 184.67 36089.38000000002 719.51 0.01446080207824707 1
0 -1 4 408.35 301.3500000000001 -2 3486.9000000000005 10 88 344.42 42908.19 1334.6100000000001 4.776620864868164 1
1 -1 4 379.3 283.0800000000001 -2 619.1600000000001 2 87 299.8 34237.37000000001 1182.4800000000002 14.243911981582642 1
0 -1 5 354.81 277.4500000000001 -2 3169.82 10 88 287.68 37563.17000000001 1140.49 13.686922073364258 1
1 -1 5 384.54 311.2 -1 692.26 2 87 320.7 34839.850000000006 1140.49 14.204155206680298 1
0 -1 6 418.71 338.37 -1 3448.539999999999 10 88 344.33 43743.80999999998 1371.3600000000001 12.855114936828613 1
1 -1 6 426.69 338.05 -1 701.1100000000001 2 87 348.94000000000005 38524.14 1371.04 16.37059473991394 1
0 -1 7 420.86 340.88 -1 3676.46 10 88 357.75 44389.020000000004 1414.13 4.21132493019104 1
1 -1 7 406.8 327.38 -1 768.22 2 87 373.48 36928.130000000005 1400.63 4.717858076095581 1
0 -1 8 373.48 268.68 -4 3314.14 10 88 292.18 39494.24000000002 1145.22 4.353798866271973 1
1 -1 8 376.57 295.9600000000002 -2 620.1199999999999 2 87 302.40999999999997 34001.72999999998 1145.22 5.848613023757935 1
random:1T:1200
0 -1 0 680.95 163.41 -1 7598.48 10 88 701.1 75120.59000000005 2266.71 1.030703067779541 1
1 -1 0 698.08 265.6 -1 1271.88 2 87 582.97 63276.57999999999 1912.3200000000002 1.288275957107544 1
0 -1 1 525.06 398.03 -1 5047.900000000001 10 88 500.63 56300.669999999984 1899.9199999999998 6.738638877868652 1
1 -1 1 506.61 413.04 -1 899.8399999999999 2 87 441.16999999999996 45874.81000000001 1721.5399999999997 15.39081883430481 1
0 -1 2 507.62 390.29999999999995 -2 4750.12 10 88 416.70000000000005 54170.430000000015 1640.4 12.838474750518799 1
1 -1 2 531.09 449.84 -1 929.3399999999999 2 87 457.0 48063.360000000015 1640.4 21.826515913009644 1
0 -1 3 609.16 306.10999999999996 -2 3143.8600000000006 10 88 306.10999999999996 59893.56000000002 1440.6299999999999 0.019999027252197266 1
1 -1 3 559.73 276.43 -1 590.21 2 87 276.43 49876.9 1233.73 0.021737098693847656 1
0 -1 4 527.61 399.62 -1 5047.88 10 88 500.63 56525.009999999995 1901.5099999999998 7.921041250228882 1
1 -1 4 508.52 421.54 -1 899.8399999999999 2 87 441.16999999999996 46040.50000000001 1723.1299999999997 17.724451065063477 1
0 -1 5 502.48 416.19000000000034 -4 4681.72 10 88 438.75 53581.90000000001 1732.4400000000003 16.507837057113647 1
1 -1 5 508.42 396.21999999999997 -1 916.3800000000001 2 87 447.83000000000004 46065.60999999997 1712.47 25.182237148284912 1
0 -1 6 563.01 411.12 -1 5197.42 10 88 482.18 59939.62 1857.6599999999999 28.73682999610901 1
1 -1 6 546.27 412.42999999999995 -1 958.2 2 87 476.14 49441.78999999999 1839.54 36.345357179641724 1
0 -1 7 560.78 418.39000000000004 -1 5216.999999999999 10 88 512.31 59782.93999999997 1955.32 11.940384864807129 1
1 -1 7 540.93 409.6 -1 959.68 2 87 469.72999999999996 48980.390000000014 1818.79 12.018846273422241 1
0 -1 8 516.9 401.02000000000004 -1 4766.66 10 88 416.70000000000005 55020.639999999985 1651.1200000000001 9.463351011276245 1
1 -1 8 531.53 449.84 -1 981.8199999999999 2 87 472.34 48206.649999999994 1651.1200000000001 12.518579959869385 1
random:1T:1500
0 -1 0 878.77 315.16 -1 9592.199999999999 10 88 889.33 96515.85000000003 2983.15 2.7211661338806152 1
1 -1 0 900.72 423.37 -1 1727.69 2 87 803.6400000000001 81817.68000000004 2726.08 3.1523940563201904 1
0 -1 1 624.84 456.76 -1 6347.800000000001 10 88 629.48 67681.6 2345.2 19.941215991973877 1
1 -1 1 605.99 452.08000000000004 -1 1206.45 2 87 595.6 55133.90999999998 2238.88 27.999638080596924 1
0 -1 2 629.41 443.31 -1 5455.22 10 88 527.67 66298.20999999999 2026.3199999999997 29.811559915542603 1
1 -1 2 648.83 506.17999999999995 -1 1248.5900000000001 2 87 617.25 58945.330000000016 2026.3199999999997 41.87811732292175 1
0 -1 3 776.1 367.38 -2 3704.5800000000004 10 88 367.38 75706.04 1854.6299999999999 0.039884090423583984 1
1 -1 3 754.1 367.38 -1 743.0699999999999 2 87 367.38 67092.82999999999 1712.2599999999998 0.03446698188781738 1
0 -1 4 624.84 456.76 -1 6347.800000000001 10 88 629.48 67681.6 2345.2 19.501928329467773 1
1 -1 4 608.52 454.82 -2 1207.71 2 87 595.6 55356.549999999996 2241.6200000000003 31.841981887817383 1
0 -1 5 649.92 554.28 -1 6080.86 10 88 595.75 69355.09000000001 2341.5299999999997 33.24275469779968 1
1 -1 5 645.66 495.79999999999995 -1 1203.13 2 87 593.58 58579.069999999985 2276.54 40.61757302284241 1
0 -1 6 723.42 554.48 -1 6574.94 10 88 639.03 76810.49999999993 2471.5699999999997 37.83709383010864 1
1 -1 6 682.59 468.69 -2 1288.37 2 87 641.84 61962.309999999976 2385.7799999999997 43.17168998718262 1
0 -1 7 701.62 540.51 -1 6669.4 10 88 629.0699999999998 75081.62000000004 2427.7199999999993 12.931724786758423 1
1 -1 7 679.39 529.78 -1 1234.4799999999998 2 87 605.8199999999999 61575.61 2347.24 13.48384404182434 1
0 -1 8 630.38 443.31 -1 5507.620000000001 10 88 532.37 66489.01999999997 2040.42 10.412645101547241 1
1 -1 8 648.83 506.17999999999995 -1 1248.5900000000001 2 87 617.25 58945.330000000016 2040.42 13.705811262130737 1
random:2T:300
0 -1 0 106.9 0.0 -3 1399.1 8 71 168.94 10388.340000000002 506.82 0.4057579040527344 2
1 -1 0 116.68 0.0 -3 0 0 68 0 7934.420000000003 506.82 0.46091222763061523 2
0 -1 1 110.96 0.0 -3 1072.04 8 71 129.71 10021.96 389.13 0.20259308815002441 2
1 -1 1 110.33 0.0 -2 0 0 68 0 7502.169999999999 389.13 0.2809779644012451 2
0 -1 2 102.91 0.0 -4 820.18 8 71 95.29 8946.74 285.87 3.9670751094818115 2
1 -1 2 100.32 0.0 -10 0 0 68 0 6821.560000000001 285.87 4.286053895950317 2
0 -1 3 108.5 0.0 -5 471.14 8 71 47.35 8645.839999999998 142.05 0.017249107360839844 2
1 -1 3 109.14 0.0 -7 0 0 68 0 7421.690000000002 142.05 0.014270305633544922 2
0 -1 4 110.96 0.0 -3 1072.04 8 71 129.71 10021.96 389.13 0.2157440185546875 2
1 -1 4 110.33 0.0 -2 0 0 68 0 7502.169999999999 389.13 0.26867103576660156 2
0 -1 5 70.89 0.0 -12 501.79999999999995 8 71 5.52 6036.820000000003 16.56 2.5844621658325195 2
1 -1 5 81.72 0.0 -9 0 0 68 0 5557.279999999999 16.56 4.140413999557495 2
0 -1 6 106.19 0.0 -1 1100.5600000000002 8 71 133.18 9740.700000000006 399.54 4.587608814239502 2
1 -1 6 119.47 16.94 -1 0 0 68 0 8123.88 399.54 6.13734769821167 2
0 -1 7 115.96 0.0 -1 958.24 8 71 114.13 10149.370000000006 342.39 1.713294267654419 2
1 -1 7 119.47 16.94 -1 0 0 68 0 8123.88 342.39 2.1265101432800293 2
0 -1 8 102.91 0.0 -4 820.18 8 71 95.29 8946.74 285.87 1.4940662384033203 2
1 -1 8 100.32 0.0 -10 0 0 68 0 6821.560000000001 285.87 1.3929307460784912 2
random:2T:600
0 -1 0 316.26 76.65 -1 3030.74 8 71 373.49 28515.890000000003 1197.1200000000001 0.7253360748291016 2
1 -1 0 337.17 229.54000000000002 -2 0 0 68 0 22927.620000000003 1197.1200000000001 0.7900688648223877 2
0 -1 1 295.36 223.98999999999998 -4 2252.48 8 71 280.49 25475.77 1065.46 2.1229472160339355 2
1 -1 1 294.04 250.66000000000003 -1 0 0 68 0 19994.409999999993 1065.46 2.62623929977417 2
0 -1 2 285.17 220.0 -4 2109.6400000000003 8 71 261.85 24466.460000000006 1005.5500000000001 5.974301815032959 2
1 -1 2 271.88 210.51 -1 0 0 68 0 18487.730000000014 996.0600000000001 7.805814743041992 2
0 -1 3 304.58 165.68 -2 1345.94 8 71 165.68 24316.899999999998 670.7 0.020391225814819336 2
1 -1 3 321.11 185.63 -1 0 0 68 0 21835.19 670.7 0.01750493049621582 2
0 -1 4 295.36 223.98999999999998 -4 2252.48 8 71 280.49 25475.77 1065.46 2.131211042404175 2
1 -1 4 294.04 250.66000000000003 -1 0 0 68 0 19994.409999999993 1065.46 2.591665744781494 2
0 -1 5 235.22 163.67 -1 1457.52 8 71 171.89 19615.70000000001 679.3399999999999 6.341607093811035 2
1 -1 5 256.76 199.05 -2 0 0 68 0 17459.72000000001 679.3399999999999 7.253515005111694 2
0 -1 6 293.91 223.11 -2 2146.68 8 71 252.75 25161.229999999996 981.36 7.342333078384399 2
1 -1 6 322.62 286.45 -1 0 0 68 0 21938.390000000007 981.36 9.463767051696777 2
0 -1 7 304.73 229.92 -2 2133.4599999999996 8 71 255.91 25902.51 997.65 2.4807441234588623 2
1 -1 7 322.62 286.45 -1 0 0 68 0 21938.390000000007 997.65 3.1485519409179688 2
0 -1 8 285.17 220.0 -4 2109.6400000000003 8 71 261.85 24466.460000000006 1005.5500000000001 2.2920429706573486 2
1 -1 8 271.88 210.51 -1 0 0 68 0 18487.730000000014 996.0600000000001 2.6733779907226562 2
random:2T:900
0 -1 0 540.46 315.94 -1 4888.219999999999 8 71 600.66 48149.01000000002 2117.92 1.0860910415649414 2
1 -1 0 552.29 383.81 -2 0 0 68 0 37556.05 2117.92 1.2189171314239502 2
0 -1 1 462.39 371.90999999999997 -2 3560.5999999999995 8 71 439.95 39950.61999999997 1691.7599999999998 4.718018054962158 2
1 -1 1 445.53 381.82 -2 0 0 68 0 30296.030000000013 1691.7599999999998 5.361171007156372 2
0 -1 2 462.52 375.6900000000001 -2 3385.9799999999996 8 71 417.79999999999995 39610.590000000004 1629.09 11.573928833007812 2
1 -1 2 436.83 368.5 -2 0 0 68 0 29704.55999999999 1621.8999999999999 10.619926929473877 2
0 -1 3 515.02 307.71000000000004 -2 2503.98 8 71 307.71000000000004 41574.54000000002 1327.13 0.018408775329589844 2
1 -1 3 544.35 429.37 -1 0 0 68 0 37015.91 1327.13 0.028617143630981445 2
0 -1 4 462.39 371.90999999999997 -2 3560.5999999999995 8 71 439.95 39950.61999999997 1691.7599999999998 4.467629909515381 2
1 -1 4 442.03 381.15000000000003 -1 0 0 68 0 30057.840000000015 1691.7599999999998 4.846807956695557 2
0 -1 5 417.9 328.55 -4 2800.2 8 71 328.62 35271.320000000014 1314.41 7.831516981124878 2
1 -1 5 424.16 357.2700000000001 -4 0 0 68 0 28842.840000000015 1314.41 10.1965970993042 2
0 -1 6 497.81 412.87 -1 3572.7000000000003 8 71 443.21000000000004 42490.080000000016 1742.5 10.739146947860718 2
1 -1 6 508.06 447.91999999999996 -1 0 0 68 0 34547.87 1742.5 12.410197973251343 2
0 -1 7 490.55 408.6 -2 3416.5200000000004 8 71 419.9 41662.019999999975 1668.2999999999997 3.1993658542633057 2
1 -1 7 508.06 447.91999999999996 -1 0 0 68 0 34547.87 1668.2999999999997 3.912382125854492 2
0 -1 8 463.02 376.61 -1 3391.7 8 71 417.79999999999995 39657.84 1630.0099999999998 3.744730234146118 2
1 -1 8 436.83 368.5 -2 0 0 68 0 29704.55999999999 1621.8999999999999 3.601433038711548 2
random:2T:1200
0 -1 0 754.94 532.9 -1 6824.06 8 71 841.6600000000001 67248.94000000003 3057.8800000000006 1.6945438385009766 2
1 -1 0 779.84 603.36 -2 0 0 68 0 53029.03999999999 3057.8800000000006 1.768599033355713 2
0 -1 1 623.29 513.11 -1 4722.920000000001 8 71 585.78 53699.13000000004 2270.45 6.5188000202178955 2
1 -1 1 580.76 460.78000000000003 -1 0 0 68 0 39491.72000000001 2218.12 6.551613807678223 2
0 -1 2 625.44 528.3000000000001 -1 4604.68 8 71 567.99 53615.919999999984 2232.27 12.153565883636475 2
1 -1 2 580.12 495.5 -1 0 0 68 0 39447.959999999985 2199.4700000000003 13.353384017944336 2
0 -1 3 704.05 411.46000000000004 -2 3378.9400000000005 8 71 411.46000000000004 56745.32999999997 1885.8400000000001 0.029048919677734375 2
1 -1 3 758.83 663.87 -1 0 0 68 0 51600.61999999999 1885.8400000000001 0.028911113739013672 2
0 -1 4 623.38 513.11 -1 4722.920000000001 8 71 585.78 53705.920000000035 2270.45 7.007369041442871 2
1 -1 4 571.18 457.21000000000004 -1 0 0 68 0 38840.56000000002 2214.55 6.579258918762207 2
0 -1 5 586.41 484.81 -1 4332.66 8 71 516.71 50300.23 2034.94 11.674370050430298 2
1 -1 5 568.12 493.92 -2 0 0 68 0 38632.140000000014 2034.94 12.841042757034302 2
0 -1 6 662.82 538.35 -1 4770.579999999999 8 71 592.65 56601.049999999974 2316.2999999999997 12.585640907287598 2
1 -1 6 697.62 624.55 -1 0 0 68 0 47438.39 2316.2999999999997 15.698775053024292 2
0 -1 7 660.74 514.1099999999999 -2 4898.120000000001 8 71 586.87 56708.68999999999 2274.7200000000003 4.466610908508301 2
1 -1 7 697.62 624.55 -1 0 0 68 0 47438.39 2274.7200000000003 4.954571008682251 2
0 -1 8 624.44 528.3 -1 4612.98 8 71 565.48 53561.27000000004 2224.74 3.964913845062256 2
1 -1 8 580.12 495.5 -1 0 0 68 0 39447.959999999985 2191.94 4.365669012069702 2
random:2T:1500
0 -1 0 964.62 699.23 -2 8846.74 8 71 1088.1200000000001 86181.38999999996 3963.5900000000006 1.9501280784606934 2
1 -1 0 1008.57 824.86 -2 0 0 68 0 68582.46 3963.5900000000006 2.039891242980957 2
0 -1 1 775.67 663.12 -4 5830.219999999999 8 71 723.62 66732.78 2833.98 8.29363203048706 2
1 -1 1 720.85 602.2900000000001 -1 0 0 68 0 49017.63999999998 2773.15 8.864317893981934 2
0 -1 2 775.19 591.6700000000001 -1 5711.660000000001 8 71 705.58 66462.10999999997 2708.4100000000003 14.0014169216156 2
1 -1 2 725.21 596.1899999999999 -2 0 0 68 0 49314.07000000002 2708.4100000000003 16.17807102203369 2
0 -1 3 900.4 523.5100000000001 -2 4207.400000000001 8 71 523.5100000000001 72343.53999999996 2454.7700000000004 0.04257917404174805 2
1 -1 3 969.74 922.26 -1 0 0 68 0 65942.37 2454.7700000000004 0.03824281692504883 2
0 -1 4 770.51 560.21 -1 5847.08 8 71 723.6299999999999 66400.24000000002 2731.0999999999995 9.011492013931274 2
1 -1 4 715.73 598.47 -1 0 0 68 0 48669.66000000001 2731.0999999999995 9.479567289352417 2
0 -1 5 750.39 600.5999999999999 -1 5499.82 8 71 662.65 64277.46000000002 2588.5499999999997 12.950453042984009 2
1 -1 5 696.35 549.12 -1 0 0 68 0 47351.699999999975 2537.0699999999997 13.41352915763855 2
0 -1 6 814.78 647.7800000000001 -2 6023.799999999999 8 71 749.1099999999999 69896.78000000001 2895.11 13.095649719238281 2
1 -1 6 863.37 779.21 -1 0 0 68 0 58709.19000000001 2895.11 16.673370122909546 2
0 -1 7 807.4 659.19 -2 6002.959999999999 8 71 747.08 69331.37999999999 2900.4300000000003 4.617918014526367 2
1 -1 7 863.37 779.21 -1 0 0 68 0 58709.19000000001 2900.4300000000003 5.528418064117432 2
0 -1 8 777.86 564.35 -1 5834.92 8 71 712.51 66898.15 2701.8799999999997 4.703891038894653 2
1 -1 8 725.21 596.1899999999999 -2 0 0 68 0 49314.07000000002 2701.8799999999997 4.8424599170684814 2
random:3T:300
0 -1 0 93.0 0 -20 213.18 2 82 82.85 8052.580000000003 248.54999999999998 0.5462279319763184 3
1 -1 0 99.91 0 -21 1593.1999999999998 11 94 0 12578.369999999999 0 0.5402441024780273 3
0 -1 1 82.63 0 -15 227.37 2 82 89.1 7230.070000000006 267.29999999999995 0.4786520004272461 3
1 -1 1 99.29 0 -12 1333.6299999999999 11 94 8.49 12000.560000000003 25.47 0.5041019916534424 3
0 -1 2 77.62 0 -14 152.10999999999999 2 82 59.26 6668.730000000003 177.78 9.0054349899292 3
1 -1 2 87.57 0.0 -14 900.38 11 94 0.0 10032.339999999997 0.0 10.714421033859253 3
0 -1 3 76.74 0.0 -14 50.15 2 82 0.0 6392.62 0.0 0.01856207847595215 3
1 -1 3 72.8 0.0 -23 0.0 11 94 0.0 6843.280000000002 0.0 0.021249055862426758 3
0 -1 4 82.63 0 -15 227.37 2 82 89.1 7230.070000000006 267.29999999999995 0.506065845489502 3
1 -1 4 99.29 0 -12 1333.6299999999999 11 94 8.49 12000.560000000003 25.47 0.4980320930480957 3
0 -1 5 69.83 0 -20 67.72999999999999 2 82 5.93 5861.339999999999 17.79 7.175608158111572 3
1 -1 5 59.81 0 -27 565.02 11 94 0.0 6751.749999999999 0.0 6.450791835784912 3
0 -1 6 92.16 0 -20 211.03000000000003 2 82 80.7 7979.4200000000055 242.10000000000002 10.441378116607666 3
1 -1 6 98.18 0 -17 1355.6899999999996 11 94 10.89 11940.399999999994 32.67 11.534112691879272 3
0 -1 7 90.21 0 -22 44.85 2 82 0 7486.780000000003 0 3.576709032058716 3
1 -1 7 105.12 0 -16 1181.46 11 94 0 12244.180000000004 0 4.45078706741333 3
0 -1 8 77.62 0 -14 152.10999999999999 2 82 59.26 6668.730000000003 177.78 3.2538669109344482 3
1 -1 8 87.57 0.0 -14 900.38 11 94 0.0 10032.339999999997 0.0 3.7528607845306396 3
random:3T:600
0 -1 0 264.89 0 -3 476.12 2 82 233.67 22673.149999999994 701.01 1.0591480731964111 3
1 -1 0 285.6 0 -7 3812.760000000001 11 94 153.29999999999998 34472.08 459.9 1.2377259731292725 3
0 -1 1 238.81 160.09999999999997 -2 360.85 2 82 174.96 20303.94999999999 684.98 14.943906784057617 3
1 -1 1 242.29 142.52000000000012 -2 2003.12 11 94 157.04 26781.229999999992 613.6400000000001 16.9332492351532 3
0 -1 2 228.71 140.90999999999997 -1 344.11 2 82 168.32 19442.519999999997 645.8699999999999 31.22695517539978 3
1 -1 2 230.09 135.78000000000017 -2 1877.9799999999998 11 94 141.25 25384.21999999999 559.5300000000002 37.404356956481934 3
0 -1 3 255.11 34.34 -1 291.49 2 82 125.19 21501.740000000013 409.90999999999997 0.026146888732910156 3
1 -1 3 251.44 0.0 -1 1566.73 11 94 103.63 26769.050000000007 310.89 0.02926802635192871 3
0 -1 4 238.81 160.09999999999997 -2 360.85 2 82 174.96 20303.94999999999 684.98 15.228679895401001 3
1 -1 4 242.29 142.52000000000012 -2 2003.12 11 94 157.04 26781.229999999992 613.6400000000001 17.145663022994995 3
0 -1 5 217.91 106.76999999999997 -1 325.36 2 82 156.47 18519.22000000001 576.18 28.0723979473114 3
1 -1 5 183.74 0.73 -1 1824.4100000000003 11 94 147.31 20920.700000000004 442.66 15.371434926986694 3
0 -1 6 252.41 129.8 -1 357.21000000000004 2 82 173.09 21412.309999999994 649.0699999999999 19.20960521697998 3
1 -1 6 251.04 129.86 -1 2008.05 11 94 157.57 27613.83999999999 602.51 20.39719796180725 3
0 -1 7 251.41 123.74999999999997 -1 301.2 2 82 136.07999999999998 21217.84 531.9899999999999 6.8138039112091064 3
1 -1 7 262.44 133.25999999999993 -1 1956.0 11 94 141.86 28581.02999999999 531.9899999999999 12.422539949417114 3
0 -1 8 228.71 140.90999999999997 -1 344.11 2 82 168.32 19442.519999999997 645.8699999999999 10.277735233306885 3
1 -1 8 230.09 135.78000000000017 -2 1877.9799999999998 11 94 141.25 25384.21999999999 559.5300000000002 12.36849570274353 3
random:3T:900
0 -1 0 464.83 180.2 -1 790.3900000000001 2 82 385.58 39696.78999999998 1336.94 1.576754093170166 3
1 -1 0 477.98 0 -4 6125.17 11 94 319.25 57180.829999999994 957.75 1.7798480987548828 3
0 -1 1 386.4 306.4900000000003 -2 676.51 2 82 326.71000000000004 33037.810000000005 1286.6200000000003 18.895791053771973 3
1 -1 1 396.85 291.81 -2 3817.52 11 94 342.35 44939.299999999996 1271.94 13.70198106765747 3
0 -1 2 376.62 279.46000000000015 -2 653.03 2 82 318.99 32188.709999999977 1236.4300000000003 31.162065982818604 3
1 -1 2 383.53 278.36000000000024 -2 3613.9400000000005 11 94 289.18 43280.13 1145.9 32.363502740859985 3
0 -1 3 431.38 182.98000000000002 -1 447.65000000000003 2 82 182.98000000000002 36268.259999999995 833.5300000000001 0.028699159622192383 3
1 -1 3 402.86 178.19 -1 2054.9500000000003 11 94 178.19 41978.59999999999 787.8599999999999 0.02991795539855957 3
0 -1 4 386.94 301.6700000000003 -2 676.5 2 82 326.7 33082.22 1281.7700000000002 17.723084926605225 3
1 -1 4 396.85 291.81 -2 3817.52 11 94 342.35 44939.299999999996 1271.9099999999999 13.556477069854736 3
0 -1 5 365.51 276.48 -2 630.14 2 82 304.86 31232.049999999992 1191.06 20.469259023666382 3
1 -1 5 323.95 220.02 -2 3221.9799999999996 11 94 287.68 36895.230000000025 1083.06 20.728523015975952 3
0 -1 6 397.73 299.32 -1 667.63 2 82 330.04 33949.409999999996 1289.44 23.91563391685486 3
1 -1 6 416.3 327.54999999999995 -2 3819.11 11 94 344.54 46770.02000000003 1289.44 28.631422996520996 3
0 -1 7 399.94 309.63 -1 658.55 2 82 318.28 34112.49000000001 1264.4699999999998 7.8719260692596436 3
1 -1 7 443.03 341.81 -1 4170.66 11 94 356.5 49986.48999999998 1264.4699999999998 10.013403177261353 3
0 -1 8 376.62 279.46000000000015 -2 653.03 2 82 318.99 32188.709999999977 1236.4300000000003 9.250071048736572 3
1 -1 8 382.54 273.8500000000002 -2 3666.3200000000006 11 94 289.18 43291.14999999999 1141.39 9.722264766693115 3
random:3T:1200
0 -1 0 669.37 314.4 -3 1132.2 2 82 560.07 57153.099999999984 1994.6100000000001 2.075795888900757 3
1 -1 0 677.42 177.17 -1 8374.660000000002 11 94 458.76 80426.47 1553.45 2.299621105194092 3
0 -1 1 503.94 404.58 -1 990.77 2 82 484.12 43304.97 1856.94 12.738507986068726 3
1 -1 1 534.14 414.96 -1 5465.799999999999 11 94 423.64 61140.62999999999 1675.5 15.576264142990112 3
0 -1 2 503.42 386.31 -1 964.4 2 82 476.78999999999996 43209.41 1816.6799999999998 26.806857109069824 3
1 -1 2 519.3 397.3800000000001 -2 5048.63 11 94 400.74 58911.079999999994 1588.53 36.03839373588562 3
0 -1 3 634.21 326.11 -1 685.89 2 82 326.11 53376.77000000004 1479.21 0.03610086441040039 3
1 -1 3 578.77 259.13 -1 3441.45 11 94 259.13 61287.32999999997 1224.1599999999999 0.03943181037902832 3
0 -1 4 499.51 404.59 -1 993.27 2 82 485.94 42946.53999999998 1862.4099999999999 12.484450101852417 3
1 -1 4 534.14 414.96 -1 5465.799999999999 11 94 423.64 61140.62999999999 1675.51 16.383344888687134 3
0 -1 5 493.42 390.14 -1 935.5799999999999 2 82 459.9699999999999 42331.329999999965 1770.0499999999997 26.659181118011475 3
1 -1 5 453.67 344.4 -2 4015.6099999999997 11 94 353.89 50676.34999999997 1406.0700000000002 25.1047842502594 3
0 -1 6 539.14 438.86999999999995 -2 983.19 2 82 482.06 46175.810000000005 1885.05 32.48678922653198 3
1 -1 6 558.89 430.69 -1 5365.26 11 94 447.5799999999999 63266.23999999997 1773.4299999999998 34.11748194694519 3
0 -1 7 527.18 423.85 -1 969.21 2 82 473.16 45167.359999999986 1843.33 9.701829671859741 3
1 -1 7 584.79 434.23 -2 6027.2 11 94 542.1800000000001 67024.51999999999 1843.33 12.465350151062012 3
0 -1 8 505.65 386.31 -1 967.0799999999999 2 82 476.78999999999996 43397.83 1816.6799999999998 9.043673038482666 3
1 -1 8 515.48 389.54999999999995 -2 5113.14 11 94 427.76 58681.73999999998 1669.59 10.064096927642822 3
random:3T:1500
0 -1 0 872.01 403.45 -1 1479.65 2 82 703.3 74463.77000000002 2513.3499999999995 2.744560718536377 3
1 -1 0 860.61 344.99 -1 10647.349999999999 11 94 678.25 102192.18000000005 2379.74 2.9343011379241943 3
0 -1 1 616.57 452.78000000000003 -1 1243.49 2 82 611.76 53045.460000000014 2288.06 17.658682107925415 3
1 -1 1 640.19 452.34000000000003 -1 6047.7699999999995 11 94 522.8000000000001 72273.79 2020.7400000000002 20.23380470275879 3
0 -1 2 635.59 453.28000000000003 -1 1260.6399999999999 2 82 629.92 54639.3 2343.04 34.101545095443726 3
1 -1 2 659.67 542.9300000000001 -4 6547.490000000001 11 94 565.92 75104.32000000004 2151.04 38.323627948760986 3
0 -1 3 807.59 373.45 -1 847.74 2 82 373.45 67918.12999999998 1861.6999999999998 0.0424501895904541 3
1 -1 3 745.67 362.37 -1 4117.45 11 94 362.37 78328.27999999998 1775.93 0.02973484992980957 3
0 -1 4 620.06 454.72 -1 1247.4700000000003 2 82 609.8100000000001 53339.46999999996 2284.1500000000005 17.909040212631226 3
1 -1 4 635.21 457.76 -1 5948.530000000001 11 94 519.8499999999999 71607.09000000003 2014.2699999999998 19.69506525993347 3
0 -1 5 617.76 521.15 -2 1098.75 2 82 522.74 52854.01 2089.37 29.32845973968506 3
1 -1 5 582.51 439.49 -4 5715.56 11 94 507.06 66187.16000000002 1960.67 30.114221811294556 3
0 -1 6 638.45 466.24 -2 1253.4099999999999 2 82 626.3399999999999 54859.35999999998 2345.2599999999998 33.57277703285217 3
1 -1 6 651.72 461.76 -1 6574.469999999999 11 94 589.43 74410.37 2230.05 37.25283098220825 3
0 -1 7 629.46 466.7 -2 1156.64 2 82 575.71 53929.059999999976 2193.83 10.134000778198242 3
1 -1 7 701.72 551.97 -1 7187.45 11 94 637.13 80336.76999999997 2193.83 14.169522047042847 3
0 -1 8 628.79 453.28000000000003 -1 1258.6 2 82 626.76 54078.190000000024 2333.56 10.0067138671875 3
1 -1 8 660.35 539.78 -2 6713.629999999998 11 94 600.65 75500.05000000002 2255.23 12.531282901763916 3
random:4T:300
0 -1 0 91.21 0 -21 131.8 1 81 131.8 7651.769999999999 395.40000000000003 0.4712691307067871 4
1 -1 0 95.72 0 -22 1420.8600000000001 10 93 53.53 11743.779999999992 160.59 0.55222487449646 4
0 -1 1 85.15 0 -14 81.56 1 81 81.56 7060.319999999999 244.68 0.47786378860473633 4
1 -1 1 91.99 0 -17 1423.2799999999997 10 93 136.44 11401.789999999997 244.68 0.5196406841278076 4
0 -1 2 75.63 0 -18 0.0 1 81 0.0 6126.299999999998 0.0 9.545692920684814 4
1 -1 2 80.51 0 -14 766.4199999999998 10 93 64.9 9019.959999999997 0.0 10.904986143112183 4
0 -1 3 73.35 0.0 -15 0.0 1 81 0.0 5941.330000000004 0.0 0.02146291732788086 4
1 -1 3 66.26 0.0 -23 0.0 10 93 0.0 6161.760000000001 0.0 0.023928165435791016 4
0 -1 4 85.15 0 -14 81.56 1 81 81.56 7060.319999999999 244.68 0.5081820487976074 4
1 -1 4 91.99 0 -17 1423.2799999999997 10 93 136.44 11401.789999999997 244.68 0.5141229629516602 4
0 -1 5 62.29 0 -26 15.26 1 81 15.26 5076.150000000002 45.78 5.814455032348633 4
1 -1 5 65.29 0 -33 732.6199999999999 10 93 0.0 7537.100000000001 0.0 5.810474872589111 4
0 -1 6 91.16 0 -20 131.8 1 81 131.8 7647.6799999999985 395.40000000000003 10.619012117385864 4
1 -1 6 94.88 0 -17 1254.2599999999998 10 93 53.53 11332.10999999999 160.59 12.289907932281494 4
0 -1 7 90.08 0 -21 0 1 81 0 7296.299999999997 0 3.6854419708251953 4
1 -1 7 98.91 0 -17 1111.5 10 93 1.73 11421.230000000003 0 4.270022869110107 4
0 -1 8 75.63 0 -18 0.0 1 81 0.0 6126.299999999998 0.0 3.14493727684021 4
1 -1 8 80.51 0 -14 766.4199999999998 10 93 64.9 9019.959999999997 0.0 3.7014009952545166 4
random:4T:600
0 -1 0 276.53 0 -1 270.52 1 81 270.52 22939.819999999996 811.56 1.0483760833740234 4
1 -1 0 277.25 0 -6 3554.0600000000004 10 93 269.03 32892.23999999999 807.0899999999999 1.1066298484802246 4
0 -1 1 242.58 117.40000000000016 -2 173.28 1 81 173.28 19995.76 637.2400000000002 22.484007358551025 4
1 -1 1 244.48 159.91 -2 1867.8999999999999 10 93 185.48 26471.979999999992 637.2400000000002 3.854254722595215 4
0 -1 2 222.77 113.67 -1 113.67 1 81 113.67 18271.900000000005 456.96 18.086813926696777 4
1 -1 2 224.12 144.94 -1 1721.8999999999999 10 93 169.58 24287.14000000002 456.96 21.682351112365723 4
0 -1 3 243.84 7.73 -1 124.5 1 81 124.5 19999.74 381.23 0.020658016204833984 4
1 -1 3 236.27 26.01 -1 977.7600000000001 10 93 85.65 23929.02000000001 264.68000000000006 0.025820016860961914 4
0 -1 4 242.58 117.40000000000016 -2 173.28 1 81 173.28 19995.76 637.2400000000002 22.22153615951538 4
1 -1 4 244.48 159.91 -2 1867.8999999999999 10 93 185.48 26471.979999999992 637.2400000000002 3.643897294998169 4
0 -1 5 180.23 0.0 -1 158.55 1 81 158.55 14915.75 475.65000000000003 15.104881048202515 4
1 -1 5 175.96 0 -5 1688.7800000000002 10 93 142.36 19741.64 427.08000000000004 14.275866985321045 4
0 -1 6 257.09 136.30999999999997 -1 184.45 1 81 184.45 21193.16999999999 689.6599999999999 21.31944513320923 4
1 -1 6 250.06 102.15 -1 1830.3400000000001 10 93 167.05 26916.01 603.3000000000001 20.40937304496765 4
0 -1 7 256.36 119.72 -1 128.99 1 81 128.99 21023.439999999984 506.69000000000005 5.980388164520264 4
1 -1 7 255.18 145.92000000000004 -1 1798.6200000000003 10 93 155.54 27329.220000000005 506.69000000000005 10.27744197845459 4
0 -1 8 222.73 114.32 -2 114.38999999999999 1 81 114.38999999999999 18270.06 457.48999999999995 5.43119478225708 4
1 -1 8 224.12 144.94 -1 1721.8999999999999 10 93 169.58 24287.14000000002 457.48999999999995 6.7361390590667725 4
random:4T:900
0 -1 0 481.58 174.12 -1 480.17 1 81 480.17 39968.539999999986 1614.63 1.5181639194488525 4
1 -1 0 460.34 0 -1 5647.9800000000005 10 93 479.96 54107.97999999999 1439.8799999999999 1.5968570709228516 4
0 -1 1 381.12 282.1299999999999 -2 321.5 1 81 321.5 31513.390000000003 1246.6299999999999 25.803542852401733 4
1 -1 1 402.83 320.42 -2 3511.2400000000002 10 93 347.70000000000005 44485.92000000002 1246.6299999999999 12.108973979949951 4
0 -1 2 359.93 248.86 -4 304.18 1 81 304.18 29762.93 1161.4 24.292327165603638 4
1 -1 2 383.53 272.13000000000005 -1 3257.16 10 93 318.78 42182.57 1161.4 31.387710094451904 4
0 -1 3 420.48 182.82999999999998 -1 182.82999999999998 1 81 182.82999999999998 34424.3 813.37 0.02928900718688965 4
1 -1 3 401.93 174.19 -2 1768.8599999999997 10 93 174.19 40916.79000000001 787.4499999999999 0.027673959732055664 4
0 -1 4 383.21 277.5900000000001 -2 321.5 1 81 321.5 31682.699999999997 1242.0900000000001 25.3650221824646 4
1 -1 4 402.83 320.42 -2 3511.2400000000002 10 93 347.70000000000005 44485.92000000002 1242.0900000000001 12.039910793304443 4
0 -1 5 314.43 227.06 -2 309.99 1 81 309.99 26088.540000000008 1157.03 17.440237045288086 4
1 -1 5 312.76 207.59 -2 2740.04 10 93 265.97 34567.01999999998 1005.5000000000001 19.568480968475342 4
0 -1 6 416.68 337.53999999999996 -2 346.46 1 81 346.46 34443.66999999999 1376.9199999999998 25.875271320343018 4
1 -1 6 403.38 302.71 -2 3328.2199999999993 10 93 321.81 44170.43000000001 1268.14 25.06781792640686 4
0 -1 7 415.25 337.38 -2 344.9 1 81 344.9 34325.380000000005 1372.08 8.147032022476196 4
1 -1 7 420.68 327.87 -4 3546.960000000001 10 93 347.39 46216.83000000005 1362.5699999999997 8.929477214813232 4
0 -1 8 358.87 248.86 -4 307.35 1 81 307.35 29683.3 1170.91 7.740355968475342 4
1 -1 8 383.53 272.13000000000005 -1 3257.16 10 93 318.78 42182.57 1170.91 10.362555980682373 4
random:4T:1200
0 -1 0 691.91 236.35 -2 664.97 1 81 664.97 57374.539999999986 2231.26 2.0167129039764404 4
1 -1 0 657.37 0 -1 7753.44 10 93 678.0000000000001 76642.17000000001 1994.91 2.1726012229919434 4
0 -1 1 502.3 412.06 -2 467.98999999999995 1 81 467.98999999999995 41622.659999999996 1816.0299999999997 25.393030881881714 4
1 -1 1 536.31 399.47999999999996 -1 4969.4 10 93 491.22999999999996 59815.33000000003 1803.4499999999998 17.885505199432373 4
0 -1 2 494.99 399.05 -2 416.13 1 81 416.13 40926.369999999995 1647.4399999999998 32.83898401260376 4
1 -1 2 530.38 392.72999999999996 -1 4827.079999999999 10 93 476.99 58979.64000000005 1641.12 36.3935170173645 4
0 -1 3 612.55 313.83 -1 313.83 1 81 313.83 50243.980000000025 1399.92 0.03198409080505371 4
1 -1 3 595.09 287.27 -2 2979.8600000000006 10 93 287.27 61303.40999999999 1320.2399999999998 0.034996986389160156 4
0 -1 4 502.11 416.25 -1 468.11 1 81 468.11 41607.48999999998 1820.58 25.683894157409668 4
1 -1 4 538.05 399.47999999999996 -1 4969.419999999999 10 93 491.22999999999996 59977.19000000002 1803.81 18.938568830490112 4
0 -1 5 455.14 354.69 -1 395.54999999999995 1 81 395.54999999999995 37657.11999999999 1541.34 24.162155866622925 4
1 -1 5 443.83 322.7400000000002 -4 3634.18 10 93 344.58000000000004 48544.649999999965 1356.4800000000005 28.732980012893677 4
0 -1 6 549.51 437.1 -1 471.53 1 81 471.53 45453.41999999999 1851.69 32.85074996948242 4
1 -1 6 536.85 397.42999999999995 -1 4986.02 10 93 472.89000000000004 59899.06999999998 1812.02 32.904825925827026 4
0 -1 7 554.13 438.16999999999996 -2 524.71 1 81 524.71 45934.169999999984 2012.3000000000002 11.434245109558105 4
1 -1 7 571.13 419.6 -2 5117.620000000001 10 93 487.62 63349.950000000004 1882.46 13.411325931549072 4
0 -1 8 493.87 398.15 -2 420.11999999999995 1 81 420.11999999999995 40843.57000000001 1658.5099999999998 11.507317781448364 4
1 -1 8 530.38 392.72999999999996 -1 4827.079999999999 10 93 476.99 58979.64000000005 1653.09 11.727611303329468 4
random:4T:1500
0 -1 0 897.03 425.6 -1 862.1300000000001 1 81 862.1300000000001 74383.31999999998 3011.9900000000002 2.8198440074920654 4
1 -1 0 830.51 110.91 -1 9949.56 10 93 888.6800000000001 97136.08999999997 2697.3 2.8853559494018555 4
0 -1 1 617.4 451.54 -2 616.86 1 81 616.86 51243.50000000002 2302.12 26.50063991546631 4
1 -1 1 645.36 447.78000000000003 -1 6307.799999999999 10 93 600.62 72634.16999999995 2249.6400000000003 20.911073207855225 4
0 -1 2 612.82 456.85 -1 588.39 1 81 588.39 50814.91999999998 2222.02 40.7594678401947 4
1 -1 2 670.95 468.07 -1 6368.54 10 93 631.1800000000001 75135.67000000001 2222.02 40.80096411705017 4
0 -1 3 789.4 372.44 -1 372.44 1 81 372.44 64686.19000000001 1833.1499999999999 0.05446004867553711 4
1 -1 3 757.13 365.47999999999996 -2 3678.6399999999994 10 93 365.47999999999996 77770.53 1812.2699999999998 0.03634214401245117 4
0 -1 4 615.47 451.54 -2 617.19 1 81 617.19 51087.53999999999 2303.11 25.122962951660156 4
1 -1 4 644.5 447.78000000000003 -1 6338.640000000001 10 93 606.01 72615.83 2265.81 21.402482986450195 4
0 -1 5 575.83 431.31 -1 518.0 1 81 518.0 47678.61000000001 1985.31 28.754574060440063 4
1 -1 5 571.59 429.45000000000005 -4 5056.719999999999 10 93 502.56 63271.47000000002 1937.13 31.032634973526 4
0 -1 6 700.66 580.0600000000001 -1 705.1200000000001 1 81 705.1200000000001 58163.52 2695.4200000000005 40.779996156692505 4
1 -1 6 664.79 462.40999999999997 -2 6126.8200000000015 10 93 599.97 74078.84000000003 2262.32 40.12306308746338 4
0 -1 7 675.39 504.27 -2 637.76 1 81 637.76 55981.94000000002 2417.55 11.73085880279541 4
1 -1 7 697.44 469.4 -2 6494.999999999999 10 93 644.7099999999999 77852.35999999997 2382.68 12.756018877029419 4
0 -1 8 613.16 456.84999999999997 -1 584.98 1 81 584.98 50835.84999999999 2211.79 12.399854183197021 4
1 -1 8 669.91 468.07 -1 6367.42 10 93 630.23 75036.51999999996 2211.79 12.527119874954224 4
random:5T:300
0 -1 0 90.83 0 -22 554.29 4 89 130.11 9192.380000000003 390.33000000000004 0.6313068866729736 5
1 -1 0 89.04 0 -17 1438.0299999999997 12 90 85.67 10889.519999999997 257.01 0.5001857280731201 5
0 -1 1 79.86 0 -16 390.9 4 89 58.86 7889.059999999999 176.57999999999998 0.5571599006652832 5
1 -1 1 86.28 0 -17 1363.05 12 90 73.27 10491.490000000002 176.57999999999998 0.43901801109313965 5
0 -1 2 71.83 0 -17 276.67999999999995 4 89 17.59 6945.810000000001 52.769999999999996 10.112212896347046 5
1 -1 2 82.73 0 -16 1075.25 12 90 53.82 9596.189999999997 52.769999999999996 8.43195629119873 5
0 -1 3 67.45 0.0 -19 0.0 4 89 0.0 6002.910000000001 0.0 0.01830601692199707 5
1 -1 3 62.21 0.0 -21 6.94 12 90 0.0 5613.210000000004 0.0 0.021188020706176758 5
0 -1 4 79.86 0 -16 390.9 4 89 58.86 7889.059999999999 176.57999999999998 0.5172107219696045 5
1 -1 4 86.28 0 -17 1363.05 12 90 73.27 10491.490000000002 176.57999999999998 0.45415711402893066 5
0 -1 5 58.01 0 -31 85.34 4 89 0.0 5333.530000000002 0.0 5.9605278968811035 5
1 -1 5 56.79 0 -28 434.22 12 90 0.0 5979.63 0.0 5.254180192947388 5
0 -1 6 90.83 0 -22 554.29 4 89 130.11 9192.380000000003 390.33000000000004 14.321168899536133 5
1 -1 6 88.93 0 -15 1309.55 12 90 85.67 10622.849999999999 257.01 9.174018144607544 5
0 -1 7 91.36 0 -26 250.0 4 89 0 8631.480000000001 0 4.509063959121704 5
1 -1 7 87.92 0 -17 745.9899999999999 12 90 0 9404.840000000006 0 3.5117149353027344 5
0 -1 8 71.83 0 -17 276.67999999999995 4 89 17.59 6945.810000000001 52.769999999999996 3.416175127029419 5
1 -1 8 82.73 0 -16 1075.25 12 90 53.82 9596.189999999997 52.769999999999996 3.036339044570923 5
random:5T:600
0 -1 0 267.61 0 -4 1205.58 4 89 268.56 26228.86 805.6800000000001 1.1606941223144531 5
1 -1 0 266.65 0 -7 3998.5099999999993 12 90 236.97 31995.229999999985 710.91 1.0702037811279297 5
0 -1 1 243.02 171.51999999999998 -4 772.81 4 89 184.32 23173.960000000006 724.48 5.576923847198486 5
1 -1 1 239.28 155.32000000000002 -1 2164.82 12 90 171.44 25864.72 669.64 15.30167818069458 5
0 -1 2 219.06 121.49999999999991 -1 682.11 4 89 159.06 20860.730000000014 598.68 28.44414210319519 5
1 -1 2 223.04 133.70999999999998 -1 2100.8600000000006 12 90 167.12 24275.239999999994 598.68 15.528004884719849 5
0 -1 3 233.64 0.0 -1 477.83 4 89 93.24 21749.780000000002 279.71999999999997 0.026619911193847656 5
1 -1 3 242.52 5.2 -1 1525.31 12 90 5.2 24876.99 15.600000000000001 0.01693415641784668 5
0 -1 4 243.02 171.51999999999998 -4 772.81 4 89 184.32 23173.960000000006 724.48 5.600806951522827 5
1 -1 4 239.28 155.32000000000002 -1 2164.82 12 90 171.44 25864.72 669.64 15.332597970962524 5
0 -1 5 184.22 0 -2 585.4200000000001 4 89 106.39 17566.689999999995 319.17 16.17423415184021 5
1 -1 5 188.98 9.21 -1 1859.6299999999999 12 90 60.97 20727.530000000006 182.91 13.668131828308105 5
0 -1 6 250.78 107.68 -1 743.84 4 89 184.08 23807.30000000001 659.9200000000001 24.543731927871704 5
1 -1 6 242.22 139.24 -1 2152.9300000000003 12 90 174.2 26105.23999999998 630.28 16.765633821487427 5
0 -1 7 251.86 106.95999999999995 -1 597.0999999999999 4 89 111.19999999999999 23609.479999999992 440.55999999999995 8.778441905975342 5
1 -1 7 243.84 136.55 -1 2000.64 12 90 140.93 25946.99999999998 440.55999999999995 6.2614758014678955 5
0 -1 8 219.06 121.49999999999991 -1 682.11 4 89 159.06 20860.730000000014 598.68 9.133477926254272 5
1 -1 8 223.04 133.70999999999998 -1 2100.8600000000006 12 90 167.12 24275.239999999994 598.68 5.394840955734253 5
random:5T:900
0 -1 0 461.82 122.85 -1 2023.16 4 89 469.6700000000001 45148.450000000004 1531.8600000000001 1.7510828971862793 5
1 -1 0 452.07 0 -5 6627.879999999999 12 90 397.18 53941.62999999998 1191.54 1.73887300491333 5
0 -1 1 395.86 321.65 -2 1481.75 4 89 346.52 38194.81000000003 1361.21 10.95352292060852 5
1 -1 1 412.37 317.22 -1 4189.54 12 90 335.48 45492.46 1323.66 8.779893159866333 5
0 -1 2 371.68 297.98 -4 1301.16 4 89 307.5 35681.51999999998 1220.48 27.926812171936035 5
1 -1 2 390.6 281.43000000000023 -1 3983.74 12 90 315.96 43121.71000000002 1203.9300000000003 27.981378078460693 5
0 -1 3 406.94 175.88000000000002 -1 726.8199999999999 4 89 175.88000000000002 37671.010000000024 782.3600000000001 0.02531599998474121 5
1 -1 3 392.88 156.31 -1 2200.91 12 90 156.31 39761.310000000005 723.65 0.02886199951171875 5
0 -1 4 394.34 321.65 -2 1481.42 4 89 346.52 38059.23 1361.21 10.097418069839478 5
1 -1 4 408.84 324.09000000000003 -1 4097.66 12 90 324.09000000000003 44991.19999999999 1293.92 8.216584205627441 5
0 -1 5 319.21 220.99 -2 1169.51 4 89 268.5 30748.899999999972 1026.49 21.75747013092041 5
1 -1 5 333.38 228.57 -2 3465.1899999999996 12 90 233.06 36934.560000000005 920.1700000000001 17.545532941818237 5
0 -1 6 407.24 335.55 -2 1385.9199999999998 4 89 345.5 39016.01999999998 1372.05 30.744399070739746 5
1 -1 6 411.68 317.7 -1 4042.7799999999997 12 90 331.92 45136.46999999998 1313.46 22.345206022262573 5
0 -1 7 401.95 323.39 -1 1337.63 4 89 329.35 38449.17 1311.44 9.859748125076294 5
1 -1 7 393.16 283.69 -1 3814.8499999999995 12 90 306.03 43014.22999999998 1201.78 7.429075002670288 5
0 -1 8 371.68 297.98 -4 1301.16 4 89 307.5 35681.51999999998 1220.48 8.971942901611328 5
1 -1 8 390.6 281.43000000000023 -1 3983.74 12 90 315.96 43121.71000000002 1203.9300000000003 9.237491130828857 5
random:5T:1200
0 -1 0 667.28 292.91 -1 2803.5699999999997 4 89 641.27 64995.310000000005 2216.72 2.3120920658111572 5
1 -1 0 624.71 0 -5 9513.75 12 90 564.55 75251.17 1693.6499999999999 2.1675031185150146 5
0 -1 1 516.19 400.98 -1 1899.9499999999998 4 89 447.61 49740.47000000002 1743.81 15.180107831954956 5
1 -1 1 555.29 408.52 -2 5804.09 12 90 463.87 61584.66999999996 1743.81 19.066686868667603 5
0 -1 2 508.93 416.43 -1 1920.4899999999998 4 89 461.40999999999997 49136.159999999996 1800.66 37.37881803512573 5
1 -1 2 545.2 417.7700000000003 -1 5779.489999999999 12 90 473.21999999999997 60627.17999999999 1800.66 35.52385377883911 5
0 -1 3 592.05 276.71000000000004 -1 1218.3799999999999 4 89 276.71000000000004 55129.02000000003 1277.9700000000003 0.036253929138183594 5
1 -1 3 579.5 189.9 -1 3727.0299999999997 12 90 189.9 59608.739999999976 1017.5400000000001 0.02949810028076172 5
0 -1 4 515.58 403.98 -1 1900.47 4 89 447.78 49687.99999999998 1747.32 15.219221830368042 5
1 -1 4 548.53 405.47 -1 5794.07 12 90 462.97 60956.10000000002 1747.32 16.131887912750244 5
0 -1 5 459.32 357.58 -2 1576.49 4 89 366.37 44032.82000000002 1456.69 29.73337697982788 5
1 -1 5 477.08 358.28 -2 4451.259999999999 12 90 360.37 51839.86999999999 1438.69 24.212915182113647 5
0 -1 6 527.73 423.88 -2 1944.74 4 89 483.05 50857.6 1873.0300000000002 37.198939085006714 5
1 -1 6 561.75 407.09999999999997 -1 5947.64 12 90 484.35999999999996 62452.87000000002 1856.25 31.33966612815857 5
0 -1 7 523.02 421.89 -1 1883.96 4 89 449.70000000000005 50316.39999999997 1770.9900000000002 12.58227801322937 5
1 -1 7 541.37 404.19 -1 5693.14 12 90 435.09000000000003 60109.61999999998 1709.46 9.685274124145508 5
0 -1 8 503.62 409.78000000000003 -1 1919.0500000000002 4 89 461.40999999999997 48660.66000000002 1794.01 11.033111095428467 5
1 -1 8 547.58 421.39 -1 5801.46 12 90 473.21999999999997 60885.23000000001 1794.01 11.54017686843872 5
random:5T:1500
0 -1 0 865.42 417.48 -1 3655.91 4 89 873.8400000000001 84333.78000000004 3039.0000000000005 2.9001259803771973 5
1 -1 0 793.32 0 -1 11612.0 12 90 632.05 94622.68 1896.1499999999999 2.754859685897827 5
0 -1 1 628.91 456.01 -1 2452.6800000000003 4 89 612.13 60878.38999999998 2292.3999999999996 22.53613519668579 5
1 -1 1 693.38 458.8500000000001 -2 7713.719999999998 12 90 626.28 77832.04000000002 2292.3999999999996 20.05930185317993 5
0 -1 2 631.74 467.46999999999997 -2 2353.68 4 89 577.49 60932.0 2199.94 42.303494930267334 5
1 -1 2 669.11 456.66 -1 7146.06 12 90 533.01 74512.03999999996 2055.69 33.12208604812622 5
0 -1 3 767.96 364.6 -1 1483.21 4 89 364.6 71315.09999999998 1797.13 0.0401158332824707 5
1 -1 3 734.85 340.9200000000001 -1 4463.49 12 90 340.9200000000001 75063.40999999995 1726.0900000000001 0.040361881256103516 5
0 -1 4 621.38 448.69000000000005 -1 2452.0299999999997 4 89 610.6 60207.19999999997 2280.4900000000002 22.385337114334106 5
1 -1 4 688.19 460.53 -1 7712.400000000001 12 90 625.4200000000001 77361.84000000001 2280.4900000000002 21.573793649673462 5
0 -1 5 585.16 412.32000000000005 -1 2029.19 4 89 473.58000000000004 56137.18000000002 1833.0600000000004 35.59798288345337 5
1 -1 5 614.29 444.3900000000001 -4 6285.42 12 90 511.5 67857.35999999996 1833.0600000000004 27.946928024291992 5
0 -1 6 649.31 477.28 -1 2571.84 4 89 641.8 62931.97 2402.68 44.379557847976685 5
1 -1 6 711.41 465.7 -1 7468.03 12 90 618.9 78962.83999999998 2322.3999999999996 36.31645488739014 5
0 -1 7 623.62 459.64 -2 2315.2799999999997 4 89 563.28 60132.55000000002 2149.48 13.870370149612427 5
1 -1 7 655.34 447.23 -1 6638.21 12 90 527.1800000000001 72257.17999999998 2028.7700000000002 10.291579008102417 5
0 -1 8 632.05 467.47 -2 2380.3199999999997 4 89 562.3199999999999 61012.81999999999 2154.43 12.565445184707642 5
1 -1 8 678.01 456.66 -1 7523.88 12 90 622.63 76068.3 2143.62 11.007951021194458 5
random:6T:300
0 -1 0 93.65 0 -23 1874.3900000000003 13 96 117.21 12739.640000000003 351.63 0.5273473262786865 6
1 -1 0 86.54 0 -26 48.77 1 81 48.77 7107.3399999999965 146.31 0.5184829235076904 6
0 -1 1 90.35 0 -18 1490.0 13 96 0.0 11653.630000000005 0.0 0.4854860305786133 6
1 -1 1 87.01 0 -12 56.2 1 81 56.2 7160.469999999995 0.0 0.46158385276794434 6
0 -1 2 82.25 0 -16 1228.7199999999998 13 96 16.24 10353.37 48.72 8.77993392944336 6
1 -1 2 81.16 0 -12 79.99 1 81 79.99 6733.949999999995 48.72 9.475839853286743 6
0 -1 3 66.36 0.0 -26 0.0 13 96 0.0 6370.939999999999 0.0 0.019024133682250977 6
1 -1 3 78.21 0.0 -13 0.0 1 81 0.0 6334.610000000001 0.0 0.014645814895629883 6
0 -1 4 90.35 0 -18 1490.0 13 96 0.0 11653.630000000005 0.0 0.5064089298248291 6
1 -1 4 87.01 0 -12 56.2 1 81 56.2 7160.469999999995 0.0 0.5164690017700195 6
0 -1 5 65.06 0 -27 833.9700000000001 13 96 0.0 7913.780000000006 0.0 6.5060319900512695 6
1 -1 5 70.41 0.0 -19 0.0 1 81 0.0 5703.41 0.0 6.399199962615967 6
0 -1 6 92.55 0 -24 1658.1799999999998 13 96 117.21 12200.830000000004 351.63 10.705554962158203 6
1 -1 6 85.57 0 -18 52.39 1 81 52.39 7035.939999999996 157.17000000000002 11.671679019927979 6
0 -1 7 99.47 0 -22 1522.2899999999995 13 96 68.29 12594.080000000002 204.87 4.5909528732299805 6
1 -1 7 85.25 0.0 -19 0.0 1 81 0.0 6904.919999999994 0.0 4.040992975234985 6
0 -1 8 82.25 0 -16 1228.7199999999998 13 96 16.24 10353.37 48.72 3.385908842086792 6
1 -1 8 81.16 0 -12 79.99 1 81 79.99 6733.949999999995 48.72 3.246156930923462 6
random:6T:600
0 -1 0 263.09 0 -7 4489.64 13 96 270.33 34235.680000000015 810.99 1.1397719383239746 6
1 -1 0 274.17 0.0 -3 233.04000000000002 1 81 233.04000000000002 22673.46 699.1200000000001 1.104396104812622 6
0 -1 1 236.43 127.87000000000005 -3 2333.96 13 96 140.92 27365.189999999984 550.63 5.446457862854004 6
1 -1 1 248.92 182.2 -1 239.17000000000002 1 81 239.17000000000002 20640.660000000007 550.63 1.9421639442443848 6
0 -1 2 224.0 96.99000000000001 -1 2290.09 13 96 158.76 26083.850000000002 573.27 25.133825063705444 6
1 -1 2 230.94 173.81 -2 174.6 1 81 174.6 19055.330000000005 573.27 17.830797910690308 6
0 -1 3 239.67 31.13 -1 1675.02 13 96 46.57 26358.119999999988 170.84 0.039002180099487305 6
1 -1 3 258.59 0.0 -1 151.93 1 81 151.93 21249.83 139.71 0.03130626678466797 6
0 -1 4 236.43 127.87000000000005 -3 2333.96 13 96 140.92 27365.189999999984 550.63 5.754442930221558 6
1 -1 4 248.92 182.2 -1 239.17000000000002 1 81 239.17000000000002 20640.660000000007 550.63 2.057669162750244 6
0 -1 5 193.83 0.0 -1 2194.79 13 96 151.37 22997.520000000008 454.11 14.936506032943726 6
1 -1 5 212.19 98.11999999999998 -1 141.15 1 81 141.15 17469.370000000003 423.45000000000005 27.05543875694275 6
0 -1 6 244.31 127.67 -1 2385.59 13 96 181.21 28224.769999999986 671.3 19.566769123077393 6
1 -1 6 254.37 166.70000000000007 -1 166.8 1 81 166.8 20937.33 628.07 22.662165880203247 6
0 -1 7 257.92 149.72000000000003 -1 2355.35 13 96 170.33 29471.06000000001 660.71 7.7548370361328125 6
1 -1 7 253.28 155.24000000000007 -1 172.08999999999997 1 81 172.08999999999997 20860.079999999998 660.71 7.482980012893677 6
0 -1 8 224.0 96.99000000000001 -1 2290.09 13 96 158.76 26083.850000000002 573.27 8.321719646453857 6
1 -1 8 231.93 170.34 -1 220.8 1 81 220.8 19227.590000000007 573.27 5.07514500617981 6
random:6T:900
0 -1 0 446.76 0 -3 7100.969999999999 13 96 436.88 57091.34999999998 1310.6399999999999 1.6489579677581787 6
1 -1 0 483.42 192.8 -1 422.62 1 81 422.62 40002.36999999999 1267.8600000000001 1.559694766998291 6
0 -1 1 390.93 277.2500000000001 -3 4436.889999999999 13 96 329.0 46402.88000000004 1264.25 20.398877143859863 6
1 -1 1 413.92 332.73 -1 398.12 1 81 398.12 34324.109999999986 1264.25 9.984273910522461 6
0 -1 2 383.18 272.64000000000016 -2 4317.36 13 96 308.15 45420.469999999994 1197.0900000000001 33.3779559135437 6
1 -1 2 385.71 311.0900000000001 -2 318.53999999999996 1 81 318.53999999999996 31879.33999999999 1197.0900000000001 25.700904846191406 6
0 -1 3 401.04 165.5 -1 2402.6800000000003 13 96 165.5 43304.77000000001 778.72 0.03173565864562988 6
1 -1 3 424.82 188.92 -1 188.92 1 81 188.92 34788.10999999998 744.76 0.0257568359375 6
0 -1 4 390.93 277.2500000000001 -3 4436.889999999999 13 96 329.0 46402.88000000004 1264.25 20.92788600921631 6
1 -1 4 410.45 332.74 -1 398.3 1 81 398.3 34042.86999999999 1264.25 9.925535917282104 6
0 -1 5 335.49 219.16 -1 3824.8599999999997 13 96 285.72 39856.729999999996 1076.3200000000002 21.326318740844727 6
1 -1 5 360.26 278.4 -1 279.52 1 81 279.52 29740.5 1057.72 23.796533823013306 6
0 -1 6 412.74 338.37 -1 4486.290000000002 13 96 340.88 48595.44999999998 1361.01 29.69608235359192 6
1 -1 6 420.66 356.02 -1 393.6 1 81 393.6 34861.01000000001 1361.01 29.023597955703735 6
0 -1 7 414.55 317.37 -1 4445.93 13 96 339.04999999999995 48688.450000000004 1334.52 8.982208013534546 6
1 -1 7 410.56 339.94 -1 367.26 1 81 367.26 33989.520000000004 1334.52 8.61521315574646 6
0 -1 8 383.18 272.64000000000016 -2 4317.36 13 96 308.15 45420.469999999994 1197.0900000000001 10.372169971466064 6
1 -1 8 385.71 311.0900000000001 -2 318.53999999999996 1 81 318.53999999999996 31879.33999999999 1197.0900000000001 8.422983884811401 6
random:6T:1200
0 -1 0 626.7 0 -2 9918.499999999998 13 96 498.02 79999.92999999996 1494.06 2.5530688762664795 6
1 -1 0 694.96 331.28 -1 599.99 1 81 599.99 57491.87999999999 1494.06 2.206897258758545 6
0 -1 1 533.21 393.43 -1 6391.8099999999995 13 96 424.94 63971.499999999985 1668.25 15.900808095932007 6
1 -1 1 536.0 418.29999999999995 -1 541.56 1 81 541.56 44499.15 1668.25 16.363649129867554 6
0 -1 2 529.75 395.27000000000004 -4 6218.780000000001 13 96 463.49999999999994 63293.61 1785.7699999999998 34.3972442150116 6
1 -1 2 519.11 448.51 -2 478.34 1 81 478.34 43004.53 1785.7699999999998 32.3680419921875 6
0 -1 3 598.07 261.72 -1 4278.33 13 96 261.72 65971.50999999998 1282.95 0.03790283203125 6
1 -1 3 604.51 326.01 -1 326.01 1 81 326.01 49617.02999999997 1228.21 0.029422283172607422 6
0 -1 4 532.35 397.87 -1 6391.8099999999995 13 96 424.94 63888.78999999998 1672.69 16.491153955459595 6
1 -1 4 534.88 414.74 -1 541.5600000000001 1 81 541.5600000000001 44408.100000000006 1672.69 17.10565185546875 6
0 -1 5 465.37 344.74 -2 4711.48 13 96 344.74 54098.77000000002 1379.96 26.1725070476532 6
1 -1 5 490.69 401.56 -4 436.31000000000006 1 81 436.31000000000006 40618.28 1379.96 28.256815910339355 6
0 -1 6 552.96 411.40000000000003 -1 6499.9800000000005 13 96 494.53 66084.24999999999 1894.99 34.22327899932861 6
1 -1 6 543.61 417.29 -2 533.97 1 81 533.97 45099.970000000016 1894.99 32.409167766571045 6
0 -1 7 557.11 428.62 -1 6362.58 13 96 468.9200000000001 66207.46 1835.38 11.905051708221436 6
1 -1 7 527.43 418.31 -2 465.36 1 81 465.36 43652.58999999996 1814.3899999999999 9.799593925476074 6
0 -1 8 514.43 372.1000000000001 -1 5878.2 13 96 412.89 61141.84999999997 1610.7700000000002 10.621515989303589 6
1 -1 8 522.72 453.28 -2 475.14 1 81 475.14 43290.96000000003 1610.7700000000002 9.412905216217041 6
random:6T:1500
0 -1 0 786.22 0 -1 12848.1 13 96 648.98 101172.85 1946.94 2.918644905090332 6
1 -1 0 905.47 407.23 -1 802.86 1 81 802.86 74948.92 1946.94 2.7466917037963867 6
0 -1 1 631.95 441.32 -1 6877.15 13 96 520.51 74421.48 2002.85 19.088844060897827 6
1 -1 1 641.4 458.71 -1 655.49 1 81 655.49 53264.130000000005 2002.85 18.940688133239746 6
0 -1 2 649.27 453.64 -1 7005.900000000001 13 96 520.78 76341.70999999998 2015.98 38.67816495895386 6
1 -1 2 653.74 583.1700000000001 -2 634.29 1 81 634.29 54221.76999999999 2015.98 37.42494988441467 6
0 -1 3 757.95 359.12 -1 5109.09 13 96 359.12 82981.06000000006 1816.43 0.05090594291687012 6
1 -1 3 786.42 377.22999999999996 -1 377.22999999999996 1 81 377.22999999999996 64454.39999999999 1760.8200000000002 0.03791618347167969 6
0 -1 4 634.81 451.52 -1 6859.64 13 96 518.33 74661.23 2006.5100000000002 19.622956037521362 6
1 -1 4 645.49 458.71 -1 656.3500000000001 1 81 656.3500000000001 53597.189999999995 2006.5100000000002 20.27282404899597 6
0 -1 5 600.17 440.19 -4 6757.210000000001 13 96 510.68 71130.60000000003 1972.23 30.33390998840332 6
1 -1 5 610.37 533.64 -4 591.6500000000001 1 81 591.6500000000001 50623.34000000003 1972.23 30.241940021514893 6
0 -1 6 679.96 462.86 -2 8155.839999999999 13 96 617.26 81587.64999999997 2314.64 38.2535400390625 6
1 -1 6 657.25 476.90999999999997 -1 612.76 1 81 612.76 54462.68000000001 2301.14 36.9407000541687 6
0 -1 7 667.28 462.39 -2 7647.249999999999 13 96 576.5799999999999 79353.84999999998 2192.1299999999997 14.08974003791809 6
1 -1 7 672.58 501.65 -1 646.9200000000001 1 81 646.9200000000001 55772.54999999999 2192.1299999999997 12.905762910842896 6
0 -1 8 651.2 453.64 -1 7141.680000000001 13 96 534.69 76798.68000000004 2057.71 13.012830972671509 6
1 -1 8 650.37 580.05 -1 633.87 1 81 633.87 53948.030000000006 2057.71 12.052011966705322 6
random:7T:300
0 -1 0 96.49 0 -21 1629.3200000000004 11 94 116.16 12328.73 348.48 0.5795001983642578 7
1 -1 0 93.04 0 -26 129.43 1 81 129.43 7795.479999999999 348.48 0.5637638568878174 7
0 -1 1 95.58 0 -13 1389.04 11 94 118.31 11762.160000000007 354.93 0.49715113639831543 7
1 -1 1 97.71 0.0 -10 126.24 1 81 126.24 8167.060000000001 354.93 0.4969031810760498 7
0 -1 2 91.32 0 -12 1316.45 11 94 110.99 11217.370000000003 332.96999999999997 11.025499105453491 7
1 -1 2 85.4 0.0 -10 126.24 1 81 126.24 7170.119999999999 332.96999999999997 11.702579975128174 7
0 -1 3 69.11 0.0 -23 0.0 11 94 0.0 6496.220000000003 0.0 0.021687984466552734 7
1 -1 3 73.05 0.0 -16 0.0 1 81 0.0 5916.990000000002 0.0 0.016772985458374023 7
0 -1 4 95.58 0 -13 1389.04 11 94 118.31 11762.160000000007 354.93 0.5022568702697754 7
1 -1 4 97.71 0.0 -10 126.24 1 81 126.24 8167.060000000001 354.93 0.4999101161956787 7
0 -1 5 68.44 0 -22 782.8199999999999 11 94 23.85 7999.4500000000035 71.55000000000001 9.477223873138428 7
1 -1 5 75.92 0 -20 86.53 1 81 86.53 6322.870000000002 71.55000000000001 7.981594085693359 7
0 -1 6 94.2 0 -27 1378.3600000000004 11 94 116.16 11611.8 348.48 11.309638977050781 7
1 -1 6 91.96 0 -19 129.43 1 81 129.43 7707.94 348.48 11.945358753204346 7
0 -1 7 101.39 0 -18 1299.8400000000001 11 94 106.21 12129.960000000003 318.63 4.714216947555542 7
1 -1 7 98.09 0 -18 124.71 1 81 124.71 8194.53 318.63 4.303877115249634 7
0 -1 8 91.32 0 -12 1316.45 11 94 110.99 11217.370000000003 332.96999999999997 3.9648361206054688 7
1 -1 8 85.4 0.0 -10 126.24 1 81 126.24 7170.119999999999 332.96999999999997 3.936669111251831 7
random:7T:600
0 -1 0 274.95 0 -1 3932.91 11 94 275.15 33710.77000000002 825.4499999999999 1.2232613563537598 7
1 -1 0 292.43 0 -3 281.18 1 81 281.18 24249.280000000017 825.4499999999999 1.123837947845459 7
0 -1 1 252.62 150.61000000000007 -2 2015.43 11 94 181.45 27776.999999999985 694.96 12.846747875213623 7
1 -1 1 269.16 201.18 -2 280.75 1 81 280.75 22363.119999999984 694.96 3.955648899078369 7
0 -1 2 248.7 188.95999999999998 -1 2490.1299999999997 11 94 216.58999999999997 28358.11000000001 838.73 21.826658010482788 7
1 -1 2 248.48 192.42 -2 244.82999999999998 1 81 244.82999999999998 20616.270000000004 838.73 20.724295139312744 7
0 -1 3 245.48 36.33 -1 1508.3799999999999 11 94 129.39 26091.829999999984 424.49999999999994 0.03515505790710449 7
1 -1 3 233.62 0.0 -2 86.72 1 81 86.72 19097.030000000006 260.15999999999997 0.032071828842163086 7
0 -1 4 252.62 150.61000000000007 -2 2015.43 11 94 181.45 27776.999999999985 694.96 13.832481145858765 7
1 -1 4 269.16 201.18 -2 280.75 1 81 280.75 22363.119999999984 694.96 6.406025171279907 7
0 -1 5 207.1 33.41000000000001 -1 1880.7000000000003 11 94 160.45999999999998 23228.770000000004 514.79 22.583478927612305 7
1 -1 5 222.59 79.83000000000001 -1 174.39 1 81 174.39 18378.470000000012 514.79 27.480223894119263 7
0 -1 6 255.95 148.41000000000003 -1 2013.09 11 94 180.97 28085.400000000012 691.3199999999999 25.133654832839966 7
1 -1 6 266.18 152.21 -1 183.92 1 81 183.92 21928.170000000002 691.3199999999999 25.162577867507935 7
0 -1 7 260.17 139.14999999999998 -1 1995.6199999999997 11 94 178.77 28447.67000000002 675.46 7.574191093444824 7
1 -1 7 271.03 161.05 -1 182.87 1 81 182.87 22319.51000000002 675.46 7.699184894561768 7
0 -1 8 248.7 188.95999999999998 -1 2490.1299999999997 11 94 216.58999999999997 28358.11000000001 838.73 7.137531042098999 7
1 -1 8 247.53 190.51000000000002 -1 251.29000000000002 1 81 251.29000000000002 20552.780000000006 838.73 6.520295858383179 7
random:7T:900
0 -1 0 468.29 0 -1 6396.3 11 94 479.2 56811.46000000002 1437.6 2.0116846561431885 7
1 -1 0 499.63 124.45 -2 489.39 1 81 489.39 41448.950000000004 1437.6 1.7895872592926025 7
0 -1 1 408.76 309.7600000000003 -2 3786.25 11 94 339.34000000000003 45995.51999999999 1327.7800000000004 24.39287805557251 7
1 -1 1 417.83 360.06 -1 437.75 1 81 437.75 34720.02000000001 1327.7800000000004 12.089563131332397 7
0 -1 2 402.1 333.13 -2 3737.58 11 94 333.21000000000004 45272.80999999998 1332.7600000000002 29.94885015487671 7
1 -1 2 400.89 334.19 -2 339.28999999999996 1 81 339.28999999999996 33150.28 1332.7600000000002 29.662256002426147 7
0 -1 3 408.63 183.91 -2 2045.63 11 94 183.91 42502.459999999985 837.8 0.02955484390258789 7
1 -1 3 416.21 174.42999999999998 -1 174.42999999999998 1 81 174.42999999999998 34062.2 760.46 0.03817105293273926 7
0 -1 4 408.76 309.7600000000003 -2 3786.25 11 94 339.34000000000003 45995.51999999999 1327.7800000000004 26.003421306610107 7
1 -1 4 417.87 360.06 -1 437.75 1 81 437.75 34722.86000000001 1327.7800000000004 11.926285028457642 7
0 -1 5 361.15 247.6 -3 3545.19 11 94 315.5 41038.409999999996 1194.1 25.37099003791809 7
1 -1 5 370.98 313.88 -1 332.05 1 81 332.05 30713.09 1194.1 27.256696939468384 7
0 -1 6 422.42 341.61 -1 3776.53 11 94 341.61 47260.30999999999 1367.08 33.160603046417236 7
1 -1 6 413.15 345.71 -1 346.39 1 81 346.39 34157.94999999999 1367.08 31.841636896133423 7
0 -1 7 429.7 338.18 -6 4292.44 11 94 365.5 48976.41000000002 1434.68 13.75161099433899 7
1 -1 7 434.54 358.25 -1 414.96999999999997 1 81 414.96999999999997 36027.79999999998 1434.68 9.952645778656006 7
0 -1 8 403.93 330.83 -4 3934.19 11 94 338.68 45837.55999999996 1346.87 9.484431982040405 7
1 -1 8 400.95 333.96 -4 347.73 1 81 347.73 33172.01999999999 1346.87 8.263422012329102 7
random:7T:1200
0 -1 0 656.0 45.69 -1 8536.89 11 94 662.95 78737.35000000002 2034.5400000000002 2.50606107711792 7
1 -1 0 706.93 203.58 -2 659.41 1 81 659.41 58580.05 2023.92 2.26711106300354 7
0 -1 1 535.78 415.42 -1 5430.360000000001 11 94 487.21000000000004 61223.840000000026 1877.0500000000002 15.512891292572021 7
1 -1 1 541.6 425.46999999999997 -1 558.1099999999999 1 81 558.1099999999999 44986.04000000001 1877.0500000000002 19.41218400001526 7
0 -1 2 538.19 412.44 -1 5423.52 11 94 478.79999999999995 61437.05000000001 1848.84 35.34990215301514 7
1 -1 2 533.47 421.41 -1 494.4 1 81 494.4 44199.48999999998 1848.84 31.005540132522583 7
0 -1 3 608.3 330.94 -2 3707.8199999999997 11 94 330.94 64595.52 1497.81 0.03393673896789551 7
1 -1 3 573.15 224.07 -1 224.07 1 81 224.07 46873.420000000006 1107.0500000000002 0.027002811431884766 7
0 -1 4 534.65 415.42 -1 5430.36 11 94 487.21999999999997 61117.61000000002 1877.08 13.69868278503418 7
1 -1 4 530.91 425.46999999999997 -1 554.05 1 81 554.05 44111.950000000004 1877.08 17.43046283721924 7
0 -1 5 505.12 375.83000000000004 -1 5245.710000000001 11 94 469.89 57973.02 1785.5 27.940030813217163 7
1 -1 5 500.35 385.55 -1 473.64 1 81 473.64 41475.37000000002 1785.5 27.25482678413391 7
0 -1 6 557.46 421.44 -1 5276.8099999999995 11 94 473.35 62954.98 1841.4900000000002 32.32498836517334 7
1 -1 6 529.29 409.68 -1 455.68 1 81 455.68 43783.820000000014 1776.72 30.28895092010498 7
0 -1 7 583.67 417.58 -1 5933.569999999998 11 94 534.0699999999999 66732.25999999997 2019.7899999999997 11.991442918777466 7
1 -1 7 576.67 440.63 -2 572.93 1 81 572.93 47856.09000000001 2019.7899999999997 10.949254989624023 7
0 -1 8 547.06 412.44 -1 5361.240000000001 11 94 478.79999999999995 62145.71999999998 1848.84 11.287286043167114 7
1 -1 8 533.47 421.41 -1 494.4 1 81 494.4 44199.48999999998 1848.84 9.209128856658936 7
random:7T:1500
0 -1 0 838.42 250.6 -1 11300.390000000001 11 94 882.4699999999999 101412.06000000003 2898.0099999999998 2.9059431552886963 7
1 -1 0 911.03 246.98 -2 868.1099999999999 1 81 868.1099999999999 75529.53000000001 2851.31 2.5483720302581787 7
0 -1 1 651.29 456.12 -2 6767.820000000001 11 94 612.85 74757.21 2294.67 19.223581314086914 7
1 -1 1 663.88 493.33 -1 680.88 1 81 680.88 55135.729999999974 2294.67 21.873201847076416 7
0 -1 2 684.3 507.96 -2 7008.3099999999995 11 94 631.5699999999999 78340.67000000003 2402.6699999999996 37.10022711753845 7
1 -1 2 652.36 468.81 -1 652.0799999999999 1 81 652.0799999999999 54145.15000000003 2363.52 34.54565095901489 7
0 -1 3 770.52 374.98999999999995 -2 4365.91 11 94 374.98999999999995 81160.73999999998 1868.4499999999998 0.033296823501586914 7
1 -1 3 770.52 354.96999999999997 -1 354.96999999999997 1 81 354.96999999999997 63122.40000000001 1731.9099999999999 0.04485201835632324 7
0 -1 4 645.74 453.38 -1 6742.159999999999 11 94 610.27 74183.40999999996 2284.19 18.27773690223694 7
1 -1 4 657.07 468.81 -1 680.8 1 81 680.8 54584.07 2284.19 21.467329025268555 7
0 -1 5 634.18 468.34999999999997 -1 6079.65 11 94 519.0400000000001 71772.24999999997 2025.4700000000003 29.41179084777832 7
1 -1 5 614.35 466.65 -1 590.13 1 81 590.13 50942.28999999998 2023.7700000000004 26.948296785354614 7
0 -1 6 708.62 471.42 -2 7066.730000000001 11 94 637.47 80744.00000000001 2383.83 33.31527614593506 7
1 -1 6 674.55 526.39 -1 622.14 1 81 622.14 55883.19 2337.84 29.64767599105835 7
0 -1 7 702.39 521.5 -2 6934.4400000000005 11 94 618.8900000000001 79893.42000000003 2378.17 10.920078039169312 7
1 -1 7 693.82 568.51 -1 721.0799999999999 1 81 721.0799999999999 57641.55 2378.17 9.859829902648926 7
0 -1 8 675.88 485.32 -2 7014.04 11 94 631.13 77561.09999999998 2378.71 9.875577211380005 7
1 -1 8 652.36 468.81 -1 652.0799999999999 1 81 652.0799999999999 54145.15000000003 2362.2 9.34365701675415 7
random:8T:300
0 -1 0 88.29 0 -26 264.33 2 82 127.88 7768.720000000003 383.64 0.60585618019104 8
1 -1 0 93.08 0 -40 1964.3200000000002 10 93 180.48000000000002 12584.940000000004 383.64 0.652529239654541 8
0 -1 1 80.54 0 -15 25.42 2 82 0.0 6654.840000000005 0.0 0.5702741146087646 8
1 -1 1 95.06 0 -13 1341.6400000000003 10 93 128.66 11523.940000000004 0.0 0.5312349796295166 8
0 -1 2 75.58 0 -15 19.96 2 82 0.0 6237.530000000003 0.0 9.739147663116455 8
1 -1 2 84.96 0 -14 677.28 10 93 56.63 9255.96 0.0 10.27988886833191 8
0 -1 3 76.12 0.0 -15 0.0 2 82 0.0 6242.17 0.0 0.0230562686920166 8
1 -1 3 74.53 0.0 -22 0.0 10 93 0.0 6931.280000000002 0.0 0.016736984252929688 8
0 -1 4 80.54 0 -15 25.42 2 82 0.0 6654.840000000005 0.0 0.5791449546813965 8
1 -1 4 95.06 0 -13 1341.6400000000003 10 93 128.66 11523.940000000004 0.0 0.5621821880340576 8
0 -1 5 70.41 0 -19 74.01 2 82 0.0 5921.240000000001 0.0 7.8685901165008545 8
1 -1 5 71.42 0 -26 677.76 10 93 7.24 7997.770000000001 0.0 7.397029161453247 8
0 -1 6 87.4 0 -20 261.01 2 82 127.88 7688.630000000003 383.64 11.318769931793213 8
1 -1 6 92.3 0 -16 1458.3199999999997 10 93 141.27 11500.350000000004 383.64 12.57842206954956 8
0 -1 7 89.2 0 -23 0.0 2 82 0.0 7314.340000000006 0.0 3.6727652549743652 8
1 -1 7 101.12 0 -19 842.72 10 93 0 11089.760000000004 0.0 5.078497886657715 8
0 -1 8 75.58 0 -15 19.96 2 82 0.0 6237.530000000003 0.0 3.4482522010803223 8
1 -1 8 84.96 0 -14 677.28 10 93 56.63 9255.96 0.0 4.07352614402771 8
random:8T:600
0 -1 0 250.68 0 -5 572.0799999999999 2 82 284.39 21700.00000000001 853.17 1.1662030220031738 8
1 -1 0 257.67 0 -6 3711.5199999999995 10 93 352.87999999999994 31386.320000000018 853.17 1.3364589214324951 8
0 -1 1 243.25 167.74999999999983 -3 381.57000000000005 2 82 174.97000000000003 20709.37999999999 692.6599999999999 13.303946018218994 8
1 -1 1 243.52 173.82 -4 1849.7399999999998 10 93 183.75 26346.51 692.6599999999999 2.8039848804473877 8
0 -1 2 225.64 138.5200000000001 -2 318.65 2 82 159.06 19139.94999999999 615.7 26.70271611213684 8
1 -1 2 228.24 152.48 -1 1702.08 10 93 167.74 24630.249999999993 615.7 17.073966026306152 8
0 -1 3 253.78 34.34 -1 182.64 2 82 85.53 21175.190000000006 290.93000000000006 0.020189285278320312 8
1 -1 3 248.36 0.0 -1 1064.64 10 93 96.2 25227.030000000006 256.59000000000003 0.027302265167236328 8
0 -1 4 243.25 167.74999999999983 -3 381.57000000000005 2 82 174.97000000000003 20709.37999999999 692.6599999999999 13.170336961746216 8
1 -1 4 243.52 173.82 -4 1849.7399999999998 10 93 183.75 26346.51 692.6599999999999 2.9188950061798096 8
0 -1 5 216.49 108.05999999999996 -1 298.69 2 82 127.09 18349.569999999996 489.3299999999999 31.840848207473755 8
1 -1 5 198.9 25.51 -1 1702.18 10 93 156.76 21901.810000000027 406.78 20.521231174468994 8
0 -1 6 243.97 136.2 -1 368.33000000000004 2 82 183.58 20742.03999999999 686.94 13.591194152832031 8
1 -1 6 244.99 140.95 -1 1875.6999999999996 10 93 186.56 26535.06 686.94 15.16845989227295 8
0 -1 7 252.23 127.63 -1 277.49 2 82 129.72 21237.74999999999 516.79 4.254692792892456 8
1 -1 7 263.6 156.23000000000002 -1 1871.26 10 93 185.67 28257.760000000006 516.79 6.033517122268677 8
0 -1 8 225.64 138.5200000000001 -2 318.65 2 82 159.06 19139.94999999999 615.7 5.844738006591797 8
1 -1 8 228.24 152.48 -1 1702.08 10 93 167.74 24630.249999999993 615.7 4.019952774047852 8
random:8T:900
0 -1 0 449.61 49.84 -1 911.1599999999999 2 82 449.66999999999996 38690.20000000002 1398.8499999999997 1.1088712215423584 8
1 -1 0 453.65 0 -3 6112.02 10 93 585.83 54413.58000000001 1349.0099999999998 1.2636189460754395 8
0 -1 1 395.54 319.86 -1 735.42 2 82 349.93999999999994 33905.33 1369.6799999999998 11.319791078567505 8
1 -1 1 410.45 320.55 -1 3463.2400000000007 10 93 342.22 45098.51000000002 1346.52 6.997833967208862 8
0 -1 2 377.4 284.52000000000004 -2 618.55 2 82 305.75 32183.609999999993 1201.77 18.389463901519775 8
1 -1 2 382.61 267.43000000000006 -2 3235.2999999999997 10 93 317.37 42053.67 1184.68 19.283287048339844 8
0 -1 3 430.2 174.16 -1 350.9 2 82 174.16 35978.00999999999 807.07 0.018878936767578125 8
1 -1 3 404.81 176.54000000000002 -2 1788.1999999999998 10 93 176.54000000000002 41223.99 775.77 0.01839280128479004 8
0 -1 4 395.8 312.15 -1 735.52 2 82 351.52 33926.27999999999 1366.71 19.518528938293457 8
1 -1 4 408.43 325.88000000000005 -1 3463.26 10 93 342.22 44910.77000000003 1338.81 8.512103796005249 8
0 -1 5 364.84 273.19 -2 623.5 2 82 295.40999999999997 31163.680000000004 1159.4199999999998 16.43498396873474 8
1 -1 5 329.89 216.76 -2 2912.9199999999996 10 93 262.26 36505.95999999998 1003.54 14.325509071350098 8
0 -1 6 398.47 313.41999999999996 -2 692.28 2 82 345.49 34058.71 1349.8899999999999 19.84673500061035 8
1 -1 6 423.76 350.92999999999995 -2 3527.9399999999996 10 93 350.92999999999995 46465.18999999999 1349.8899999999999 24.421602964401245 8
0 -1 7 405.85 316.39 -1 701.79 2 82 335.51 34683.479999999996 1322.92 6.355179071426392 8
1 -1 7 431.34 342.77 -2 3590.8199999999997 10 93 351.2 47295.92999999997 1322.92 7.639474153518677 8
0 -1 8 376.42 282.2000000000002 -2 634.53 2 82 305.75 32135.63000000001 1199.4500000000003 7.319719076156616 8
1 -1 8 382.61 267.43000000000006 -2 3235.2999999999997 10 93 317.37 42053.67 1184.68 6.8314528465271 8
random:8T:1200
0 -1 0 653.06 252.87 -1 1296.61 2 82 627.06 56144.460000000014 2134.0499999999997 1.6742079257965088 8
1 -1 0 632.95 0 -2 8275.84 10 93 793.01 75416.33 1881.1799999999998 1.863353967666626 8
0 -1 1 517.21 411.39 -1 915.4000000000001 2 82 453.65000000000003 44241.83000000001 1772.3400000000001 10.976593732833862 8
1 -1 1 545.35 405.45 -1 4884.6 10 93 480.81 60487.060000000056 1766.4 13.011199951171875 8
0 -1 2 508.59 413.15999999999997 -1 951.34 2 82 462.61 43607.46000000002 1800.9899999999998 23.45854616165161 8
1 -1 2 539.18 407.16 -1 4793.12 10 93 474.42 59729.81 1794.99 28.57640814781189 8
0 -1 3 633.12 293.63 -1 596.74 2 82 293.63 53109.32000000002 1381.77 0.023873090744018555 8
1 -1 3 575.21 248.85 -2 2630.62 10 93 248.85 58756.18999999997 1193.32 0.02269601821899414 8
0 -1 4 512.21 396.75 -1 922.98 2 82 449.38 43847.14000000002 1744.8899999999999 12.278861999511719 8
1 -1 4 540.88 405.45 -1 4876.259999999999 10 93 479.86 60054.709999999985 1744.8899999999999 13.632776975631714 8
0 -1 5 494.68 396.01 -2 893.43 2 82 417.35 42350.869999999995 1648.0600000000002 19.959048986434937 8
1 -1 5 470.12 362.92999999999995 -2 3784.2999999999997 10 93 364.1 51289.77000000001 1455.23 20.573482990264893 8
0 -1 6 540.82 420.77000000000004 -1 980.52 2 82 488.78000000000003 46308.58 1887.1100000000001 24.82648015022278 8
1 -1 6 561.05 420.98 -2 4912.42 10 93 488.65999999999997 62002.74999999999 1886.75 29.442216157913208 8
0 -1 7 541.29 431.58 -1 1025.63 2 82 499.40999999999997 46436.840000000026 1929.81 7.901282787322998 8
1 -1 7 573.89 427.62 -2 5301.900000000001 10 93 524.41 63975.96000000001 1925.85 9.699541091918945 8
0 -1 8 514.24 413.15 -1 941.25 2 82 462.83 44050.53999999996 1801.6399999999999 8.277399063110352 8
1 -1 8 539.26 407.15999999999997 -1 4777.040000000001 10 93 474.85 59705.58000000002 1795.65 8.881548881530762 8
random:8T:1500
0 -1 0 862.04 364.23 -1 1690.68 2 82 819.3000000000001 74068.25000000004 2822.13 2.0589489936828613 8
1 -1 0 812.48 0 -2 10553.279999999999 10 93 1006.7300000000001 96667.62 2457.9 2.273825168609619 8
0 -1 1 620.08 451.17999999999995 -1 1218.9899999999998 2 82 594.68 53284.69000000002 2235.22 14.411700010299683 8
1 -1 1 659.54 450.77 -1 6402.04 10 93 633.4 74141.51000000005 2234.81 15.984146356582642 8
0 -1 2 640.89 470.35 -1 1195.33 2 82 578.78 54943.90000000002 2206.69 30.652418851852417 8
1 -1 2 667.25 550.25 -2 6329.799999999999 10 93 628.81 74713.67 2206.69 27.46772789955139 8
0 -1 3 806.21 366.21 -1 734.53 2 82 366.21 67578.49999999997 1839.9799999999998 0.025936126708984375 8
1 -1 3 748.59 360.09000000000003 -2 3632.4800000000005 10 93 360.09000000000003 76883.71999999999 1769.09 0.03772902488708496 8
0 -1 4 631.07 459.71000000000004 -1 1218.87 2 82 587.71 54185.59000000003 2222.84 15.51361894607544 8
1 -1 4 645.16 447.90999999999997 -1 6149.879999999999 10 93 595.96 72299.56000000006 2211.04 14.978976011276245 8
0 -1 5 618.82 528.83 -4 1145.39 2 82 572.69 53033.98 2246.9 23.29271173477173 8
1 -1 5 598.24 458.97000000000014 -4 5260.180000000001 10 93 512.01 66156.77 1995.0 22.598206281661987 8
0 -1 6 649.94 470.88 -2 1274.01 2 82 636.48 55842.84999999999 2380.32 25.72757077217102 8
1 -1 6 678.94 476.96999999999997 -1 6313.960000000001 10 93 629.18 75769.00000000003 2358.42 30.57582187652588 8
0 -1 7 636.64 458.76 -1 1313.58 2 82 653.26 54831.709999999985 2418.54 8.23843789100647 8
1 -1 7 720.91 562.46 -2 6808.1 10 93 651.17 80661.09999999998 2412.2699999999995 11.057069063186646 8
0 -1 8 640.95 470.34999999999997 -1 1264.51 2 82 616.51 55086.920000000006 2319.88 9.085254192352295 8
1 -1 8 666.77 550.74 -2 6329.359999999999 10 93 629.28 74668.01999999996 2319.88 9.675679922103882 8
random:9T:300
0 -1 0 105.87 0 -16 2116.75 14 99 44.59 14714.83 133.77 0.504331111907959 9
1 -1 0 102.37 0 -4 302.90999999999997 3 81 85.68 8897.490000000003 133.77 0.42326831817626953 9
0 -1 1 102.23 0.0 -6 1420.9799999999998 14 99 0.0 12962.8 0.0 0.3651769161224365 9
1 -1 1 94.93 0.0 -8 254.78 3 81 57.84 8198.93 0.0 0.33875203132629395 9
0 -1 2 88.16 0.0 -10 761.1999999999999 14 99 0.0 10250.029999999997 0.0 6.504691123962402 9
1 -1 2 87.64 0.0 -7 114.2 3 81 0.0 7327.060000000002 0.0 5.3603057861328125 9
0 -1 3 89.33 0.0 -22 80.44 14 99 0.0 9004.140000000001 0.0 0.015081167221069336 9
1 -1 3 94.37 0.0 -11 129.95 3 81 0.0 7904.160000000002 0.0 0.013356924057006836 9
0 -1 4 102.23 0.0 -6 1420.9799999999998 14 99 0.0 12962.8 0.0 0.37035107612609863 9
1 -1 4 94.93 0.0 -8 254.78 3 81 57.84 8198.93 0.0 0.31921887397766113 9
0 -1 5 83.7 0.0 -13 638.11 14 99 0.0 9562.8 0.0 5.498154163360596 9
1 -1 5 77.62 0.0 -13 41.53 3 81 0.0 6370.409999999997 0.0 3.897850275039673 9
0 -1 6 104.09 0.0 -16 1790.7 14 99 64.92 13885.830000000004 194.76 7.3152241706848145 9
1 -1 6 102.36 0.0 -3 302.90999999999997 3 81 85.68 8897.240000000003 194.76 6.597008943557739 9
0 -1 7 105.39 0.0 -7 1039.59 14 99 0.0 12513.070000000002 0.0 2.6093618869781494 9
1 -1 7 102.66 0.0 -4 199.37 3 81 0.0 8713.930000000002 0.0 2.1043856143951416 9
0 -1 8 88.16 0.0 -10 761.1999999999999 14 99 0.0 10250.029999999997 0.0 2.304348945617676 9
1 -1 8 87.64 0.0 -7 114.2 3 81 0.0 7327.060000000002 0.0 1.6674187183380127 9
random:9T:600
0 -1 0 286.4 0 -1 4698.169999999999 14 99 165.06 37750.219999999994 495.18 0.863884687423706 9
1 -1 0 297.02 0 -1 869.0999999999999 3 81 276.35 25796.53999999999 495.18 0.764307975769043 9
0 -1 1 258.87 183.10999999999996 -3 2967.7399999999993 14 99 186.68 31564.02999999999 743.1499999999999 5.201098203659058 9
1 -1 1 240.34 166.96000000000004 -3 522.0899999999999 3 81 168.01 20511.34999999999 670.99 19.886956214904785 9
0 -1 2 236.93 163.31 -1 2377.47 14 99 163.31 28211.12 654.84 14.501914024353027 9
1 -1 2 240.24 189.3 -3 634.05 3 81 207.56 20727.64 654.84 9.132297992706299 9
0 -1 3 278.24 97.6 -1 2027.8199999999997 14 99 97.6 31600.94000000001 393.49999999999994 0.01966094970703125 9
1 -1 3 286.14 90.32 -1 488.44 3 81 149.23999999999998 24154.390000000003 383.11999999999995 0.016653060913085938 9
0 -1 4 258.87 183.10999999999996 -3 2967.7399999999993 14 99 186.68 31564.02999999999 743.1499999999999 4.9874267578125 9
1 -1 4 240.34 166.96000000000004 -3 522.0899999999999 3 81 168.01 20511.34999999999 670.99 19.300471782684326 9
0 -1 5 236.0 165.09 -1 2410.6299999999997 14 99 165.42 28185.039999999997 661.35 11.728392839431763 9
1 -1 5 224.31 160.73999999999998 -1 554.39 3 81 161.94 19277.539999999994 646.56 9.215851783752441 9
0 -1 6 253.32 169.48999999999998 -1 2570.1999999999994 14 99 169.57999999999998 30219.130000000005 678.2299999999999 12.291751861572266 9
1 -1 6 269.89 202.53 -3 790.8599999999999 3 81 256.76 23442.67999999999 678.2299999999999 11.254420042037964 9
0 -1 7 261.05 145.57999999999998 -1 2419.1199999999994 14 99 151.64999999999998 30682.280000000002 600.53 4.961040735244751 9
1 -1 7 266.5 196.06 -2 735.1800000000001 3 81 215.55 23056.709999999995 600.53 3.585867166519165 9
0 -1 8 236.76 163.31 -1 2370.1599999999994 14 99 163.31 28179.25 654.84 5.135465860366821 9
1 -1 8 240.66 189.3 -3 653.24 3 81 207.56 20800.269999999997 654.84 3.0040061473846436 9
random:9T:900
0 -1 0 472.1 146.2 -1 7456.72 14 99 305.24 61650.95999999999 1061.92 1.3913578987121582 9
1 -1 0 487.57 36.03 -1 1438.6100000000001 3 81 470.52 42370.15 951.75 1.141352891921997 9
0 -1 1 414.29 322.58 -6 4906.1500000000015 14 99 322.73 50826.890000000014 1290.77 8.001933813095093 9
1 -1 1 390.8 312.69000000000057 -3 1036.98 3 81 315.97 33728.549999999996 1260.6000000000006 16.626637935638428 9
0 -1 2 393.36 300.31 -3 4532.65 14 99 301.53999999999996 48007.950000000026 1204.9299999999998 16.284604787826538 9
1 -1 2 387.08 323.46 -3 1045.58 3 81 334.77000000000004 33444.49 1204.9299999999998 12.810084104537964 9
0 -1 3 455.58 176.85 -1 3343.3599999999997 14 99 176.85 51789.389999999956 864.31 0.0262298583984375 9
1 -1 3 474.01 248.20999999999998 -1 853.3499999999999 3 81 248.20999999999998 40101.82 856.6099999999999 0.02367091178894043 9
0 -1 4 414.29 322.58 -6 4906.1500000000015 14 99 322.73 50826.890000000014 1290.77 7.88158106803894 9
1 -1 4 390.8 312.69000000000057 -3 1036.98 3 81 315.97 33728.549999999996 1260.6000000000006 15.02407193183899 9
0 -1 5 395.3 303.53 -3 4502.719999999999 14 99 311.33000000000004 48139.85999999999 1237.52 16.57469606399536 9
1 -1 5 373.81 304.49 -3 988.95 3 81 313.02 32256.230000000025 1237.52 11.633535861968994 9
0 -1 6 414.9 298.02 -6 4795.85 14 99 305.95 50667.19 1215.87 17.869451999664307 9
1 -1 6 440.72 352.05 -1 1265.37 3 81 410.17999999999995 38229.23999999999 1215.87 18.043612718582153 9
0 -1 7 416.64 279.71 -1 4555.240000000001 14 99 288.49 50358.18 1145.18 6.389385938644409 9
1 -1 7 426.19 355.99 -1 1215.67 3 81 372.96000000000004 36952.83 1145.18 4.723735094070435 9
0 -1 8 393.94 300.21000000000004 -3 4563.389999999999 14 99 310.22999999999996 48127.05000000002 1230.8999999999999 5.65434193611145 9
1 -1 8 387.27 323.46 -3 1063.17 3 81 334.77 33494.89999999999 1230.8999999999999 4.045672178268433 9
random:9T:1200
0 -1 0 657.59 234.18 -1 10131.370000000003 14 99 367.45000000000005 85364.34 1336.5300000000002 1.8590569496154785 9
1 -1 0 685.63 155.08 -1 2014.12 3 81 648.29 59564.46000000001 1257.43 1.5043280124664307 9
0 -1 1 561.03 409.07 -1 6910.58 14 99 455.90000000000003 69362.67999999998 1776.77 12.061795949935913 9
1 -1 1 527.56 437.48 -1 1421.2800000000002 3 81 448.8 45574.99000000002 1755.47 7.604582071304321 9
0 -1 2 546.91 430.0300000000001 -3 6646.820000000001 14 99 452.08000000000004 67437.87000000001 1786.2700000000004 22.31092095375061 9
1 -1 2 529.01 456.15000000000003 -3 1519.0700000000002 3 81 491.42 45887.899999999965 1786.2700000000004 15.601661205291748 9
0 -1 3 643.9 320.95000000000005 -1 4894.420000000002 14 99 320.95000000000005 73534.59 1542.5200000000002 0.031166791915893555 9
1 -1 3 670.6 352.57 -1 1093.73 3 81 352.57 56506.35000000002 1534.0400000000002 0.028464078903198242 9
0 -1 4 561.03 409.07 -1 6910.58 14 99 455.90000000000003 69362.67999999998 1776.77 12.540666103363037 9
1 -1 4 527.56 437.48 -1 1421.2800000000002 3 81 448.8 45574.99000000002 1755.47 7.598110914230347 9
0 -1 5 548.61 430.0800000000001 -3 6570.0 14 99 434.19 67452.50000000003 1732.65 21.968151092529297 9
1 -1 5 516.31 437.65000000000003 -3 1368.6799999999998 3 81 440.35 44558.25999999999 1732.65 15.259206771850586 9
0 -1 6 563.24 397.63 -1 7008.550000000001 14 99 465.38 69777.91999999998 1793.77 22.177175998687744 9
1 -1 6 576.58 450.77 -1 1707.12 3 81 565.3499999999999 50116.819999999985 1793.77 18.636383056640625 9
0 -1 7 562.77 395.33 -1 6601.319999999999 14 99 422.59999999999997 68916.65000000004 1663.1299999999999 7.290549993515015 9
1 -1 7 556.59 420.78 -1 1600.21 3 81 496.39 48283.900000000016 1663.1299999999999 5.871877908706665 9
0 -1 8 547.0 428.3900000000002 -3 6664.830000000001 14 99 452.08 67482.62 1784.63 7.7486419677734375 9
1 -1 8 529.01 456.15000000000003 -3 1519.0700000000002 3 81 491.42 45887.899999999965 1784.63 4.716870069503784 9
random:9T:1500
0 -1 0 837.3 282.21 -1 13052.01 14 99 517.84 108997.13999999998 1835.73 2.3128998279571533 9
1 -1 0 877.09 322.0 -1 2547.9700000000003 3 81 796.19 76140.06000000001 1835.73 1.851991891860962 9
0 -1 1 697.06 454.93 -1 8844.330000000002 14 99 593.0500000000002 86697.52000000003 2234.0800000000004 16.10570216178894 9
1 -1 1 665.94 465.47999999999996 -1 1890.53 3 81 607.1299999999999 57721.999999999985 2234.0800000000004 19.70508623123169 9
0 -1 2 699.9 559.8399999999999 -3 8733.81 14 99 566.33 86757.81999999999 2258.83 25.872528791427612 9
1 -1 2 663.64 586.52 -1 1920.54 3 81 632.22 57595.829999999994 2258.83 17.83782386779785 9
0 -1 3 836.47 397.45000000000005 -1 6658.310000000002 14 99 397.45000000000005 96126.70999999995 1985.19 0.033277273178100586 9
1 -1 3 871.32 485.65999999999997 -1 1521.5 3 81 485.65999999999997 73619.95000000004 1977.1100000000001 0.027653932571411133 9
0 -1 4 697.06 454.93 -1 8844.330000000002 14 99 593.0500000000002 86697.52000000003 2234.0800000000004 15.48692798614502 9
1 -1 4 665.94 465.47999999999996 -1 1890.53 3 81 607.1299999999999 57721.999999999985 2234.0800000000004 14.972591161727905 9
0 -1 5 686.72 536.39 -6 8494.28 14 99 569.63 84974.21000000004 2245.2799999999997 23.210906982421875 9
1 -1 5 655.63 565.6299999999998 -3 1837.0100000000002 3 81 596.97 56779.669999999984 2245.2799999999997 17.70263409614563 9
0 -1 6 678.41 443.63 -1 8167.549999999999 14 99 542.36 83497.89000000004 2070.71 23.753341913223267 9
1 -1 6 697.99 528.71 -1 1929.1999999999998 3 81 625.1999999999999 60395.8 2070.71 21.14893412590027 9
0 -1 7 702.65 442.36 -1 8350.880000000001 14 99 565.87 86264.34000000001 2139.9700000000003 9.392884016036987 9
1 -1 7 697.12 571.49 -1 1965.8400000000001 3 81 633.0100000000001 60398.43999999999 2139.9700000000003 7.0658628940582275 9
0 -1 8 697.44 555.2199999999998 -3 8713.05 14 99 566.33 86472.85 2254.21 9.717293977737427 9
1 -1 8 662.92 582.3699999999999 -3 1964.08 3 81 652.14 57624.35000000001 2254.21 6.6921141147613525 9
