random:1T:300
0 -1 7 90.5 0.0 -24 1368.8400000000001 10 88 129.83 10702.1 389.49 2.6269798278808594 1
1 -1 7 97.97 0 -13 281.82 2 87 136.0 9086.609999999999 389.49 3.5020830631256104 1
0 -1 8 71.83 0.0 -20 783.26 10 88 0.0 7887.160000000001 0.0 2.0857250690460205 1
1 -1 8 76.35 0 -14 80.53 2 87 25.24 6803.410000000003 0.0 2.810967206954956 1
random:1T:600
0 -1 7 267.8 96.83 -1 2511.32 10 88 247.72 28589.440000000006 839.99 5.182159185409546 1
1 -1 7 274.27 105.67 -1 598.76 2 87 298.81 25058.609999999993 839.99 6.087119817733765 1
0 -1 8 223.45 116.54 -4 1982.2399999999996 10 88 187.59 23627.719999999994 679.31 4.536463022232056 1
1 -1 8 228.39 157.85 -1 489.9799999999999 2 87 244.55999999999995 20849.78999999999 679.31 5.44676399230957 1
random:1T:900
0 -1 7 432.64 179.54 -2 5142.639999999999 10 88 512.8399999999999 48357.329999999965 1718.0599999999997 7.446069002151489 1
1 -1 7 399.99 214.07999999999998 -1 1152.2399999999998 2 87 574.8399999999999 37103.50000000001 1718.0599999999997 8.005565404891968 1
0 -1 8 369.59 199.24 -4 4672.7 10 88 465.24 41869.67999999998 1594.96 7.419886827468872 1
1 -1 8 341.1 222.56 -2 1044.5499999999997 2 87 521.2899999999998 31765.190000000002 1594.96 7.234484910964966 1
random:1T:1200
0 -1 7 559.99 305.53999999999996 -2 7732.819999999998 10 88 771.4599999999999 64744.61999999999 2619.9199999999996 9.381716966629028 1
1 -1 7 502.15 306.76 -2 1665.2300000000002 2 87 830.62 47017.83000000001 2619.9199999999996 10.266104221343994 1
0 -1 8 486.12 244.6 -4 7382.339999999999 10 88 736.1799999999998 57543.23999999999 2453.1399999999994 9.236769914627075 1
1 -1 8 424.08 263.41 -2 1583.94 2 87 790.23 40062.97000000003 2453.1399999999994 8.867317914962769 1
random:1T:1500
0 -1 7 667.51 433.93 -1 10355.679999999998 10 88 1034.62 79452.43999999999 3537.7899999999995 11.474040031433105 1
1 -1 7 595.33 393.99 -1 2211.2200000000003 2 87 1105.22 56216.24000000003 3497.8499999999995 12.135735034942627 1
0 -1 8 589.83 281.0 -4 8918.820000000002 10 88 842.5200000000001 69742.53 2808.5600000000004 8.831927061080933 1
1 -1 8 538.06 341.12 -2 1892.79 2 87 946.11 50596.94999999998 2808.5600000000004 7.741351842880249 1
