random:1T:300
0 -1 0 90.57 0 -26 1387.24 10 88 135.15 10744.950000000003 405.45000000000005 0.2564880847930908 1
1 -1 0 97.21 0 -14 281.82 2 87 136.0 9020.680000000002 405.45000000000005 0.3111710548400879 1
0 -1 1 94.72 0 -20 1368.8400000000001 10 88 129.83 11072.709999999995 389.49 0.23206877708435059 1
1 -1 1 86.59 0.0 -10 132.39000000000001 2 87 55.02 7797.999999999998 165.06 0.33043789863586426 1
0 -1 2 71.83 0.0 -20 783.26 10 88 0.0 7887.160000000001 0.0 4.890433073043823 1
1 -1 2 76.35 0 -14 80.53 2 87 25.24 6803.410000000003 0.0 7.1063148975372314 1
0 -1 3 63.42 0.0 -22 0.0 10 88 0.0 5580.549999999999 0.0 0.010365009307861328 1
1 -1 3 67.02 0.0 -17 0.0 2 87 0.0 5830.980000000002 0.0 0.012278079986572266 1
0 -1 4 94.72 0.0 -20 1368.8400000000001 10 88 129.83 11072.709999999995 389.49 0.2578730583190918 1
1 -1 4 86.59 0 -10 132.39000000000001 2 87 55.02 7797.999999999998 165.06 0.33044910430908203 1
0 -1 5 56.48 0.0 -25 529.26 10 88 0.0 6029.099999999999 0.0 3.3289029598236084 1
1 -1 5 74.19 0 -16 46.84 2 87 0.0 6548.46 0.0 6.3756678104400635 1
0 -1 6 90.5 0.0 -24 1368.8400000000001 10 88 129.83 10702.1 389.49 6.147121906280518 1
1 -1 6 97.97 0 -13 281.82 2 87 136.0 9086.609999999999 389.49 8.807717084884644 1
0 -1 7 90.5 0.0 -24 1368.8400000000001 10 88 129.83 10702.1 389.49 2.089526891708374 1
1 -1 7 97.97 0 -13 281.82 2 87 136.0 9086.609999999999 389.49 2.8006508350372314 1
0 -1 8 71.83 0.0 -20 783.26 10 88 0.0 7887.160000000001 0.0 1.71291184425354 1
1 -1 8 76.35 0 -14 80.53 2 87 25.24 6803.410000000003 0.0 2.298621892929077 1
random:1T:600
0 -1 0 283.39 0 -3 3319.32 10 88 288.46000000000004 31576.950000000008 865.3800000000001 0.590339183807373 1
1 -1 0 290.99 0 -2 615.57 2 87 285.62 26547.399999999998 856.86 0.7195477485656738 1
0 -1 1 257.91 141.00999999999996 -2 1855.8 10 88 184.01000000000002 26407.27999999999 693.0400000000001 3.2150909900665283 1
1 -1 1 245.13 121.49000000000018 -2 339.73 2 87 167.38 22005.54999999999 623.6300000000001 18.47045087814331 1
0 -1 2 220.49 139.73000000000002 -4 1743.5 10 88 156.94 22889.95999999999 610.55 12.577538967132568 1
1 -1 2 227.88 162.14000000000001 -1 380.9 2 87 167.44 20587.40999999999 610.55 11.993038177490234 1
0 -1 3 239.21 46.06999999999999 -1 986.76 10 88 86.86 23024.350000000002 306.65 0.01248311996459961 1
1 -1 3 230.96 0.0 -2 286.9 2 87 132.8 20666.910000000007 260.58 0.01417994499206543 1
0 -1 4 257.91 141.00999999999996 -2 1855.8 10 88 184.01000000000002 26407.27999999999 693.0400000000001 3.361233949661255 1
1 -1 4 245.13 121.49000000000018 -2 339.73 2 87 167.38 22005.54999999999 623.6300000000001 18.408902168273926 1
0 -1 5 194.46 98.41 -1 1631.68 10 88 140.21 20375.68000000001 519.04 13.121284008026123 1
1 -1 5 230.7 98.41999999999997 -1 319.5 2 87 153.94 20710.050000000007 519.04 12.496089935302734 1
0 -1 6 255.28 106.22 -1 1855.8200000000002 10 88 184.01 26176.29 658.25 9.302812814712524 1
1 -1 6 270.19 152.27999999999997 -1 372.94999999999993 2 87 185.38 24252.549999999996 658.25 14.815835952758789 1
0 -1 7 267.8 96.83 -1 2511.32 10 88 247.72 28589.440000000006 839.99 3.88864803314209 1
1 -1 7 274.27 105.67 -1 598.76 2 87 298.81 25058.609999999993 839.99 4.261867046356201 1
0 -1 8 223.45 116.54 -4 1982.2399999999996 10 88 187.59 23627.719999999994 679.31 3.2377350330352783 1
1 -1 8 228.39 157.85 -1 489.9799999999999 2 87 244.55999999999995 20849.78999999999 679.31 3.5883400440216064 1
random:1T:900
0 -1 0 479.51 0 -2 5266.86 10 88 476.28999999999996 52730.21000000002 1428.87 0.7751400470733643 1
1 -1 0 493.21 73.05 -1 924.0200000000001 2 87 423.07000000000005 44757.72999999998 1269.21 0.8699288368225098 1
0 -1 1 408.35 301.3500000000001 -2 3486.9000000000005 10 88 344.42 42908.19 1334.6100000000001 4.91460108757019 1
1 -1 1 379.3 283.0800000000001 -2 619.1600000000001 2 87 299.8 34237.37000000001 1182.4800000000002 15.170668840408325 1
0 -1 2 372.27 262.09999999999997 -4 3342.0 10 88 315.1 39444.06999999999 1207.4 12.56048321723938 1
1 -1 2 376.57 295.9600000000002 -2 620.1199999999999 2 87 302.40999999999997 34001.72999999998 1169.33 17.98973512649536 1
0 -1 3 408.7 174.46 -2 1770.88 10 88 174.46 39507.72999999999 816.67 0.01297903060913086 1
1 -1 3 406.22 184.67 -1 374.08 2 87 184.67 36089.38000000002 719.51 0.013606071472167969 1
0 -1 4 408.35 301.3500000000001 -2 3486.9000000000005 10 88 344.42 42908.19 1334.6100000000001 4.700142860412598 1
1 -1 4 379.3 283.0800000000001 -2 619.1600000000001 2 87 299.8 34237.37000000001 1182.4800000000002 13.921738862991333 1
0 -1 5 354.81 277.4500000000001 -2 3169.82 10 88 287.68 37563.17000000001 1140.49 13.1998610496521 1
1 -1 5 384.54 311.2 -1 692.26 2 87 320.7 34839.850000000006 1140.49 13.836254835128784 1
0 -1 6 418.71 338.37 -1 3448.539999999999 10 88 344.33 43743.80999999998 1371.3600000000001 12.503051042556763 1
1 -1 6 426.69 338.05 -1 701.1100000000001 2 87 348.94000000000005 38524.14 1371.04 16.490879774093628 1
0 -1 7 432.64 179.54 -2 5142.639999999999 10 88 512.8399999999999 48357.329999999965 1718.0599999999997 4.712801694869995 1
1 -1 7 399.99 214.07999999999998 -1 1152.2399999999998 2 87 574.8399999999999 37103.50000000001 1718.0599999999997 4.911882162094116 1
0 -1 8 369.59 199.24 -4 4672.7 10 88 465.24 41869.67999999998 1594.96 4.644309997558594 1
1 -1 8 341.1 222.56 -2 1044.5499999999997 2 87 521.2899999999998 31765.190000000002 1594.96 4.537513256072998 1
random:1T:1200
0 -1 0 680.95 163.41 -1 7598.48 10 88 701.1 75120.59000000005 2266.71 1.006364107131958 1
1 -1 0 698.08 265.6 -1 1271.88 2 87 582.97 63276.57999999999 1912.3200000000002 1.2691152095794678 1
0 -1 1 525.06 398.03 -1 5047.900000000001 10 88 500.63 56300.669999999984 1899.9199999999998 6.497583866119385 1
1 -1 1 506.61 413.04 -1 899.8399999999999 2 87 441.16999999999996 45874.81000000001 1721.5399999999997 15.200388669967651 1
0 -1 2 507.62 390.29999999999995 -2 4750.12 10 88 416.70000000000005 54170.430000000015 1640.4 11.827334880828857 1
1 -1 2 531.09 449.84 -1 929.3399999999999 2 87 457.0 48063.360000000015 1640.4 21.289579153060913 1
0 -1 3 609.16 306.10999999999996 -2 3143.8600000000006 10 88 306.10999999999996 59893.56000000002 1440.6299999999999 0.011895895004272461 1
1 -1 3 559.73 276.43 -1 590.21 2 87 276.43 49876.9 1233.73 0.01839303970336914 1
0 -1 4 527.61 399.62 -1 5047.88 10 88 500.63 56525.009999999995 1901.5099999999998 7.865483045578003 1
1 -1 4 508.52 421.54 -1 899.8399999999999 2 87 441.16999999999996 46040.50000000001 1723.1299999999997 17.907657384872437 1
0 -1 5 502.48 416.19000000000034 -4 4681.72 10 88 438.75 53581.90000000001 1732.4400000000003 16.579041004180908 1
1 -1 5 508.42 396.21999999999997 -1 916.3800000000001 2 87 447.83000000000004 46065.60999999997 1712.47 17.373764753341675 1
0 -1 6 563.01 411.12 -1 5197.42 10 88 482.18 59939.62 1857.6599999999999 28.480348348617554 1
1 -1 6 546.27 412.42999999999995 -1 958.2 2 87 476.14 49441.78999999999 1839.54 35.512720823287964 1
0 -1 7 559.99 305.53999999999996 -2 7732.819999999998 10 88 771.4599999999999 64744.61999999999 2619.9199999999996 11.840535879135132 1
1 -1 7 502.15 306.76 -2 1665.2300000000002 2 87 830.62 47017.83000000001 2619.9199999999996 12.991118669509888 1
0 -1 8 486.12 244.6 -4 7382.339999999999 10 88 736.1799999999998 57543.23999999999 2453.1399999999994 12.366524934768677 1
1 -1 8 424.08 263.41 -2 1583.94 2 87 790.23 40062.97000000003 2453.1399999999994 12.170162200927734 1
random:1T:1500
0 -1 0 878.77 315.16 -1 9592.199999999999 10 88 889.33 96515.85000000003 2983.15 2.6123788356781006 1
1 -1 0 900.72 423.37 -1 1727.69 2 87 803.6400000000001 81817.68000000004 2726.08 3.1634879112243652 1
0 -1 1 624.84 456.76 -1 6347.800000000001 10 88 629.48 67681.6 2345.2 20.630271911621094 1
1 -1 1 605.99 452.08000000000004 -1 1206.45 2 87 595.6 55133.90999999998 2238.88 27.644636154174805 1
0 -1 2 629.41 443.31 -1 5455.22 10 88 527.67 66298.20999999999 2026.3199999999997 28.861546993255615 1
1 -1 2 648.83 506.17999999999995 -1 1248.5900000000001 2 87 617.25 58945.330000000016 2026.3199999999997 41.565441846847534 1
0 -1 3 776.1 367.38 -2 3704.5800000000004 10 88 367.38 75706.04 1854.6299999999999 0.045755863189697266 1
1 -1 3 754.1 367.38 -1 743.0699999999999 2 87 367.38 67092.82999999999 1712.2599999999998 0.029046058654785156 1
0 -1 4 624.84 456.76 -1 6347.800000000001 10 88 629.48 67681.6 2345.2 19.666148900985718 1
1 -1 4 608.52 454.82 -2 1207.71 2 87 595.6 55356.549999999996 2241.6200000000003 30.364503860473633 1
0 -1 5 649.92 554.28 -1 6080.86 10 88 595.75 69355.09000000001 2341.5299999999997 32.609370946884155 1
1 -1 5 645.66 495.79999999999995 -1 1203.13 2 87 593.58 58579.069999999985 2276.54 40.893211126327515 1
0 -1 6 723.42 554.48 -1 6574.94 10 88 639.03 76810.49999999993 2471.5699999999997 37.34693503379822 1
1 -1 6 682.59 468.69 -2 1288.37 2 87 641.84 61962.309999999976 2385.7799999999997 42.75349235534668 1
0 -1 7 667.51 433.93 -1 10355.679999999998 10 88 1034.62 79452.43999999999 3537.7899999999995 14.83965015411377 1
1 -1 7 595.33 393.99 -1 2211.2200000000003 2 87 1105.22 56216.24000000003 3497.8499999999995 15.348917007446289 1
0 -1 8 589.83 281.0 -4 8918.820000000002 10 88 842.5200000000001 69742.53 2808.5600000000004 12.939846992492676 1
1 -1 8 538.06 341.12 -2 1892.79 2 87 946.11 50596.94999999998 2808.5600000000004 14.340831995010376 1
random:2T:300
0 -1 0 106.9 0.0 -3 1399.1 8 71 168.94 10388.340000000002 506.82 0.3564281463623047 2
1 -1 0 116.68 0.0 -3 0 0 68 0 7934.420000000003 506.82 0.40148496627807617 2
0 -1 1 110.96 0.0 -3 1072.04 8 71 129.71 10021.96 389.13 0.20572113990783691 2
1 -1 1 110.33 0.0 -2 0 0 68 0 7502.169999999999 389.13 0.28779172897338867 2
0 -1 2 102.91 0.0 -4 820.18 8 71 95.29 8946.74 285.87 3.684164047241211 2
1 -1 2 100.32 0.0 -10 0 0 68 0 6821.560000000001 285.87 4.312231063842773 2
0 -1 3 108.5 0.0 -5 471.14 8 71 47.35 8645.839999999998 142.05 0.013690710067749023 2
1 -1 3 109.14 0.0 -7 0 0 68 0 7421.690000000002 142.05 0.022454023361206055 2
0 -1 4 110.96 0.0 -3 1072.04 8 71 129.71 10021.96 389.13 0.23399019241333008 2
1 -1 4 110.33 0.0 -2 0 0 68 0 7502.169999999999 389.13 0.26239585876464844 2
0 -1 5 70.89 0.0 -12 501.79999999999995 8 71 5.52 6036.820000000003 16.56 2.481462001800537 2
1 -1 5 81.72 0.0 -9 0 0 68 0 5557.279999999999 16.56 4.134140968322754 2
0 -1 6 106.19 0.0 -1 1100.5600000000002 8 71 133.18 9740.700000000006 399.54 4.267552137374878 2
1 -1 6 119.47 16.94 -1 0 0 68 0 8123.88 399.54 6.188244819641113 2
0 -1 7 106.19 0.0 -1 1100.5600000000002 8 71 133.18 9740.700000000006 399.54 1.7238099575042725 2
1 -1 7 119.47 16.94 -1 0 0 68 0 8123.88 399.54 2.2390639781951904 2
0 -1 8 102.91 0.0 -4 820.18 8 71 95.29 8946.74 285.87 1.4015731811523438 2
1 -1 8 100.32 0.0 -10 0 0 68 0 6821.560000000001 285.87 1.4364020824432373 2
random:2T:600
0 -1 0 316.26 76.65 -1 3030.74 8 71 373.49 28515.890000000003 1197.1200000000001 0.766685962677002 2
1 -1 0 337.17 229.54000000000002 -2 0 0 68 0 22927.620000000003 1197.1200000000001 0.8355841636657715 2
0 -1 1 295.36 223.98999999999998 -4 2252.48 8 71 280.49 25475.77 1065.46 2.5260488986968994 2
1 -1 1 294.04 250.66000000000003 -1 0 0 68 0 19994.409999999993 1065.46 2.90266489982605 2
0 -1 2 285.17 220.0 -4 2109.6400000000003 8 71 261.85 24466.460000000006 1005.5500000000001 6.382379770278931 2
1 -1 2 271.88 210.51 -1 0 0 68 0 18487.730000000014 996.0600000000001 7.73513388633728 2
0 -1 3 304.58 165.68 -2 1345.94 8 71 165.68 24316.899999999998 670.7 0.016867876052856445 2
1 -1 3 321.11 185.63 -1 0 0 68 0 21835.19 670.7 0.02677178382873535 2
0 -1 4 295.36 223.98999999999998 -4 2252.48 8 71 280.49 25475.77 1065.46 2.1208348274230957 2
1 -1 4 294.04 250.66000000000003 -1 0 0 68 0 19994.409999999993 1065.46 2.5461061000823975 2
0 -1 5 235.22 163.67 -1 1457.52 8 71 171.89 19615.70000000001 679.3399999999999 6.016078948974609 2
1 -1 5 256.76 199.05 -2 0 0 68 0 17459.72000000001 679.3399999999999 6.4268479347229 2
0 -1 6 293.91 223.11 -2 2146.68 8 71 252.75 25161.229999999996 981.36 7.190977096557617 2
1 -1 6 322.62 286.45 -1 0 0 68 0 21938.390000000007 981.36 9.790750980377197 2
0 -1 7 292.4 155.49 -2 2873.5999999999995 8 71 358.84000000000003 26507.559999999983 1232.01 2.8733768463134766 2
1 -1 7 322.62 286.45 -1 0 0 68 0 21938.390000000007 1232.01 3.1031570434570312 2
0 -1 8 283.53 161.39 -2 2696.34 8 71 336.07 25523.53000000001 1169.6 2.7009291648864746 2
1 -1 8 271.88 210.51 -1 0 0 68 0 18487.730000000014 1169.6 2.604512929916382 2
random:2T:900
0 -1 0 540.46 315.94 -1 4888.219999999999 8 71 600.66 48149.01000000002 2117.92 1.1371490955352783 2
1 -1 0 552.29 383.81 -2 0 0 68 0 37556.05 2117.92 1.1595311164855957 2
0 -1 1 462.39 371.90999999999997 -2 3560.5999999999995 8 71 439.95 39950.61999999997 1691.7599999999998 4.579650163650513 2
1 -1 1 445.53 381.82 -2 0 0 68 0 30296.030000000013 1691.7599999999998 5.078638076782227 2
0 -1 2 462.52 375.6900000000001 -2 3385.9799999999996 8 71 417.79999999999995 39610.590000000004 1629.09 10.987196922302246 2
1 -1 2 436.83 368.5 -2 0 0 68 0 29704.55999999999 1621.8999999999999 11.052751302719116 2
0 -1 3 515.02 307.71000000000004 -2 2503.98 8 71 307.71000000000004 41574.54000000002 1327.13 0.024409055709838867 2
1 -1 3 544.35 429.37 -1 0 0 68 0 37015.91 1327.13 0.019472837448120117 2
0 -1 4 462.39 371.90999999999997 -2 3560.5999999999995 8 71 439.95 39950.61999999997 1691.7599999999998 4.741097927093506 2
1 -1 4 442.03 381.15000000000003 -1 0 0 68 0 30057.840000000015 1691.7599999999998 4.766945123672485 2
0 -1 5 417.9 328.55 -4 2800.2 8 71 328.62 35271.320000000014 1314.41 7.732367038726807 2
1 -1 5 424.16 357.2700000000001 -4 0 0 68 0 28842.840000000015 1314.41 10.05958890914917 2
0 -1 6 497.81 412.87 -1 3572.7000000000003 8 71 443.21000000000004 42490.080000000016 1742.5 10.06874704360962 2
1 -1 6 508.06 447.91999999999996 -1 0 0 68 0 34547.87 1742.5 12.142244815826416 2
0 -1 7 444.41 220.6 -2 5026.160000000001 8 71 627.9300000000001 41605.43000000001 2104.3900000000003 4.221525192260742 2
1 -1 7 508.06 447.91999999999996 -1 0 0 68 0 34547.87 2104.3900000000003 4.142603874206543 2
0 -1 8 429.0 223.84 -2 4859.860000000001 8 71 605.4100000000001 40178.670000000006 2040.0700000000002 4.257841110229492 2
1 -1 8 436.83 368.5 -2 0 0 68 0 29704.55999999999 2040.0700000000002 3.3748068809509277 2
random:2T:1200
0 -1 0 754.94 532.9 -1 6824.06 8 71 841.6600000000001 67248.94000000003 3057.8800000000006 1.5072510242462158 2
1 -1 0 779.84 603.36 -2 0 0 68 0 53029.03999999999 3057.8800000000006 1.5991060733795166 2
0 -1 1 623.29 513.11 -1 4722.920000000001 8 71 585.78 53699.13000000004 2270.45 7.013921022415161 2
1 -1 1 580.76 460.78000000000003 -1 0 0 68 0 39491.72000000001 2218.12 6.665340900421143 2
0 -1 2 625.44 528.3000000000001 -1 4604.68 8 71 567.99 53615.919999999984 2232.27 11.854478120803833 2
1 -1 2 580.12 495.5 -1 0 0 68 0 39447.959999999985 2199.4700000000003 13.008210182189941 2
0 -1 3 704.05 411.46000000000004 -2 3378.9400000000005 8 71 411.46000000000004 56745.32999999997 1885.8400000000001 0.02688002586364746 2
1 -1 3 758.83 663.87 -1 0 0 68 0 51600.61999999999 1885.8400000000001 0.026901721954345703 2
0 -1 4 623.38 513.11 -1 4722.920000000001 8 71 585.78 53705.920000000035 2270.45 6.705105781555176 2
1 -1 4 571.18 457.21000000000004 -1 0 0 68 0 38840.56000000002 2214.55 6.586719989776611 2
0 -1 5 586.41 484.81 -1 4332.66 8 71 516.71 50300.23 2034.94 11.566680908203125 2
1 -1 5 568.12 493.92 -2 0 0 68 0 38632.140000000014 2034.94 11.909076929092407 2
0 -1 6 662.82 538.35 -1 4770.579999999999 8 71 592.65 56601.049999999974 2316.2999999999997 13.4683678150177 2
1 -1 6 697.62 624.55 -1 0 0 68 0 47438.39 2316.2999999999997 15.545613765716553 2
0 -1 7 589.71 323.98999999999995 -4 6989.300000000001 8 71 871.7500000000001 55847.75999999999 2939.2400000000002 5.315751791000366 2
1 -1 7 697.62 624.55 -1 0 0 68 0 47438.39 2939.2400000000002 4.907444000244141 2
0 -1 8 562.59 275.67 -2 6630.76 8 71 823.14 53205.52999999996 2745.09 5.380512714385986 2
1 -1 8 580.12 495.5 -1 0 0 68 0 39447.959999999985 2745.09 4.109449148178101 2
random:2T:1500
0 -1 0 964.62 699.23 -2 8846.74 8 71 1088.1200000000001 86181.38999999996 3963.5900000000006 1.8234708309173584 2
1 -1 0 1008.57 824.86 -2 0 0 68 0 68582.46 3963.5900000000006 1.9437670707702637 2
0 -1 1 775.67 663.12 -4 5830.219999999999 8 71 723.62 66732.78 2833.98 8.516861915588379 2
1 -1 1 720.85 602.2900000000001 -1 0 0 68 0 49017.63999999998 2773.15 9.04614782333374 2
0 -1 2 775.19 591.6700000000001 -1 5711.660000000001 8 71 705.58 66462.10999999997 2708.4100000000003 12.88538908958435 2
1 -1 2 725.21 596.1899999999999 -2 0 0 68 0 49314.07000000002 2708.4100000000003 16.124142169952393 2
0 -1 3 900.4 523.5100000000001 -2 4207.400000000001 8 71 523.5100000000001 72343.53999999996 2454.7700000000004 0.03398013114929199 2
1 -1 3 969.74 922.26 -1 0 0 68 0 65942.37 2454.7700000000004 0.03199887275695801 2
0 -1 4 770.51 560.21 -1 5847.08 8 71 723.6299999999999 66400.24000000002 2731.0999999999995 8.94716215133667 2
1 -1 4 715.73 598.47 -1 0 0 68 0 48669.66000000001 2731.0999999999995 9.686706304550171 2
0 -1 5 750.39 600.5999999999999 -1 5499.82 8 71 662.65 64277.46000000002 2588.5499999999997 13.471401929855347 2
1 -1 5 696.35 549.12 -1 0 0 68 0 47351.699999999975 2537.0699999999997 12.677448749542236 2
0 -1 6 814.78 647.7800000000001 -2 6023.799999999999 8 71 749.1099999999999 69896.78000000001 2895.11 13.197129011154175 2
1 -1 6 863.37 779.21 -1 0 0 68 0 58709.19000000001 2895.11 16.851380109786987 2
0 -1 7 723.61 424.53 -4 9032.220000000003 8 71 1127.3700000000001 69440.94000000002 3806.6400000000003 6.315299987792969 2
1 -1 7 863.37 779.21 -1 0 0 68 0 58709.19000000001 3806.6400000000003 5.239006996154785 2
0 -1 8 697.82 417.68999999999994 -2 8187.8200000000015 8 71 1019.93 65920.75999999998 3477.48 6.0511767864227295 2
1 -1 8 725.21 596.1899999999999 -2 0 0 68 0 49314.07000000002 3477.48 4.818691968917847 2
random:3T:300
0 -1 0 93.0 0 -20 213.18 2 82 82.85 8052.580000000003 248.54999999999998 0.5405771732330322 3
1 -1 0 99.91 0 -21 1593.1999999999998 11 94 0 12578.369999999999 0 0.5600759983062744 3
0 -1 1 82.63 0 -15 227.37 2 82 89.1 7230.070000000006 267.29999999999995 0.4794769287109375 3
1 -1 1 99.29 0 -12 1333.6299999999999 11 94 8.49 12000.560000000003 25.47 0.5085728168487549 3
0 -1 2 77.62 0 -14 152.10999999999999 2 82 59.26 6668.730000000003 177.78 9.51698112487793 3
1 -1 2 87.57 0.0 -14 900.38 11 94 0.0 10032.339999999997 0.0 9.972397804260254 3
0 -1 3 76.74 0.0 -14 50.15 2 82 0.0 6392.62 0.0 0.0169219970703125 3
1 -1 3 72.8 0.0 -23 0.0 11 94 0.0 6843.280000000002 0.0 0.019783735275268555 3
0 -1 4 82.63 0 -15 227.37 2 82 89.1 7230.070000000006 267.29999999999995 0.4679701328277588 3
1 -1 4 99.29 0 -12 1333.6299999999999 11 94 8.49 12000.560000000003 25.47 0.48087120056152344 3
0 -1 5 69.83 0 -20 67.72999999999999 2 82 5.93 5861.339999999999 17.79 6.867970943450928 3
1 -1 5 59.81 0 -27 565.02 11 94 0.0 6751.749999999999 0.0 6.780680179595947 3
0 -1 6 92.16 0 -20 211.03000000000003 2 82 80.7 7979.4200000000055 242.10000000000002 10.33633017539978 3
1 -1 6 98.18 0 -17 1355.6899999999996 11 94 10.89 11940.399999999994 32.67 11.382970094680786 3
0 -1 7 92.16 0 -20 211.03000000000003 2 82 80.7 7979.4200000000055 242.10000000000002 3.589905023574829 3
1 -1 7 98.18 0 -17 1355.6899999999996 11 94 10.89 11940.399999999994 32.67 4.013667106628418 3
0 -1 8 77.62 0 -14 152.10999999999999 2 82 59.26 6668.730000000003 177.78 3.1236228942871094 3
1 -1 8 87.57 0.0 -14 900.38 11 94 0.0 10032.339999999997 0.0 3.717928886413574 3
random:3T:600
0 -1 0 264.89 0 -3 476.12 2 82 233.67 22673.149999999994 701.01 1.0659360885620117 3
1 -1 0 285.6 0 -7 3812.760000000001 11 94 153.29999999999998 34472.08 459.9 1.189863920211792 3
0 -1 1 238.81 160.09999999999997 -2 360.85 2 82 174.96 20303.94999999999 684.98 15.330919981002808 3
1 -1 1 242.29 142.52000000000012 -2 2003.12 11 94 157.04 26781.229999999992 613.6400000000001 16.57155680656433 3
0 -1 2 228.71 140.90999999999997 -1 344.11 2 82 168.32 19442.519999999997 645.8699999999999 30.862571954727173 3
1 -1 2 230.09 135.78000000000017 -2 1877.9799999999998 11 94 141.25 25384.21999999999 559.5300000000002 36.32770109176636 3
0 -1 3 255.11 34.34 -1 291.49 2 82 125.19 21501.740000000013 409.90999999999997 0.026396989822387695 3
1 -1 3 251.44 0.0 -1 1566.73 11 94 103.63 26769.050000000007 310.89 0.01530599594116211 3
0 -1 4 238.81 160.09999999999997 -2 360.85 2 82 174.96 20303.94999999999 684.98 15.425909042358398 3
1 -1 4 242.29 142.52000000000012 -2 2003.12 11 94 157.04 26781.229999999992 613.6400000000001 17.296081066131592 3
0 -1 5 217.91 106.76999999999997 -1 325.36 2 82 156.47 18519.22000000001 576.18 27.285104990005493 3
1 -1 5 183.74 0.73 -1 1824.4100000000003 11 94 147.31 20920.700000000004 442.66 15.255796909332275 3
0 -1 6 252.41 129.8 -1 357.21000000000004 2 82 173.09 21412.309999999994 649.0699999999999 18.82800006866455 3
1 -1 6 251.04 129.86 -1 2008.05 11 94 157.57 27613.83999999999 602.51 21.06133008003235 3
0 -1 7 253.98 105.52 -3 488.5 2 82 240.02 21803.39 825.58 5.6963372230529785 3
1 -1 7 258.3 78.75 -2 2468.7900000000004 11 94 211.98999999999998 29218.249999999985 714.7199999999999 6.751465082168579 3
0 -1 8 231.28 123.23 -1 469.09 2 82 231.15999999999994 19903.390000000003 816.7099999999998 5.477605104446411 3
1 -1 8 241.96 111.54 -2 2560.3 11 94 210.76 27865.129999999994 743.8199999999999 6.779090881347656 3
random:3T:900
0 -1 0 464.83 180.2 -1 790.3900000000001 2 82 385.58 39696.78999999998 1336.94 1.6008601188659668 3
1 -1 0 477.98 0 -4 6125.17 11 94 319.25 57180.829999999994 957.75 1.769029140472412 3
0 -1 1 386.4 306.4900000000003 -2 676.51 2 82 326.71000000000004 33037.810000000005 1286.6200000000003 19.118501901626587 3
1 -1 1 396.85 291.81 -2 3817.52 11 94 342.35 44939.299999999996 1271.94 13.953005075454712 3
0 -1 2 376.62 279.46000000000015 -2 653.03 2 82 318.99 32188.709999999977 1236.4300000000003 29.418455839157104 3
1 -1 2 383.53 278.36000000000024 -2 3613.9400000000005 11 94 289.18 43280.13 1145.9 33.64463019371033 3
0 -1 3 431.38 182.98000000000002 -1 447.65000000000003 2 82 182.98000000000002 36268.259999999995 833.5300000000001 0.030298233032226562 3
1 -1 3 402.86 178.19 -1 2054.9500000000003 11 94 178.19 41978.59999999999 787.8599999999999 0.02342391014099121 3
0 -1 4 386.94 301.6700000000003 -2 676.5 2 82 326.7 33082.22 1281.7700000000002 18.232659101486206 3
1 -1 4 396.85 291.81 -2 3817.52 11 94 342.35 44939.299999999996 1271.9099999999999 13.016390800476074 3
0 -1 5 365.51 276.48 -2 630.14 2 82 304.86 31232.049999999992 1191.06 20.400020122528076 3
1 -1 5 323.95 220.02 -2 3221.9799999999996 11 94 287.68 36895.230000000025 1083.06 20.115988969802856 3
0 -1 6 397.73 299.32 -1 667.63 2 82 330.04 33949.409999999996 1289.44 22.232359886169434 3
1 -1 6 416.3 327.54999999999995 -2 3819.11 11 94 344.54 46770.02000000003 1289.44 29.503856897354126 3
0 -1 7 376.88 193.2 -3 982.8399999999999 2 82 491.36999999999995 32869.79 1667.31 7.42888331413269 3
1 -1 7 405.05 178.51 -2 5045.6 11 94 456.76 48165.81000000001 1548.79 9.085696935653687 3
0 -1 8 345.68 213.24 -2 966.5699999999999 2 82 482.0400000000001 30279.129999999997 1659.3600000000004 6.458080053329468 3
1 -1 8 379.41 196.5 -2 5169.37 11 94 461.93 46003.090000000004 1582.29 8.986736059188843 3
random:3T:1200
0 -1 0 669.37 314.4 -3 1132.2 2 82 560.07 57153.099999999984 1994.6100000000001 2.007171869277954 3
1 -1 0 677.42 177.17 -1 8374.660000000002 11 94 458.76 80426.47 1553.45 2.239640712738037 3
0 -1 1 503.94 404.58 -1 990.77 2 82 484.12 43304.97 1856.94 12.068377256393433 3
1 -1 1 534.14 414.96 -1 5465.799999999999 11 94 423.64 61140.62999999999 1675.5 15.757616758346558 3
0 -1 2 503.42 386.31 -1 964.4 2 82 476.78999999999996 43209.41 1816.6799999999998 26.61262321472168 3
1 -1 2 519.3 397.3800000000001 -2 5048.63 11 94 400.74 58911.079999999994 1588.53 32.27205729484558 3
0 -1 3 634.21 326.11 -1 685.89 2 82 326.11 53376.77000000004 1479.21 0.03261113166809082 3
1 -1 3 578.77 259.13 -1 3441.45 11 94 259.13 61287.32999999997 1224.1599999999999 0.039041996002197266 3
0 -1 4 499.51 404.59 -1 993.27 2 82 485.94 42946.53999999998 1862.4099999999999 12.967859983444214 3
1 -1 4 534.14 414.96 -1 5465.799999999999 11 94 423.64 61140.62999999999 1675.51 16.845847606658936 3
0 -1 5 493.42 390.14 -1 935.5799999999999 2 82 459.9699999999999 42331.329999999965 1770.0499999999997 26.957354068756104 3
1 -1 5 453.67 344.4 -2 4015.6099999999997 11 94 353.89 50676.34999999997 1406.0700000000002 26.158459901809692 3
0 -1 6 539.14 438.86999999999995 -2 983.19 2 82 482.06 46175.810000000005 1885.05 29.935187339782715 3
1 -1 6 558.89 430.69 -1 5365.26 11 94 447.5799999999999 63266.23999999997 1773.4299999999998 35.59719896316528 3
0 -1 7 461.6 246.04999999999998 -3 1467.9699999999998 2 82 726.62 40786.81 2425.9100000000003 8.101458072662354 3
1 -1 7 528.17 233.23 -2 7701.68 11 94 695.2 65051.24999999995 2318.8300000000004 12.033456087112427 3
0 -1 8 423.14 252.28 -2 1464.3600000000001 2 82 732.0699999999999 37626.06999999999 2448.4900000000002 7.665265798568726 3
1 -1 8 489.89 243.1 -2 7783.68 11 94 701.3699999999999 61617.25999999998 2347.2099999999996 10.865846872329712 3
random:3T:1500
0 -1 0 872.01 403.45 -1 1479.65 2 82 703.3 74463.77000000002 2513.3499999999995 2.5601537227630615 3
1 -1 0 860.61 344.99 -1 10647.349999999999 11 94 678.25 102192.18000000005 2379.74 2.802340269088745 3
0 -1 1 616.57 452.78000000000003 -1 1243.49 2 82 611.76 53045.460000000014 2288.06 17.069792985916138 3
1 -1 1 640.19 452.34000000000003 -1 6047.7699999999995 11 94 522.8000000000001 72273.79 2020.7400000000002 19.655944108963013 3
0 -1 2 635.59 453.28000000000003 -1 1260.6399999999999 2 82 629.92 54639.3 2343.04 34.16018104553223 3
1 -1 2 659.67 542.9300000000001 -4 6547.490000000001 11 94 565.92 75104.32000000004 2151.04 38.718283891677856 3
0 -1 3 807.59 373.45 -1 847.74 2 82 373.45 67918.12999999998 1861.6999999999998 0.03882908821105957 3
1 -1 3 745.67 362.37 -1 4117.45 11 94 362.37 78328.27999999998 1775.93 0.049353837966918945 3
0 -1 4 620.06 454.72 -1 1247.4700000000003 2 82 609.8100000000001 53339.46999999996 2284.1500000000005 17.2606258392334 3
1 -1 4 635.21 457.76 -1 5948.530000000001 11 94 519.8499999999999 71607.09000000003 2014.2699999999998 19.675967931747437 3
0 -1 5 617.76 521.15 -2 1098.75 2 82 522.74 52854.01 2089.37 29.551867723464966 3
1 -1 5 582.51 439.49 -4 5715.56 11 94 507.06 66187.16000000002 1960.67 28.846673011779785 3
0 -1 6 638.45 466.24 -2 1253.4099999999999 2 82 626.3399999999999 54859.35999999998 2345.2599999999998 33.56170177459717 3
1 -1 6 651.72 461.76 -1 6574.469999999999 11 94 589.43 74410.37 2230.05 36.53284788131714 3
0 -1 7 546.77 330.26 -2 1858.67 2 82 924.75 48552.42000000001 3104.51 8.483092069625854 3
1 -1 7 627.21 318.5 -4 9930.14 11 94 897.7800000000002 78817.72000000002 3011.8400000000006 13.392250776290894 3
0 -1 8 520.95 318.79 -2 1824.33 2 82 911.3499999999999 46366.28 3052.8399999999997 9.08445405960083 3
1 -1 8 588.05 284.05 -4 9631.25 11 94 854.79 74539.39000000003 2848.42 13.044265031814575 3
random:4T:300
0 -1 0 91.21 0 -21 131.8 1 81 131.8 7651.769999999999 395.40000000000003 0.4718308448791504 4
1 -1 0 95.72 0 -22 1420.8600000000001 10 93 53.53 11743.779999999992 160.59 0.5694921016693115 4
0 -1 1 85.15 0 -14 81.56 1 81 81.56 7060.319999999999 244.68 0.4969041347503662 4
1 -1 1 91.99 0 -17 1423.2799999999997 10 93 136.44 11401.789999999997 244.68 0.5627782344818115 4
0 -1 2 75.63 0 -18 0.0 1 81 0.0 6126.299999999998 0.0 9.878376960754395 4
1 -1 2 80.51 0 -14 766.4199999999998 10 93 64.9 9019.959999999997 0.0 10.731988906860352 4
0 -1 3 73.35 0.0 -15 0.0 1 81 0.0 5941.330000000004 0.0 0.02220892906188965 4
1 -1 3 66.26 0.0 -23 0.0 10 93 0.0 6161.760000000001 0.0 0.015105009078979492 4
0 -1 4 85.15 0 -14 81.56 1 81 81.56 7060.319999999999 244.68 0.48023009300231934 4
1 -1 4 91.99 0 -17 1423.2799999999997 10 93 136.44 11401.789999999997 244.68 0.5109517574310303 4
0 -1 5 62.29 0 -26 15.26 1 81 15.26 5076.150000000002 45.78 5.460874080657959 4
1 -1 5 65.29 0 -33 732.6199999999999 10 93 0.0 7537.100000000001 0.0 5.465823173522949 4
0 -1 6 91.16 0 -20 131.8 1 81 131.8 7647.6799999999985 395.40000000000003 10.151617050170898 4
1 -1 6 94.88 0 -17 1254.2599999999998 10 93 53.53 11332.10999999999 160.59 11.719357252120972 4
0 -1 7 91.16 0 -20 131.8 1 81 131.8 7647.6799999999985 395.40000000000003 3.5264549255371094 4
1 -1 7 94.88 0 -17 1254.2599999999998 10 93 53.53 11332.10999999999 160.59 4.14765477180481 4
0 -1 8 75.63 0 -18 0.0 1 81 0.0 6126.299999999998 0.0 3.141716957092285 4
1 -1 8 80.51 0 -14 766.4199999999998 10 93 64.9 9019.959999999997 0.0 3.876554012298584 4
random:4T:600
0 -1 0 276.53 0 -1 270.52 1 81 270.52 22939.819999999996 811.56 1.1129698753356934 4
1 -1 0 277.25 0 -6 3554.0600000000004 10 93 269.03 32892.23999999999 807.0899999999999 1.1270108222961426 4
0 -1 1 242.58 117.40000000000016 -2 173.28 1 81 173.28 19995.76 637.2400000000002 22.94158411026001 4
1 -1 1 244.48 159.91 -2 1867.8999999999999 10 93 185.48 26471.979999999992 637.2400000000002 3.924377679824829 4
0 -1 2 222.77 113.67 -1 113.67 1 81 113.67 18271.900000000005 456.96 17.591063976287842 4
1 -1 2 224.12 144.94 -1 1721.8999999999999 10 93 169.58 24287.14000000002 456.96 21.27673077583313 4
0 -1 3 243.84 7.73 -1 124.5 1 81 124.5 19999.74 381.23 0.01811695098876953 4
1 -1 3 236.27 26.01 -1 977.7600000000001 10 93 85.65 23929.02000000001 264.68000000000006 0.031903982162475586 4
0 -1 4 242.58 117.40000000000016 -2 173.28 1 81 173.28 19995.76 637.2400000000002 22.386162042617798 4
1 -1 4 244.48 159.91 -2 1867.8999999999999 10 93 185.48 26471.979999999992 637.2400000000002 3.759413003921509 4
0 -1 5 180.23 0.0 -1 158.55 1 81 158.55 14915.75 475.65000000000003 15.152959108352661 4
1 -1 5 175.96 0 -5 1688.7800000000002 10 93 142.36 19741.64 427.08000000000004 13.637242078781128 4
0 -1 6 257.09 136.30999999999997 -1 184.45 1 81 184.45 21193.16999999999 689.6599999999999 19.889381170272827 4
1 -1 6 250.06 102.15 -1 1830.3400000000001 10 93 167.05 26916.01 603.3000000000001 19.3677339553833 4
0 -1 7 257.38 103.66 -3 292.7599999999999 1 81 292.7599999999999 21433.169999999995 981.9399999999996 10.515815734863281 4
1 -1 7 258.41 77.27 -1 2308.22 10 93 221.65999999999997 28649.010000000002 742.2499999999999 7.4707372188568115 4
0 -1 8 222.2 98.5 -1 130.78000000000003 1 81 130.78000000000003 18259.85000000001 490.8400000000001 10.240400075912476 4
1 -1 8 236.1 121.78 -1 2459.06 10 93 243.14999999999998 26875.74000000002 490.8400000000001 7.550210237503052 4
random:4T:900
0 -1 0 481.58 174.12 -1 480.17 1 81 480.17 39968.539999999986 1614.63 1.7447810173034668 4
1 -1 0 460.34 0 -1 5647.9800000000005 10 93 479.96 54107.97999999999 1439.8799999999999 1.6778428554534912 4
0 -1 1 381.12 282.1299999999999 -2 321.5 1 81 321.5 31513.390000000003 1246.6299999999999 27.272273063659668 4
1 -1 1 402.83 320.42 -2 3511.2400000000002 10 93 347.70000000000005 44485.92000000002 1246.6299999999999 12.11109709739685 4
0 -1 2 359.93 248.86 -4 304.18 1 81 304.18 29762.93 1161.4 23.376415014266968 4
1 -1 2 383.53 272.13000000000005 -1 3257.16 10 93 318.78 42182.57 1161.4 31.507991790771484 4
0 -1 3 420.48 182.82999999999998 -1 182.82999999999998 1 81 182.82999999999998 34424.3 813.37 0.030929088592529297 4
1 -1 3 401.93 174.19 -2 1768.8599999999997 10 93 174.19 40916.79000000001 787.4499999999999 0.02594161033630371 4
0 -1 4 383.21 277.5900000000001 -2 321.5 1 81 321.5 31682.699999999997 1242.0900000000001 25.232770204544067 4
1 -1 4 402.83 320.42 -2 3511.2400000000002 10 93 347.70000000000005 44485.92000000002 1242.0900000000001 11.910061120986938 4
0 -1 5 314.43 227.06 -2 309.99 1 81 309.99 26088.540000000008 1157.03 17.188963890075684 4
1 -1 5 312.76 207.59 -2 2740.04 10 93 265.97 34567.01999999998 1005.5000000000001 19.339736938476562 4
0 -1 6 416.68 337.53999999999996 -2 346.46 1 81 346.46 34443.66999999999 1376.9199999999998 25.890824794769287 4
1 -1 6 403.38 302.71 -2 3328.2199999999993 10 93 321.81 44170.43000000001 1268.14 25.331099033355713 4
0 -1 7 373.44 211.29999999999998 -3 585.2700000000012 1 81 585.2700000000012 31419.24999999998 1967.1100000000035 17.853639841079712 4
1 -1 7 411.17 171.07 -2 4919.94 10 93 490.59000000000003 48078.82 1642.84 9.932576894760132 4
0 -1 8 330.16 189.34 -1 428.78000000000065 1 81 428.78000000000065 27600.910000000018 1475.6800000000019 19.652967929840088 4
1 -1 8 376.81 202.11 -1 5096.22 10 93 506.29999999999995 45235.610000000015 1475.6800000000019 9.772351026535034 4
random:4T:1200
0 -1 0 691.91 236.35 -2 664.97 1 81 664.97 57374.539999999986 2231.26 1.9539759159088135 4
1 -1 0 657.37 0 -1 7753.44 10 93 678.0000000000001 76642.17000000001 1994.91 2.1154489517211914 4
0 -1 1 502.3 412.06 -2 467.98999999999995 1 81 467.98999999999995 41622.659999999996 1816.0299999999997 24.10687279701233 4
1 -1 1 536.31 399.47999999999996 -1 4969.4 10 93 491.22999999999996 59815.33000000003 1803.4499999999998 16.91883611679077 4
0 -1 2 494.99 399.05 -2 416.13 1 81 416.13 40926.369999999995 1647.4399999999998 34.12404727935791 4
1 -1 2 530.38 392.72999999999996 -1 4827.079999999999 10 93 476.99 58979.64000000005 1641.12 33.506930112838745 4
0 -1 3 612.55 313.83 -1 313.83 1 81 313.83 50243.980000000025 1399.92 0.02267313003540039 4
1 -1 3 595.09 287.27 -2 2979.8600000000006 10 93 287.27 61303.40999999999 1320.2399999999998 0.024278640747070312 4
0 -1 4 502.11 416.25 -1 468.11 1 81 468.11 41607.48999999998 1820.58 25.932328939437866 4
1 -1 4 538.05 399.47999999999996 -1 4969.419999999999 10 93 491.22999999999996 59977.19000000002 1803.81 18.41475200653076 4
0 -1 5 455.14 354.69 -1 395.54999999999995 1 81 395.54999999999995 37657.11999999999 1541.34 23.90019130706787 4
1 -1 5 443.83 322.7400000000002 -4 3634.18 10 93 344.58000000000004 48544.649999999965 1356.4800000000005 28.45477819442749 4
0 -1 6 549.51 437.1 -1 471.53 1 81 471.53 45453.41999999999 1851.69 31.6373929977417 4
1 -1 6 536.85 397.42999999999995 -1 4986.02 10 93 472.89000000000004 59899.06999999998 1812.02 34.087966203689575 4
0 -1 7 470.79 328.0 -4 859.7100000000017 1 81 859.7100000000017 39853.81000000001 2907.130000000005 24.37875986099243 4
1 -1 7 531.3 253.79 -4 7373.42 10 93 733.64 64157.78 2454.71 12.970906019210815 4
0 -1 8 400.45 240.31 -2 718.3100000000021 1 81 718.3100000000021 33872.67000000001 2395.240000000006 32.32835102081299 4
1 -1 8 490.09 253.14 -1 7682.100000000002 10 93 765.6600000000002 60942.94999999999 2395.240000000006 13.986118793487549 4
random:4T:1500
0 -1 0 897.03 425.6 -1 862.1300000000001 1 81 862.1300000000001 74383.31999999998 3011.9900000000002 2.555943012237549 4
1 -1 0 830.51 110.91 -1 9949.56 10 93 888.6800000000001 97136.08999999997 2697.3 2.994464874267578 4
0 -1 1 617.4 451.54 -2 616.86 1 81 616.86 51243.50000000002 2302.12 26.32968807220459 4
1 -1 1 645.36 447.78000000000003 -1 6307.799999999999 10 93 600.62 72634.16999999995 2249.6400000000003 20.609028816223145 4
0 -1 2 612.82 456.85 -1 588.39 1 81 588.39 50814.91999999998 2222.02 40.04167985916138 4
1 -1 2 670.95 468.07 -1 6368.54 10 93 631.1800000000001 75135.67000000001 2222.02 40.349119901657104 4
0 -1 3 789.4 372.44 -1 372.44 1 81 372.44 64686.19000000001 1833.1499999999999 0.0366058349609375 4
1 -1 3 757.13 365.47999999999996 -2 3678.6399999999994 10 93 365.47999999999996 77770.53 1812.2699999999998 0.038403987884521484 4
0 -1 4 615.47 451.54 -2 617.19 1 81 617.19 51087.53999999999 2303.11 24.814724922180176 4
1 -1 4 644.5 447.78000000000003 -1 6338.640000000001 10 93 606.01 72615.83 2265.81 21.074474096298218 4
0 -1 5 575.83 431.31 -1 518.0 1 81 518.0 47678.61000000001 1985.31 27.930139780044556 4
1 -1 5 571.59 429.45000000000005 -4 5056.719999999999 10 93 502.56 63271.47000000002 1937.13 30.82196307182312 4
0 -1 6 700.66 580.0600000000001 -1 705.1200000000001 1 81 705.1200000000001 58163.52 2695.4200000000005 40.63388800621033 4
1 -1 6 664.79 462.40999999999997 -2 6126.8200000000015 10 93 599.97 74078.84000000003 2262.32 39.48808574676514 4
0 -1 7 545.54 402.48 -2 1151.6300000000037 1 81 1151.6300000000037 46492.12999999999 3857.3700000000113 33.76121401786804 4
1 -1 7 642.42 371.65 -4 9682.96 10 93 965.8500000000001 79111.01999999999 3269.2000000000003 15.165399074554443 4
0 -1 8 484.72 286.01 -1 894.3100000000019 1 81 894.3100000000019 41051.01 2968.940000000006 29.745294094085693 4
1 -1 8 601.03 287.13 -2 9202.380000000003 10 93 916.1900000000002 74300.16000000008 2968.940000000006 15.70100998878479 4
random:5T:300
0 -1 0 90.83 0 -22 554.29 4 89 130.11 9192.380000000003 390.33000000000004 0.5744028091430664 5
1 -1 0 89.04 0 -17 1438.0299999999997 12 90 85.67 10889.519999999997 257.01 0.4708118438720703 5
0 -1 1 79.86 0 -16 390.9 4 89 58.86 7889.059999999999 176.57999999999998 0.5062394142150879 5
1 -1 1 86.28 0 -17 1363.05 12 90 73.27 10491.490000000002 176.57999999999998 0.4416470527648926 5
0 -1 2 71.83 0 -17 276.67999999999995 4 89 17.59 6945.810000000001 52.769999999999996 10.013701915740967 5
1 -1 2 82.73 0 -16 1075.25 12 90 53.82 9596.189999999997 52.769999999999996 8.429599046707153 5
0 -1 3 67.45 0.0 -19 0.0 4 89 0.0 6002.910000000001 0.0 0.022066354751586914 5
1 -1 3 62.21 0.0 -21 6.94 12 90 0.0 5613.210000000004 0.0 0.014970779418945312 5
0 -1 4 79.86 0 -16 390.9 4 89 58.86 7889.059999999999 176.57999999999998 0.5373129844665527 5
1 -1 4 86.28 0 -17 1363.05 12 90 73.27 10491.490000000002 176.57999999999998 0.41263699531555176 5
0 -1 5 58.01 0 -31 85.34 4 89 0.0 5333.530000000002 0.0 5.8659210205078125 5
1 -1 5 56.79 0 -28 434.22 12 90 0.0 5979.63 0.0 5.117605209350586 5
0 -1 6 90.83 0 -22 554.29 4 89 130.11 9192.380000000003 390.33000000000004 13.729810953140259 5
1 -1 6 88.93 0 -15 1309.55 12 90 85.67 10622.849999999999 257.01 9.027331829071045 5
0 -1 7 90.83 0 -22 554.29 4 89 130.11 9192.380000000003 390.33000000000004 4.70514988899231 5
1 -1 7 88.93 0 -15 1309.55 12 90 85.67 10622.849999999999 257.01 3.3073432445526123 5
0 -1 8 71.83 0 -17 276.67999999999995 4 89 17.59 6945.810000000001 52.769999999999996 3.3395371437072754 5
1 -1 8 82.73 0 -16 1075.25 12 90 53.82 9596.189999999997 52.769999999999996 2.966576099395752 5
random:5T:600
0 -1 0 267.61 0 -4 1205.58 4 89 268.56 26228.86 805.6800000000001 1.1177148818969727 5
1 -1 0 266.65 0 -7 3998.5099999999993 12 90 236.97 31995.229999999985 710.91 1.0178461074829102 5
0 -1 1 243.02 171.51999999999998 -4 772.81 4 89 184.32 23173.960000000006 724.48 5.4849419593811035 5
1 -1 1 239.28 155.32000000000002 -1 2164.82 12 90 171.44 25864.72 669.64 15.162609815597534 5
0 -1 2 219.06 121.49999999999991 -1 682.11 4 89 159.06 20860.730000000014 598.68 27.958939790725708 5
1 -1 2 223.04 133.70999999999998 -1 2100.8600000000006 12 90 167.12 24275.239999999994 598.68 15.298754930496216 5
0 -1 3 233.64 0.0 -1 477.83 4 89 93.24 21749.780000000002 279.71999999999997 0.018648147583007812 5
1 -1 3 242.52 5.2 -1 1525.31 12 90 5.2 24876.99 15.600000000000001 0.022990942001342773 5
0 -1 4 243.02 171.51999999999998 -4 772.81 4 89 184.32 23173.960000000006 724.48 5.468531131744385 5
1 -1 4 239.28 155.32000000000002 -1 2164.82 12 90 171.44 25864.72 669.64 14.73145604133606 5
0 -1 5 184.22 0 -2 585.4200000000001 4 89 106.39 17566.689999999995 319.17 16.181226015090942 5
1 -1 5 188.98 9.21 -1 1859.6299999999999 12 90 60.97 20727.530000000006 182.91 13.658315896987915 5
0 -1 6 250.78 107.68 -1 743.84 4 89 184.08 23807.30000000001 659.9200000000001 24.227373123168945 5
1 -1 6 242.22 139.24 -1 2152.9300000000003 12 90 174.2 26105.23999999998 630.28 16.571526288986206 5
0 -1 7 255.52 82.92999999999999 -1 975.3800000000001 4 89 236.57 24692.080000000005 792.64 7.97497296333313 5
1 -1 7 256.94 90.72 -2 2988.4799999999996 12 90 246.74 29101.919999999962 792.64 6.712049961090088 5
0 -1 8 222.67 93.71 -1 889.21 4 89 219.47999999999996 21595.95000000001 752.1499999999999 7.753690242767334 5
1 -1 8 234.56 113.81 -1 2751.23 12 90 226.89000000000001 26612.87 752.1499999999999 7.000437021255493 5
random:5T:900
0 -1 0 461.82 122.85 -1 2023.16 4 89 469.6700000000001 45148.450000000004 1531.8600000000001 1.7470738887786865 5
1 -1 0 452.07 0 -5 6627.879999999999 12 90 397.18 53941.62999999998 1191.54 1.5815951824188232 5
0 -1 1 395.86 321.65 -2 1481.75 4 89 346.52 38194.81000000003 1361.21 9.74915099143982 5
1 -1 1 412.37 317.22 -1 4189.54 12 90 335.48 45492.46 1323.66 8.18916392326355 5
0 -1 2 371.68 297.98 -4 1301.16 4 89 307.5 35681.51999999998 1220.48 27.398499965667725 5
1 -1 2 390.6 281.43000000000023 -1 3983.74 12 90 315.96 43121.71000000002 1203.9300000000003 27.691622734069824 5
0 -1 3 406.94 175.88000000000002 -1 726.8199999999999 4 89 175.88000000000002 37671.010000000024 782.3600000000001 0.02850198745727539 5
1 -1 3 392.88 156.31 -1 2200.91 12 90 156.31 39761.310000000005 723.65 0.022521018981933594 5
0 -1 4 394.34 321.65 -2 1481.42 4 89 346.52 38059.23 1361.21 9.551973104476929 5
1 -1 4 408.84 324.09000000000003 -1 4097.66 12 90 324.09000000000003 44991.19999999999 1293.92 8.150798082351685 5
0 -1 5 319.21 220.99 -2 1169.51 4 89 268.5 30748.899999999972 1026.49 21.392059803009033 5
1 -1 5 333.38 228.57 -2 3465.1899999999996 12 90 233.06 36934.560000000005 920.1700000000001 17.239832162857056 5
0 -1 6 407.24 335.55 -2 1385.9199999999998 4 89 345.5 39016.01999999998 1372.05 29.931384801864624 5
1 -1 6 411.68 317.7 -1 4042.7799999999997 12 90 331.92 45136.46999999998 1313.46 22.576047897338867 5
0 -1 7 400.07 170.16 -1 1959.2600000000002 4 89 481.99 39524.45999999999 1616.13 10.128983974456787 5
1 -1 7 413.66 179.2 -2 5968.140000000001 12 90 494.28 49165.47 1616.13 8.84116244316101 5
0 -1 8 348.42 186.72 -1 1924.7200000000003 4 89 480.3900000000001 34858.61 1627.8900000000003 9.2635657787323 5
1 -1 8 386.95 197.74 -1 5715.0 12 90 473.29 46255.86999999998 1606.5900000000001 8.585678815841675 5
random:5T:1200
0 -1 0 667.28 292.91 -1 2803.5699999999997 4 89 641.27 64995.310000000005 2216.72 2.2479019165039062 5
1 -1 0 624.71 0 -5 9513.75 12 90 564.55 75251.17 1693.6499999999999 2.129718065261841 5
0 -1 1 516.19 400.98 -1 1899.9499999999998 4 89 447.61 49740.47000000002 1743.81 15.6075918674469 5
1 -1 1 555.29 408.52 -2 5804.09 12 90 463.87 61584.66999999996 1743.81 19.881561279296875 5
0 -1 2 508.93 416.43 -1 1920.4899999999998 4 89 461.40999999999997 49136.159999999996 1800.66 36.71753692626953 5
1 -1 2 545.2 417.7700000000003 -1 5779.489999999999 12 90 473.21999999999997 60627.17999999999 1800.66 33.967045068740845 5
0 -1 3 592.05 276.71000000000004 -1 1218.3799999999999 4 89 276.71000000000004 55129.02000000003 1277.9700000000003 0.0371551513671875 5
1 -1 3 579.5 189.9 -1 3727.0299999999997 12 90 189.9 59608.739999999976 1017.5400000000001 0.026144027709960938 5
0 -1 4 515.58 403.98 -1 1900.47 4 89 447.78 49687.99999999998 1747.32 15.167121171951294 5
1 -1 4 548.53 405.47 -1 5794.07 12 90 462.97 60956.10000000002 1747.32 16.385035037994385 5
0 -1 5 459.32 357.58 -2 1576.49 4 89 366.37 44032.82000000002 1456.69 28.48469114303589 5
1 -1 5 477.08 358.28 -2 4451.259999999999 12 90 360.37 51839.86999999999 1438.69 24.389434099197388 5
0 -1 6 527.73 423.88 -2 1944.74 4 89 483.05 50857.6 1873.0300000000002 37.04258584976196 5
1 -1 6 561.75 407.09999999999997 -1 5947.64 12 90 484.35999999999996 62452.87000000002 1856.25 31.57129430770874 5
0 -1 7 514.15 244.26 -2 2952.0899999999997 4 89 734.3299999999999 51663.43999999997 2447.25 12.969542026519775 5
1 -1 7 544.31 252.76 -2 8852.390000000001 12 90 734.4699999999999 66692.59000000001 2447.25 12.073294878005981 5
0 -1 8 439.19 255.24 -2 2970.65 4 89 740.72 45029.06999999999 2477.3999999999996 12.479164123535156 5
1 -1 8 512.16 243.78 -1 8645.88 12 90 717.23 63385.879999999976 2395.4700000000003 11.332998037338257 5
random:5T:1500
0 -1 0 865.42 417.48 -1 3655.91 4 89 873.8400000000001 84333.78000000004 3039.0000000000005 2.7850558757781982 5
1 -1 0 793.32 0 -1 11612.0 12 90 632.05 94622.68 1896.1499999999999 2.664475917816162 5
0 -1 1 628.91 456.01 -1 2452.6800000000003 4 89 612.13 60878.38999999998 2292.3999999999996 21.506834030151367 5
1 -1 1 693.38 458.8500000000001 -2 7713.719999999998 12 90 626.28 77832.04000000002 2292.3999999999996 20.077993869781494 5
0 -1 2 631.74 467.46999999999997 -2 2353.68 4 89 577.49 60932.0 2199.94 42.27418923377991 5
1 -1 2 669.11 456.66 -1 7146.06 12 90 533.01 74512.03999999996 2055.69 32.58323788642883 5
0 -1 3 767.96 364.6 -1 1483.21 4 89 364.6 71315.09999999998 1797.13 0.04082083702087402 5
1 -1 3 734.85 340.9200000000001 -1 4463.49 12 90 340.9200000000001 75063.40999999995 1726.0900000000001 0.035392045974731445 5
0 -1 4 621.38 448.69000000000005 -1 2452.0299999999997 4 89 610.6 60207.19999999997 2280.4900000000002 21.48409914970398 5
1 -1 4 688.19 460.53 -1 7712.400000000001 12 90 625.4200000000001 77361.84000000001 2280.4900000000002 21.726642847061157 5
0 -1 5 585.16 412.32000000000005 -1 2029.19 4 89 473.58000000000004 56137.18000000002 1833.0600000000004 34.410847902297974 5
1 -1 5 614.29 444.3900000000001 -4 6285.42 12 90 511.5 67857.35999999996 1833.0600000000004 27.593127965927124 5
0 -1 6 649.31 477.28 -1 2571.84 4 89 641.8 62931.97 2402.68 44.16816830635071 5
1 -1 6 711.41 465.7 -1 7468.03 12 90 618.9 78962.83999999998 2322.3999999999996 35.815895080566406 5
0 -1 7 615.46 377.5 -1 3936.86 4 89 977.1 62649.509999999966 3308.8 15.106803894042969 5
1 -1 7 666.26 352.36 -2 11062.66 12 90 915.9599999999999 82088.72999999997 3100.24 13.422457218170166 5
0 -1 8 546.56 332.73 -2 3661.75 4 89 914.15 55966.91999999999 3075.18 15.065002918243408 5
1 -1 8 609.23 277.58 -2 10447.7 12 90 845.49 75726.00999999997 2814.05 11.906455993652344 5
random:6T:300
0 -1 0 93.65 0 -23 1874.3900000000003 13 96 117.21 12739.640000000003 351.63 0.5296001434326172 6
1 -1 0 86.54 0 -26 48.77 1 81 48.77 7107.3399999999965 146.31 0.5146410465240479 6
0 -1 1 90.35 0 -18 1490.0 13 96 0.0 11653.630000000005 0.0 0.4912679195404053 6
1 -1 1 87.01 0 -12 56.2 1 81 56.2 7160.469999999995 0.0 0.468264102935791 6
0 -1 2 82.25 0 -16 1228.7199999999998 13 96 16.24 10353.37 48.72 8.575294017791748 6
1 -1 2 81.16 0 -12 79.99 1 81 79.99 6733.949999999995 48.72 8.867334127426147 6
0 -1 3 66.36 0.0 -26 0.0 13 96 0.0 6370.939999999999 0.0 0.020734310150146484 6
1 -1 3 78.21 0.0 -13 0.0 1 81 0.0 6334.610000000001 0.0 0.013173341751098633 6
0 -1 4 90.35 0 -18 1490.0 13 96 0.0 11653.630000000005 0.0 0.46870899200439453 6
1 -1 4 87.01 0 -12 56.2 1 81 56.2 7160.469999999995 0.0 0.4506490230560303 6
0 -1 5 65.06 0 -27 833.9700000000001 13 96 0.0 7913.780000000006 0.0 6.345956087112427 6
1 -1 5 70.41 0.0 -19 0.0 1 81 0.0 5703.41 0.0 6.363824129104614 6
0 -1 6 92.55 0 -24 1658.1799999999998 13 96 117.21 12200.830000000004 351.63 11.337423086166382 6
1 -1 6 85.57 0 -18 52.39 1 81 52.39 7035.939999999996 157.17000000000002 11.595667839050293 6
0 -1 7 92.55 0 -24 1658.1799999999998 13 96 117.21 12200.830000000004 351.63 3.8334431648254395 6
1 -1 7 85.57 0 -18 52.39 1 81 52.39 7035.939999999996 157.17000000000002 3.7772672176361084 6
0 -1 8 82.25 0 -16 1228.7199999999998 13 96 16.24 10353.37 48.72 3.2449119091033936 6
1 -1 8 81.16 0 -12 79.99 1 81 79.99 6733.949999999995 48.72 3.179183006286621 6
random:6T:600
0 -1 0 263.09 0 -7 4489.64 13 96 270.33 34235.680000000015 810.99 1.1036720275878906 6
1 -1 0 274.17 0.0 -3 233.04000000000002 1 81 233.04000000000002 22673.46 699.1200000000001 1.1792011260986328 6
0 -1 1 236.43 127.87000000000005 -3 2333.96 13 96 140.92 27365.189999999984 550.63 5.863736152648926 6
1 -1 1 248.92 182.2 -1 239.17000000000002 1 81 239.17000000000002 20640.660000000007 550.63 2.0333220958709717 6
0 -1 2 224.0 96.99000000000001 -1 2290.09 13 96 158.76 26083.850000000002 573.27 25.50836992263794 6
1 -1 2 230.94 173.81 -2 174.6 1 81 174.6 19055.330000000005 573.27 17.19002914428711 6
0 -1 3 239.67 31.13 -1 1675.02 13 96 46.57 26358.119999999988 170.84 0.024144887924194336 6
1 -1 3 258.59 0.0 -1 151.93 1 81 151.93 21249.83 139.71 0.019767045974731445 6
0 -1 4 236.43 127.87000000000005 -3 2333.96 13 96 140.92 27365.189999999984 550.63 5.752594947814941 6
1 -1 4 248.92 182.2 -1 239.17000000000002 1 81 239.17000000000002 20640.660000000007 550.63 2.005620002746582 6
0 -1 5 193.83 0.0 -1 2194.79 13 96 151.37 22997.520000000008 454.11 14.977508783340454 6
1 -1 5 212.19 98.11999999999998 -1 141.15 1 81 141.15 17469.370000000003 423.45000000000005 26.31372594833374 6
0 -1 6 244.31 127.67 -1 2385.59 13 96 181.21 28224.769999999986 671.3 19.265658140182495 6
1 -1 6 254.37 166.70000000000007 -1 166.8 1 81 166.8 20937.33 628.07 22.21782612800598 6
0 -1 7 258.94 115.47 -4 3272.0299999999993 13 96 235.23000000000002 31402.729999999996 821.1600000000001 6.9331676959991455 6
1 -1 7 253.71 131.7 -4 276.65 1 81 276.65 21103.690000000006 821.1600000000001 7.494204998016357 6
0 -1 8 227.86 59.48 -1 2518.8100000000004 13 96 182.13 26912.500000000004 605.87 5.771039247512817 6
1 -1 8 231.75 147.01 -2 303.6899999999999 1 81 303.6899999999999 19379.44000000001 605.87 10.899779081344604 6
random:6T:900
0 -1 0 446.76 0 -3 7100.969999999999 13 96 436.88 57091.34999999998 1310.6399999999999 1.6998777389526367 6
1 -1 0 483.42 192.8 -1 422.62 1 81 422.62 40002.36999999999 1267.8600000000001 1.5870587825775146 6
0 -1 1 390.93 277.2500000000001 -3 4436.889999999999 13 96 329.0 46402.88000000004 1264.25 21.960165977478027 6
1 -1 1 413.92 332.73 -1 398.12 1 81 398.12 34324.109999999986 1264.25 10.162341117858887 6
0 -1 2 383.18 272.64000000000016 -2 4317.36 13 96 308.15 45420.469999999994 1197.0900000000001 31.13600993156433 6
1 -1 2 385.71 311.0900000000001 -2 318.53999999999996 1 81 318.53999999999996 31879.33999999999 1197.0900000000001 25.48571491241455 6
0 -1 3 401.04 165.5 -1 2402.6800000000003 13 96 165.5 43304.77000000001 778.72 0.03281998634338379 6
1 -1 3 424.82 188.92 -1 188.92 1 81 188.92 34788.10999999998 744.76 0.03284001350402832 6
0 -1 4 390.93 277.2500000000001 -3 4436.889999999999 13 96 329.0 46402.88000000004 1264.25 21.199387788772583 6
1 -1 4 410.45 332.74 -1 398.3 1 81 398.3 34042.86999999999 1264.25 9.800764799118042 6
0 -1 5 335.49 219.16 -1 3824.8599999999997 13 96 285.72 39856.729999999996 1076.3200000000002 21.539626121520996 6
1 -1 5 360.26 278.4 -1 279.52 1 81 279.52 29740.5 1057.72 23.43238401412964 6
0 -1 6 412.74 338.37 -1 4486.290000000002 13 96 340.88 48595.44999999998 1361.01 28.540588855743408 6
1 -1 6 420.66 356.02 -1 393.6 1 81 393.6 34861.01000000001 1361.01 28.579715728759766 6
0 -1 7 416.31 198.65 -4 6071.87 13 96 463.66999999999996 52109.32000000002 1589.6599999999999 9.724349021911621 6
1 -1 7 373.61 207.56 -4 561.7099999999998 1 81 561.7099999999998 31385.720000000005 1589.6599999999999 11.482522010803223 6
0 -1 8 378.06 167.47 -1 5625.25 13 96 429.03 47543.95000000002 1454.56 8.421789169311523 6
1 -1 8 337.88 215.95 -2 601.6900000000016 1 81 601.6900000000016 28571.750000000015 1454.56 23.06309986114502 6
random:6T:1200
0 -1 0 626.7 0 -2 9918.499999999998 13 96 498.02 79999.92999999996 1494.06 2.697532892227173 6
1 -1 0 694.96 331.28 -1 599.99 1 81 599.99 57491.87999999999 1494.06 2.3297739028930664 6
0 -1 1 533.21 393.43 -1 6391.8099999999995 13 96 424.94 63971.499999999985 1668.25 16.857680320739746 6
1 -1 1 536.0 418.29999999999995 -1 541.56 1 81 541.56 44499.15 1668.25 15.7885000705719 6
0 -1 2 529.75 395.27000000000004 -4 6218.780000000001 13 96 463.49999999999994 63293.61 1785.7699999999998 32.783294916152954 6
1 -1 2 519.11 448.51 -2 478.34 1 81 478.34 43004.53 1785.7699999999998 30.988656997680664 6
0 -1 3 598.07 261.72 -1 4278.33 13 96 261.72 65971.50999999998 1282.95 0.035440921783447266 6
1 -1 3 604.51 326.01 -1 326.01 1 81 326.01 49617.02999999997 1228.21 0.028270959854125977 6
0 -1 4 532.35 397.87 -1 6391.8099999999995 13 96 424.94 63888.78999999998 1672.69 16.579092979431152 6
1 -1 4 534.88 414.74 -1 541.5600000000001 1 81 541.5600000000001 44408.100000000006 1672.69 18.46211290359497 6
0 -1 5 465.37 344.74 -2 4711.48 13 96 344.74 54098.77000000002 1379.96 25.30634641647339 6
1 -1 5 490.69 401.56 -4 436.31000000000006 1 81 436.31000000000006 40618.28 1379.96 26.057945728302002 6
0 -1 6 552.96 411.40000000000003 -1 6499.9800000000005 13 96 494.53 66084.24999999999 1894.99 33.19468903541565 6
1 -1 6 543.61 417.29 -2 533.97 1 81 533.97 45099.970000000016 1894.99 32.79316782951355 6
0 -1 7 550.77 244.28 -4 9127.2 13 96 690.53 71128.11999999992 2315.8700000000003 11.990309238433838 6
1 -1 7 468.49 272.87 -4 827.7599999999994 1 81 827.7599999999994 39603.38999999996 2315.8700000000003 14.381731748580933 6
0 -1 8 499.04 227.17 -1 8644.610000000002 13 96 661.6400000000001 65196.86999999999 2212.09 10.62925410270691 6
1 -1 8 423.16 269.31 -2 807.2000000000016 1 81 807.2000000000016 35890.360000000015 2212.09 24.342355012893677 6
random:6T:1500
0 -1 0 786.22 0 -1 12848.1 13 96 648.98 101172.85 1946.94 2.942734718322754 6
1 -1 0 905.47 407.23 -1 802.86 1 81 802.86 74948.92 1946.94 2.6280319690704346 6
0 -1 1 631.95 441.32 -1 6877.15 13 96 520.51 74421.48 2002.85 19.09575915336609 6
1 -1 1 641.4 458.71 -1 655.49 1 81 655.49 53264.130000000005 2002.85 19.37131977081299 6
0 -1 2 649.27 453.64 -1 7005.900000000001 13 96 520.78 76341.70999999998 2015.98 38.1677131652832 6
1 -1 2 653.74 583.1700000000001 -2 634.29 1 81 634.29 54221.76999999999 2015.98 36.518150806427 6
0 -1 3 757.95 359.12 -1 5109.09 13 96 359.12 82981.06000000006 1816.43 0.04206514358520508 6
1 -1 3 786.42 377.22999999999996 -1 377.22999999999996 1 81 377.22999999999996 64454.39999999999 1760.8200000000002 0.03265810012817383 6
0 -1 4 634.81 451.52 -1 6859.64 13 96 518.33 74661.23 2006.5100000000002 17.63283395767212 6
1 -1 4 645.49 458.71 -1 656.3500000000001 1 81 656.3500000000001 53597.189999999995 2006.5100000000002 19.28518581390381 6
0 -1 5 600.17 440.19 -4 6757.210000000001 13 96 510.68 71130.60000000003 1972.23 29.093394994735718 6
1 -1 5 610.37 533.64 -4 591.6500000000001 1 81 591.6500000000001 50623.34000000003 1972.23 28.9216411113739 6
0 -1 6 679.96 462.86 -2 8155.839999999999 13 96 617.26 81587.64999999997 2314.64 41.34260392189026 6
1 -1 6 657.25 476.90999999999997 -1 612.76 1 81 612.76 54462.68000000001 2301.14 38.260215044021606 6
0 -1 7 662.6 324.40000000000003 -4 11339.81 13 96 858.92 86289.22999999997 2901.16 14.385705947875977 6
1 -1 7 560.02 413.12 -4 1112.0299999999995 1 81 1112.0299999999995 47585.449999999975 2901.16 17.962682008743286 6
0 -1 8 604.37 278.89 -2 11177.28 13 96 839.2900000000001 80373.74999999991 2796.76 13.027657985687256 6
1 -1 8 534.84 375.51000000000005 -2 1034.300000000003 1 81 1034.300000000003 45390.38000000001 2796.76 32.07031226158142 6
random:7T:300
0 -1 0 96.49 0 -21 1629.3200000000004 11 94 116.16 12328.73 348.48 0.5718960762023926 7
1 -1 0 93.04 0 -26 129.43 1 81 129.43 7795.479999999999 348.48 0.5408120155334473 7
0 -1 1 95.58 0 -13 1389.04 11 94 118.31 11762.160000000007 354.93 0.4993479251861572 7
1 -1 1 97.71 0.0 -10 126.24 1 81 126.24 8167.060000000001 354.93 0.5048749446868896 7
0 -1 2 91.32 0 -12 1316.45 11 94 110.99 11217.370000000003 332.96999999999997 11.017611742019653 7
1 -1 2 85.4 0.0 -10 126.24 1 81 126.24 7170.119999999999 332.96999999999997 12.591005325317383 7
0 -1 3 69.11 0.0 -23 0.0 11 94 0.0 6496.220000000003 0.0 0.020277023315429688 7
1 -1 3 73.05 0.0 -16 0.0 1 81 0.0 5916.990000000002 0.0 0.014098167419433594 7
0 -1 4 95.58 0 -13 1389.04 11 94 118.31 11762.160000000007 354.93 0.5173821449279785 7
1 -1 4 97.71 0.0 -10 126.24 1 81 126.24 8167.060000000001 354.93 0.5240859985351562 7
0 -1 5 68.44 0 -22 782.8199999999999 11 94 23.85 7999.4500000000035 71.55000000000001 8.13973593711853 7
1 -1 5 75.92 0 -20 86.53 1 81 86.53 6322.870000000002 71.55000000000001 7.691150903701782 7
0 -1 6 94.2 0 -27 1378.3600000000004 11 94 116.16 11611.8 348.48 11.24306583404541 7
1 -1 6 91.96 0 -19 129.43 1 81 129.43 7707.94 348.48 12.686508178710938 7
0 -1 7 94.2 0 -27 1378.3600000000004 11 94 116.16 11611.8 348.48 4.616360187530518 7
1 -1 7 91.96 0 -19 129.43 1 81 129.43 7707.94 348.48 4.947680950164795 7
0 -1 8 91.32 0 -12 1316.45 11 94 110.99 11217.370000000003 332.96999999999997 4.469559907913208 7
1 -1 8 85.4 0.0 -10 126.24 1 81 126.24 7170.119999999999 332.96999999999997 4.39549708366394 7
random:7T:600
0 -1 0 274.95 0 -1 3932.91 11 94 275.15 33710.77000000002 825.4499999999999 2.095806121826172 7
1 -1 0 292.43 0 -3 281.18 1 81 281.18 24249.280000000017 825.4499999999999 2.0190632343292236 7
0 -1 1 252.62 150.61000000000007 -2 2015.43 11 94 181.45 27776.999999999985 694.96 13.177765846252441 7
1 -1 1 269.16 201.18 -2 280.75 1 81 280.75 22363.119999999984 694.96 4.679964303970337 7
0 -1 2 248.7 188.95999999999998 -1 2490.1299999999997 11 94 216.58999999999997 28358.11000000001 838.73 23.203085899353027 7
1 -1 2 248.48 192.42 -2 244.82999999999998 1 81 244.82999999999998 20616.270000000004 838.73 20.55383801460266 7
0 -1 3 245.48 36.33 -1 1508.3799999999999 11 94 129.39 26091.829999999984 424.49999999999994 0.022379159927368164 7
1 -1 3 233.62 0.0 -2 86.72 1 81 86.72 19097.030000000006 260.15999999999997 0.013733863830566406 7
0 -1 4 252.62 150.61000000000007 -2 2015.43 11 94 181.45 27776.999999999985 694.96 12.168554067611694 7
1 -1 4 269.16 201.18 -2 280.75 1 81 280.75 22363.119999999984 694.96 3.858894109725952 7
0 -1 5 207.1 33.41000000000001 -1 1880.7000000000003 11 94 160.45999999999998 23228.770000000004 514.79 20.731201171875 7
1 -1 5 222.59 79.83000000000001 -1 174.39 1 81 174.39 18378.470000000012 514.79 25.197962999343872 7
0 -1 6 255.95 148.41000000000003 -1 2013.09 11 94 180.97 28085.400000000012 691.3199999999999 26.331954956054688 7
1 -1 6 266.18 152.21 -1 183.92 1 81 183.92 21928.170000000002 691.3199999999999 25.478014945983887 7
0 -1 7 272.62 97.0 -2 3043.88 11 94 273.1700000000001 31714.32000000002 916.5100000000002 9.846994161605835 7
1 -1 7 268.17 135.87 -1 306.8400000000002 1 81 306.8400000000002 22335.290000000005 916.5100000000002 8.506407976150513 7
0 -1 8 258.5 159.04 -1 3246.6399999999994 11 94 293.56 30791.829999999994 1039.72 8.599623918533325 7
1 -1 8 239.7 164.09 -1 348.38000000000017 1 81 348.38000000000017 20112.3 1039.72 14.270796775817871 7
random:7T:900
0 -1 0 468.29 0 -1 6396.3 11 94 479.2 56811.46000000002 1437.6 1.9870150089263916 7
1 -1 0 499.63 124.45 -2 489.39 1 81 489.39 41448.950000000004 1437.6 1.911834955215454 7
0 -1 1 408.76 309.7600000000003 -2 3786.25 11 94 339.34000000000003 45995.51999999999 1327.7800000000004 26.24328088760376 7
1 -1 1 417.83 360.06 -1 437.75 1 81 437.75 34720.02000000001 1327.7800000000004 12.43454384803772 7
0 -1 2 402.1 333.13 -2 3737.58 11 94 333.21000000000004 45272.80999999998 1332.7600000000002 30.07081174850464 7
1 -1 2 400.89 334.19 -2 339.28999999999996 1 81 339.28999999999996 33150.28 1332.7600000000002 29.278522968292236 7
0 -1 3 408.63 183.91 -2 2045.63 11 94 183.91 42502.459999999985 837.8 0.0325770378112793 7
1 -1 3 416.21 174.42999999999998 -1 174.42999999999998 1 81 174.42999999999998 34062.2 760.46 0.023988962173461914 7
0 -1 4 408.76 309.7600000000003 -2 3786.25 11 94 339.34000000000003 45995.51999999999 1327.7800000000004 24.254565238952637 7
1 -1 4 417.87 360.06 -1 437.75 1 81 437.75 34722.86000000001 1327.7800000000004 11.79010009765625 7
0 -1 5 361.15 247.6 -3 3545.19 11 94 315.5 41038.409999999996 1194.1 24.303390979766846 7
1 -1 5 370.98 313.88 -1 332.05 1 81 332.05 30713.09 1194.1 27.572688817977905 7
0 -1 6 422.42 341.61 -1 3776.53 11 94 341.61 47260.30999999999 1367.08 30.048850059509277 7
1 -1 6 413.15 345.71 -1 346.39 1 81 346.39 34157.94999999999 1367.08 30.129698991775513 7
0 -1 7 430.04 180.9 -1 5933.99 11 94 537.4399999999999 52291.56999999998 1793.2199999999998 13.532970905303955 7
1 -1 7 389.58 219.65 -2 600.9100000000009 1 81 600.9100000000009 32757.820000000007 1793.2199999999998 16.853129863739014 7
0 -1 8 405.82 222.55 -1 6188.09 11 94 560.11 50523.72000000005 1902.8799999999999 12.694484233856201 7
1 -1 8 343.75 225.32 -1 646.3800000000019 1 81 646.3800000000019 29136.480000000025 1902.8799999999999 23.304224014282227 7
random:7T:1200
0 -1 0 656.0 45.69 -1 8536.89 11 94 662.95 78737.35000000002 2034.5400000000002 2.237405300140381 7
1 -1 0 706.93 203.58 -2 659.41 1 81 659.41 58580.05 2023.92 2.0416650772094727 7
0 -1 1 535.78 415.42 -1 5430.360000000001 11 94 487.21000000000004 61223.840000000026 1877.0500000000002 13.490998983383179 7
1 -1 1 541.6 425.46999999999997 -1 558.1099999999999 1 81 558.1099999999999 44986.04000000001 1877.0500000000002 16.597079038619995 7
0 -1 2 538.19 412.44 -1 5423.52 11 94 478.79999999999995 61437.05000000001 1848.84 31.539697885513306 7
1 -1 2 533.47 421.41 -1 494.4 1 81 494.4 44199.48999999998 1848.84 29.764525890350342 7
0 -1 3 608.3 330.94 -2 3707.8199999999997 11 94 330.94 64595.52 1497.81 0.03281521797180176 7
1 -1 3 573.15 224.07 -1 224.07 1 81 224.07 46873.420000000006 1107.0500000000002 0.027324199676513672 7
0 -1 4 534.65 415.42 -1 5430.36 11 94 487.21999999999997 61117.61000000002 1877.08 13.468579053878784 7
1 -1 4 530.91 425.46999999999997 -1 554.05 1 81 554.05 44111.950000000004 1877.08 17.178148984909058 7
0 -1 5 505.12 375.83000000000004 -1 5245.710000000001 11 94 469.89 57973.02 1785.5 27.272079944610596 7
1 -1 5 500.35 385.55 -1 473.64 1 81 473.64 41475.37000000002 1785.5 26.270739316940308 7
0 -1 6 557.46 421.44 -1 5276.8099999999995 11 94 473.35 62954.98 1841.4900000000002 31.608994007110596 7
1 -1 6 529.29 409.68 -1 455.68 1 81 455.68 43783.820000000014 1776.72 29.49282693862915 7
0 -1 7 556.33 270.57 -6 8681.32 11 94 786.3400000000001 69657.21000000006 2629.5900000000006 14.588833093643188 7
1 -1 7 482.96 321.66 -2 875.2900000000013 1 81 875.2900000000013 40870.66000000001 2629.5900000000006 19.37973380088806 7
0 -1 8 528.0 267.77 -4 8861.400000000001 11 94 801.3000000000001 67354.60000000005 2671.67 16.113309144973755 7
1 -1 8 447.63 278.71 -1 826.2500000000017 1 81 826.2500000000017 37910.88000000003 2671.67 24.05421495437622 7
random:7T:1500
0 -1 0 838.42 250.6 -1 11300.390000000001 11 94 882.4699999999999 101412.06000000003 2898.0099999999998 2.795269012451172 7
1 -1 0 911.03 246.98 -2 868.1099999999999 1 81 868.1099999999999 75529.53000000001 2851.31 2.4224231243133545 7
0 -1 1 651.29 456.12 -2 6767.820000000001 11 94 612.85 74757.21 2294.67 18.49651575088501 7
1 -1 1 663.88 493.33 -1 680.88 1 81 680.88 55135.729999999974 2294.67 20.420427083969116 7
0 -1 2 684.3 507.96 -2 7008.3099999999995 11 94 631.5699999999999 78340.67000000003 2402.6699999999996 34.61249923706055 7
1 -1 2 652.36 468.81 -1 652.0799999999999 1 81 652.0799999999999 54145.15000000003 2363.52 29.28577995300293 7
0 -1 3 770.52 374.98999999999995 -2 4365.91 11 94 374.98999999999995 81160.73999999998 1868.4499999999998 0.02808403968811035 7
1 -1 3 770.52 354.96999999999997 -1 354.96999999999997 1 81 354.96999999999997 63122.40000000001 1731.9099999999999 0.02410411834716797 7
0 -1 4 645.74 453.38 -1 6742.159999999999 11 94 610.27 74183.40999999996 2284.19 14.945430040359497 7
1 -1 4 657.07 468.81 -1 680.8 1 81 680.8 54584.07 2284.19 17.948218822479248 7
0 -1 5 634.18 468.34999999999997 -1 6079.65 11 94 519.0400000000001 71772.24999999997 2025.4700000000003 26.1702561378479 7
1 -1 5 614.35 466.65 -1 590.13 1 81 590.13 50942.28999999998 2023.7700000000004 24.171321868896484 7
0 -1 6 708.62 471.42 -2 7066.730000000001 11 94 637.47 80744.00000000001 2383.83 35.279757022857666 7
1 -1 6 674.55 526.39 -1 622.14 1 81 622.14 55883.19 2337.84 28.591034173965454 7
0 -1 7 671.88 390.52 -2 11299.559999999998 11 94 1025.1799999999998 85756.23999999998 3466.0599999999995 14.313029289245605 7
1 -1 7 556.53 394.36 -2 1172.8300000000029 1 81 1172.8300000000029 47424.899999999994 3466.0599999999995 24.978925704956055 7
0 -1 8 651.22 364.52 -3 10989.110000000004 11 94 997.0100000000001 83192.72999999995 3355.55 15.015285015106201 7
1 -1 8 550.4 419.9 -2 1128.8100000000038 1 81 1128.8100000000038 46840.42000000001 3355.55 30.236783027648926 7
random:8T:300
0 -1 0 88.29 0 -26 264.33 2 82 127.88 7768.720000000003 383.64 0.6101303100585938 8
1 -1 0 93.08 0 -40 1964.3200000000002 10 93 180.48000000000002 12584.940000000004 383.64 0.6686921119689941 8
0 -1 1 80.54 0 -15 25.42 2 82 0.0 6654.840000000005 0.0 0.5692300796508789 8
1 -1 1 95.06 0 -13 1341.6400000000003 10 93 128.66 11523.940000000004 0.0 0.5379428863525391 8
0 -1 2 75.58 0 -15 19.96 2 82 0.0 6237.530000000003 0.0 9.879077196121216 8
1 -1 2 84.96 0 -14 677.28 10 93 56.63 9255.96 0.0 10.693438291549683 8
0 -1 3 76.12 0.0 -15 0.0 2 82 0.0 6242.17 0.0 0.01596212387084961 8
1 -1 3 74.53 0.0 -22 0.0 10 93 0.0 6931.280000000002 0.0 0.023123979568481445 8
0 -1 4 80.54 0 -15 25.42 2 82 0.0 6654.840000000005 0.0 0.5262010097503662 8
1 -1 4 95.06 0 -13 1341.6400000000003 10 93 128.66 11523.940000000004 0.0 0.5465359687805176 8
0 -1 5 70.41 0 -19 74.01 2 82 0.0 5921.240000000001 0.0 5.712559938430786 8
1 -1 5 71.42 0 -26 677.76 10 93 7.24 7997.770000000001 0.0 4.682467937469482 8
0 -1 6 87.4 0 -20 261.01 2 82 127.88 7688.630000000003 383.64 7.076486825942993 8
1 -1 6 92.3 0 -16 1458.3199999999997 10 93 141.27 11500.350000000004 383.64 7.661561012268066 8
0 -1 7 87.4 0 -20 261.01 2 82 127.88 7688.630000000003 383.64 2.375288248062134 8
1 -1 7 92.3 0 -16 1458.3199999999997 10 93 141.27 11500.350000000004 383.64 2.7535879611968994 8
0 -1 8 75.58 0 -15 19.96 2 82 0.0 6237.530000000003 0.0 2.0307400226593018 8
1 -1 8 84.96 0 -14 677.28 10 93 56.63 9255.96 0.0 2.3643810749053955 8
random:8T:600
0 -1 0 250.68 0 -5 572.0799999999999 2 82 284.39 21700.00000000001 853.17 0.6570050716400146 8
1 -1 0 257.67 0 -6 3711.5199999999995 10 93 352.87999999999994 31386.320000000018 853.17 0.7557439804077148 8
0 -1 1 243.25 167.74999999999983 -3 381.57000000000005 2 82 174.97000000000003 20709.37999999999 692.6599999999999 8.050809860229492 8
1 -1 1 243.52 173.82 -4 1849.7399999999998 10 93 183.75 26346.51 692.6599999999999 1.7058079242706299 8
0 -1 2 225.64 138.5200000000001 -2 318.65 2 82 159.06 19139.94999999999 615.7 17.928691864013672 8
1 -1 2 228.24 152.48 -1 1702.08 10 93 167.74 24630.249999999993 615.7 11.671947002410889 8
0 -1 3 253.78 34.34 -1 182.64 2 82 85.53 21175.190000000006 290.93000000000006 0.015431880950927734 8
1 -1 3 248.36 0.0 -1 1064.64 10 93 96.2 25227.030000000006 256.59000000000003 0.021188020706176758 8
0 -1 4 243.25 167.74999999999983 -3 381.57000000000005 2 82 174.97000000000003 20709.37999999999 692.6599999999999 7.994470834732056 8
1 -1 4 243.52 173.82 -4 1849.7399999999998 10 93 183.75 26346.51 692.6599999999999 1.694667100906372 8
0 -1 5 216.49 108.05999999999996 -1 298.69 2 82 127.09 18349.569999999996 489.3299999999999 19.808922052383423 8
1 -1 5 198.9 25.51 -1 1702.18 10 93 156.76 21901.810000000027 406.78 13.053990840911865 8
0 -1 6 243.97 136.2 -1 368.33000000000004 2 82 183.58 20742.03999999999 686.94 13.769588947296143 8
1 -1 6 244.99 140.95 -1 1875.6999999999996 10 93 186.56 26535.06 686.94 16.450737237930298 8
0 -1 7 248.87 97.76 -2 586.73 2 82 292.46000000000004 21581.109999999986 975.1400000000001 4.9157609939575195 8
1 -1 7 262.85 134.76 -1 2835.2 10 93 279.57 30115.640000000007 936.47 5.631184816360474 8
0 -1 8 226.72 117.4 -2 395.6799999999999 2 82 183.53999999999988 19382.77999999999 668.0199999999996 6.422577142715454 8
1 -1 8 238.9 128.9 -1 2397.5 10 93 237.95999999999992 27013.11999999999 668.0199999999996 5.755544185638428 8
random:8T:900
0 -1 0 449.61 49.84 -1 911.1599999999999 2 82 449.66999999999996 38690.20000000002 1398.8499999999997 1.1666369438171387 8
1 -1 0 453.65 0 -3 6112.02 10 93 585.83 54413.58000000001 1349.0099999999998 1.3330469131469727 8
0 -1 1 395.54 319.86 -1 735.42 2 82 349.93999999999994 33905.33 1369.6799999999998 12.903712034225464 8
1 -1 1 410.45 320.55 -1 3463.2400000000007 10 93 342.22 45098.51000000002 1346.52 7.715355157852173 8
0 -1 2 377.4 284.52000000000004 -2 618.55 2 82 305.75 32183.609999999993 1201.77 19.675118923187256 8
1 -1 2 382.61 267.43000000000006 -2 3235.2999999999997 10 93 317.37 42053.67 1184.68 20.671661853790283 8
0 -1 3 430.2 174.16 -1 350.9 2 82 174.16 35978.00999999999 807.07 0.0204770565032959 8
1 -1 3 404.81 176.54000000000002 -2 1788.1999999999998 10 93 176.54000000000002 41223.99 775.77 0.02055811882019043 8
0 -1 4 395.8 312.15 -1 735.52 2 82 351.52 33926.27999999999 1366.71 19.23901104927063 8
1 -1 4 408.43 325.88000000000005 -1 3463.26 10 93 342.22 44910.77000000003 1338.81 8.131141901016235 8
0 -1 5 364.84 273.19 -2 623.5 2 82 295.40999999999997 31163.680000000004 1159.4199999999998 17.43644905090332 8
1 -1 5 329.89 216.76 -2 2912.9199999999996 10 93 262.26 36505.95999999998 1003.54 14.99717092514038 8
0 -1 6 398.47 313.41999999999996 -2 692.28 2 82 345.49 34058.71 1349.8899999999999 18.572194814682007 8
1 -1 6 423.76 350.92999999999995 -2 3527.9399999999996 10 93 350.92999999999995 46465.18999999999 1349.8899999999999 24.113224983215332 8
0 -1 7 372.53 195.69 -1 1140.1900000000003 2 82 569.8300000000002 32828.229999999996 1905.1800000000005 7.55410099029541 8
1 -1 7 417.08 211.7 -4 5506.840000000001 10 93 547.97 49801.919999999984 1839.6000000000001 9.400350093841553 8
0 -1 8 340.85 199.71 -2 958.3200000000008 2 82 477.0200000000007 29866.330000000016 1630.7700000000023 12.121201038360596 8
1 -1 8 379.76 206.02 -1 5108.119999999999 10 93 509.94000000000005 45534.02999999997 1630.7700000000023 8.5625581741333 8
random:8T:1200
0 -1 0 653.06 252.87 -1 1296.61 2 82 627.06 56144.460000000014 2134.0499999999997 1.6063950061798096 8
1 -1 0 632.95 0 -2 8275.84 10 93 793.01 75416.33 1881.1799999999998 1.8084001541137695 8
0 -1 1 517.21 411.39 -1 915.4000000000001 2 82 453.65000000000003 44241.83000000001 1772.3400000000001 11.438682079315186 8
1 -1 1 545.35 405.45 -1 4884.6 10 93 480.81 60487.060000000056 1766.4 12.542961835861206 8
0 -1 2 508.59 413.15999999999997 -1 951.34 2 82 462.61 43607.46000000002 1800.9899999999998 21.8595609664917 8
1 -1 2 539.18 407.16 -1 4793.12 10 93 474.42 59729.81 1794.99 29.189401865005493 8
0 -1 3 633.12 293.63 -1 596.74 2 82 293.63 53109.32000000002 1381.77 0.02553391456604004 8
1 -1 3 575.21 248.85 -2 2630.62 10 93 248.85 58756.18999999997 1193.32 0.023468971252441406 8
0 -1 4 512.21 396.75 -1 922.98 2 82 449.38 43847.14000000002 1744.8899999999999 12.09950590133667 8
1 -1 4 540.88 405.45 -1 4876.259999999999 10 93 479.86 60054.709999999985 1744.8899999999999 13.151200771331787 8
0 -1 5 494.68 396.01 -2 893.43 2 82 417.35 42350.869999999995 1648.0600000000002 20.008852005004883 8
1 -1 5 470.12 362.92999999999995 -2 3784.2999999999997 10 93 364.1 51289.77000000001 1455.23 20.54458475112915 8
0 -1 6 540.82 420.77000000000004 -1 980.52 2 82 488.78000000000003 46308.58 1887.1100000000001 24.48036527633667 8
1 -1 6 561.05 420.98 -2 4912.42 10 93 488.65999999999997 62002.74999999999 1886.75 25.794780015945435 8
0 -1 7 469.92 269.52 -4 1615.1600000000003 2 82 804.9200000000001 41763.82999999999 2684.28 8.095002889633179 8
1 -1 7 537.06 258.87 -2 7904.360000000001 10 93 776.23 65755.47 2587.56 10.66051197052002 8
0 -1 8 420.89 255.64 -2 1526.9900000000011 2 82 763.210000000001 37566.780000000006 2545.2700000000027 15.581201791763306 8
1 -1 8 492.63 255.25 -2 7694.399999999998 10 93 767.66 61203.78 2544.880000000003 11.373559951782227 8
random:8T:1500
0 -1 0 862.04 364.23 -1 1690.68 2 82 819.3000000000001 74068.25000000004 2822.13 1.8840372562408447 8
1 -1 0 812.48 0 -2 10553.279999999999 10 93 1006.7300000000001 96667.62 2457.9 2.117047071456909 8
0 -1 1 620.08 451.17999999999995 -1 1218.9899999999998 2 82 594.68 53284.69000000002 2235.22 13.11298680305481 8
1 -1 1 659.54 450.77 -1 6402.04 10 93 633.4 74141.51000000005 2234.81 14.185261011123657 8
0 -1 2 640.89 470.35 -1 1195.33 2 82 578.78 54943.90000000002 2206.69 28.190473079681396 8
1 -1 2 667.25 550.25 -2 6329.799999999999 10 93 628.81 74713.67 2206.69 28.49475598335266 8
0 -1 3 806.21 366.21 -1 734.53 2 82 366.21 67578.49999999997 1839.9799999999998 0.026096820831298828 8
1 -1 3 748.59 360.09000000000003 -2 3632.4800000000005 10 93 360.09000000000003 76883.71999999999 1769.09 0.022869110107421875 8
0 -1 4 631.07 459.71000000000004 -1 1218.87 2 82 587.71 54185.59000000003 2222.84 16.330770015716553 8
1 -1 4 645.16 447.90999999999997 -1 6149.879999999999 10 93 595.96 72299.56000000006 2211.04 14.94020676612854 8
0 -1 5 618.82 528.83 -4 1145.39 2 82 572.69 53033.98 2246.9 23.724764823913574 8
1 -1 5 598.24 458.97000000000014 -4 5260.180000000001 10 93 512.01 66156.77 1995.0 24.025417804718018 8
0 -1 6 649.94 470.88 -2 1274.01 2 82 636.48 55842.84999999999 2380.32 28.51113510131836 8
1 -1 6 678.94 476.96999999999997 -1 6313.960000000001 10 93 629.18 75769.00000000003 2358.42 29.748281002044678 8
0 -1 7 570.4 387.49 -2 2067.34 2 82 1033.0000000000002 50907.669999999984 3486.4900000000007 11.347012042999268 8
1 -1 7 657.37 387.43999999999994 -4 10240.499999999998 10 93 1021.8799999999999 81616.43000000004 3453.0799999999995 14.283377170562744 8
0 -1 8 523.06 323.61999999999995 -2 1827.320000000001 2 82 907.6500000000001 46545.31000000001 3046.57 17.2939510345459 8
1 -1 8 586.29 282.23 -2 8936.82 10 93 867.0999999999999 72398.37999999998 2883.5299999999997 11.895030975341797 8
random:9T:300
0 -1 0 105.87 0 -16 2116.75 14 99 44.59 14714.83 133.77 0.4542882442474365 9
1 -1 0 102.37 0 -4 302.90999999999997 3 81 85.68 8897.490000000003 133.77 0.351917028427124 9
0 -1 1 102.23 0.0 -6 1420.9799999999998 14 99 0.0 12962.8 0.0 0.3358330726623535 9
1 -1 1 94.93 0.0 -8 254.78 3 81 57.84 8198.93 0.0 0.30025720596313477 9
0 -1 2 88.16 0.0 -10 761.1999999999999 14 99 0.0 10250.029999999997 0.0 5.729481935501099 9
1 -1 2 87.64 0.0 -7 114.2 3 81 0.0 7327.060000000002 0.0 5.187864065170288 9
0 -1 3 89.33 0.0 -22 80.44 14 99 0.0 9004.140000000001 0.0 0.016594886779785156 9
1 -1 3 94.37 0.0 -11 129.95 3 81 0.0 7904.160000000002 0.0 0.01240396499633789 9
0 -1 4 102.23 0.0 -6 1420.9799999999998 14 99 0.0 12962.8 0.0 0.32051920890808105 9
1 -1 4 94.93 0.0 -8 254.78 3 81 57.84 8198.93 0.0 0.2862229347229004 9
0 -1 5 83.7 0.0 -13 638.11 14 99 0.0 9562.8 0.0 5.736187934875488 9
1 -1 5 77.62 0.0 -13 41.53 3 81 0.0 6370.409999999997 0.0 3.733865976333618 9
0 -1 6 104.09 0.0 -16 1790.7 14 99 64.92 13885.830000000004 194.76 7.43518590927124 9
1 -1 6 102.36 0.0 -3 302.90999999999997 3 81 85.68 8897.240000000003 194.76 6.835314989089966 9
0 -1 7 104.09 0.0 -16 1790.7 14 99 64.92 13885.830000000004 194.76 2.7082009315490723 9
1 -1 7 102.36 0.0 -3 302.90999999999997 3 81 85.68 8897.240000000003 194.76 2.384136199951172 9
0 -1 8 88.16 0.0 -10 761.1999999999999 14 99 0.0 10250.029999999997 0.0 2.279849052429199 9
1 -1 8 87.64 0.0 -7 114.2 3 81 0.0 7327.060000000002 0.0 1.8739290237426758 9
random:9T:600
0 -1 0 286.4 0 -1 4698.169999999999 14 99 165.06 37750.219999999994 495.18 0.94954514503479 9
1 -1 0 297.02 0 -1 869.0999999999999 3 81 276.35 25796.53999999999 495.18 0.7536780834197998 9
0 -1 1 258.87 183.10999999999996 -3 2967.7399999999993 14 99 186.68 31564.02999999999 743.1499999999999 5.313117980957031 9
1 -1 1 240.34 166.96000000000004 -3 522.0899999999999 3 81 168.01 20511.34999999999 670.99 19.714983224868774 9
0 -1 2 236.93 163.31 -1 2377.47 14 99 163.31 28211.12 654.84 14.195712089538574 9
1 -1 2 240.24 189.3 -3 634.05 3 81 207.56 20727.64 654.84 8.726891040802002 9
0 -1 3 278.24 97.6 -1 2027.8199999999997 14 99 97.6 31600.94000000001 393.49999999999994 0.018674135208129883 9
1 -1 3 286.14 90.32 -1 488.44 3 81 149.23999999999998 24154.390000000003 383.11999999999995 0.021831274032592773 9
0 -1 4 258.87 183.10999999999996 -3 2967.7399999999993 14 99 186.68 31564.02999999999 743.1499999999999 4.763963222503662 9
1 -1 4 240.34 166.96000000000004 -3 522.0899999999999 3 81 168.01 20511.34999999999 670.99 18.953789234161377 9
0 -1 5 236.0 165.09 -1 2410.6299999999997 14 99 165.42 28185.039999999997 661.35 11.98241376876831 9
1 -1 5 224.31 160.73999999999998 -1 554.39 3 81 161.94 19277.539999999994 646.56 9.55338716506958 9
0 -1 6 253.32 169.48999999999998 -1 2570.1999999999994 14 99 169.57999999999998 30219.130000000005 678.2299999999999 12.390765905380249 9
1 -1 6 269.89 202.53 -3 790.8599999999999 3 81 256.76 23442.67999999999 678.2299999999999 12.113903045654297 9
0 -1 7 268.1 118.93 -1 3546.62 14 99 246.57999999999998 33635.08 858.6700000000001 5.152853012084961 9
1 -1 7 265.01 188.41 -6 901.9300000000001 3 81 299.53000000000003 23269.379999999994 858.6700000000001 3.761807918548584 9
0 -1 8 236.6 151.77 -3 2419.6099999999997 14 99 165.4 28262.580000000005 647.97 5.173085927963257 9
1 -1 8 239.46 160.36 -3 759.4199999999996 3 81 243.86999999999972 20914.969999999998 647.97 4.9653613567352295 9
random:9T:900
0 -1 0 472.1 146.2 -1 7456.72 14 99 305.24 61650.95999999999 1061.92 1.3724489212036133 9
1 -1 0 487.57 36.03 -1 1438.6100000000001 3 81 470.52 42370.15 951.75 1.128411054611206 9
0 -1 1 414.29 322.58 -6 4906.1500000000015 14 99 322.73 50826.890000000014 1290.77 7.7237958908081055 9
1 -1 1 390.8 312.69000000000057 -3 1036.98 3 81 315.97 33728.549999999996 1260.6000000000006 15.394744873046875 9
0 -1 2 393.36 300.31 -3 4532.65 14 99 301.53999999999996 48007.950000000026 1204.9299999999998 16.234818935394287 9
1 -1 2 387.08 323.46 -3 1045.58 3 81 334.77000000000004 33444.49 1204.9299999999998 13.079176902770996 9
0 -1 3 455.58 176.85 -1 3343.3599999999997 14 99 176.85 51789.389999999956 864.31 0.025915861129760742 9
1 -1 3 474.01 248.20999999999998 -1 853.3499999999999 3 81 248.20999999999998 40101.82 856.6099999999999 0.01812887191772461 9
0 -1 4 414.29 322.58 -6 4906.1500000000015 14 99 322.73 50826.890000000014 1290.77 8.350419044494629 9
1 -1 4 390.8 312.69000000000057 -3 1036.98 3 81 315.97 33728.549999999996 1260.6000000000006 16.06340479850769 9
0 -1 5 395.3 303.53 -3 4502.719999999999 14 99 311.33000000000004 48139.85999999999 1237.52 16.303411960601807 9
1 -1 5 373.81 304.49 -3 988.95 3 81 313.02 32256.230000000025 1237.52 11.413535833358765 9
0 -1 6 414.9 298.02 -6 4795.85 14 99 305.95 50667.19 1215.87 17.314949989318848 9
1 -1 6 440.72 352.05 -1 1265.37 3 81 410.17999999999995 38229.23999999999 1215.87 16.640438079833984 9
0 -1 7 429.01 195.19 -1 6409.48 14 99 448.44 55290.780000000006 1540.51 6.745406150817871 9
1 -1 7 399.28 238.66 -6 1661.86 3 81 552.78 35665.76 1540.51 5.336990118026733 9
0 -1 8 383.58 218.56 -3 5595.38 14 99 392.07 49165.21 1394.77 5.698990106582642 9
1 -1 8 349.15 223.28 -3 1562.5900000000001 3 81 516.5800000000002 31406.56 1394.77 5.596674919128418 9
random:9T:1200
0 -1 0 657.59 234.18 -1 10131.370000000003 14 99 367.45000000000005 85364.34 1336.5300000000002 1.75382399559021 9
1 -1 0 685.63 155.08 -1 2014.12 3 81 648.29 59564.46000000001 1257.43 1.48826003074646 9
0 -1 1 561.03 409.07 -1 6910.58 14 99 455.90000000000003 69362.67999999998 1776.77 12.203593969345093 9
1 -1 1 527.56 437.48 -1 1421.2800000000002 3 81 448.8 45574.99000000002 1755.47 7.424530982971191 9
0 -1 2 546.91 430.0300000000001 -3 6646.820000000001 14 99 452.08000000000004 67437.87000000001 1786.2700000000004 20.77567172050476 9
1 -1 2 529.01 456.15000000000003 -3 1519.0700000000002 3 81 491.42 45887.899999999965 1786.2700000000004 18.786615133285522 9
0 -1 3 643.9 320.95000000000005 -1 4894.420000000002 14 99 320.95000000000005 73534.59 1542.5200000000002 0.029518842697143555 9
1 -1 3 670.6 352.57 -1 1093.73 3 81 352.57 56506.35000000002 1534.0400000000002 0.02827310562133789 9
0 -1 4 561.03 409.07 -1 6910.58 14 99 455.90000000000003 69362.67999999998 1776.77 12.888002872467041 9
1 -1 4 527.56 437.48 -1 1421.2800000000002 3 81 448.8 45574.99000000002 1755.47 7.334214925765991 9
0 -1 5 548.61 430.0800000000001 -3 6570.0 14 99 434.19 67452.50000000003 1732.65 20.67164897918701 9
1 -1 5 516.31 437.65000000000003 -3 1368.6799999999998 3 81 440.35 44558.25999999999 1732.65 14.743695259094238 9
0 -1 6 563.24 397.63 -1 7008.550000000001 14 99 465.38 69777.91999999998 1793.77 21.292131662368774 9
1 -1 6 576.58 450.77 -1 1707.12 3 81 565.3499999999999 50116.819999999985 1793.77 17.837040185928345 9
0 -1 7 575.41 242.38 -1 9343.769999999999 14 99 655.5999999999999 75652.89999999998 2209.18 8.1683349609375 9
1 -1 7 510.3 268.38 -3 2429.8900000000003 3 81 808.4000000000003 46193.81999999999 2209.18 6.8399858474731445 9
0 -1 8 503.86 255.2 -3 8605.82 14 99 609.66 67094.20999999998 2084.18 7.106783866882324 9
1 -1 8 429.07 261.65 -3 2348.15 3 81 777.8800000000001 39450.94 2084.18 7.001647233963013 9
random:9T:1500
0 -1 0 837.3 282.21 -1 13052.01 14 99 517.84 108997.13999999998 1835.73 2.3153610229492188 9
1 -1 0 877.09 322.0 -1 2547.9700000000003 3 81 796.19 76140.06000000001 1835.73 1.742983102798462 9
0 -1 1 697.06 454.93 -1 8844.330000000002 14 99 593.0500000000002 86697.52000000003 2234.0800000000004 15.190845966339111 9
1 -1 1 665.94 465.47999999999996 -1 1890.53 3 81 607.1299999999999 57721.999999999985 2234.0800000000004 14.612559080123901 9
0 -1 2 699.9 559.8399999999999 -3 8733.81 14 99 566.33 86757.81999999999 2258.83 27.0317599773407 9
1 -1 2 663.64 586.52 -1 1920.54 3 81 632.22 57595.829999999994 2258.83 19.09426498413086 9
0 -1 3 836.47 397.45000000000005 -1 6658.310000000002 14 99 397.45000000000005 96126.70999999995 1985.19 0.043642282485961914 9
1 -1 3 871.32 485.65999999999997 -1 1521.5 3 81 485.65999999999997 73619.95000000004 1977.1100000000001 0.030784130096435547 9
0 -1 4 697.06 454.93 -1 8844.330000000002 14 99 593.0500000000002 86697.52000000003 2234.0800000000004 14.56495714187622 9
1 -1 4 665.94 465.47999999999996 -1 1890.53 3 81 607.1299999999999 57721.999999999985 2234.0800000000004 13.557180881500244 9
0 -1 5 686.72 536.39 -6 8494.28 14 99 569.63 84974.21000000004 2245.2799999999997 19.806233167648315 9
1 -1 5 655.63 565.6299999999998 -3 1837.0100000000002 3 81 596.97 56779.669999999984 2245.2799999999997 13.931635856628418 9
0 -1 6 678.41 443.63 -1 8167.549999999999 14 99 542.36 83497.89000000004 2070.71 20.137714862823486 9
1 -1 6 697.99 528.71 -1 1929.1999999999998 3 81 625.1999999999999 60395.8 2070.71 17.926189184188843 9
0 -1 7 706.77 285.49 -6 11909.529999999999 14 99 840.4799999999999 93789.28999999998 2806.9299999999994 8.462528944015503 9
1 -1 7 642.6 409.89 -3 3128.55 3 81 1041.8500000000001 58307.700000000026 2806.9299999999994 6.814815998077393 9
0 -1 8 609.47 275.29 -3 11585.390000000001 14 99 820.2500000000001 83507.93 2736.0400000000004 6.833591938018799 9
1 -1 8 539.26 359.85999999999996 -3 2777.17 3 81 923.1800000000003 49234.14999999999 2736.0400000000004 6.034565687179565 9
