random:1T:300
0 -1 7 88.84 0 -26 1104.02 10 88 0 10025.950000000006 0 2.532258987426758 1
1 -1 7 91.54 0 -12 113.44 2 87 42.63 8190.53 0 3.290938138961792 1
0 -1 8 71.83 0.0 -20 783.26 10 88 0.0 7887.160000000001 0.0 2.080399990081787 1
1 -1 8 76.35 0 -14 80.53 2 87 25.24 6803.410000000003 0.0 2.8459088802337646 1
random:1T:600
0 -1 7 254.21 101.67 -1 1744.3400000000001 10 88 128.84 25859.36 488.19 4.602205991744995 1
1 -1 7 260.06 155.57 -3 335.52 2 87 164.63 23296.67 488.19 5.819601058959961 1
0 -1 8 220.58 140.55000000000013 -4 1745.3600000000001 10 88 156.94 22902.119999999984 611.3700000000001 5.1848132610321045 1
1 -1 8 226.57 161.66 -1 387.62 2 87 167.44 20486.429999999993 611.3700000000001 4.640566110610962 1
random:1T:900
0 -1 7 420.86 340.88 -1 3676.46 10 88 357.75 44389.020000000004 1414.13 6.513203144073486 1
1 -1 7 406.8 327.38 -1 768.22 2 87 373.48 36928.130000000005 1400.63 7.108844995498657 1
0 -1 8 373.48 268.68 -4 3314.14 10 88 292.18 39494.24000000002 1145.22 6.503821134567261 1
1 -1 8 376.57 295.9600000000002 -2 620.1199999999999 2 87 302.40999999999997 34001.72999999998 1145.22 8.564117193222046 1
random:1T:1200
0 -1 7 560.78 418.39000000000004 -1 5216.999999999999 10 88 512.31 59782.93999999997 1955.32 8.880796909332275 1
1 -1 7 540.93 409.6 -1 959.68 2 87 469.72999999999996 48980.390000000014 1818.79 9.191803216934204 1
0 -1 8 516.9 401.02000000000004 -1 4766.66 10 88 416.70000000000005 55020.639999999985 1651.1200000000001 6.429301977157593 1
1 -1 8 531.53 449.84 -1 981.8199999999999 2 87 472.34 48206.649999999994 1651.1200000000001 8.549787998199463 1
random:1T:1500
0 -1 7 701.62 540.51 -1 6669.4 10 88 629.0699999999998 75081.62000000004 2427.7199999999993 9.83039903640747 1
1 -1 7 679.39 529.78 -1 1234.4799999999998 2 87 605.8199999999999 61575.61 2347.24 10.185855388641357 1
0 -1 8 630.38 443.31 -1 5507.620000000001 10 88 532.37 66489.01999999997 2040.42 7.266216039657593 1
1 -1 8 648.83 506.17999999999995 -1 1248.5900000000001 2 87 617.25 58945.330000000016 2040.42 8.958887100219727 1
