random:0T:300
0 -1 0 174.65 38.02 -1 1925.68 10 38 172.11 10488.149999999998 554.35 0.08944320678710938 0
1 -1 0 138.05 0 -6 226.65999999999997 2 52 65.27 7631.849999999998 195.81 0.1670389175415039 0
2 -1 0 125.6 0 -3 112.13 1 46 112.13 6001.729999999998 336.39 0.12179803848266602 0
3 -1 0 164.71 36.97 -1 168.4 1 41 168.4 7090.08 542.1700000000001 0.13288092613220215 0
0 -1 1 157.76 108.38999999999996 -1 1379.3600000000001 10 38 132.78 8753.650000000001 506.73 0.851844072341919 0
1 -1 1 135.67 64.21000000000002 -1 243.97 2 52 113.82 7542.770000000001 405.67 1.6617588996887207 0
2 -1 1 122.52 49.95000000000002 -1 106.65 1 46 106.65 5849.219999999998 369.9000000000001 0.9662573337554932 0
3 -1 1 145.45 95.7500000000001 -2 135.2 1 41 135.2 6234.009999999999 501.3500000000001 1.2886710166931152 0
0 -1 2 136.56 69.83 -1 1301.1200000000001 10 38 124.25 7791.36 442.58 0.5643298625946045 0
1 -1 2 122.55 49.40000000000002 -1 234.04 2 52 109.69 6840.939999999999 378.47 2.9391586780548096 0
2 -1 2 107.28 45.610000000000014 -1 58.54 1 46 58.54 5051.949999999998 221.23000000000002 2.105598211288452 0
3 -1 2 136.02 95.45000000000002 -1 136.07 1 41 136.07 5849.030000000002 503.65999999999997 2.239093065261841 0
0 -1 3 123.33 50.0 -1 766.1600000000001 10 38 63.04 6218.71 239.12 0.003760099411010742 0
1 -1 3 118.31 0.0 -3 178.72 2 52 79.57 6509.559999999998 238.70999999999998 0.006846904754638672 0
2 -1 3 107.87 0.0 -2 70.29 1 46 70.29 5102.530000000002 210.87 0.006155967712402344 0
3 -1 3 143.59 21.19 -1 111.16 1 41 111.16 6109.4800000000005 354.67 0.0034139156341552734 0
0 -1 4 157.76 108.38999999999996 -1 1379.3600000000001 10 38 132.78 8753.650000000001 506.73 0.851538896560669 0
1 -1 4 135.67 64.21000000000002 -1 243.97 2 52 113.82 7542.770000000001 405.67 1.628098964691162 0
2 -1 4 122.52 49.95000000000002 -1 106.65 1 46 106.65 5849.219999999998 369.9000000000001 1.015254020690918 0
3 -1 4 145.45 95.7500000000001 -2 135.2 1 41 135.2 6234.009999999999 501.3500000000001 1.2949938774108887 0
0 -1 5 129.99 36.66000000000001 -1 1253.7000000000003 10 38 93.04 7447.209999999999 315.78000000000003 0.6598830223083496 0
1 -1 5 118.03 25.130000000000003 -1 190.54000000000002 2 52 62.49 6518.539999999999 212.6 2.404352903366089 0
2 -1 5 107.3 45.69000000000002 -1 62.9 1 46 62.9 5061.399999999998 234.39000000000001 2.105163097381592 0
3 -1 5 130.35 71.04000000000002 -1 121.55 1 41 121.55 5587.509999999998 435.69 1.9839649200439453 0
0 -1 6 156.54 99.56999999999998 -1 1376.32 10 38 132.39 8701.11 496.73999999999995 1.1379070281982422 0
1 -1 6 135.07 39.460000000000015 -1 201.13 2 52 65.27 7426.099999999999 235.27 3.0845749378204346 0
2 -1 6 123.22 19.93 -1 100.71 1 46 100.71 5869.719999999999 322.06 1.8486318588256836 0
3 -1 6 151.87 107.72999999999996 -1 137.21 1 41 137.21 6500.969999999998 519.3599999999999 1.8869898319244385 0
0 -1 7 172.57 90.54 -1 1771.62 10 38 176.49999999999997 10100.930000000004 620.0399999999998 0.2298731803894043 0
1 -1 7 135.2 38.06 -1 206.59 2 52 70.72999999999999 7443.489999999999 250.24999999999997 0.7058818340301514 0
2 -1 7 123.22 19.93 -1 100.71 1 46 100.71 5869.719999999999 322.06 0.5334317684173584 0
3 -1 7 151.05 77.22 -3 197.38999999999982 1 41 197.38999999999982 6587.809999999998 669.3899999999994 0.7532429695129395 0
0 -1 8 144.67 59.9 -1 1540.1399999999999 10 38 153.54999999999998 8577.830000000002 520.55 0.18351387977600098 0
1 -1 8 123.53 47.18 -1 263.39 2 52 126.79 6950.159999999999 427.55 0.5669009685516357 0
2 -1 8 107.54 43.73 -1 66.03999999999998 1 46 66.03999999999998 5079.0099999999975 241.84999999999994 0.5461478233337402 0
3 -1 8 137.28 87.36 -1 178.87999999999985 1 41 178.87999999999985 5986.139999999999 623.9999999999995 0.5827419757843018 0
random:0T:600
0 -1 0 427.12 256.93 -1 4559.28 10 38 434.91 25349.019999999997 1561.66 0.199876070022583 0
1 -1 0 372.77 197.51 -1 608.52 2 52 232.91 20600.93 896.24 0.3147261142730713 0
2 -1 0 361.66 169.16 -1 336.25 1 46 336.25 17308.73 1177.91 0.23942089080810547 0
3 -1 0 416.22 246.44 -1 373.22 1 41 373.22 17811.510000000002 1366.1000000000001 0.2608802318572998 0
0 -1 1 397.89 351.30000000000007 -2 3653.22 10 38 356.87 22426.139999999992 1421.9100000000003 0.7195720672607422 0
1 -1 1 323.27 273.48 -2 605.37 2 52 282.55 18020.629999999997 1121.13 1.533121109008789 0
2 -1 1 314.1 270.84000000000003 -4 314.33 1 46 314.33 15077.059999999998 1213.83 1.134019136428833 0
3 -1 1 328.22 268.48999999999995 -2 278.99 1 41 278.99 14014.999999999996 1105.46 2.439310073852539 0
0 -1 2 372.37 329.44 -2 3328.7 10 38 329.44 20807.39 1317.8799999999999 1.0960381031036377 0
1 -1 2 295.54 230.27999999999997 -2 550.46 2 52 267.59 16469.250000000004 1033.05 3.7112667560577393 0
2 -1 2 284.19 238.8 -2 252.76999999999998 1 46 252.76999999999998 13578.079999999996 997.1099999999999 2.494454860687256 0
3 -1 2 322.67 273.45 -1 277.73 1 41 277.73 13784.940000000002 1106.64 2.5200209617614746 0
0 -1 3 348.69 240.94 -2 2501.8600000000006 10 38 240.94 18253.819999999996 1043.06 0.007877111434936523 0
1 -1 3 332.57 204.83999999999997 -1 435.99 2 52 204.83999999999997 18165.39 832.31 0.007016897201538086 0
2 -1 3 334.89 222.44 -1 222.44 1 46 222.44 15849.9 896.0 0.007337093353271484 0
3 -1 3 379.87 270.96 -1 270.96 1 41 270.96 16116.789999999997 1098.87 0.005554914474487305 0
0 -1 4 397.89 351.30000000000007 -2 3653.22 10 38 356.87 22426.139999999992 1421.9100000000003 0.7759630680084229 0
1 -1 4 317.53 269.93 -1 604.56 2 52 282.55 17720.719999999994 1117.5800000000002 1.6617419719696045 0
2 -1 4 313.46 267.81 -1 314.33 1 46 314.33 15047.979999999998 1210.8 1.2809031009674072 0
3 -1 4 324.58 268.6199999999999 -2 278.99 1 41 278.99 13865.569999999998 1105.59 2.279309034347534 0
0 -1 5 365.06 303.45 -1 3363.2000000000003 10 38 329.34999999999997 20598.76000000001 1291.5 0.9024617671966553 0
1 -1 5 298.3 231.10000000000002 -2 550.9 2 52 264.77 16613.18 1025.4099999999999 3.2272069454193115 0
2 -1 5 290.84 236.71999999999983 -2 263.96 1 46 263.96 13906.750000000005 1028.5999999999997 3.6849920749664307 0
3 -1 5 326.65 265.67999999999984 -2 298.51 1 41 298.51 13989.699999999999 1161.2099999999998 3.400580883026123 0
0 -1 6 405.53 358.49 -1 3732.4600000000005 10 38 360.61 22875.069999999996 1440.32 1.0687119960784912 0
1 -1 6 344.11 293.93 -1 615.4200000000001 2 52 295.22 19124.410000000003 1179.5900000000001 4.364470958709717 0
2 -1 6 326.88 287.4 -1 310.82 1 46 310.82 15658.300000000003 1219.8600000000001 3.013052225112915 0
3 -1 6 384.35 355.78 -1 383.79999999999995 1 41 383.79999999999995 16526.06 1507.1799999999998 3.6598849296569824 0
0 -1 7 406.89 275.19 -1 4476.699999999999 10 38 447.1699999999999 24415.25 1616.6999999999998 0.6530671119689941 0
1 -1 7 297.99 197.71 -2 731.46 2 52 360.5500000000001 16958.630000000012 1279.3600000000004 2.1365790367126465 0
2 -1 7 295.46 161.37 -2 385.6799999999998 1 46 385.6799999999998 14362.4 1318.4099999999994 1.318946123123169 0
3 -1 7 299.61 177.68 -3 495.39000000000107 1 41 495.39000000000107 13274.84000000001 1663.8500000000033 2.180598020553589 0
0 -1 8 363.63 168.17 -1 4252.54 10 38 423.89000000000004 22322.89 1439.8400000000001 0.4592099189758301 0
1 -1 8 277.63 170.51 -2 812.3600000000004 2 52 405.7200000000003 16061.630000000008 1387.670000000001 1.3980491161346436 0
2 -1 8 261.49 176.08 -2 364.04000000000025 1 46 364.04000000000025 12756.55 1268.2000000000007 2.5043821334838867 0
3 -1 8 281.3 187.64 -2 476.8800000000009 1 41 476.8800000000009 12486.980000000005 1618.2800000000025 1.944234848022461 0
random:0T:900
0 -1 0 669.95 443.22 -1 7179.5 10 38 695.45 39817.10999999999 2529.5700000000006 0.3695080280303955 0
1 -1 0 605.75 355.59999999999997 -1 1040.44 2 52 433.07000000000005 33579.93999999999 1654.81 0.5872790813446045 0
2 -1 0 604.52 361.8 -1 556.88 1 46 556.88 28921.56 2032.4399999999998 0.40630388259887695 0
3 -1 0 667.35 471.39 -1 585.6800000000001 1 41 585.6800000000001 28532.680000000004 2228.4300000000003 0.4513587951660156 0
0 -1 1 640.0 575.01 -1 5933.939999999999 10 38 583.52 36187.939999999995 2325.5699999999997 1.4977331161499023 0
1 -1 1 481.66 382.17 -1 965.8199999999999 2 52 472.98 26977.86000000001 1801.1100000000001 3.646207094192505 0
2 -1 1 469.0 387.0 -1 480.5 1 46 480.5 22534.79 1828.5 2.873502016067505 0
3 -1 1 484.08 396.70000000000005 -2 496.24 1 41 496.24 20839.73 1885.42 3.3541529178619385 0
0 -1 2 625.93 559.4200000000001 -2 5796.259999999999 10 38 562.6999999999999 35377.79000000001 2247.52 1.6871650218963623 0
1 -1 2 443.87 385.85 -2 825.3 2 52 397.55 24731.58999999999 1578.5 4.4121081829071045 0
2 -1 2 442.45 362.39 -1 448.8 1 46 448.8 21250.420000000006 1708.79 3.582515239715576 0
3 -1 2 483.63 403.62 -1 499.06000000000006 1 41 499.06000000000006 20826.85000000001 1900.8000000000002 3.2309458255767822 0
0 -1 3 576.39 408.58000000000004 -2 4278.900000000001 10 38 408.58000000000004 30460.629999999997 1811.0500000000002 0.011358976364135742 0
1 -1 3 552.46 330.16999999999996 -1 681.47 2 52 330.16999999999996 30090.76000000001 1462.37 0.01034402847290039 0
2 -1 3 563.97 374.44000000000005 -1 374.44000000000005 1 46 374.44000000000005 26691.390000000003 1610.92 0.006766080856323242 0
3 -1 3 615.17 429.41999999999996 -1 429.41999999999996 1 41 429.41999999999996 26080.640000000007 1838.3999999999999 0.009439945220947266 0
0 -1 4 615.89 545.6100000000004 -1 5663.0 10 38 561.0 34729.840000000004 2228.6100000000006 1.6619489192962646 0
1 -1 4 473.04 388.97 -1 956.7099999999999 2 52 468.85999999999996 26511.51999999997 1795.55 2.924208879470825 0
2 -1 4 470.65 387.01 -1 486.29 1 46 486.29 22622.259999999995 1845.88 2.1348400115966797 0
3 -1 4 473.22 396.69 -2 485.13 1 41 485.13 20372.269999999997 1852.08 3.4910690784454346 0
0 -1 5 604.68 543.19 -2 5485.82 10 38 543.19 33949.33 2174.0600000000004 1.6014649868011475 0
1 -1 5 457.58 396.23999999999995 -2 847.2499999999999 2 52 412.79999999999995 25488.530000000013 1634.6399999999999 4.856551170349121 0
2 -1 5 448.37 391.58 -2 454.66999999999996 1 46 454.66999999999996 21534.310000000005 1755.5899999999997 3.476832151412964 0
3 -1 5 479.32 437.7000000000005 -2 478.06 1 41 478.06 20608.189999999988 1871.8800000000006 4.24709677696228 0
0 -1 6 651.41 596.98 -1 6076.679999999999 10 38 602.59 36906.79999999998 2404.75 1.8021039962768555 0
1 -1 6 533.96 474.94 -2 1021.21 2 52 509.75 29808.129999999997 2004.19 5.559723138809204 0
2 -1 6 526.06 450.58 -1 491.42999999999995 1 46 491.42999999999995 25181.510000000006 1924.87 3.4825639724731445 0
3 -1 6 617.7 584.2 -1 603.9300000000001 1 41 603.9300000000001 26533.55 2395.9900000000002 3.7078440189361572 0
0 -1 7 611.0 376.47 -1 7181.18 10 38 717.82 37580.200000000004 2529.9300000000003 0.6595408916473389 0
1 -1 7 421.03 246.04 -4 1271.170000000001 2 52 634.5300000000008 24435.819999999992 2149.6300000000024 2.55698299407959 0
2 -1 7 413.85 229.26 -1 672.8999999999996 1 46 672.8999999999996 20382.759999999995 2247.959999999999 1.87608003616333 0
3 -1 7 419.2 292.85 -2 779.7800000000021 1 41 779.7800000000021 18746.649999999998 2632.1900000000064 2.8966171741485596 0
0 -1 8 558.92 232.19 -2 6918.200000000001 10 38 689.7500000000001 35075.47 2301.4400000000005 0.6779861450195312 0
1 -1 8 383.05 228.84 -2 1362.1 2 52 679.1999999999999 22642.949999999997 2266.44 1.5382349491119385 0
2 -1 8 363.6 231.9 -2 662.040000000002 1 46 662.040000000002 18049.890000000007 2218.020000000006 3.670173168182373 0
3 -1 8 396.25 258.31 -2 755.5800000000015 1 41 755.5800000000015 17757.23000000001 2525.0500000000043 2.4725639820098877 0
random:0T:1200
0 -1 0 919.17 602.6199999999999 -1 9812.96 10 38 955.6900000000002 54554.24000000001 3469.6900000000005 0.4192678928375244 0
1 -1 0 842.64 575.54 -1 1437.5099999999998 2 52 609.08 46692.549999999996 2402.78 0.5804421901702881 0
2 -1 0 847.4 553.01 -1 786.9999999999999 1 46 786.9999999999999 40554.409999999996 2914.0099999999993 0.48198509216308594 0
3 -1 0 918.45 693.8199999999999 -1 796.2 1 41 796.2 39248.71 3082.42 0.4728870391845703 0
0 -1 1 876.16 794.6700000000001 -1 8115.740000000002 10 38 803.75 49525.520000000004 3205.92 2.0414342880249023 0
1 -1 1 613.09 482.42 -1 1216.05 2 52 591.6299999999999 34312.530000000006 2257.3099999999995 4.260753870010376 0
2 -1 1 636.51 545.82 -1 665.64 1 46 665.64 30610.740000000005 2542.7400000000002 3.6028378009796143 0
3 -1 1 645.24 553.81 -1 689.25 1 41 689.25 27833.139999999996 2621.56 3.455878973007202 0
0 -1 2 859.59 779.41 -2 7959.080000000001 10 38 786.1600000000001 48582.399999999994 3137.8900000000003 2.1531600952148438 0
1 -1 2 598.53 521.17 -1 1105.11 2 52 534.76 33333.54 2125.45 5.5294411182403564 0
2 -1 2 592.7 538.47 -2 610.64 1 46 610.64 28485.39999999999 2370.3900000000003 4.892530918121338 0
3 -1 2 647.93 577.3199999999999 -1 611.16 1 41 611.16 27787.40999999999 2410.8 3.9877970218658447 0
0 -1 3 811.17 604.86 -2 6180.179999999999 10 38 604.86 43184.69000000002 2671.37 0.011445045471191406 0
1 -1 3 775.5 484.34999999999997 -1 976.56 2 52 484.34999999999997 42279.15999999999 2176.11 0.013052940368652344 0
2 -1 3 793.03 526.2800000000001 -1 526.2800000000001 1 46 526.2800000000001 37532.05 2325.33 0.01354527473449707 0
3 -1 3 849.51 586.72 -1 586.72 1 41 586.72 36003.38 2573.8100000000004 0.01452779769897461 0
0 -1 4 885.64 810.5300000000001 -1 8267.76 10 38 816.72 50189.95999999999 3260.69 2.0909879207611084 0
1 -1 4 603.9 493.76 -2 1211.6899999999998 2 52 579.7799999999999 33826.25 2233.0999999999995 3.847321033477783 0
2 -1 4 611.82 525.44 -1 659.26 1 46 659.26 29462.13 2503.2200000000003 3.106381893157959 0
3 -1 4 647.2 576.8599999999999 -2 689.08 1 41 689.08 27913.460000000003 2644.1000000000004 3.908007860183716 0
0 -1 5 849.18 770.4300000000001 -1 7829.939999999999 10 38 776.55 47928.83999999999 3100.08 2.408435344696045 0
1 -1 5 599.08 516.66 -1 1174.69 2 52 582.01 33501.629999999976 2262.69 6.486901044845581 0
2 -1 5 607.11 539.7099999999999 -2 600.8499999999999 1 46 600.8499999999999 29128.550000000003 2342.2599999999998 4.730003833770752 0
3 -1 5 673.01 585.02 -1 678.98 1 41 678.98 28951.34 2621.96 4.5606608390808105 0
0 -1 6 891.6 817.75 -2 8354.38 10 38 830.62 50589.370000000024 3309.61 2.2976760864257812 0
1 -1 6 739.51 693.3799999999999 -1 1416.59 2 52 704.6599999999999 41287.65 2807.3599999999997 7.64875602722168 0
2 -1 6 760.81 697.7599999999999 -1 701.24 1 46 701.24 36399.530000000006 2801.48 6.200276851654053 0
3 -1 6 839.77 803.78 -2 824.1399999999999 1 41 824.1399999999999 36078.759999999995 3276.2 5.968666076660156 0
0 -1 7 798.0 432.02 -1 9886.340000000006 10 38 988.1000000000005 50096.78000000002 3396.3200000000015 0.990239143371582 0
1 -1 7 535.32 357.01 -4 1785.2800000000009 2 52 892.4900000000007 31407.000000000007 3034.4800000000023 2.9537291526794434 0
2 -1 7 527.1 374.0 -4 954.1899999999998 1 46 954.1899999999998 26154.81000000001 3236.5699999999997 2.4973599910736084 0
3 -1 7 517.57 388.19 -2 1074.6300000000037 1 41 1074.6300000000037 23369.80000000001 3612.0800000000113 3.785939931869507 0
0 -1 8 783.88 428.23 -1 9476.68 10 38 946.3800000000001 48740.99000000001 3267.3700000000003 0.9641218185424805 0
1 -1 8 505.82 346.82000000000005 -4 1842.3999999999999 2 52 919.63 29987.280000000006 3105.71 1.7631311416625977 0
2 -1 8 478.76 344.69000000000005 -4 917.0200000000027 1 46 917.0200000000027 23857.030000000006 3095.750000000008 4.277223110198975 0
3 -1 8 508.87 390.47 -2 1046.1500000000035 1 41 1046.1500000000035 22956.070000000018 3528.920000000011 3.7932562828063965 0
random:0T:1500
0 -1 0 1148.93 726.9100000000001 -1 12506.400000000001 10 38 1223.8400000000001 68672.26000000001 4398.43 0.5132632255554199 0
1 -1 0 1078.39 748.18 -1 1811.25 2 52 771.1700000000001 59698.53 3061.69 0.7082719802856445 0
2 -1 0 1083.79 775.1100000000001 -1 1044.07 1 46 1044.07 51942.42 3907.32 0.6217942237854004 0
3 -1 0 1165.31 908.3 -1 1019.4500000000002 1 41 1019.4500000000002 49816.78 3966.6500000000005 0.670708179473877 0
0 -1 1 1068.61 945.0200000000001 -1 9884.16 10 38 978.5999999999999 60375.42000000001 3880.8199999999997 2.3550920486450195 0
1 -1 1 786.12 708.6800000000001 -1 1554.25 2 52 762.39 43986.52000000002 2995.8500000000004 5.3602519035339355 0
2 -1 1 796.21 717.38 -1 795.91 1 46 795.91 38217.34999999999 3105.11 4.584613084793091 0
3 -1 1 817.18 730.71 -2 853.2299999999999 1 41 853.2299999999999 35210.98000000001 3290.3999999999996 4.41251802444458 0
0 -1 2 1104.7 1009.6900000000002 -1 10263.900000000001 10 38 1015.7599999999998 62506.39000000001 4056.9699999999993 2.8215858936309814 0
1 -1 2 746.73 662.3500000000001 -1 1486.9899999999998 2 52 714.0699999999999 41803.80000000002 2804.5600000000004 6.791752099990845 0
2 -1 2 738.47 692.5799999999999 -2 773.8699999999999 1 46 773.8699999999999 35517.31 3014.1899999999996 6.456639051437378 0
3 -1 2 831.82 729.41 -2 831.9200000000001 1 41 831.9200000000001 35768.46 3225.17 5.1812098026275635 0
0 -1 3 1035.93 781.4200000000001 -2 7903.88 10 38 781.4200000000001 55173.020000000004 3441.7000000000003 0.014304876327514648 0
1 -1 3 995.96 634.3 -1 1279.1599999999999 2 52 634.3 54348.34999999999 2874.09 0.012780904769897461 0
2 -1 3 1022.09 677.95 -1 677.95 1 46 677.95 48371.89 3034.96 0.01401209831237793 0
3 -1 3 1083.09 742.99 -1 742.99 1 41 742.99 45892.57999999999 3291.5 0.014091968536376953 0
0 -1 4 1037.44 908.5899999999997 -2 9463.320000000002 10 38 934.39 58349.37999999999 3711.7599999999998 2.4529318809509277 0
1 -1 4 755.17 631.6299999999999 -2 1561.0700000000002 2 52 774.6500000000001 42390.969999999994 2955.58 5.035652160644531 0
2 -1 4 762.09 678.52 -1 792.3699999999999 1 46 792.3699999999999 36640.97000000001 3055.6299999999997 4.63715386390686 0
3 -1 4 833.6 732.3999999999999 -1 842.1700000000001 1 41 842.1700000000001 35862.10999999999 3258.91 4.895945310592651 0
0 -1 5 1079.62 977.4799999999999 -2 9980.939999999999 10 38 982.7500000000001 60987.26000000002 3925.7300000000005 2.565217971801758 0
1 -1 5 755.73 623.05 -1 1506.24 2 52 733.98 42310.21 2824.99 7.210073709487915 0
2 -1 5 767.25 700.7999999999998 -2 766.3 1 46 766.3 36826.26 2999.6999999999994 6.273685932159424 0
3 -1 5 834.52 768.9200000000001 -2 842.8100000000001 1 41 842.8100000000001 35900.82999999999 3297.3500000000004 5.812505006790161 0
0 -1 6 1141.19 1050.2900000000002 -2 10694.36 10 38 1057.6599999999999 64753.91000000002 4223.2699999999995 3.5525119304656982 0
1 -1 6 933.63 848.73 -1 1742.33 2 52 857.06 52033.26 3419.91 8.911109924316406 0
2 -1 6 975.76 895.55 -1 950.7499999999999 1 46 950.7499999999999 46786.4 3747.7999999999993 8.421386003494263 0
3 -1 6 1057.42 1014.24 -2 1028.8999999999999 1 41 1028.8999999999999 45412.069999999985 4100.94 7.20367693901062 0
0 -1 7 974.22 462.49 -1 12566.520000000004 10 38 1255.6700000000003 62153.35 4229.500000000001 1.1982519626617432 0
1 -1 7 629.29 439.11 -4 2308.0700000000006 2 52 1153.5900000000001 37339.310000000005 3899.8800000000006 3.0412988662719727 0
2 -1 7 607.87 445.59000000000003 -4 1246.0400000000006 1 46 1246.0400000000006 30454.319999999996 4183.710000000002 3.4601290225982666 0
3 -1 7 588.03 458.44 -2 1368.8500000000054 1 41 1368.8500000000054 26846.750000000015 4564.990000000015 5.067083835601807 0
0 -1 8 988.52 460.41 -1 12215.640000000003 10 38 1219.5400000000004 61994.95000000001 4119.030000000002 1.1975712776184082 0
1 -1 8 601.37 437.27 -2 2339.91 2 52 1168.0900000000001 35950.98999999998 3941.5400000000004 2.1534430980682373 0
2 -1 8 568.04 436.74 -4 1215.0200000000043 1 46 1215.0200000000043 28559.68000000003 4081.800000000013 5.593212842941284 0
3 -1 8 583.87 451.91999999999996 -3 1350.3500000000056 1 41 1350.3500000000056 26639.360000000026 4502.970000000017 5.009943008422852 0
random:1T:300
0 -1 0 168.66 65.01 -1 1844.9599999999996 10 38 150.09 10099.169999999998 515.28 0.09562802314758301 1
1 -1 0 161.91 56.77 -1 0 0 45 0 7286.02 56.77 0.1646411418914795 1
2 -1 0 124.9 0 -4 0 0 50 0 6245.029999999998 0 0.15646696090698242 1
3 -1 0 172.76 63.71 -1 390.04999999999995 2 42 188.48999999999998 8035.909999999998 629.18 0.16282224655151367 1
0 -1 1 147.56 95.56000000000006 -2 1368.8200000000004 10 38 129.83 8345.039999999999 485.05000000000007 0.8062632083892822 1
1 -1 1 142.18 117.02 -1 0 0 45 0 6397.88 117.02 0.5111870765686035 1
2 -1 1 118.35 32.48 -1 0 0 50 0 5917.640000000003 32.48 0.9648058414459229 1
3 -1 1 158.56 112.58999999999997 -1 259.46999999999997 2 42 115.68999999999998 7178.509999999998 459.6599999999999 1.7076878547668457 1
0 -1 2 142.76 89.64 -1 1241.9 10 38 112.96 7908.850000000002 428.52 1.185157060623169 1
1 -1 2 136.97 110.98000000000009 -2 0 0 45 0 6163.7400000000025 110.98000000000009 2.493332862854004 1
2 -1 2 101.41 46.78 -1 0 0 50 0 5070.299999999998 46.78 3.0176889896392822 1
3 -1 2 138.0 102.96000000000001 -1 210.15999999999997 2 42 103.94999999999999 6216.489999999999 414.80999999999995 2.2186059951782227 1
0 -1 3 126.22 50.370000000000005 -1 900.06 10 38 77.17 6596.63 281.88 0.004739999771118164 1
1 -1 3 145.65 0.0 -1 0 0 45 0 6554.34 0.0 0.0048828125 1
2 -1 3 98.15 0.0 -4 0 0 50 0 4907.2699999999995 0.0 0.004266977310180664 1
3 -1 3 140.9 21.18 -1 99.32 2 42 21.18 6116.379999999998 85.69 0.005799055099487305 1
0 -1 4 147.56 95.56000000000006 -2 1368.8200000000004 10 38 129.83 8345.039999999999 485.05000000000007 0.8156149387359619 1
1 -1 4 142.18 117.02 -1 0 0 45 0 6397.88 117.02 0.47043395042419434 1
2 -1 4 118.35 32.48 -1 0 0 50 0 5917.640000000003 32.48 0.8903248310089111 1
3 -1 4 158.56 112.58999999999997 -1 259.46999999999997 2 42 115.68999999999998 7178.509999999998 459.6599999999999 1.4175751209259033 1
0 -1 5 135.81 71.25000000000003 -1 1236.52 10 38 114.96 7633.919999999999 416.13 0.9994790554046631 1
1 -1 5 139.44 95.63999999999999 -1 0 0 45 0 6274.920000000003 95.63999999999999 3.2892942428588867 1
2 -1 5 102.6 3.4800000000000004 -1 0 0 50 0 5129.750000000002 3.4800000000000004 1.9581921100616455 1
3 -1 5 149.54 96.59999999999998 -1 220.09 2 42 104.16 6720.799999999998 409.08 2.809481382369995 1
0 -1 6 153.88 108.34999999999994 -1 1368.8400000000004 10 38 129.83 8585.259999999997 497.8399999999999 1.3007009029388428 1
1 -1 6 150.86 86.18 -1 0 0 45 0 6788.660000000002 86.18 1.9891901016235352 1
2 -1 6 124.71 0 -2 0 0 50 0 6235.459999999998 0 2.421886920928955 1
3 -1 6 159.69 106.93999999999994 -1 292.53999999999996 2 42 141.81 7291.8899999999985 532.3699999999999 2.9748728275299072 1
0 -1 7 167.53 97.87 -1 1709.1399999999999 10 38 170.01000000000002 9784.249999999998 607.9000000000001 0.21289491653442383 1
1 -1 7 150.86 86.18 -1 0 0 45 0 6788.660000000002 86.18 0.5953149795532227 1
2 -1 7 124.71 0 -2 0 0 50 0 6235.459999999998 0 0.698948860168457 1
3 -1 7 164.28 96.73 -1 389.9699999999999 2 42 193.37999999999994 7679.54 676.8699999999999 0.5906343460083008 1
0 -1 8 151.17 82.31 -1 1455.4 10 38 140.13 8655.160000000003 502.7 0.2507772445678711 1
1 -1 8 136.97 110.98000000000009 -2 0 0 45 0 6163.7400000000025 110.98000000000009 0.9535648822784424 1
2 -1 8 101.41 46.78 -1 0 0 50 0 5070.299999999998 46.78 1.0249757766723633 1
3 -1 8 138.0 99.09 -1 228.89 2 42 109.44999999999999 6253.579999999998 427.43999999999994 0.7733056545257568 1
random:1T:600
0 -1 0 419.19 261.19 -1 4398.12 10 38 388.14 24725.409999999996 1425.6100000000001 0.23079180717468262 1
1 -1 0 410.17 293.53 -1 0 0 45 0 18457.7 293.53 0.3411989212036133 1
2 -1 0 351.56 146.3 -1 0 0 50 0 17578.19 146.3 0.36170387268066406 1
3 -1 0 422.98 264.4 -1 854.8799999999999 2 42 425.0799999999999 19474.77000000001 1539.6399999999999 0.3116168975830078 1
0 -1 1 335.46 269.00999999999993 -2 2906.4799999999996 10 38 278.65 18560.449999999993 1104.9599999999998 1.7760531902313232 1
1 -1 1 317.47 285.36999999999995 -2 0 0 45 0 14286.22 285.36999999999995 2.203428268432617 1
2 -1 1 290.24 213.64999999999984 -2 0 0 50 0 14512.120000000004 213.64999999999984 5.219014883041382 1
3 -1 1 347.64 301.33 -1 702.6400000000001 2 42 342.19000000000005 16006.140000000003 1327.9 1.9141590595245361 1
0 -1 2 390.61 345.22 -1 3571.4399999999996 10 38 346.83 21985.980000000003 1385.71 1.2643849849700928 1
1 -1 2 311.42 267.09 -2 0 0 45 0 14013.979999999996 267.09 3.0589089393615723 1
2 -1 2 285.75 233.82999999999998 -1 0 0 50 0 14287.73 233.82999999999998 4.5478808879852295 1
3 -1 2 336.65 289.3500000000001 -3 616.62 2 42 299.72 15372.470000000005 1188.5100000000002 3.0265281200408936 1
0 -1 3 350.26 250.55 -2 2594.02 10 38 250.55 18497.970000000005 1072.23 0.00835275650024414 1
1 -1 3 367.36 249.06 -1 0 0 45 0 16531.41 249.06 0.007998943328857422 1
2 -1 3 316.94 200.01 -1 0 0 50 0 15846.81 200.01 0.008601188659667969 1
3 -1 3 375.81 192.36 -1 434.52 2 42 192.36 16653.030000000002 864.1300000000001 0.007270336151123047 1
0 -1 4 335.46 269.00999999999993 -2 2906.4799999999996 10 38 278.65 18560.449999999993 1104.9599999999998 1.743316888809204 1
1 -1 4 317.47 285.36999999999995 -2 0 0 45 0 14286.22 285.36999999999995 2.2146780490875244 1
2 -1 4 290.24 213.64999999999984 -2 0 0 50 0 14512.120000000004 213.64999999999984 5.699347972869873 1
3 -1 4 346.97 304.74 -1 702.6400000000001 2 42 342.19000000000005 15977.930000000002 1331.3100000000002 2.15938401222229 1
0 -1 5 342.67 273.21999999999997 -4 3077.4399999999996 10 38 279.6 19176.219999999994 1112.02 2.3655428886413574 1
1 -1 5 316.64 282.81 -2 0 0 45 0 14248.849999999999 282.81 3.5793509483337402 1
2 -1 5 283.58 248.99 -4 0 0 50 0 14179.069999999996 248.99 3.860914945602417 1
3 -1 5 341.54 295.37 -6 639.3 2 42 307.38 15623.41 1217.51 2.7484610080718994 1
0 -1 6 397.45 351.62 -1 3656.9800000000005 10 38 357.41 22416.96999999999 1423.85 1.322005033493042 1
1 -1 6 376.59 352.72 -1 0 0 45 0 16946.619999999995 352.72 4.2492101192474365 1
2 -1 6 312.68 259.26 -1 0 0 50 0 15633.940000000002 259.26 3.931244134902954 1
3 -1 6 397.7 357.53 -2 761.25 2 42 367.48 18226.009999999995 1459.97 3.2537598609924316 1
0 -1 7 398.82 279.21 -1 4319.08 10 38 430.07 23793.359999999993 1569.42 0.43936991691589355 1
1 -1 7 376.59 352.72 -1 0 0 45 0 16946.619999999995 352.72 1.1032607555389404 1
2 -1 7 312.68 259.26 -1 0 0 50 0 15633.940000000002 259.26 1.1020228862762451 1
3 -1 7 336.96 201.87 -1 936.8799999999999 2 42 467.89999999999986 16025.929999999997 1605.5699999999997 0.787379264831543 1
0 -1 8 378.0 197.04 -2 4076.22 10 38 407.34000000000003 22516.27999999999 1419.06 0.45154809951782227 1
1 -1 8 311.42 267.09 -2 0 0 45 0 14013.979999999996 267.09 0.8541848659515381 1
2 -1 8 285.75 233.82999999999998 -1 0 0 50 0 14287.73 233.82999999999998 1.1471600532531738 1
3 -1 8 293.48 190.63 -1 787.7700000000001 2 42 391.86000000000007 13901.660000000003 1366.21 1.189013957977295 1
random:1T:900
0 -1 0 666.51 372.72 -1 6910.3 10 38 616.97 39147.84 2223.63 0.33272504806518555 1
1 -1 0 658.91 532.4399999999999 -1 0 0 45 0 29650.870000000006 532.4399999999999 0.507908821105957 1
2 -1 0 592.76 375.59999999999997 -1 0 0 50 0 29638.189999999995 375.59999999999997 0.5172879695892334 1
3 -1 0 670.11 488.23 -1 1327.6999999999998 2 42 648.7099999999999 30800.21999999999 2434.3599999999997 0.43715906143188477 1
0 -1 1 548.94 435.73000000000025 -2 4874.240000000001 10 38 441.63 30608.15 1760.6200000000001 1.9316461086273193 1
1 -1 1 471.46 416.12 -1 0 0 45 0 21215.699999999993 416.12 2.9451661109924316 1
2 -1 1 431.46 376.86 -1 0 0 50 0 21573.060000000005 376.86 5.279072046279907 1
3 -1 1 535.38 456.19 -1 1014.4000000000001 2 42 501.53000000000003 24514.820000000007 1960.7800000000002 3.6147408485412598 1
0 -1 2 633.38 574.4 -1 5875.799999999999 10 38 581.76 35820.01000000002 2319.68 2.070600986480713 1
1 -1 2 462.76 419.38 -1 0 0 45 0 20824.40000000001 419.38 4.321326971054077 1
2 -1 2 448.72 404.65999999999997 -1 0 0 50 0 22436.100000000002 404.65999999999997 6.507044076919556 1
3 -1 2 511.28 424.06000000000006 -1 980.6400000000001 2 42 485.27000000000004 23435.23 1879.8700000000003 4.309270143508911 1
0 -1 3 581.01 428.65 -2 4469.34 10 38 428.65 31017.110000000004 1871.5699999999997 0.011847972869873047 1
1 -1 3 590.5 506.58000000000004 -1 0 0 45 0 26572.600000000006 506.58000000000004 0.011368036270141602 1
2 -1 3 542.37 455.06999999999994 -1 0 0 50 0 27118.699999999997 455.06999999999994 0.01217198371887207 1
3 -1 3 609.62 360.73 -1 765.0 2 42 360.73 27134.23 1633.46 0.013957023620605469 1
0 -1 4 548.94 435.73000000000025 -2 4874.240000000001 10 38 441.63 30608.15 1760.6200000000001 2.0775880813598633 1
1 -1 4 468.54 396.49 -1 0 0 45 0 21084.300000000014 396.49 3.1466879844665527 1
2 -1 4 429.41 376.86 -1 0 0 50 0 21470.569999999992 376.86 4.99528694152832 1
3 -1 4 514.52 410.18 -1 1044.8600000000001 2 42 505.5500000000001 23699.520000000004 1926.8300000000004 3.3328921794891357 1
0 -1 5 558.44 443.5800000000011 -4 4980.08 10 38 483.96000000000004 31180.720000000005 1895.4600000000012 3.5981709957122803 1
1 -1 5 471.67 417.55000000000007 -1 0 0 45 0 21225.330000000016 417.55000000000007 4.297156810760498 1
2 -1 5 435.38 394.42 -4 0 0 50 0 21768.88999999999 394.42 5.508258104324341 1
3 -1 5 532.14 458.5600000000002 -2 1011.77 2 42 497.46000000000004 24373.549999999992 1950.9400000000003 4.533545970916748 1
0 -1 6 648.39 591.0999999999999 -2 6057.4 10 38 602.92 36753.52999999999 2399.8599999999997 2.0707740783691406 1
1 -1 6 592.2 560.4599999999999 -1 0 0 45 0 26649.009999999995 560.4599999999999 5.454904079437256 1
2 -1 6 529.45 475.65999999999997 -1 0 0 50 0 26472.469999999994 475.65999999999997 6.428912162780762 1
3 -1 6 623.56 582.5899999999999 -2 1211.1999999999998 2 42 599.4799999999999 28612.11 2381.0299999999997 4.559939861297607 1
0 -1 7 599.49 378.68 -1 6924.839999999999 10 38 689.5499999999998 36630.409999999996 2447.3299999999995 0.6174929141998291 1
1 -1 7 592.2 560.4599999999999 -1 0 0 45 0 26649.009999999995 560.4599999999999 1.4918510913848877 1
2 -1 7 529.45 475.65999999999997 -1 0 0 50 0 26472.469999999994 475.65999999999997 1.6849169731140137 1
3 -1 7 466.77 247.14 -6 1480.4800000000002 2 42 738.3700000000002 22565.16 2462.2500000000005 1.236462116241455 1
0 -1 8 576.51 243.39 -2 6692.379999999998 10 38 668.1099999999998 35292.069999999985 2247.7199999999993 0.8803818225860596 1
1 -1 8 462.76 419.38 -1 0 0 45 0 20824.40000000001 419.38 1.4034640789031982 1
2 -1 8 448.72 404.65999999999997 -1 0 0 50 0 22436.100000000002 404.65999999999997 1.7811610698699951 1
3 -1 8 404.35 239.88 -1 1343.2000000000003 2 42 671.3500000000005 19668.93000000002 2253.9300000000017 1.7477939128875732 1
random:1T:1200
0 -1 0 907.75 595.39 -1 9474.68 10 38 858.0499999999998 53443.69000000001 3169.5399999999995 0.4202609062194824 1
1 -1 0 906.61 731.9699999999999 -1 0 0 45 0 40797.23999999999 731.9699999999999 0.6572949886322021 1
2 -1 0 832.83 587.48 -1 0 0 50 0 41641.63000000002 587.48 0.7543840408325195 1
3 -1 0 916.03 715.3 -1 1816.86 2 42 882.6799999999998 42106.95 3363.3399999999992 0.5851850509643555 1
0 -1 1 735.23 607.1099999999996 -2 6613.5599999999995 10 38 614.4500000000002 41166.01 2450.46 3.16920804977417 1
1 -1 1 622.36 586.83 -1 0 0 45 0 28006.199999999997 586.83 4.085860967636108 1
2 -1 1 603.77 484.36 -2 0 0 50 0 30188.390000000007 484.36 7.184147119522095 1
3 -1 1 690.31 592.9 -1 1365.1799999999998 2 42 669.4399999999999 31723.32999999999 2601.22 4.771161794662476 1
0 -1 2 840.23 744.5400000000001 -2 7757.4800000000005 10 38 765.08 47443.86 3039.78 2.5268821716308594 1
1 -1 2 623.03 588.26 -4 0 0 45 0 28036.369999999988 588.26 5.6037139892578125 1
2 -1 2 593.07 524.82 -1 0 0 50 0 29653.400000000005 524.82 8.022015810012817 1
3 -1 2 687.39 576.1100000000001 -1 1359.38 2 42 679.23 31589.240000000005 2613.8 6.186042785644531 1
0 -1 3 813.94 618.52 -2 6309.9 10 38 618.52 43549.35000000001 2712.72 0.011654853820800781 1
1 -1 3 815.3 762.82 -1 0 0 45 0 36688.32000000001 762.82 0.010746955871582031 1
2 -1 3 769.49 708.52 -1 0 0 50 0 38474.46 708.52 0.013330936431884766 1
3 -1 3 842.41 526.63 -1 1091.3400000000001 2 42 526.63 37563.89 2394.71 0.017575979232788086 1
0 -1 4 735.23 607.1099999999996 -2 6613.5599999999995 10 38 614.4500000000002 41166.01 2450.46 3.020909070968628 1
1 -1 4 613.74 538.1099999999999 -2 0 0 45 0 27618.440000000002 538.1099999999999 4.000387907028198 1
2 -1 4 577.93 463.77 -2 0 0 50 0 28896.7 463.77 5.979356050491333 1
3 -1 4 673.73 587.35 -2 1367.6100000000001 2 42 676.2700000000001 31032.089999999993 2616.1600000000003 4.441364765167236 1
0 -1 5 739.93 608.6 -1 6612.359999999999 10 38 614.89 41341.909999999996 2453.27 4.152646064758301 1
1 -1 5 626.58 578.71 -1 0 0 45 0 28196.069999999992 578.71 5.386125087738037 1
2 -1 5 597.31 552.0600000000001 -2 0 0 50 0 29865.350000000002 552.0600000000001 6.550182104110718 1
3 -1 5 702.24 625.2300000000001 -1 1394.92 2 42 695.71 32283.969999999998 2712.36 5.552676200866699 1
0 -1 6 884.53 807.9200000000001 -2 8265.479999999998 10 38 823.5699999999999 50142.98999999999 3278.63 2.7474658489227295 1
1 -1 6 841.19 805.6099999999999 -1 0 0 45 0 37853.61000000001 805.6099999999999 8.278274059295654 1
2 -1 6 732.3 675.5100000000001 -2 0 0 50 0 36614.76999999999 675.5100000000001 8.672906160354614 1
3 -1 6 865.45 811.1700000000001 -2 1670.49 2 42 832.49 39689.93 3308.6400000000003 6.802320957183838 1
0 -1 7 782.85 433.23 -1 9529.699999999997 10 38 951.0899999999997 48807.58999999998 3286.499999999999 0.9398021697998047 1
1 -1 7 841.19 805.6099999999999 -1 0 0 45 0 37853.61000000001 805.6099999999999 2.2471132278442383 1
2 -1 7 732.3 675.5100000000001 -2 0 0 50 0 36614.76999999999 675.5100000000001 2.433717966079712 1
3 -1 7 593.81 394.93 -6 2023.4500000000003 2 42 1011.1200000000005 28987.030000000006 3428.2900000000013 1.5287048816680908 1
0 -1 8 772.46 430.66 -1 9291.099999999999 10 38 927.2799999999999 47935.619999999995 3212.4999999999995 0.9141008853912354 1
1 -1 8 623.03 588.26 -4 0 0 45 0 28036.369999999988 588.26 1.6921379566192627 1
2 -1 8 593.07 524.82 -1 0 0 50 0 29653.400000000005 524.82 2.0041708946228027 1
3 -1 8 548.75 359.15 -1 1873.9800000000005 2 42 936.1600000000004 26795.36000000001 3167.6300000000015 1.9127857685089111 1
random:1T:1500
0 -1 0 1147.21 721.46 -1 11979.859999999999 10 38 1081.4399999999998 67553.85 3965.7799999999997 0.6588039398193359 1
1 -1 0 1155.17 940.7399999999999 -1 0 0 45 0 51982.45 940.7399999999999 0.9025290012359619 1
2 -1 0 1075.0 832.5699999999999 -1 0 0 50 0 53750.04000000001 832.5699999999999 0.9174501895904541 1
3 -1 0 1160.95 922.29 -1 2314.3700000000003 2 42 1126.52 53388.709999999985 4301.85 0.7596421241760254 1
0 -1 1 939.07 774.9199999999996 -2 8198.439999999999 10 38 784.47 52081.72000000001 3128.3299999999995 3.1146187782287598 1
1 -1 1 766.92 739.88 -4 0 0 45 0 34511.44000000001 739.88 5.169259071350098 1
2 -1 1 738.28 678.35 -2 0 0 50 0 36913.770000000004 678.35 7.596538305282593 1
3 -1 1 898.64 747.6 -1 1669.7199999999998 2 42 798.59 41082.46000000002 3143.37 6.69359016418457 1
0 -1 2 1008.98 878.9000000000001 -1 9150.38 10 38 908.9000000000001 56642.039999999986 3605.6000000000004 2.9934160709381104 1
1 -1 2 764.85 734.5500000000001 -1 0 0 45 0 34418.19 734.5500000000001 6.941906929016113 1
2 -1 2 744.29 640.77 -1 0 0 50 0 37214.389999999985 640.77 10.498428106307983 1
3 -1 2 858.82 711.07 -2 1662.1999999999996 2 42 828.6499999999996 39394.93 3197.019999999999 7.698026180267334 1
0 -1 3 1037.69 790.6999999999999 -2 8001.360000000001 10 38 790.6999999999999 55434.879999999976 3472.5999999999995 0.0184633731842041 1
1 -1 3 1041.82 988.07 -1 0 0 45 0 46881.78999999999 988.07 0.01565694808959961 1
2 -1 3 996.25 960.2600000000001 -1 0 0 50 0 49812.39 960.2600000000001 0.0186460018157959 1
3 -1 3 1074.49 690.3900000000001 -1 1414.0700000000002 2 42 690.3900000000001 47956.65999999999 3135.01 0.022130966186523438 1
0 -1 4 939.07 774.9199999999996 -2 8198.439999999999 10 38 784.47 52081.72000000001 3128.3299999999995 3.1184446811676025 1
1 -1 4 763.33 697.8100000000001 -2 0 0 45 0 34350.009999999995 697.8100000000001 5.48901104927063 1
2 -1 4 729.32 631.68 -2 0 0 50 0 36465.85 631.68 8.325316190719604 1
3 -1 4 873.16 760.6099999999999 -2 1679.26 2 42 815.36 40031.24999999999 3206.6899999999996 6.820730209350586 1
0 -1 5 952.56 783.2599999999975 -4 8337.16 10 38 784.58 52871.49999999999 3136.9999999999977 5.044477224349976 1
1 -1 5 764.56 727.38 -1 0 0 45 0 34405.29000000001 727.38 6.40322208404541 1
2 -1 5 745.73 714.94 -8 0 0 50 0 37286.500000000015 714.94 9.059261322021484 1
3 -1 5 887.6 778.2799999999996 -2 1723.4 2 42 859.65 40726.00000000001 3357.2299999999996 8.000900268554688 1
0 -1 6 1118.01 1022.9300000000001 -1 10450.619999999997 10 38 1034.48 63385.74 4126.37 3.584542989730835 1
1 -1 6 1063.33 1020.4399999999999 -1 0 0 45 0 47849.91999999999 1020.4399999999999 9.104512929916382 1
2 -1 6 954.88 887.77 -1 0 0 50 0 47743.84999999999 887.77 10.13240098953247 1
3 -1 6 1087.21 1028.02 -1 2113.58 2 42 1056.41 49890.020000000004 4197.25 8.267066955566406 1
0 -1 7 956.38 463.15 -1 12136.159999999994 10 38 1212.1999999999994 60614.65999999998 4099.749999999998 1.3310348987579346 1
1 -1 7 1063.33 1020.4399999999999 -1 0 0 45 0 47849.91999999999 1020.4399999999999 2.739623785018921 1
2 -1 7 954.88 887.77 -1 0 0 50 0 47743.84999999999 887.77 2.8036048412323 1
3 -1 7 701.54 458.28 -1 2566.1499999999996 2 42 1282.34 34596.8 4305.299999999999 1.851396083831787 1
0 -1 8 955.42 461.74 -1 11917.979999999998 10 38 1191.1299999999997 60141.860000000015 4035.129999999999 1.1685919761657715 1
1 -1 8 764.85 734.5500000000001 -1 0 0 45 0 34418.19 734.5500000000001 1.9227521419525146 1
2 -1 8 744.29 640.77 -1 0 0 50 0 37214.389999999985 640.77 2.579228162765503 1
3 -1 8 661.86 448.9 -3 2421.7300000000005 2 42 1209.0600000000004 32641.780000000017 4076.0800000000013 2.3038079738616943 1
