random:1T:300
0 -1 7 88.84 0 -26 1104.02 10 88 0 10025.950000000006 0 2.6187329292297363 1
1 -1 7 91.54 0 -12 113.44 2 87 42.63 8190.53 0 3.344128131866455 1
0 -1 8 71.83 0.0 -20 783.26 10 88 0.0 7887.160000000001 0.0 2.1045539379119873 1
1 -1 8 76.35 0 -14 80.53 2 87 25.24 6803.410000000003 0.0 2.8673059940338135 1
random:1T:600
0 -1 7 257.0 113.47 -1 1834.0 10 88 173.68 26284.19000000001 634.51 4.74595832824707 1
1 -1 7 261.62 145.47000000000003 -1 441.28 2 87 218.23999999999998 23643.559999999998 634.51 5.519848823547363 1
0 -1 8 221.16 123.86 -2 1846.1800000000003 10 88 182.96 23154.15999999998 672.74 4.153597831726074 1
1 -1 8 228.16 159.06 -2 477.56 2 87 238.24 20804.719999999987 672.74 4.935527086257935 1
random:1T:900
0 -1 7 427.05 301.95 -1 4611.879999999999 10 88 457.10999999999996 46803.92000000002 1673.28 8.414189100265503 1
1 -1 7 403.78 310.42999999999995 -2 921.66 2 87 460.04 36972.520000000004 1673.28 7.544384002685547 1
0 -1 8 372.04 237.53 -4 4054.380000000001 10 88 386.44 40848.410000000025 1396.85 5.686453819274902 1
1 -1 8 369.7 253.30999999999997 -2 812.93 2 87 393.25 33789.56999999998 1396.85 7.203222036361694 1
random:1T:1200
0 -1 7 560.36 391.14 -1 6765.32 10 88 673.5900000000001 62841.93999999997 2411.9100000000003 8.856992959976196 1
1 -1 7 499.86 390.46999999999997 -2 1221.94 2 87 602.26 45932.060000000005 2197.25 7.764796257019043 1
0 -1 8 512.89 373.75 -2 5770.7 10 88 570.36 56675.74000000001 2084.83 6.868627071380615 1
1 -1 8 503.03 398.74 -4 1262.56 2 87 629.92 46288.95000000005 2084.83 8.274035215377808 1
random:1T:1500
0 -1 7 677.51 451.78999999999996 -1 8386.34 10 88 835.5699999999999 76393.89 2958.5 10.622940301895142 1
1 -1 7 602.65 448.48 -1 1511.15 2 87 727.1899999999999 55453.14999999998 2630.0499999999997 9.145294904708862 1
0 -1 8 651.82 443.30999999999995 -1 7461.260000000001 10 88 743.7499999999999 72282.79999999996 2674.5599999999995 8.930901288986206 1
1 -1 8 617.07 484.06 -1 1531.26 2 87 759.71 56747.750000000015 2674.5599999999995 9.76875901222229 1
