random:0T:300
0 -1 0 90.63 0 -22 1745.48 12 100 18.96 12554.289999999999 56.88 0.28288888931274414 0
1 -1 0 95.29 0 -22 151.64000000000001 2 77 15.78 7640.85 47.339999999999996 0.21884489059448242 0
0 -1 1 90.92 0 -17 1394.5299999999997 12 100 16.74 11880.600000000002 50.22 0.23813199996948242 0
1 -1 1 91.03 0 -12 148.29000000000002 2 77 48.2 7305.579999999999 144.60000000000002 0.20124173164367676 0
0 -1 2 86.26 0 -23 1281.77 12 100 0 11189.880000000001 0 4.721121072769165 0
1 -1 2 82.3 0.0 -12 102.25 2 77 0.0 6541.81 0.0 3.682145118713379 0
0 -1 3 67.95 0.0 -24 16.11 12 100 0.0 6827.520000000001 0.0 0.008317232131958008 0
1 -1 3 75.19 0.0 -16 0.0 2 77 0.0 5789.470000000003 0.0 0.00908207893371582 0
0 -1 4 90.92 0 -17 1394.5299999999997 12 100 16.74 11880.600000000002 50.22 0.23652029037475586 0
1 -1 4 91.03 0 -12 148.29000000000002 2 77 48.2 7305.579999999999 144.60000000000002 0.2169952392578125 0
0 -1 5 64.82 0 -29 694.38 12 100 0.0 7870.970000000001 0.0 3.303104877471924 0
1 -1 5 69.04 0.0 -20 27.52 2 77 0.0 5371.310000000001 0.0 2.757167100906372 0
0 -1 6 87.32 0 -28 1436.8399999999997 12 100 0 11606.060000000009 0 5.9332664012908936 0
1 -1 6 94.18 0 -15 156.79000000000002 2 77 20.93 7565.079999999998 62.79 5.5454628467559814 0
