random:0T:300
0 -1 3 362.97 0 -29 157 0.33385705947875977 0
1 -1 3 398.25 0 -18 122 0.3266160488128662 0
random:0T:600
0 -1 3 585.08 0.0 -3 157 0.7010140419006348 0
1 -1 3 565.47 0 -1 122 0.5505740642547607 0
random:0T:900
0 -1 3 733.05 0.0 -3 157 0.965869665145874 0
1 -1 3 708.74 383.6 -1 122 0.8252899646759033 0
random:0T:1200
0 -1 3 868.45 0.0 -3 157 1.3668560981750488 0
1 -1 3 814.36 383.6 -1 122 1.1621592044830322 0
random:0T:1500
0 -1 3 910.27 0.0 -3 157 1.6395750045776367 0
1 -1 3 855.97 383.6 -1 122 1.4707140922546387 0
random:1T:300
0 -1 3 350.2 0.0 -15 138 0.2249739170074463 1
1 -1 3 351.3 0 -22 138 0.3384740352630615 1
random:1T:600
0 -1 3 593.41 264.72 -1 138 0.5836489200592041 1
1 -1 3 553.28 0 -1 138 0.6458768844604492 1
random:1T:900
0 -1 3 754.64 265.38 -1 138 0.9534637928009033 1
1 -1 3 681.69 0 -1 138 1.0730009078979492 1
random:1T:1200
0 -1 3 867.81 265.38 -1 138 1.238455057144165 1
1 -1 3 768.58 329.58 -1 138 1.364889144897461 1
random:1T:1500
0 -1 3 921.72 282.76 -1 138 1.559541940689087 1
1 -1 3 813.98 329.58 -1 138 1.6647050380706787 1
random:2T:300
0 -1 3 445.83 0.0 -5 106 0.17917704582214355 2
1 -1 3 447.25 0 -6 103 0.2262709140777588 2
random:2T:600
0 -1 3 654.13 0.0 -1 106 0.4037139415740967 2
1 -1 3 638.84 296.78000000000003 -1 103 0.4763638973236084 2
random:2T:900
0 -1 3 854.38 282.23 -2 106 0.6146748065948486 2
1 -1 3 773.14 416.34000000000003 -1 103 0.7374718189239502 2
random:2T:1200
0 -1 3 982.11 282.23 -2 106 0.8518447875976562 2
1 -1 3 882.89 597.72 -2 103 0.8853797912597656 2
random:2T:1500
0 -1 3 1040.42 282.23 -2 106 0.9892239570617676 2
1 -1 3 927.48 636.1800000000001 -2 103 1.2160141468048096 2
random:3T:300
0 -1 3 367.49 0 -13 130 0.3149552345275879 3
1 -1 3 365.13 0 -29 147 0.34671902656555176 3
random:3T:600
0 -1 3 542.96 228.45 -1 130 0.5953159332275391 3
1 -1 3 587.98 0 -6 147 0.6846709251403809 3
random:3T:900
0 -1 3 685.17 394.22 -1 130 0.9025332927703857 3
1 -1 3 748.82 282.23 -1 147 1.0222740173339844 3
random:3T:1200
0 -1 3 788.44 411.97 -1 130 1.2734971046447754 3
1 -1 3 874.55 282.23 -1 147 1.3949997425079346 3
random:3T:1500
0 -1 3 823.47 460.15 -1 130 1.5617289543151855 3
1 -1 3 933.39 282.23 -1 147 1.7823030948638916 3
random:4T:300
0 -1 3 389.6 0 -16 121 0.324617862701416 4
1 -1 3 367.62 0 -24 154 0.388505220413208 4
random:4T:600
0 -1 3 565.87 276.32 -2 121 0.6145069599151611 4
1 -1 3 596.16 260.93 -2 154 0.7851138114929199 4
random:4T:900
0 -1 3 696.16 366.5 -1 121 0.8677036762237549 4
1 -1 3 746.52 282.47 -1 154 1.2149522304534912 4
random:4T:1200
0 -1 3 794.32 449.78000000000003 -2 121 1.1934771537780762 4
1 -1 3 857.89 282.47 -1 154 1.6184160709381104 4
random:4T:1500
0 -1 3 832.42 528.65 -1 121 1.483896255493164 4
1 -1 3 914.02 283.23 -1 154 1.9828472137451172 4
random:5T:300
0 -1 3 391.07 0 -20 116 0.2880702018737793 5
1 -1 3 397.0 0 -20 130 0.33241701126098633 5
random:5T:600
0 -1 3 592.9 270.65 -2 116 0.5377011299133301 5
1 -1 3 614.91 254.53 -1 130 0.612267017364502 5
random:5T:900
0 -1 3 728.22 270.65 -2 116 0.8726449012756348 5
1 -1 3 776.65 429.28999999999996 -2 130 0.9590718746185303 5
random:5T:1200
0 -1 3 836.02 411.67999999999995 -2 116 1.149784803390503 5
1 -1 3 876.19 433.17999999999995 -2 130 1.2483432292938232 5
random:5T:1500
0 -1 3 891.06 451.69 -2 116 1.4329338073730469 5
1 -1 3 944.92 433.17999999999995 -2 130 1.4735908508300781 5
random:6T:300
0 -1 3 381.7 0 -31 131 0.3178281784057617 6
1 -1 3 376.26 0 -19 113 0.23745989799499512 6
random:6T:600
0 -1 3 600.12 0.0 -3 131 0.5879261493682861 6
1 -1 3 572.4 267.09 -1 113 0.5816230773925781 6
random:6T:900
0 -1 3 769.02 0.0 -3 131 0.8817830085754395 6
1 -1 3 708.54 267.09 -1 113 0.8186850547790527 6
random:6T:1200
0 -1 3 905.86 401.97 -2 131 1.156646966934204 6
1 -1 3 821.35 448.9 -2 113 1.1666507720947266 6
random:6T:1500
0 -1 3 963.26 401.97 -2 131 1.460319995880127 6
1 -1 3 860.27 528.6899999999999 -2 113 1.3653528690338135 6
random:7T:300
0 -1 3 358.06 0 -32 157 0.38971424102783203 7
1 -1 3 392.04 0 -13 121 0.33266210556030273 7
random:7T:600
0 -1 3 572.18 0 -1 157 0.8018879890441895 7
1 -1 3 552.21 0 -1 121 0.6533799171447754 7
random:7T:900
0 -1 3 714.42 230.41 -1 157 1.1247553825378418 7
1 -1 3 693.54 253.11 -1 121 1.0051331520080566 7
random:7T:1200
0 -1 3 847.26 246.7 -1 157 1.581275224685669 7
1 -1 3 795.53 253.11 -1 121 1.3262898921966553 7
random:7T:1500
0 -1 3 891.88 246.7 -1 157 1.9367432594299316 7
1 -1 3 826.47 347.85 -1 121 1.5655930042266846 7
random:8T:300
0 -1 3 358.46 0 -18 122 0.2851288318634033 8
1 -1 3 352.16 0 -33 154 0.3718252182006836 8
random:8T:600
0 -1 3 551.14 256.08 -1 122 0.5830867290496826 8
1 -1 3 564.76 260.89 -2 154 0.7761330604553223 8
random:8T:900
0 -1 3 677.73 365.34000000000003 -1 122 0.7982499599456787 8
1 -1 3 711.14 260.89 -2 154 1.155561923980713 8
random:8T:1200
0 -1 3 793.26 365.34000000000003 -1 122 1.173285961151123 8
1 -1 3 805.29 382.26 -2 154 1.3971531391143799 8
random:8T:1500
0 -1 3 828.4 422.18999999999994 -1 122 1.4903390407562256 8
1 -1 3 863.96 432.67 -2 154 1.7117409706115723 8
random:9T:300
0 -1 3 401.54 0.0 -24 159 0.4299807548522949 9
1 -1 3 425.15 0 -13 123 0.31401705741882324 9
random:9T:600
0 -1 3 584.26 0.0 -14 159 0.816972017288208 9
1 -1 3 588.01 0 -7 123 0.6172850131988525 9
random:9T:900
0 -1 3 727.47 0 -9 159 1.100412130355835 9
1 -1 3 725.29 0 -6 123 0.8121459484100342 9
random:9T:1200
0 -1 3 854.32 0 -9 159 1.3589141368865967 9
1 -1 3 823.12 0 -4 123 1.2433719635009766 9
random:9T:1500
0 -1 3 915.15 0 -9 159 1.7502431869506836 9
1 -1 3 877.47 0 -4 123 1.5158898830413818 9
