random:0T:300
0 -1 3 366.11 0 -28 151 0.3603057861328125 0
1 -1 3 388.46 0 -17 128 0.34418606758117676 0
random:0T:600
0 -1 3 591.42 0.0 -2 151 0.6926429271697998 0
1 -1 3 555.1 228.29000000000002 -1 128 0.5991780757904053 0
random:0T:900
0 -1 3 742.78 0.0 -2 151 1.1015489101409912 0
1 -1 3 688.83 397.32000000000005 -1 128 0.9127590656280518 0
random:0T:1200
0 -1 3 875.2 281.92 -1 151 1.3694279193878174 0
1 -1 3 789.37 397.74 -2 128 1.1684157848358154 0
random:0T:1500
0 -1 3 932.03 282.21 -1 151 1.797482967376709 0
1 -1 3 833.52 492.31 -2 128 1.4920690059661865 0
random:1T:300
0 -1 3 345.2 0.0 -17 140 0.18528103828430176 1
1 -1 3 356.47 0 -20 136 0.2582547664642334 1
random:1T:600
0 -1 3 584.93 0 -2 140 0.45697903633117676 1
1 -1 3 558.46 0 -1 136 0.5369949340820312 1
random:1T:900
0 -1 3 742.98 243.73 -1 140 0.7953228950500488 1
1 -1 3 687.16 0 -1 136 0.7967588901519775 1
random:1T:1200
0 -1 3 861.43 243.73 -1 140 0.9959182739257812 1
1 -1 3 777.09 335.92 -1 136 1.0674381256103516 1
random:1T:1500
0 -1 3 910.19 282.76 -1 140 1.250225305557251 1
1 -1 3 820.57 335.92 -1 136 1.3132131099700928 1
random:2T:300
0 -1 3 445.83 0.0 -5 106 0.18069028854370117 2
1 -1 3 447.25 0 -6 103 0.19176077842712402 2
random:2T:600
0 -1 3 654.13 0.0 -1 106 0.33318495750427246 2
1 -1 3 638.84 296.78000000000003 -1 103 0.3684210777282715 2
random:2T:900
0 -1 3 854.38 282.23 -2 106 0.5032589435577393 2
1 -1 3 773.14 416.34000000000003 -1 103 0.5878159999847412 2
random:2T:1200
0 -1 3 982.11 282.23 -2 106 0.6986780166625977 2
1 -1 3 882.89 597.72 -2 103 0.7525451183319092 2
random:2T:1500
0 -1 3 1040.42 282.23 -2 106 0.9226210117340088 2
1 -1 3 927.48 636.1800000000001 -2 103 0.9610490798950195 2
random:3T:300
0 -1 3 367.49 0 -13 130 0.24505019187927246 3
1 -1 3 365.13 0 -29 147 0.3462088108062744 3
random:3T:600
0 -1 3 542.96 228.45 -1 130 0.4655749797821045 3
1 -1 3 587.98 0 -6 147 0.5865941047668457 3
random:3T:900
0 -1 3 685.17 394.22 -1 130 0.7677700519561768 3
1 -1 3 748.82 282.23 -1 147 0.836313009262085 3
random:3T:1200
0 -1 3 788.44 411.97 -1 130 1.0053460597991943 3
1 -1 3 874.55 282.23 -1 147 1.221083164215088 3
random:3T:1500
0 -1 3 823.47 460.15 -1 130 1.2139031887054443 3
1 -1 3 933.39 282.23 -1 147 1.4271080493927002 3
random:4T:300
0 -1 3 368.29 0 -23 128 0.28804516792297363 4
1 -1 3 348.79 0 -27 147 0.24396491050720215 4
random:4T:600
0 -1 3 553.48 268.64 -2 128 0.6060340404510498 4
1 -1 3 584.13 261.24 -2 147 0.5790941715240479 4
random:4T:900
0 -1 3 687.91 372.57000000000005 -1 128 0.752795934677124 4
1 -1 3 733.37 281.34 -1 147 0.848052978515625 4
random:4T:1200
0 -1 3 786.06 395.74 -2 128 1.0067200660705566 4
1 -1 3 850.9 281.34 -1 147 1.1244421005249023 4
random:4T:1500
0 -1 3 819.31 476.52 -1 128 1.1697819232940674 4
1 -1 3 907.06 283.75 -1 147 1.418302059173584 4
random:5T:300
0 -1 3 344.92 0 -36 121 0.23862624168395996 5
1 -1 3 388.3 0 -21 125 0.2082669734954834 5
random:5T:600
0 -1 3 583.84 270.41 -2 121 0.4660348892211914 5
1 -1 3 612.48 254.54 -1 125 0.48477602005004883 5
random:5T:900
0 -1 3 713.24 270.41 -2 121 0.6930317878723145 5
1 -1 3 795.58 426.73 -2 125 0.7135982513427734 5
random:5T:1200
0 -1 3 837.96 410.34000000000003 -2 121 1.0043449401855469 5
1 -1 3 900.56 426.72999999999996 -2 125 0.9699618816375732 5
random:5T:1500
0 -1 3 884.21 410.34000000000003 -2 121 1.2668359279632568 5
1 -1 3 960.66 426.72999999999996 -2 125 1.1952588558197021 5
random:6T:300
0 -1 3 387.62 0 -29 129 0.23819494247436523 6
1 -1 3 368.05 0 -20 115 0.19998621940612793 6
random:6T:600
0 -1 3 597.5 0 -5 129 0.42181992530822754 6
1 -1 3 565.57 266.15 -1 115 0.4304792881011963 6
random:6T:900
0 -1 3 778.92 0 -5 129 0.6555399894714355 6
1 -1 3 700.18 266.15 -1 115 0.6419792175292969 6
random:6T:1200
0 -1 3 922.36 0.0 -1 129 0.9164888858795166 6
1 -1 3 802.88 447.45000000000005 -2 115 0.877971887588501 6
random:6T:1500
0 -1 3 978.43 0.0 -1 129 1.1467959880828857 6
1 -1 3 843.62 528.36 -2 115 1.1144418716430664 6
random:7T:300
0 -1 3 377.27 0 -24 149 0.24612021446228027 7
1 -1 3 367.73 0 -21 129 0.23117899894714355 7
random:7T:600
0 -1 3 590.17 0.0 -3 149 0.5034120082855225 7
1 -1 3 531.53 0 -2 129 0.4438140392303467 7
random:7T:900
0 -1 3 745.99 230.16 -1 149 0.7383360862731934 7
1 -1 3 672.26 249.05 -1 129 0.6818511486053467 7
random:7T:1200
0 -1 3 878.98 281.31 -1 149 0.9881269931793213 7
1 -1 3 772.57 249.05 -1 129 0.920440673828125 7
random:7T:1500
0 -1 3 935.85 281.31 -1 149 1.2504429817199707 7
1 -1 3 800.84 296.29 -1 129 1.1332271099090576 7
random:8T:300
0 -1 3 362.49 0 -16 130 0.18448185920715332 8
1 -1 3 376.98 0 -19 146 0.21356487274169922 8
random:8T:600
0 -1 3 548.44 0.0 -1 130 0.4046320915222168 8
1 -1 3 581.53 262.94 -2 146 0.43926382064819336 8
random:8T:900
0 -1 3 682.65 412.81 -2 130 0.6152656078338623 8
1 -1 3 737.02 262.94 -2 146 0.6856341361999512 8
random:8T:1200
0 -1 3 769.78 459.94000000000005 -2 130 0.7933440208435059 8
1 -1 3 852.92 380.39 -2 146 0.8996152877807617 8
random:8T:1500
0 -1 3 811.94 492.0400000000001 -1 130 0.9744617938995361 8
1 -1 3 889.38 380.39 -2 146 1.0985479354858398 8
random:9T:300
0 -1 3 417.6 0.0 -21 152 0.22284507751464844 9
1 -1 3 402.26 0 -20 130 0.21193718910217285 9
random:9T:600
0 -1 3 610.88 0 -14 152 0.4507899284362793 9
1 -1 3 560.99 0 -10 130 0.38916993141174316 9
random:9T:900
0 -1 3 746.6 0 -12 152 0.6311640739440918 9
1 -1 3 706.81 0 -6 130 0.5990369319915771 9
random:9T:1200
0 -1 3 888.89 0 -9 152 0.8840909004211426 9
1 -1 3 805.25 0 -6 130 0.7806699275970459 9
random:9T:1500
0 -1 3 950.22 0 -9 152 1.0943281650543213 9
1 -1 3 848.36 0 -3 130 0.9912469387054443 9
