random:0T:300
0 -1 3 525.76 0 -2 90 0.20447611808776855 0
1 -1 3 426.2 0 -10 114 0.28035616874694824 0
2 -1 3 522.14 260.14 -1 75 0.17424416542053223 0
random:0T:600
0 -1 3 764.72 282.83 -1 90 0.39968109130859375 0
1 -1 3 591.17 270.44 -2 114 0.5420529842376709 0
2 -1 3 714.21 448.51 -1 75 0.43341803550720215 0
random:0T:900
0 -1 3 954.03 282.83 -1 90 0.6425080299377441 0
1 -1 3 728.97 386.73 -2 114 0.8334929943084717 0
2 -1 3 886.4 597.09 -1 75 0.5497651100158691 0
random:0T:1200
0 -1 3 1128.5 282.83 -1 90 0.8333749771118164 0
1 -1 3 834.54 475.20000000000005 -2 114 1.0446808338165283 0
2 -1 3 1021.22 659.0799999999999 -2 75 0.8218128681182861 0
random:0T:1500
0 -1 3 1187.25 282.83 -1 90 1.0185291767120361 0
1 -1 3 878.27 511.31 -2 114 1.2579641342163086 0
2 -1 3 1067.28 711.01 -1 75 0.982036828994751 0
random:1T:300
0 -1 3 618.68 278.26 -1 53 0.13013815879821777 1
1 -1 3 372.92 0 -14 130 0.2969698905944824 1
2 -1 3 457.96 0 -1 93 0.20072388648986816 1
random:1T:600
0 -1 3 899.07 278.26 -1 53 0.2355189323425293 1
1 -1 3 583.53 268.78 -2 130 0.6243860721588135 1
2 -1 3 648.8 279.63 -2 93 0.4885737895965576 1
random:1T:900
0 -1 3 1176.21 490.57000000000005 -2 53 0.44231224060058594 1
1 -1 3 702.65 399.47 -2 130 0.9794819355010986 1
2 -1 3 804.71 279.63 -2 93 0.6746060848236084 1
random:1T:1200
0 -1 3 1371.47 490.57000000000005 -2 53 0.5681028366088867 1
1 -1 3 789.68 412.17999999999995 -1 130 1.343263864517212 1
2 -1 3 904.96 549.9100000000001 -1 93 0.8767879009246826 1
random:1T:1500
0 -1 3 1461.21 573.02 -2 53 0.6881637573242188 1
1 -1 3 838.56 529.63 -1 130 1.521270990371704 1
2 -1 3 959.96 549.9100000000001 -1 93 1.1130361557006836 1
random:2T:300
0 -1 3 658.3 283.78 -1 35 0.08195304870605469 2
1 -1 3 480.72 119.63 -1 97 0.24408769607543945 2
2 -1 3 518.36 199.19 -1 77 0.13381671905517578 2
random:2T:600
0 -1 3 915.46 580.03 -1 35 0.1395409107208252 2
1 -1 3 658.2 292.75 -1 97 0.4611470699310303 2
2 -1 3 742.86 401.7 -1 77 0.3533039093017578 2
random:2T:900
0 -1 3 1138.61 773.2 -1 35 0.242628812789917 2
1 -1 3 796.85 412.56 -1 97 0.7036612033843994 2
2 -1 3 939.64 511.38 -1 77 0.5227739810943604 2
random:2T:1200
0 -1 3 1303.03 914.75 -1 35 0.32147789001464844 2
1 -1 3 906.14 454.01 -1 97 0.9065780639648438 2
2 -1 3 1080.25 594.75 -1 77 0.6673040390014648 2
random:2T:1500
0 -1 3 1376.17 938.32 -1 35 0.40154480934143066 2
1 -1 3 949.82 547.14 -1 97 1.174968957901001 2
2 -1 3 1157.45 594.75 -1 77 0.8829779624938965 2
random:3T:300
0 -1 3 458.64 119.61 -1 97 0.2580740451812744 3
1 -1 3 463.03 0 -5 115 0.28772592544555664 3
2 -1 3 507.79 248.51 -1 65 0.15214204788208008 3
random:3T:600
0 -1 3 637.96 277.34 -1 97 0.5018908977508545 3
1 -1 3 692.27 281.95 -1 115 0.5763669013977051 3
2 -1 3 713.92 414.58000000000004 -1 65 0.3186831474304199 3
random:3T:900
0 -1 3 783.9 434.19 -1 97 0.8163418769836426 3
1 -1 3 870.39 281.95 -1 115 0.8733711242675781 3
2 -1 3 879.53 573.0799999999999 -2 65 0.4936490058898926 3
random:3T:1200
0 -1 3 902.03 508.5 -1 97 1.082932949066162 3
1 -1 3 1029.23 283.0 -1 115 1.2155430316925049 3
2 -1 3 1009.61 637.48 -2 65 0.6933491230010986 3
random:3T:1500
0 -1 3 936.13 555.8299999999999 -1 97 1.3681941032409668 3
1 -1 3 1090.47 283.0 -1 115 1.4972679615020752 3
2 -1 3 1063.72 637.48 -1 65 0.8627068996429443 3
random:4T:300
0 -1 3 410.1 0 -13 113 0.32392001152038574 4
1 -1 3 492.03 274.76 -2 85 0.23078417778015137 4
2 -1 3 572.38 199.18 -1 77 0.23324108123779297 4
random:4T:600
0 -1 3 576.15 0 -1 113 0.5879909992218018 4
1 -1 3 666.48 376.98 -2 85 0.43183398246765137 4
2 -1 3 785.75 272.48 -1 77 0.42499732971191406 4
random:4T:900
0 -1 3 715.96 0 -1 113 0.9141590595245361 4
1 -1 3 822.36 449.35 -1 85 0.6241967678070068 4
2 -1 3 1014.3 417.9 -1 77 0.6062169075012207 4
random:4T:1200
0 -1 3 823.84 333.83 -1 113 1.1679179668426514 4
1 -1 3 954.7 554.98 -1 85 0.9143140316009521 4
2 -1 3 1193.45 557.6 -1 77 0.7974710464477539 4
random:4T:1500
0 -1 3 864.07 333.83 -1 113 1.4707520008087158 4
1 -1 3 999.06 582.42 -1 85 1.0870370864868164 4
2 -1 3 1263.24 557.6 -1 77 1.0202560424804688 4
random:5T:300
0 -1 3 586.61 281.54 -2 51 0.1377551555633545 5
1 -1 3 441.49 0 -11 109 0.26813697814941406 5
2 -1 3 494.48 0 -2 86 0.23114418983459473 5
random:5T:600
0 -1 3 821.16 493.42999999999995 -1 51 0.2733120918273926 5
1 -1 3 695.4 279.59 -1 109 0.5144960880279541 5
2 -1 3 695.76 404.12 -2 86 0.4719579219818115 5
random:5T:900
0 -1 3 1022.36 767.7099999999999 -1 51 0.3696768283843994 5
1 -1 3 846.68 405.47 -1 109 0.7769882678985596 5
2 -1 3 875.05 511.88 -2 86 0.7334702014923096 5
random:5T:1200
0 -1 3 1174.53 972.8199999999999 -1 51 0.5233697891235352 5
1 -1 3 990.47 525.28 -1 109 0.9376277923583984 5
2 -1 3 1000.52 590.22 -2 86 0.889066219329834 5
random:5T:1500
0 -1 3 1242.48 1044.81 -1 51 0.5768120288848877 5
1 -1 3 1056.47 550.28 -1 109 1.1922872066497803 5
2 -1 3 1049.11 619.74 -2 86 1.0988140106201172 5
random:6T:300
0 -1 3 520.73 0 -4 80 0.14811301231384277 6
1 -1 3 478.1 267.58000000000004 -1 78 0.19321870803833008 6
2 -1 3 488.39 0 -3 86 0.2350757122039795 6
random:6T:600
0 -1 3 777.11 403.13 -2 80 0.327974796295166 6
1 -1 3 685.45 454.23 -2 78 0.42005300521850586 6
2 -1 3 685.13 403.13 -1 86 0.43503785133361816 6
random:6T:900
0 -1 3 1000.79 446.54 -2 80 0.5140390396118164 6
1 -1 3 861.22 659.1 -2 78 0.6565780639648438 6
2 -1 3 826.87 513.11 -2 86 0.6509120464324951 6
random:6T:1200
0 -1 3 1161.81 496.29 -2 80 0.6908190250396729 6
1 -1 3 998.13 817.9200000000001 -2 78 0.7876338958740234 6
2 -1 3 964.77 593.06 -2 86 0.9583139419555664 6
random:6T:1500
0 -1 3 1237.6 559.62 -2 80 0.9192092418670654 6
1 -1 3 1047.48 890.26 -2 78 1.026789903640747 6
2 -1 3 1014.59 593.06 -2 86 1.1720998287200928 6
random:7T:300
0 -1 3 508.47 0 -4 92 0.19341015815734863 7
1 -1 3 430.81 0 -6 105 0.27187299728393555 7
2 -1 3 484.1 0 -1 81 0.21590018272399902 7
random:7T:600
0 -1 3 726.21 282.78 -2 92 0.45499396324157715 7
1 -1 3 581.22 258.68 -1 105 0.5218579769134521 7
2 -1 3 689.67 362.39 -1 81 0.4817469120025635 7
random:7T:900
0 -1 3 949.76 282.78 -1 92 0.6574680805206299 7
1 -1 3 724.12 258.68 -1 105 0.8609950542449951 7
2 -1 3 824.31 441.42 -1 81 0.6394927501678467 7
random:7T:1200
0 -1 3 1124.82 438.2 -1 92 0.9821040630340576 7
1 -1 3 824.96 258.68 -1 105 1.110630989074707 7
2 -1 3 952.93 566.92 -1 81 0.9147992134094238 7
random:7T:1500
0 -1 3 1188.34 438.2 -1 92 1.165708065032959 7
1 -1 3 866.73 384.72 -1 105 1.475438117980957 7
2 -1 3 1000.83 583.28 -1 81 1.0879721641540527 7
random:8T:300
0 -1 3 636.83 326.35 -1 40 0.1274402141571045 8
1 -1 3 376.98 0 -19 146 0.3856930732727051 8
2 -1 3 450.56 0 -1 90 0.20160484313964844 8
random:8T:600
0 -1 3 872.22 591.35 -1 40 0.23400592803955078 8
1 -1 3 581.53 262.94 -2 146 0.739163875579834 8
2 -1 3 621.92 272.56 -2 90 0.48439621925354004 8
random:8T:900
0 -1 3 1078.27 786.4 -1 40 0.38956499099731445 8
1 -1 3 737.02 262.94 -2 146 1.088778018951416 8
2 -1 3 758.3 397.28 -2 90 0.7101540565490723 8
random:8T:1200
0 -1 3 1232.36 955.15 -1 40 0.4884300231933594 8
1 -1 3 852.92 380.39 -2 146 1.4034340381622314 8
2 -1 3 866.13 451.15 -1 90 0.8963871002197266 8
random:8T:1500
0 -1 3 1295.91 990.03 -1 40 0.5966541767120361 8
1 -1 3 889.38 380.39 -2 146 1.8221287727355957 8
2 -1 3 914.41 451.15 -1 90 1.0667297840118408 8
random:9T:300
0 -1 3 496.47 0 -8 118 0.30411314964294434 9
1 -1 3 469.26 0 -7 91 0.19057202339172363 9
2 -1 3 515.72 0 -1 73 0.19707202911376953 9
random:9T:600
0 -1 3 697.49 0 -4 118 0.5664880275726318 9
1 -1 3 660.63 271.13 -2 91 0.4465949535369873 9
2 -1 3 717.55 274.31 -1 73 0.37899208068847656 9
random:9T:900
0 -1 3 888.09 0 -3 118 0.8406672477722168 9
1 -1 3 814.16 271.13 -1 91 0.6553699970245361 9
2 -1 3 876.59 438.59 -1 73 0.6007051467895508 9
random:9T:1200
0 -1 3 1043.78 0 -3 118 1.0171759128570557 9
1 -1 3 934.94 271.13 -1 91 0.7450177669525146 9
2 -1 3 1007.0 556.38 -1 73 0.6840000152587891 9
random:9T:1500
0 -1 3 1113.62 0 -3 118 1.2596189975738525 9
1 -1 3 982.98 271.13 -1 91 0.9542536735534668 9
2 -1 3 1052.26 568.21 -1 73 0.8235862255096436 9
