random:0T:300
0 -1 3 366.11 0 -28 151 0.3270440101623535 0
1 -1 3 388.46 0 -17 128 0.2714512348175049 0
random:0T:600
0 -1 3 591.42 0.0 -2 151 0.7105388641357422 0
1 -1 3 555.1 228.29000000000002 -1 128 0.6530020236968994 0
random:0T:900
0 -1 3 742.78 0.0 -2 151 1.0302019119262695 0
1 -1 3 688.83 397.32000000000005 -1 128 0.9404401779174805 0
random:0T:1200
0 -1 3 875.2 281.92 -1 151 1.4961578845977783 0
1 -1 3 789.37 397.74 -2 128 1.1609599590301514 0
random:0T:1500
0 -1 3 932.03 282.21 -1 151 1.839076042175293 0
1 -1 3 833.52 492.31 -2 128 1.4760849475860596 0
random:1T:300
0 -1 3 345.2 0.0 -17 140 0.18576788902282715 1
1 -1 3 356.47 0 -20 136 0.24662518501281738 1
random:1T:600
0 -1 3 584.93 0 -2 140 0.4409317970275879 1
1 -1 3 558.46 0 -1 136 0.5177228450775146 1
random:1T:900
0 -1 3 742.98 243.73 -1 140 0.689924955368042 1
1 -1 3 687.16 0 -1 136 0.8088839054107666 1
random:1T:1200
0 -1 3 861.43 243.73 -1 140 0.9575748443603516 1
1 -1 3 777.09 335.92 -1 136 0.9802312850952148 1
random:1T:1500
0 -1 3 910.19 282.76 -1 140 1.1796679496765137 1
1 -1 3 820.57 335.92 -1 136 1.2798190116882324 1
random:2T:300
0 -1 3 445.83 0.0 -5 106 0.1408228874206543 2
1 -1 3 447.25 0 -6 103 0.17317819595336914 2
random:2T:600
0 -1 3 654.13 0.0 -1 106 0.2938709259033203 2
1 -1 3 638.84 296.78000000000003 -1 103 0.3435671329498291 2
random:2T:900
0 -1 3 854.38 282.23 -2 106 0.48879098892211914 2
1 -1 3 773.14 416.34000000000003 -1 103 0.54221510887146 2
random:2T:1200
0 -1 3 982.11 282.23 -2 106 0.6422250270843506 2
1 -1 3 882.89 597.72 -2 103 0.7112019062042236 2
random:2T:1500
0 -1 3 1040.42 282.23 -2 106 0.7710278034210205 2
1 -1 3 927.48 636.1800000000001 -2 103 0.871258020401001 2
random:3T:300
0 -1 3 367.49 0 -13 130 0.33046412467956543 3
1 -1 3 365.13 0 -29 147 0.25601792335510254 3
random:3T:600
0 -1 3 542.96 228.45 -1 130 0.455582857131958 3
1 -1 3 587.98 0 -6 147 0.5262107849121094 3
random:3T:900
0 -1 3 685.17 394.22 -1 130 0.7283260822296143 3
1 -1 3 748.82 282.23 -1 147 0.8575401306152344 3
random:3T:1200
0 -1 3 788.44 411.97 -1 130 0.9975070953369141 3
1 -1 3 874.55 282.23 -1 147 1.0961408615112305 3
random:3T:1500
0 -1 3 823.47 460.15 -1 130 1.2375428676605225 3
1 -1 3 933.39 282.23 -1 147 1.3612518310546875 3
random:4T:300
0 -1 3 383.26 0 -18 123 0.23307323455810547 4
1 -1 3 372.45 0 -22 152 0.27546024322509766 4
random:4T:600
0 -1 3 558.56 276.32 -2 123 0.4476761817932129 4
1 -1 3 591.69 262.84 -2 152 0.5871899127960205 4
random:4T:900
0 -1 3 688.45 371.03000000000003 -1 123 0.7310757637023926 4
1 -1 3 741.13 263.71 -2 152 0.9609169960021973 4
random:4T:1200
0 -1 3 785.59 447.37 -2 123 0.9433650970458984 4
1 -1 3 859.27 282.47 -1 152 1.2062900066375732 4
random:4T:1500
0 -1 3 822.53 521.23 -1 123 1.1150867938995361 4
1 -1 3 919.16 283.23 -1 152 1.420870065689087 4
random:5T:300
0 -1 3 368.81 0 -27 123 0.24271202087402344 5
1 -1 3 396.89 0 -21 123 0.2225499153137207 5
random:5T:600
0 -1 3 586.0 271.31 -2 123 0.4705531597137451 5
1 -1 3 634.57 254.55 -1 123 0.44007277488708496 5
random:5T:900
0 -1 3 713.55 271.31 -2 123 0.7027420997619629 5
1 -1 3 794.44 428.20000000000005 -2 123 0.6704368591308594 5
random:5T:1200
0 -1 3 834.23 412.21 -2 123 0.9204561710357666 5
1 -1 3 917.72 435.15999999999997 -2 123 0.880230188369751 5
random:5T:1500
0 -1 3 879.39 442.4 -2 123 1.1485249996185303 5
1 -1 3 968.61 444.27 -2 123 1.0575921535491943 5
random:6T:300
0 -1 3 387.62 0 -29 129 0.24000191688537598 6
1 -1 3 368.05 0 -20 115 0.22639226913452148 6
random:6T:600
0 -1 3 597.5 0 -5 129 0.4082961082458496 6
1 -1 3 565.57 266.15 -1 115 0.42711400985717773 6
random:6T:900
0 -1 3 778.92 0 -5 129 0.6868197917938232 6
1 -1 3 700.18 266.15 -1 115 0.6622610092163086 6
random:6T:1200
0 -1 3 922.36 0.0 -1 129 0.9285011291503906 6
1 -1 3 802.88 447.45000000000005 -2 115 0.9009699821472168 6
random:6T:1500
0 -1 3 978.43 0.0 -1 129 1.2134621143341064 6
1 -1 3 843.62 528.36 -2 115 1.0720958709716797 6
random:7T:300
0 -1 3 377.27 0 -24 149 0.2636222839355469 7
1 -1 3 367.73 0 -21 129 0.24313879013061523 7
random:7T:600
0 -1 3 590.17 0.0 -3 149 0.5425698757171631 7
1 -1 3 531.53 0 -2 129 0.481536865234375 7
random:7T:900
0 -1 3 745.99 230.16 -1 149 0.8297200202941895 7
1 -1 3 672.26 249.05 -1 129 0.8137359619140625 7
random:7T:1200
0 -1 3 878.98 281.31 -1 149 1.152494192123413 7
1 -1 3 772.57 249.05 -1 129 1.1016950607299805 7
random:7T:1500
0 -1 3 935.85 281.31 -1 149 1.4318130016326904 7
1 -1 3 800.84 296.29 -1 129 1.2554171085357666 7
random:8T:300
0 -1 3 347.14 0 -19 124 0.18469595909118652 8
1 -1 3 371.91 0 -23 152 0.26366519927978516 8
random:8T:600
0 -1 3 544.23 255.47 -1 124 0.4151790142059326 8
1 -1 3 565.71 261.39 -2 152 0.529123067855835 8
random:8T:900
0 -1 3 666.69 361.52 -1 124 0.6230249404907227 8
1 -1 3 706.38 261.39 -2 152 0.785207986831665 8
random:8T:1200
0 -1 3 774.69 361.52 -1 124 0.8263270854949951 8
1 -1 3 803.79 383.90999999999997 -2 152 1.0693068504333496 8
random:8T:1500
0 -1 3 816.32 369.70000000000005 -1 124 1.0379457473754883 8
1 -1 3 873.01 433.24 -2 152 1.3337857723236084 8
random:9T:300
0 -1 3 417.6 0.0 -21 152 0.26499199867248535 9
1 -1 3 402.26 0 -20 130 0.24704504013061523 9
random:9T:600
0 -1 3 610.88 0 -14 152 0.5243752002716064 9
1 -1 3 560.99 0 -10 130 0.4507458209991455 9
random:9T:900
0 -1 3 746.6 0 -12 152 0.728687047958374 9
1 -1 3 706.81 0 -6 130 0.688817024230957 9
random:9T:1200
0 -1 3 888.89 0 -9 152 1.0374698638916016 9
1 -1 3 805.25 0 -6 130 0.9117648601531982 9
random:9T:1500
0 -1 3 950.22 0 -9 152 1.2889699935913086 9
1 -1 3 848.36 0 -3 130 1.177513837814331 9
