random:0T:300
0 -1 3 529.34 0 -2 85 0.13666081428527832 0
1 -1 3 432.39 0.0 -3 99 0.18311285972595215 0
2 -1 3 477.8 0 -2 95 0.1769850254058838 0
random:0T:600
0 -1 3 755.59 323.08000000000004 -1 85 0.28365588188171387 0
1 -1 3 612.19 278.94 -2 99 0.3723421096801758 0
2 -1 3 669.47 0 -1 95 0.34897398948669434 0
random:0T:900
0 -1 3 918.24 455.8299999999999 -1 85 0.4309728145599365 0
1 -1 3 757.71 278.94 -2 99 0.5878808498382568 0
2 -1 3 825.29 371.57 -1 95 0.5264601707458496 0
random:0T:1200
0 -1 3 1098.64 464.88 -2 85 0.5799140930175781 0
1 -1 3 877.73 417.79 -1 99 0.7556569576263428 0
2 -1 3 956.54 371.57 -1 95 0.6932852268218994 0
random:0T:1500
0 -1 3 1164.46 464.88 -2 85 0.7317330837249756 0
1 -1 3 917.18 417.79 -1 99 0.9417750835418701 0
2 -1 3 1004.13 371.57 -1 95 0.8379459381103516 0
random:1T:300
0 -1 3 569.75 199.23 -1 61 0.09591007232666016 1
1 -1 3 413.07 0 -9 122 0.25502991676330566 1
2 -1 3 457.96 0 -1 93 0.1602950096130371 1
random:1T:600
0 -1 3 850.04 350.97 -1 61 0.22170591354370117 1
1 -1 3 593.97 271.04 -2 122 0.5011169910430908 1
2 -1 3 648.8 279.63 -2 93 0.3525359630584717 1
random:1T:900
0 -1 3 1080.06 458.84 -1 61 0.34101414680480957 1
1 -1 3 733.02 394.03 -2 122 0.7139689922332764 1
2 -1 3 804.71 279.63 -2 93 0.5300240516662598 1
random:1T:1200
0 -1 3 1273.56 571.0999999999999 -1 61 0.4689168930053711 1
1 -1 3 831.72 486.83 -1 122 0.9597668647766113 1
2 -1 3 904.96 549.9100000000001 -1 93 0.6793332099914551 1
random:1T:1500
0 -1 3 1363.99 571.0999999999999 -1 61 0.5945849418640137 1
1 -1 3 876.48 504.28 -1 122 1.1944739818572998 1
2 -1 3 959.96 549.9100000000001 -1 93 0.9196479320526123 1
random:2T:300
0 -1 3 600.39 283.45 -1 52 0.10742497444152832 2
1 -1 3 513.45 0 -1 80 0.16144514083862305 2
2 -1 3 518.36 199.19 -1 77 0.11323809623718262 2
random:2T:600
0 -1 3 810.65 409.05 -1 52 0.19813108444213867 2
1 -1 3 676.56 0 -1 80 0.30423974990844727 2
2 -1 3 742.86 401.7 -1 77 0.265139102935791 2
random:2T:900
0 -1 3 1006.61 533.99 -1 52 0.3139069080352783 2
1 -1 3 822.58 399.23 -1 80 0.44237399101257324 2
2 -1 3 939.64 511.38 -1 77 0.4159836769104004 2
random:2T:1200
0 -1 3 1151.33 605.38 -1 52 0.3808600902557373 2
1 -1 3 947.67 399.23 -1 80 0.6078689098358154 2
2 -1 3 1080.25 594.75 -1 77 0.5245771408081055 2
random:2T:1500
0 -1 3 1203.07 653.81 -1 52 0.4783627986907959 2
1 -1 3 991.28 399.23 -1 80 0.7373497486114502 2
2 -1 3 1157.45 594.75 -1 77 0.6742489337921143 2
random:3T:300
0 -1 3 458.64 119.61 -1 97 0.18111300468444824 3
1 -1 3 529.61 241.67 -1 94 0.16081595420837402 3
2 -1 3 482.2 260.15 -1 86 0.12966012954711914 3
random:3T:600
0 -1 3 637.96 277.34 -1 97 0.3928558826446533 3
1 -1 3 736.72 283.0 -1 94 0.3234131336212158 3
2 -1 3 671.56 369.61 -1 86 0.29445719718933105 3
random:3T:900
0 -1 3 783.9 434.19 -1 97 0.5498149394989014 3
1 -1 3 931.11 283.0 -1 94 0.4708058834075928 3
2 -1 3 841.64 481.29999999999995 -2 86 0.4294469356536865 3
random:3T:1200
0 -1 3 902.03 508.5 -1 97 0.728193998336792 3
1 -1 3 1085.66 413.75 -1 94 0.6150217056274414 3
2 -1 3 971.41 610.8000000000001 -1 86 0.5865726470947266 3
random:3T:1500
0 -1 3 936.13 555.8299999999999 -1 97 0.9604408740997314 3
1 -1 3 1150.66 413.75 -1 94 0.8161602020263672 3
2 -1 3 1016.55 610.8000000000001 -1 86 0.694688081741333 3
random:4T:300
0 -1 3 470.42 199.27 -1 97 0.17397189140319824 4
1 -1 3 462.95 278.87 -2 93 0.1425011157989502 4
2 -1 3 571.23 199.15 -1 85 0.1563570499420166 4
random:4T:600
0 -1 3 630.87 277.49 -1 97 0.3337528705596924 4
1 -1 3 648.47 283.26 -1 93 0.2987692356109619 4
2 -1 3 756.65 417.58000000000004 -1 85 0.29631614685058594 4
random:4T:900
0 -1 3 776.88 403.93 -1 97 0.5215539932250977 4
1 -1 3 811.93 385.1 -1 93 0.4605672359466553 4
2 -1 3 973.74 466.36 -2 85 0.4464437961578369 4
random:4T:1200
0 -1 3 898.66 586.2 -1 97 0.7159309387207031 4
1 -1 3 919.34 515.14 -1 93 0.6264069080352783 4
2 -1 3 1127.09 523.28 -1 85 0.5801990032196045 4
random:4T:1500
0 -1 3 937.13 586.2 -1 97 0.8901302814483643 4
1 -1 3 964.58 577.27 -1 93 0.7739489078521729 4
2 -1 3 1208.42 605.02 -1 85 0.7470762729644775 4
random:5T:300
0 -1 3 521.85 119.51 -1 77 0.12459683418273926 5
1 -1 3 483.5 0.0 -1 95 0.12512421607971191 5
2 -1 3 524.97 282.4 -2 74 0.13147187232971191 5
random:5T:600
0 -1 3 730.39 395.78999999999996 -1 77 0.24653220176696777 5
1 -1 3 726.3 277.56 -2 95 0.27326488494873047 5
2 -1 3 719.31 459.04 -2 74 0.26474475860595703 5
random:5T:900
0 -1 3 904.56 509.53999999999996 -1 77 0.38193583488464355 5
1 -1 3 937.36 422.51 -2 95 0.4185967445373535 5
2 -1 3 890.73 680.01 -1 74 0.38823485374450684 5
random:5T:1200
0 -1 3 1059.19 634.68 -1 77 0.523298978805542 5
1 -1 3 1097.71 520.6700000000001 -2 95 0.5655169486999512 5
2 -1 3 1006.84 732.8 -1 74 0.511854887008667 5
random:5T:1500
0 -1 3 1122.41 695.07 -1 77 0.6543030738830566 5
1 -1 3 1168.58 520.6700000000001 -2 95 0.7130482196807861 5
2 -1 3 1052.18 849.78 -2 74 0.6412396430969238 5
random:6T:300
0 -1 3 520.73 0 -4 80 0.09335112571716309 6
1 -1 3 478.1 267.58000000000004 -1 78 0.11348891258239746 6
2 -1 3 488.39 0 -3 86 0.13877487182617188 6
random:6T:600
0 -1 3 777.11 403.13 -2 80 0.21117401123046875 6
1 -1 3 685.45 454.23 -2 78 0.24201488494873047 6
2 -1 3 685.13 403.13 -1 86 0.2750210762023926 6
random:6T:900
0 -1 3 1000.79 446.54 -2 80 0.33429789543151855 6
1 -1 3 861.22 659.1 -2 78 0.3848907947540283 6
2 -1 3 826.87 513.11 -2 86 0.4228086471557617 6
random:6T:1200
0 -1 3 1161.81 496.29 -2 80 0.46750307083129883 6
1 -1 3 998.13 817.9200000000001 -2 78 0.5228679180145264 6
2 -1 3 964.77 593.06 -2 86 0.5747251510620117 6
random:6T:1500
0 -1 3 1237.6 559.62 -2 80 0.586327075958252 6
1 -1 3 1047.48 890.26 -2 78 0.651282787322998 6
2 -1 3 1014.59 593.06 -2 86 0.7208843231201172 6
random:7T:300
0 -1 3 468.61 0 -4 99 0.11707210540771484 7
1 -1 3 445.77 0 -3 90 0.12687206268310547 7
2 -1 3 439.06 0.0 -7 89 0.12928199768066406 7
random:7T:600
0 -1 3 733.73 282.78 -1 99 0.2671189308166504 7
1 -1 3 622.05 0 -2 90 0.26683592796325684 7
2 -1 3 648.01 0 -1 89 0.2730870246887207 7
random:7T:900
0 -1 3 906.01 317.21 -1 99 0.4131178855895996 7
1 -1 3 759.91 0 -1 90 0.4049956798553467 7
2 -1 3 802.16 392.94 -1 89 0.4170238971710205 7
random:7T:1200
0 -1 3 1073.87 317.21000000000004 -1 99 0.5681767463684082 7
1 -1 3 874.13 0 -1 90 0.5594470500946045 7
2 -1 3 909.88 392.94 -1 89 0.5503208637237549 7
random:7T:1500
0 -1 3 1153.59 445.86 -1 99 0.7053298950195312 7
1 -1 3 921.18 0 -1 90 0.6795289516448975 7
2 -1 3 960.03 426.52 -1 89 0.6750547885894775 7
random:8T:300
0 -1 3 590.56 283.63 -1 52 0.07730484008789062 8
1 -1 3 422.13 0 -11 124 0.1502978801727295 8
2 -1 3 394.21 0 -8 100 0.11897706985473633 8
random:8T:600
0 -1 3 818.64 509.15 -1 52 0.15385985374450684 8
1 -1 3 634.81 280.68 -2 124 0.31448984146118164 8
2 -1 3 581.05 270.61 -2 100 0.24463105201721191 8
random:8T:900
0 -1 3 1013.03 609.05 -1 52 0.24273920059204102 8
1 -1 3 804.27 418.6 -2 124 0.45947694778442383 8
2 -1 3 734.61 383.02 -2 100 0.3854529857635498 8
random:8T:1200
0 -1 3 1160.28 712.58 -1 52 0.3265688419342041 8
1 -1 3 929.16 418.6 -2 124 0.6172091960906982 8
2 -1 3 831.06 480.15000000000003 -2 100 0.5139331817626953 8
random:8T:1500
0 -1 3 1221.35 738.89 -1 52 0.37555980682373047 8
1 -1 3 998.76 418.6 -2 124 0.7947499752044678 8
2 -1 3 871.71 507.37 -2 100 0.6504807472229004 8
random:9T:300
0 -1 3 496.47 0 -8 118 0.15424299240112305 9
1 -1 3 469.26 0 -7 91 0.10908007621765137 9
2 -1 3 515.72 0 -1 73 0.09939289093017578 9
random:9T:600
0 -1 3 697.49 0 -4 118 0.30662012100219727 9
1 -1 3 660.63 271.13 -2 91 0.23035216331481934 9
2 -1 3 717.55 274.31 -1 73 0.210784912109375 9
random:9T:900
0 -1 3 888.09 0 -3 118 0.45926499366760254 9
1 -1 3 814.16 271.13 -1 91 0.3428480625152588 9
2 -1 3 876.59 438.59 -1 73 0.314863920211792 9
random:9T:1200
0 -1 3 1043.78 0 -3 118 0.6124591827392578 9
1 -1 3 934.94 271.13 -1 91 0.4627261161804199 9
2 -1 3 1007.0 556.38 -1 73 0.42514586448669434 9
random:9T:1500
0 -1 3 1113.62 0 -3 118 0.7712481021881104 9
1 -1 3 982.98 271.13 -1 91 0.5773639678955078 9
2 -1 3 1052.26 568.21 -1 73 0.5157101154327393 9
