random:0T:300
0 -1 3 488.43 0 -2 91 0.15143132209777832 0
1 -1 3 455.04 0 -3 93 0.19260001182556152 0
2 -1 3 477.8 0 -2 95 0.1851029396057129 0
random:0T:600
0 -1 3 722.11 278.21 -1 91 0.34799909591674805 0
1 -1 3 628.82 255.06 -1 93 0.37520790100097656 0
2 -1 3 669.47 0 -1 95 0.38231611251831055 0
random:0T:900
0 -1 3 893.54 417.61 -1 91 0.5286190509796143 0
1 -1 3 765.95 255.06 -1 93 0.6208949089050293 0
2 -1 3 825.29 371.57 -1 95 0.5815889835357666 0
random:0T:1200
0 -1 3 1039.5 516.15 -1 91 0.7165791988372803 0
1 -1 3 890.32 255.06 -1 93 0.8682711124420166 0
2 -1 3 956.54 371.57 -1 95 0.7546780109405518 0
random:0T:1500
0 -1 3 1117.39 578.58 -2 91 0.9085872173309326 0
1 -1 3 932.89 328.61 -1 93 0.9620881080627441 0
2 -1 3 1004.13 371.57 -1 95 0.9122581481933594 0
random:1T:300
0 -1 3 563.09 0 -1 66 0.10492587089538574 1
1 -1 3 428.96 0 -7 117 0.22679495811462402 1
2 -1 3 457.96 0 -1 93 0.16795992851257324 1
random:1T:600
0 -1 3 831.79 269.0 -1 66 0.2236328125 1
1 -1 3 601.42 267.19 -1 117 0.4961390495300293 1
2 -1 3 648.8 279.63 -2 93 0.3519320487976074 1
random:1T:900
0 -1 3 1046.93 269.0 -1 66 0.369128942489624 1
1 -1 3 734.27 394.67999999999995 -1 117 0.6488659381866455 1
2 -1 3 804.71 279.63 -2 93 0.4849562644958496 1
random:1T:1200
0 -1 3 1218.05 269.0 -1 66 0.4542720317840576 1
1 -1 3 833.2 394.67999999999995 -1 117 0.850909948348999 1
2 -1 3 904.96 549.9100000000001 -1 93 0.659416675567627 1
random:1T:1500
0 -1 3 1301.08 269.0 -1 66 0.5754148960113525 1
1 -1 3 879.07 482.37999999999994 -1 117 1.0797581672668457 1
2 -1 3 959.96 549.9100000000001 -1 93 0.8032197952270508 1
random:2T:300
0 -1 3 572.91 282.45 -1 65 0.10637593269348145 2
1 -1 3 537.54 278.59000000000003 -1 70 0.10372400283813477 2
2 -1 3 534.38 199.22 -1 74 0.09250473976135254 2
random:2T:600
0 -1 3 763.06 432.48 -1 65 0.2046520709991455 2
1 -1 3 718.68 381.99 -1 70 0.21761107444763184 2
2 -1 3 755.84 282.84 -1 74 0.20325231552124023 2
random:2T:900
0 -1 3 943.03 566.35 -1 65 0.31020307540893555 2
1 -1 3 879.95 509.28999999999996 -1 70 0.33063507080078125 2
2 -1 3 959.09 507.29 -1 74 0.3159959316253662 2
random:2T:1200
0 -1 3 1090.24 646.99 -2 65 0.40790319442749023 2
1 -1 3 1013.98 604.91 -1 70 0.45027899742126465 2
2 -1 3 1102.12 594.47 -1 74 0.4226219654083252 2
random:2T:1500
0 -1 3 1132.44 685.4 -2 65 0.5058610439300537 2
1 -1 3 1055.46 660.71 -1 70 0.5590288639068604 2
2 -1 3 1174.17 594.47 -1 74 0.546638011932373 2
random:3T:300
0 -1 3 458.64 119.61 -1 97 0.14762020111083984 3
1 -1 3 529.61 241.67 -1 94 0.13749027252197266 3
2 -1 3 482.2 260.15 -1 86 0.1079869270324707 3
random:3T:600
0 -1 3 637.96 277.34 -1 97 0.30019187927246094 3
1 -1 3 736.72 283.0 -1 94 0.2596859931945801 3
2 -1 3 671.56 369.61 -1 86 0.24089384078979492 3
random:3T:900
0 -1 3 783.9 434.19 -1 97 0.4581880569458008 3
1 -1 3 931.11 283.0 -1 94 0.38675618171691895 3
2 -1 3 841.64 481.29999999999995 -2 86 0.3622431755065918 3
random:3T:1200
0 -1 3 902.03 508.5 -1 97 0.61055588722229 3
1 -1 3 1085.66 413.75 -1 94 0.5157749652862549 3
2 -1 3 971.41 610.8000000000001 -1 86 0.481597900390625 3
random:3T:1500
0 -1 3 936.13 555.8299999999999 -1 97 0.768563985824585 3
1 -1 3 1150.66 413.75 -1 94 0.6360089778900146 3
2 -1 3 1016.55 610.8000000000001 -1 86 0.5877351760864258 3
random:4T:300
0 -1 3 470.42 199.27 -1 97 0.15472888946533203 4
1 -1 3 462.95 278.87 -2 93 0.12572979927062988 4
2 -1 3 571.23 199.15 -1 85 0.13565993309020996 4
random:4T:600
0 -1 3 630.87 277.49 -1 97 0.2958090305328369 4
1 -1 3 648.47 283.26 -1 93 0.263369083404541 4
2 -1 3 756.65 417.58000000000004 -1 85 0.2581369876861572 4
random:4T:900
0 -1 3 776.88 403.93 -1 97 0.4466288089752197 4
1 -1 3 811.93 385.1 -1 93 0.40538501739501953 4
2 -1 3 973.74 466.36 -2 85 0.3758120536804199 4
random:4T:1200
0 -1 3 898.66 586.2 -1 97 0.6169760227203369 4
1 -1 3 919.34 515.14 -1 93 0.5331189632415771 4
2 -1 3 1127.09 523.28 -1 85 0.5047597885131836 4
random:4T:1500
0 -1 3 937.13 586.2 -1 97 0.7656559944152832 4
1 -1 3 964.58 577.27 -1 93 0.6589798927307129 4
2 -1 3 1208.42 605.02 -1 85 0.6380443572998047 4
random:5T:300
0 -1 3 524.68 254.14 -1 84 0.12214493751525879 5
1 -1 3 483.5 0.0 -1 95 0.10503816604614258 5
2 -1 3 546.77 380.63 -2 67 0.10108518600463867 5
random:5T:600
0 -1 3 710.86 369.83 -1 84 0.2446129322052002 5
1 -1 3 726.3 277.56 -2 95 0.23174810409545898 5
2 -1 3 746.18 460.86 -2 67 0.21261000633239746 5
random:5T:900
0 -1 3 890.67 514.12 -2 84 0.3617069721221924 5
1 -1 3 937.36 422.51 -2 95 0.35677599906921387 5
2 -1 3 930.26 796.78 -2 67 0.3125948905944824 5
random:5T:1200
0 -1 3 1022.98 593.3900000000001 -2 84 0.47703099250793457 5
1 -1 3 1097.71 520.6700000000001 -2 95 0.48957395553588867 5
2 -1 3 1057.44 831.54 -2 67 0.4009590148925781 5
random:5T:1500
0 -1 3 1073.37 607.44 -2 84 0.6057150363922119 5
1 -1 3 1168.58 520.6700000000001 -2 95 0.6058900356292725 5
2 -1 3 1104.19 831.54 -2 67 0.5072550773620605 5
random:6T:300
0 -1 3 520.73 0 -4 80 0.08199000358581543 6
1 -1 3 478.1 267.58000000000004 -1 78 0.10468006134033203 6
2 -1 3 488.39 0 -3 86 0.1602003574371338 6
random:6T:600
0 -1 3 777.11 403.13 -2 80 0.1815471649169922 6
1 -1 3 685.45 454.23 -2 78 0.2115478515625 6
2 -1 3 685.13 403.13 -1 86 0.24062204360961914 6
random:6T:900
0 -1 3 1000.79 446.54 -2 80 0.2962679862976074 6
1 -1 3 861.22 659.1 -2 78 0.3253669738769531 6
2 -1 3 826.87 513.11 -2 86 0.3566431999206543 6
random:6T:1200
0 -1 3 1161.81 496.29 -2 80 0.40484023094177246 6
1 -1 3 998.13 817.9200000000001 -2 78 0.440004825592041 6
2 -1 3 964.77 593.06 -2 86 0.49677491188049316 6
random:6T:1500
0 -1 3 1237.6 559.62 -2 80 0.4948699474334717 6
1 -1 3 1047.48 890.26 -2 78 0.5514910221099854 6
2 -1 3 1014.59 593.06 -2 86 0.6033310890197754 6
random:7T:300
0 -1 3 468.61 0 -4 99 0.10131359100341797 7
1 -1 3 445.77 0 -3 90 0.11008596420288086 7
2 -1 3 439.06 0.0 -7 89 0.1106560230255127 7
random:7T:600
0 -1 3 733.73 282.78 -1 99 0.23270511627197266 7
1 -1 3 622.05 0 -2 90 0.24008512496948242 7
2 -1 3 648.01 0 -1 89 0.2391510009765625 7
random:7T:900
0 -1 3 906.01 317.21 -1 99 0.3593909740447998 7
1 -1 3 759.91 0 -1 90 0.35938000679016113 7
2 -1 3 802.16 392.94 -1 89 0.36014795303344727 7
random:7T:1200
0 -1 3 1073.87 317.21000000000004 -1 99 0.49376678466796875 7
1 -1 3 874.13 0 -1 90 0.492556095123291 7
2 -1 3 909.88 392.94 -1 89 0.48377132415771484 7
random:7T:1500
0 -1 3 1153.59 445.86 -1 99 0.6600539684295654 7
1 -1 3 921.18 0 -1 90 0.6372900009155273 7
2 -1 3 960.03 426.52 -1 89 0.6007261276245117 7
random:8T:300
0 -1 3 569.65 335.44 -1 60 0.086669921875 8
1 -1 3 451.07 0 -11 117 0.14426612854003906 8
2 -1 3 435.51 0 -4 99 0.12155604362487793 8
random:8T:600
0 -1 3 779.3 468.98 -1 60 0.17224383354187012 8
1 -1 3 651.52 276.06 -4 117 0.3073441982269287 8
2 -1 3 605.7 0 -1 99 0.24357390403747559 8
random:8T:900
0 -1 3 962.48 585.67 -1 60 0.24344897270202637 8
1 -1 3 826.82 421.89 -4 117 0.42954087257385254 8
2 -1 3 732.54 229.09 -1 99 0.37024474143981934 8
random:8T:1200
0 -1 3 1102.11 724.71 -1 60 0.32761693000793457 8
1 -1 3 981.97 426.13 -1 117 0.5849473476409912 8
2 -1 3 832.53 229.09 -1 99 0.4924778938293457 8
random:8T:1500
0 -1 3 1162.44 735.2499999999999 -1 60 0.4242219924926758 8
1 -1 3 1039.75 426.13 -1 117 0.7123618125915527 8
2 -1 3 877.56 229.09 -1 99 0.6102797985076904 8
random:9T:300
0 -1 3 496.47 0 -8 118 0.15911078453063965 9
1 -1 3 469.26 0 -7 91 0.11024117469787598 9
2 -1 3 515.72 0 -1 73 0.09991812705993652 9
random:9T:600
0 -1 3 697.49 0 -4 118 0.29265785217285156 9
1 -1 3 660.63 271.13 -2 91 0.23608899116516113 9
2 -1 3 717.55 274.31 -1 73 0.20639801025390625 9
random:9T:900
0 -1 3 888.09 0 -3 118 0.44534778594970703 9
1 -1 3 814.16 271.13 -1 91 0.3447082042694092 9
2 -1 3 876.59 438.59 -1 73 0.3029310703277588 9
random:9T:1200
0 -1 3 1043.78 0 -3 118 0.5663712024688721 9
1 -1 3 934.94 271.13 -1 91 0.5066678524017334 9
2 -1 3 1007.0 556.38 -1 73 0.41382598876953125 9
random:9T:1500
0 -1 3 1113.62 0 -3 118 0.7531468868255615 9
1 -1 3 982.98 271.13 -1 91 0.5767450332641602 9
2 -1 3 1052.26 568.21 -1 73 0.4966611862182617 9
