random:0T:300
0 -1 3 537.04 248.76999999999998 -1 80 0.18025708198547363 0
1 -1 3 443.96 0 -5 104 0.2793300151824951 0
2 -1 3 477.8 0 -2 95 0.23668694496154785 0
random:0T:600
0 -1 3 750.41 330.09 -1 80 0.3776979446411133 0
1 -1 3 608.72 271.57 -2 104 0.5720090866088867 0
2 -1 3 669.47 0 -1 95 0.5233480930328369 0
random:0T:900
0 -1 3 961.52 462.89 -2 80 0.6689159870147705 0
1 -1 3 757.3 392.97 -2 104 0.8573398590087891 0
2 -1 3 825.29 371.57 -1 95 0.7407541275024414 0
random:0T:1200
0 -1 3 1131.83 568.75 -2 80 0.8027410507202148 0
1 -1 3 870.66 445.14 -1 104 1.1479601860046387 0
2 -1 3 956.54 371.57 -1 95 0.9270341396331787 0
random:0T:1500
0 -1 3 1187.61 568.75 -2 80 1.0743207931518555 0
1 -1 3 912.87 445.14 -1 104 1.406019926071167 0
2 -1 3 1004.13 371.57 -1 95 1.2019720077514648 0
random:1T:300
0 -1 3 601.87 252.97 -1 58 0.10197997093200684 1
1 -1 3 395.6 0 -11 125 0.25054001808166504 1
2 -1 3 457.96 0 -1 93 0.17388081550598145 1
random:1T:600
0 -1 3 873.53 435.15999999999997 -2 58 0.23238205909729004 1
1 -1 3 588.21 269.93 -2 125 0.49019384384155273 1
2 -1 3 648.8 279.63 -2 93 0.341033935546875 1
random:1T:900
0 -1 3 1101.62 525.44 -2 58 0.33087778091430664 1
1 -1 3 713.53 399.71 -1 125 0.7427940368652344 1
2 -1 3 804.71 279.63 -2 93 0.5123672485351562 1
random:1T:1200
0 -1 3 1315.55 589.76 -2 58 0.44091796875 1
1 -1 3 813.62 411.78 -2 125 1.0007731914520264 1
2 -1 3 904.96 549.9100000000001 -1 93 0.6973559856414795 1
random:1T:1500
0 -1 3 1406.94 589.76 -2 58 0.6015479564666748 1
1 -1 3 854.81 500.15000000000003 -1 125 1.215061902999878 1
2 -1 3 959.96 549.9100000000001 -1 93 0.8506979942321777 1
random:2T:300
0 -1 3 619.42 347.35 -1 41 0.09279489517211914 2
1 -1 3 499.9 119.63 -1 91 0.1908431053161621 2
2 -1 3 518.36 199.19 -1 77 0.14038515090942383 2
random:2T:600
0 -1 3 867.37 458.61 -1 41 0.16731977462768555 2
1 -1 3 670.88 389.5 -1 91 0.34740614891052246 2
2 -1 3 742.86 401.7 -1 77 0.2504558563232422 2
random:2T:900
0 -1 3 1066.75 596.88 -1 41 0.23940300941467285 2
1 -1 3 815.89 525.14 -1 91 0.5253961086273193 2
2 -1 3 939.64 511.38 -1 77 0.4080359935760498 2
random:2T:1200
0 -1 3 1228.8 675.71 -1 41 0.33208298683166504 2
1 -1 3 921.69 631.24 -2 91 0.7095558643341064 2
2 -1 3 1080.25 594.75 -1 77 0.5686030387878418 2
random:2T:1500
0 -1 3 1297.84 737.6999999999999 -1 41 0.402040958404541 2
1 -1 3 965.82 649.78 -1 91 0.8852288722991943 2
2 -1 3 1157.45 594.75 -1 77 0.7426869869232178 2
random:3T:300
0 -1 3 458.64 119.61 -1 97 0.19562983512878418 3
1 -1 3 529.61 241.67 -1 94 0.19419097900390625 3
2 -1 3 482.2 260.15 -1 86 0.1480090618133545 3
random:3T:600
0 -1 3 637.96 277.34 -1 97 0.443479061126709 3
1 -1 3 736.72 283.0 -1 94 0.3692469596862793 3
2 -1 3 671.56 369.61 -1 86 0.3250010013580322 3
random:3T:900
0 -1 3 783.9 434.19 -1 97 0.6079301834106445 3
1 -1 3 931.11 283.0 -1 94 0.5632128715515137 3
2 -1 3 841.64 481.29999999999995 -2 86 0.48807573318481445 3
random:3T:1200
0 -1 3 902.03 508.5 -1 97 0.8438198566436768 3
1 -1 3 1085.66 413.75 -1 94 0.7413008213043213 3
2 -1 3 971.41 610.8000000000001 -1 86 0.7204229831695557 3
random:3T:1500
0 -1 3 936.13 555.8299999999999 -1 97 1.019974946975708 3
1 -1 3 1150.66 413.75 -1 94 0.8756799697875977 3
2 -1 3 1016.55 610.8000000000001 -1 86 0.8411061763763428 3
random:4T:300
0 -1 3 470.42 199.27 -1 97 0.2099142074584961 4
1 -1 3 462.95 278.87 -2 93 0.1826941967010498 4
2 -1 3 571.23 199.15 -1 85 0.19151592254638672 4
random:4T:600
0 -1 3 630.87 277.49 -1 97 0.3992588520050049 4
1 -1 3 648.47 283.26 -1 93 0.3726358413696289 4
2 -1 3 756.65 417.58000000000004 -1 85 0.35747814178466797 4
random:4T:900
0 -1 3 776.88 403.93 -1 97 0.6068940162658691 4
1 -1 3 811.93 385.1 -1 93 0.5611109733581543 4
2 -1 3 973.74 466.36 -2 85 0.5140879154205322 4
random:4T:1200
0 -1 3 898.66 586.2 -1 97 0.8432271480560303 4
1 -1 3 919.34 515.14 -1 93 0.7466490268707275 4
2 -1 3 1127.09 523.28 -1 85 0.7098598480224609 4
random:4T:1500
0 -1 3 937.13 586.2 -1 97 1.0890247821807861 4
1 -1 3 964.58 577.27 -1 93 0.9635577201843262 4
2 -1 3 1208.42 605.02 -1 85 0.8604252338409424 4
random:5T:300
0 -1 3 560.45 266.68 -1 58 0.12197709083557129 5
1 -1 3 437.57 0 -8 102 0.15987205505371094 5
2 -1 3 486.34 0.0 -1 86 0.1577012538909912 5
random:5T:600
0 -1 3 779.11 455.54999999999995 -1 58 0.2363758087158203 5
1 -1 3 691.61 268.93 -2 102 0.3619229793548584 5
2 -1 3 695.09 380.65 -2 86 0.3756098747253418 5
random:5T:900
0 -1 3 985.37 729.0 -1 58 0.38429903984069824 5
1 -1 3 885.13 401.46000000000004 -2 102 0.5804789066314697 5
2 -1 3 864.57 484.99 -2 86 0.5894992351531982 5
random:5T:1200
0 -1 3 1121.15 831.2100000000002 -2 58 0.5927090644836426 5
1 -1 3 1046.0 547.4300000000001 -1 102 0.7926819324493408 5
2 -1 3 978.82 599.6700000000001 -1 86 0.7668957710266113 5
random:5T:1500
0 -1 3 1189.6 906.38 -1 58 0.6545567512512207 5
1 -1 3 1113.83 566.27 -1 102 0.9824728965759277 5
2 -1 3 1035.83 728.1700000000001 -1 86 0.9007720947265625 5
random:6T:300
0 -1 3 520.73 0 -4 80 0.12125492095947266 6
1 -1 3 478.1 267.58000000000004 -1 78 0.14013075828552246 6
2 -1 3 488.39 0 -3 86 0.16874313354492188 6
random:6T:600
0 -1 3 777.11 403.13 -2 80 0.2667419910430908 6
1 -1 3 685.45 454.23 -2 78 0.30555176734924316 6
2 -1 3 685.13 403.13 -1 86 0.34935927391052246 6
random:6T:900
0 -1 3 1000.79 446.54 -2 80 0.4183781147003174 6
1 -1 3 861.22 659.1 -2 78 0.4933910369873047 6
2 -1 3 826.87 513.11 -2 86 0.5175039768218994 6
random:6T:1200
0 -1 3 1161.81 496.29 -2 80 0.5853919982910156 6
1 -1 3 998.13 817.9200000000001 -2 78 0.6321940422058105 6
2 -1 3 964.77 593.06 -2 86 0.7061843872070312 6
random:6T:1500
0 -1 3 1237.6 559.62 -2 80 0.7384817600250244 6
1 -1 3 1047.48 890.26 -2 78 0.8045921325683594 6
2 -1 3 1014.59 593.06 -2 86 0.8647012710571289 6
random:7T:300
0 -1 3 470.4 0 -5 97 0.1615309715270996 7
1 -1 3 436.08 0 -5 92 0.18097877502441406 7
2 -1 3 439.06 0.0 -7 89 0.17307710647583008 7
random:7T:600
0 -1 3 706.92 252.37 -1 97 0.34870195388793945 7
1 -1 3 618.78 262.52 -2 92 0.3689720630645752 7
2 -1 3 648.01 0 -1 89 0.3811948299407959 7
random:7T:900
0 -1 3 930.44 252.37 -1 97 0.5567660331726074 7
1 -1 3 762.09 262.52 -1 92 0.5594930648803711 7
2 -1 3 802.16 392.94 -1 89 0.5837152004241943 7
random:7T:1200
0 -1 3 1087.14 282.78 -1 97 0.7723560333251953 7
1 -1 3 878.47 402.20000000000005 -1 92 0.7679979801177979 7
2 -1 3 909.88 392.94 -1 89 0.7599151134490967 7
random:7T:1500
0 -1 3 1149.82 375.73 -1 97 0.963226318359375 7
1 -1 3 918.56 402.20000000000005 -1 92 1.0095548629760742 7
2 -1 3 960.03 426.52 -1 89 0.9220070838928223 7
random:8T:300
0 -1 3 632.47 336.74 -1 43 0.09258413314819336 8
1 -1 3 417.73 0 -11 128 0.2103409767150879 8
2 -1 3 390.54 0 -8 105 0.16197705268859863 8
random:8T:600
0 -1 3 858.28 530.03 -1 43 0.18172001838684082 8
1 -1 3 621.33 274.65 -1 128 0.4186568260192871 8
2 -1 3 578.83 0 -1 105 0.34951281547546387 8
random:8T:900
0 -1 3 1080.71 746.02 -1 43 0.2668468952178955 8
1 -1 3 798.27 424.62 -1 128 0.6320149898529053 8
2 -1 3 711.76 0 -1 105 0.5299901962280273 8
random:8T:1200
0 -1 3 1245.57 895.5699999999999 -1 43 0.3536641597747803 8
1 -1 3 924.29 424.62 -1 128 0.8504838943481445 8
2 -1 3 802.96 0 -1 105 0.7074968814849854 8
random:8T:1500
0 -1 3 1308.91 895.5699999999999 -1 43 0.427020788192749 8
1 -1 3 975.93 438.54 -2 128 1.0649821758270264 8
2 -1 3 844.26 42.06 -1 105 0.8784749507904053 8
random:9T:300
0 -1 3 496.47 0 -8 118 0.20448589324951172 9
1 -1 3 469.26 0 -7 91 0.14361882209777832 9
2 -1 3 515.72 0 -1 73 0.1297898292541504 9
random:9T:600
0 -1 3 697.49 0 -4 118 0.4157290458679199 9
1 -1 3 660.63 271.13 -2 91 0.3046000003814697 9
2 -1 3 717.55 274.31 -1 73 0.27680015563964844 9
random:9T:900
0 -1 3 888.09 0 -3 118 0.6002800464630127 9
1 -1 3 814.16 271.13 -1 91 0.4611327648162842 9
2 -1 3 876.59 438.59 -1 73 0.41608190536499023 9
random:9T:1200
0 -1 3 1043.78 0 -3 118 0.7835679054260254 9
1 -1 3 934.94 271.13 -1 91 0.6191401481628418 9
2 -1 3 1007.0 556.38 -1 73 0.5534560680389404 9
random:9T:1500
0 -1 3 1113.62 0 -3 118 1.0040850639343262 9
1 -1 3 982.98 271.13 -1 91 0.7650129795074463 9
2 -1 3 1052.26 568.21 -1 73 0.6862921714782715 9
