random:0T:300
0 -1 3 366.11 0 -28 151 0.3514690399169922 0
1 -1 3 388.46 0 -17 128 0.3951878547668457 0
random:0T:600
0 -1 3 591.42 0.0 -2 151 0.6908507347106934 0
1 -1 3 555.1 228.29000000000002 -1 128 0.657250165939331 0
random:0T:900
0 -1 3 742.78 0.0 -2 151 1.047759771347046 0
1 -1 3 688.83 397.32000000000005 -1 128 0.9215590953826904 0
random:0T:1200
0 -1 3 875.2 281.92 -1 151 1.5868349075317383 0
1 -1 3 789.37 397.74 -2 128 1.2422587871551514 0
random:0T:1500
0 -1 3 932.03 282.21 -1 151 1.7555840015411377 0
1 -1 3 833.52 492.31 -2 128 1.468790054321289 0
random:1T:300
0 -1 3 345.2 0.0 -17 140 0.188554048538208 1
1 -1 3 356.47 0 -20 136 0.27986598014831543 1
random:1T:600
0 -1 3 584.93 0 -2 140 0.4652988910675049 1
1 -1 3 558.46 0 -1 136 0.5232069492340088 1
random:1T:900
0 -1 3 742.98 243.73 -1 140 0.7090070247650146 1
1 -1 3 687.16 0 -1 136 0.7656619548797607 1
random:1T:1200
0 -1 3 861.43 243.73 -1 140 0.9702558517456055 1
1 -1 3 777.09 335.92 -1 136 1.0873737335205078 1
random:1T:1500
0 -1 3 910.19 282.76 -1 140 1.231708288192749 1
1 -1 3 820.57 335.92 -1 136 1.3094189167022705 1
random:2T:300
0 -1 3 445.83 0.0 -5 106 0.14428424835205078 2
1 -1 3 447.25 0 -6 103 0.17520999908447266 2
random:2T:600
0 -1 3 654.13 0.0 -1 106 0.3009059429168701 2
1 -1 3 638.84 296.78000000000003 -1 103 0.35645413398742676 2
random:2T:900
0 -1 3 854.38 282.23 -2 106 0.47014713287353516 2
1 -1 3 773.14 416.34000000000003 -1 103 0.5723671913146973 2
random:2T:1200
0 -1 3 982.11 282.23 -2 106 0.6557130813598633 2
1 -1 3 882.89 597.72 -2 103 0.8036167621612549 2
random:2T:1500
0 -1 3 1040.42 282.23 -2 106 0.8754210472106934 2
1 -1 3 927.48 636.1800000000001 -2 103 0.9495420455932617 2
random:3T:300
0 -1 3 367.49 0 -13 130 0.23422980308532715 3
1 -1 3 365.13 0 -29 147 0.27312207221984863 3
random:3T:600
0 -1 3 542.96 228.45 -1 130 0.4929840564727783 3
1 -1 3 587.98 0 -6 147 0.5598888397216797 3
random:3T:900
0 -1 3 685.17 394.22 -1 130 0.7509407997131348 3
1 -1 3 748.82 282.23 -1 147 0.8757200241088867 3
random:3T:1200
0 -1 3 788.44 411.97 -1 130 1.022313117980957 3
1 -1 3 874.55 282.23 -1 147 1.1787750720977783 3
random:3T:1500
0 -1 3 823.47 460.15 -1 130 1.2649550437927246 3
1 -1 3 933.39 282.23 -1 147 1.3765740394592285 3
random:4T:300
0 -1 3 365.44 0 -24 129 0.26111507415771484 4
1 -1 3 353.47 0 -26 146 0.24617218971252441 4
random:4T:600
0 -1 3 549.19 0 -1 129 0.47778916358947754 4
1 -1 3 592.0 0 -1 146 0.5421168804168701 4
random:4T:900
0 -1 3 677.13 228.63 -1 129 0.7228682041168213 4
1 -1 3 744.66 226.3 -1 146 0.8589351177215576 4
random:4T:1200
0 -1 3 778.52 228.63 -1 129 0.9845061302185059 4
1 -1 3 860.37 226.3 -1 146 1.1124050617218018 4
random:4T:1500
0 -1 3 810.64 286.46 -1 129 1.1896300315856934 4
1 -1 3 919.36 283.67 -1 146 1.4027791023254395 4
random:5T:300
0 -1 3 344.92 0 -36 121 0.19175982475280762 5
1 -1 3 388.3 0 -21 125 0.1927330493927002 5
random:5T:600
0 -1 3 583.84 270.41 -2 121 0.40731024742126465 5
1 -1 3 612.48 254.54 -1 125 0.41126394271850586 5
random:5T:900
0 -1 3 713.24 270.41 -2 121 0.6101610660552979 5
1 -1 3 795.58 426.73 -2 125 0.6057660579681396 5
random:5T:1200
0 -1 3 837.96 410.34000000000003 -2 121 0.7984178066253662 5
1 -1 3 900.56 426.72999999999996 -2 125 0.787729024887085 5
random:5T:1500
0 -1 3 884.21 410.34000000000003 -2 121 1.012037992477417 5
1 -1 3 960.66 426.72999999999996 -2 125 0.9931528568267822 5
random:6T:300
0 -1 3 387.62 0 -29 129 0.2063431739807129 6
1 -1 3 368.05 0 -20 115 0.18378520011901855 6
random:6T:600
0 -1 3 597.5 0 -5 129 0.38482189178466797 6
1 -1 3 565.57 266.15 -1 115 0.3890199661254883 6
random:6T:900
0 -1 3 778.92 0 -5 129 0.6050429344177246 6
1 -1 3 700.18 266.15 -1 115 0.5984220504760742 6
random:6T:1200
0 -1 3 922.36 0.0 -1 129 0.8207552433013916 6
1 -1 3 802.88 447.45000000000005 -2 115 0.786221981048584 6
random:6T:1500
0 -1 3 978.43 0.0 -1 129 1.04384183883667 6
1 -1 3 843.62 528.36 -2 115 0.9731731414794922 6
random:7T:300
0 -1 3 377.27 0 -24 149 0.2201690673828125 7
1 -1 3 367.73 0 -21 129 0.2059612274169922 7
random:7T:600
0 -1 3 590.17 0.0 -3 149 0.4610280990600586 7
1 -1 3 531.53 0 -2 129 0.39793992042541504 7
random:7T:900
0 -1 3 745.99 230.16 -1 149 0.6715352535247803 7
1 -1 3 672.26 249.05 -1 129 0.6212947368621826 7
random:7T:1200
0 -1 3 878.98 281.31 -1 149 0.8981528282165527 7
1 -1 3 772.57 249.05 -1 129 0.8584749698638916 7
random:7T:1500
0 -1 3 935.85 281.31 -1 149 1.1616456508636475 7
1 -1 3 800.84 296.29 -1 129 1.054908037185669 7
random:8T:300
0 -1 3 362.49 0 -16 130 0.16733813285827637 8
1 -1 3 376.98 0 -19 146 0.19121789932250977 8
random:8T:600
0 -1 3 548.44 0.0 -1 130 0.3609037399291992 8
1 -1 3 581.53 262.94 -2 146 0.3918898105621338 8
random:8T:900
0 -1 3 682.65 412.81 -2 130 0.5442602634429932 8
1 -1 3 737.02 262.94 -2 146 0.6136159896850586 8
random:8T:1200
0 -1 3 769.78 459.94000000000005 -2 130 0.7075929641723633 8
1 -1 3 852.92 380.39 -2 146 0.8078756332397461 8
random:8T:1500
0 -1 3 811.94 492.0400000000001 -1 130 0.8917632102966309 8
1 -1 3 889.38 380.39 -2 146 0.9974908828735352 8
random:9T:300
0 -1 3 417.6 0.0 -21 152 0.1982409954071045 9
1 -1 3 402.26 0 -20 130 0.19103407859802246 9
random:9T:600
0 -1 3 610.88 0 -14 152 0.3983118534088135 9
1 -1 3 560.99 0 -10 130 0.3471250534057617 9
random:9T:900
0 -1 3 746.6 0 -12 152 0.5636758804321289 9
1 -1 3 706.81 0 -6 130 0.5405488014221191 9
random:9T:1200
0 -1 3 888.89 0 -9 152 0.7854382991790771 9
1 -1 3 805.25 0 -6 130 0.7024378776550293 9
random:9T:1500
0 -1 3 950.22 0 -9 152 0.9736239910125732 9
1 -1 3 848.36 0 -3 130 0.8938508033752441 9
